   36    /NE: 1 photon emissivity coefficients/
--------------------------------------------------------------------------------
    1    1    1    1    1    1    1    1    1    1    1
--------------------------------------------------------------------------------
//#01/p00/ 00/p01/ 01/p02/ 02/p03/ 03/p04/ 04/p05/ 05/p06/ 06/p07/ 07/p08/ 08/  
      p09/ 09/p10/ 10/                                                          
--------------------------------------------------------------------------------
  305.157    6  20 /pl=01:ss= 1:pb= 1:sz= 1/type=EXCIT/ispb = t/isel =    1
 1.00E+10 1.00E+11 1.00E+12 1.00E+13 1.00E+14 1.00E+15
 5.00E+00 7.90E+00 1.25E+01 1.97E+01 3.12E+01 4.93E+01 7.80E+01 1.23E+02
 1.95E+02 3.08E+02 4.87E+02 7.70E+02 1.22E+03 1.92E+03 3.04E+03 4.81E+03
 7.60E+03 1.20E+04 1.90E+04 3.00E+04
 4.54E-14 7.46E-13 4.12E-12 1.16E-11 2.15E-11 3.09E-11 3.82E-11 4.29E-11
 4.48E-11 4.44E-11 4.27E-11 4.03E-11 3.76E-11 3.49E-11 3.22E-11 2.96E-11
 2.72E-11 2.49E-11 2.29E-11 2.10E-11
 4.54E-14 7.46E-13 4.12E-12 1.16E-11 2.15E-11 3.09E-11 3.82E-11 4.29E-11
 4.48E-11 4.44E-11 4.27E-11 4.03E-11 3.76E-11 3.49E-11 3.22E-11 2.96E-11
 2.72E-11 2.49E-11 2.29E-11 2.10E-11
 4.54E-14 7.46E-13 4.13E-12 1.16E-11 2.15E-11 3.10E-11 3.83E-11 4.29E-11
 4.48E-11 4.44E-11 4.27E-11 4.03E-11 3.76E-11 3.49E-11 3.22E-11 2.96E-11
 2.72E-11 2.49E-11 2.29E-11 2.10E-11
 4.54E-14 7.48E-13 4.15E-12 1.17E-11 2.17E-11 3.13E-11 3.86E-11 4.32E-11
 4.51E-11 4.46E-11 4.28E-11 4.04E-11 3.77E-11 3.49E-11 3.22E-11 2.96E-11
 2.72E-11 2.50E-11 2.29E-11 2.10E-11
 4.56E-14 7.54E-13 4.25E-12 1.22E-11 2.30E-11 3.33E-11 4.11E-11 4.58E-11
 4.75E-11 4.67E-11 4.46E-11 4.18E-11 3.88E-11 3.58E-11 3.29E-11 3.02E-11
 2.76E-11 2.53E-11 2.31E-11 2.12E-11
 2.18E-14 3.34E-13 1.85E-12 5.42E-12 1.07E-11 1.64E-11 2.17E-11 2.61E-11
 2.92E-11 3.11E-11 3.20E-11 3.22E-11 3.19E-11 3.11E-11 3.00E-11 2.87E-11
 2.71E-11 2.54E-11 2.37E-11 2.20E-11
  326.342    6  20 /pl=01:ss= 1:pb= 1:sz= 1/type=EXCIT/ispb = t/isel =    2
 1.00E+10 1.00E+11 1.00E+12 1.00E+13 1.00E+14 1.00E+15
 5.00E+00 7.90E+00 1.25E+01 1.97E+01 3.12E+01 4.93E+01 7.80E+01 1.23E+02
 1.95E+02 3.08E+02 4.87E+02 7.70E+02 1.22E+03 1.92E+03 3.04E+03 4.81E+03
 7.60E+03 1.20E+04 1.90E+04 3.00E+04
 1.99E-16 2.47E-15 1.07E-14 2.31E-14 3.19E-14 3.26E-14 2.75E-14 2.04E-14
 1.33E-14 7.73E-15 4.30E-15 2.35E-15 1.28E-15 6.87E-16 3.68E-16 1.97E-16
 1.05E-16 5.61E-17 2.99E-17 1.60E-17
 1.99E-16 2.48E-15 1.07E-14 2.32E-14 3.20E-14 3.26E-14 2.75E-14 2.04E-14
 1.33E-14 7.74E-15 4.31E-15 2.36E-15 1.28E-15 6.92E-16 3.72E-16 2.00E-16
 1.08E-16 5.81E-17 3.15E-17 1.73E-17
 2.01E-16 2.49E-15 1.07E-14 2.33E-14 3.22E-14 3.29E-14 2.78E-14 2.06E-14
 1.35E-14 7.90E-15 4.43E-15 2.45E-15 1.35E-15 7.44E-16 4.13E-16 2.32E-16
 1.33E-16 7.81E-17 4.75E-17 3.01E-17
 2.15E-16 2.66E-15 1.15E-14 2.50E-14 3.48E-14 3.59E-14 3.07E-14 2.32E-14
 1.55E-14 9.44E-15 5.59E-15 3.33E-15 2.02E-15 1.26E-15 8.14E-16 5.47E-16
 3.82E-16 2.76E-16 2.06E-16 1.57E-16
 3.36E-16 4.12E-15 1.78E-14 3.93E-14 5.65E-14 6.12E-14 5.56E-14 4.53E-14
 3.37E-14 2.36E-14 1.64E-14 1.16E-14 8.40E-15 6.21E-15 4.68E-15 3.59E-15
 2.80E-15 2.20E-15 1.75E-15 1.40E-15
 6.58E-16 7.02E-15 2.77E-14 5.93E-14 8.73E-14 1.02E-13 1.03E-13 9.78E-14
 8.71E-14 7.45E-14 6.28E-14 5.29E-14 4.45E-14 3.73E-14 3.11E-14 2.58E-14
 2.14E-14 1.76E-14 1.45E-14 1.20E-14
  326.807    6  20 /pl=01:ss= 1:pb= 1:sz= 1/type=EXCIT/ispb = t/isel =    3
 1.00E+10 1.00E+11 1.00E+12 1.00E+13 1.00E+14 1.00E+15
 5.00E+00 7.90E+00 1.25E+01 1.97E+01 3.12E+01 4.93E+01 7.80E+01 1.23E+02
 1.95E+02 3.08E+02 4.87E+02 7.70E+02 1.22E+03 1.92E+03 3.04E+03 4.81E+03
 7.60E+03 1.20E+04 1.90E+04 3.00E+04
 1.73E-13 2.40E-12 1.21E-11 3.28E-11 6.03E-11 8.75E-11 1.09E-10 1.24E-10
 1.31E-10 1.31E-10 1.28E-10 1.23E-10 1.17E-10 1.10E-10 1.03E-10 9.69E-11
 9.06E-11 8.46E-11 7.90E-11 7.37E-11
 1.73E-13 2.40E-12 1.21E-11 3.28E-11 6.03E-11 8.75E-11 1.09E-10 1.24E-10
 1.31E-10 1.31E-10 1.28E-10 1.23E-10 1.17E-10 1.10E-10 1.03E-10 9.69E-11
 9.06E-11 8.46E-11 7.90E-11 7.37E-11
 1.74E-13 2.41E-12 1.22E-11 3.29E-11 6.04E-11 8.76E-11 1.10E-10 1.24E-10
 1.31E-10 1.32E-10 1.28E-10 1.23E-10 1.17E-10 1.10E-10 1.03E-10 9.69E-11
 9.06E-11 8.46E-11 7.90E-11 7.37E-11
 1.82E-13 2.50E-12 1.26E-11 3.38E-11 6.17E-11 8.91E-11 1.11E-10 1.25E-10
 1.32E-10 1.32E-10 1.29E-10 1.23E-10 1.17E-10 1.10E-10 1.03E-10 9.69E-11
 9.06E-11 8.46E-11 7.89E-11 7.37E-11
 2.50E-13 3.30E-12 1.60E-11 4.14E-11 7.31E-11 1.02E-10 1.23E-10 1.36E-10
 1.40E-10 1.38E-10 1.33E-10 1.26E-10 1.19E-10 1.12E-10 1.04E-10 9.75E-11
 9.10E-11 8.48E-11 7.90E-11 7.36E-11
 4.61E-13 5.28E-12 2.29E-11 5.47E-11 9.07E-11 1.21E-10 1.40E-10 1.50E-10
 1.52E-10 1.48E-10 1.41E-10 1.33E-10 1.24E-10 1.16E-10 1.08E-10 1.00E-10
 9.30E-11 8.64E-11 8.02E-11 7.46E-11
  327.064    6  20 /pl=01:ss= 1:pb= 1:sz= 1/type=EXCIT/ispb = t/isel =    4
 1.00E+10 1.00E+11 1.00E+12 1.00E+13 1.00E+14 1.00E+15
 5.00E+00 7.90E+00 1.25E+01 1.97E+01 3.12E+01 4.93E+01 7.80E+01 1.23E+02
 1.95E+02 3.08E+02 4.87E+02 7.70E+02 1.22E+03 1.92E+03 3.04E+03 4.81E+03
 7.60E+03 1.20E+04 1.90E+04 3.00E+04
 7.68E-14 1.08E-12 5.61E-12 1.56E-11 2.95E-11 4.38E-11 5.59E-11 6.45E-11
 6.89E-11 6.92E-11 6.75E-11 6.47E-11 6.13E-11 5.78E-11 5.42E-11 5.07E-11
 4.74E-11 4.42E-11 4.12E-11 3.84E-11
 7.69E-14 1.08E-12 5.62E-12 1.56E-11 2.95E-11 4.38E-11 5.59E-11 6.45E-11
 6.89E-11 6.92E-11 6.75E-11 6.47E-11 6.13E-11 5.78E-11 5.42E-11 5.07E-11
 4.74E-11 4.42E-11 4.12E-11 3.84E-11
 7.73E-14 1.09E-12 5.64E-12 1.57E-11 2.95E-11 4.39E-11 5.60E-11 6.46E-11
 6.89E-11 6.93E-11 6.75E-11 6.47E-11 6.13E-11 5.78E-11 5.42E-11 5.07E-11
 4.74E-11 4.42E-11 4.12E-11 3.84E-11
 8.13E-14 1.14E-12 5.85E-12 1.61E-11 3.02E-11 4.47E-11 5.67E-11 6.52E-11
 6.94E-11 6.96E-11 6.77E-11 6.48E-11 6.14E-11 5.78E-11 5.42E-11 5.07E-11
 4.74E-11 4.42E-11 4.12E-11 3.84E-11
 1.14E-13 1.53E-12 7.54E-12 2.00E-11 3.62E-11 5.16E-11 6.36E-11 7.13E-11
 7.43E-11 7.34E-11 7.05E-11 6.69E-11 6.29E-11 5.88E-11 5.49E-11 5.12E-11
 4.76E-11 4.44E-11 4.13E-11 3.84E-11
 2.21E-13 2.66E-12 1.20E-11 2.97E-11 5.05E-11 6.83E-11 8.04E-11 8.66E-11
 8.74E-11 8.42E-11 7.92E-11 7.37E-11 6.82E-11 6.30E-11 5.81E-11 5.36E-11
 4.95E-11 4.57E-11 4.23E-11 3.92E-11
  327.534    6  20 /pl=01:ss= 1:pb= 1:sz= 1/type=EXCIT/ispb = t/isel =    5
 1.00E+10 1.00E+11 1.00E+12 1.00E+13 1.00E+14 1.00E+15
 5.00E+00 7.90E+00 1.25E+01 1.97E+01 3.12E+01 4.93E+01 7.80E+01 1.23E+02
 1.95E+02 3.08E+02 4.87E+02 7.70E+02 1.22E+03 1.92E+03 3.04E+03 4.81E+03
 7.60E+03 1.20E+04 1.90E+04 3.00E+04
 2.41E-13 3.38E-12 1.74E-11 4.83E-11 9.09E-11 1.35E-10 1.72E-10 1.97E-10
 2.10E-10 2.12E-10 2.08E-10 2.01E-10 1.91E-10 1.81E-10 1.71E-10 1.61E-10
 1.52E-10 1.42E-10 1.33E-10 1.25E-10
 2.41E-13 3.38E-12 1.74E-11 4.83E-11 9.09E-11 1.35E-10 1.72E-10 1.97E-10
 2.10E-10 2.12E-10 2.08E-10 2.01E-10 1.91E-10 1.81E-10 1.71E-10 1.61E-10
 1.52E-10 1.42E-10 1.33E-10 1.25E-10
 2.42E-13 3.39E-12 1.75E-11 4.84E-11 9.11E-11 1.35E-10 1.72E-10 1.97E-10
 2.10E-10 2.12E-10 2.08E-10 2.01E-10 1.91E-10 1.81E-10 1.71E-10 1.61E-10
 1.52E-10 1.42E-10 1.33E-10 1.25E-10
 2.53E-13 3.53E-12 1.81E-11 4.97E-11 9.29E-11 1.37E-10 1.74E-10 1.99E-10
 2.11E-10 2.13E-10 2.08E-10 2.01E-10 1.92E-10 1.81E-10 1.71E-10 1.61E-10
 1.51E-10 1.42E-10 1.33E-10 1.25E-10
 3.44E-13 4.58E-12 2.26E-11 5.99E-11 1.08E-10 1.55E-10 1.91E-10 2.14E-10
 2.23E-10 2.22E-10 2.15E-10 2.06E-10 1.95E-10 1.84E-10 1.73E-10 1.62E-10
 1.52E-10 1.42E-10 1.33E-10 1.25E-10
 6.28E-13 7.41E-12 3.32E-11 8.18E-11 1.39E-10 1.89E-10 2.24E-10 2.43E-10
 2.47E-10 2.42E-10 2.31E-10 2.18E-10 2.05E-10 1.91E-10 1.78E-10 1.66E-10
 1.55E-10 1.45E-10 1.35E-10 1.26E-10
  355.453    6  20 /pl=01:ss= 1:pb= 1:sz= 1/type=EXCIT/ispb = t/isel =    6
 1.00E+10 1.00E+11 1.00E+12 1.00E+13 1.00E+14 1.00E+15
 5.00E+00 7.90E+00 1.25E+01 1.97E+01 3.12E+01 4.93E+01 7.80E+01 1.23E+02
 1.95E+02 3.08E+02 4.87E+02 7.70E+02 1.22E+03 1.92E+03 3.04E+03 4.81E+03
 7.60E+03 1.20E+04 1.90E+04 3.00E+04
 3.92E-13 4.42E-12 2.00E-11 5.09E-11 9.10E-11 1.31E-10 1.63E-10 1.85E-10
 1.95E-10 1.95E-10 1.90E-10 1.82E-10 1.73E-10 1.63E-10 1.53E-10 1.44E-10
 1.35E-10 1.26E-10 1.18E-10 1.10E-10
 3.92E-13 4.43E-12 2.00E-11 5.10E-11 9.11E-11 1.31E-10 1.63E-10 1.85E-10
 1.95E-10 1.95E-10 1.90E-10 1.82E-10 1.73E-10 1.63E-10 1.53E-10 1.44E-10
 1.35E-10 1.26E-10 1.18E-10 1.10E-10
 3.96E-13 4.46E-12 2.01E-11 5.12E-11 9.14E-11 1.31E-10 1.63E-10 1.85E-10
 1.95E-10 1.95E-10 1.90E-10 1.82E-10 1.73E-10 1.63E-10 1.53E-10 1.44E-10
 1.35E-10 1.26E-10 1.18E-10 1.10E-10
 4.30E-13 4.78E-12 2.13E-11 5.37E-11 9.48E-11 1.35E-10 1.67E-10 1.88E-10
 1.97E-10 1.97E-10 1.91E-10 1.83E-10 1.73E-10 1.63E-10 1.53E-10 1.44E-10
 1.35E-10 1.26E-10 1.18E-10 1.10E-10
 6.69E-13 6.96E-12 2.93E-11 7.00E-11 1.18E-10 1.61E-10 1.92E-10 2.10E-10
 2.16E-10 2.12E-10 2.03E-10 1.92E-10 1.80E-10 1.68E-10 1.57E-10 1.47E-10
 1.37E-10 1.27E-10 1.19E-10 1.11E-10
 1.07E-12 1.01E-11 3.90E-11 8.75E-11 1.41E-10 1.84E-10 2.14E-10 2.30E-10
 2.34E-10 2.28E-10 2.17E-10 2.05E-10 1.92E-10 1.80E-10 1.67E-10 1.56E-10
 1.45E-10 1.34E-10 1.25E-10 1.16E-10
  356.146    6  20 /pl=01:ss= 1:pb= 1:sz= 1/type=EXCIT/ispb = t/isel =    7
 1.00E+10 1.00E+11 1.00E+12 1.00E+13 1.00E+14 1.00E+15
 5.00E+00 7.90E+00 1.25E+01 1.97E+01 3.12E+01 4.93E+01 7.80E+01 1.23E+02
 1.95E+02 3.08E+02 4.87E+02 7.70E+02 1.22E+03 1.92E+03 3.04E+03 4.81E+03
 7.60E+03 1.20E+04 1.90E+04 3.00E+04
 1.97E-13 2.10E-12 8.84E-12 2.08E-11 3.43E-11 4.55E-11 5.31E-11 5.71E-11
 5.79E-11 5.63E-11 5.34E-11 4.99E-11 4.61E-11 4.24E-11 3.89E-11 3.55E-11
 3.24E-11 2.96E-11 2.69E-11 2.45E-11
 1.97E-13 2.10E-12 8.85E-12 2.08E-11 3.43E-11 4.56E-11 5.32E-11 5.71E-11
 5.79E-11 5.63E-11 5.34E-11 4.99E-11 4.61E-11 4.24E-11 3.89E-11 3.55E-11
 3.24E-11 2.96E-11 2.69E-11 2.45E-11
 1.99E-13 2.13E-12 8.93E-12 2.10E-11 3.45E-11 4.58E-11 5.33E-11 5.73E-11
 5.80E-11 5.64E-11 5.34E-11 4.99E-11 4.62E-11 4.24E-11 3.89E-11 3.55E-11
 3.24E-11 2.96E-11 2.69E-11 2.45E-11
 2.59E-13 2.62E-12 1.06E-11 2.40E-11 3.83E-11 4.96E-11 5.67E-11 6.00E-11
 6.01E-11 5.79E-11 5.45E-11 5.07E-11 4.67E-11 4.28E-11 3.92E-11 3.57E-11
 3.26E-11 2.97E-11 2.70E-11 2.46E-11
 7.37E-13 5.98E-12 2.09E-11 4.26E-11 6.22E-11 7.46E-11 7.98E-11 8.00E-11
 7.66E-11 7.11E-11 6.50E-11 5.90E-11 5.33E-11 4.81E-11 4.33E-11 3.90E-11
 3.51E-11 3.17E-11 2.86E-11 2.58E-11
 7.97E-13 6.28E-12 2.13E-11 4.28E-11 6.22E-11 7.45E-11 8.00E-11 8.10E-11
 7.87E-11 7.44E-11 6.94E-11 6.43E-11 5.93E-11 5.44E-11 4.97E-11 4.53E-11
 4.11E-11 3.73E-11 3.37E-11 3.05E-11
  356.405    6  20 /pl=01:ss= 1:pb= 1:sz= 1/type=EXCIT/ispb = t/isel =    8
 1.00E+10 1.00E+11 1.00E+12 1.00E+13 1.00E+14 1.00E+15
 5.00E+00 7.90E+00 1.25E+01 1.97E+01 3.12E+01 4.93E+01 7.80E+01 1.23E+02
 1.95E+02 3.08E+02 4.87E+02 7.70E+02 1.22E+03 1.92E+03 3.04E+03 4.81E+03
 7.60E+03 1.20E+04 1.90E+04 3.00E+04
 1.73E-14 1.72E-13 6.62E-13 1.38E-12 1.95E-12 2.18E-12 2.11E-12 1.89E-12
 1.60E-12 1.31E-12 1.04E-12 8.22E-13 6.41E-13 4.96E-13 3.83E-13 2.95E-13
 2.27E-13 1.74E-13 1.34E-13 1.03E-13
 1.73E-14 1.73E-13 6.63E-13 1.38E-12 1.96E-12 2.18E-12 2.12E-12 1.89E-12
 1.60E-12 1.31E-12 1.05E-12 8.23E-13 6.42E-13 4.97E-13 3.84E-13 2.96E-13
 2.27E-13 1.75E-13 1.34E-13 1.03E-13
 1.76E-14 1.76E-13 6.74E-13 1.40E-12 1.99E-12 2.22E-12 2.15E-12 1.92E-12
 1.63E-12 1.33E-12 1.06E-12 8.35E-13 6.51E-13 5.04E-13 3.89E-13 3.00E-13
 2.30E-13 1.77E-13 1.36E-13 1.04E-13
 2.38E-14 2.29E-13 8.55E-13 1.75E-12 2.46E-12 2.72E-12 2.62E-12 2.32E-12
 1.95E-12 1.58E-12 1.25E-12 9.76E-13 7.57E-13 5.84E-13 4.49E-13 3.45E-13
 2.65E-13 2.03E-13 1.56E-13 1.20E-13
 7.33E-14 6.01E-13 2.06E-12 4.04E-12 5.56E-12 6.11E-12 5.90E-12 5.29E-12
 4.48E-12 3.64E-12 2.90E-12 2.30E-12 1.81E-12 1.42E-12 1.11E-12 8.66E-13
 6.76E-13 5.27E-13 4.10E-13 3.19E-13
 8.49E-14 6.87E-13 2.33E-12 4.61E-12 6.55E-12 7.59E-12 7.85E-12 7.62E-12
 7.07E-12 6.33E-12 5.58E-12 4.89E-12 4.26E-12 3.68E-12 3.17E-12 2.71E-12
 2.31E-12 1.96E-12 1.65E-12 1.39E-12
  356.910    6  20 /pl=01:ss= 1:pb= 1:sz= 1/type=EXCIT/ispb = t/isel =    9
 1.00E+10 1.00E+11 1.00E+12 1.00E+13 1.00E+14 1.00E+15
 5.00E+00 7.90E+00 1.25E+01 1.97E+01 3.12E+01 4.93E+01 7.80E+01 1.23E+02
 1.95E+02 3.08E+02 4.87E+02 7.70E+02 1.22E+03 1.92E+03 3.04E+03 4.81E+03
 7.60E+03 1.20E+04 1.90E+04 3.00E+04
 8.01E-13 8.68E-12 3.76E-11 9.22E-11 1.59E-10 2.20E-10 2.68E-10 2.98E-10
 3.11E-10 3.09E-10 2.99E-10 2.85E-10 2.70E-10 2.53E-10 2.37E-10 2.21E-10
 2.06E-10 1.92E-10 1.78E-10 1.66E-10
 8.02E-13 8.69E-12 3.77E-11 9.22E-11 1.59E-10 2.21E-10 2.68E-10 2.98E-10
 3.11E-10 3.09E-10 2.99E-10 2.85E-10 2.70E-10 2.53E-10 2.37E-10 2.21E-10
 2.06E-10 1.92E-10 1.78E-10 1.66E-10
 8.11E-13 8.77E-12 3.79E-11 9.28E-11 1.60E-10 2.21E-10 2.68E-10 2.98E-10
 3.11E-10 3.09E-10 3.00E-10 2.86E-10 2.70E-10 2.53E-10 2.37E-10 2.21E-10
 2.06E-10 1.92E-10 1.78E-10 1.66E-10
 9.94E-13 1.03E-11 4.32E-11 1.02E-10 1.72E-10 2.34E-10 2.80E-10 3.07E-10
 3.18E-10 3.14E-10 3.03E-10 2.88E-10 2.72E-10 2.55E-10 2.38E-10 2.22E-10
 2.06E-10 1.92E-10 1.78E-10 1.66E-10
 2.48E-12 2.11E-11 7.68E-11 1.64E-10 2.52E-10 3.18E-10 3.58E-10 3.76E-10
 3.74E-10 3.59E-10 3.38E-10 3.16E-10 2.93E-10 2.72E-10 2.51E-10 2.32E-10
 2.14E-10 1.98E-10 1.83E-10 1.69E-10
 2.97E-12 2.42E-11 8.46E-11 1.75E-10 2.64E-10 3.28E-10 3.65E-10 3.82E-10
 3.82E-10 3.69E-10 3.52E-10 3.32E-10 3.11E-10 2.91E-10 2.71E-10 2.51E-10
 2.33E-10 2.16E-10 1.99E-10 1.84E-10
  357.027    6  20 /pl=01:ss= 1:pb= 1:sz= 1/type=EXCIT/ispb = t/isel =   10
 1.00E+10 1.00E+11 1.00E+12 1.00E+13 1.00E+14 1.00E+15
 5.00E+00 7.90E+00 1.25E+01 1.97E+01 3.12E+01 4.93E+01 7.80E+01 1.23E+02
 1.95E+02 3.08E+02 4.87E+02 7.70E+02 1.22E+03 1.92E+03 3.04E+03 4.81E+03
 7.60E+03 1.20E+04 1.90E+04 3.00E+04
 1.52E-13 1.69E-12 7.73E-12 2.01E-11 3.58E-11 4.94E-11 5.76E-11 6.05E-11
 5.92E-11 5.53E-11 5.06E-11 4.57E-11 4.11E-11 3.70E-11 3.32E-11 2.97E-11
 2.67E-11 2.40E-11 2.16E-11 1.94E-11
 1.53E-13 1.69E-12 7.72E-12 2.01E-11 3.56E-11 4.91E-11 5.73E-11 6.02E-11
 5.89E-11 5.51E-11 5.04E-11 4.56E-11 4.10E-11 3.69E-11 3.31E-11 2.97E-11
 2.67E-11 2.39E-11 2.15E-11 1.94E-11
 1.54E-13 1.70E-12 7.75E-12 2.00E-11 3.54E-11 4.87E-11 5.68E-11 5.96E-11
 5.84E-11 5.47E-11 5.00E-11 4.53E-11 4.08E-11 3.67E-11 3.30E-11 2.96E-11
 2.66E-11 2.39E-11 2.15E-11 1.93E-11
 2.06E-13 2.12E-12 9.02E-12 2.21E-11 3.75E-11 5.03E-11 5.78E-11 6.01E-11
 5.86E-11 5.47E-11 5.00E-11 4.52E-11 4.07E-11 3.66E-11 3.29E-11 2.95E-11
 2.65E-11 2.38E-11 2.14E-11 1.93E-11
 6.05E-13 4.78E-12 1.66E-11 3.47E-11 5.22E-11 6.41E-11 6.94E-11 6.97E-11
 6.64E-11 6.10E-11 5.51E-11 4.95E-11 4.43E-11 3.96E-11 3.53E-11 3.15E-11
 2.82E-11 2.52E-11 2.25E-11 2.02E-11
 5.40E-13 3.88E-12 1.24E-11 2.41E-11 3.47E-11 4.17E-11 4.53E-11 4.66E-11
 4.62E-11 4.47E-11 4.27E-11 4.06E-11 3.84E-11 3.61E-11 3.37E-11 3.13E-11
 2.89E-11 2.67E-11 2.44E-11 2.23E-11
  358.464    6  20 /pl=01:ss= 1:pb= 1:sz= 1/type=EXCIT/ispb = t/isel =   11
 1.00E+10 1.00E+11 1.00E+12 1.00E+13 1.00E+14 1.00E+15
 5.00E+00 7.90E+00 1.25E+01 1.97E+01 3.12E+01 4.93E+01 7.80E+01 1.23E+02
 1.95E+02 3.08E+02 4.87E+02 7.70E+02 1.22E+03 1.92E+03 3.04E+03 4.81E+03
 7.60E+03 1.20E+04 1.90E+04 3.00E+04
 1.73E-13 1.74E-12 6.75E-12 1.42E-11 2.04E-11 2.33E-11 2.36E-11 2.23E-11
 2.04E-11 1.82E-11 1.59E-11 1.37E-11 1.17E-11 9.93E-12 8.38E-12 7.06E-12
 5.94E-12 5.00E-12 4.20E-12 3.52E-12
 1.74E-13 1.74E-12 6.76E-12 1.42E-11 2.04E-11 2.33E-11 2.36E-11 2.23E-11
 2.04E-11 1.82E-11 1.59E-11 1.37E-11 1.17E-11 9.93E-12 8.39E-12 7.07E-12
 5.94E-12 5.00E-12 4.20E-12 3.52E-12
 1.76E-13 1.76E-12 6.83E-12 1.44E-11 2.06E-11 2.35E-11 2.37E-11 2.25E-11
 2.05E-11 1.83E-11 1.60E-11 1.38E-11 1.17E-11 9.95E-12 8.40E-12 7.08E-12
 5.95E-12 5.00E-12 4.20E-12 3.53E-12
 2.50E-13 2.36E-12 8.72E-12 1.77E-11 2.47E-11 2.75E-11 2.71E-11 2.52E-11
 2.26E-11 1.98E-11 1.71E-11 1.46E-11 1.23E-11 1.04E-11 8.71E-12 7.31E-12
 6.12E-12 5.13E-12 4.29E-12 3.60E-12
 8.26E-13 6.15E-12 1.97E-11 3.68E-11 4.85E-11 5.18E-11 4.93E-11 4.44E-11
 3.86E-11 3.28E-11 2.76E-11 2.32E-11 1.94E-11 1.61E-11 1.34E-11 1.11E-11
 9.18E-12 7.57E-12 6.23E-12 5.13E-12
 6.58E-13 4.68E-12 1.45E-11 2.68E-11 3.58E-11 3.93E-11 3.90E-11 3.70E-11
 3.42E-11 3.12E-11 2.83E-11 2.57E-11 2.33E-11 2.11E-11 1.90E-11 1.70E-11
 1.51E-11 1.33E-11 1.17E-11 1.03E-11
  361.772    6  20 /pl=01:ss= 1:pb= 1:sz= 1/type=EXCIT/ispb = t/isel =   12
 1.00E+10 1.00E+11 1.00E+12 1.00E+13 1.00E+14 1.00E+15
 5.00E+00 7.90E+00 1.25E+01 1.97E+01 3.12E+01 4.93E+01 7.80E+01 1.23E+02
 1.95E+02 3.08E+02 4.87E+02 7.70E+02 1.22E+03 1.92E+03 3.04E+03 4.81E+03
 7.60E+03 1.20E+04 1.90E+04 3.00E+04
 1.04E-13 1.27E-12 5.82E-12 1.41E-11 2.27E-11 2.83E-11 3.01E-11 2.89E-11
 2.61E-11 2.28E-11 1.95E-11 1.65E-11 1.40E-11 1.18E-11 9.95E-12 8.43E-12
 7.17E-12 6.12E-12 5.25E-12 4.52E-12
 1.04E-13 1.27E-12 5.81E-12 1.41E-11 2.27E-11 2.82E-11 3.00E-11 2.89E-11
 2.61E-11 2.28E-11 1.95E-11 1.65E-11 1.40E-11 1.18E-11 9.95E-12 8.43E-12
 7.17E-12 6.12E-12 5.25E-12 4.52E-12
 1.02E-13 1.25E-12 5.72E-12 1.38E-11 2.23E-11 2.78E-11 2.95E-11 2.84E-11
 2.58E-11 2.25E-11 1.93E-11 1.64E-11 1.38E-11 1.17E-11 9.89E-12 8.38E-12
 7.13E-12 6.09E-12 5.23E-12 4.50E-12
 9.22E-14 1.10E-12 4.94E-12 1.18E-11 1.90E-11 2.38E-11 2.55E-11 2.48E-11
 2.27E-11 2.01E-11 1.74E-11 1.50E-11 1.28E-11 1.09E-11 9.32E-12 7.96E-12
 6.82E-12 5.86E-12 5.05E-12 4.37E-12
 4.64E-14 4.84E-13 1.99E-12 4.55E-12 7.20E-12 9.09E-12 1.00E-11 1.01E-11
 9.77E-12 9.21E-12 8.54E-12 7.83E-12 7.14E-12 6.46E-12 5.83E-12 5.25E-12
 4.71E-12 4.22E-12 3.78E-12 3.39E-12
 7.75E-15 6.46E-14 2.29E-13 4.73E-13 7.01E-13 8.53E-13 9.27E-13 9.47E-13
 9.43E-13 9.32E-13 9.22E-13 9.15E-13 9.11E-13 9.09E-13 9.08E-13 9.08E-13
 9.07E-13 9.05E-13 9.02E-13 8.97E-13
  406.280    6  20 /pl=01:ss= 1:pb= 1:sz= 1/type=EXCIT/ispb = t/isel =   13
 1.00E+10 1.00E+11 1.00E+12 1.00E+13 1.00E+14 1.00E+15
 5.00E+00 7.90E+00 1.25E+01 1.97E+01 3.12E+01 4.93E+01 7.80E+01 1.23E+02
 1.95E+02 3.08E+02 4.87E+02 7.70E+02 1.22E+03 1.92E+03 3.04E+03 4.81E+03
 7.60E+03 1.20E+04 1.90E+04 3.00E+04
 8.50E-12 7.65E-11 2.89E-10 6.26E-10 9.53E-10 1.16E-09 1.23E-09 1.20E-09
 1.11E-09 9.90E-10 8.69E-10 7.58E-10 6.60E-10 5.75E-10 5.02E-10 4.39E-10
 3.85E-10 3.38E-10 2.98E-10 2.64E-10
 8.50E-12 7.65E-11 2.88E-10 6.25E-10 9.52E-10 1.16E-09 1.23E-09 1.20E-09
 1.11E-09 9.88E-10 8.68E-10 7.57E-10 6.60E-10 5.75E-10 5.01E-10 4.39E-10
 3.85E-10 3.38E-10 2.98E-10 2.64E-10
 8.50E-12 7.64E-11 2.88E-10 6.24E-10 9.49E-10 1.15E-09 1.22E-09 1.19E-09
 1.10E-09 9.84E-10 8.65E-10 7.55E-10 6.58E-10 5.73E-10 5.00E-10 4.38E-10
 3.84E-10 3.38E-10 2.98E-10 2.63E-10
 8.50E-12 7.61E-11 2.86E-10 6.16E-10 9.35E-10 1.14E-09 1.20E-09 1.18E-09
 1.09E-09 9.72E-10 8.56E-10 7.48E-10 6.52E-10 5.69E-10 4.97E-10 4.35E-10
 3.82E-10 3.36E-10 2.97E-10 2.63E-10
 8.32E-12 7.23E-11 2.65E-10 5.63E-10 8.48E-10 1.03E-09 1.10E-09 1.08E-09
 1.01E-09 9.10E-10 8.09E-10 7.13E-10 6.26E-10 5.50E-10 4.82E-10 4.24E-10
 3.74E-10 3.30E-10 2.92E-10 2.59E-10
 5.81E-12 4.24E-11 1.38E-10 2.71E-10 3.95E-10 4.81E-10 5.29E-10 5.47E-10
 5.44E-10 5.25E-10 4.99E-10 4.69E-10 4.37E-10 4.04E-10 3.72E-10 3.40E-10
 3.10E-10 2.82E-10 2.56E-10 2.32E-10
  446.367    6  20 /pl=01:ss= 1:pb= 1:sz= 1/type=EXCIT/ispb = t/isel =   14
 1.00E+10 1.00E+11 1.00E+12 1.00E+13 1.00E+14 1.00E+15
 5.00E+00 7.90E+00 1.25E+01 1.97E+01 3.12E+01 4.93E+01 7.80E+01 1.23E+02
 1.95E+02 3.08E+02 4.87E+02 7.70E+02 1.22E+03 1.92E+03 3.04E+03 4.81E+03
 7.60E+03 1.20E+04 1.90E+04 3.00E+04
 1.93E-11 1.55E-10 5.57E-10 1.20E-09 1.85E-09 2.30E-09 2.51E-09 2.52E-09
 2.39E-09 2.18E-09 1.96E-09 1.74E-09 1.55E-09 1.37E-09 1.22E-09 1.08E-09
 9.66E-10 8.64E-10 7.75E-10 6.98E-10
 1.93E-11 1.55E-10 5.57E-10 1.20E-09 1.84E-09 2.30E-09 2.51E-09 2.51E-09
 2.38E-09 2.18E-09 1.96E-09 1.74E-09 1.55E-09 1.37E-09 1.22E-09 1.08E-09
 9.66E-10 8.64E-10 7.75E-10 6.98E-10
 1.93E-11 1.55E-10 5.55E-10 1.19E-09 1.84E-09 2.29E-09 2.50E-09 2.50E-09
 2.38E-09 2.18E-09 1.95E-09 1.74E-09 1.54E-09 1.37E-09 1.22E-09 1.08E-09
 9.65E-10 8.63E-10 7.75E-10 6.97E-10
 1.91E-11 1.52E-10 5.45E-10 1.16E-09 1.79E-09 2.23E-09 2.44E-09 2.45E-09
 2.33E-09 2.14E-09 1.93E-09 1.72E-09 1.53E-09 1.36E-09 1.21E-09 1.07E-09
 9.59E-10 8.59E-10 7.71E-10 6.95E-10
 1.76E-11 1.34E-10 4.65E-10 9.79E-10 1.50E-09 1.88E-09 2.07E-09 2.11E-09
 2.04E-09 1.91E-09 1.74E-09 1.58E-09 1.42E-09 1.27E-09 1.14E-09 1.03E-09
 9.23E-10 8.31E-10 7.50E-10 6.78E-10
 1.18E-11 7.60E-11 2.36E-10 4.66E-10 7.00E-10 8.88E-10 1.01E-09 1.08E-09
 1.10E-09 1.09E-09 1.05E-09 1.01E-09 9.52E-10 8.95E-10 8.38E-10 7.82E-10
 7.27E-10 6.75E-10 6.26E-10 5.80E-10
  456.247    6  20 /pl=01:ss= 1:pb= 1:sz= 1/type=EXCIT/ispb = t/isel =   15
 1.00E+10 1.00E+11 1.00E+12 1.00E+13 1.00E+14 1.00E+15
 5.00E+00 7.90E+00 1.25E+01 1.97E+01 3.12E+01 4.93E+01 7.80E+01 1.23E+02
 1.95E+02 3.08E+02 4.87E+02 7.70E+02 1.22E+03 1.92E+03 3.04E+03 4.81E+03
 7.60E+03 1.20E+04 1.90E+04 3.00E+04
 1.49E-11 1.01E-10 3.11E-10 5.73E-10 7.58E-10 8.19E-10 7.90E-10 7.19E-10
 6.33E-10 5.51E-10 4.83E-10 4.28E-10 3.82E-10 3.43E-10 3.09E-10 2.79E-10
 2.53E-10 2.30E-10 2.09E-10 1.90E-10
 1.48E-11 1.01E-10 3.09E-10 5.68E-10 7.52E-10 8.12E-10 7.83E-10 7.13E-10
 6.28E-10 5.47E-10 4.80E-10 4.26E-10 3.80E-10 3.42E-10 3.08E-10 2.79E-10
 2.53E-10 2.29E-10 2.09E-10 1.90E-10
 1.42E-11 9.47E-11 2.88E-10 5.25E-10 6.91E-10 7.46E-10 7.22E-10 6.61E-10
 5.86E-10 5.14E-10 4.54E-10 4.05E-10 3.64E-10 3.29E-10 2.98E-10 2.71E-10
 2.47E-10 2.25E-10 2.05E-10 1.87E-10
 9.33E-12 5.52E-11 1.55E-10 2.70E-10 3.50E-10 3.80E-10 3.76E-10 3.56E-10
 3.30E-10 3.04E-10 2.83E-10 2.65E-10 2.50E-10 2.36E-10 2.23E-10 2.10E-10
 1.98E-10 1.86E-10 1.74E-10 1.62E-10
 1.24E-12 5.99E-12 1.51E-11 2.52E-11 3.24E-11 3.59E-11 3.70E-11 3.72E-11
 3.73E-11 3.76E-11 3.88E-11 4.07E-11 4.31E-11 4.57E-11 4.85E-11 5.13E-11
 5.40E-11 5.66E-11 5.89E-11 6.09E-11
 6.84E-14 3.00E-13 6.99E-13 1.09E-12 1.33E-12 1.41E-12 1.39E-12 1.36E-12
 1.33E-12 1.34E-12 1.39E-12 1.49E-12 1.63E-12 1.81E-12 2.03E-12 2.28E-12
 2.56E-12 2.89E-12 3.26E-12 3.67E-12
  461.281    6  20 /pl=01:ss= 1:pb= 1:sz= 1/type=EXCIT/ispb = t/isel =   16
 1.00E+10 1.00E+11 1.00E+12 1.00E+13 1.00E+14 1.00E+15
 5.00E+00 7.90E+00 1.25E+01 1.97E+01 3.12E+01 4.93E+01 7.80E+01 1.23E+02
 1.95E+02 3.08E+02 4.87E+02 7.70E+02 1.22E+03 1.92E+03 3.04E+03 4.81E+03
 7.60E+03 1.20E+04 1.90E+04 3.00E+04
 4.28E-11 2.69E-10 8.40E-10 1.69E-09 2.56E-09 3.24E-09 3.63E-09 3.77E-09
 3.73E-09 3.58E-09 3.37E-09 3.14E-09 2.90E-09 2.67E-09 2.45E-09 2.25E-09
 2.05E-09 1.88E-09 1.71E-09 1.57E-09
 4.28E-11 2.69E-10 8.40E-10 1.69E-09 2.56E-09 3.24E-09 3.63E-09 3.77E-09
 3.73E-09 3.58E-09 3.37E-09 3.14E-09 2.90E-09 2.67E-09 2.45E-09 2.25E-09
 2.05E-09 1.88E-09 1.71E-09 1.57E-09
 4.28E-11 2.69E-10 8.40E-10 1.69E-09 2.56E-09 3.24E-09 3.62E-09 3.76E-09
 3.72E-09 3.58E-09 3.37E-09 3.14E-09 2.90E-09 2.67E-09 2.45E-09 2.25E-09
 2.05E-09 1.88E-09 1.71E-09 1.57E-09
 4.28E-11 2.69E-10 8.39E-10 1.68E-09 2.56E-09 3.23E-09 3.61E-09 3.75E-09
 3.72E-09 3.57E-09 3.36E-09 3.13E-09 2.90E-09 2.67E-09 2.45E-09 2.24E-09
 2.05E-09 1.87E-09 1.71E-09 1.56E-09
 4.28E-11 2.69E-10 8.38E-10 1.68E-09 2.55E-09 3.22E-09 3.60E-09 3.74E-09
 3.70E-09 3.56E-09 3.35E-09 3.12E-09 2.89E-09 2.66E-09 2.44E-09 2.23E-09
 2.04E-09 1.87E-09 1.71E-09 1.56E-09
 4.26E-11 2.68E-10 8.34E-10 1.67E-09 2.53E-09 3.19E-09 3.57E-09 3.70E-09
 3.67E-09 3.53E-09 3.33E-09 3.10E-09 2.87E-09 2.64E-09 2.42E-09 2.22E-09
 2.03E-09 1.86E-09 1.70E-09 1.55E-09
  1163.30    6  20 /pl=01:ss= 1:pb= 1:sz= 1/type=EXCIT/ispb = t/isel =   17
 1.00E+10 1.00E+11 1.00E+12 1.00E+13 1.00E+14 1.00E+15
 5.00E+00 7.90E+00 1.25E+01 1.97E+01 3.12E+01 4.93E+01 7.80E+01 1.23E+02
 1.95E+02 3.08E+02 4.87E+02 7.70E+02 1.22E+03 1.92E+03 3.04E+03 4.81E+03
 7.60E+03 1.20E+04 1.90E+04 3.00E+04
 2.64E-16 3.48E-15 1.65E-14 4.10E-14 6.73E-14 8.55E-14 9.24E-14 9.04E-14
 8.32E-14 7.37E-14 6.38E-14 5.46E-14 4.64E-14 3.93E-14 3.33E-14 2.83E-14
 2.42E-14 2.07E-14 1.78E-14 1.53E-14
 2.64E-16 3.49E-15 1.65E-14 4.10E-14 6.74E-14 8.55E-14 9.25E-14 9.04E-14
 8.32E-14 7.37E-14 6.38E-14 5.46E-14 4.64E-14 3.93E-14 3.33E-14 2.83E-14
 2.42E-14 2.07E-14 1.78E-14 1.53E-14
 2.65E-16 3.50E-15 1.66E-14 4.12E-14 6.76E-14 8.59E-14 9.28E-14 9.07E-14
 8.34E-14 7.39E-14 6.40E-14 5.47E-14 4.65E-14 3.94E-14 3.34E-14 2.84E-14
 2.42E-14 2.07E-14 1.78E-14 1.53E-14
 2.75E-16 3.63E-15 1.72E-14 4.26E-14 6.97E-14 8.83E-14 9.52E-14 9.28E-14
 8.52E-14 7.52E-14 6.50E-14 5.55E-14 4.70E-14 3.98E-14 3.37E-14 2.86E-14
 2.44E-14 2.08E-14 1.79E-14 1.54E-14
 2.77E-16 3.52E-15 1.62E-14 3.95E-14 6.42E-14 8.14E-14 8.84E-14 8.73E-14
 8.12E-14 7.28E-14 6.38E-14 5.51E-14 4.73E-14 4.03E-14 3.44E-14 2.93E-14
 2.50E-14 2.14E-14 1.84E-14 1.58E-14
 1.09E-16 1.20E-15 5.06E-15 1.17E-14 1.87E-14 2.39E-14 2.66E-14 2.74E-14
 2.71E-14 2.61E-14 2.49E-14 2.34E-14 2.19E-14 2.04E-14 1.89E-14 1.75E-14
 1.61E-14 1.48E-14 1.36E-14 1.24E-14
  1232.88    6  20 /pl=01:ss= 1:pb= 1:sz= 1/type=EXCIT/ispb = t/isel =   18
 1.00E+10 1.00E+11 1.00E+12 1.00E+13 1.00E+14 1.00E+15
 5.00E+00 7.90E+00 1.25E+01 1.97E+01 3.12E+01 4.93E+01 7.80E+01 1.23E+02
 1.95E+02 3.08E+02 4.87E+02 7.70E+02 1.22E+03 1.92E+03 3.04E+03 4.81E+03
 7.60E+03 1.20E+04 1.90E+04 3.00E+04
 2.36E-13 3.11E-12 1.48E-11 3.66E-11 6.01E-11 7.64E-11 8.26E-11 8.07E-11
 7.43E-11 6.58E-11 5.70E-11 4.87E-11 4.14E-11 3.51E-11 2.98E-11 2.53E-11
 2.16E-11 1.85E-11 1.59E-11 1.37E-11
 2.36E-13 3.11E-12 1.48E-11 3.66E-11 6.02E-11 7.64E-11 8.26E-11 8.08E-11
 7.43E-11 6.58E-11 5.70E-11 4.88E-11 4.14E-11 3.51E-11 2.98E-11 2.53E-11
 2.16E-11 1.85E-11 1.59E-11 1.37E-11
 2.37E-13 3.13E-12 1.48E-11 3.68E-11 6.04E-11 7.67E-11 8.29E-11 8.10E-11
 7.45E-11 6.60E-11 5.71E-11 4.88E-11 4.15E-11 3.52E-11 2.98E-11 2.53E-11
 2.16E-11 1.85E-11 1.59E-11 1.37E-11
 2.45E-13 3.24E-12 1.54E-11 3.80E-11 6.23E-11 7.88E-11 8.50E-11 8.29E-11
 7.61E-11 6.72E-11 5.80E-11 4.95E-11 4.20E-11 3.55E-11 3.01E-11 2.55E-11
 2.17E-11 1.86E-11 1.60E-11 1.38E-11
 2.48E-13 3.14E-12 1.45E-11 3.52E-11 5.74E-11 7.27E-11 7.89E-11 7.79E-11
 7.25E-11 6.50E-11 5.70E-11 4.92E-11 4.22E-11 3.60E-11 3.07E-11 2.62E-11
 2.23E-11 1.91E-11 1.64E-11 1.41E-11
 9.71E-14 1.07E-12 4.52E-12 1.05E-11 1.67E-11 2.13E-11 2.38E-11 2.45E-11
 2.42E-11 2.33E-11 2.22E-11 2.09E-11 1.96E-11 1.82E-11 1.69E-11 1.56E-11
 1.44E-11 1.32E-11 1.21E-11 1.11E-11
  305.157    6  20 /pl=01:ss= 1:pp= 1:sz= 1/type=RECOM/ispp = t/isel =   19
 1.00E+10 1.00E+11 1.00E+12 1.00E+13 1.00E+14 1.00E+15
 5.00E+00 7.90E+00 1.25E+01 1.97E+01 3.12E+01 4.93E+01 7.80E+01 1.23E+02
 1.95E+02 3.08E+02 4.87E+02 7.70E+02 1.22E+03 1.92E+03 3.04E+03 4.81E+03
 7.60E+03 1.20E+04 1.90E+04 3.00E+04
 8.45E-17 9.95E-17 1.03E-16 9.29E-17 7.48E-17 5.46E-17 3.66E-17 2.28E-17
 1.34E-17 7.55E-18 4.21E-18 2.35E-18 1.31E-18 7.31E-19 4.08E-19 2.27E-19
 1.27E-19 7.07E-20 3.94E-20 2.20E-20
 8.75E-17 1.01E-16 1.03E-16 9.34E-17 7.52E-17 5.49E-17 3.68E-17 2.29E-17
 1.34E-17 7.58E-18 4.22E-18 2.36E-18 1.31E-18 7.32E-19 4.08E-19 2.28E-19
 1.27E-19 7.08E-20 3.95E-20 2.20E-20
 1.18E-16 1.15E-16 1.11E-16 9.86E-17 7.90E-17 5.75E-17 3.84E-17 2.39E-17
 1.39E-17 7.83E-18 4.35E-18 2.42E-18 1.34E-18 7.48E-19 4.16E-19 2.31E-19
 1.29E-19 7.17E-20 3.99E-20 2.22E-20
 4.07E-16 2.54E-16 1.86E-16 1.50E-16 1.17E-16 8.36E-17 5.49E-17 3.34E-17
 1.90E-17 1.04E-17 5.61E-18 3.04E-18 1.65E-18 9.01E-19 4.92E-19 2.69E-19
 1.48E-19 8.11E-20 4.46E-20 2.46E-20
 2.23E-15 1.16E-15 7.00E-16 5.12E-16 3.91E-16 2.80E-16 1.84E-16 1.11E-16
 6.24E-17 3.31E-17 1.73E-17 9.01E-18 4.68E-18 2.43E-18 1.26E-18 6.54E-19
 3.40E-19 1.77E-19 9.24E-20 4.83E-20
 4.76E-15 2.40E-15 1.29E-15 7.73E-16 5.09E-16 3.46E-16 2.32E-16 1.51E-16
 9.39E-17 5.65E-17 3.35E-17 1.99E-17 1.17E-17 6.77E-18 3.89E-18 2.21E-18
 1.24E-18 6.84E-19 3.74E-19 2.02E-19
  326.342    6  20 /pl=01:ss= 1:pp= 1:sz= 1/type=RECOM/ispp = t/isel =   20
 1.00E+10 1.00E+11 1.00E+12 1.00E+13 1.00E+14 1.00E+15
 5.00E+00 7.90E+00 1.25E+01 1.97E+01 3.12E+01 4.93E+01 7.80E+01 1.23E+02
 1.95E+02 3.08E+02 4.87E+02 7.70E+02 1.22E+03 1.92E+03 3.04E+03 4.81E+03
 7.60E+03 1.20E+04 1.90E+04 3.00E+04
 5.20E-18 3.45E-18 2.36E-18 1.62E-18 1.09E-18 6.91E-19 4.18E-19 2.41E-19
 1.34E-19 7.23E-20 3.88E-20 2.08E-20 1.12E-20 6.01E-21 3.23E-21 1.73E-21
 9.31E-22 5.00E-22 2.69E-22 1.44E-22
 5.20E-18 3.46E-18 2.37E-18 1.63E-18 1.09E-18 6.95E-19 4.20E-19 2.42E-19
 1.34E-19 7.26E-20 3.90E-20 2.09E-20 1.12E-20 6.03E-21 3.24E-21 1.74E-21
 9.33E-22 5.01E-22 2.69E-22 1.44E-22
 5.22E-18 3.49E-18 2.41E-18 1.68E-18 1.14E-18 7.27E-19 4.40E-19 2.53E-19
 1.40E-19 7.55E-20 4.03E-20 2.16E-20 1.15E-20 6.17E-21 3.30E-21 1.77E-21
 9.48E-22 5.08E-22 2.72E-22 1.46E-22
 5.43E-18 3.74E-18 2.76E-18 2.09E-18 1.50E-18 9.90E-19 6.05E-19 3.46E-19
 1.89E-19 9.92E-20 5.18E-20 2.71E-20 1.42E-20 7.42E-21 3.89E-21 2.05E-21
 1.08E-21 5.70E-22 3.02E-22 1.60E-22
 7.01E-18 5.38E-18 4.84E-18 4.59E-18 3.77E-18 2.66E-18 1.68E-18 9.68E-19
 5.20E-19 2.67E-19 1.35E-19 6.82E-20 3.43E-20 1.72E-20 8.62E-21 4.33E-21
 2.18E-21 1.10E-21 5.57E-22 2.83E-22
 9.94E-18 7.20E-18 6.50E-18 6.45E-18 5.47E-18 4.02E-18 2.68E-18 1.65E-18
 9.56E-19 5.33E-19 2.94E-19 1.62E-19 8.84E-20 4.78E-20 2.56E-20 1.36E-20
 7.16E-21 3.74E-21 1.94E-21 9.96E-22
  326.807    6  20 /pl=01:ss= 1:pp= 1:sz= 1/type=RECOM/ispp = t/isel =   21
 1.00E+10 1.00E+11 1.00E+12 1.00E+13 1.00E+14 1.00E+15
 5.00E+00 7.90E+00 1.25E+01 1.97E+01 3.12E+01 4.93E+01 7.80E+01 1.23E+02
 1.95E+02 3.08E+02 4.87E+02 7.70E+02 1.22E+03 1.92E+03 3.04E+03 4.81E+03
 7.60E+03 1.20E+04 1.90E+04 3.00E+04
 1.97E-15 1.27E-15 8.50E-16 5.72E-16 3.77E-16 2.37E-16 1.42E-16 8.10E-17
 4.47E-17 2.40E-17 1.28E-17 6.86E-18 3.66E-18 1.96E-18 1.05E-18 5.59E-19
 2.99E-19 1.60E-19 8.53E-20 4.56E-20
 1.97E-15 1.27E-15 8.51E-16 5.74E-16 3.79E-16 2.38E-16 1.42E-16 8.14E-17
 4.48E-17 2.41E-17 1.29E-17 6.88E-18 3.67E-18 1.96E-18 1.05E-18 5.60E-19
 2.99E-19 1.60E-19 8.54E-20 4.56E-20
 1.98E-15 1.28E-15 8.64E-16 5.88E-16 3.91E-16 2.47E-16 1.48E-16 8.44E-17
 4.64E-17 2.49E-17 1.32E-17 7.05E-18 3.76E-18 2.00E-18 1.07E-18 5.68E-19
 3.03E-19 1.62E-19 8.62E-20 4.60E-20
 2.04E-15 1.36E-15 9.64E-16 7.00E-16 4.88E-16 3.16E-16 1.90E-16 1.08E-16
 5.89E-17 3.10E-17 1.62E-17 8.49E-18 4.44E-18 2.32E-18 1.22E-18 6.40E-19
 3.37E-19 1.78E-19 9.39E-20 4.96E-20
 2.60E-15 1.91E-15 1.61E-15 1.41E-15 1.11E-15 7.61E-16 4.72E-16 2.70E-16
 1.45E-16 7.46E-17 3.78E-17 1.91E-17 9.64E-18 4.84E-18 2.43E-18 1.23E-18
 6.19E-19 3.14E-19 1.59E-19 8.10E-20
 4.77E-15 3.40E-15 2.93E-15 2.72E-15 2.22E-15 1.59E-15 1.02E-15 6.12E-16
 3.44E-16 1.86E-16 9.93E-17 5.30E-17 2.81E-17 1.48E-17 7.72E-18 4.01E-18
 2.07E-18 1.07E-18 5.45E-19 2.78E-19
  327.064    6  20 /pl=01:ss= 1:pp= 1:sz= 1/type=RECOM/ispp = t/isel =   22
 1.00E+10 1.00E+11 1.00E+12 1.00E+13 1.00E+14 1.00E+15
 5.00E+00 7.90E+00 1.25E+01 1.97E+01 3.12E+01 4.93E+01 7.80E+01 1.23E+02
 1.95E+02 3.08E+02 4.87E+02 7.70E+02 1.22E+03 1.92E+03 3.04E+03 4.81E+03
 7.60E+03 1.20E+04 1.90E+04 3.00E+04
 4.25E-16 3.01E-16 3.01E-16 3.38E-16 3.45E-16 2.84E-16 1.95E-16 1.21E-16
 6.96E-17 3.81E-17 2.06E-17 1.12E-17 6.04E-18 3.27E-18 1.77E-18 9.58E-19
 5.18E-19 2.81E-19 1.52E-19 8.22E-20
 4.25E-16 3.01E-16 3.01E-16 3.39E-16 3.45E-16 2.84E-16 1.95E-16 1.21E-16
 6.96E-17 3.81E-17 2.06E-17 1.12E-17 6.04E-18 3.27E-18 1.77E-18 9.58E-19
 5.18E-19 2.81E-19 1.52E-19 8.22E-20
 4.26E-16 3.02E-16 3.03E-16 3.40E-16 3.46E-16 2.85E-16 1.96E-16 1.22E-16
 6.98E-17 3.82E-17 2.07E-17 1.12E-17 6.06E-18 3.28E-18 1.77E-18 9.59E-19
 5.19E-19 2.81E-19 1.52E-19 8.22E-20
 4.31E-16 3.10E-16 3.14E-16 3.54E-16 3.59E-16 2.95E-16 2.02E-16 1.25E-16
 7.17E-17 3.92E-17 2.11E-17 1.14E-17 6.16E-18 3.33E-18 1.80E-18 9.70E-19
 5.24E-19 2.83E-19 1.53E-19 8.28E-20
 4.87E-16 3.77E-16 4.02E-16 4.56E-16 4.52E-16 3.63E-16 2.47E-16 1.51E-16
 8.56E-17 4.62E-17 2.46E-17 1.31E-17 7.00E-18 3.73E-18 1.99E-18 1.07E-18
 5.71E-19 3.06E-19 1.64E-19 8.80E-20
 9.02E-16 7.23E-16 7.59E-16 8.19E-16 7.62E-16 5.88E-16 3.92E-16 2.38E-16
 1.34E-16 7.19E-17 3.81E-17 2.03E-17 1.07E-17 5.69E-18 3.01E-18 1.59E-18
 8.39E-19 4.43E-19 2.34E-19 1.23E-19
  327.534    6  20 /pl=01:ss= 1:pp= 1:sz= 1/type=RECOM/ispp = t/isel =   23
 1.00E+10 1.00E+11 1.00E+12 1.00E+13 1.00E+14 1.00E+15
 5.00E+00 7.90E+00 1.25E+01 1.97E+01 3.12E+01 4.93E+01 7.80E+01 1.23E+02
 1.95E+02 3.08E+02 4.87E+02 7.70E+02 1.22E+03 1.92E+03 3.04E+03 4.81E+03
 7.60E+03 1.20E+04 1.90E+04 3.00E+04
 1.56E-15 1.01E-15 6.88E-16 4.71E-16 3.15E-16 1.99E-16 1.19E-16 6.80E-17
 3.75E-17 2.01E-17 1.07E-17 5.72E-18 3.05E-18 1.63E-18 8.68E-19 4.63E-19
 2.47E-19 1.32E-19 7.03E-20 3.75E-20
 1.56E-15 1.02E-15 6.88E-16 4.72E-16 3.16E-16 2.00E-16 1.19E-16 6.83E-17
 3.76E-17 2.02E-17 1.08E-17 5.73E-18 3.06E-18 1.63E-18 8.70E-19 4.64E-19
 2.47E-19 1.32E-19 7.03E-20 3.75E-20
 1.57E-15 1.02E-15 6.95E-16 4.80E-16 3.23E-16 2.05E-16 1.23E-16 7.00E-17
 3.85E-17 2.06E-17 1.10E-17 5.84E-18 3.11E-18 1.65E-18 8.81E-19 4.69E-19
 2.50E-19 1.33E-19 7.09E-20 3.78E-20
 1.60E-15 1.06E-15 7.51E-16 5.43E-16 3.79E-16 2.45E-16 1.48E-16 8.45E-17
 4.61E-17 2.44E-17 1.28E-17 6.72E-18 3.53E-18 1.85E-18 9.75E-19 5.14E-19
 2.71E-19 1.43E-19 7.57E-20 4.01E-20
 1.94E-15 1.39E-15 1.14E-15 9.71E-16 7.59E-16 5.23E-16 3.25E-16 1.87E-16
 1.01E-16 5.19E-17 2.64E-17 1.34E-17 6.82E-18 3.45E-18 1.75E-18 8.86E-19
 4.51E-19 2.30E-19 1.17E-19 6.02E-20
 3.90E-15 2.81E-15 2.45E-15 2.25E-15 1.85E-15 1.32E-15 8.40E-16 4.94E-16
 2.73E-16 1.45E-16 7.59E-17 3.98E-17 2.08E-17 1.08E-17 5.56E-18 2.86E-18
 1.47E-18 7.51E-19 3.83E-19 1.95E-19
  355.453    6  20 /pl=01:ss= 1:pp= 1:sz= 1/type=RECOM/ispp = t/isel =   24
 1.00E+10 1.00E+11 1.00E+12 1.00E+13 1.00E+14 1.00E+15
 5.00E+00 7.90E+00 1.25E+01 1.97E+01 3.12E+01 4.93E+01 7.80E+01 1.23E+02
 1.95E+02 3.08E+02 4.87E+02 7.70E+02 1.22E+03 1.92E+03 3.04E+03 4.81E+03
 7.60E+03 1.20E+04 1.90E+04 3.00E+04
 1.73E-15 3.52E-15 6.15E-15 8.36E-15 8.63E-15 7.02E-15 4.82E-15 2.97E-15
 1.70E-15 9.31E-16 5.04E-16 2.73E-16 1.48E-16 8.01E-17 4.33E-17 2.35E-17
 1.27E-17 6.88E-18 3.73E-18 2.02E-18
 1.73E-15 3.53E-15 6.15E-15 8.37E-15 8.63E-15 7.03E-15 4.83E-15 2.97E-15
 1.70E-15 9.32E-16 5.04E-16 2.73E-16 1.48E-16 8.01E-17 4.34E-17 2.35E-17
 1.27E-17 6.88E-18 3.73E-18 2.02E-18
 1.75E-15 3.55E-15 6.18E-15 8.41E-15 8.67E-15 7.05E-15 4.84E-15 2.98E-15
 1.71E-15 9.33E-16 5.05E-16 2.74E-16 1.48E-16 8.02E-17 4.34E-17 2.35E-17
 1.27E-17 6.89E-18 3.73E-18 2.02E-18
 1.90E-15 3.78E-15 6.50E-15 8.74E-15 8.95E-15 7.25E-15 4.96E-15 3.05E-15
 1.74E-15 9.49E-16 5.13E-16 2.77E-16 1.50E-16 8.09E-17 4.37E-17 2.37E-17
 1.28E-17 6.92E-18 3.74E-18 2.03E-18
 3.11E-15 5.21E-15 8.24E-15 1.06E-14 1.05E-14 8.36E-15 5.65E-15 3.44E-15
 1.95E-15 1.05E-15 5.65E-16 3.03E-16 1.62E-16 8.69E-17 4.66E-17 2.50E-17
 1.34E-17 7.23E-18 3.89E-18 2.10E-18
 5.95E-15 6.97E-15 9.40E-15 1.13E-14 1.09E-14 8.58E-15 5.83E-15 3.60E-15
 2.07E-15 1.14E-15 6.23E-16 3.39E-16 1.84E-16 1.00E-16 5.41E-17 2.92E-17
 1.57E-17 8.45E-18 4.54E-18 2.43E-18
  356.146    6  20 /pl=01:ss= 1:pp= 1:sz= 1/type=RECOM/ispp = t/isel =   25
 1.00E+10 1.00E+11 1.00E+12 1.00E+13 1.00E+14 1.00E+15
 5.00E+00 7.90E+00 1.25E+01 1.97E+01 3.12E+01 4.93E+01 7.80E+01 1.23E+02
 1.95E+02 3.08E+02 4.87E+02 7.70E+02 1.22E+03 1.92E+03 3.04E+03 4.81E+03
 7.60E+03 1.20E+04 1.90E+04 3.00E+04
 2.08E-15 4.14E-15 6.20E-15 7.17E-15 6.73E-15 5.23E-15 3.51E-15 2.13E-15
 1.21E-15 6.61E-16 3.57E-16 1.92E-16 1.04E-16 5.61E-17 3.03E-17 1.63E-17
 8.81E-18 4.76E-18 2.57E-18 1.39E-18
 2.08E-15 4.15E-15 6.21E-15 7.19E-15 6.75E-15 5.24E-15 3.51E-15 2.14E-15
 1.21E-15 6.61E-16 3.57E-16 1.93E-16 1.04E-16 5.61E-17 3.03E-17 1.63E-17
 8.82E-18 4.76E-18 2.57E-18 1.39E-18
 2.12E-15 4.23E-15 6.34E-15 7.32E-15 6.86E-15 5.31E-15 3.56E-15 2.16E-15
 1.22E-15 6.67E-16 3.59E-16 1.94E-16 1.04E-16 5.63E-17 3.04E-17 1.64E-17
 8.83E-18 4.77E-18 2.57E-18 1.39E-18
 3.05E-15 5.75E-15 8.38E-15 9.39E-15 8.49E-15 6.38E-15 4.18E-15 2.49E-15
 1.39E-15 7.42E-16 3.94E-16 2.09E-16 1.11E-16 5.93E-17 3.17E-17 1.69E-17
 9.08E-18 4.87E-18 2.62E-18 1.41E-18
 9.61E-15 1.27E-14 1.61E-14 1.70E-14 1.48E-14 1.08E-14 6.93E-15 4.09E-15
 2.26E-15 1.19E-15 6.23E-16 3.26E-16 1.70E-16 8.78E-17 4.55E-17 2.36E-17
 1.23E-17 6.41E-18 3.35E-18 1.75E-18
 1.07E-14 1.05E-14 1.23E-14 1.30E-14 1.16E-14 8.77E-15 5.87E-15 3.62E-15
 2.11E-15 1.18E-15 6.58E-16 3.66E-16 2.03E-16 1.12E-16 6.13E-17 3.34E-17
 1.82E-17 9.83E-18 5.30E-18 2.85E-18
  356.405    6  20 /pl=01:ss= 1:pp= 1:sz= 1/type=RECOM/ispp = t/isel =   26
 1.00E+10 1.00E+11 1.00E+12 1.00E+13 1.00E+14 1.00E+15
 5.00E+00 7.90E+00 1.25E+01 1.97E+01 3.12E+01 4.93E+01 7.80E+01 1.23E+02
 1.95E+02 3.08E+02 4.87E+02 7.70E+02 1.22E+03 1.92E+03 3.04E+03 4.81E+03
 7.60E+03 1.20E+04 1.90E+04 3.00E+04
 3.59E-16 7.52E-16 1.25E-15 1.62E-15 1.63E-15 1.32E-15 9.00E-16 5.55E-16
 3.17E-16 1.73E-16 9.33E-17 5.03E-17 2.71E-17 1.46E-17 7.89E-18 4.25E-18
 2.29E-18 1.24E-18 6.67E-19 3.60E-19
 3.60E-16 7.53E-16 1.26E-15 1.62E-15 1.64E-15 1.32E-15 9.01E-16 5.55E-16
 3.17E-16 1.73E-16 9.34E-17 5.03E-17 2.71E-17 1.46E-17 7.89E-18 4.26E-18
 2.29E-18 1.24E-18 6.67E-19 3.60E-19
 3.65E-16 7.63E-16 1.27E-15 1.64E-15 1.65E-15 1.33E-15 9.06E-16 5.58E-16
 3.19E-16 1.74E-16 9.37E-17 5.05E-17 2.72E-17 1.47E-17 7.91E-18 4.26E-18
 2.30E-18 1.24E-18 6.68E-19 3.60E-19
 4.57E-16 9.13E-16 1.47E-15 1.85E-15 1.82E-15 1.44E-15 9.72E-16 5.94E-16
 3.36E-16 1.82E-16 9.75E-17 5.22E-17 2.80E-17 1.50E-17 8.06E-18 4.33E-18
 2.33E-18 1.25E-18 6.74E-19 3.63E-19
 1.10E-15 1.63E-15 2.30E-15 2.67E-15 2.51E-15 1.93E-15 1.28E-15 7.72E-16
 4.33E-16 2.32E-16 1.23E-16 6.52E-17 3.44E-17 1.82E-17 9.60E-18 5.07E-18
 2.69E-18 1.42E-18 7.55E-19 4.01E-19
 1.12E-15 1.25E-15 1.61E-15 1.84E-15 1.75E-15 1.38E-15 9.48E-16 5.97E-16
 3.53E-16 2.01E-16 1.13E-16 6.35E-17 3.55E-17 1.97E-17 1.09E-17 6.01E-18
 3.29E-18 1.79E-18 9.73E-19 5.25E-19
  356.910    6  20 /pl=01:ss= 1:pp= 1:sz= 1/type=RECOM/ispp = t/isel =   27
 1.00E+10 1.00E+11 1.00E+12 1.00E+13 1.00E+14 1.00E+15
 5.00E+00 7.90E+00 1.25E+01 1.97E+01 3.12E+01 4.93E+01 7.80E+01 1.23E+02
 1.95E+02 3.08E+02 4.87E+02 7.70E+02 1.22E+03 1.92E+03 3.04E+03 4.81E+03
 7.60E+03 1.20E+04 1.90E+04 3.00E+04
 6.84E-15 1.41E-14 2.26E-14 2.79E-14 2.72E-14 2.16E-14 1.46E-14 8.94E-15
 5.08E-15 2.77E-15 1.50E-15 8.08E-16 4.36E-16 2.35E-16 1.27E-16 6.86E-17
 3.70E-17 2.00E-17 1.08E-17 5.82E-18
 6.85E-15 1.42E-14 2.26E-14 2.79E-14 2.72E-14 2.16E-14 1.46E-14 8.94E-15
 5.09E-15 2.77E-15 1.50E-15 8.08E-16 4.36E-16 2.35E-16 1.27E-16 6.86E-17
 3.70E-17 2.00E-17 1.08E-17 5.82E-18
 6.97E-15 1.44E-14 2.30E-14 2.83E-14 2.75E-14 2.18E-14 1.47E-14 9.00E-15
 5.12E-15 2.79E-15 1.50E-15 8.11E-16 4.38E-16 2.36E-16 1.27E-16 6.87E-17
 3.71E-17 2.00E-17 1.08E-17 5.82E-18
 9.53E-15 1.86E-14 2.87E-14 3.41E-14 3.21E-14 2.48E-14 1.65E-14 9.93E-15
 5.57E-15 3.00E-15 1.60E-15 8.55E-16 4.57E-16 2.45E-16 1.31E-16 7.03E-17
 3.78E-17 2.03E-17 1.09E-17 5.88E-18
 2.84E-14 3.89E-14 5.15E-14 5.64E-14 5.05E-14 3.77E-14 2.45E-14 1.46E-14
 8.10E-15 4.31E-15 2.26E-15 1.19E-15 6.25E-16 3.27E-16 1.71E-16 8.96E-17
 4.70E-17 2.47E-17 1.30E-17 6.88E-18
 3.44E-14 3.52E-14 4.24E-14 4.62E-14 4.22E-14 3.24E-14 2.18E-14 1.35E-14
 7.81E-15 4.36E-15 2.41E-15 1.34E-15 7.37E-16 4.04E-16 2.21E-16 1.20E-16
 6.51E-17 3.52E-17 1.89E-17 1.02E-17
  357.027    6  20 /pl=01:ss= 1:pp= 1:sz= 1/type=RECOM/ispp = t/isel =   28
 1.00E+10 1.00E+11 1.00E+12 1.00E+13 1.00E+14 1.00E+15
 5.00E+00 7.90E+00 1.25E+01 1.97E+01 3.12E+01 4.93E+01 7.80E+01 1.23E+02
 1.95E+02 3.08E+02 4.87E+02 7.70E+02 1.22E+03 1.92E+03 3.04E+03 4.81E+03
 7.60E+03 1.20E+04 1.90E+04 3.00E+04
 3.53E-15 7.64E-15 1.26E-14 1.53E-14 1.41E-14 1.07E-14 7.08E-15 4.27E-15
 2.42E-15 1.32E-15 7.07E-16 3.77E-16 1.99E-16 1.04E-16 5.46E-17 2.86E-17
 1.50E-17 7.90E-18 4.16E-18 2.19E-18
 3.20E-15 6.38E-15 1.05E-14 1.28E-14 1.20E-14 9.21E-15 6.14E-15 3.72E-15
 2.11E-15 1.15E-15 6.20E-16 3.32E-16 1.76E-16 9.26E-17 4.88E-17 2.57E-17
 1.36E-17 7.16E-18 3.79E-18 2.00E-18
 3.01E-15 5.38E-15 8.67E-15 1.08E-14 1.03E-14 7.97E-15 5.35E-15 3.26E-15
 1.86E-15 1.01E-15 5.47E-16 2.94E-16 1.56E-16 8.27E-17 4.38E-17 2.32E-17
 1.23E-17 6.53E-18 3.47E-18 1.84E-18
 3.73E-15 5.83E-15 8.86E-15 1.08E-14 1.01E-14 7.77E-15 5.17E-15 3.12E-15
 1.76E-15 9.52E-16 5.09E-16 2.72E-16 1.44E-16 7.62E-17 4.04E-17 2.14E-17
 1.14E-17 6.04E-18 3.22E-18 1.72E-18
 9.28E-15 1.08E-14 1.36E-14 1.50E-14 1.34E-14 1.00E-14 6.57E-15 3.94E-15
 2.21E-15 1.18E-15 6.28E-16 3.33E-16 1.75E-16 9.15E-17 4.78E-17 2.50E-17
 1.31E-17 6.85E-18 3.59E-18 1.89E-18
 8.46E-15 6.88E-15 7.40E-15 7.85E-15 7.09E-15 5.45E-15 3.72E-15 2.35E-15
 1.40E-15 8.09E-16 4.63E-16 2.66E-16 1.52E-16 8.57E-17 4.82E-17 2.69E-17
 1.50E-17 8.27E-18 4.54E-18 2.48E-18
  358.464    6  20 /pl=01:ss= 1:pp= 1:sz= 1/type=RECOM/ispp = t/isel =   29
 1.00E+10 1.00E+11 1.00E+12 1.00E+13 1.00E+14 1.00E+15
 5.00E+00 7.90E+00 1.25E+01 1.97E+01 3.12E+01 4.93E+01 7.80E+01 1.23E+02
 1.95E+02 3.08E+02 4.87E+02 7.70E+02 1.22E+03 1.92E+03 3.04E+03 4.81E+03
 7.60E+03 1.20E+04 1.90E+04 3.00E+04
 1.68E-14 3.88E-14 6.00E-14 6.45E-14 5.39E-14 3.81E-14 2.40E-14 1.41E-14
 7.90E-15 4.28E-15 2.28E-15 1.21E-15 6.25E-16 3.18E-16 1.61E-16 8.21E-17
 4.18E-17 2.13E-17 1.08E-17 5.53E-18
 1.40E-14 2.94E-14 4.42E-14 4.73E-14 3.96E-14 2.81E-14 1.78E-14 1.05E-14
 5.88E-15 3.20E-15 1.72E-15 9.13E-16 4.74E-16 2.42E-16 1.23E-16 6.29E-17
 3.21E-17 1.64E-17 8.39E-18 4.29E-18
 1.17E-14 2.14E-14 3.09E-14 3.27E-14 2.74E-14 1.95E-14 1.25E-14 7.39E-15
 4.18E-15 2.29E-15 1.23E-15 6.62E-16 3.46E-16 1.77E-16 9.07E-17 4.65E-17
 2.39E-17 1.23E-17 6.30E-18 3.24E-18
 1.12E-14 1.69E-14 2.27E-14 2.35E-14 1.96E-14 1.40E-14 8.87E-15 5.24E-15
 2.94E-15 1.60E-15 8.64E-16 4.64E-16 2.43E-16 1.25E-16 6.41E-17 3.30E-17
 1.70E-17 8.78E-18 4.54E-18 2.35E-18
 1.82E-14 2.03E-14 2.40E-14 2.41E-14 2.01E-14 1.43E-14 9.04E-15 5.32E-15
 2.95E-15 1.58E-15 8.40E-16 4.46E-16 2.32E-16 1.18E-16 6.04E-17 3.08E-17
 1.58E-17 8.06E-18 4.13E-18 2.12E-18
 1.42E-14 1.14E-14 1.17E-14 1.16E-14 9.98E-15 7.43E-15 4.95E-15 3.08E-15
 1.82E-15 1.04E-15 5.95E-16 3.40E-16 1.93E-16 1.08E-16 6.00E-17 3.32E-17
 1.83E-17 9.99E-18 5.44E-18 2.94E-18
  361.772    6  20 /pl=01:ss= 1:pp= 1:sz= 1/type=RECOM/ispp = t/isel =   30
 1.00E+10 1.00E+11 1.00E+12 1.00E+13 1.00E+14 1.00E+15
 5.00E+00 7.90E+00 1.25E+01 1.97E+01 3.12E+01 4.93E+01 7.80E+01 1.23E+02
 1.95E+02 3.08E+02 4.87E+02 7.70E+02 1.22E+03 1.92E+03 3.04E+03 4.81E+03
 7.60E+03 1.20E+04 1.90E+04 3.00E+04
 4.84E-16 5.75E-16 7.83E-16 9.37E-16 8.53E-16 6.43E-16 4.27E-16 2.59E-16
 1.48E-16 8.11E-17 4.41E-17 2.40E-17 1.31E-17 7.11E-18 3.87E-18 2.11E-18
 1.15E-18 6.26E-19 3.41E-19 1.86E-19
 4.84E-16 5.75E-16 7.82E-16 9.36E-16 8.51E-16 6.42E-16 4.26E-16 2.59E-16
 1.48E-16 8.10E-17 4.41E-17 2.40E-17 1.30E-17 7.10E-18 3.87E-18 2.11E-18
 1.15E-18 6.26E-19 3.41E-19 1.86E-19
 4.82E-16 5.69E-16 7.72E-16 9.22E-16 8.38E-16 6.32E-16 4.20E-16 2.56E-16
 1.46E-16 8.02E-17 4.37E-17 2.38E-17 1.30E-17 7.06E-18 3.85E-18 2.10E-18
 1.14E-18 6.23E-19 3.40E-19 1.86E-19
 4.68E-16 5.19E-16 6.81E-16 8.03E-16 7.27E-16 5.49E-16 3.68E-16 2.25E-16
 1.30E-16 7.23E-17 3.98E-17 2.19E-17 1.21E-17 6.63E-18 3.64E-18 2.00E-18
 1.10E-18 6.01E-19 3.30E-19 1.81E-19
 3.44E-16 2.82E-16 3.10E-16 3.37E-16 2.98E-16 2.26E-16 1.55E-16 9.85E-17
 5.96E-17 3.51E-17 2.05E-17 1.20E-17 7.00E-18 4.07E-18 2.35E-18 1.35E-18
 7.74E-19 4.42E-19 2.51E-19 1.42E-19
 1.06E-16 5.71E-17 4.62E-17 4.30E-17 3.54E-17 2.61E-17 1.78E-17 1.15E-17
 7.14E-18 4.40E-18 2.72E-18 1.70E-18 1.07E-18 6.71E-19 4.22E-19 2.65E-19
 1.66E-19 1.04E-19 6.44E-20 3.99E-20
  406.280    6  20 /pl=01:ss= 1:pp= 1:sz= 1/type=RECOM/ispp = t/isel =   31
 1.00E+10 1.00E+11 1.00E+12 1.00E+13 1.00E+14 1.00E+15
 5.00E+00 7.90E+00 1.25E+01 1.97E+01 3.12E+01 4.93E+01 7.80E+01 1.23E+02
 1.95E+02 3.08E+02 4.87E+02 7.70E+02 1.22E+03 1.92E+03 3.04E+03 4.81E+03
 7.60E+03 1.20E+04 1.90E+04 3.00E+04
 2.98E-14 4.01E-14 5.76E-14 6.77E-14 5.98E-14 4.39E-14 2.86E-14 1.70E-14
 9.57E-15 5.20E-15 2.79E-15 1.49E-15 7.86E-16 4.13E-16 2.17E-16 1.14E-16
 6.01E-17 3.17E-17 1.67E-17 8.84E-18
 2.87E-14 3.58E-14 5.02E-14 5.93E-14 5.26E-14 3.87E-14 2.53E-14 1.51E-14
 8.53E-15 4.64E-15 2.49E-15 1.33E-15 7.08E-16 3.74E-16 1.97E-16 1.04E-16
 5.51E-17 2.92E-17 1.55E-17 8.21E-18
 2.80E-14 3.21E-14 4.37E-14 5.20E-14 4.64E-14 3.43E-14 2.25E-14 1.35E-14
 7.62E-15 4.15E-15 2.23E-15 1.20E-15 6.40E-16 3.39E-16 1.80E-16 9.55E-17
 5.08E-17 2.70E-17 1.44E-17 7.65E-18
 2.76E-14 2.91E-14 3.82E-14 4.56E-14 4.09E-14 3.04E-14 2.00E-14 1.20E-14
 6.80E-15 3.70E-15 2.00E-15 1.08E-15 5.77E-16 3.08E-16 1.64E-16 8.76E-17
 4.68E-17 2.50E-17 1.34E-17 7.15E-18
 2.73E-14 2.54E-14 3.14E-14 3.72E-14 3.33E-14 2.47E-14 1.64E-14 9.93E-15
 5.65E-15 3.11E-15 1.69E-15 9.23E-16 5.01E-16 2.70E-16 1.46E-16 7.88E-17
 4.25E-17 2.29E-17 1.23E-17 6.64E-18
 2.34E-14 1.58E-14 1.61E-14 1.73E-14 1.47E-14 1.08E-14 7.17E-15 4.44E-15
 2.62E-15 1.51E-15 8.64E-16 4.97E-16 2.86E-16 1.63E-16 9.29E-17 5.26E-17
 2.97E-17 1.67E-17 9.32E-18 5.19E-18
  446.367    6  20 /pl=01:ss= 1:pp= 1:sz= 1/type=RECOM/ispp = t/isel =   32
 1.00E+10 1.00E+11 1.00E+12 1.00E+13 1.00E+14 1.00E+15
 5.00E+00 7.90E+00 1.25E+01 1.97E+01 3.12E+01 4.93E+01 7.80E+01 1.23E+02
 1.95E+02 3.08E+02 4.87E+02 7.70E+02 1.22E+03 1.92E+03 3.04E+03 4.81E+03
 7.60E+03 1.20E+04 1.90E+04 3.00E+04
 5.76E-14 9.17E-14 1.30E-13 1.46E-13 1.29E-13 9.63E-14 6.32E-14 3.81E-14
 2.17E-14 1.19E-14 6.46E-15 3.49E-15 1.87E-15 9.97E-16 5.33E-16 2.85E-16
 1.53E-16 8.24E-17 4.44E-17 2.40E-17
 5.52E-14 8.22E-14 1.14E-13 1.27E-13 1.14E-13 8.50E-14 5.61E-14 3.40E-14
 1.94E-14 1.07E-14 5.81E-15 3.15E-15 1.70E-15 9.11E-16 4.89E-16 2.63E-16
 1.42E-16 7.68E-17 4.16E-17 2.26E-17
 5.36E-14 7.44E-14 1.00E-13 1.11E-13 1.00E-13 7.54E-14 5.00E-14 3.04E-14
 1.74E-14 9.61E-15 5.25E-15 2.86E-15 1.55E-15 8.35E-16 4.51E-16 2.44E-16
 1.32E-16 7.20E-17 3.92E-17 2.14E-17
 5.43E-14 6.96E-14 9.01E-14 9.93E-14 8.93E-14 6.74E-14 4.48E-14 2.73E-14
 1.57E-14 8.67E-15 4.75E-15 2.60E-15 1.42E-15 7.68E-16 4.17E-16 2.27E-16
 1.24E-16 6.77E-17 3.70E-17 2.03E-17
 5.92E-14 6.38E-14 7.51E-14 7.95E-14 7.04E-14 5.31E-14 3.55E-14 2.19E-14
 1.27E-14 7.17E-15 4.00E-15 2.23E-15 1.24E-15 6.82E-16 3.76E-16 2.08E-16
 1.14E-16 6.31E-17 3.48E-17 1.92E-17
 5.38E-14 4.04E-14 3.90E-14 3.74E-14 3.16E-14 2.34E-14 1.56E-14 9.79E-15
 5.86E-15 3.42E-15 2.00E-15 1.17E-15 6.84E-16 3.99E-16 2.32E-16 1.35E-16
 7.80E-17 4.51E-17 2.60E-17 1.49E-17
  456.247    6  20 /pl=01:ss= 1:pp= 1:sz= 1/type=RECOM/ispp = t/isel =   33
 1.00E+10 1.00E+11 1.00E+12 1.00E+13 1.00E+14 1.00E+15
 5.00E+00 7.90E+00 1.25E+01 1.97E+01 3.12E+01 4.93E+01 7.80E+01 1.23E+02
 1.95E+02 3.08E+02 4.87E+02 7.70E+02 1.22E+03 1.92E+03 3.04E+03 4.81E+03
 7.60E+03 1.20E+04 1.90E+04 3.00E+04
 3.61E-13 7.79E-13 1.18E-12 1.27E-12 1.06E-12 7.55E-13 4.78E-13 2.82E-13
 1.58E-13 8.62E-14 4.62E-14 2.46E-14 1.29E-14 6.61E-15 3.41E-15 1.76E-15
 9.13E-16 4.74E-16 2.47E-16 1.29E-16
 3.09E-13 6.02E-13 8.84E-13 9.44E-13 7.94E-13 5.66E-13 3.61E-13 2.13E-13
 1.20E-13 6.59E-14 3.56E-14 1.91E-14 1.00E-14 5.20E-15 2.70E-15 1.40E-15
 7.33E-16 3.84E-16 2.02E-16 1.06E-16
 2.55E-13 4.28E-13 5.93E-13 6.23E-13 5.24E-13 3.76E-13 2.42E-13 1.45E-13
 8.31E-14 4.61E-14 2.53E-14 1.38E-14 7.36E-15 3.87E-15 2.03E-15 1.07E-15
 5.68E-16 3.01E-16 1.60E-16 8.57E-17
 1.47E-13 1.82E-13 2.18E-13 2.17E-13 1.81E-13 1.32E-13 8.78E-14 5.50E-14
 3.30E-14 1.94E-14 1.13E-14 6.55E-15 3.72E-15 2.07E-15 1.15E-15 6.38E-16
 3.53E-16 1.96E-16 1.08E-16 6.01E-17
 1.72E-14 1.38E-14 1.36E-14 1.28E-14 1.09E-14 8.27E-15 5.83E-15 3.92E-15
 2.57E-15 1.67E-15 1.09E-15 7.17E-16 4.65E-16 2.97E-16 1.89E-16 1.20E-16
 7.57E-17 4.77E-17 2.99E-17 1.87E-17
 9.29E-16 5.08E-16 4.19E-16 3.70E-16 3.05E-16 2.28E-16 1.59E-16 1.06E-16
 6.99E-17 4.61E-17 3.08E-17 2.10E-17 1.43E-17 9.79E-18 6.71E-18 4.61E-18
 3.17E-18 2.18E-18 1.50E-18 1.03E-18
  461.281    6  20 /pl=01:ss= 1:pp= 1:sz= 1/type=RECOM/ispp = t/isel =   34
 1.00E+10 1.00E+11 1.00E+12 1.00E+13 1.00E+14 1.00E+15
 5.00E+00 7.90E+00 1.25E+01 1.97E+01 3.12E+01 4.93E+01 7.80E+01 1.23E+02
 1.95E+02 3.08E+02 4.87E+02 7.70E+02 1.22E+03 1.92E+03 3.04E+03 4.81E+03
 7.60E+03 1.20E+04 1.90E+04 3.00E+04
 1.09E-19 1.42E-19 2.26E-19 3.33E-19 3.63E-19 3.09E-19 2.21E-19 1.40E-19
 8.14E-20 4.50E-20 2.45E-20 1.33E-20 7.24E-21 3.93E-21 2.13E-21 1.16E-21
 6.28E-22 3.41E-22 1.86E-22 1.01E-22
 1.32E-19 1.69E-19 2.50E-19 3.47E-19 3.68E-19 3.09E-19 2.19E-19 1.38E-19
 8.01E-20 4.41E-20 2.40E-20 1.30E-20 7.09E-21 3.84E-21 2.09E-21 1.13E-21
 6.17E-22 3.36E-22 1.83E-22 9.95E-23
 4.12E-19 5.33E-19 6.41E-19 6.63E-19 5.70E-19 4.18E-19 2.73E-19 1.62E-19
 9.00E-20 4.79E-20 2.54E-20 1.36E-20 7.26E-21 3.90E-21 2.10E-21 1.14E-21
 6.15E-22 3.34E-22 1.82E-22 9.87E-23
 5.73E-18 6.35E-18 6.38E-18 5.16E-18 3.44E-18 2.00E-18 1.07E-18 5.32E-19
 2.50E-19 1.14E-19 5.20E-20 2.44E-20 1.17E-20 5.64E-21 2.80E-21 1.41E-21
 7.26E-22 3.78E-22 1.99E-22 1.06E-22
 5.16E-17 4.03E-17 3.50E-17 2.71E-17 1.78E-17 1.02E-17 5.37E-18 2.66E-18
 1.24E-18 5.51E-19 2.46E-19 1.12E-19 5.10E-20 2.31E-20 1.05E-20 4.85E-21
 2.24E-21 1.05E-21 4.93E-22 2.34E-22
 1.82E-16 1.10E-16 8.73E-17 6.80E-17 4.59E-17 2.68E-17 1.42E-17 7.04E-18
 3.28E-18 1.47E-18 6.60E-19 3.04E-19 1.41E-19 6.62E-20 3.12E-20 1.48E-20
 7.06E-21 3.38E-21 1.62E-21 7.82E-22
  1163.30    6  20 /pl=01:ss= 1:pp= 1:sz= 1/type=RECOM/ispp = t/isel =   35
 1.00E+10 1.00E+11 1.00E+12 1.00E+13 1.00E+14 1.00E+15
 5.00E+00 7.90E+00 1.25E+01 1.97E+01 3.12E+01 4.93E+01 7.80E+01 1.23E+02
 1.95E+02 3.08E+02 4.87E+02 7.70E+02 1.22E+03 1.92E+03 3.04E+03 4.81E+03
 7.60E+03 1.20E+04 1.90E+04 3.00E+04
 9.28E-19 1.20E-18 1.69E-18 2.08E-18 1.96E-18 1.52E-18 1.03E-18 6.36E-19
 3.67E-19 2.04E-19 1.12E-19 6.17E-20 3.40E-20 1.87E-20 1.03E-20 5.65E-21
 3.11E-21 1.71E-21 9.40E-22 5.17E-22
 9.30E-19 1.20E-18 1.69E-18 2.08E-18 1.96E-18 1.52E-18 1.03E-18 6.37E-19
 3.68E-19 2.04E-19 1.12E-19 6.18E-20 3.40E-20 1.87E-20 1.03E-20 5.65E-21
 3.11E-21 1.71E-21 9.40E-22 5.17E-22
 9.50E-19 1.21E-18 1.71E-18 2.10E-18 1.98E-18 1.53E-18 1.04E-18 6.40E-19
 3.69E-19 2.05E-19 1.13E-19 6.20E-20 3.41E-20 1.87E-20 1.03E-20 5.66E-21
 3.11E-21 1.71E-21 9.41E-22 5.17E-22
 1.14E-18 1.35E-18 1.84E-18 2.24E-18 2.09E-18 1.61E-18 1.09E-18 6.68E-19
 3.84E-19 2.12E-19 1.16E-19 6.36E-20 3.49E-20 1.91E-20 1.05E-20 5.75E-21
 3.15E-21 1.73E-21 9.50E-22 5.22E-22
 2.07E-18 1.81E-18 2.08E-18 2.35E-18 2.14E-18 1.63E-18 1.10E-18 6.82E-19
 3.96E-19 2.21E-19 1.22E-19 6.73E-20 3.70E-20 2.04E-20 1.12E-20 6.12E-21
 3.35E-21 1.84E-21 1.00E-21 5.49E-22
 1.83E-18 1.11E-18 9.22E-19 8.79E-19 7.50E-19 5.66E-19 3.89E-19 2.50E-19
 1.54E-19 9.23E-20 5.51E-20 3.29E-20 1.96E-20 1.16E-20 6.89E-21 4.05E-21
 2.37E-21 1.37E-21 7.93E-22 4.55E-22
  1232.88    6  20 /pl=01:ss= 1:pp= 1:sz= 1/type=RECOM/ispp = t/isel =   36
 1.00E+10 1.00E+11 1.00E+12 1.00E+13 1.00E+14 1.00E+15
 5.00E+00 7.90E+00 1.25E+01 1.97E+01 3.12E+01 4.93E+01 7.80E+01 1.23E+02
 1.95E+02 3.08E+02 4.87E+02 7.70E+02 1.22E+03 1.92E+03 3.04E+03 4.81E+03
 7.60E+03 1.20E+04 1.90E+04 3.00E+04
 8.29E-16 1.07E-15 1.51E-15 1.86E-15 1.75E-15 1.36E-15 9.20E-16 5.68E-16
 3.28E-16 1.82E-16 1.00E-16 5.51E-17 3.03E-17 1.67E-17 9.17E-18 5.04E-18
 2.77E-18 1.53E-18 8.39E-19 4.61E-19
 8.30E-16 1.07E-15 1.51E-15 1.86E-15 1.75E-15 1.36E-15 9.21E-16 5.68E-16
 3.28E-16 1.82E-16 1.00E-16 5.51E-17 3.03E-17 1.67E-17 9.17E-18 5.04E-18
 2.77E-18 1.53E-18 8.39E-19 4.61E-19
 8.48E-16 1.08E-15 1.53E-15 1.88E-15 1.77E-15 1.37E-15 9.27E-16 5.72E-16
 3.30E-16 1.83E-16 1.01E-16 5.53E-17 3.04E-17 1.67E-17 9.19E-18 5.05E-18
 2.78E-18 1.53E-18 8.40E-19 4.62E-19
 1.01E-15 1.20E-15 1.64E-15 2.00E-15 1.87E-15 1.44E-15 9.71E-16 5.97E-16
 3.43E-16 1.90E-16 1.04E-16 5.68E-17 3.11E-17 1.71E-17 9.36E-18 5.13E-18
 2.82E-18 1.55E-18 8.49E-19 4.66E-19
 1.85E-15 1.62E-15 1.86E-15 2.10E-15 1.91E-15 1.46E-15 9.83E-16 6.09E-16
 3.53E-16 1.97E-16 1.09E-16 6.01E-17 3.31E-17 1.82E-17 9.98E-18 5.47E-18
 3.00E-18 1.64E-18 8.97E-19 4.91E-19
 1.63E-15 9.92E-16 8.24E-16 7.85E-16 6.70E-16 5.05E-16 3.47E-16 2.24E-16
 1.37E-16 8.24E-17 4.92E-17 2.94E-17 1.75E-17 1.04E-17 6.15E-18 3.62E-18
 2.11E-18 1.23E-18 7.08E-19 4.06E-19
C-------------------------------------------------------------------------------
C
C  root partition information
C  ==========================
C
C  nuclear charge : 10
C  ion charge+1   :  2
C
C  population calculation information
C  ----------------------------------
C
C  population processing code: ADAS208
C
C  adf04 source file    : /home/adas/adas/adf04/adas#10/cop98#10_ls#ne1.dat
C  adf18/a17_p208 file  : /home/adas/adas/adf18/a17_p208/exp96#f/exp96#f_ne1ls.dat
C
C  meta. ion. coeff. selector  : (1,1)=T    (1,2)=T    (1,3)=T
C
C  options  : lnorm =T  lpsel =F  lzsel =F  liosel=T
C           : lhsel =F  lrsel =T  lisel =F  lnsel =T
C
C  energy levels
C  -------------
C
C   lv      configuration    (2S+1)L(w-1/2)      energy (cm^-1)
C  ---   ------------------- --------------      --------------
C    1   2S2 2P5                (2)1(  2.5)             0.0
C    2   2S1 2P6                (2)0(  0.5)        216787.5
C    3   2S2 2P4 3S1            (4)1(  5.5)        219179.3
C    4   2S2 2P4 3S1            (2)1(  2.5)        224031.0
C    5   2S2 2P4 3P1            (4)1(  5.5)        246074.1
C    6   2S2 2P4 3S1            (2)2(  4.5)        246135.4
C    7   2S2 2P4 3P1            (4)2(  9.5)        249140.2
C    8   2S2 2P4 3P1            (2)2(  4.5)        250955.5
C    9   2S2 2P4 3P1            (2)0(  0.5)        252538.4
C   10   2S2 2P4 3P1            (4)0(  1.5)        252693.4
C   11   2S2 2P4 3P1            (2)1(  2.5)        253947.3
C   12   2S2 2P4 3P1            (2)3(  6.5)        274129.9
C   13   2S2 2P4 3P1            (2)1(  2.5)        276095.1
C   14   2S2 2P4 3S1            (2)0(  0.5)        276417.0
C   15   2S2 2P4 3P1            (2)2(  4.5)        277076.7
C   16   2S2 2P4 3D1            (4)2(  9.5)        278967.8
C   17   2S2 2P4 3D1            (2)2(  4.5)        280090.7
C   18   2S2 2P4 3D1            (4)3( 13.5)        280182.8
C   19   2S2 2P4 3D1            (2)3(  6.5)        280580.0
C   20   2S2 2P4 3D1            (4)1(  5.5)        280783.5
C   21   2S2 2P4 3D1            (2)1(  2.5)        281331.0
C   22   2S2 2P4 3D1            (2)4(  8.5)        305104.4
C   23   2S2 2P4 3P1            (2)1(  2.5)        305141.7
C   24   2S2 2P4 3D1            (2)1(  2.5)        305311.9
C   25   2S2 2P4 3D1            (2)0(  0.5)        305751.0
C   26   2S2 2P4 3D1            (2)2(  4.5)        305991.1
C   27   2S2 2P4 3D1            (2)3(  6.5)        306427.4
C   28   2S2 2P4 3D1            (2)2(  4.5)        327700.0
C
C
C
C-------------------------------------------------------------------------------
C
C  element symbol   : NE
C  charge state :  1
C
C  tabulation       : photon emissivity coefft (te,ne)
C  units            : ph. emis coef(cm^3 s^-1); te (ev); ne (cm^-3)
C
C  photon emissivity atomic transitions
C  ------------------------------------
C  
C   isel  wvlen(A)            transition                type  ispb nspb
C                                                             ispp nspp sz    tg pr wr
C  ----- ---------- ----------------------------------- ----- ---- ---- --    -- -- --
C      1   305.157   28(2)2(  4.5)-  1(2)1(  2.5)       EXCIT   1    1   1    27 13  1
C      2   326.342   27(2)3(  6.5)-  1(2)1(  2.5)       EXCIT   1    1   1    26 18  2
C      3   326.807   26(2)2(  4.5)-  1(2)1(  2.5)       EXCIT   1    1   1    25  8  3
C      4   327.064   25(2)0(  0.5)-  1(2)1(  2.5)       EXCIT   1    1   1    24 10  4
C      5   327.534   24(2)1(  2.5)-  1(2)1(  2.5)       EXCIT   1    1   1    23  6  5
C      6   355.453   21(2)1(  2.5)-  1(2)1(  2.5)       EXCIT   1    1   1    20  7  6
C      7   356.146   20(4)1(  5.5)-  1(2)1(  2.5)       EXCIT   1    1   1    19 12  7
C      8   356.405   19(2)3(  6.5)-  1(2)1(  2.5)       EXCIT   1    1   1    18 16  8
C      9   356.910   18(4)3( 13.5)-  1(2)1(  2.5)       EXCIT   1    1   1    17  5  9
C     10   357.027   17(2)2(  4.5)-  1(2)1(  2.5)       EXCIT   1    1   1    16 11 10
C     11   358.464   16(4)2(  9.5)-  1(2)1(  2.5)       EXCIT   1    1   1    15 15 11
C     12   361.772   14(2)0(  0.5)-  1(2)1(  2.5)       EXCIT   1    1   1    13 14 12
C     13   406.280    6(2)2(  4.5)-  1(2)1(  2.5)       EXCIT   1    1   1     5  3 13
C     14   446.367    4(2)1(  2.5)-  1(2)1(  2.5)       EXCIT   1    1   1     3  2 14
C     15   456.247    3(4)1(  5.5)-  1(2)1(  2.5)       EXCIT   1    1   1     2  4 15
C     16   461.281    2(2)0(  0.5)-  1(2)1(  2.5)       EXCIT   1    1   1     1  1 16
C     17   1163.30   23(2)1(  2.5)-  3(4)1(  5.5)       EXCIT   1    1   1    63 17 17
C     18   1232.88   23(2)1(  2.5)-  4(2)1(  2.5)       EXCIT   1    1   1    73  9 18
C     19   305.157   28(2)2(  4.5)-  1(2)1(  2.5)       RECOM   1    3   1    27 13  1
C     20   326.342   27(2)3(  6.5)-  1(2)1(  2.5)       RECOM   1    3   1    26 18  2
C     21   326.807   26(2)2(  4.5)-  1(2)1(  2.5)       RECOM   1    3   1    25  8  3
C     22   327.064   25(2)0(  0.5)-  1(2)1(  2.5)       RECOM   1    3   1    24 10  4
C     23   327.534   24(2)1(  2.5)-  1(2)1(  2.5)       RECOM   1    3   1    23  6  5
C     24   355.453   21(2)1(  2.5)-  1(2)1(  2.5)       RECOM   1    3   1    20  7  6
C     25   356.146   20(4)1(  5.5)-  1(2)1(  2.5)       RECOM   1    3   1    19 12  7
C     26   356.405   19(2)3(  6.5)-  1(2)1(  2.5)       RECOM   1    3   1    18 16  8
C     27   356.910   18(4)3( 13.5)-  1(2)1(  2.5)       RECOM   1    3   1    17  5  9
C     28   357.027   17(2)2(  4.5)-  1(2)1(  2.5)       RECOM   1    3   1    16 11 10
C     29   358.464   16(4)2(  9.5)-  1(2)1(  2.5)       RECOM   1    3   1    15 15 11
C     30   361.772   14(2)0(  0.5)-  1(2)1(  2.5)       RECOM   1    3   1    13 14 12
C     31   406.280    6(2)2(  4.5)-  1(2)1(  2.5)       RECOM   1    3   1     5  3 13
C     32   446.367    4(2)1(  2.5)-  1(2)1(  2.5)       RECOM   1    3   1     3  2 14
C     33   456.247    3(4)1(  5.5)-  1(2)1(  2.5)       RECOM   1    3   1     2  4 15
C     34   461.281    2(2)0(  0.5)-  1(2)1(  2.5)       RECOM   1    3   1     1  1 16
C     35   1163.30   23(2)1(  2.5)-  3(4)1(  5.5)       RECOM   1    3   1    63 17 17
C     36   1232.88   23(2)1(  2.5)-  4(2)1(  2.5)       RECOM   1    3   1    73  9 18
C-------------------------------------------------------------------------------
C
C  CODE     : adas208
C  PRODUCER : Carraro Lorella
C  DATE     : 25/03/21
C
C-------------------------------------------------------------------------------
