   50    /AR:14 photon emissivity coefficients/
--------------------------------------------------------------------------------
    1    1    1    1    1    1    1    1    1    1    1    1    1    1
    1    1    1    1    1
--------------------------------------------------------------------------------
//#01/p00/ 00/p01/ 01/p02/ 02/p03/ 03/p04/ 04/p05/ 05/p06/ 06/p07/ 07/p08/ 08/  
      p09/ 09/p10/ 10/p11/ 11/p12/ 12/p13/ 13/p14/ 14/p15/ 15/p16/ 16/p17/ 17/  
      p18/ 18/                                                                  
--------------------------------------------------------------------------------
  15.7055    7  14 /pl=01:ss=14:pb= 1:sz=14/type=excit/ispb = t/isel =    1
 1.00E+10 1.00E+11 1.00E+12 1.00E+13 1.00E+14 1.00E+15 1.00E+16
 3.88E+00 5.82E+00 9.69E+00 1.94E+01 3.88E+01 9.69E+01 1.94E+02 2.91E+02
 3.88E+02 5.82E+02 9.69E+02 1.94E+03 3.88E+03 5.82E+03
 1.00E-74 1.00E-74 1.00E-74 2.88E-29 1.43E-20 1.84E-15 7.82E-14 2.57E-13
 4.49E-13 7.69E-13 1.14E-12 1.48E-12 1.64E-12 1.66E-12
 1.00E-74 1.00E-74 1.00E-74 2.88E-29 1.43E-20 1.84E-15 7.81E-14 2.56E-13
 4.49E-13 7.69E-13 1.14E-12 1.48E-12 1.63E-12 1.65E-12
 1.00E-74 1.00E-74 1.00E-74 2.88E-29 1.43E-20 1.83E-15 7.81E-14 2.56E-13
 4.48E-13 7.68E-13 1.14E-12 1.48E-12 1.63E-12 1.65E-12
 1.00E-74 1.00E-74 8.45E-47 2.88E-29 1.43E-20 1.83E-15 7.81E-14 2.56E-13
 4.48E-13 7.68E-13 1.14E-12 1.48E-12 1.63E-12 1.65E-12
 1.00E-74 1.00E-74 8.45E-47 2.88E-29 1.42E-20 1.83E-15 7.80E-14 2.56E-13
 4.48E-13 7.67E-13 1.14E-12 1.47E-12 1.63E-12 1.65E-12
 1.00E-74 1.00E-74 8.56E-47 2.89E-29 1.42E-20 1.82E-15 7.73E-14 2.54E-13
 4.44E-13 7.60E-13 1.13E-12 1.46E-12 1.62E-12 1.64E-12
 1.00E-74 1.00E-74 9.15E-47 2.89E-29 1.34E-20 1.67E-15 7.12E-14 2.35E-13
 4.12E-13 7.08E-13 1.05E-12 1.37E-12 1.53E-12 1.55E-12
  16.1783    7  14 /pl=01:ss=14:pb= 1:sz=14/type=excit/ispb = t/isel =    2
 1.00E+10 1.00E+11 1.00E+12 1.00E+13 1.00E+14 1.00E+15 1.00E+16
 3.88E+00 5.82E+00 9.69E+00 1.94E+01 3.88E+01 9.69E+01 1.94E+02 2.91E+02
 3.88E+02 5.82E+02 9.69E+02 1.94E+03 3.88E+03 5.82E+03
 1.00E-74 1.00E-74 1.00E-74 1.74E-28 4.80E-20 4.41E-15 1.67E-13 5.26E-13
 9.10E-13 1.52E-12 2.22E-12 2.85E-12 3.13E-12 3.16E-12
 1.00E-74 1.00E-74 1.00E-74 1.74E-28 4.80E-20 4.40E-15 1.67E-13 5.25E-13
 9.10E-13 1.52E-12 2.21E-12 2.84E-12 3.12E-12 3.15E-12
 1.00E-74 1.00E-74 1.75E-45 1.74E-28 4.80E-20 4.40E-15 1.67E-13 5.25E-13
 9.09E-13 1.52E-12 2.21E-12 2.84E-12 3.12E-12 3.15E-12
 1.00E-74 1.00E-74 1.66E-45 1.74E-28 4.80E-20 4.40E-15 1.67E-13 5.25E-13
 9.09E-13 1.52E-12 2.21E-12 2.84E-12 3.12E-12 3.15E-12
 1.00E-74 1.00E-74 1.66E-45 1.74E-28 4.79E-20 4.40E-15 1.67E-13 5.24E-13
 9.08E-13 1.52E-12 2.21E-12 2.84E-12 3.11E-12 3.14E-12
 1.00E-74 1.00E-74 1.66E-45 1.73E-28 4.74E-20 4.34E-15 1.65E-13 5.18E-13
 8.97E-13 1.50E-12 2.19E-12 2.81E-12 3.09E-12 3.12E-12
 1.00E-74 1.00E-74 1.70E-45 1.66E-28 4.32E-20 3.87E-15 1.48E-13 4.68E-13
 8.15E-13 1.38E-12 2.02E-12 2.63E-12 2.91E-12 2.96E-12
  16.7702    7  14 /pl=01:ss=14:pb= 1:sz=14/type=excit/ispb = t/isel =    3
 1.00E+10 1.00E+11 1.00E+12 1.00E+13 1.00E+14 1.00E+15 1.00E+16
 3.88E+00 5.82E+00 9.69E+00 1.94E+01 3.88E+01 9.69E+01 1.94E+02 2.91E+02
 3.88E+02 5.82E+02 9.69E+02 1.94E+03 3.88E+03 5.82E+03
 1.00E-74 1.00E-74 1.00E-74 3.65E-29 1.82E-20 2.35E-15 9.76E-14 3.10E-13
 5.33E-13 8.58E-13 1.15E-12 1.23E-12 1.08E-12 9.45E-13
 1.00E-74 1.00E-74 1.00E-74 3.65E-29 1.82E-20 2.35E-15 9.76E-14 3.10E-13
 5.33E-13 8.57E-13 1.15E-12 1.23E-12 1.08E-12 9.43E-13
 1.00E-74 1.00E-74 1.00E-74 3.65E-29 1.82E-20 2.34E-15 9.75E-14 3.10E-13
 5.32E-13 8.57E-13 1.15E-12 1.23E-12 1.08E-12 9.41E-13
 1.00E-74 1.00E-74 1.12E-46 3.65E-29 1.82E-20 2.34E-15 9.75E-14 3.10E-13
 5.32E-13 8.56E-13 1.15E-12 1.23E-12 1.08E-12 9.40E-13
 1.00E-74 1.00E-74 1.04E-46 3.65E-29 1.82E-20 2.34E-15 9.74E-14 3.09E-13
 5.31E-13 8.55E-13 1.15E-12 1.23E-12 1.08E-12 9.40E-13
 1.00E-74 1.00E-74 1.04E-46 3.63E-29 1.80E-20 2.31E-15 9.61E-14 3.05E-13
 5.25E-13 8.46E-13 1.14E-12 1.22E-12 1.07E-12 9.35E-13
 1.00E-74 1.00E-74 1.05E-46 3.46E-29 1.63E-20 2.05E-15 8.61E-14 2.76E-13
 4.78E-13 7.77E-13 1.06E-12 1.14E-12 1.02E-12 8.96E-13
  16.8032    7  14 /pl=01:ss=14:pb= 1:sz=14/type=excit/ispb = t/isel =    4
 1.00E+10 1.00E+11 1.00E+12 1.00E+13 1.00E+14 1.00E+15 1.00E+16
 3.88E+00 5.82E+00 9.69E+00 1.94E+01 3.88E+01 9.69E+01 1.94E+02 2.91E+02
 3.88E+02 5.82E+02 9.69E+02 1.94E+03 3.88E+03 5.82E+03
 1.00E-74 1.00E-74 1.00E-74 9.19E-30 4.42E-21 5.59E-16 2.32E-14 7.40E-14
 1.27E-13 2.06E-13 2.80E-13 3.06E-13 2.74E-13 2.44E-13
 1.00E-74 1.00E-74 1.00E-74 9.19E-30 4.42E-21 5.59E-16 2.32E-14 7.40E-14
 1.27E-13 2.06E-13 2.79E-13 3.06E-13 2.74E-13 2.44E-13
 1.00E-74 1.00E-74 4.18E-47 9.19E-30 4.42E-21 5.58E-16 2.32E-14 7.39E-14
 1.27E-13 2.06E-13 2.79E-13 3.06E-13 2.73E-13 2.43E-13
 1.00E-74 1.00E-74 2.92E-47 9.18E-30 4.42E-21 5.58E-16 2.32E-14 7.39E-14
 1.27E-13 2.06E-13 2.79E-13 3.05E-13 2.73E-13 2.43E-13
 1.00E-74 1.00E-74 2.80E-47 9.16E-30 4.40E-21 5.56E-16 2.31E-14 7.37E-14
 1.26E-13 2.06E-13 2.78E-13 3.05E-13 2.73E-13 2.43E-13
 1.00E-74 1.00E-74 2.72E-47 8.88E-30 4.27E-21 5.41E-16 2.26E-14 7.21E-14
 1.24E-13 2.02E-13 2.74E-13 3.01E-13 2.70E-13 2.41E-13
 1.00E-74 1.00E-74 2.15E-47 6.85E-30 3.25E-21 4.21E-16 1.82E-14 5.93E-14
 1.04E-13 1.72E-13 2.39E-13 2.70E-13 2.48E-13 2.23E-13
  17.0325    7  14 /pl=01:ss=14:pb= 1:sz=14/type=excit/ispb = t/isel =    5
 1.00E+10 1.00E+11 1.00E+12 1.00E+13 1.00E+14 1.00E+15 1.00E+16
 3.88E+00 5.82E+00 9.69E+00 1.94E+01 3.88E+01 9.69E+01 1.94E+02 2.91E+02
 3.88E+02 5.82E+02 9.69E+02 1.94E+03 3.88E+03 5.82E+03
 1.00E-74 1.00E-74 1.50E-43 2.54E-27 2.62E-19 1.36E-14 4.30E-13 1.28E-12
 2.14E-12 3.48E-12 4.96E-12 6.27E-12 6.82E-12 6.87E-12
 1.00E-74 1.00E-74 1.72E-43 2.54E-27 2.62E-19 1.36E-14 4.30E-13 1.28E-12
 2.14E-12 3.48E-12 4.96E-12 6.26E-12 6.81E-12 6.86E-12
 1.00E-74 1.00E-74 1.75E-43 2.54E-27 2.62E-19 1.36E-14 4.30E-13 1.27E-12
 2.14E-12 3.47E-12 4.95E-12 6.25E-12 6.80E-12 6.85E-12
 1.00E-74 1.00E-74 1.75E-43 2.54E-27 2.62E-19 1.36E-14 4.30E-13 1.27E-12
 2.13E-12 3.47E-12 4.95E-12 6.25E-12 6.80E-12 6.84E-12
 1.00E-74 1.00E-74 1.75E-43 2.54E-27 2.62E-19 1.36E-14 4.29E-13 1.27E-12
 2.13E-12 3.47E-12 4.94E-12 6.24E-12 6.79E-12 6.84E-12
 1.00E-74 1.00E-74 1.75E-43 2.52E-27 2.58E-19 1.34E-14 4.23E-13 1.26E-12
 2.11E-12 3.43E-12 4.89E-12 6.19E-12 6.74E-12 6.80E-12
 1.00E-74 1.00E-74 1.75E-43 2.37E-27 2.32E-19 1.18E-14 3.76E-13 1.13E-12
 1.90E-12 3.12E-12 4.50E-12 5.77E-12 6.35E-12 6.44E-12
  17.3006    7  14 /pl=01:ss=14:pb= 1:sz=14/type=excit/ispb = t/isel =    6
 1.00E+10 1.00E+11 1.00E+12 1.00E+13 1.00E+14 1.00E+15 1.00E+16
 3.88E+00 5.82E+00 9.69E+00 1.94E+01 3.88E+01 9.69E+01 1.94E+02 2.91E+02
 3.88E+02 5.82E+02 9.69E+02 1.94E+03 3.88E+03 5.82E+03
 1.00E-74 1.00E-74 1.00E-74 2.12E-28 5.93E-20 5.39E-15 2.00E-13 6.12E-13
 1.03E-12 1.63E-12 2.15E-12 2.29E-12 2.00E-12 1.76E-12
 1.00E-74 1.00E-74 1.00E-74 2.12E-28 5.93E-20 5.39E-15 2.00E-13 6.12E-13
 1.03E-12 1.63E-12 2.15E-12 2.28E-12 1.99E-12 1.75E-12
 1.00E-74 1.00E-74 1.83E-45 2.12E-28 5.93E-20 5.38E-15 1.99E-13 6.11E-13
 1.03E-12 1.63E-12 2.15E-12 2.28E-12 1.99E-12 1.75E-12
 1.00E-74 1.00E-74 1.92E-45 2.12E-28 5.92E-20 5.38E-15 1.99E-13 6.11E-13
 1.03E-12 1.63E-12 2.15E-12 2.28E-12 1.99E-12 1.75E-12
 1.00E-74 1.00E-74 1.93E-45 2.12E-28 5.92E-20 5.37E-15 1.99E-13 6.10E-13
 1.03E-12 1.63E-12 2.14E-12 2.28E-12 1.99E-12 1.75E-12
 1.00E-74 1.00E-74 1.94E-45 2.11E-28 5.85E-20 5.30E-15 1.96E-13 6.03E-13
 1.01E-12 1.61E-12 2.12E-12 2.26E-12 1.97E-12 1.74E-12
 1.00E-74 1.00E-74 1.95E-45 1.99E-28 5.27E-20 4.69E-15 1.75E-13 5.43E-13
 9.19E-13 1.47E-12 1.96E-12 2.12E-12 1.87E-12 1.66E-12
  17.3570    7  14 /pl=01:ss=14:pb= 1:sz=14/type=excit/ispb = t/isel =    7
 1.00E+10 1.00E+11 1.00E+12 1.00E+13 1.00E+14 1.00E+15 1.00E+16
 3.88E+00 5.82E+00 9.69E+00 1.94E+01 3.88E+01 9.69E+01 1.94E+02 2.91E+02
 3.88E+02 5.82E+02 9.69E+02 1.94E+03 3.88E+03 5.82E+03
 1.00E-74 1.00E-74 1.00E-74 6.18E-29 1.62E-20 1.43E-15 5.26E-14 1.62E-13
 2.72E-13 4.33E-13 5.77E-13 6.31E-13 5.62E-13 5.03E-13
 1.00E-74 1.00E-74 7.12E-46 6.18E-29 1.62E-20 1.42E-15 5.26E-14 1.61E-13
 2.72E-13 4.33E-13 5.77E-13 6.30E-13 5.62E-13 5.02E-13
 1.00E-74 1.00E-74 6.41E-46 6.18E-29 1.62E-20 1.42E-15 5.26E-14 1.61E-13
 2.72E-13 4.32E-13 5.76E-13 6.29E-13 5.60E-13 5.01E-13
 1.00E-74 1.00E-74 6.34E-46 6.18E-29 1.62E-20 1.42E-15 5.26E-14 1.61E-13
 2.72E-13 4.32E-13 5.76E-13 6.29E-13 5.60E-13 5.00E-13
 1.00E-74 1.00E-74 6.33E-46 6.17E-29 1.62E-20 1.42E-15 5.25E-14 1.61E-13
 2.71E-13 4.32E-13 5.75E-13 6.28E-13 5.60E-13 5.00E-13
 1.00E-74 1.00E-74 6.26E-46 6.07E-29 1.59E-20 1.39E-15 5.15E-14 1.58E-13
 2.67E-13 4.26E-13 5.68E-13 6.22E-13 5.55E-13 4.96E-13
 1.00E-74 1.00E-74 5.63E-46 5.23E-29 1.33E-20 1.17E-15 4.40E-14 1.37E-13
 2.34E-13 3.77E-13 5.12E-13 5.71E-13 5.17E-13 4.66E-13
  18.2589    7  14 /pl=01:ss=14:pb= 1:sz=14/type=excit/ispb = t/isel =    8
 1.00E+10 1.00E+11 1.00E+12 1.00E+13 1.00E+14 1.00E+15 1.00E+16
 3.88E+00 5.82E+00 9.69E+00 1.94E+01 3.88E+01 9.69E+01 1.94E+02 2.91E+02
 3.88E+02 5.82E+02 9.69E+02 1.94E+03 3.88E+03 5.82E+03
 1.00E-74 1.00E-74 1.65E-43 3.20E-27 3.38E-19 1.72E-14 5.27E-13 1.52E-12
 2.46E-12 3.79E-12 4.89E-12 5.12E-12 4.44E-12 3.90E-12
 1.00E-74 1.00E-74 2.07E-43 3.20E-27 3.38E-19 1.72E-14 5.27E-13 1.51E-12
 2.46E-12 3.79E-12 4.88E-12 5.11E-12 4.44E-12 3.89E-12
 1.00E-74 1.00E-74 2.03E-43 3.20E-27 3.38E-19 1.72E-14 5.27E-13 1.51E-12
 2.46E-12 3.78E-12 4.88E-12 5.10E-12 4.43E-12 3.88E-12
 1.00E-74 1.00E-74 2.03E-43 3.20E-27 3.38E-19 1.72E-14 5.27E-13 1.51E-12
 2.46E-12 3.78E-12 4.88E-12 5.10E-12 4.43E-12 3.88E-12
 1.00E-74 1.00E-74 2.03E-43 3.20E-27 3.38E-19 1.72E-14 5.26E-13 1.51E-12
 2.46E-12 3.78E-12 4.87E-12 5.10E-12 4.42E-12 3.88E-12
 1.00E-74 1.00E-74 2.03E-43 3.18E-27 3.33E-19 1.69E-14 5.19E-13 1.49E-12
 2.43E-12 3.74E-12 4.82E-12 5.06E-12 4.39E-12 3.86E-12
 1.00E-74 1.00E-74 2.02E-43 2.99E-27 2.99E-19 1.49E-14 4.62E-13 1.34E-12
 2.20E-12 3.41E-12 4.45E-12 4.73E-12 4.16E-12 3.67E-12
  18.3689    7  14 /pl=01:ss=14:pb= 1:sz=14/type=excit/ispb = t/isel =    9
 1.00E+10 1.00E+11 1.00E+12 1.00E+13 1.00E+14 1.00E+15 1.00E+16
 3.88E+00 5.82E+00 9.69E+00 1.94E+01 3.88E+01 9.69E+01 1.94E+02 2.91E+02
 3.88E+02 5.82E+02 9.69E+02 1.94E+03 3.88E+03 5.82E+03
 1.00E-74 1.00E-74 9.01E-44 1.08E-27 1.04E-19 5.00E-15 1.51E-13 4.35E-13
 7.07E-13 1.09E-12 1.43E-12 1.53E-12 1.36E-12 1.22E-12
 1.00E-74 1.00E-74 8.50E-44 1.08E-27 1.04E-19 5.00E-15 1.51E-13 4.35E-13
 7.07E-13 1.09E-12 1.43E-12 1.53E-12 1.36E-12 1.21E-12
 1.00E-74 1.00E-74 8.46E-44 1.08E-27 1.04E-19 4.99E-15 1.51E-13 4.34E-13
 7.06E-13 1.09E-12 1.43E-12 1.53E-12 1.36E-12 1.21E-12
 1.00E-74 1.00E-74 8.47E-44 1.08E-27 1.04E-19 4.99E-15 1.51E-13 4.34E-13
 7.06E-13 1.09E-12 1.42E-12 1.53E-12 1.36E-12 1.21E-12
 1.00E-74 1.00E-74 8.46E-44 1.08E-27 1.04E-19 4.99E-15 1.51E-13 4.34E-13
 7.05E-13 1.09E-12 1.42E-12 1.53E-12 1.36E-12 1.21E-12
 1.00E-74 1.00E-74 8.42E-44 1.07E-27 1.02E-19 4.90E-15 1.49E-13 4.28E-13
 6.96E-13 1.08E-12 1.41E-12 1.51E-12 1.35E-12 1.20E-12
 1.00E-74 1.00E-74 8.01E-44 9.68E-28 8.88E-20 4.23E-15 1.30E-13 3.78E-13
 6.21E-13 9.71E-13 1.29E-12 1.40E-12 1.27E-12 1.14E-12
  18.8798    7  14 /pl=01:ss=14:pb= 1:sz=14/type=excit/ispb = t/isel =   10
 1.00E+10 1.00E+11 1.00E+12 1.00E+13 1.00E+14 1.00E+15 1.00E+16
 3.88E+00 5.82E+00 9.69E+00 1.94E+01 3.88E+01 9.69E+01 1.94E+02 2.91E+02
 3.88E+02 5.82E+02 9.69E+02 1.94E+03 3.88E+03 5.82E+03
 1.00E-74 1.00E-74 6.96E-40 2.54E-25 4.17E-18 7.34E-14 1.65E-12 4.40E-12
 7.01E-12 1.09E-11 1.50E-11 1.85E-11 2.00E-11 2.00E-11
 1.00E-74 1.00E-74 6.96E-40 2.54E-25 4.16E-18 7.33E-14 1.65E-12 4.40E-12
 7.00E-12 1.09E-11 1.50E-11 1.85E-11 2.00E-11 2.00E-11
 1.00E-74 1.00E-74 6.96E-40 2.54E-25 4.16E-18 7.33E-14 1.65E-12 4.39E-12
 7.00E-12 1.09E-11 1.50E-11 1.84E-11 1.99E-11 1.99E-11
 1.00E-74 1.00E-74 6.96E-40 2.54E-25 4.16E-18 7.33E-14 1.65E-12 4.39E-12
 6.99E-12 1.09E-11 1.50E-11 1.84E-11 1.99E-11 1.99E-11
 1.00E-74 1.00E-74 6.96E-40 2.54E-25 4.16E-18 7.32E-14 1.65E-12 4.39E-12
 6.99E-12 1.09E-11 1.50E-11 1.84E-11 1.99E-11 1.99E-11
 1.00E-74 1.00E-74 6.95E-40 2.52E-25 4.10E-18 7.21E-14 1.63E-12 4.33E-12
 6.90E-12 1.07E-11 1.48E-11 1.82E-11 1.98E-11 1.98E-11
 1.00E-74 1.00E-74 6.86E-40 2.35E-25 3.66E-18 6.33E-14 1.44E-12 3.87E-12
 6.21E-12 9.75E-12 1.36E-11 1.70E-11 1.86E-11 1.88E-11
  20.3329    7  14 /pl=01:ss=14:pb= 1:sz=14/type=excit/ispb = t/isel =   11
 1.00E+10 1.00E+11 1.00E+12 1.00E+13 1.00E+14 1.00E+15 1.00E+16
 3.88E+00 5.82E+00 9.69E+00 1.94E+01 3.88E+01 9.69E+01 1.94E+02 2.91E+02
 3.88E+02 5.82E+02 9.69E+02 1.94E+03 3.88E+03 5.82E+03
 1.00E-74 1.00E-74 7.84E-40 3.47E-25 6.13E-18 1.07E-13 2.30E-12 5.88E-12
 8.99E-12 1.31E-11 1.61E-11 1.64E-11 1.41E-11 1.23E-11
 1.00E-74 1.00E-74 7.84E-40 3.47E-25 6.13E-18 1.07E-13 2.30E-12 5.88E-12
 8.99E-12 1.31E-11 1.61E-11 1.64E-11 1.41E-11 1.23E-11
 1.00E-74 1.00E-74 7.84E-40 3.47E-25 6.13E-18 1.07E-13 2.29E-12 5.87E-12
 8.98E-12 1.31E-11 1.61E-11 1.63E-11 1.41E-11 1.23E-11
 1.00E-74 1.00E-74 7.84E-40 3.47E-25 6.13E-18 1.07E-13 2.29E-12 5.87E-12
 8.98E-12 1.31E-11 1.61E-11 1.63E-11 1.41E-11 1.23E-11
 1.00E-74 1.00E-74 7.84E-40 3.46E-25 6.12E-18 1.06E-13 2.29E-12 5.86E-12
 8.96E-12 1.31E-11 1.61E-11 1.63E-11 1.41E-11 1.23E-11
 1.00E-74 1.00E-74 7.83E-40 3.44E-25 6.04E-18 1.05E-13 2.26E-12 5.79E-12
 8.86E-12 1.29E-11 1.59E-11 1.62E-11 1.40E-11 1.22E-11
 1.00E-74 1.00E-74 7.79E-40 3.22E-25 5.41E-18 9.24E-14 2.01E-12 5.20E-12
 8.01E-12 1.18E-11 1.47E-11 1.51E-11 1.32E-11 1.16E-11
  20.6064    7  14 /pl=01:ss=14:pb= 1:sz=14/type=excit/ispb = t/isel =   12
 1.00E+10 1.00E+11 1.00E+12 1.00E+13 1.00E+14 1.00E+15 1.00E+16
 3.88E+00 5.82E+00 9.69E+00 1.94E+01 3.88E+01 9.69E+01 1.94E+02 2.91E+02
 3.88E+02 5.82E+02 9.69E+02 1.94E+03 3.88E+03 5.82E+03
 1.00E-74 1.00E-74 5.35E-40 1.56E-25 2.25E-18 3.52E-14 7.36E-13 1.87E-12
 2.87E-12 4.20E-12 5.24E-12 5.46E-12 4.82E-12 4.30E-12
 1.00E-74 1.00E-74 5.35E-40 1.56E-25 2.25E-18 3.52E-14 7.35E-13 1.87E-12
 2.87E-12 4.19E-12 5.23E-12 5.45E-12 4.82E-12 4.30E-12
 1.00E-74 1.00E-74 5.35E-40 1.56E-25 2.25E-18 3.52E-14 7.35E-13 1.87E-12
 2.87E-12 4.19E-12 5.23E-12 5.44E-12 4.81E-12 4.29E-12
 1.00E-74 1.00E-74 5.35E-40 1.56E-25 2.25E-18 3.52E-14 7.35E-13 1.87E-12
 2.87E-12 4.19E-12 5.23E-12 5.44E-12 4.81E-12 4.28E-12
 1.00E-74 1.00E-74 5.35E-40 1.56E-25 2.25E-18 3.51E-14 7.34E-13 1.87E-12
 2.87E-12 4.18E-12 5.22E-12 5.43E-12 4.80E-12 4.28E-12
 1.00E-74 1.00E-74 5.33E-40 1.55E-25 2.22E-18 3.46E-14 7.23E-13 1.84E-12
 2.83E-12 4.13E-12 5.17E-12 5.39E-12 4.77E-12 4.25E-12
 1.00E-74 1.00E-74 5.17E-40 1.42E-25 1.95E-18 3.01E-14 6.37E-13 1.64E-12
 2.54E-12 3.75E-12 4.74E-12 5.01E-12 4.49E-12 4.03E-12
  22.0845    7  14 /pl=01:ss=14:pb= 1:sz=14/type=excit/ispb = t/isel =   13
 1.00E+10 1.00E+11 1.00E+12 1.00E+13 1.00E+14 1.00E+15 1.00E+16
 3.88E+00 5.82E+00 9.69E+00 1.94E+01 3.88E+01 9.69E+01 1.94E+02 2.91E+02
 3.88E+02 5.82E+02 9.69E+02 1.94E+03 3.88E+03 5.82E+03
 1.00E-74 1.00E-74 8.36E-42 3.05E-27 5.01E-20 8.82E-16 1.99E-14 5.29E-14
 8.42E-14 1.31E-13 1.81E-13 2.22E-13 2.40E-13 2.41E-13
 1.00E-74 1.00E-74 8.36E-42 3.05E-27 5.01E-20 8.81E-16 1.99E-14 5.29E-14
 8.42E-14 1.31E-13 1.80E-13 2.22E-13 2.40E-13 2.40E-13
 1.00E-74 1.00E-74 8.36E-42 3.05E-27 5.00E-20 8.81E-16 1.99E-14 5.28E-14
 8.41E-14 1.31E-13 1.80E-13 2.21E-13 2.40E-13 2.40E-13
 1.00E-74 1.00E-74 8.36E-42 3.05E-27 5.00E-20 8.81E-16 1.99E-14 5.28E-14
 8.41E-14 1.31E-13 1.80E-13 2.21E-13 2.39E-13 2.40E-13
 1.00E-74 1.00E-74 8.36E-42 3.05E-27 5.00E-20 8.79E-16 1.98E-14 5.27E-14
 8.40E-14 1.30E-13 1.80E-13 2.21E-13 2.39E-13 2.39E-13
 1.00E-74 1.00E-74 8.35E-42 3.02E-27 4.93E-20 8.66E-16 1.95E-14 5.20E-14
 8.29E-14 1.29E-13 1.78E-13 2.19E-13 2.38E-13 2.38E-13
 1.00E-74 1.00E-74 8.25E-42 2.82E-27 4.40E-20 7.60E-16 1.73E-14 4.65E-14
 7.47E-14 1.17E-13 1.64E-13 2.04E-13 2.24E-13 2.25E-13
  24.7450    7  14 /pl=01:ss=14:pb= 1:sz=14/type=excit/ispb = t/isel =   14
 1.00E+10 1.00E+11 1.00E+12 1.00E+13 1.00E+14 1.00E+15 1.00E+16
 3.88E+00 5.82E+00 9.69E+00 1.94E+01 3.88E+01 9.69E+01 1.94E+02 2.91E+02
 3.88E+02 5.82E+02 9.69E+02 1.94E+03 3.88E+03 5.82E+03
 1.00E-74 1.00E-74 2.84E-32 3.37E-21 9.84E-16 1.56E-12 1.63E-11 3.44E-11
 4.91E-11 6.93E-11 8.98E-11 1.08E-10 1.16E-10 1.16E-10
 1.00E-74 1.00E-74 2.84E-32 3.37E-21 9.84E-16 1.56E-12 1.63E-11 3.43E-11
 4.90E-11 6.92E-11 8.97E-11 1.08E-10 1.16E-10 1.16E-10
 1.00E-74 1.00E-74 2.84E-32 3.37E-21 9.84E-16 1.55E-12 1.63E-11 3.43E-11
 4.90E-11 6.91E-11 8.96E-11 1.08E-10 1.16E-10 1.16E-10
 1.00E-74 1.00E-74 2.84E-32 3.37E-21 9.84E-16 1.55E-12 1.63E-11 3.43E-11
 4.90E-11 6.91E-11 8.95E-11 1.08E-10 1.15E-10 1.16E-10
 1.00E-74 3.31E-47 2.84E-32 3.37E-21 9.82E-16 1.55E-12 1.63E-11 3.43E-11
 4.89E-11 6.90E-11 8.94E-11 1.07E-10 1.15E-10 1.16E-10
 1.00E-74 3.97E-47 2.84E-32 3.34E-21 9.70E-16 1.53E-12 1.60E-11 3.38E-11
 4.83E-11 6.82E-11 8.85E-11 1.07E-10 1.15E-10 1.15E-10
 1.00E-74 4.04E-47 2.80E-32 3.11E-21 8.64E-16 1.34E-12 1.42E-11 3.02E-11
 4.35E-11 6.21E-11 8.14E-11 9.93E-11 1.08E-10 1.09E-10
  24.8583    7  14 /pl=01:ss=14:pb= 1:sz=14/type=excit/ispb = t/isel =   15
 1.00E+10 1.00E+11 1.00E+12 1.00E+13 1.00E+14 1.00E+15 1.00E+16
 3.88E+00 5.82E+00 9.69E+00 1.94E+01 3.88E+01 9.69E+01 1.94E+02 2.91E+02
 3.88E+02 5.82E+02 9.69E+02 1.94E+03 3.88E+03 5.82E+03
 1.00E-74 1.00E-74 1.06E-33 1.12E-22 3.08E-17 4.66E-14 4.83E-13 1.01E-12
 1.44E-12 2.02E-12 2.63E-12 3.17E-12 3.41E-12 3.43E-12
 1.00E-74 1.00E-74 1.06E-33 1.12E-22 3.08E-17 4.66E-14 4.83E-13 1.01E-12
 1.44E-12 2.02E-12 2.63E-12 3.17E-12 3.41E-12 3.43E-12
 1.00E-74 1.00E-74 1.06E-33 1.12E-22 3.08E-17 4.67E-14 4.83E-13 1.01E-12
 1.44E-12 2.03E-12 2.63E-12 3.17E-12 3.41E-12 3.42E-12
 1.00E-74 1.00E-74 1.06E-33 1.12E-22 3.09E-17 4.67E-14 4.84E-13 1.01E-12
 1.44E-12 2.03E-12 2.63E-12 3.17E-12 3.41E-12 3.42E-12
 1.00E-74 1.94E-48 1.10E-33 1.15E-22 3.14E-17 4.72E-14 4.88E-13 1.02E-12
 1.45E-12 2.04E-12 2.64E-12 3.18E-12 3.41E-12 3.43E-12
 1.00E-74 2.52E-48 1.42E-33 1.39E-22 3.62E-17 5.22E-14 5.28E-13 1.09E-12
 1.54E-12 2.14E-12 2.75E-12 3.26E-12 3.47E-12 3.47E-12
 1.00E-74 8.89E-48 4.42E-33 3.51E-22 7.63E-17 9.30E-14 8.48E-13 1.66E-12
 2.25E-12 2.97E-12 3.57E-12 3.92E-12 3.92E-12 3.82E-12
  25.5713    7  14 /pl=01:ss=14:pb= 1:sz=14/type=excit/ispb = t/isel =   16
 1.00E+10 1.00E+11 1.00E+12 1.00E+13 1.00E+14 1.00E+15 1.00E+16
 3.88E+00 5.82E+00 9.69E+00 1.94E+01 3.88E+01 9.69E+01 1.94E+02 2.91E+02
 3.88E+02 5.82E+02 9.69E+02 1.94E+03 3.88E+03 5.82E+03
 1.00E-74 1.00E-74 3.84E-35 7.71E-24 2.91E-18 5.05E-15 5.04E-14 1.00E-13
 1.36E-13 1.76E-13 1.99E-13 1.91E-13 1.61E-13 1.40E-13
 1.00E-74 1.00E-74 3.84E-35 7.71E-24 2.91E-18 5.04E-15 5.04E-14 1.00E-13
 1.36E-13 1.76E-13 1.99E-13 1.91E-13 1.61E-13 1.40E-13
 1.00E-74 1.00E-74 3.84E-35 7.71E-24 2.90E-18 5.04E-15 5.04E-14 1.00E-13
 1.36E-13 1.75E-13 1.98E-13 1.90E-13 1.60E-13 1.40E-13
 1.00E-74 1.00E-74 3.84E-35 7.71E-24 2.90E-18 5.04E-15 5.04E-14 1.00E-13
 1.36E-13 1.75E-13 1.98E-13 1.90E-13 1.60E-13 1.40E-13
 1.00E-74 1.00E-74 3.84E-35 7.70E-24 2.90E-18 5.03E-15 5.03E-14 1.00E-13
 1.36E-13 1.75E-13 1.98E-13 1.90E-13 1.60E-13 1.39E-13
 1.00E-74 2.92E-50 3.84E-35 7.65E-24 2.86E-18 4.96E-15 4.96E-14 9.87E-14
 1.34E-13 1.73E-13 1.96E-13 1.89E-13 1.59E-13 1.39E-13
 1.00E-74 2.76E-50 3.81E-35 7.15E-24 2.56E-18 4.36E-15 4.41E-14 8.85E-14
 1.21E-13 1.58E-13 1.81E-13 1.76E-13 1.50E-13 1.32E-13
  26.9233    7  14 /pl=01:ss=14:pb= 1:sz=14/type=excit/ispb = t/isel =   17
 1.00E+10 1.00E+11 1.00E+12 1.00E+13 1.00E+14 1.00E+15 1.00E+16
 3.88E+00 5.82E+00 9.69E+00 1.94E+01 3.88E+01 9.69E+01 1.94E+02 2.91E+02
 3.88E+02 5.82E+02 9.69E+02 1.94E+03 3.88E+03 5.82E+03
 1.00E-74 1.00E-74 2.68E-32 5.37E-21 2.02E-15 3.52E-12 3.51E-11 6.99E-11
 9.49E-11 1.22E-10 1.38E-10 1.33E-10 1.12E-10 9.76E-11
 1.00E-74 1.00E-74 2.68E-32 5.37E-21 2.02E-15 3.51E-12 3.51E-11 6.98E-11
 9.48E-11 1.22E-10 1.38E-10 1.33E-10 1.12E-10 9.75E-11
 1.00E-74 1.00E-74 2.68E-32 5.37E-21 2.02E-15 3.51E-12 3.51E-11 6.98E-11
 9.48E-11 1.22E-10 1.38E-10 1.33E-10 1.12E-10 9.73E-11
 1.00E-74 1.00E-74 2.68E-32 5.37E-21 2.02E-15 3.51E-12 3.51E-11 6.97E-11
 9.47E-11 1.22E-10 1.38E-10 1.33E-10 1.12E-10 9.72E-11
 1.00E-74 1.00E-74 2.68E-32 5.37E-21 2.02E-15 3.51E-12 3.50E-11 6.96E-11
 9.46E-11 1.22E-10 1.38E-10 1.33E-10 1.12E-10 9.72E-11
 1.00E-74 2.03E-47 2.67E-32 5.33E-21 1.99E-15 3.45E-12 3.46E-11 6.88E-11
 9.35E-11 1.21E-10 1.37E-10 1.31E-10 1.11E-10 9.66E-11
 1.00E-74 1.92E-47 2.65E-32 4.98E-21 1.78E-15 3.04E-12 3.07E-11 6.17E-11
 8.44E-11 1.10E-10 1.26E-10 1.23E-10 1.05E-10 9.18E-11
  26.9920    7  14 /pl=01:ss=14:pb= 1:sz=14/type=excit/ispb = t/isel =   18
 1.00E+10 1.00E+11 1.00E+12 1.00E+13 1.00E+14 1.00E+15 1.00E+16
 3.88E+00 5.82E+00 9.69E+00 1.94E+01 3.88E+01 9.69E+01 1.94E+02 2.91E+02
 3.88E+02 5.82E+02 9.69E+02 1.94E+03 3.88E+03 5.82E+03
 1.00E-74 1.00E-74 2.68E-36 3.07E-25 1.49E-19 1.30E-15 3.03E-14 8.30E-14
 1.34E-13 2.13E-13 2.97E-13 3.71E-13 4.02E-13 4.04E-13
 1.00E-74 1.00E-74 2.90E-36 4.51E-25 2.22E-19 1.44E-15 3.19E-14 8.67E-14
 1.40E-13 2.22E-13 3.09E-13 3.85E-13 4.15E-13 4.16E-13
 1.00E-74 1.00E-74 4.29E-36 7.86E-25 3.10E-19 1.56E-15 3.34E-14 9.02E-14
 1.46E-13 2.31E-13 3.23E-13 4.03E-13 4.34E-13 4.36E-13
 1.00E-74 1.00E-74 8.24E-36 1.05E-24 3.56E-19 1.62E-15 3.39E-14 9.14E-14
 1.47E-13 2.33E-13 3.26E-13 4.07E-13 4.40E-13 4.42E-13
 1.00E-74 1.00E-74 3.36E-35 2.52E-24 6.37E-19 1.93E-15 3.66E-14 9.65E-14
 1.54E-13 2.41E-13 3.35E-13 4.15E-13 4.46E-13 4.47E-13
 1.00E-74 1.11E-48 2.81E-34 1.68E-23 3.34E-18 4.91E-15 6.27E-14 1.46E-13
 2.18E-13 3.20E-13 4.17E-13 4.85E-13 4.97E-13 4.88E-13
 1.00E-74 9.31E-48 2.51E-33 1.35E-22 2.44E-17 2.77E-14 2.62E-13 5.21E-13
 7.06E-13 9.15E-13 1.04E-12 1.03E-12 9.14E-13 8.31E-13
  27.1095    7  14 /pl=01:ss=14:pb= 1:sz=14/type=excit/ispb = t/isel =   19
 1.00E+10 1.00E+11 1.00E+12 1.00E+13 1.00E+14 1.00E+15 1.00E+16
 3.88E+00 5.82E+00 9.69E+00 1.94E+01 3.88E+01 9.69E+01 1.94E+02 2.91E+02
 3.88E+02 5.82E+02 9.69E+02 1.94E+03 3.88E+03 5.82E+03
 1.00E-74 1.00E-74 4.42E-36 5.05E-25 2.45E-19 2.14E-15 5.00E-14 1.37E-13
 2.22E-13 3.51E-13 4.90E-13 6.12E-13 6.63E-13 6.66E-13
 1.00E-74 1.00E-74 4.78E-36 7.43E-25 3.65E-19 2.37E-15 5.26E-14 1.43E-13
 2.31E-13 3.65E-13 5.10E-13 6.35E-13 6.84E-13 6.86E-13
 1.00E-74 1.00E-74 7.07E-36 1.30E-24 5.10E-19 2.58E-15 5.50E-14 1.49E-13
 2.40E-13 3.80E-13 5.32E-13 6.64E-13 7.16E-13 7.18E-13
 1.00E-74 1.00E-74 1.36E-35 1.73E-24 5.87E-19 2.67E-15 5.59E-14 1.51E-13
 2.43E-13 3.84E-13 5.38E-13 6.71E-13 7.25E-13 7.28E-13
 1.00E-74 1.00E-74 5.53E-35 4.16E-24 1.05E-18 3.18E-15 6.03E-14 1.59E-13
 2.54E-13 3.98E-13 5.52E-13 6.84E-13 7.35E-13 7.36E-13
 1.00E-74 1.84E-48 4.63E-34 2.77E-23 5.51E-18 8.10E-15 1.03E-13 2.40E-13
 3.59E-13 5.27E-13 6.87E-13 7.99E-13 8.20E-13 8.04E-13
 1.00E-74 1.53E-47 4.13E-33 2.23E-22 4.01E-17 4.56E-14 4.32E-13 8.58E-13
 1.16E-12 1.51E-12 1.72E-12 1.70E-12 1.51E-12 1.37E-12
  28.1503    7  14 /pl=01:ss=14:pb= 1:sz=14/type=excit/ispb = t/isel =   20
 1.00E+10 1.00E+11 1.00E+12 1.00E+13 1.00E+14 1.00E+15 1.00E+16
 3.88E+00 5.82E+00 9.69E+00 1.94E+01 3.88E+01 9.69E+01 1.94E+02 2.91E+02
 3.88E+02 5.82E+02 9.69E+02 1.94E+03 3.88E+03 5.82E+03
 1.00E-74 1.00E-74 7.41E-32 5.28E-21 1.19E-15 1.52E-12 1.40E-11 2.72E-11
 3.65E-11 4.69E-11 5.32E-11 5.18E-11 4.46E-11 3.94E-11
 1.00E-74 1.00E-74 7.41E-32 5.28E-21 1.19E-15 1.52E-12 1.40E-11 2.71E-11
 3.65E-11 4.69E-11 5.32E-11 5.18E-11 4.45E-11 3.93E-11
 1.00E-74 1.00E-74 7.41E-32 5.28E-21 1.19E-15 1.52E-12 1.40E-11 2.71E-11
 3.64E-11 4.69E-11 5.31E-11 5.17E-11 4.44E-11 3.92E-11
 1.00E-74 2.02E-46 7.41E-32 5.27E-21 1.19E-15 1.52E-12 1.39E-11 2.71E-11
 3.64E-11 4.68E-11 5.31E-11 5.17E-11 4.44E-11 3.92E-11
 1.00E-74 2.02E-46 7.40E-32 5.27E-21 1.19E-15 1.52E-12 1.39E-11 2.71E-11
 3.64E-11 4.68E-11 5.30E-11 5.16E-11 4.44E-11 3.92E-11
 1.00E-74 2.04E-46 7.38E-32 5.22E-21 1.17E-15 1.50E-12 1.37E-11 2.67E-11
 3.59E-11 4.62E-11 5.25E-11 5.12E-11 4.40E-11 3.89E-11
 1.00E-74 2.03E-46 7.18E-32 4.81E-21 1.03E-15 1.31E-12 1.21E-11 2.38E-11
 3.23E-11 4.20E-11 4.82E-11 4.76E-11 4.15E-11 3.69E-11
  30.5566    7  14 /pl=01:ss=14:pb= 1:sz=14/type=excit/ispb = t/isel =   21
 1.00E+10 1.00E+11 1.00E+12 1.00E+13 1.00E+14 1.00E+15 1.00E+16
 3.88E+00 5.82E+00 9.69E+00 1.94E+01 3.88E+01 9.69E+01 1.94E+02 2.91E+02
 3.88E+02 5.82E+02 9.69E+02 1.94E+03 3.88E+03 5.82E+03
 1.00E-74 1.00E-74 3.49E-34 4.15E-23 1.21E-17 1.91E-14 2.00E-13 4.22E-13
 6.03E-13 8.51E-13 1.10E-12 1.33E-12 1.42E-12 1.43E-12
 1.00E-74 1.00E-74 3.49E-34 4.15E-23 1.21E-17 1.91E-14 2.00E-13 4.22E-13
 6.02E-13 8.50E-13 1.10E-12 1.32E-12 1.42E-12 1.43E-12
 1.00E-74 1.00E-74 3.49E-34 4.14E-23 1.21E-17 1.91E-14 2.00E-13 4.22E-13
 6.02E-13 8.49E-13 1.10E-12 1.32E-12 1.42E-12 1.42E-12
 1.00E-74 1.00E-74 3.49E-34 4.14E-23 1.21E-17 1.91E-14 2.00E-13 4.21E-13
 6.02E-13 8.49E-13 1.10E-12 1.32E-12 1.42E-12 1.42E-12
 1.00E-74 4.06E-49 3.49E-34 4.14E-23 1.21E-17 1.91E-14 2.00E-13 4.21E-13
 6.01E-13 8.48E-13 1.10E-12 1.32E-12 1.42E-12 1.42E-12
 1.00E-74 4.87E-49 3.49E-34 4.11E-23 1.19E-17 1.88E-14 1.97E-13 4.15E-13
 5.94E-13 8.39E-13 1.09E-12 1.31E-12 1.41E-12 1.41E-12
 1.00E-74 4.97E-49 3.44E-34 3.83E-23 1.06E-17 1.65E-14 1.75E-13 3.72E-13
 5.35E-13 7.63E-13 1.00E-12 1.22E-12 1.33E-12 1.34E-12
  41.5760    7  14 /pl=01:ss=14:pb= 1:sz=14/type=excit/ispb = t/isel =   22
 1.00E+10 1.00E+11 1.00E+12 1.00E+13 1.00E+14 1.00E+15 1.00E+16
 3.88E+00 5.82E+00 9.69E+00 1.94E+01 3.88E+01 9.69E+01 1.94E+02 2.91E+02
 3.88E+02 5.82E+02 9.69E+02 1.94E+03 3.88E+03 5.82E+03
 1.00E-74 1.00E-74 1.00E-74 4.62E-30 2.29E-21 2.94E-16 1.25E-14 4.11E-14
 7.19E-14 1.23E-13 1.83E-13 2.37E-13 2.62E-13 2.65E-13
 1.00E-74 1.00E-74 1.00E-74 4.62E-30 2.28E-21 2.94E-16 1.25E-14 4.11E-14
 7.19E-14 1.23E-13 1.83E-13 2.37E-13 2.62E-13 2.65E-13
 1.00E-74 1.00E-74 1.00E-74 4.62E-30 2.28E-21 2.94E-16 1.25E-14 4.10E-14
 7.18E-14 1.23E-13 1.82E-13 2.36E-13 2.61E-13 2.64E-13
 1.00E-74 1.00E-74 1.35E-47 4.62E-30 2.28E-21 2.94E-16 1.25E-14 4.10E-14
 7.18E-14 1.23E-13 1.82E-13 2.36E-13 2.61E-13 2.64E-13
 1.00E-74 1.00E-74 1.35E-47 4.62E-30 2.28E-21 2.94E-16 1.25E-14 4.10E-14
 7.17E-14 1.23E-13 1.82E-13 2.36E-13 2.61E-13 2.64E-13
 1.00E-74 1.00E-74 1.37E-47 4.63E-30 2.27E-21 2.91E-16 1.24E-14 4.06E-14
 7.11E-14 1.22E-13 1.81E-13 2.34E-13 2.59E-13 2.62E-13
 1.00E-74 1.00E-74 1.47E-47 4.63E-30 2.15E-21 2.68E-16 1.14E-14 3.76E-14
 6.60E-14 1.13E-13 1.69E-13 2.20E-13 2.45E-13 2.49E-13
  42.8935    7  14 /pl=01:ss=14:pb= 1:sz=14/type=excit/ispb = t/isel =   23
 1.00E+10 1.00E+11 1.00E+12 1.00E+13 1.00E+14 1.00E+15 1.00E+16
 3.88E+00 5.82E+00 9.69E+00 1.94E+01 3.88E+01 9.69E+01 1.94E+02 2.91E+02
 3.88E+02 5.82E+02 9.69E+02 1.94E+03 3.88E+03 5.82E+03
 1.00E-74 1.00E-74 1.00E-74 1.17E-29 5.83E-21 7.52E-16 3.13E-14 9.94E-14
 1.71E-13 2.75E-13 3.69E-13 3.95E-13 3.46E-13 3.03E-13
 1.00E-74 1.00E-74 1.00E-74 1.17E-29 5.83E-21 7.52E-16 3.13E-14 9.93E-14
 1.71E-13 2.75E-13 3.69E-13 3.94E-13 3.46E-13 3.02E-13
 1.00E-74 1.00E-74 1.00E-74 1.17E-29 5.83E-21 7.51E-16 3.13E-14 9.92E-14
 1.71E-13 2.75E-13 3.68E-13 3.94E-13 3.45E-13 3.02E-13
 1.00E-74 1.00E-74 3.59E-47 1.17E-29 5.83E-21 7.51E-16 3.13E-14 9.92E-14
 1.70E-13 2.74E-13 3.68E-13 3.93E-13 3.45E-13 3.01E-13
 1.00E-74 1.00E-74 3.32E-47 1.17E-29 5.82E-21 7.50E-16 3.12E-14 9.91E-14
 1.70E-13 2.74E-13 3.68E-13 3.93E-13 3.45E-13 3.01E-13
 1.00E-74 1.00E-74 3.32E-47 1.16E-29 5.76E-21 7.40E-16 3.08E-14 9.79E-14
 1.68E-13 2.71E-13 3.64E-13 3.90E-13 3.43E-13 3.00E-13
 1.00E-74 1.00E-74 3.38E-47 1.11E-29 5.22E-21 6.58E-16 2.76E-14 8.85E-14
 1.53E-13 2.49E-13 3.38E-13 3.67E-13 3.26E-13 2.87E-13
  43.1104    7  14 /pl=01:ss=14:pb= 1:sz=14/type=excit/ispb = t/isel =   24
 1.00E+10 1.00E+11 1.00E+12 1.00E+13 1.00E+14 1.00E+15 1.00E+16
 3.88E+00 5.82E+00 9.69E+00 1.94E+01 3.88E+01 9.69E+01 1.94E+02 2.91E+02
 3.88E+02 5.82E+02 9.69E+02 1.94E+03 3.88E+03 5.82E+03
 1.00E-74 1.00E-74 1.00E-74 7.40E-30 3.56E-21 4.50E-16 1.87E-14 5.96E-14
 1.02E-13 1.66E-13 2.25E-13 2.47E-13 2.21E-13 1.96E-13
 1.00E-74 1.00E-74 1.00E-74 7.40E-30 3.56E-21 4.50E-16 1.87E-14 5.96E-14
 1.02E-13 1.66E-13 2.25E-13 2.46E-13 2.21E-13 1.96E-13
 1.00E-74 1.00E-74 3.36E-47 7.40E-30 3.56E-21 4.50E-16 1.87E-14 5.95E-14
 1.02E-13 1.66E-13 2.25E-13 2.46E-13 2.20E-13 1.96E-13
 1.00E-74 1.00E-74 2.35E-47 7.40E-30 3.56E-21 4.49E-16 1.87E-14 5.95E-14
 1.02E-13 1.66E-13 2.25E-13 2.46E-13 2.20E-13 1.96E-13
 1.00E-74 1.00E-74 2.25E-47 7.37E-30 3.55E-21 4.48E-16 1.86E-14 5.94E-14
 1.02E-13 1.66E-13 2.24E-13 2.46E-13 2.20E-13 1.95E-13
 1.00E-74 1.00E-74 2.19E-47 7.16E-30 3.44E-21 4.36E-16 1.82E-14 5.81E-14
 9.98E-14 1.63E-13 2.21E-13 2.43E-13 2.18E-13 1.94E-13
 1.00E-74 1.00E-74 1.73E-47 5.52E-30 2.62E-21 3.39E-16 1.46E-14 4.78E-14
 8.34E-14 1.39E-13 1.93E-13 2.17E-13 1.99E-13 1.79E-13
  45.0625    7  14 /pl=01:ss=14:pb= 1:sz=14/type=excit/ispb = t/isel =   25
 1.00E+10 1.00E+11 1.00E+12 1.00E+13 1.00E+14 1.00E+15 1.00E+16
 3.88E+00 5.82E+00 9.69E+00 1.94E+01 3.88E+01 9.69E+01 1.94E+02 2.91E+02
 3.88E+02 5.82E+02 9.69E+02 1.94E+03 3.88E+03 5.82E+03
 1.00E-74 1.00E-74 1.00E-74 2.61E-29 7.20E-21 6.61E-16 2.51E-14 7.89E-14
 1.37E-13 2.29E-13 3.32E-13 4.27E-13 4.69E-13 4.74E-13
 1.00E-74 1.00E-74 1.00E-74 2.61E-29 7.20E-21 6.61E-16 2.51E-14 7.88E-14
 1.36E-13 2.28E-13 3.32E-13 4.27E-13 4.69E-13 4.73E-13
 1.00E-74 1.00E-74 2.62E-46 2.61E-29 7.19E-21 6.60E-16 2.51E-14 7.88E-14
 1.36E-13 2.28E-13 3.31E-13 4.26E-13 4.68E-13 4.72E-13
 1.00E-74 1.00E-74 2.49E-46 2.61E-29 7.19E-21 6.60E-16 2.51E-14 7.87E-14
 1.36E-13 2.28E-13 3.31E-13 4.26E-13 4.67E-13 4.72E-13
 1.00E-74 1.00E-74 2.49E-46 2.61E-29 7.18E-21 6.59E-16 2.50E-14 7.86E-14
 1.36E-13 2.28E-13 3.31E-13 4.25E-13 4.67E-13 4.71E-13
 1.00E-74 1.00E-74 2.50E-46 2.60E-29 7.11E-21 6.51E-16 2.47E-14 7.77E-14
 1.35E-13 2.25E-13 3.28E-13 4.22E-13 4.64E-13 4.69E-13
 1.00E-74 1.00E-74 2.55E-46 2.49E-29 6.48E-21 5.80E-16 2.22E-14 7.02E-14
 1.22E-13 2.06E-13 3.03E-13 3.94E-13 4.37E-13 4.44E-13
  46.5435    7  14 /pl=01:ss=14:pb= 1:sz=14/type=excit/ispb = t/isel =   26
 1.00E+10 1.00E+11 1.00E+12 1.00E+13 1.00E+14 1.00E+15 1.00E+16
 3.88E+00 5.82E+00 9.69E+00 1.94E+01 3.88E+01 9.69E+01 1.94E+02 2.91E+02
 3.88E+02 5.82E+02 9.69E+02 1.94E+03 3.88E+03 5.82E+03
 1.00E-74 1.00E-74 1.00E-74 6.56E-29 1.83E-20 1.66E-15 6.17E-14 1.89E-13
 3.18E-13 5.04E-13 6.65E-13 7.07E-13 6.17E-13 5.42E-13
 1.00E-74 1.00E-74 1.00E-74 6.56E-29 1.83E-20 1.66E-15 6.16E-14 1.89E-13
 3.18E-13 5.04E-13 6.64E-13 7.06E-13 6.16E-13 5.42E-13
 1.00E-74 1.00E-74 5.66E-46 6.55E-29 1.83E-20 1.66E-15 6.16E-14 1.89E-13
 3.17E-13 5.03E-13 6.63E-13 7.05E-13 6.15E-13 5.40E-13
 1.00E-74 1.00E-74 5.94E-46 6.55E-29 1.83E-20 1.66E-15 6.16E-14 1.89E-13
 3.17E-13 5.03E-13 6.63E-13 7.04E-13 6.14E-13 5.40E-13
 1.00E-74 1.00E-74 5.97E-46 6.55E-29 1.83E-20 1.66E-15 6.15E-14 1.89E-13
 3.17E-13 5.02E-13 6.62E-13 7.04E-13 6.14E-13 5.40E-13
 1.00E-74 1.00E-74 5.98E-46 6.51E-29 1.81E-20 1.64E-15 6.07E-14 1.86E-13
 3.13E-13 4.97E-13 6.56E-13 6.98E-13 6.10E-13 5.37E-13
 1.00E-74 1.00E-74 6.01E-46 6.15E-29 1.63E-20 1.45E-15 5.41E-14 1.68E-13
 2.84E-13 4.55E-13 6.06E-13 6.54E-13 5.78E-13 5.12E-13
  46.9536    7  14 /pl=01:ss=14:pb= 1:sz=14/type=excit/ispb = t/isel =   27
 1.00E+10 1.00E+11 1.00E+12 1.00E+13 1.00E+14 1.00E+15 1.00E+16
 3.88E+00 5.82E+00 9.69E+00 1.94E+01 3.88E+01 9.69E+01 1.94E+02 2.91E+02
 3.88E+02 5.82E+02 9.69E+02 1.94E+03 3.88E+03 5.82E+03
 1.00E-74 1.00E-74 1.00E-74 4.49E-29 1.18E-20 1.04E-15 3.82E-14 1.17E-13
 1.98E-13 3.15E-13 4.19E-13 4.59E-13 4.08E-13 3.65E-13
 1.00E-74 1.00E-74 5.17E-46 4.49E-29 1.18E-20 1.03E-15 3.82E-14 1.17E-13
 1.98E-13 3.14E-13 4.19E-13 4.58E-13 4.08E-13 3.65E-13
 1.00E-74 1.00E-74 4.65E-46 4.49E-29 1.18E-20 1.03E-15 3.82E-14 1.17E-13
 1.98E-13 3.14E-13 4.18E-13 4.57E-13 4.07E-13 3.64E-13
 1.00E-74 1.00E-74 4.60E-46 4.49E-29 1.18E-20 1.03E-15 3.82E-14 1.17E-13
 1.97E-13 3.14E-13 4.18E-13 4.57E-13 4.07E-13 3.63E-13
 1.00E-74 1.00E-74 4.60E-46 4.48E-29 1.18E-20 1.03E-15 3.81E-14 1.17E-13
 1.97E-13 3.13E-13 4.18E-13 4.56E-13 4.06E-13 3.63E-13
 1.00E-74 1.00E-74 4.55E-46 4.41E-29 1.15E-20 1.01E-15 3.74E-14 1.15E-13
 1.94E-13 3.09E-13 4.13E-13 4.52E-13 4.03E-13 3.61E-13
 1.00E-74 1.00E-74 4.09E-46 3.80E-29 9.63E-21 8.47E-16 3.20E-14 9.96E-14
 1.70E-13 2.74E-13 3.72E-13 4.15E-13 3.76E-13 3.39E-13
  52.3789    7  14 /pl=01:ss=14:pb= 1:sz=14/type=excit/ispb = t/isel =   28
 1.00E+10 1.00E+11 1.00E+12 1.00E+13 1.00E+14 1.00E+15 1.00E+16
 3.88E+00 5.82E+00 9.69E+00 1.94E+01 3.88E+01 9.69E+01 1.94E+02 2.91E+02
 3.88E+02 5.82E+02 9.69E+02 1.94E+03 3.88E+03 5.82E+03
 1.00E-74 1.00E-74 2.17E-44 3.67E-28 3.79E-20 1.97E-15 6.22E-14 1.84E-13
 3.09E-13 5.03E-13 7.17E-13 9.06E-13 9.86E-13 9.93E-13
 1.00E-74 1.00E-74 2.49E-44 3.67E-28 3.79E-20 1.96E-15 6.21E-14 1.84E-13
 3.09E-13 5.02E-13 7.16E-13 9.05E-13 9.85E-13 9.92E-13
 1.00E-74 1.00E-74 2.53E-44 3.67E-28 3.79E-20 1.96E-15 6.21E-14 1.84E-13
 3.09E-13 5.02E-13 7.15E-13 9.03E-13 9.83E-13 9.90E-13
 1.00E-74 1.00E-74 2.53E-44 3.67E-28 3.79E-20 1.96E-15 6.21E-14 1.84E-13
 3.08E-13 5.02E-13 7.15E-13 9.03E-13 9.82E-13 9.89E-13
 1.00E-74 1.00E-74 2.53E-44 3.67E-28 3.78E-20 1.96E-15 6.20E-14 1.84E-13
 3.08E-13 5.01E-13 7.14E-13 9.02E-13 9.81E-13 9.88E-13
 1.00E-74 1.00E-74 2.53E-44 3.64E-28 3.73E-20 1.93E-15 6.12E-14 1.82E-13
 3.04E-13 4.95E-13 7.07E-13 8.94E-13 9.74E-13 9.82E-13
 1.00E-74 1.00E-74 2.53E-44 3.42E-28 3.35E-20 1.70E-15 5.43E-14 1.63E-13
 2.74E-13 4.51E-13 6.50E-13 8.33E-13 9.18E-13 9.30E-13
  54.1953    7  14 /pl=01:ss=14:pb= 1:sz=14/type=excit/ispb = t/isel =   29
 1.00E+10 1.00E+11 1.00E+12 1.00E+13 1.00E+14 1.00E+15 1.00E+16
 3.88E+00 5.82E+00 9.69E+00 1.94E+01 3.88E+01 9.69E+01 1.94E+02 2.91E+02
 3.88E+02 5.82E+02 9.69E+02 1.94E+03 3.88E+03 5.82E+03
 1.00E-74 1.00E-74 4.96E-44 9.61E-28 1.01E-19 5.17E-15 1.58E-13 4.55E-13
 7.39E-13 1.14E-12 1.47E-12 1.54E-12 1.33E-12 1.17E-12
 1.00E-74 1.00E-74 6.20E-44 9.61E-28 1.01E-19 5.17E-15 1.58E-13 4.54E-13
 7.39E-13 1.14E-12 1.47E-12 1.53E-12 1.33E-12 1.17E-12
 1.00E-74 1.00E-74 6.08E-44 9.61E-28 1.01E-19 5.17E-15 1.58E-13 4.54E-13
 7.38E-13 1.13E-12 1.46E-12 1.53E-12 1.33E-12 1.17E-12
 1.00E-74 1.00E-74 6.09E-44 9.61E-28 1.01E-19 5.16E-15 1.58E-13 4.54E-13
 7.38E-13 1.13E-12 1.46E-12 1.53E-12 1.33E-12 1.16E-12
 1.00E-74 1.00E-74 6.09E-44 9.60E-28 1.01E-19 5.16E-15 1.58E-13 4.53E-13
 7.37E-13 1.13E-12 1.46E-12 1.53E-12 1.33E-12 1.16E-12
 1.00E-74 1.00E-74 6.08E-44 9.53E-28 1.00E-19 5.08E-15 1.56E-13 4.48E-13
 7.28E-13 1.12E-12 1.45E-12 1.52E-12 1.32E-12 1.16E-12
 1.00E-74 1.00E-74 6.07E-44 8.96E-28 8.97E-20 4.48E-15 1.39E-13 4.02E-13
 6.59E-13 1.02E-12 1.34E-12 1.42E-12 1.25E-12 1.10E-12
  55.1759    7  14 /pl=01:ss=14:pb= 1:sz=14/type=excit/ispb = t/isel =   30
 1.00E+10 1.00E+11 1.00E+12 1.00E+13 1.00E+14 1.00E+15 1.00E+16
 3.88E+00 5.82E+00 9.69E+00 1.94E+01 3.88E+01 9.69E+01 1.94E+02 2.91E+02
 3.88E+02 5.82E+02 9.69E+02 1.94E+03 3.88E+03 5.82E+03
 1.00E-74 1.00E-74 6.41E-44 7.70E-28 7.38E-20 3.55E-15 1.08E-13 3.09E-13
 5.03E-13 7.77E-13 1.02E-12 1.09E-12 9.69E-13 8.64E-13
 1.00E-74 1.00E-74 6.04E-44 7.70E-28 7.38E-20 3.55E-15 1.08E-13 3.09E-13
 5.02E-13 7.76E-13 1.01E-12 1.09E-12 9.68E-13 8.63E-13
 1.00E-74 1.00E-74 6.01E-44 7.70E-28 7.38E-20 3.55E-15 1.07E-13 3.09E-13
 5.02E-13 7.76E-13 1.01E-12 1.09E-12 9.66E-13 8.61E-13
 1.00E-74 1.00E-74 6.02E-44 7.70E-28 7.38E-20 3.55E-15 1.07E-13 3.09E-13
 5.02E-13 7.75E-13 1.01E-12 1.08E-12 9.66E-13 8.60E-13
 1.00E-74 1.00E-74 6.01E-44 7.69E-28 7.37E-20 3.54E-15 1.07E-13 3.08E-13
 5.01E-13 7.74E-13 1.01E-12 1.08E-12 9.65E-13 8.60E-13
 1.00E-74 1.00E-74 5.98E-44 7.61E-28 7.25E-20 3.48E-15 1.06E-13 3.04E-13
 4.94E-13 7.65E-13 1.00E-12 1.07E-12 9.58E-13 8.54E-13
 1.00E-74 1.00E-74 5.69E-44 6.88E-28 6.31E-20 3.01E-15 9.24E-14 2.69E-13
 4.41E-13 6.90E-13 9.13E-13 9.95E-13 8.99E-13 8.07E-13
  72.8854    7  14 /pl=01:ss=14:pb= 1:sz=14/type=excit/ispb = t/isel =   31
 1.00E+10 1.00E+11 1.00E+12 1.00E+13 1.00E+14 1.00E+15 1.00E+16
 3.88E+00 5.82E+00 9.69E+00 1.94E+01 3.88E+01 9.69E+01 1.94E+02 2.91E+02
 3.88E+02 5.82E+02 9.69E+02 1.94E+03 3.88E+03 5.82E+03
 1.00E-74 1.00E-74 2.35E-41 8.23E-27 1.32E-19 2.28E-15 5.11E-14 1.36E-13
 2.16E-13 3.35E-13 4.62E-13 5.73E-13 6.18E-13 6.20E-13
 1.00E-74 1.00E-74 2.35E-41 8.23E-27 1.32E-19 2.28E-15 5.11E-14 1.36E-13
 2.16E-13 3.35E-13 4.62E-13 5.72E-13 6.17E-13 6.20E-13
 1.00E-74 1.00E-74 2.35E-41 8.23E-27 1.32E-19 2.28E-15 5.11E-14 1.36E-13
 2.16E-13 3.35E-13 4.62E-13 5.72E-13 6.17E-13 6.19E-13
 1.00E-74 1.00E-74 2.36E-41 8.24E-27 1.32E-19 2.28E-15 5.12E-14 1.36E-13
 2.16E-13 3.35E-13 4.62E-13 5.72E-13 6.17E-13 6.19E-13
 1.00E-74 1.00E-74 2.40E-41 8.35E-27 1.33E-19 2.30E-15 5.14E-14 1.36E-13
 2.17E-13 3.36E-13 4.63E-13 5.73E-13 6.17E-13 6.20E-13
 1.00E-74 1.00E-74 2.83E-41 9.38E-27 1.45E-19 2.43E-15 5.37E-14 1.42E-13
 2.24E-13 3.46E-13 4.73E-13 5.81E-13 6.23E-13 6.23E-13
 1.00E-74 1.00E-74 6.72E-41 1.83E-26 2.40E-19 3.52E-15 7.21E-14 1.83E-13
 2.83E-13 4.21E-13 5.53E-13 6.46E-13 6.65E-13 6.55E-13
  74.9232    7  14 /pl=01:ss=14:pb= 1:sz=14/type=excit/ispb = t/isel =   32
 1.00E+10 1.00E+11 1.00E+12 1.00E+13 1.00E+14 1.00E+15 1.00E+16
 3.88E+00 5.82E+00 9.69E+00 1.94E+01 3.88E+01 9.69E+01 1.94E+02 2.91E+02
 3.88E+02 5.82E+02 9.69E+02 1.94E+03 3.88E+03 5.82E+03
 1.00E-74 1.00E-74 9.17E-41 3.34E-26 5.49E-19 9.66E-15 2.18E-13 5.80E-13
 9.23E-13 1.43E-12 1.98E-12 2.43E-12 2.63E-12 2.64E-12
 1.00E-74 1.00E-74 9.17E-41 3.34E-26 5.49E-19 9.66E-15 2.18E-13 5.79E-13
 9.22E-13 1.43E-12 1.98E-12 2.43E-12 2.63E-12 2.63E-12
 1.00E-74 1.00E-74 9.17E-41 3.34E-26 5.48E-19 9.65E-15 2.18E-13 5.79E-13
 9.22E-13 1.43E-12 1.98E-12 2.43E-12 2.62E-12 2.63E-12
 1.00E-74 1.00E-74 9.17E-41 3.34E-26 5.48E-19 9.65E-15 2.18E-13 5.79E-13
 9.21E-13 1.43E-12 1.97E-12 2.43E-12 2.62E-12 2.63E-12
 1.00E-74 1.00E-74 9.17E-41 3.34E-26 5.48E-19 9.64E-15 2.17E-13 5.78E-13
 9.20E-13 1.43E-12 1.97E-12 2.42E-12 2.62E-12 2.62E-12
 1.00E-74 1.00E-74 9.15E-41 3.31E-26 5.41E-19 9.49E-15 2.14E-13 5.70E-13
 9.09E-13 1.41E-12 1.95E-12 2.40E-12 2.60E-12 2.61E-12
 1.00E-74 1.00E-74 9.04E-41 3.09E-26 4.82E-19 8.33E-15 1.90E-13 5.10E-13
 8.18E-13 1.28E-12 1.79E-12 2.24E-12 2.45E-12 2.47E-12
  77.7292    7  14 /pl=01:ss=14:pb= 1:sz=14/type=excit/ispb = t/isel =   33
 1.00E+10 1.00E+11 1.00E+12 1.00E+13 1.00E+14 1.00E+15 1.00E+16
 3.88E+00 5.82E+00 9.69E+00 1.94E+01 3.88E+01 9.69E+01 1.94E+02 2.91E+02
 3.88E+02 5.82E+02 9.69E+02 1.94E+03 3.88E+03 5.82E+03
 1.00E-74 1.00E-74 2.18E-40 9.62E-26 1.70E-18 2.96E-14 6.38E-13 1.63E-12
 2.50E-12 3.65E-12 4.48E-12 4.55E-12 3.92E-12 3.42E-12
 1.00E-74 1.00E-74 2.18E-40 9.62E-26 1.70E-18 2.96E-14 6.37E-13 1.63E-12
 2.49E-12 3.64E-12 4.48E-12 4.55E-12 3.92E-12 3.41E-12
 1.00E-74 1.00E-74 2.18E-40 9.62E-26 1.70E-18 2.96E-14 6.37E-13 1.63E-12
 2.49E-12 3.64E-12 4.47E-12 4.54E-12 3.91E-12 3.41E-12
 1.00E-74 1.00E-74 2.18E-40 9.62E-26 1.70E-18 2.96E-14 6.37E-13 1.63E-12
 2.49E-12 3.64E-12 4.47E-12 4.54E-12 3.91E-12 3.40E-12
 1.00E-74 1.00E-74 2.18E-40 9.61E-26 1.70E-18 2.96E-14 6.36E-13 1.63E-12
 2.49E-12 3.63E-12 4.47E-12 4.53E-12 3.90E-12 3.40E-12
 1.00E-74 1.00E-74 2.17E-40 9.54E-26 1.68E-18 2.91E-14 6.27E-13 1.61E-12
 2.46E-12 3.59E-12 4.42E-12 4.50E-12 3.88E-12 3.38E-12
 1.00E-74 1.00E-74 2.16E-40 8.95E-26 1.50E-18 2.57E-14 5.58E-13 1.44E-12
 2.22E-12 3.28E-12 4.08E-12 4.20E-12 3.67E-12 3.22E-12
  81.8830    7  14 /pl=01:ss=14:pb= 1:sz=14/type=excit/ispb = t/isel =   34
 1.00E+10 1.00E+11 1.00E+12 1.00E+13 1.00E+14 1.00E+15 1.00E+16
 3.88E+00 5.82E+00 9.69E+00 1.94E+01 3.88E+01 9.69E+01 1.94E+02 2.91E+02
 3.88E+02 5.82E+02 9.69E+02 1.94E+03 3.88E+03 5.82E+03
 1.00E-74 1.00E-74 3.88E-40 1.13E-25 1.63E-18 2.55E-14 5.33E-13 1.36E-12
 2.08E-12 3.04E-12 3.80E-12 3.96E-12 3.50E-12 3.12E-12
 1.00E-74 1.00E-74 3.88E-40 1.13E-25 1.63E-18 2.55E-14 5.33E-13 1.36E-12
 2.08E-12 3.04E-12 3.79E-12 3.95E-12 3.49E-12 3.11E-12
 1.00E-74 1.00E-74 3.88E-40 1.13E-25 1.63E-18 2.55E-14 5.33E-13 1.35E-12
 2.08E-12 3.04E-12 3.79E-12 3.94E-12 3.49E-12 3.11E-12
 1.00E-74 1.00E-74 3.88E-40 1.13E-25 1.63E-18 2.55E-14 5.33E-13 1.35E-12
 2.08E-12 3.03E-12 3.79E-12 3.94E-12 3.48E-12 3.10E-12
 1.00E-74 1.00E-74 3.88E-40 1.13E-25 1.63E-18 2.54E-14 5.32E-13 1.35E-12
 2.08E-12 3.03E-12 3.78E-12 3.94E-12 3.48E-12 3.10E-12
 1.00E-74 1.00E-74 3.87E-40 1.12E-25 1.61E-18 2.51E-14 5.24E-13 1.33E-12
 2.05E-12 3.00E-12 3.75E-12 3.91E-12 3.46E-12 3.08E-12
 1.00E-74 1.00E-74 3.75E-40 1.03E-25 1.42E-18 2.18E-14 4.62E-13 1.19E-12
 1.84E-12 2.72E-12 3.43E-12 3.63E-12 3.25E-12 2.92E-12
  85.2652    7  14 /pl=01:ss=14:pb= 1:sz=14/type=excit/ispb = t/isel =   35
 1.00E+10 1.00E+11 1.00E+12 1.00E+13 1.00E+14 1.00E+15 1.00E+16
 3.88E+00 5.82E+00 9.69E+00 1.94E+01 3.88E+01 9.69E+01 1.94E+02 2.91E+02
 3.88E+02 5.82E+02 9.69E+02 1.94E+03 3.88E+03 5.82E+03
 1.00E-74 1.00E-74 1.72E-41 6.27E-27 1.03E-19 1.81E-15 4.09E-14 1.09E-13
 1.73E-13 2.69E-13 3.71E-13 4.57E-13 4.94E-13 4.95E-13
 1.00E-74 1.00E-74 1.72E-41 6.27E-27 1.03E-19 1.81E-15 4.08E-14 1.09E-13
 1.73E-13 2.69E-13 3.71E-13 4.56E-13 4.93E-13 4.94E-13
 1.00E-74 1.00E-74 1.72E-41 6.27E-27 1.03E-19 1.81E-15 4.08E-14 1.09E-13
 1.73E-13 2.69E-13 3.71E-13 4.55E-13 4.92E-13 4.93E-13
 1.00E-74 1.00E-74 1.72E-41 6.27E-27 1.03E-19 1.81E-15 4.08E-14 1.09E-13
 1.73E-13 2.68E-13 3.70E-13 4.55E-13 4.92E-13 4.93E-13
 1.00E-74 1.00E-74 1.72E-41 6.26E-27 1.03E-19 1.81E-15 4.08E-14 1.08E-13
 1.73E-13 2.68E-13 3.70E-13 4.55E-13 4.92E-13 4.92E-13
 1.00E-74 1.00E-74 1.72E-41 6.22E-27 1.01E-19 1.78E-15 4.02E-14 1.07E-13
 1.70E-13 2.65E-13 3.66E-13 4.51E-13 4.88E-13 4.89E-13
 1.00E-74 1.00E-74 1.70E-41 5.80E-27 9.04E-20 1.56E-15 3.56E-14 9.57E-14
 1.54E-13 2.41E-13 3.37E-13 4.20E-13 4.60E-13 4.63E-13
  108.857    7  14 /pl=01:ss=14:pb= 1:sz=14/type=excit/ispb = t/isel =   36
 1.00E+10 1.00E+11 1.00E+12 1.00E+13 1.00E+14 1.00E+15 1.00E+16
 3.88E+00 5.82E+00 9.69E+00 1.94E+01 3.88E+01 9.69E+01 1.94E+02 2.91E+02
 3.88E+02 5.82E+02 9.69E+02 1.94E+03 3.88E+03 5.82E+03
 1.00E-74 1.00E-74 1.00E-74 1.13E-29 3.11E-21 2.85E-16 1.08E-14 3.40E-14
 5.89E-14 9.86E-14 1.43E-13 1.84E-13 2.03E-13 2.05E-13
 1.00E-74 1.00E-74 1.00E-74 1.13E-29 3.11E-21 2.85E-16 1.08E-14 3.40E-14
 5.89E-14 9.86E-14 1.43E-13 1.84E-13 2.02E-13 2.04E-13
 1.00E-74 1.00E-74 1.13E-46 1.13E-29 3.11E-21 2.85E-16 1.08E-14 3.40E-14
 5.88E-14 9.85E-14 1.43E-13 1.84E-13 2.02E-13 2.04E-13
 1.00E-74 1.00E-74 1.08E-46 1.13E-29 3.10E-21 2.85E-16 1.08E-14 3.40E-14
 5.88E-14 9.84E-14 1.43E-13 1.84E-13 2.02E-13 2.04E-13
 1.00E-74 1.00E-74 1.08E-46 1.13E-29 3.10E-21 2.85E-16 1.08E-14 3.39E-14
 5.88E-14 9.83E-14 1.43E-13 1.84E-13 2.02E-13 2.03E-13
 1.00E-74 1.00E-74 1.08E-46 1.12E-29 3.07E-21 2.81E-16 1.07E-14 3.35E-14
 5.81E-14 9.73E-14 1.42E-13 1.82E-13 2.00E-13 2.02E-13
 1.00E-74 1.00E-74 1.10E-46 1.07E-29 2.80E-21 2.50E-16 9.56E-15 3.03E-14
 5.28E-14 8.91E-14 1.31E-13 1.70E-13 1.89E-13 1.92E-13
  111.972    7  14 /pl=01:ss=14:pb= 1:sz=14/type=excit/ispb = t/isel =   37
 1.00E+10 1.00E+11 1.00E+12 1.00E+13 1.00E+14 1.00E+15 1.00E+16
 3.88E+00 5.82E+00 9.69E+00 1.94E+01 3.88E+01 9.69E+01 1.94E+02 2.91E+02
 3.88E+02 5.82E+02 9.69E+02 1.94E+03 3.88E+03 5.82E+03
 1.00E-74 1.00E-74 1.00E-74 2.77E-29 7.72E-21 7.02E-16 2.60E-14 7.97E-14
 1.34E-13 2.13E-13 2.80E-13 2.98E-13 2.60E-13 2.29E-13
 1.00E-74 1.00E-74 1.00E-74 2.76E-29 7.72E-21 7.02E-16 2.60E-14 7.97E-14
 1.34E-13 2.12E-13 2.80E-13 2.98E-13 2.60E-13 2.28E-13
 1.00E-74 1.00E-74 2.39E-46 2.76E-29 7.72E-21 7.01E-16 2.60E-14 7.96E-14
 1.34E-13 2.12E-13 2.80E-13 2.97E-13 2.59E-13 2.28E-13
 1.00E-74 1.00E-74 2.51E-46 2.76E-29 7.72E-21 7.01E-16 2.60E-14 7.96E-14
 1.34E-13 2.12E-13 2.80E-13 2.97E-13 2.59E-13 2.28E-13
 1.00E-74 1.00E-74 2.52E-46 2.76E-29 7.71E-21 7.00E-16 2.59E-14 7.95E-14
 1.34E-13 2.12E-13 2.79E-13 2.97E-13 2.59E-13 2.28E-13
 1.00E-74 1.00E-74 2.52E-46 2.74E-29 7.62E-21 6.90E-16 2.56E-14 7.85E-14
 1.32E-13 2.10E-13 2.77E-13 2.94E-13 2.57E-13 2.26E-13
 1.00E-74 1.00E-74 2.53E-46 2.59E-29 6.86E-21 6.11E-16 2.28E-14 7.07E-14
 1.20E-13 1.92E-13 2.56E-13 2.76E-13 2.44E-13 2.16E-13
  114.376    7  14 /pl=01:ss=14:pb= 1:sz=14/type=excit/ispb = t/isel =   38
 1.00E+10 1.00E+11 1.00E+12 1.00E+13 1.00E+14 1.00E+15 1.00E+16
 3.88E+00 5.82E+00 9.69E+00 1.94E+01 3.88E+01 9.69E+01 1.94E+02 2.91E+02
 3.88E+02 5.82E+02 9.69E+02 1.94E+03 3.88E+03 5.82E+03
 1.00E-74 1.00E-74 1.00E-74 3.04E-29 7.98E-21 7.01E-16 2.59E-14 7.95E-14
 1.34E-13 2.13E-13 2.84E-13 3.11E-13 2.77E-13 2.47E-13
 1.00E-74 1.00E-74 3.50E-46 3.04E-29 7.98E-21 7.01E-16 2.59E-14 7.95E-14
 1.34E-13 2.13E-13 2.84E-13 3.10E-13 2.76E-13 2.47E-13
 1.00E-74 1.00E-74 3.15E-46 3.04E-29 7.98E-21 7.01E-16 2.59E-14 7.94E-14
 1.34E-13 2.13E-13 2.84E-13 3.10E-13 2.76E-13 2.46E-13
 1.00E-74 1.00E-74 3.12E-46 3.04E-29 7.98E-21 7.01E-16 2.59E-14 7.94E-14
 1.34E-13 2.13E-13 2.83E-13 3.10E-13 2.76E-13 2.46E-13
 1.00E-74 1.00E-74 3.12E-46 3.03E-29 7.96E-21 6.99E-16 2.58E-14 7.92E-14
 1.34E-13 2.12E-13 2.83E-13 3.09E-13 2.75E-13 2.46E-13
 1.00E-74 1.00E-74 3.08E-46 2.99E-29 7.81E-21 6.85E-16 2.54E-14 7.80E-14
 1.32E-13 2.09E-13 2.80E-13 3.06E-13 2.73E-13 2.44E-13
 1.00E-74 1.00E-74 2.77E-46 2.57E-29 6.53E-21 5.74E-16 2.17E-14 6.75E-14
 1.15E-13 1.86E-13 2.52E-13 2.81E-13 2.55E-13 2.30E-13
  164.294    7  14 /pl=01:ss=14:pb= 1:sz=14/type=excit/ispb = t/isel =   39
 1.00E+10 1.00E+11 1.00E+12 1.00E+13 1.00E+14 1.00E+15 1.00E+16
 3.88E+00 5.82E+00 9.69E+00 1.94E+01 3.88E+01 9.69E+01 1.94E+02 2.91E+02
 3.88E+02 5.82E+02 9.69E+02 1.94E+03 3.88E+03 5.82E+03
 1.00E-74 1.00E-74 8.80E-45 1.49E-28 1.54E-20 7.98E-16 2.53E-14 7.49E-14
 1.26E-13 2.04E-13 2.91E-13 3.68E-13 4.01E-13 4.03E-13
 1.00E-74 1.00E-74 1.01E-44 1.49E-28 1.54E-20 7.98E-16 2.52E-14 7.49E-14
 1.25E-13 2.04E-13 2.91E-13 3.68E-13 4.00E-13 4.03E-13
 1.00E-74 1.00E-74 1.03E-44 1.49E-28 1.54E-20 7.98E-16 2.52E-14 7.48E-14
 1.25E-13 2.04E-13 2.91E-13 3.67E-13 3.99E-13 4.02E-13
 1.00E-74 1.00E-74 1.03E-44 1.49E-28 1.54E-20 7.98E-16 2.52E-14 7.48E-14
 1.25E-13 2.04E-13 2.90E-13 3.67E-13 3.99E-13 4.02E-13
 1.00E-74 1.00E-74 1.03E-44 1.49E-28 1.54E-20 7.96E-16 2.52E-14 7.47E-14
 1.25E-13 2.04E-13 2.90E-13 3.66E-13 3.99E-13 4.01E-13
 1.00E-74 1.00E-74 1.03E-44 1.48E-28 1.52E-20 7.85E-16 2.48E-14 7.37E-14
 1.24E-13 2.01E-13 2.87E-13 3.63E-13 3.96E-13 3.99E-13
 1.00E-74 1.00E-74 1.03E-44 1.39E-28 1.36E-20 6.91E-16 2.21E-14 6.60E-14
 1.11E-13 1.83E-13 2.64E-13 3.38E-13 3.73E-13 3.78E-13
  169.570    7  14 /pl=01:ss=14:pb= 1:sz=14/type=excit/ispb = t/isel =   40
 1.00E+10 1.00E+11 1.00E+12 1.00E+13 1.00E+14 1.00E+15 1.00E+16
 3.88E+00 5.82E+00 9.69E+00 1.94E+01 3.88E+01 9.69E+01 1.94E+02 2.91E+02
 3.88E+02 5.82E+02 9.69E+02 1.94E+03 3.88E+03 5.82E+03
 1.00E-74 1.00E-74 1.94E-44 3.76E-28 3.97E-20 2.02E-15 6.19E-14 1.78E-13
 2.89E-13 4.45E-13 5.74E-13 6.01E-13 5.22E-13 4.58E-13
 1.00E-74 1.00E-74 2.43E-44 3.76E-28 3.97E-20 2.02E-15 6.19E-14 1.78E-13
 2.89E-13 4.45E-13 5.74E-13 6.01E-13 5.21E-13 4.57E-13
 1.00E-74 1.00E-74 2.38E-44 3.76E-28 3.97E-20 2.02E-15 6.19E-14 1.78E-13
 2.89E-13 4.44E-13 5.73E-13 6.00E-13 5.20E-13 4.56E-13
 1.00E-74 1.00E-74 2.38E-44 3.76E-28 3.97E-20 2.02E-15 6.18E-14 1.78E-13
 2.89E-13 4.44E-13 5.73E-13 5.99E-13 5.20E-13 4.56E-13
 1.00E-74 1.00E-74 2.38E-44 3.76E-28 3.96E-20 2.02E-15 6.18E-14 1.78E-13
 2.89E-13 4.44E-13 5.72E-13 5.99E-13 5.20E-13 4.56E-13
 1.00E-74 1.00E-74 2.38E-44 3.73E-28 3.92E-20 1.99E-15 6.09E-14 1.75E-13
 2.85E-13 4.39E-13 5.67E-13 5.94E-13 5.16E-13 4.53E-13
 1.00E-74 1.00E-74 2.38E-44 3.51E-28 3.51E-20 1.76E-15 5.42E-14 1.57E-13
 2.58E-13 4.01E-13 5.23E-13 5.55E-13 4.88E-13 4.31E-13
  179.555    7  14 /pl=01:ss=14:pb= 1:sz=14/type=excit/ispb = t/isel =   41
 1.00E+10 1.00E+11 1.00E+12 1.00E+13 1.00E+14 1.00E+15 1.00E+16
 3.88E+00 5.82E+00 9.69E+00 1.94E+01 3.88E+01 9.69E+01 1.94E+02 2.91E+02
 3.88E+02 5.82E+02 9.69E+02 1.94E+03 3.88E+03 5.82E+03
 1.00E-74 1.00E-74 4.52E-44 5.44E-28 5.21E-20 2.51E-15 7.59E-14 2.18E-13
 3.55E-13 5.49E-13 7.17E-13 7.68E-13 6.84E-13 6.10E-13
 1.00E-74 1.00E-74 4.26E-44 5.44E-28 5.21E-20 2.51E-15 7.59E-14 2.18E-13
 3.55E-13 5.48E-13 7.16E-13 7.67E-13 6.83E-13 6.09E-13
 1.00E-74 1.00E-74 4.24E-44 5.44E-28 5.21E-20 2.51E-15 7.59E-14 2.18E-13
 3.54E-13 5.48E-13 7.15E-13 7.66E-13 6.82E-13 6.08E-13
 1.00E-74 1.00E-74 4.25E-44 5.44E-28 5.21E-20 2.50E-15 7.58E-14 2.18E-13
 3.54E-13 5.47E-13 7.15E-13 7.66E-13 6.82E-13 6.07E-13
 1.00E-74 1.00E-74 4.24E-44 5.43E-28 5.20E-20 2.50E-15 7.57E-14 2.18E-13
 3.54E-13 5.47E-13 7.14E-13 7.65E-13 6.81E-13 6.07E-13
 1.00E-74 1.00E-74 4.22E-44 5.37E-28 5.12E-20 2.46E-15 7.46E-14 2.15E-13
 3.49E-13 5.40E-13 7.06E-13 7.58E-13 6.76E-13 6.03E-13
 1.00E-74 1.00E-74 4.02E-44 4.86E-28 4.46E-20 2.12E-15 6.52E-14 1.90E-13
 3.11E-13 4.87E-13 6.45E-13 7.03E-13 6.35E-13 5.70E-13
  230.973    7  14 /pl=01:ss=14:pb= 1:sz=14/type=excit/ispb = t/isel =   42
 1.00E+10 1.00E+11 1.00E+12 1.00E+13 1.00E+14 1.00E+15 1.00E+16
 3.88E+00 5.82E+00 9.69E+00 1.94E+01 3.88E+01 9.69E+01 1.94E+02 2.91E+02
 3.88E+02 5.82E+02 9.69E+02 1.94E+03 3.88E+03 5.82E+03
 3.48E-21 3.30E-18 7.31E-16 3.60E-14 2.16E-13 5.16E-13 5.98E-13 5.85E-13
 5.61E-13 5.13E-13 4.42E-13 3.47E-13 2.65E-13 2.25E-13
 3.48E-21 3.30E-18 7.31E-16 3.61E-14 2.16E-13 5.19E-13 6.01E-13 5.88E-13
 5.64E-13 5.17E-13 4.46E-13 3.51E-13 2.68E-13 2.27E-13
 3.48E-21 3.30E-18 7.33E-16 3.63E-14 2.17E-13 5.21E-13 6.04E-13 5.91E-13
 5.67E-13 5.21E-13 4.50E-13 3.55E-13 2.72E-13 2.32E-13
 3.55E-21 3.36E-18 7.44E-16 3.67E-14 2.19E-13 5.24E-13 6.07E-13 5.94E-13
 5.70E-13 5.23E-13 4.52E-13 3.57E-13 2.74E-13 2.33E-13
 4.29E-21 3.93E-18 8.42E-16 4.02E-14 2.35E-13 5.51E-13 6.32E-13 6.16E-13
 5.89E-13 5.39E-13 4.64E-13 3.65E-13 2.79E-13 2.37E-13
 1.16E-20 9.63E-18 1.81E-15 7.46E-14 3.88E-13 8.13E-13 8.77E-13 8.32E-13
 7.83E-13 6.99E-13 5.86E-13 4.44E-13 3.29E-13 2.75E-13
 7.90E-20 6.27E-17 1.07E-14 3.77E-13 1.69E-12 3.02E-12 2.97E-12 2.69E-12
 2.46E-12 2.09E-12 1.66E-12 1.16E-12 7.89E-13 6.24E-13
  244.138    7  14 /pl=01:ss=14:pb= 1:sz=14/type=excit/ispb = t/isel =   43
 1.00E+10 1.00E+11 1.00E+12 1.00E+13 1.00E+14 1.00E+15 1.00E+16
 3.88E+00 5.82E+00 9.69E+00 1.94E+01 3.88E+01 9.69E+01 1.94E+02 2.91E+02
 3.88E+02 5.82E+02 9.69E+02 1.94E+03 3.88E+03 5.82E+03
 6.55E-14 4.22E-12 1.08E-10 1.07E-09 2.89E-09 4.37E-09 4.44E-09 4.27E-09
 4.09E-09 3.77E-09 3.34E-09 2.73E-09 2.19E-09 1.90E-09
 6.55E-14 4.22E-12 1.08E-10 1.07E-09 2.89E-09 4.36E-09 4.44E-09 4.26E-09
 4.09E-09 3.77E-09 3.33E-09 2.73E-09 2.19E-09 1.90E-09
 6.55E-14 4.22E-12 1.08E-10 1.07E-09 2.89E-09 4.36E-09 4.43E-09 4.26E-09
 4.08E-09 3.76E-09 3.33E-09 2.72E-09 2.18E-09 1.89E-09
 6.55E-14 4.22E-12 1.08E-10 1.07E-09 2.89E-09 4.36E-09 4.43E-09 4.26E-09
 4.08E-09 3.76E-09 3.33E-09 2.72E-09 2.18E-09 1.89E-09
 6.54E-14 4.22E-12 1.08E-10 1.07E-09 2.89E-09 4.35E-09 4.43E-09 4.25E-09
 4.08E-09 3.76E-09 3.32E-09 2.72E-09 2.18E-09 1.89E-09
 6.54E-14 4.21E-12 1.08E-10 1.06E-09 2.85E-09 4.29E-09 4.36E-09 4.20E-09
 4.03E-09 3.71E-09 3.29E-09 2.69E-09 2.16E-09 1.88E-09
 6.46E-14 4.15E-12 1.04E-10 9.68E-10 2.51E-09 3.73E-09 3.84E-09 3.73E-09
 3.61E-09 3.37E-09 3.02E-09 2.50E-09 2.03E-09 1.78E-09
  266.477    7  14 /pl=01:ss=14:pb= 1:sz=14/type=excit/ispb = t/isel =   44
 1.00E+10 1.00E+11 1.00E+12 1.00E+13 1.00E+14 1.00E+15 1.00E+16
 3.88E+00 5.82E+00 9.69E+00 1.94E+01 3.88E+01 9.69E+01 1.94E+02 2.91E+02
 3.88E+02 5.82E+02 9.69E+02 1.94E+03 3.88E+03 5.82E+03
 5.30E-21 2.73E-18 3.74E-16 1.49E-14 9.42E-14 2.38E-13 2.78E-13 2.83E-13
 2.83E-13 2.72E-13 2.48E-13 2.02E-13 1.55E-13 1.31E-13
 5.35E-21 2.76E-18 4.34E-16 3.04E-14 2.48E-13 6.60E-13 8.02E-13 8.57E-13
 8.94E-13 9.19E-13 9.00E-13 7.99E-13 6.59E-13 5.72E-13
 6.09E-21 3.22E-18 8.09E-16 6.66E-14 4.34E-13 1.04E-12 1.27E-12 1.39E-12
 1.48E-12 1.57E-12 1.62E-12 1.56E-12 1.41E-12 1.30E-12
 2.03E-20 9.59E-18 1.90E-15 9.63E-14 5.38E-13 1.22E-12 1.46E-12 1.57E-12
 1.66E-12 1.76E-12 1.82E-12 1.77E-12 1.63E-12 1.52E-12
 1.85E-19 7.88E-17 9.04E-15 2.69E-13 1.20E-12 2.27E-12 2.42E-12 2.42E-12
 2.42E-12 2.40E-12 2.31E-12 2.11E-12 1.86E-12 1.71E-12
 1.82E-18 7.66E-16 7.88E-14 1.95E-12 7.59E-12 1.25E-11 1.17E-11 1.06E-11
 9.70E-12 8.44E-12 6.96E-12 5.25E-12 3.92E-12 3.29E-12
 1.64E-17 6.99E-15 7.07E-13 1.65E-11 6.02E-11 9.48E-11 8.66E-11 7.56E-11
 6.74E-11 5.61E-11 4.37E-11 3.05E-11 2.09E-11 1.65E-11
  271.689    7  14 /pl=01:ss=14:pb= 1:sz=14/type=excit/ispb = t/isel =   45
 1.00E+10 1.00E+11 1.00E+12 1.00E+13 1.00E+14 1.00E+15 1.00E+16
 3.88E+00 5.82E+00 9.69E+00 1.94E+01 3.88E+01 9.69E+01 1.94E+02 2.91E+02
 3.88E+02 5.82E+02 9.69E+02 1.94E+03 3.88E+03 5.82E+03
 1.99E-20 8.01E-18 8.87E-16 2.63E-14 1.25E-13 2.72E-13 3.26E-13 3.37E-13
 3.36E-13 3.26E-13 3.03E-13 2.61E-13 2.13E-13 1.88E-13
 2.00E-20 8.04E-18 8.90E-16 2.64E-14 1.25E-13 2.72E-13 3.26E-13 3.37E-13
 3.36E-13 3.26E-13 3.03E-13 2.60E-13 2.13E-13 1.88E-13
 2.10E-20 8.37E-18 9.19E-16 2.70E-14 1.27E-13 2.76E-13 3.29E-13 3.39E-13
 3.39E-13 3.28E-13 3.04E-13 2.61E-13 2.13E-13 1.88E-13
 3.11E-20 1.17E-17 1.21E-15 3.33E-14 1.50E-13 3.10E-13 3.61E-13 3.67E-13
 3.63E-13 3.48E-13 3.20E-13 2.72E-13 2.20E-13 1.93E-13
 1.31E-19 4.47E-17 4.09E-15 9.63E-14 3.75E-13 6.56E-13 6.75E-13 6.43E-13
 6.10E-13 5.54E-13 4.78E-13 3.79E-13 2.90E-13 2.46E-13
 1.12E-18 3.72E-16 3.26E-14 7.15E-13 2.58E-12 4.03E-12 3.74E-12 3.33E-12
 3.01E-12 2.55E-12 2.02E-12 1.42E-12 9.69E-13 7.69E-13
 9.97E-18 3.33E-15 2.89E-13 6.03E-12 2.07E-11 3.12E-11 2.83E-11 2.46E-11
 2.19E-11 1.82E-11 1.41E-11 9.74E-12 6.56E-12 5.15E-12
  278.555    7  14 /pl=01:ss=14:pb= 1:sz=14/type=excit/ispb = t/isel =   46
 1.00E+10 1.00E+11 1.00E+12 1.00E+13 1.00E+14 1.00E+15 1.00E+16
 3.88E+00 5.82E+00 9.69E+00 1.94E+01 3.88E+01 9.69E+01 1.94E+02 2.91E+02
 3.88E+02 5.82E+02 9.69E+02 1.94E+03 3.88E+03 5.82E+03
 2.46E-21 7.27E-18 3.96E-15 3.87E-13 3.30E-12 9.91E-12 1.30E-11 1.37E-11
 1.38E-11 1.35E-11 1.26E-11 1.08E-11 8.83E-12 7.77E-12
 2.46E-21 7.27E-18 3.96E-15 3.87E-13 3.30E-12 9.91E-12 1.30E-11 1.37E-11
 1.38E-11 1.35E-11 1.25E-11 1.08E-11 8.82E-12 7.76E-12
 2.46E-21 7.27E-18 3.96E-15 3.87E-13 3.30E-12 9.90E-12 1.30E-11 1.36E-11
 1.38E-11 1.35E-11 1.25E-11 1.07E-11 8.80E-12 7.74E-12
 2.46E-21 7.28E-18 3.97E-15 3.88E-13 3.30E-12 9.90E-12 1.30E-11 1.36E-11
 1.38E-11 1.35E-11 1.25E-11 1.07E-11 8.80E-12 7.74E-12
 2.51E-21 7.40E-18 4.02E-15 3.91E-13 3.31E-12 9.93E-12 1.30E-11 1.37E-11
 1.38E-11 1.35E-11 1.25E-11 1.07E-11 8.80E-12 7.74E-12
 2.97E-21 8.51E-18 4.48E-15 4.21E-13 3.48E-12 1.02E-11 1.32E-11 1.39E-11
 1.40E-11 1.36E-11 1.26E-11 1.08E-11 8.83E-12 7.76E-12
 7.45E-21 1.93E-17 8.91E-15 6.93E-13 4.91E-12 1.27E-11 1.55E-11 1.58E-11
 1.57E-11 1.50E-11 1.37E-11 1.14E-11 9.21E-12 8.03E-12
  333.506    7  14 /pl=01:ss=14:pb= 1:sz=14/type=excit/ispb = t/isel =   47
 1.00E+10 1.00E+11 1.00E+12 1.00E+13 1.00E+14 1.00E+15 1.00E+16
 3.88E+00 5.82E+00 9.69E+00 1.94E+01 3.88E+01 9.69E+01 1.94E+02 2.91E+02
 3.88E+02 5.82E+02 9.69E+02 1.94E+03 3.88E+03 5.82E+03
 1.00E-74 1.00E-74 1.00E-74 2.26E-29 5.94E-21 5.22E-16 1.93E-14 5.92E-14
 9.97E-14 1.59E-13 2.11E-13 2.31E-13 2.06E-13 1.84E-13
 1.00E-74 1.00E-74 2.61E-46 2.26E-29 5.94E-21 5.22E-16 1.93E-14 5.91E-14
 9.96E-14 1.58E-13 2.11E-13 2.31E-13 2.06E-13 1.84E-13
 1.00E-74 1.00E-74 2.35E-46 2.26E-29 5.94E-21 5.21E-16 1.93E-14 5.91E-14
 9.96E-14 1.58E-13 2.11E-13 2.30E-13 2.05E-13 1.83E-13
 1.00E-74 1.00E-74 2.32E-46 2.26E-29 5.94E-21 5.21E-16 1.92E-14 5.91E-14
 9.95E-14 1.58E-13 2.11E-13 2.30E-13 2.05E-13 1.83E-13
 1.00E-74 1.00E-74 2.32E-46 2.26E-29 5.92E-21 5.20E-16 1.92E-14 5.90E-14
 9.94E-14 1.58E-13 2.11E-13 2.30E-13 2.05E-13 1.83E-13
 1.00E-74 1.00E-74 2.29E-46 2.22E-29 5.81E-21 5.10E-16 1.89E-14 5.80E-14
 9.79E-14 1.56E-13 2.08E-13 2.28E-13 2.03E-13 1.82E-13
 1.00E-74 1.00E-74 2.06E-46 1.91E-29 4.86E-21 4.27E-16 1.61E-14 5.02E-14
 8.57E-14 1.38E-13 1.87E-13 2.09E-13 1.89E-13 1.71E-13
  395.833    7  14 /pl=01:ss=14:pb= 1:sz=14/type=excit/ispb = t/isel =   48
 1.00E+10 1.00E+11 1.00E+12 1.00E+13 1.00E+14 1.00E+15 1.00E+16
 3.88E+00 5.82E+00 9.69E+00 1.94E+01 3.88E+01 9.69E+01 1.94E+02 2.91E+02
 3.88E+02 5.82E+02 9.69E+02 1.94E+03 3.88E+03 5.82E+03
 2.40E-20 2.28E-17 5.05E-15 2.49E-13 1.49E-12 3.57E-12 4.13E-12 4.04E-12
 3.87E-12 3.55E-12 3.06E-12 2.40E-12 1.83E-12 1.55E-12
 2.40E-20 2.28E-17 5.05E-15 2.49E-13 1.49E-12 3.58E-12 4.15E-12 4.06E-12
 3.90E-12 3.57E-12 3.08E-12 2.42E-12 1.85E-12 1.57E-12
 2.41E-20 2.28E-17 5.06E-15 2.51E-13 1.50E-12 3.60E-12 4.17E-12 4.08E-12
 3.92E-12 3.60E-12 3.11E-12 2.45E-12 1.88E-12 1.60E-12
 2.46E-20 2.32E-17 5.14E-15 2.53E-13 1.51E-12 3.62E-12 4.19E-12 4.10E-12
 3.94E-12 3.61E-12 3.12E-12 2.46E-12 1.89E-12 1.61E-12
 2.96E-20 2.72E-17 5.81E-15 2.77E-13 1.62E-12 3.80E-12 4.37E-12 4.25E-12
 4.07E-12 3.72E-12 3.21E-12 2.52E-12 1.93E-12 1.64E-12
 8.01E-20 6.66E-17 1.25E-14 5.15E-13 2.68E-12 5.62E-12 6.06E-12 5.75E-12
 5.41E-12 4.83E-12 4.05E-12 3.07E-12 2.27E-12 1.90E-12
 5.46E-19 4.33E-16 7.42E-14 2.61E-12 1.17E-11 2.08E-11 2.05E-11 1.86E-11
 1.70E-11 1.45E-11 1.15E-11 8.01E-12 5.45E-12 4.31E-12
  468.983    7  14 /pl=01:ss=14:pb= 1:sz=14/type=excit/ispb = t/isel =   49
 1.00E+10 1.00E+11 1.00E+12 1.00E+13 1.00E+14 1.00E+15 1.00E+16
 3.88E+00 5.82E+00 9.69E+00 1.94E+01 3.88E+01 9.69E+01 1.94E+02 2.91E+02
 3.88E+02 5.82E+02 9.69E+02 1.94E+03 3.88E+03 5.82E+03
 1.09E-13 8.64E-13 4.19E-12 1.21E-11 1.82E-11 2.01E-11 1.86E-11 1.74E-11
 1.65E-11 1.52E-11 1.36E-11 1.14E-11 9.38E-12 8.30E-12
 1.09E-13 8.64E-13 4.19E-12 1.21E-11 1.82E-11 2.01E-11 1.86E-11 1.74E-11
 1.65E-11 1.52E-11 1.35E-11 1.14E-11 9.34E-12 8.27E-12
 1.09E-13 8.64E-13 4.19E-12 1.21E-11 1.82E-11 2.00E-11 1.85E-11 1.73E-11
 1.64E-11 1.51E-11 1.35E-11 1.13E-11 9.28E-12 8.20E-12
 1.09E-13 8.64E-13 4.19E-12 1.21E-11 1.82E-11 2.00E-11 1.85E-11 1.73E-11
 1.64E-11 1.51E-11 1.35E-11 1.13E-11 9.26E-12 8.18E-12
 1.09E-13 8.63E-13 4.19E-12 1.21E-11 1.82E-11 2.00E-11 1.85E-11 1.73E-11
 1.64E-11 1.51E-11 1.34E-11 1.12E-11 9.24E-12 8.17E-12
 1.08E-13 8.56E-13 4.15E-12 1.19E-11 1.78E-11 1.95E-11 1.81E-11 1.69E-11
 1.60E-11 1.47E-11 1.31E-11 1.10E-11 9.06E-12 8.02E-12
 9.85E-14 7.93E-13 3.81E-12 1.05E-11 1.50E-11 1.62E-11 1.48E-11 1.37E-11
 1.29E-11 1.18E-11 1.06E-11 9.00E-12 7.61E-12 6.84E-12
  6227.43    7  14 /pl=01:ss=14:pb= 1:sz=14/type=excit/ispb = t/isel =   50
 1.00E+10 1.00E+11 1.00E+12 1.00E+13 1.00E+14 1.00E+15 1.00E+16
 3.88E+00 5.82E+00 9.69E+00 1.94E+01 3.88E+01 9.69E+01 1.94E+02 2.91E+02
 3.88E+02 5.82E+02 9.69E+02 1.94E+03 3.88E+03 5.82E+03
 1.76E-20 6.27E-18 1.10E-15 4.69E-14 2.57E-13 5.88E-13 7.44E-13 8.49E-13
 9.37E-13 1.06E-12 1.17E-12 1.22E-12 1.20E-12 1.15E-12
 6.58E-20 6.59E-18 1.03E-15 3.58E-14 1.53E-13 3.04E-13 3.84E-13 4.46E-13
 5.00E-13 5.82E-13 6.70E-13 7.51E-13 7.88E-13 7.92E-13
 4.38E-19 8.99E-18 6.70E-16 1.07E-14 3.05E-14 5.25E-14 6.62E-14 7.80E-14
 8.87E-14 1.06E-13 1.28E-13 1.55E-13 1.79E-13 1.91E-13
 1.40E-18 1.48E-17 2.10E-16 1.57E-15 3.76E-15 6.08E-15 7.53E-15 8.80E-15
 9.95E-15 1.19E-14 1.44E-14 1.76E-14 2.07E-14 2.24E-14
 1.80E-18 1.71E-17 1.04E-16 4.07E-16 7.65E-16 1.04E-15 1.16E-15 1.26E-15
 1.36E-15 1.52E-15 1.74E-15 2.02E-15 2.29E-15 2.45E-15
 1.83E-18 1.72E-17 9.14E-17 2.83E-16 4.54E-16 5.26E-16 5.08E-16 4.91E-16
 4.79E-16 4.68E-16 4.53E-16 4.35E-16 4.21E-16 4.16E-16
 1.68E-18 1.60E-17 8.28E-17 2.39E-16 3.58E-16 3.95E-16 3.67E-16 3.42E-16
 3.21E-16 2.96E-16 2.67E-16 2.32E-16 2.01E-16 1.85E-16
c-------------------------------------------------------------------------------
 
C  root partition information
C  ==========================
C
C  nuclear charge : 18
C  ion charge+1   : 15
C
C  population calculation information
C  ----------------------------------
C
C  population processing code: adas810
C
C  adf04 source file    : adf04_copmm#18_ic_40#ar14.dat
C  adf18/a17_p208 file  : NULL
C
C  meta. ion. coeff. selector  : 
 
C  options  : lnorm =T  lpsel =F  lzsel =T  liosel=F
C           : lhsel =F  lrsel =F  lisel =F  lnsel =F
 
C  energy levels
C  -------------
C
C   lv      configuration    (2S+1)L(w-1/2)      energy (cm^-1)
C  ---   ------------------- --------------      --------------
c    1   22                     (1)0(  0.0)             0.0
c    2   12513                  (3)1(  0.0)        206112.6
c    3   12513                  (3)1(  1.0)        213227.3
c    4   12513                  (3)1(  2.0)        229285.3
c    5   12513                  (1)1(  1.0)        409604.6
c    6   23                     (3)1(  0.0)        581295.1
c    7   23                     (3)1(  1.0)        591389.1
c    8   23                     (3)1(  2.0)        604552.3
c    9   23                     (1)2(  2.0)        662236.7
c   10   23                     (1)0(  0.0)        768600.7
c   11   12514                  (3)0(  1.0)       3918027.0
c   12   12514                  (1)0(  0.0)       3961968.8
c   13   12515                  (3)1(  0.0)       4021157.1
c   14   12515                  (3)1(  1.0)       4022803.8
c   15   12515                  (3)1(  2.0)       4027686.7
c   16   12515                  (1)1(  1.0)       4041216.3
c   17   12516                  (3)2(  1.0)       4085173.5
c   18   12516                  (3)2(  2.0)       4085902.2
c   19   12516                  (3)2(  3.0)       4087051.0
c   20   12516                  (1)2(  2.0)       4123857.0
c   21   12517                  (3)0(  1.0)       5248455.7
c   22   12517                  (1)0(  0.0)       5262471.7
c   23   12518                  (3)1(  0.0)       5289395.9
c   24   12518                  (3)1(  1.0)       5290043.3
c   25   12518                  (3)1(  2.0)       5292107.8
c   26   12518                  (1)1(  1.0)       5296668.4
c   27   12519                  (3)2(  1.0)       5315273.7
c   28   12519                  (3)2(  2.0)       5315578.8
c   29   12519                  (3)2(  3.0)       5316067.7
c   30   12519                  (1)2(  2.0)       5327733.3
c   31   1251B                  (3)0(  1.0)       5847204.8
c   32   1251B                  (1)0(  0.0)       5853601.6
c   33   1251C                  (3)1(  0.0)       5867624.5
c   34   1251C                  (3)1(  1.0)       5867945.4
c   35   1251C                  (3)1(  2.0)       5869001.2
c   36   1251C                  (1)1(  1.0)       5871135.9
c   37   1251D                  (3)2(  1.0)       5880705.5
c   38   1251D                  (3)2(  2.0)       5880861.2
c   39   1251D                  (3)2(  3.0)       5881112.7
c   40   1251D                  (1)2(  2.0)       5886395.7
c   41   1251G                  (3)0(  1.0)       6167490.6
c   42   1251G                  (1)0(  0.0)       6170980.2
c   43   1251H                  (3)1(  0.0)       6179136.9
c   44   1251H                  (3)1(  1.0)       6179319.3
c   45   1251H                  (3)1(  2.0)       6179929.2
c   46   1251H                  (1)1(  1.0)       6181109.3
c   47   1251I                  (3)2(  1.0)       6186640.8
c   48   1251I                  (3)2(  2.0)       6186730.5
c   49   1251I                  (3)2(  3.0)       6186876.3
c   50   1251I                  (1)2(  2.0)       6189745.9
c   51   1251M                  (3)0(  1.0)       6358720.0
c   52   1251M                  (1)0(  0.0)       6360844.6
c   53   1251N                  (3)1(  0.0)       6365984.6
c   54   1251N                  (3)1(  1.0)       6366098.2
c   55   1251N                  (3)1(  2.0)       6366481.6
c   56   1251N                  (1)1(  1.0)       6367205.4
c   57   1251O                  (3)2(  1.0)       6370682.8
c   58   1251O                  (3)2(  2.0)       6370739.1
c   59   1251O                  (3)2(  3.0)       6370830.8
c   60   1251O                  (1)2(  2.0)       6372574.3
 
 
 
c-------------------------------------------------------------------------------
 
C  superstage partition information
C  ================================
C
C  element symbol   : AR
C  parent template  : 
C  partition level  :  1
C  superstage label : 14
C
C  tabulation       : photon emissivity coefft (te,ne)
C  units            : ph. emis coef(cm^3 s^-1); te (ev); ne (cm^-3)
C
C  photon emissivity atomic transitions
C  ------------------------------------
C  
C   isel  wvlen(A)            transition                type  ispb nspb
C                                                             ispp nspp sz    tg pr wr
C  ----- ---------- ----------------------------------- ----- ---- ---- --    -- -- --
C      1   15.7055   56(1)1(  1.0)-  1(1)0(  0.0)       excit   1    1  14    29 19  1
C      2   16.1783   46(1)1(  1.0)-  1(1)0(  0.0)       excit   1    1  14    24 16  2
C      3   16.7702   60(1)2(  2.0)-  5(1)1(  1.0)       excit   1    1  14   194 23  3
C      4   16.8032   52(1)0(  0.0)-  5(1)1(  1.0)       excit   1    1  14   188 42  4
C      5   17.0325   36(1)1(  1.0)-  1(1)0(  0.0)       excit   1    1  14    19  9  5
C      6   17.3006   50(1)2(  2.0)-  5(1)1(  1.0)       excit   1    1  14   186 18  6
C      7   17.3570   42(1)0(  0.0)-  5(1)1(  1.0)       excit   1    1  14   180 30  7
C      8   18.2589   40(1)2(  2.0)-  5(1)1(  1.0)       excit   1    1  14   178 11  8
C      9   18.3689   32(1)0(  0.0)-  5(1)1(  1.0)       excit   1    1  14   172 21  9
C     10   18.8798   26(1)1(  1.0)-  1(1)0(  0.0)       excit   1    1  14    14  6 10
C     11   20.3329   30(1)2(  2.0)-  5(1)1(  1.0)       excit   1    1  14   170  7 11
C     12   20.6064   22(1)0(  0.0)-  5(1)1(  1.0)       excit   1    1  14   164 10 12
C     13   22.0845   26(1)1(  1.0)- 10(1)0(  0.0)       excit   1    1  14   370 47 13
C     14   24.7450   16(1)1(  1.0)-  1(1)0(  0.0)       excit   1    1  14     9  3 14
C     15   24.8583   14(3)1(  1.0)-  1(1)0(  0.0)       excit   1    1  14     8 15 15
C     16   25.5713   20(1)2(  2.0)-  3(3)1(  1.0)       excit   1    1  14    68 50 16
C     17   26.9233   20(1)2(  2.0)-  5(1)1(  1.0)       excit   1    1  14   162  2 17
C     18   26.9920   11(3)0(  1.0)-  3(3)1(  1.0)       excit   1    1  14    61 37 18
C     19   27.1095   11(3)0(  1.0)-  4(3)1(  2.0)       excit   1    1  14   105 29 19
C     20   28.1503   12(1)0(  0.0)-  5(1)1(  1.0)       excit   1    1  14   156  4 20
C     21   30.5566   16(1)1(  1.0)- 10(1)0(  0.0)       excit   1    1  14   365 22 21
C     22   41.5760   56(1)1(  1.0)- 12(1)0(  0.0)       excit   1    1  14   453 45 22
C     23   42.8935   60(1)2(  2.0)- 16(1)1(  1.0)       excit   1    1  14   586 39 23
C     24   43.1104   52(1)0(  0.0)- 16(1)1(  1.0)       excit   1    1  14   580 46 24
C     25   45.0625   46(1)1(  1.0)- 12(1)0(  0.0)       excit   1    1  14   448 35 25
C     26   46.5435   50(1)2(  2.0)- 16(1)1(  1.0)       excit   1    1  14   578 28 26
C     27   46.9536   42(1)0(  0.0)- 16(1)1(  1.0)       excit   1    1  14   572 36 27
C     28   52.3789   36(1)1(  1.0)- 12(1)0(  0.0)       excit   1    1  14   443 26 28
C     29   54.1953   40(1)2(  2.0)- 16(1)1(  1.0)       excit   1    1  14   570 20 29
C     30   55.1759   32(1)0(  0.0)- 16(1)1(  1.0)       excit   1    1  14   564 25 30
C     31   72.8854   24(3)1(  1.0)- 11(3)0(  1.0)       excit   1    1  14   398 31 31
C     32   74.9232   26(1)1(  1.0)- 12(1)0(  0.0)       excit   1    1  14   438 17 32
C     33   77.7292   30(1)2(  2.0)- 16(1)1(  1.0)       excit   1    1  14   562 12 33
C     34   81.8830   22(1)0(  0.0)- 16(1)1(  1.0)       excit   1    1  14   556 14 34
C     35   85.2652   26(1)1(  1.0)- 20(1)2(  2.0)       excit   1    1  14   693 34 35
C     36   108.857   46(1)1(  1.0)- 22(1)0(  0.0)       excit   1    1  14   771 49 36
C     37   111.972   50(1)2(  2.0)- 26(1)1(  1.0)       excit   1    1  14   872 43 37
C     38   114.376   42(1)0(  0.0)- 26(1)1(  1.0)       excit   1    1  14   866 41 38
C     39   164.294   36(1)1(  1.0)- 22(1)0(  0.0)       excit   1    1  14   766 38 39
C     40   169.570   40(1)2(  2.0)- 26(1)1(  1.0)       excit   1    1  14   864 32 40
C     41   179.555   32(1)0(  0.0)- 26(1)1(  1.0)       excit   1    1  14   858 27 41
C     42   230.973    9(1)2(  2.0)-  4(3)1(  2.0)       excit   1    1  14   104 33 42
C     43   244.138    5(1)1(  1.0)-  1(1)0(  0.0)       excit   1    1  14     2  1 43
C     44   266.477    8(3)1(  2.0)-  4(3)1(  2.0)       excit   1    1  14   103 44 44
C     45   271.689    6(3)1(  0.0)-  3(3)1(  1.0)       excit   1    1  14    56 40 45
C     46   278.555   10(1)0(  0.0)-  5(1)1(  1.0)       excit   1    1  14   154  8 46
C     47   333.506   42(1)0(  0.0)- 36(1)1(  1.0)       excit   1    1  14  1084 48 47
C     48   395.833    9(1)2(  2.0)-  5(1)1(  1.0)       excit   1    1  14   153 13 48
C     49   468.983    3(3)1(  1.0)-  1(1)0(  0.0)       excit   1    1  14     1  5 49
C     50   6227.43    4(3)1(  2.0)-  3(3)1(  1.0)       excit   1    1  14    54 24 50
c-------------------------------------------------------------------------------
                                                                                
C  code     : adas810
C  producer : Adam Foster
C  date     : 13/05/09
                                                                                
c-------------------------------------------------------------------------------
