   50    /Ar: 8 photon emissivity coefficients/
--------------------------------------------------------------------------------
    1    1    1    1    1    1    1    1    1    1    1    1    1    1
    1    1    1    1    1
--------------------------------------------------------------------------------
//#01/p00/ 00/p01/ 01/p02/ 02/p03/ 03/p04/ 04/p05/ 05/p06/ 06/p07/ 07/p08/ 08/  
      p09/ 09/p10/ 10/p11/ 11/p12/ 12/p13/ 13/p14/ 14/p15/ 15/p16/ 16/p17/ 17/  
      p18/ 18/                                                                  
--------------------------------------------------------------------------------
  26.6245    7  14 /pl=01:ss= 8:pb= 1:sz= 8/type=excit/ispb = t/isel =    1
 1.00E+10 1.00E+11 1.00E+12 1.00E+13 1.00E+14 1.00E+15 1.00E+16
 1.40E+00 2.09E+00 3.49E+00 6.98E+00 1.40E+01 3.49E+01 6.98E+01 1.05E+02
 1.40E+02 2.09E+02 3.49E+02 6.98E+02 1.40E+03 2.09E+03
 1.00E-74 1.00E-74 1.00E-74 3.81E-40 7.00E-26 2.12E-17 1.19E-14 9.09E-14
 2.45E-13 6.31E-13 1.29E-12 2.13E-12 2.70E-12 2.91E-12
 1.00E-74 1.00E-74 1.00E-74 3.81E-40 7.00E-26 2.12E-17 1.19E-14 9.09E-14
 2.45E-13 6.31E-13 1.29E-12 2.13E-12 2.70E-12 2.91E-12
 1.00E-74 1.00E-74 1.00E-74 3.81E-40 7.00E-26 2.12E-17 1.19E-14 9.09E-14
 2.45E-13 6.31E-13 1.29E-12 2.13E-12 2.70E-12 2.91E-12
 1.00E-74 1.00E-74 1.00E-74 3.81E-40 7.00E-26 2.12E-17 1.19E-14 9.09E-14
 2.45E-13 6.31E-13 1.29E-12 2.13E-12 2.70E-12 2.91E-12
 1.00E-74 1.00E-74 1.00E-74 3.81E-40 6.99E-26 2.12E-17 1.19E-14 9.08E-14
 2.44E-13 6.30E-13 1.29E-12 2.13E-12 2.70E-12 2.91E-12
 1.00E-74 1.00E-74 1.00E-74 3.81E-40 6.96E-26 2.10E-17 1.18E-14 9.03E-14
 2.43E-13 6.27E-13 1.28E-12 2.11E-12 2.68E-12 2.89E-12
 1.00E-74 1.00E-74 1.00E-74 3.80E-40 6.74E-26 2.02E-17 1.13E-14 8.66E-14
 2.33E-13 5.99E-13 1.22E-12 1.99E-12 2.52E-12 2.72E-12
  27.5672    7  14 /pl=01:ss= 8:pb= 1:sz= 8/type=excit/ispb = t/isel =    2
 1.00E+10 1.00E+11 1.00E+12 1.00E+13 1.00E+14 1.00E+15 1.00E+16
 1.40E+00 2.09E+00 3.49E+00 6.98E+00 1.40E+01 3.49E+01 6.98E+01 1.05E+02
 1.40E+02 2.09E+02 3.49E+02 6.98E+02 1.40E+03 2.09E+03
 1.00E-74 1.00E-74 1.00E-74 7.99E-39 4.63E-25 7.08E-17 3.19E-14 2.28E-13
 5.89E-13 1.47E-12 2.92E-12 4.72E-12 5.92E-12 6.34E-12
 1.00E-74 1.00E-74 1.00E-74 7.99E-39 4.63E-25 7.08E-17 3.19E-14 2.28E-13
 5.89E-13 1.47E-12 2.92E-12 4.72E-12 5.92E-12 6.34E-12
 1.00E-74 1.00E-74 1.00E-74 7.99E-39 4.63E-25 7.08E-17 3.19E-14 2.28E-13
 5.89E-13 1.47E-12 2.92E-12 4.72E-12 5.92E-12 6.34E-12
 1.00E-74 1.00E-74 1.00E-74 8.00E-39 4.63E-25 7.08E-17 3.20E-14 2.28E-13
 5.89E-13 1.47E-12 2.92E-12 4.72E-12 5.92E-12 6.34E-12
 1.00E-74 1.00E-74 1.00E-74 8.02E-39 4.64E-25 7.09E-17 3.20E-14 2.28E-13
 5.90E-13 1.47E-12 2.92E-12 4.72E-12 5.92E-12 6.34E-12
 1.00E-74 1.00E-74 1.00E-74 8.28E-39 4.74E-25 7.20E-17 3.24E-14 2.30E-13
 5.95E-13 1.48E-12 2.94E-12 4.74E-12 5.93E-12 6.34E-12
 1.00E-74 1.00E-74 1.00E-74 1.02E-38 5.45E-25 7.99E-17 3.53E-14 2.48E-13
 6.38E-13 1.57E-12 3.07E-12 4.86E-12 5.99E-12 6.37E-12
  29.5849    7  14 /pl=01:ss= 8:pb= 1:sz= 8/type=excit/ispb = t/isel =    3
 1.00E+10 1.00E+11 1.00E+12 1.00E+13 1.00E+14 1.00E+15 1.00E+16
 1.40E+00 2.09E+00 3.49E+00 6.98E+00 1.40E+01 3.49E+01 6.98E+01 1.05E+02
 1.40E+02 2.09E+02 3.49E+02 6.98E+02 1.40E+03 2.09E+03
 1.00E-74 1.00E-74 1.00E-74 1.97E-36 1.21E-23 5.26E-16 1.60E-13 1.00E-12
 2.44E-12 5.71E-12 1.08E-11 1.65E-11 1.99E-11 2.09E-11
 1.00E-74 1.00E-74 1.00E-74 1.97E-36 1.21E-23 5.26E-16 1.60E-13 1.00E-12
 2.44E-12 5.71E-12 1.08E-11 1.65E-11 1.99E-11 2.09E-11
 1.00E-74 1.00E-74 1.00E-74 1.97E-36 1.21E-23 5.26E-16 1.60E-13 1.00E-12
 2.44E-12 5.71E-12 1.08E-11 1.65E-11 1.99E-11 2.09E-11
 1.00E-74 1.00E-74 1.00E-74 1.97E-36 1.21E-23 5.26E-16 1.60E-13 1.00E-12
 2.44E-12 5.71E-12 1.08E-11 1.65E-11 1.99E-11 2.09E-11
 1.00E-74 1.00E-74 1.00E-74 1.98E-36 1.22E-23 5.26E-16 1.60E-13 1.00E-12
 2.44E-12 5.71E-12 1.08E-11 1.65E-11 1.99E-11 2.09E-11
 1.00E-74 1.00E-74 1.00E-74 2.01E-36 1.23E-23 5.29E-16 1.61E-13 1.01E-12
 2.45E-12 5.73E-12 1.08E-11 1.65E-11 1.99E-11 2.09E-11
 1.00E-74 1.00E-74 1.00E-74 2.32E-36 1.35E-23 5.63E-16 1.68E-13 1.05E-12
 2.54E-12 5.89E-12 1.10E-11 1.67E-11 2.01E-11 2.10E-11
  31.0102    7  14 /pl=01:ss= 8:pb= 1:sz= 8/type=excit/ispb = t/isel =    4
 1.00E+10 1.00E+11 1.00E+12 1.00E+13 1.00E+14 1.00E+15 1.00E+16
 1.40E+00 2.09E+00 3.49E+00 6.98E+00 1.40E+01 3.49E+01 6.98E+01 1.05E+02
 1.40E+02 2.09E+02 3.49E+02 6.98E+02 1.40E+03 2.09E+03
 1.00E-74 1.00E-74 1.00E-74 2.78E-35 5.39E-23 9.97E-16 2.19E-13 1.22E-12
 2.81E-12 6.10E-12 1.07E-11 1.52E-11 1.69E-11 1.70E-11
 1.00E-74 1.00E-74 1.00E-74 2.78E-35 5.39E-23 9.97E-16 2.19E-13 1.22E-12
 2.81E-12 6.10E-12 1.07E-11 1.52E-11 1.69E-11 1.70E-11
 1.00E-74 1.00E-74 1.00E-74 2.78E-35 5.39E-23 9.97E-16 2.19E-13 1.22E-12
 2.81E-12 6.10E-12 1.07E-11 1.52E-11 1.69E-11 1.70E-11
 1.00E-74 1.00E-74 1.00E-74 2.78E-35 5.39E-23 9.97E-16 2.19E-13 1.22E-12
 2.81E-12 6.10E-12 1.07E-11 1.52E-11 1.69E-11 1.70E-11
 1.00E-74 1.00E-74 1.00E-74 2.77E-35 5.39E-23 9.96E-16 2.19E-13 1.22E-12
 2.80E-12 6.09E-12 1.07E-11 1.52E-11 1.68E-11 1.69E-11
 1.00E-74 1.00E-74 1.00E-74 2.75E-35 5.35E-23 9.91E-16 2.18E-13 1.22E-12
 2.79E-12 6.07E-12 1.07E-11 1.51E-11 1.68E-11 1.69E-11
 1.00E-74 1.00E-74 1.00E-74 2.63E-35 5.15E-23 9.57E-16 2.12E-13 1.18E-12
 2.71E-12 5.89E-12 1.04E-11 1.46E-11 1.62E-11 1.62E-11
  31.6808    7  14 /pl=01:ss= 8:pb= 1:sz= 8/type=excit/ispb = t/isel =    5
 1.00E+10 1.00E+11 1.00E+12 1.00E+13 1.00E+14 1.00E+15 1.00E+16
 1.40E+00 2.09E+00 3.49E+00 6.98E+00 1.40E+01 3.49E+01 6.98E+01 1.05E+02
 1.40E+02 2.09E+02 3.49E+02 6.98E+02 1.40E+03 2.09E+03
 1.00E-74 1.00E-74 1.00E-74 1.67E-34 1.78E-22 2.32E-15 4.67E-13 2.54E-12
 5.74E-12 1.24E-11 2.17E-11 3.04E-11 3.34E-11 3.34E-11
 1.00E-74 1.00E-74 1.00E-74 1.67E-34 1.78E-22 2.32E-15 4.67E-13 2.54E-12
 5.74E-12 1.24E-11 2.17E-11 3.04E-11 3.34E-11 3.34E-11
 1.00E-74 1.00E-74 1.00E-74 1.67E-34 1.78E-22 2.32E-15 4.67E-13 2.54E-12
 5.74E-12 1.24E-11 2.17E-11 3.04E-11 3.34E-11 3.34E-11
 1.00E-74 1.00E-74 1.00E-74 1.67E-34 1.78E-22 2.32E-15 4.67E-13 2.54E-12
 5.74E-12 1.24E-11 2.17E-11 3.04E-11 3.34E-11 3.34E-11
 1.00E-74 1.00E-74 1.00E-74 1.67E-34 1.78E-22 2.32E-15 4.66E-13 2.54E-12
 5.74E-12 1.24E-11 2.17E-11 3.04E-11 3.34E-11 3.34E-11
 1.00E-74 1.00E-74 1.00E-74 1.67E-34 1.78E-22 2.32E-15 4.66E-13 2.54E-12
 5.74E-12 1.24E-11 2.17E-11 3.04E-11 3.34E-11 3.33E-11
 1.00E-74 1.00E-74 1.00E-74 1.64E-34 1.76E-22 2.30E-15 4.62E-13 2.52E-12
 5.69E-12 1.23E-11 2.14E-11 3.00E-11 3.30E-11 3.29E-11
  32.8678    7  14 /pl=01:ss= 8:pb= 1:sz= 8/type=excit/ispb = t/isel =    6
 1.00E+10 1.00E+11 1.00E+12 1.00E+13 1.00E+14 1.00E+15 1.00E+16
 1.40E+00 2.09E+00 3.49E+00 6.98E+00 1.40E+01 3.49E+01 6.98E+01 1.05E+02
 1.40E+02 2.09E+02 3.49E+02 6.98E+02 1.40E+03 2.09E+03
 1.00E-74 1.00E-74 1.00E-74 2.64E-33 1.03E-21 7.33E-15 1.20E-12 6.13E-12
 1.34E-11 2.81E-11 4.79E-11 6.61E-11 7.23E-11 7.21E-11
 1.00E-74 1.00E-74 1.00E-74 2.64E-33 1.03E-21 7.33E-15 1.20E-12 6.13E-12
 1.34E-11 2.81E-11 4.79E-11 6.61E-11 7.23E-11 7.21E-11
 1.00E-74 1.00E-74 1.00E-74 2.64E-33 1.03E-21 7.33E-15 1.20E-12 6.13E-12
 1.34E-11 2.81E-11 4.79E-11 6.61E-11 7.23E-11 7.21E-11
 1.00E-74 1.00E-74 1.00E-74 2.64E-33 1.03E-21 7.33E-15 1.20E-12 6.13E-12
 1.34E-11 2.81E-11 4.79E-11 6.61E-11 7.23E-11 7.21E-11
 1.00E-74 1.00E-74 1.00E-74 2.65E-33 1.03E-21 7.33E-15 1.20E-12 6.13E-12
 1.34E-11 2.81E-11 4.79E-11 6.61E-11 7.23E-11 7.21E-11
 1.00E-74 1.00E-74 1.00E-74 2.65E-33 1.03E-21 7.33E-15 1.20E-12 6.13E-12
 1.34E-11 2.81E-11 4.79E-11 6.61E-11 7.23E-11 7.21E-11
 1.00E-74 1.00E-74 1.00E-74 2.67E-33 1.03E-21 7.38E-15 1.21E-12 6.16E-12
 1.35E-11 2.82E-11 4.80E-11 6.61E-11 7.23E-11 7.20E-11
  33.4976    7  14 /pl=01:ss= 8:pb= 1:sz= 8/type=excit/ispb = t/isel =    7
 1.00E+10 1.00E+11 1.00E+12 1.00E+13 1.00E+14 1.00E+15 1.00E+16
 1.40E+00 2.09E+00 3.49E+00 6.98E+00 1.40E+01 3.49E+01 6.98E+01 1.05E+02
 1.40E+02 2.09E+02 3.49E+02 6.98E+02 1.40E+03 2.09E+03
 1.00E-74 1.00E-74 1.00E-74 6.27E-34 9.92E-23 4.59E-16 6.42E-14 3.07E-13
 6.47E-13 1.29E-12 2.07E-12 2.59E-12 2.52E-12 2.31E-12
 1.00E-74 1.00E-74 1.00E-74 6.27E-34 9.92E-23 4.59E-16 6.42E-14 3.07E-13
 6.47E-13 1.29E-12 2.07E-12 2.59E-12 2.52E-12 2.31E-12
 1.00E-74 1.00E-74 1.00E-74 6.27E-34 9.92E-23 4.59E-16 6.42E-14 3.07E-13
 6.47E-13 1.29E-12 2.07E-12 2.59E-12 2.52E-12 2.31E-12
 1.00E-74 1.00E-74 1.00E-74 6.27E-34 9.92E-23 4.59E-16 6.42E-14 3.07E-13
 6.47E-13 1.29E-12 2.07E-12 2.59E-12 2.52E-12 2.31E-12
 1.00E-74 1.00E-74 1.00E-74 6.27E-34 9.91E-23 4.59E-16 6.42E-14 3.07E-13
 6.47E-13 1.29E-12 2.07E-12 2.59E-12 2.52E-12 2.31E-12
 1.00E-74 1.00E-74 1.00E-74 6.24E-34 9.87E-23 4.58E-16 6.41E-14 3.07E-13
 6.46E-13 1.29E-12 2.07E-12 2.59E-12 2.51E-12 2.31E-12
 1.00E-74 1.00E-74 1.00E-74 5.98E-34 9.52E-23 4.46E-16 6.27E-14 3.01E-13
 6.34E-13 1.27E-12 2.03E-12 2.55E-12 2.48E-12 2.29E-12
  35.3274    7  14 /pl=01:ss= 8:pb= 1:sz= 8/type=excit/ispb = t/isel =    8
 1.00E+10 1.00E+11 1.00E+12 1.00E+13 1.00E+14 1.00E+15 1.00E+16
 1.40E+00 2.09E+00 3.49E+00 6.98E+00 1.40E+01 3.49E+01 6.98E+01 1.05E+02
 1.40E+02 2.09E+02 3.49E+02 6.98E+02 1.40E+03 2.09E+03
 1.00E-74 1.00E-74 1.00E-74 3.19E-31 1.88E-20 4.31E-14 4.77E-12 2.12E-11
 4.33E-11 8.46E-11 1.37E-10 1.84E-10 2.02E-10 2.02E-10
 1.00E-74 1.00E-74 1.00E-74 3.19E-31 1.88E-20 4.31E-14 4.77E-12 2.12E-11
 4.33E-11 8.46E-11 1.37E-10 1.84E-10 2.02E-10 2.02E-10
 1.00E-74 1.00E-74 1.00E-74 3.19E-31 1.88E-20 4.31E-14 4.77E-12 2.12E-11
 4.33E-11 8.46E-11 1.37E-10 1.84E-10 2.02E-10 2.02E-10
 1.00E-74 1.00E-74 1.00E-74 3.19E-31 1.88E-20 4.31E-14 4.77E-12 2.12E-11
 4.33E-11 8.46E-11 1.37E-10 1.84E-10 2.02E-10 2.02E-10
 1.00E-74 1.00E-74 1.00E-74 3.19E-31 1.88E-20 4.31E-14 4.77E-12 2.12E-11
 4.33E-11 8.46E-11 1.37E-10 1.84E-10 2.02E-10 2.02E-10
 1.00E-74 1.00E-74 1.00E-74 3.19E-31 1.88E-20 4.31E-14 4.78E-12 2.13E-11
 4.34E-11 8.46E-11 1.37E-10 1.84E-10 2.02E-10 2.02E-10
 1.00E-74 1.00E-74 1.00E-74 3.24E-31 1.90E-20 4.35E-14 4.81E-12 2.14E-11
 4.36E-11 8.51E-11 1.38E-10 1.85E-10 2.02E-10 2.02E-10
  35.7562    7  14 /pl=01:ss= 8:pb= 1:sz= 8/type=excit/ispb = t/isel =    9
 1.00E+10 1.00E+11 1.00E+12 1.00E+13 1.00E+14 1.00E+15 1.00E+16
 1.40E+00 2.09E+00 3.49E+00 6.98E+00 1.40E+01 3.49E+01 6.98E+01 1.05E+02
 1.40E+02 2.09E+02 3.49E+02 6.98E+02 1.40E+03 2.09E+03
 1.00E-74 1.00E-74 1.00E-74 3.41E-30 5.34E-20 7.55E-14 8.23E-12 3.75E-11
 7.77E-11 1.54E-10 2.50E-10 3.26E-10 3.38E-10 3.25E-10
 1.00E-74 1.00E-74 1.00E-74 3.41E-30 5.34E-20 7.55E-14 8.23E-12 3.75E-11
 7.77E-11 1.54E-10 2.50E-10 3.26E-10 3.38E-10 3.25E-10
 1.00E-74 1.00E-74 1.00E-74 3.41E-30 5.34E-20 7.55E-14 8.23E-12 3.75E-11
 7.77E-11 1.54E-10 2.50E-10 3.26E-10 3.38E-10 3.25E-10
 1.00E-74 1.00E-74 1.00E-74 3.41E-30 5.34E-20 7.55E-14 8.23E-12 3.75E-11
 7.77E-11 1.54E-10 2.50E-10 3.26E-10 3.38E-10 3.25E-10
 1.00E-74 1.00E-74 1.00E-74 3.41E-30 5.34E-20 7.55E-14 8.23E-12 3.75E-11
 7.77E-11 1.54E-10 2.50E-10 3.26E-10 3.38E-10 3.25E-10
 1.00E-74 1.00E-74 1.00E-74 3.41E-30 5.34E-20 7.55E-14 8.23E-12 3.75E-11
 7.77E-11 1.54E-10 2.50E-10 3.26E-10 3.37E-10 3.25E-10
 1.00E-74 1.00E-74 1.00E-74 3.41E-30 5.34E-20 7.54E-14 8.22E-12 3.74E-11
 7.74E-11 1.54E-10 2.49E-10 3.25E-10 3.36E-10 3.24E-10
  36.9506    7  14 /pl=01:ss= 8:pb= 1:sz= 8/type=excit/ispb = t/isel =   10
 1.00E+10 1.00E+11 1.00E+12 1.00E+13 1.00E+14 1.00E+15 1.00E+16
 1.40E+00 2.09E+00 3.49E+00 6.98E+00 1.40E+01 3.49E+01 6.98E+01 1.05E+02
 1.40E+02 2.09E+02 3.49E+02 6.98E+02 1.40E+03 2.09E+03
 1.00E-74 1.00E-74 1.00E-74 4.61E-32 9.60E-22 1.35E-15 1.39E-13 6.13E-13
 1.25E-12 2.44E-12 3.94E-12 5.20E-12 5.56E-12 5.49E-12
 1.00E-74 1.00E-74 1.00E-74 4.61E-32 9.60E-22 1.35E-15 1.39E-13 6.13E-13
 1.25E-12 2.44E-12 3.94E-12 5.20E-12 5.56E-12 5.49E-12
 1.00E-74 1.00E-74 1.00E-74 4.61E-32 9.60E-22 1.35E-15 1.39E-13 6.13E-13
 1.25E-12 2.44E-12 3.94E-12 5.20E-12 5.56E-12 5.49E-12
 1.00E-74 1.00E-74 1.00E-74 4.62E-32 9.60E-22 1.35E-15 1.39E-13 6.13E-13
 1.25E-12 2.44E-12 3.94E-12 5.20E-12 5.56E-12 5.49E-12
 1.00E-74 1.00E-74 1.00E-74 4.62E-32 9.62E-22 1.36E-15 1.39E-13 6.14E-13
 1.25E-12 2.44E-12 3.94E-12 5.20E-12 5.56E-12 5.50E-12
 1.00E-74 1.00E-74 1.00E-74 4.72E-32 9.80E-22 1.37E-15 1.40E-13 6.19E-13
 1.26E-12 2.46E-12 3.97E-12 5.24E-12 5.59E-12 5.53E-12
 1.00E-74 1.00E-74 1.00E-74 5.56E-32 1.15E-21 1.56E-15 1.55E-13 6.75E-13
 1.36E-12 2.64E-12 4.23E-12 5.54E-12 5.88E-12 5.79E-12
  42.2366    7  14 /pl=01:ss= 8:pb= 1:sz= 8/type=excit/ispb = t/isel =   11
 1.00E+10 1.00E+11 1.00E+12 1.00E+13 1.00E+14 1.00E+15 1.00E+16
 1.40E+00 2.09E+00 3.49E+00 6.98E+00 1.40E+01 3.49E+01 6.98E+01 1.05E+02
 1.40E+02 2.09E+02 3.49E+02 6.98E+02 1.40E+03 2.09E+03
 1.00E-74 1.00E-74 1.00E-74 6.12E-27 5.89E-18 1.15E-12 5.61E-11 1.91E-10
 3.44E-10 5.94E-10 8.81E-10 1.13E-09 1.21E-09 1.21E-09
 1.00E-74 1.00E-74 4.15E-45 6.12E-27 5.89E-18 1.15E-12 5.61E-11 1.91E-10
 3.44E-10 5.94E-10 8.81E-10 1.13E-09 1.21E-09 1.21E-09
 1.00E-74 1.00E-74 4.77E-45 6.12E-27 5.89E-18 1.15E-12 5.61E-11 1.91E-10
 3.44E-10 5.94E-10 8.81E-10 1.13E-09 1.21E-09 1.21E-09
 1.00E-74 1.00E-74 4.71E-45 6.12E-27 5.89E-18 1.15E-12 5.61E-11 1.91E-10
 3.44E-10 5.94E-10 8.81E-10 1.13E-09 1.21E-09 1.21E-09
 1.00E-74 1.00E-74 4.71E-45 6.13E-27 5.90E-18 1.15E-12 5.61E-11 1.91E-10
 3.44E-10 5.95E-10 8.82E-10 1.13E-09 1.21E-09 1.21E-09
 1.00E-74 1.00E-74 4.76E-45 6.18E-27 5.93E-18 1.15E-12 5.63E-11 1.92E-10
 3.45E-10 5.96E-10 8.84E-10 1.13E-09 1.22E-09 1.22E-09
 1.00E-74 1.00E-74 5.20E-45 6.61E-27 6.25E-18 1.20E-12 5.83E-11 1.98E-10
 3.55E-10 6.13E-10 9.04E-10 1.15E-09 1.23E-09 1.23E-09
  45.9199    7  14 /pl=01:ss= 8:pb= 1:sz= 8/type=excit/ispb = t/isel =   12
 1.00E+10 1.00E+11 1.00E+12 1.00E+13 1.00E+14 1.00E+15 1.00E+16
 1.40E+00 2.09E+00 3.49E+00 6.98E+00 1.40E+01 3.49E+01 6.98E+01 1.05E+02
 1.40E+02 2.09E+02 3.49E+02 6.98E+02 1.40E+03 2.09E+03
 1.00E-74 1.00E-74 5.40E-45 2.41E-28 4.36E-20 3.26E-15 1.24E-13 4.00E-13
 7.00E-13 1.18E-12 1.67E-12 1.97E-12 1.93E-12 1.82E-12
 1.00E-74 1.00E-74 5.40E-45 2.41E-28 4.36E-20 3.26E-15 1.24E-13 4.00E-13
 7.00E-13 1.18E-12 1.67E-12 1.97E-12 1.93E-12 1.82E-12
 1.00E-74 1.00E-74 5.40E-45 2.41E-28 4.36E-20 3.26E-15 1.24E-13 4.00E-13
 7.00E-13 1.18E-12 1.67E-12 1.97E-12 1.93E-12 1.82E-12
 1.00E-74 1.00E-74 5.40E-45 2.41E-28 4.35E-20 3.26E-15 1.24E-13 4.00E-13
 7.00E-13 1.18E-12 1.67E-12 1.97E-12 1.93E-12 1.82E-12
 1.00E-74 1.00E-74 5.39E-45 2.41E-28 4.35E-20 3.25E-15 1.24E-13 4.00E-13
 6.99E-13 1.18E-12 1.67E-12 1.97E-12 1.93E-12 1.81E-12
 1.00E-74 1.00E-74 5.29E-45 2.38E-28 4.30E-20 3.22E-15 1.23E-13 3.96E-13
 6.93E-13 1.17E-12 1.66E-12 1.95E-12 1.91E-12 1.81E-12
 1.00E-74 1.00E-74 4.47E-45 2.09E-28 3.84E-20 2.89E-15 1.11E-13 3.61E-13
 6.34E-13 1.07E-12 1.54E-12 1.83E-12 1.81E-12 1.72E-12
  49.2125    7  14 /pl=01:ss= 8:pb= 1:sz= 8/type=excit/ispb = t/isel =   13
 1.00E+10 1.00E+11 1.00E+12 1.00E+13 1.00E+14 1.00E+15 1.00E+16
 1.40E+00 2.09E+00 3.49E+00 6.98E+00 1.40E+01 3.49E+01 6.98E+01 1.05E+02
 1.40E+02 2.09E+02 3.49E+02 6.98E+02 1.40E+03 2.09E+03
 1.00E-74 1.00E-74 4.25E-41 2.09E-25 1.97E-17 1.21E-12 4.53E-11 1.46E-10
 2.57E-10 4.35E-10 6.25E-10 7.47E-10 7.43E-10 7.07E-10
 1.00E-74 1.00E-74 4.25E-41 2.09E-25 1.97E-17 1.21E-12 4.53E-11 1.46E-10
 2.57E-10 4.35E-10 6.25E-10 7.47E-10 7.43E-10 7.07E-10
 1.00E-74 1.00E-74 4.25E-41 2.09E-25 1.97E-17 1.21E-12 4.53E-11 1.46E-10
 2.57E-10 4.35E-10 6.25E-10 7.47E-10 7.43E-10 7.07E-10
 1.00E-74 1.00E-74 4.25E-41 2.09E-25 1.97E-17 1.21E-12 4.53E-11 1.46E-10
 2.57E-10 4.35E-10 6.25E-10 7.47E-10 7.43E-10 7.07E-10
 1.00E-74 1.00E-74 4.25E-41 2.09E-25 1.97E-17 1.21E-12 4.52E-11 1.46E-10
 2.57E-10 4.35E-10 6.25E-10 7.47E-10 7.42E-10 7.06E-10
 1.00E-74 1.00E-74 4.25E-41 2.09E-25 1.97E-17 1.21E-12 4.50E-11 1.45E-10
 2.56E-10 4.33E-10 6.22E-10 7.44E-10 7.40E-10 7.05E-10
 1.00E-74 1.00E-74 4.25E-41 2.09E-25 1.94E-17 1.16E-12 4.30E-11 1.39E-10
 2.44E-10 4.15E-10 5.98E-10 7.19E-10 7.19E-10 6.87E-10
  84.6392    7  14 /pl=01:ss= 8:pb= 1:sz= 8/type=excit/ispb = t/isel =   14
 1.00E+10 1.00E+11 1.00E+12 1.00E+13 1.00E+14 1.00E+15 1.00E+16
 1.40E+00 2.09E+00 3.49E+00 6.98E+00 1.40E+01 3.49E+01 6.98E+01 1.05E+02
 1.40E+02 2.09E+02 3.49E+02 6.98E+02 1.40E+03 2.09E+03
 1.00E-74 1.00E-74 1.00E-74 7.16E-36 1.26E-23 2.18E-16 4.68E-14 2.57E-13
 5.77E-13 1.23E-12 2.06E-12 2.64E-12 2.56E-12 2.34E-12
 1.00E-74 1.00E-74 1.00E-74 7.16E-36 1.26E-23 2.18E-16 4.68E-14 2.57E-13
 5.77E-13 1.23E-12 2.06E-12 2.64E-12 2.56E-12 2.34E-12
 1.00E-74 1.00E-74 1.00E-74 7.15E-36 1.26E-23 2.18E-16 4.67E-14 2.56E-13
 5.77E-13 1.23E-12 2.06E-12 2.64E-12 2.56E-12 2.34E-12
 1.00E-74 1.00E-74 1.00E-74 7.15E-36 1.26E-23 2.18E-16 4.67E-14 2.56E-13
 5.76E-13 1.23E-12 2.06E-12 2.64E-12 2.56E-12 2.34E-12
 1.00E-74 1.00E-74 1.00E-74 7.09E-36 1.25E-23 2.17E-16 4.65E-14 2.55E-13
 5.74E-13 1.22E-12 2.06E-12 2.64E-12 2.56E-12 2.34E-12
 1.00E-74 1.00E-74 1.00E-74 6.74E-36 1.20E-23 2.09E-16 4.51E-14 2.49E-13
 5.61E-13 1.20E-12 2.03E-12 2.64E-12 2.58E-12 2.38E-12
 1.00E-74 1.00E-74 1.00E-74 6.67E-36 1.18E-23 2.06E-16 4.43E-14 2.44E-13
 5.53E-13 1.19E-12 2.03E-12 2.73E-12 2.79E-12 2.64E-12
  90.4026    7  14 /pl=01:ss= 8:pb= 1:sz= 8/type=excit/ispb = t/isel =   15
 1.00E+10 1.00E+11 1.00E+12 1.00E+13 1.00E+14 1.00E+15 1.00E+16
 1.40E+00 2.09E+00 3.49E+00 6.98E+00 1.40E+01 3.49E+01 6.98E+01 1.05E+02
 1.40E+02 2.09E+02 3.49E+02 6.98E+02 1.40E+03 2.09E+03
 1.00E-74 1.00E-74 1.00E-74 5.18E-35 4.72E-23 5.55E-16 1.04E-13 5.50E-13
 1.21E-12 2.53E-12 4.19E-12 5.33E-12 5.18E-12 4.76E-12
 1.00E-74 1.00E-74 1.00E-74 5.18E-35 4.72E-23 5.55E-16 1.04E-13 5.50E-13
 1.21E-12 2.53E-12 4.19E-12 5.33E-12 5.18E-12 4.76E-12
 1.00E-74 1.00E-74 1.00E-74 5.18E-35 4.72E-23 5.55E-16 1.04E-13 5.50E-13
 1.21E-12 2.53E-12 4.19E-12 5.33E-12 5.18E-12 4.76E-12
 1.00E-74 1.00E-74 1.00E-74 5.18E-35 4.72E-23 5.55E-16 1.04E-13 5.50E-13
 1.21E-12 2.53E-12 4.19E-12 5.33E-12 5.18E-12 4.76E-12
 1.00E-74 1.00E-74 1.00E-74 5.16E-35 4.71E-23 5.54E-16 1.04E-13 5.50E-13
 1.21E-12 2.53E-12 4.19E-12 5.33E-12 5.18E-12 4.76E-12
 1.00E-74 1.00E-74 1.00E-74 5.02E-35 4.60E-23 5.45E-16 1.03E-13 5.45E-13
 1.20E-12 2.52E-12 4.18E-12 5.35E-12 5.21E-12 4.80E-12
 1.00E-74 1.00E-74 1.00E-74 4.64E-35 4.28E-23 5.12E-16 9.86E-14 5.27E-13
 1.17E-12 2.48E-12 4.18E-12 5.46E-12 5.45E-12 5.08E-12
  95.5067    7  14 /pl=01:ss= 8:pb= 1:sz= 8/type=excit/ispb = t/isel =   16
 1.00E+10 1.00E+11 1.00E+12 1.00E+13 1.00E+14 1.00E+15 1.00E+16
 1.40E+00 2.09E+00 3.49E+00 6.98E+00 1.40E+01 3.49E+01 6.98E+01 1.05E+02
 1.40E+02 2.09E+02 3.49E+02 6.98E+02 1.40E+03 2.09E+03
 1.00E-74 1.00E-74 1.00E-74 2.30E-35 4.45E-23 8.24E-16 1.81E-13 1.01E-12
 2.32E-12 5.04E-12 8.87E-12 1.26E-11 1.39E-11 1.40E-11
 1.00E-74 1.00E-74 1.00E-74 2.30E-35 4.45E-23 8.24E-16 1.81E-13 1.01E-12
 2.32E-12 5.04E-12 8.87E-12 1.26E-11 1.39E-11 1.40E-11
 1.00E-74 1.00E-74 1.00E-74 2.30E-35 4.45E-23 8.24E-16 1.81E-13 1.01E-12
 2.32E-12 5.04E-12 8.87E-12 1.26E-11 1.39E-11 1.40E-11
 1.00E-74 1.00E-74 1.00E-74 2.29E-35 4.45E-23 8.24E-16 1.81E-13 1.01E-12
 2.32E-12 5.04E-12 8.87E-12 1.26E-11 1.39E-11 1.40E-11
 1.00E-74 1.00E-74 1.00E-74 2.29E-35 4.45E-23 8.23E-16 1.81E-13 1.01E-12
 2.32E-12 5.04E-12 8.87E-12 1.26E-11 1.39E-11 1.40E-11
 1.00E-74 1.00E-74 1.00E-74 2.27E-35 4.42E-23 8.19E-16 1.80E-13 1.01E-12
 2.31E-12 5.01E-12 8.83E-12 1.25E-11 1.38E-11 1.39E-11
 1.00E-74 1.00E-74 1.00E-74 2.17E-35 4.25E-23 7.91E-16 1.75E-13 9.77E-13
 2.24E-12 4.87E-12 8.56E-12 1.21E-11 1.34E-11 1.34E-11
  102.168    7  14 /pl=01:ss= 8:pb= 1:sz= 8/type=excit/ispb = t/isel =   17
 1.00E+10 1.00E+11 1.00E+12 1.00E+13 1.00E+14 1.00E+15 1.00E+16
 1.40E+00 2.09E+00 3.49E+00 6.98E+00 1.40E+01 3.49E+01 6.98E+01 1.05E+02
 1.40E+02 2.09E+02 3.49E+02 6.98E+02 1.40E+03 2.09E+03
 1.00E-74 1.00E-74 1.00E-74 1.33E-34 1.41E-22 1.84E-15 3.70E-13 2.02E-12
 4.56E-12 9.86E-12 1.72E-11 2.41E-11 2.66E-11 2.65E-11
 1.00E-74 1.00E-74 1.00E-74 1.33E-34 1.41E-22 1.84E-15 3.70E-13 2.02E-12
 4.56E-12 9.86E-12 1.72E-11 2.41E-11 2.66E-11 2.65E-11
 1.00E-74 1.00E-74 1.00E-74 1.33E-34 1.41E-22 1.84E-15 3.70E-13 2.02E-12
 4.56E-12 9.86E-12 1.72E-11 2.41E-11 2.66E-11 2.65E-11
 1.00E-74 1.00E-74 1.00E-74 1.33E-34 1.41E-22 1.84E-15 3.70E-13 2.02E-12
 4.56E-12 9.86E-12 1.72E-11 2.41E-11 2.66E-11 2.65E-11
 1.00E-74 1.00E-74 1.00E-74 1.33E-34 1.41E-22 1.84E-15 3.70E-13 2.02E-12
 4.56E-12 9.86E-12 1.72E-11 2.41E-11 2.65E-11 2.65E-11
 1.00E-74 1.00E-74 1.00E-74 1.32E-34 1.41E-22 1.84E-15 3.70E-13 2.01E-12
 4.55E-12 9.85E-12 1.72E-11 2.41E-11 2.65E-11 2.65E-11
 1.00E-74 1.00E-74 1.00E-74 1.30E-34 1.40E-22 1.82E-15 3.67E-13 2.00E-12
 4.51E-12 9.76E-12 1.70E-11 2.38E-11 2.62E-11 2.61E-11
  102.292    7  14 /pl=01:ss= 8:pb= 1:sz= 8/type=excit/ispb = t/isel =   18
 1.00E+10 1.00E+11 1.00E+12 1.00E+13 1.00E+14 1.00E+15 1.00E+16
 1.40E+00 2.09E+00 3.49E+00 6.98E+00 1.40E+01 3.49E+01 6.98E+01 1.05E+02
 1.40E+02 2.09E+02 3.49E+02 6.98E+02 1.40E+03 2.09E+03
 1.00E-74 1.00E-74 1.00E-74 1.17E-33 3.44E-22 2.10E-15 3.21E-13 1.59E-12
 3.39E-12 6.87E-12 1.12E-11 1.41E-11 1.38E-11 1.28E-11
 1.00E-74 1.00E-74 1.00E-74 1.17E-33 3.44E-22 2.10E-15 3.21E-13 1.59E-12
 3.39E-12 6.87E-12 1.12E-11 1.41E-11 1.38E-11 1.28E-11
 1.00E-74 1.00E-74 1.00E-74 1.17E-33 3.44E-22 2.10E-15 3.21E-13 1.59E-12
 3.39E-12 6.87E-12 1.12E-11 1.41E-11 1.38E-11 1.28E-11
 1.00E-74 1.00E-74 1.00E-74 1.17E-33 3.44E-22 2.10E-15 3.21E-13 1.59E-12
 3.39E-12 6.87E-12 1.12E-11 1.41E-11 1.38E-11 1.28E-11
 1.00E-74 1.00E-74 1.00E-74 1.16E-33 3.43E-22 2.10E-15 3.21E-13 1.59E-12
 3.39E-12 6.87E-12 1.12E-11 1.41E-11 1.38E-11 1.28E-11
 1.00E-74 1.00E-74 1.00E-74 1.15E-33 3.41E-22 2.09E-15 3.20E-13 1.58E-12
 3.38E-12 6.85E-12 1.11E-11 1.41E-11 1.38E-11 1.28E-11
 1.00E-74 1.00E-74 1.00E-74 1.09E-33 3.22E-22 1.99E-15 3.07E-13 1.53E-12
 3.27E-12 6.65E-12 1.09E-11 1.39E-11 1.37E-11 1.28E-11
  103.027    7  14 /pl=01:ss= 8:pb= 1:sz= 8/type=excit/ispb = t/isel =   19
 1.00E+10 1.00E+11 1.00E+12 1.00E+13 1.00E+14 1.00E+15 1.00E+16
 1.40E+00 2.09E+00 3.49E+00 6.98E+00 1.40E+01 3.49E+01 6.98E+01 1.05E+02
 1.40E+02 2.09E+02 3.49E+02 6.98E+02 1.40E+03 2.09E+03
 1.00E-74 1.00E-74 1.00E-74 2.36E-39 1.37E-25 2.09E-17 9.45E-15 6.73E-14
 1.74E-13 4.35E-13 8.64E-13 1.40E-12 1.75E-12 1.87E-12
 1.00E-74 1.00E-74 1.00E-74 2.36E-39 1.37E-25 2.09E-17 9.45E-15 6.73E-14
 1.74E-13 4.35E-13 8.64E-13 1.40E-12 1.75E-12 1.87E-12
 1.00E-74 1.00E-74 1.00E-74 2.36E-39 1.37E-25 2.09E-17 9.45E-15 6.73E-14
 1.74E-13 4.35E-13 8.64E-13 1.40E-12 1.75E-12 1.87E-12
 1.00E-74 1.00E-74 1.00E-74 2.36E-39 1.37E-25 2.09E-17 9.45E-15 6.73E-14
 1.74E-13 4.35E-13 8.64E-13 1.40E-12 1.75E-12 1.87E-12
 1.00E-74 1.00E-74 1.00E-74 2.37E-39 1.37E-25 2.10E-17 9.46E-15 6.74E-14
 1.74E-13 4.35E-13 8.65E-13 1.40E-12 1.75E-12 1.87E-12
 1.00E-74 1.00E-74 1.00E-74 2.45E-39 1.40E-25 2.13E-17 9.57E-15 6.81E-14
 1.76E-13 4.38E-13 8.69E-13 1.40E-12 1.75E-12 1.88E-12
 1.00E-74 1.00E-74 1.00E-74 3.02E-39 1.61E-25 2.36E-17 1.04E-14 7.35E-14
 1.89E-13 4.65E-13 9.09E-13 1.44E-12 1.77E-12 1.88E-12
  115.636    7  14 /pl=01:ss= 8:pb= 1:sz= 8/type=excit/ispb = t/isel =   20
 1.00E+10 1.00E+11 1.00E+12 1.00E+13 1.00E+14 1.00E+15 1.00E+16
 1.40E+00 2.09E+00 3.49E+00 6.98E+00 1.40E+01 3.49E+01 6.98E+01 1.05E+02
 1.40E+02 2.09E+02 3.49E+02 6.98E+02 1.40E+03 2.09E+03
 1.00E-74 1.00E-74 1.00E-74 1.92E-33 7.43E-22 5.31E-15 8.71E-13 4.44E-12
 9.71E-12 2.04E-11 3.47E-11 4.78E-11 5.24E-11 5.22E-11
 1.00E-74 1.00E-74 1.00E-74 1.92E-33 7.43E-22 5.31E-15 8.71E-13 4.44E-12
 9.71E-12 2.04E-11 3.47E-11 4.78E-11 5.24E-11 5.22E-11
 1.00E-74 1.00E-74 1.00E-74 1.92E-33 7.43E-22 5.31E-15 8.71E-13 4.44E-12
 9.71E-12 2.04E-11 3.47E-11 4.78E-11 5.24E-11 5.22E-11
 1.00E-74 1.00E-74 1.00E-74 1.92E-33 7.43E-22 5.31E-15 8.71E-13 4.44E-12
 9.71E-12 2.04E-11 3.47E-11 4.78E-11 5.24E-11 5.22E-11
 1.00E-74 1.00E-74 1.00E-74 1.92E-33 7.43E-22 5.31E-15 8.71E-13 4.44E-12
 9.71E-12 2.04E-11 3.47E-11 4.78E-11 5.24E-11 5.22E-11
 1.00E-74 1.00E-74 1.00E-74 1.92E-33 7.44E-22 5.31E-15 8.71E-13 4.44E-12
 9.71E-12 2.04E-11 3.47E-11 4.78E-11 5.24E-11 5.22E-11
 1.00E-74 1.00E-74 1.00E-74 1.93E-33 7.49E-22 5.35E-15 8.76E-13 4.46E-12
 9.75E-12 2.04E-11 3.48E-11 4.78E-11 5.23E-11 5.21E-11
  115.814    7  14 /pl=01:ss= 8:pb= 1:sz= 8/type=excit/ispb = t/isel =   21
 1.00E+10 1.00E+11 1.00E+12 1.00E+13 1.00E+14 1.00E+15 1.00E+16
 1.40E+00 2.09E+00 3.49E+00 6.98E+00 1.40E+01 3.49E+01 6.98E+01 1.05E+02
 1.40E+02 2.09E+02 3.49E+02 6.98E+02 1.40E+03 2.09E+03
 1.00E-74 1.00E-74 1.00E-74 3.98E-39 3.24E-25 5.90E-17 2.77E-14 1.98E-13
 5.08E-13 1.23E-12 2.30E-12 3.21E-12 3.26E-12 3.03E-12
 1.00E-74 1.00E-74 1.00E-74 3.98E-39 3.24E-25 5.90E-17 2.77E-14 1.98E-13
 5.08E-13 1.23E-12 2.30E-12 3.21E-12 3.26E-12 3.03E-12
 1.00E-74 1.00E-74 1.00E-74 3.98E-39 3.24E-25 5.90E-17 2.77E-14 1.98E-13
 5.08E-13 1.23E-12 2.30E-12 3.21E-12 3.26E-12 3.03E-12
 1.00E-74 1.00E-74 1.00E-74 3.98E-39 3.24E-25 5.90E-17 2.77E-14 1.98E-13
 5.08E-13 1.23E-12 2.30E-12 3.21E-12 3.26E-12 3.03E-12
 1.00E-74 1.00E-74 1.00E-74 3.98E-39 3.24E-25 5.90E-17 2.77E-14 1.98E-13
 5.08E-13 1.23E-12 2.31E-12 3.21E-12 3.26E-12 3.03E-12
 1.00E-74 1.00E-74 1.00E-74 4.01E-39 3.25E-25 5.91E-17 2.78E-14 1.98E-13
 5.09E-13 1.24E-12 2.31E-12 3.21E-12 3.26E-12 3.04E-12
 1.00E-74 1.00E-74 1.00E-74 4.25E-39 3.37E-25 6.04E-17 2.82E-14 2.01E-13
 5.15E-13 1.25E-12 2.33E-12 3.24E-12 3.29E-12 3.06E-12
  124.217    7  14 /pl=01:ss= 8:pb= 1:sz= 8/type=excit/ispb = t/isel =   22
 1.00E+10 1.00E+11 1.00E+12 1.00E+13 1.00E+14 1.00E+15 1.00E+16
 1.40E+00 2.09E+00 3.49E+00 6.98E+00 1.40E+01 3.49E+01 6.98E+01 1.05E+02
 1.40E+02 2.09E+02 3.49E+02 6.98E+02 1.40E+03 2.09E+03
 1.00E-74 1.00E-74 1.00E-74 2.46E-34 5.95E-23 3.39E-16 5.15E-14 2.55E-13
 5.52E-13 1.13E-12 1.91E-12 2.62E-12 2.89E-12 2.90E-12
 1.00E-74 1.00E-74 1.00E-74 2.46E-34 5.95E-23 3.39E-16 5.15E-14 2.55E-13
 5.52E-13 1.13E-12 1.91E-12 2.62E-12 2.89E-12 2.90E-12
 1.00E-74 1.00E-74 1.00E-74 2.46E-34 5.95E-23 3.39E-16 5.15E-14 2.55E-13
 5.52E-13 1.13E-12 1.91E-12 2.62E-12 2.89E-12 2.90E-12
 1.00E-74 1.00E-74 1.00E-74 2.47E-34 5.95E-23 3.39E-16 5.15E-14 2.56E-13
 5.52E-13 1.13E-12 1.91E-12 2.62E-12 2.89E-12 2.90E-12
 1.00E-74 1.00E-74 1.00E-74 2.48E-34 5.99E-23 3.41E-16 5.17E-14 2.56E-13
 5.54E-13 1.14E-12 1.92E-12 2.63E-12 2.89E-12 2.91E-12
 1.00E-74 1.00E-74 1.00E-74 2.64E-34 6.35E-23 3.57E-16 5.37E-14 2.65E-13
 5.71E-13 1.17E-12 1.96E-12 2.68E-12 2.93E-12 2.94E-12
 1.00E-74 1.00E-74 1.00E-74 3.89E-34 9.24E-23 4.93E-16 7.13E-14 3.44E-13
 7.28E-13 1.46E-12 2.38E-12 3.12E-12 3.29E-12 3.24E-12
  124.276    7  14 /pl=01:ss= 8:pb= 1:sz= 8/type=excit/ispb = t/isel =   23
 1.00E+10 1.00E+11 1.00E+12 1.00E+13 1.00E+14 1.00E+15 1.00E+16
 1.40E+00 2.09E+00 3.49E+00 6.98E+00 1.40E+01 3.49E+01 6.98E+01 1.05E+02
 1.40E+02 2.09E+02 3.49E+02 6.98E+02 1.40E+03 2.09E+03
 1.00E-74 1.00E-74 1.00E-74 1.48E-38 5.68E-25 7.08E-17 2.95E-14 2.03E-13
 5.10E-13 1.22E-12 2.24E-12 3.09E-12 3.13E-12 2.91E-12
 1.00E-74 1.00E-74 1.00E-74 1.48E-38 5.68E-25 7.08E-17 2.95E-14 2.03E-13
 5.10E-13 1.22E-12 2.24E-12 3.09E-12 3.13E-12 2.91E-12
 1.00E-74 1.00E-74 1.00E-74 1.48E-38 5.68E-25 7.08E-17 2.95E-14 2.03E-13
 5.10E-13 1.22E-12 2.24E-12 3.09E-12 3.13E-12 2.91E-12
 1.00E-74 1.00E-74 1.00E-74 1.48E-38 5.68E-25 7.07E-17 2.95E-14 2.03E-13
 5.10E-13 1.22E-12 2.24E-12 3.09E-12 3.13E-12 2.91E-12
 1.00E-74 1.00E-74 1.00E-74 1.48E-38 5.67E-25 7.06E-17 2.95E-14 2.02E-13
 5.09E-13 1.22E-12 2.24E-12 3.09E-12 3.13E-12 2.91E-12
 1.00E-74 1.00E-74 1.00E-74 1.45E-38 5.57E-25 6.95E-17 2.91E-14 2.00E-13
 5.04E-13 1.20E-12 2.22E-12 3.07E-12 3.11E-12 2.90E-12
 1.00E-74 1.00E-74 1.00E-74 1.26E-38 4.81E-25 6.08E-17 2.58E-14 1.79E-13
 4.55E-13 1.10E-12 2.05E-12 2.88E-12 2.97E-12 2.79E-12
  137.004    7  14 /pl=01:ss= 8:pb= 1:sz= 8/type=excit/ispb = t/isel =   24
 1.00E+10 1.00E+11 1.00E+12 1.00E+13 1.00E+14 1.00E+15 1.00E+16
 1.40E+00 2.09E+00 3.49E+00 6.98E+00 1.40E+01 3.49E+01 6.98E+01 1.05E+02
 1.40E+02 2.09E+02 3.49E+02 6.98E+02 1.40E+03 2.09E+03
 1.00E-74 1.00E-74 1.00E-74 3.08E-31 1.00E-20 1.70E-14 1.75E-12 7.66E-12
 1.54E-11 2.96E-11 4.62E-11 5.73E-11 5.62E-11 5.25E-11
 1.00E-74 1.00E-74 1.00E-74 3.08E-31 1.00E-20 1.70E-14 1.75E-12 7.66E-12
 1.54E-11 2.96E-11 4.62E-11 5.73E-11 5.62E-11 5.25E-11
 1.00E-74 1.00E-74 1.00E-74 3.08E-31 1.00E-20 1.70E-14 1.75E-12 7.66E-12
 1.54E-11 2.96E-11 4.62E-11 5.73E-11 5.62E-11 5.25E-11
 1.00E-74 1.00E-74 1.00E-74 3.08E-31 1.00E-20 1.70E-14 1.75E-12 7.66E-12
 1.54E-11 2.96E-11 4.62E-11 5.73E-11 5.62E-11 5.25E-11
 1.00E-74 1.00E-74 1.00E-74 3.08E-31 1.00E-20 1.70E-14 1.75E-12 7.66E-12
 1.54E-11 2.96E-11 4.62E-11 5.73E-11 5.62E-11 5.25E-11
 1.00E-74 1.00E-74 1.00E-74 3.08E-31 1.01E-20 1.70E-14 1.75E-12 7.66E-12
 1.54E-11 2.96E-11 4.62E-11 5.73E-11 5.62E-11 5.25E-11
 1.00E-74 1.00E-74 1.00E-74 3.12E-31 1.01E-20 1.70E-14 1.75E-12 7.64E-12
 1.54E-11 2.95E-11 4.61E-11 5.71E-11 5.61E-11 5.25E-11
  138.270    7  14 /pl=01:ss= 8:pb= 1:sz= 8/type=excit/ispb = t/isel =   25
 1.00E+10 1.00E+11 1.00E+12 1.00E+13 1.00E+14 1.00E+15 1.00E+16
 1.40E+00 2.09E+00 3.49E+00 6.98E+00 1.40E+01 3.49E+01 6.98E+01 1.05E+02
 1.40E+02 2.09E+02 3.49E+02 6.98E+02 1.40E+03 2.09E+03
 1.00E-74 1.00E-74 1.00E-74 4.92E-37 3.03E-24 1.31E-16 3.99E-14 2.51E-13
 6.09E-13 1.43E-12 2.68E-12 4.11E-12 4.96E-12 5.21E-12
 1.00E-74 1.00E-74 1.00E-74 4.92E-37 3.03E-24 1.31E-16 3.99E-14 2.51E-13
 6.09E-13 1.43E-12 2.68E-12 4.11E-12 4.96E-12 5.21E-12
 1.00E-74 1.00E-74 1.00E-74 4.92E-37 3.03E-24 1.31E-16 3.99E-14 2.51E-13
 6.09E-13 1.43E-12 2.68E-12 4.11E-12 4.96E-12 5.21E-12
 1.00E-74 1.00E-74 1.00E-74 4.92E-37 3.03E-24 1.31E-16 3.99E-14 2.51E-13
 6.10E-13 1.43E-12 2.68E-12 4.11E-12 4.96E-12 5.21E-12
 1.00E-74 1.00E-74 1.00E-74 4.93E-37 3.04E-24 1.31E-16 4.00E-14 2.51E-13
 6.10E-13 1.43E-12 2.69E-12 4.11E-12 4.96E-12 5.21E-12
 1.00E-74 1.00E-74 1.00E-74 5.01E-37 3.07E-24 1.32E-16 4.01E-14 2.52E-13
 6.12E-13 1.43E-12 2.69E-12 4.11E-12 4.97E-12 5.22E-12
 1.00E-74 1.00E-74 1.00E-74 5.80E-37 3.37E-24 1.41E-16 4.20E-14 2.62E-13
 6.33E-13 1.47E-12 2.75E-12 4.17E-12 5.01E-12 5.24E-12
  153.149    7  14 /pl=01:ss= 8:pb= 1:sz= 8/type=excit/ispb = t/isel =   26
 1.00E+10 1.00E+11 1.00E+12 1.00E+13 1.00E+14 1.00E+15 1.00E+16
 1.40E+00 2.09E+00 3.49E+00 6.98E+00 1.40E+01 3.49E+01 6.98E+01 1.05E+02
 1.40E+02 2.09E+02 3.49E+02 6.98E+02 1.40E+03 2.09E+03
 1.00E-74 1.00E-74 1.00E-74 1.74E-31 1.03E-20 2.36E-14 2.61E-12 1.16E-11
 2.37E-11 4.63E-11 7.51E-11 1.01E-10 1.10E-10 1.10E-10
 1.00E-74 1.00E-74 1.00E-74 1.74E-31 1.03E-20 2.36E-14 2.61E-12 1.16E-11
 2.37E-11 4.63E-11 7.51E-11 1.01E-10 1.10E-10 1.10E-10
 1.00E-74 1.00E-74 1.00E-74 1.74E-31 1.03E-20 2.36E-14 2.61E-12 1.16E-11
 2.37E-11 4.63E-11 7.51E-11 1.01E-10 1.10E-10 1.10E-10
 1.00E-74 1.00E-74 1.00E-74 1.74E-31 1.03E-20 2.36E-14 2.61E-12 1.16E-11
 2.37E-11 4.63E-11 7.51E-11 1.01E-10 1.10E-10 1.10E-10
 1.00E-74 1.00E-74 1.00E-74 1.74E-31 1.03E-20 2.36E-14 2.61E-12 1.16E-11
 2.37E-11 4.63E-11 7.51E-11 1.01E-10 1.10E-10 1.10E-10
 1.00E-74 1.00E-74 1.00E-74 1.75E-31 1.03E-20 2.36E-14 2.61E-12 1.16E-11
 2.37E-11 4.63E-11 7.51E-11 1.01E-10 1.10E-10 1.10E-10
 1.00E-74 1.00E-74 1.00E-74 1.77E-31 1.04E-20 2.38E-14 2.63E-12 1.17E-11
 2.39E-11 4.65E-11 7.54E-11 1.01E-10 1.11E-10 1.11E-10
  153.446    7  14 /pl=01:ss= 8:pb= 1:sz= 8/type=excit/ispb = t/isel =   27
 1.00E+10 1.00E+11 1.00E+12 1.00E+13 1.00E+14 1.00E+15 1.00E+16
 1.40E+00 2.09E+00 3.49E+00 6.98E+00 1.40E+01 3.49E+01 6.98E+01 1.05E+02
 1.40E+02 2.09E+02 3.49E+02 6.98E+02 1.40E+03 2.09E+03
 1.00E-74 1.00E-74 1.00E-74 1.63E-36 2.01E-23 1.18E-15 3.84E-13 2.43E-12
 5.87E-12 1.34E-11 2.39E-11 3.22E-11 3.24E-11 3.00E-11
 1.00E-74 1.00E-74 1.00E-74 1.63E-36 2.01E-23 1.18E-15 3.84E-13 2.43E-12
 5.87E-12 1.34E-11 2.39E-11 3.22E-11 3.24E-11 3.00E-11
 1.00E-74 1.00E-74 1.00E-74 1.63E-36 2.01E-23 1.18E-15 3.84E-13 2.43E-12
 5.87E-12 1.34E-11 2.39E-11 3.22E-11 3.24E-11 3.00E-11
 1.00E-74 1.00E-74 1.00E-74 1.63E-36 2.01E-23 1.18E-15 3.84E-13 2.43E-12
 5.87E-12 1.34E-11 2.39E-11 3.22E-11 3.24E-11 3.00E-11
 1.00E-74 1.00E-74 1.00E-74 1.63E-36 2.01E-23 1.18E-15 3.84E-13 2.43E-12
 5.87E-12 1.34E-11 2.39E-11 3.22E-11 3.24E-11 3.00E-11
 1.00E-74 1.00E-74 1.00E-74 1.63E-36 2.01E-23 1.18E-15 3.84E-13 2.43E-12
 5.87E-12 1.34E-11 2.38E-11 3.22E-11 3.24E-11 3.00E-11
 1.00E-74 1.00E-74 1.00E-74 1.66E-36 2.01E-23 1.18E-15 3.82E-13 2.42E-12
 5.84E-12 1.33E-11 2.37E-11 3.20E-11 3.22E-11 2.99E-11
  155.767    7  14 /pl=01:ss= 8:pb= 1:sz= 8/type=excit/ispb = t/isel =   28
 1.00E+10 1.00E+11 1.00E+12 1.00E+13 1.00E+14 1.00E+15 1.00E+16
 1.40E+00 2.09E+00 3.49E+00 6.98E+00 1.40E+01 3.49E+01 6.98E+01 1.05E+02
 1.40E+02 2.09E+02 3.49E+02 6.98E+02 1.40E+03 2.09E+03
 1.00E-74 1.00E-74 1.00E-74 4.46E-34 1.31E-22 8.03E-16 1.23E-13 6.08E-13
 1.30E-12 2.63E-12 4.27E-12 5.41E-12 5.28E-12 4.90E-12
 1.00E-74 1.00E-74 1.00E-74 4.46E-34 1.31E-22 8.03E-16 1.23E-13 6.08E-13
 1.30E-12 2.63E-12 4.27E-12 5.41E-12 5.28E-12 4.90E-12
 1.00E-74 1.00E-74 1.00E-74 4.46E-34 1.31E-22 8.03E-16 1.23E-13 6.08E-13
 1.30E-12 2.63E-12 4.27E-12 5.41E-12 5.28E-12 4.90E-12
 1.00E-74 1.00E-74 1.00E-74 4.46E-34 1.31E-22 8.03E-16 1.23E-13 6.08E-13
 1.30E-12 2.63E-12 4.27E-12 5.41E-12 5.28E-12 4.90E-12
 1.00E-74 1.00E-74 1.00E-74 4.45E-34 1.31E-22 8.03E-16 1.23E-13 6.08E-13
 1.30E-12 2.63E-12 4.27E-12 5.41E-12 5.28E-12 4.90E-12
 1.00E-74 1.00E-74 1.00E-74 4.41E-34 1.30E-22 7.98E-16 1.22E-13 6.06E-13
 1.29E-12 2.62E-12 4.26E-12 5.40E-12 5.27E-12 4.90E-12
 1.00E-74 1.00E-74 1.00E-74 4.15E-34 1.23E-22 7.60E-16 1.17E-13 5.84E-13
 1.25E-12 2.55E-12 4.16E-12 5.32E-12 5.25E-12 4.90E-12
  161.773    7  14 /pl=01:ss= 8:pb= 1:sz= 8/type=excit/ispb = t/isel =   29
 1.00E+10 1.00E+11 1.00E+12 1.00E+13 1.00E+14 1.00E+15 1.00E+16
 1.40E+00 2.09E+00 3.49E+00 6.98E+00 1.40E+01 3.49E+01 6.98E+01 1.05E+02
 1.40E+02 2.09E+02 3.49E+02 6.98E+02 1.40E+03 2.09E+03
 1.00E-74 1.00E-74 1.00E-74 7.23E-40 1.02E-25 2.72E-17 1.45E-14 1.09E-13
 2.86E-13 7.09E-13 1.35E-12 1.89E-12 1.93E-12 1.80E-12
 1.00E-74 1.00E-74 1.00E-74 7.23E-40 1.02E-25 2.72E-17 1.45E-14 1.09E-13
 2.86E-13 7.09E-13 1.35E-12 1.89E-12 1.93E-12 1.80E-12
 1.00E-74 1.00E-74 1.00E-74 7.23E-40 1.02E-25 2.72E-17 1.45E-14 1.09E-13
 2.86E-13 7.09E-13 1.35E-12 1.89E-12 1.93E-12 1.80E-12
 1.00E-74 1.00E-74 1.00E-74 7.23E-40 1.02E-25 2.72E-17 1.45E-14 1.09E-13
 2.86E-13 7.09E-13 1.35E-12 1.89E-12 1.93E-12 1.80E-12
 1.00E-74 1.00E-74 1.00E-74 7.22E-40 1.02E-25 2.72E-17 1.45E-14 1.09E-13
 2.86E-13 7.09E-13 1.35E-12 1.89E-12 1.94E-12 1.80E-12
 1.00E-74 1.00E-74 1.00E-74 7.19E-40 1.02E-25 2.71E-17 1.45E-14 1.09E-13
 2.86E-13 7.09E-13 1.35E-12 1.90E-12 1.94E-12 1.80E-12
 1.00E-74 1.00E-74 1.00E-74 6.92E-40 9.91E-26 2.66E-17 1.43E-14 1.07E-13
 2.83E-13 7.04E-13 1.34E-12 1.91E-12 1.98E-12 1.85E-12
  161.894    7  14 /pl=01:ss= 8:pb= 1:sz= 8/type=excit/ispb = t/isel =   30
 1.00E+10 1.00E+11 1.00E+12 1.00E+13 1.00E+14 1.00E+15 1.00E+16
 1.40E+00 2.09E+00 3.49E+00 6.98E+00 1.40E+01 3.49E+01 6.98E+01 1.05E+02
 1.40E+02 2.09E+02 3.49E+02 6.98E+02 1.40E+03 2.09E+03
 1.00E-74 1.00E-74 1.00E-74 1.20E-38 9.74E-25 1.77E-16 8.33E-14 5.95E-13
 1.53E-12 3.71E-12 6.93E-12 9.64E-12 9.80E-12 9.12E-12
 1.00E-74 1.00E-74 1.00E-74 1.20E-38 9.74E-25 1.77E-16 8.33E-14 5.95E-13
 1.53E-12 3.71E-12 6.93E-12 9.64E-12 9.80E-12 9.12E-12
 1.00E-74 1.00E-74 1.00E-74 1.20E-38 9.74E-25 1.77E-16 8.33E-14 5.95E-13
 1.53E-12 3.71E-12 6.93E-12 9.64E-12 9.80E-12 9.12E-12
 1.00E-74 1.00E-74 1.00E-74 1.20E-38 9.74E-25 1.77E-16 8.33E-14 5.95E-13
 1.53E-12 3.71E-12 6.93E-12 9.65E-12 9.80E-12 9.12E-12
 1.00E-74 1.00E-74 1.00E-74 1.20E-38 9.74E-25 1.77E-16 8.33E-14 5.95E-13
 1.53E-12 3.71E-12 6.93E-12 9.65E-12 9.80E-12 9.12E-12
 1.00E-74 1.00E-74 1.00E-74 1.20E-38 9.77E-25 1.78E-16 8.34E-14 5.95E-13
 1.53E-12 3.71E-12 6.93E-12 9.65E-12 9.81E-12 9.13E-12
 1.00E-74 1.00E-74 1.00E-74 1.28E-38 1.01E-24 1.81E-16 8.48E-14 6.04E-13
 1.55E-12 3.75E-12 6.99E-12 9.73E-12 9.88E-12 9.20E-12
  161.902    7  14 /pl=01:ss= 8:pb= 1:sz= 8/type=excit/ispb = t/isel =   31
 1.00E+10 1.00E+11 1.00E+12 1.00E+13 1.00E+14 1.00E+15 1.00E+16
 1.40E+00 2.09E+00 3.49E+00 6.98E+00 1.40E+01 3.49E+01 6.98E+01 1.05E+02
 1.40E+02 2.09E+02 3.49E+02 6.98E+02 1.40E+03 2.09E+03
 1.00E-74 1.00E-74 1.00E-74 9.06E-40 2.03E-25 6.78E-17 3.89E-14 2.98E-13
 7.89E-13 1.98E-12 3.79E-12 5.36E-12 5.46E-12 5.07E-12
 1.00E-74 1.00E-74 1.00E-74 9.06E-40 2.03E-25 6.78E-17 3.89E-14 2.98E-13
 7.89E-13 1.98E-12 3.79E-12 5.36E-12 5.46E-12 5.07E-12
 1.00E-74 1.00E-74 1.00E-74 9.06E-40 2.03E-25 6.78E-17 3.89E-14 2.98E-13
 7.89E-13 1.98E-12 3.79E-12 5.36E-12 5.46E-12 5.07E-12
 1.00E-74 1.00E-74 1.00E-74 9.06E-40 2.03E-25 6.78E-17 3.89E-14 2.98E-13
 7.89E-13 1.98E-12 3.79E-12 5.36E-12 5.46E-12 5.07E-12
 1.00E-74 1.00E-74 1.00E-74 9.07E-40 2.03E-25 6.78E-17 3.89E-14 2.98E-13
 7.89E-13 1.98E-12 3.79E-12 5.36E-12 5.47E-12 5.08E-12
 1.00E-74 1.00E-74 1.00E-74 9.16E-40 2.05E-25 6.82E-17 3.91E-14 2.99E-13
 7.92E-13 1.99E-12 3.80E-12 5.38E-12 5.49E-12 5.10E-12
 1.00E-74 1.00E-74 1.00E-74 9.93E-40 2.16E-25 7.11E-17 4.05E-14 3.09E-13
 8.16E-13 2.04E-12 3.91E-12 5.54E-12 5.67E-12 5.28E-12
  188.864    7  14 /pl=01:ss= 8:pb= 1:sz= 8/type=excit/ispb = t/isel =   32
 1.00E+10 1.00E+11 1.00E+12 1.00E+13 1.00E+14 1.00E+15 1.00E+16
 1.40E+00 2.09E+00 3.49E+00 6.98E+00 1.40E+01 3.49E+01 6.98E+01 1.05E+02
 1.40E+02 2.09E+02 3.49E+02 6.98E+02 1.40E+03 2.09E+03
 1.00E-74 1.00E-74 1.00E-74 1.18E-35 3.28E-23 8.80E-16 2.23E-13 1.30E-12
 3.02E-12 6.65E-12 1.15E-11 1.52E-11 1.52E-11 1.41E-11
 1.00E-74 1.00E-74 1.00E-74 1.18E-35 3.28E-23 8.80E-16 2.23E-13 1.30E-12
 3.02E-12 6.65E-12 1.15E-11 1.52E-11 1.52E-11 1.41E-11
 1.00E-74 1.00E-74 1.00E-74 1.18E-35 3.28E-23 8.80E-16 2.23E-13 1.30E-12
 3.02E-12 6.65E-12 1.15E-11 1.52E-11 1.52E-11 1.41E-11
 1.00E-74 1.00E-74 1.00E-74 1.18E-35 3.28E-23 8.80E-16 2.23E-13 1.30E-12
 3.02E-12 6.65E-12 1.15E-11 1.52E-11 1.52E-11 1.41E-11
 1.00E-74 1.00E-74 1.00E-74 1.18E-35 3.28E-23 8.80E-16 2.23E-13 1.30E-12
 3.02E-12 6.65E-12 1.15E-11 1.52E-11 1.52E-11 1.41E-11
 1.00E-74 1.00E-74 1.00E-74 1.17E-35 3.26E-23 8.77E-16 2.22E-13 1.30E-12
 3.01E-12 6.63E-12 1.15E-11 1.52E-11 1.51E-11 1.41E-11
 1.00E-74 1.00E-74 1.00E-74 1.14E-35 3.16E-23 8.49E-16 2.16E-13 1.26E-12
 2.94E-12 6.48E-12 1.12E-11 1.49E-11 1.49E-11 1.39E-11
  189.173    7  14 /pl=01:ss= 8:pb= 1:sz= 8/type=excit/ispb = t/isel =   33
 1.00E+10 1.00E+11 1.00E+12 1.00E+13 1.00E+14 1.00E+15 1.00E+16
 1.40E+00 2.09E+00 3.49E+00 6.98E+00 1.40E+01 3.49E+01 6.98E+01 1.05E+02
 1.40E+02 2.09E+02 3.49E+02 6.98E+02 1.40E+03 2.09E+03
 1.00E-74 1.00E-74 1.00E-74 1.35E-31 2.81E-21 3.96E-15 4.06E-13 1.80E-12
 3.66E-12 7.14E-12 1.15E-11 1.52E-11 1.63E-11 1.61E-11
 1.00E-74 1.00E-74 1.00E-74 1.35E-31 2.81E-21 3.96E-15 4.06E-13 1.80E-12
 3.66E-12 7.14E-12 1.15E-11 1.52E-11 1.63E-11 1.61E-11
 1.00E-74 1.00E-74 1.00E-74 1.35E-31 2.81E-21 3.96E-15 4.06E-13 1.80E-12
 3.66E-12 7.14E-12 1.15E-11 1.52E-11 1.63E-11 1.61E-11
 1.00E-74 1.00E-74 1.00E-74 1.35E-31 2.81E-21 3.96E-15 4.06E-13 1.80E-12
 3.66E-12 7.14E-12 1.15E-11 1.52E-11 1.63E-11 1.61E-11
 1.00E-74 1.00E-74 1.00E-74 1.35E-31 2.82E-21 3.97E-15 4.07E-13 1.80E-12
 3.66E-12 7.15E-12 1.15E-11 1.52E-11 1.63E-11 1.61E-11
 1.00E-74 1.00E-74 1.00E-74 1.38E-31 2.87E-21 4.02E-15 4.11E-13 1.81E-12
 3.69E-12 7.20E-12 1.16E-11 1.53E-11 1.64E-11 1.62E-11
 1.00E-74 1.00E-74 1.00E-74 1.63E-31 3.37E-21 4.56E-15 4.53E-13 1.98E-12
 3.99E-12 7.74E-12 1.24E-11 1.62E-11 1.72E-11 1.70E-11
  216.058    7  14 /pl=01:ss= 8:pb= 1:sz= 8/type=excit/ispb = t/isel =   34
 1.00E+10 1.00E+11 1.00E+12 1.00E+13 1.00E+14 1.00E+15 1.00E+16
 1.40E+00 2.09E+00 3.49E+00 6.98E+00 1.40E+01 3.49E+01 6.98E+01 1.05E+02
 1.40E+02 2.09E+02 3.49E+02 6.98E+02 1.40E+03 2.09E+03
 1.00E-74 1.00E-74 1.00E-74 7.05E-36 1.37E-23 2.53E-16 5.57E-14 3.11E-13
 7.12E-13 1.55E-12 2.73E-12 3.86E-12 4.28E-12 4.30E-12
 1.00E-74 1.00E-74 1.00E-74 7.05E-36 1.37E-23 2.53E-16 5.57E-14 3.11E-13
 7.12E-13 1.55E-12 2.73E-12 3.86E-12 4.28E-12 4.30E-12
 1.00E-74 1.00E-74 1.00E-74 7.05E-36 1.37E-23 2.53E-16 5.57E-14 3.11E-13
 7.12E-13 1.55E-12 2.73E-12 3.86E-12 4.28E-12 4.30E-12
 1.00E-74 1.00E-74 1.00E-74 7.05E-36 1.37E-23 2.53E-16 5.57E-14 3.11E-13
 7.12E-13 1.55E-12 2.72E-12 3.86E-12 4.28E-12 4.30E-12
 1.00E-74 1.00E-74 1.00E-74 7.04E-36 1.37E-23 2.53E-16 5.57E-14 3.10E-13
 7.12E-13 1.55E-12 2.72E-12 3.86E-12 4.27E-12 4.30E-12
 1.00E-74 1.00E-74 1.00E-74 6.98E-36 1.36E-23 2.51E-16 5.54E-14 3.09E-13
 7.09E-13 1.54E-12 2.71E-12 3.84E-12 4.25E-12 4.28E-12
 1.00E-74 1.00E-74 1.00E-74 6.68E-36 1.31E-23 2.43E-16 5.37E-14 3.00E-13
 6.87E-13 1.49E-12 2.63E-12 3.71E-12 4.10E-12 4.12E-12
  231.562    7  14 /pl=01:ss= 8:pb= 1:sz= 8/type=excit/ispb = t/isel =   35
 1.00E+10 1.00E+11 1.00E+12 1.00E+13 1.00E+14 1.00E+15 1.00E+16
 1.40E+00 2.09E+00 3.49E+00 6.98E+00 1.40E+01 3.49E+01 6.98E+01 1.05E+02
 1.40E+02 2.09E+02 3.49E+02 6.98E+02 1.40E+03 2.09E+03
 1.00E-74 1.00E-74 1.00E-74 1.79E-35 1.63E-23 1.91E-16 3.60E-14 1.90E-13
 4.18E-13 8.72E-13 1.44E-12 1.84E-12 1.79E-12 1.64E-12
 1.00E-74 1.00E-74 1.00E-74 1.79E-35 1.63E-23 1.91E-16 3.60E-14 1.90E-13
 4.18E-13 8.72E-13 1.44E-12 1.84E-12 1.79E-12 1.64E-12
 1.00E-74 1.00E-74 1.00E-74 1.78E-35 1.63E-23 1.91E-16 3.60E-14 1.90E-13
 4.18E-13 8.72E-13 1.44E-12 1.84E-12 1.79E-12 1.64E-12
 1.00E-74 1.00E-74 1.00E-74 1.78E-35 1.63E-23 1.91E-16 3.60E-14 1.90E-13
 4.18E-13 8.72E-13 1.44E-12 1.84E-12 1.79E-12 1.64E-12
 1.00E-74 1.00E-74 1.00E-74 1.78E-35 1.62E-23 1.91E-16 3.59E-14 1.90E-13
 4.18E-13 8.72E-13 1.44E-12 1.84E-12 1.79E-12 1.64E-12
 1.00E-74 1.00E-74 1.00E-74 1.73E-35 1.59E-23 1.88E-16 3.55E-14 1.88E-13
 4.15E-13 8.68E-13 1.44E-12 1.84E-12 1.80E-12 1.65E-12
 1.00E-74 1.00E-74 1.00E-74 1.60E-35 1.48E-23 1.76E-16 3.40E-14 1.82E-13
 4.04E-13 8.55E-13 1.44E-12 1.88E-12 1.88E-12 1.75E-12
  253.285    7  14 /pl=01:ss= 8:pb= 1:sz= 8/type=excit/ispb = t/isel =   36
 1.00E+10 1.00E+11 1.00E+12 1.00E+13 1.00E+14 1.00E+15 1.00E+16
 1.40E+00 2.09E+00 3.49E+00 6.98E+00 1.40E+01 3.49E+01 6.98E+01 1.05E+02
 1.40E+02 2.09E+02 3.49E+02 6.98E+02 1.40E+03 2.09E+03
 1.00E-74 1.00E-74 1.00E-74 2.91E-37 1.79E-24 7.75E-17 2.36E-14 1.48E-13
 3.60E-13 8.42E-13 1.59E-12 2.43E-12 2.93E-12 3.08E-12
 1.00E-74 1.00E-74 1.00E-74 2.91E-37 1.79E-24 7.75E-17 2.36E-14 1.48E-13
 3.60E-13 8.42E-13 1.59E-12 2.43E-12 2.93E-12 3.08E-12
 1.00E-74 1.00E-74 1.00E-74 2.91E-37 1.79E-24 7.75E-17 2.36E-14 1.48E-13
 3.60E-13 8.42E-13 1.59E-12 2.43E-12 2.93E-12 3.08E-12
 1.00E-74 1.00E-74 1.00E-74 2.91E-37 1.79E-24 7.75E-17 2.36E-14 1.48E-13
 3.60E-13 8.42E-13 1.59E-12 2.43E-12 2.93E-12 3.08E-12
 1.00E-74 1.00E-74 1.00E-74 2.91E-37 1.79E-24 7.76E-17 2.36E-14 1.48E-13
 3.60E-13 8.42E-13 1.59E-12 2.43E-12 2.93E-12 3.08E-12
 1.00E-74 1.00E-74 1.00E-74 2.96E-37 1.81E-24 7.81E-17 2.37E-14 1.49E-13
 3.62E-13 8.45E-13 1.59E-12 2.43E-12 2.94E-12 3.08E-12
 1.00E-74 1.00E-74 1.00E-74 3.43E-37 1.99E-24 8.31E-17 2.48E-14 1.55E-13
 3.74E-13 8.69E-13 1.62E-12 2.47E-12 2.96E-12 3.10E-12
  253.440    7  14 /pl=01:ss= 8:pb= 1:sz= 8/type=excit/ispb = t/isel =   37
 1.00E+10 1.00E+11 1.00E+12 1.00E+13 1.00E+14 1.00E+15 1.00E+16
 1.40E+00 2.09E+00 3.49E+00 6.98E+00 1.40E+01 3.49E+01 6.98E+01 1.05E+02
 1.40E+02 2.09E+02 3.49E+02 6.98E+02 1.40E+03 2.09E+03
 1.00E-74 1.00E-74 1.00E-74 3.76E-35 4.01E-23 5.23E-16 1.05E-13 5.72E-13
 1.29E-12 2.80E-12 4.89E-12 6.85E-12 7.53E-12 7.52E-12
 1.00E-74 1.00E-74 1.00E-74 3.76E-35 4.01E-23 5.23E-16 1.05E-13 5.72E-13
 1.29E-12 2.80E-12 4.89E-12 6.85E-12 7.53E-12 7.52E-12
 1.00E-74 1.00E-74 1.00E-74 3.76E-35 4.01E-23 5.23E-16 1.05E-13 5.72E-13
 1.29E-12 2.80E-12 4.89E-12 6.85E-12 7.53E-12 7.52E-12
 1.00E-74 1.00E-74 1.00E-74 3.76E-35 4.01E-23 5.23E-16 1.05E-13 5.72E-13
 1.29E-12 2.80E-12 4.89E-12 6.85E-12 7.53E-12 7.52E-12
 1.00E-74 1.00E-74 1.00E-74 3.76E-35 4.01E-23 5.23E-16 1.05E-13 5.72E-13
 1.29E-12 2.80E-12 4.89E-12 6.85E-12 7.53E-12 7.52E-12
 1.00E-74 1.00E-74 1.00E-74 3.76E-35 4.01E-23 5.23E-16 1.05E-13 5.72E-13
 1.29E-12 2.79E-12 4.88E-12 6.84E-12 7.52E-12 7.51E-12
 1.00E-74 1.00E-74 1.00E-74 3.69E-35 3.96E-23 5.18E-16 1.04E-13 5.67E-13
 1.28E-12 2.77E-12 4.83E-12 6.76E-12 7.43E-12 7.41E-12
  253.616    7  14 /pl=01:ss= 8:pb= 1:sz= 8/type=excit/ispb = t/isel =   38
 1.00E+10 1.00E+11 1.00E+12 1.00E+13 1.00E+14 1.00E+15 1.00E+16
 1.40E+00 2.09E+00 3.49E+00 6.98E+00 1.40E+01 3.49E+01 6.98E+01 1.05E+02
 1.40E+02 2.09E+02 3.49E+02 6.98E+02 1.40E+03 2.09E+03
 1.00E-74 1.00E-74 1.00E-74 1.88E-31 6.15E-21 1.04E-14 1.07E-12 4.68E-12
 9.43E-12 1.81E-11 2.83E-11 3.50E-11 3.44E-11 3.21E-11
 1.00E-74 1.00E-74 1.00E-74 1.88E-31 6.15E-21 1.04E-14 1.07E-12 4.68E-12
 9.43E-12 1.81E-11 2.83E-11 3.50E-11 3.44E-11 3.21E-11
 1.00E-74 1.00E-74 1.00E-74 1.88E-31 6.15E-21 1.04E-14 1.07E-12 4.68E-12
 9.43E-12 1.81E-11 2.83E-11 3.50E-11 3.44E-11 3.21E-11
 1.00E-74 1.00E-74 1.00E-74 1.88E-31 6.15E-21 1.04E-14 1.07E-12 4.68E-12
 9.43E-12 1.81E-11 2.83E-11 3.50E-11 3.44E-11 3.21E-11
 1.00E-74 1.00E-74 1.00E-74 1.88E-31 6.15E-21 1.04E-14 1.07E-12 4.68E-12
 9.43E-12 1.81E-11 2.83E-11 3.50E-11 3.44E-11 3.21E-11
 1.00E-74 1.00E-74 1.00E-74 1.89E-31 6.15E-21 1.04E-14 1.07E-12 4.69E-12
 9.43E-12 1.81E-11 2.83E-11 3.50E-11 3.44E-11 3.21E-11
 1.00E-74 1.00E-74 1.00E-74 1.91E-31 6.17E-21 1.04E-14 1.07E-12 4.67E-12
 9.41E-12 1.80E-11 2.82E-11 3.50E-11 3.43E-11 3.21E-11
  329.727    7  14 /pl=01:ss= 8:pb= 1:sz= 8/type=excit/ispb = t/isel =   39
 1.00E+10 1.00E+11 1.00E+12 1.00E+13 1.00E+14 1.00E+15 1.00E+16
 1.40E+00 2.09E+00 3.49E+00 6.98E+00 1.40E+01 3.49E+01 6.98E+01 1.05E+02
 1.40E+02 2.09E+02 3.49E+02 6.98E+02 1.40E+03 2.09E+03
 1.00E-74 1.00E-74 1.00E-74 3.38E-34 9.98E-23 6.09E-16 9.32E-14 4.62E-13
 9.84E-13 1.99E-12 3.24E-12 4.10E-12 4.00E-12 3.72E-12
 1.00E-74 1.00E-74 1.00E-74 3.38E-34 9.98E-23 6.09E-16 9.32E-14 4.62E-13
 9.84E-13 1.99E-12 3.24E-12 4.10E-12 4.00E-12 3.72E-12
 1.00E-74 1.00E-74 1.00E-74 3.38E-34 9.98E-23 6.09E-16 9.32E-14 4.62E-13
 9.84E-13 1.99E-12 3.24E-12 4.10E-12 4.00E-12 3.72E-12
 1.00E-74 1.00E-74 1.00E-74 3.38E-34 9.98E-23 6.09E-16 9.32E-14 4.62E-13
 9.84E-13 1.99E-12 3.24E-12 4.10E-12 4.00E-12 3.72E-12
 1.00E-74 1.00E-74 1.00E-74 3.38E-34 9.97E-23 6.09E-16 9.32E-14 4.62E-13
 9.84E-13 1.99E-12 3.24E-12 4.10E-12 4.00E-12 3.72E-12
 1.00E-74 1.00E-74 1.00E-74 3.35E-34 9.89E-23 6.06E-16 9.28E-14 4.60E-13
 9.81E-13 1.99E-12 3.23E-12 4.10E-12 4.00E-12 3.72E-12
 1.00E-74 1.00E-74 1.00E-74 3.15E-34 9.35E-23 5.77E-16 8.90E-14 4.43E-13
 9.48E-13 1.93E-12 3.16E-12 4.04E-12 3.99E-12 3.72E-12
  356.409    7  14 /pl=01:ss= 8:pb= 1:sz= 8/type=excit/ispb = t/isel =   40
 1.00E+10 1.00E+11 1.00E+12 1.00E+13 1.00E+14 1.00E+15 1.00E+16
 1.40E+00 2.09E+00 3.49E+00 6.98E+00 1.40E+01 3.49E+01 6.98E+01 1.05E+02
 1.40E+02 2.09E+02 3.49E+02 6.98E+02 1.40E+03 2.09E+03
 1.00E-74 1.00E-74 1.00E-74 4.18E-34 1.62E-22 1.16E-15 1.90E-13 9.69E-13
 2.12E-12 4.44E-12 7.57E-12 1.04E-11 1.14E-11 1.14E-11
 1.00E-74 1.00E-74 1.00E-74 4.18E-34 1.62E-22 1.16E-15 1.90E-13 9.69E-13
 2.12E-12 4.44E-12 7.57E-12 1.04E-11 1.14E-11 1.14E-11
 1.00E-74 1.00E-74 1.00E-74 4.18E-34 1.62E-22 1.16E-15 1.90E-13 9.69E-13
 2.12E-12 4.44E-12 7.57E-12 1.04E-11 1.14E-11 1.14E-11
 1.00E-74 1.00E-74 1.00E-74 4.18E-34 1.62E-22 1.16E-15 1.90E-13 9.69E-13
 2.12E-12 4.44E-12 7.57E-12 1.04E-11 1.14E-11 1.14E-11
 1.00E-74 1.00E-74 1.00E-74 4.18E-34 1.62E-22 1.16E-15 1.90E-13 9.69E-13
 2.12E-12 4.44E-12 7.58E-12 1.04E-11 1.14E-11 1.14E-11
 1.00E-74 1.00E-74 1.00E-74 4.19E-34 1.62E-22 1.16E-15 1.90E-13 9.70E-13
 2.12E-12 4.45E-12 7.58E-12 1.04E-11 1.14E-11 1.14E-11
 1.00E-74 1.00E-74 1.00E-74 4.22E-34 1.64E-22 1.17E-15 1.91E-13 9.74E-13
 2.13E-12 4.46E-12 7.59E-12 1.04E-11 1.14E-11 1.14E-11
  451.928    7  14 /pl=01:ss= 8:pb= 1:sz= 8/type=excit/ispb = t/isel =   41
 1.00E+10 1.00E+11 1.00E+12 1.00E+13 1.00E+14 1.00E+15 1.00E+16
 1.40E+00 2.09E+00 3.49E+00 6.98E+00 1.40E+01 3.49E+01 6.98E+01 1.05E+02
 1.40E+02 2.09E+02 3.49E+02 6.98E+02 1.40E+03 2.09E+03
 1.00E-74 1.00E-74 1.00E-74 1.04E-38 4.01E-25 4.99E-17 2.08E-14 1.43E-13
 3.60E-13 8.60E-13 1.58E-12 2.18E-12 2.21E-12 2.06E-12
 1.00E-74 1.00E-74 1.00E-74 1.04E-38 4.01E-25 4.99E-17 2.08E-14 1.43E-13
 3.60E-13 8.60E-13 1.58E-12 2.18E-12 2.21E-12 2.06E-12
 1.00E-74 1.00E-74 1.00E-74 1.04E-38 4.01E-25 4.99E-17 2.08E-14 1.43E-13
 3.60E-13 8.60E-13 1.58E-12 2.18E-12 2.21E-12 2.06E-12
 1.00E-74 1.00E-74 1.00E-74 1.04E-38 4.01E-25 4.99E-17 2.08E-14 1.43E-13
 3.60E-13 8.60E-13 1.58E-12 2.18E-12 2.21E-12 2.06E-12
 1.00E-74 1.00E-74 1.00E-74 1.04E-38 4.00E-25 4.99E-17 2.08E-14 1.43E-13
 3.60E-13 8.59E-13 1.58E-12 2.18E-12 2.21E-12 2.06E-12
 1.00E-74 1.00E-74 1.00E-74 1.02E-38 3.93E-25 4.91E-17 2.05E-14 1.41E-13
 3.55E-13 8.50E-13 1.56E-12 2.16E-12 2.20E-12 2.05E-12
 1.00E-74 1.00E-74 1.00E-74 8.88E-39 3.40E-25 4.29E-17 1.82E-14 1.27E-13
 3.21E-13 7.75E-13 1.44E-12 2.03E-12 2.09E-12 1.97E-12
  452.826    7  14 /pl=01:ss= 8:pb= 1:sz= 8/type=excit/ispb = t/isel =   42
 1.00E+10 1.00E+11 1.00E+12 1.00E+13 1.00E+14 1.00E+15 1.00E+16
 1.40E+00 2.09E+00 3.49E+00 6.98E+00 1.40E+01 3.49E+01 6.98E+01 1.05E+02
 1.40E+02 2.09E+02 3.49E+02 6.98E+02 1.40E+03 2.09E+03
 1.00E-74 1.00E-74 1.00E-74 1.74E-34 4.19E-23 2.39E-16 3.63E-14 1.80E-13
 3.89E-13 7.99E-13 1.35E-12 1.85E-12 2.04E-12 2.05E-12
 1.00E-74 1.00E-74 1.00E-74 1.74E-34 4.19E-23 2.39E-16 3.63E-14 1.80E-13
 3.89E-13 7.99E-13 1.35E-12 1.85E-12 2.04E-12 2.05E-12
 1.00E-74 1.00E-74 1.00E-74 1.74E-34 4.20E-23 2.39E-16 3.63E-14 1.80E-13
 3.89E-13 7.99E-13 1.35E-12 1.85E-12 2.04E-12 2.05E-12
 1.00E-74 1.00E-74 1.00E-74 1.74E-34 4.20E-23 2.39E-16 3.63E-14 1.80E-13
 3.89E-13 7.99E-13 1.35E-12 1.85E-12 2.04E-12 2.05E-12
 1.00E-74 1.00E-74 1.00E-74 1.75E-34 4.22E-23 2.40E-16 3.65E-14 1.81E-13
 3.90E-13 8.01E-13 1.35E-12 1.85E-12 2.04E-12 2.05E-12
 1.00E-74 1.00E-74 1.00E-74 1.86E-34 4.48E-23 2.52E-16 3.79E-14 1.87E-13
 4.03E-13 8.24E-13 1.38E-12 1.89E-12 2.07E-12 2.07E-12
 1.00E-74 1.00E-74 1.00E-74 2.74E-34 6.52E-23 3.48E-16 5.03E-14 2.43E-13
 5.14E-13 1.03E-12 1.68E-12 2.20E-12 2.32E-12 2.29E-12
  526.562    7  14 /pl=01:ss= 8:pb= 1:sz= 8/type=excit/ispb = t/isel =   43
 1.00E+10 1.00E+11 1.00E+12 1.00E+13 1.00E+14 1.00E+15 1.00E+16
 1.40E+00 2.09E+00 3.49E+00 6.98E+00 1.40E+01 3.49E+01 6.98E+01 1.05E+02
 1.40E+02 2.09E+02 3.49E+02 6.98E+02 1.40E+03 2.09E+03
 1.00E-74 1.00E-74 1.00E-74 2.56E-28 2.46E-19 4.79E-14 2.35E-12 8.00E-12
 1.44E-11 2.49E-11 3.69E-11 4.71E-11 5.07E-11 5.08E-11
 1.00E-74 1.00E-74 1.73E-46 2.56E-28 2.46E-19 4.79E-14 2.35E-12 8.00E-12
 1.44E-11 2.49E-11 3.69E-11 4.71E-11 5.07E-11 5.08E-11
 1.00E-74 1.00E-74 2.00E-46 2.56E-28 2.46E-19 4.79E-14 2.35E-12 8.00E-12
 1.44E-11 2.49E-11 3.69E-11 4.71E-11 5.07E-11 5.08E-11
 1.00E-74 1.00E-74 1.97E-46 2.56E-28 2.46E-19 4.79E-14 2.35E-12 8.00E-12
 1.44E-11 2.49E-11 3.69E-11 4.71E-11 5.07E-11 5.08E-11
 1.00E-74 1.00E-74 1.97E-46 2.56E-28 2.47E-19 4.79E-14 2.35E-12 8.01E-12
 1.44E-11 2.49E-11 3.69E-11 4.71E-11 5.08E-11 5.08E-11
 1.00E-74 1.00E-74 1.99E-46 2.58E-28 2.48E-19 4.82E-14 2.36E-12 8.04E-12
 1.44E-11 2.49E-11 3.70E-11 4.72E-11 5.08E-11 5.09E-11
 1.00E-74 1.00E-74 2.18E-46 2.77E-28 2.61E-19 5.01E-14 2.44E-12 8.29E-12
 1.49E-11 2.56E-11 3.78E-11 4.80E-11 5.15E-11 5.14E-11
  530.300    7  14 /pl=01:ss= 8:pb= 1:sz= 8/type=excit/ispb = t/isel =   44
 1.00E+10 1.00E+11 1.00E+12 1.00E+13 1.00E+14 1.00E+15 1.00E+16
 1.40E+00 2.09E+00 3.49E+00 6.98E+00 1.40E+01 3.49E+01 6.98E+01 1.05E+02
 1.40E+02 2.09E+02 3.49E+02 6.98E+02 1.40E+03 2.09E+03
 1.00E-74 1.00E-74 1.00E-74 3.07E-32 4.86E-21 2.25E-14 3.15E-12 1.51E-11
 3.17E-11 6.33E-11 1.02E-10 1.27E-10 1.23E-10 1.13E-10
 1.00E-74 1.00E-74 1.00E-74 3.07E-32 4.86E-21 2.25E-14 3.15E-12 1.51E-11
 3.17E-11 6.33E-11 1.02E-10 1.27E-10 1.23E-10 1.13E-10
 1.00E-74 1.00E-74 1.00E-74 3.07E-32 4.86E-21 2.25E-14 3.15E-12 1.51E-11
 3.17E-11 6.33E-11 1.02E-10 1.27E-10 1.23E-10 1.13E-10
 1.00E-74 1.00E-74 1.00E-74 3.07E-32 4.86E-21 2.25E-14 3.15E-12 1.51E-11
 3.17E-11 6.33E-11 1.02E-10 1.27E-10 1.23E-10 1.13E-10
 1.00E-74 1.00E-74 1.00E-74 3.07E-32 4.86E-21 2.25E-14 3.15E-12 1.51E-11
 3.17E-11 6.33E-11 1.01E-10 1.27E-10 1.23E-10 1.13E-10
 1.00E-74 1.00E-74 1.00E-74 3.06E-32 4.84E-21 2.25E-14 3.14E-12 1.50E-11
 3.17E-11 6.32E-11 1.01E-10 1.27E-10 1.23E-10 1.13E-10
 1.00E-74 1.00E-74 1.00E-74 2.93E-32 4.67E-21 2.19E-14 3.07E-12 1.48E-11
 3.11E-11 6.21E-11 9.98E-11 1.25E-10 1.22E-10 1.12E-10
  558.854    7  14 /pl=01:ss= 8:pb= 1:sz= 8/type=excit/ispb = t/isel =   45
 1.00E+10 1.00E+11 1.00E+12 1.00E+13 1.00E+14 1.00E+15 1.00E+16
 1.40E+00 2.09E+00 3.49E+00 6.98E+00 1.40E+01 3.49E+01 6.98E+01 1.05E+02
 1.40E+02 2.09E+02 3.49E+02 6.98E+02 1.40E+03 2.09E+03
 1.00E-74 1.00E-74 1.00E-74 5.29E-34 1.56E-22 9.52E-16 1.46E-13 7.21E-13
 1.54E-12 3.12E-12 5.06E-12 6.41E-12 6.25E-12 5.80E-12
 1.00E-74 1.00E-74 1.00E-74 5.29E-34 1.56E-22 9.52E-16 1.46E-13 7.21E-13
 1.54E-12 3.12E-12 5.06E-12 6.41E-12 6.25E-12 5.80E-12
 1.00E-74 1.00E-74 1.00E-74 5.29E-34 1.56E-22 9.52E-16 1.46E-13 7.21E-13
 1.54E-12 3.12E-12 5.06E-12 6.41E-12 6.25E-12 5.80E-12
 1.00E-74 1.00E-74 1.00E-74 5.28E-34 1.56E-22 9.52E-16 1.46E-13 7.21E-13
 1.54E-12 3.12E-12 5.06E-12 6.41E-12 6.25E-12 5.80E-12
 1.00E-74 1.00E-74 1.00E-74 5.28E-34 1.56E-22 9.51E-16 1.45E-13 7.21E-13
 1.54E-12 3.11E-12 5.06E-12 6.41E-12 6.25E-12 5.80E-12
 1.00E-74 1.00E-74 1.00E-74 5.23E-34 1.55E-22 9.46E-16 1.45E-13 7.18E-13
 1.53E-12 3.11E-12 5.05E-12 6.40E-12 6.25E-12 5.80E-12
 1.00E-74 1.00E-74 1.00E-74 4.92E-34 1.46E-22 9.00E-16 1.39E-13 6.92E-13
 1.48E-12 3.02E-12 4.93E-12 6.31E-12 6.22E-12 5.81E-12
  680.813    7  14 /pl=01:ss= 8:pb= 1:sz= 8/type=excit/ispb = t/isel =   46
 1.00E+10 1.00E+11 1.00E+12 1.00E+13 1.00E+14 1.00E+15 1.00E+16
 1.40E+00 2.09E+00 3.49E+00 6.98E+00 1.40E+01 3.49E+01 6.98E+01 1.05E+02
 1.40E+02 2.09E+02 3.49E+02 6.98E+02 1.40E+03 2.09E+03
 1.00E-74 1.00E-74 1.00E-74 1.11E-35 1.18E-23 1.54E-16 3.10E-14 1.69E-13
 3.82E-13 8.26E-13 1.44E-12 2.02E-12 2.22E-12 2.22E-12
 1.00E-74 1.00E-74 1.00E-74 1.11E-35 1.18E-23 1.54E-16 3.10E-14 1.69E-13
 3.82E-13 8.26E-13 1.44E-12 2.02E-12 2.22E-12 2.22E-12
 1.00E-74 1.00E-74 1.00E-74 1.11E-35 1.18E-23 1.54E-16 3.10E-14 1.69E-13
 3.82E-13 8.26E-13 1.44E-12 2.02E-12 2.22E-12 2.22E-12
 1.00E-74 1.00E-74 1.00E-74 1.11E-35 1.18E-23 1.54E-16 3.10E-14 1.69E-13
 3.82E-13 8.26E-13 1.44E-12 2.02E-12 2.22E-12 2.22E-12
 1.00E-74 1.00E-74 1.00E-74 1.11E-35 1.18E-23 1.54E-16 3.10E-14 1.69E-13
 3.82E-13 8.25E-13 1.44E-12 2.02E-12 2.22E-12 2.22E-12
 1.00E-74 1.00E-74 1.00E-74 1.11E-35 1.18E-23 1.54E-16 3.10E-14 1.69E-13
 3.81E-13 8.25E-13 1.44E-12 2.02E-12 2.22E-12 2.21E-12
 1.00E-74 1.00E-74 1.00E-74 1.09E-35 1.17E-23 1.53E-16 3.07E-14 1.67E-13
 3.78E-13 8.17E-13 1.43E-12 1.99E-12 2.19E-12 2.19E-12
  686.350    7  14 /pl=01:ss= 8:pb= 1:sz= 8/type=excit/ispb = t/isel =   47
 1.00E+10 1.00E+11 1.00E+12 1.00E+13 1.00E+14 1.00E+15 1.00E+16
 1.40E+00 2.09E+00 3.49E+00 6.98E+00 1.40E+01 3.49E+01 6.98E+01 1.05E+02
 1.40E+02 2.09E+02 3.49E+02 6.98E+02 1.40E+03 2.09E+03
 1.00E-74 1.00E-74 1.61E-42 7.22E-26 1.30E-17 9.75E-13 3.72E-11 1.20E-10
 2.09E-10 3.52E-10 5.00E-10 5.89E-10 5.76E-10 5.43E-10
 1.00E-74 1.00E-74 1.61E-42 7.22E-26 1.30E-17 9.75E-13 3.72E-11 1.20E-10
 2.09E-10 3.52E-10 5.00E-10 5.89E-10 5.76E-10 5.43E-10
 1.00E-74 1.00E-74 1.61E-42 7.22E-26 1.30E-17 9.75E-13 3.72E-11 1.20E-10
 2.09E-10 3.52E-10 5.00E-10 5.89E-10 5.76E-10 5.43E-10
 1.00E-74 1.00E-74 1.61E-42 7.21E-26 1.30E-17 9.74E-13 3.72E-11 1.20E-10
 2.09E-10 3.52E-10 5.00E-10 5.89E-10 5.76E-10 5.43E-10
 1.00E-74 1.00E-74 1.61E-42 7.20E-26 1.30E-17 9.73E-13 3.71E-11 1.20E-10
 2.09E-10 3.51E-10 4.99E-10 5.89E-10 5.76E-10 5.43E-10
 1.00E-74 1.00E-74 1.58E-42 7.10E-26 1.29E-17 9.62E-13 3.68E-11 1.18E-10
 2.07E-10 3.48E-10 4.95E-10 5.85E-10 5.73E-10 5.40E-10
 1.00E-74 1.00E-74 1.34E-42 6.25E-26 1.15E-17 8.65E-13 3.33E-11 1.08E-10
 1.90E-10 3.21E-10 4.60E-10 5.48E-10 5.43E-10 5.15E-10
  715.112    7  14 /pl=01:ss= 8:pb= 1:sz= 8/type=excit/ispb = t/isel =   48
 1.00E+10 1.00E+11 1.00E+12 1.00E+13 1.00E+14 1.00E+15 1.00E+16
 1.40E+00 2.09E+00 3.49E+00 6.98E+00 1.40E+01 3.49E+01 6.98E+01 1.05E+02
 1.40E+02 2.09E+02 3.49E+02 6.98E+02 1.40E+03 2.09E+03
 1.00E-74 1.00E-74 1.00E-74 4.63E-32 7.24E-22 1.02E-15 1.12E-13 5.08E-13
 1.05E-12 2.09E-12 3.39E-12 4.42E-12 4.58E-12 4.41E-12
 1.00E-74 1.00E-74 1.00E-74 4.63E-32 7.24E-22 1.02E-15 1.12E-13 5.08E-13
 1.05E-12 2.09E-12 3.39E-12 4.42E-12 4.58E-12 4.41E-12
 1.00E-74 1.00E-74 1.00E-74 4.63E-32 7.24E-22 1.02E-15 1.12E-13 5.08E-13
 1.05E-12 2.09E-12 3.39E-12 4.42E-12 4.58E-12 4.41E-12
 1.00E-74 1.00E-74 1.00E-74 4.63E-32 7.24E-22 1.02E-15 1.12E-13 5.08E-13
 1.05E-12 2.09E-12 3.39E-12 4.42E-12 4.57E-12 4.41E-12
 1.00E-74 1.00E-74 1.00E-74 4.63E-32 7.24E-22 1.02E-15 1.12E-13 5.08E-13
 1.05E-12 2.09E-12 3.39E-12 4.42E-12 4.57E-12 4.41E-12
 1.00E-74 1.00E-74 1.00E-74 4.63E-32 7.24E-22 1.02E-15 1.12E-13 5.08E-13
 1.05E-12 2.09E-12 3.39E-12 4.42E-12 4.57E-12 4.40E-12
 1.00E-74 1.00E-74 1.00E-74 4.63E-32 7.24E-22 1.02E-15 1.11E-13 5.07E-13
 1.05E-12 2.08E-12 3.38E-12 4.40E-12 4.56E-12 4.39E-12
  1045.15    7  14 /pl=01:ss= 8:pb= 1:sz= 8/type=excit/ispb = t/isel =   49
 1.00E+10 1.00E+11 1.00E+12 1.00E+13 1.00E+14 1.00E+15 1.00E+16
 1.40E+00 2.09E+00 3.49E+00 6.98E+00 1.40E+01 3.49E+01 6.98E+01 1.05E+02
 1.40E+02 2.09E+02 3.49E+02 6.98E+02 1.40E+03 2.09E+03
 1.00E-74 1.00E-74 1.00E-74 1.76E-35 1.61E-23 1.89E-16 3.55E-14 1.87E-13
 4.12E-13 8.60E-13 1.42E-12 1.81E-12 1.76E-12 1.62E-12
 1.00E-74 1.00E-74 1.00E-74 1.76E-35 1.61E-23 1.89E-16 3.55E-14 1.87E-13
 4.12E-13 8.60E-13 1.42E-12 1.81E-12 1.76E-12 1.62E-12
 1.00E-74 1.00E-74 1.00E-74 1.76E-35 1.61E-23 1.89E-16 3.55E-14 1.87E-13
 4.12E-13 8.60E-13 1.42E-12 1.81E-12 1.76E-12 1.62E-12
 1.00E-74 1.00E-74 1.00E-74 1.76E-35 1.61E-23 1.89E-16 3.55E-14 1.87E-13
 4.12E-13 8.60E-13 1.42E-12 1.81E-12 1.76E-12 1.62E-12
 1.00E-74 1.00E-74 1.00E-74 1.75E-35 1.60E-23 1.88E-16 3.54E-14 1.87E-13
 4.12E-13 8.59E-13 1.42E-12 1.81E-12 1.76E-12 1.62E-12
 1.00E-74 1.00E-74 1.00E-74 1.71E-35 1.56E-23 1.85E-16 3.50E-14 1.85E-13
 4.09E-13 8.56E-13 1.42E-12 1.82E-12 1.77E-12 1.63E-12
 1.00E-74 1.00E-74 1.00E-74 1.58E-35 1.46E-23 1.74E-16 3.35E-14 1.79E-13
 3.98E-13 8.43E-13 1.42E-12 1.85E-12 1.85E-12 1.73E-12
  1454.54    7  14 /pl=01:ss= 8:pb= 1:sz= 8/type=excit/ispb = t/isel =   50
 1.00E+10 1.00E+11 1.00E+12 1.00E+13 1.00E+14 1.00E+15 1.00E+16
 1.40E+00 2.09E+00 3.49E+00 6.98E+00 1.40E+01 3.49E+01 6.98E+01 1.05E+02
 1.40E+02 2.09E+02 3.49E+02 6.98E+02 1.40E+03 2.09E+03
 1.00E-74 1.00E-74 1.00E-74 6.56E-33 3.86E-22 8.87E-16 9.83E-14 4.38E-13
 8.92E-13 1.74E-12 2.83E-12 3.79E-12 4.15E-12 4.15E-12
 1.00E-74 1.00E-74 1.00E-74 6.56E-33 3.86E-22 8.87E-16 9.83E-14 4.38E-13
 8.92E-13 1.74E-12 2.83E-12 3.79E-12 4.15E-12 4.15E-12
 1.00E-74 1.00E-74 1.00E-74 6.56E-33 3.86E-22 8.87E-16 9.83E-14 4.38E-13
 8.92E-13 1.74E-12 2.83E-12 3.79E-12 4.15E-12 4.15E-12
 1.00E-74 1.00E-74 1.00E-74 6.56E-33 3.86E-22 8.87E-16 9.83E-14 4.38E-13
 8.92E-13 1.74E-12 2.83E-12 3.79E-12 4.15E-12 4.15E-12
 1.00E-74 1.00E-74 1.00E-74 6.56E-33 3.86E-22 8.87E-16 9.83E-14 4.38E-13
 8.92E-13 1.74E-12 2.83E-12 3.79E-12 4.15E-12 4.15E-12
 1.00E-74 1.00E-74 1.00E-74 6.57E-33 3.87E-22 8.88E-16 9.83E-14 4.38E-13
 8.93E-13 1.74E-12 2.83E-12 3.79E-12 4.15E-12 4.16E-12
 1.00E-74 1.00E-74 1.00E-74 6.66E-33 3.91E-22 8.95E-16 9.90E-14 4.41E-13
 8.98E-13 1.75E-12 2.84E-12 3.80E-12 4.16E-12 4.16E-12
c-------------------------------------------------------------------------------
 
C  root partition information
C  ==========================
C
C  nuclear charge : 18
C  ion charge+1   :  9
C
C  population calculation information
C  ----------------------------------
C
C  population processing code: adas810
C
C  adf04 source file    : adf04_copmm#18_ca_40#ar8_t3.dat
C  adf18/a17_p208 file  : NULL
C
C  meta. ion. coeff. selector  : 
 
C  options  : lnorm =T  lpsel =F  lzsel =T  liosel=F
C           : lhsel =F  lrsel =F  lisel =F  lnsel =F
 
C  energy levels
C  -------------
C
C   lv      configuration    (2S+1)L(w-1/2)      energy (cm^-1)
C  ---   ------------------- --------------      --------------
c    1   22563                  (0)0(  0.0)             0.0
c    2   22553514               (0)0(  5.5)       2032004.8
c    3   22553515               (0)0( 17.5)       2177703.0
c    4   22553516               (0)0( 29.5)       2367614.3
c    5   12563514               (0)0(  1.5)       2656881.7
c    6   22553517               (0)0(  5.5)       2706318.4
c    7   22553518               (0)0( 17.5)       2761911.3
c    8   12563515               (0)0(  5.5)       2796719.9
c    9   22553519               (0)0( 29.5)       2830661.6
c   10   2255351B               (0)0(  5.5)       2982746.5
c   11   12563516               (0)0(  9.5)       2985292.4
c   12   2255351C               (0)0( 17.5)       3009599.2
c   13   2255351D               (0)0( 29.5)       3042487.5
c   14   2255351G               (0)0(  5.5)       3123199.2
c   15   2255351H               (0)0( 17.5)       3138167.4
c   16   2255351I               (0)0( 29.5)       3156482.5
c   17   2255351M               (0)0(  5.5)       3204317.0
c   18   2255351N               (0)0( 17.5)       3213491.1
c   19   2255351O               (0)0( 29.5)       3224750.1
c   20   12563517               (0)0(  1.5)       3326202.2
c   21   12563518               (0)0(  5.5)       3380105.1
c   22   12563519               (0)0(  9.5)       3448416.6
c   23   1256351B               (0)0(  1.5)       3601379.3
c   24   1256351C               (0)0(  5.5)       3627496.8
c   25   1256351D               (0)0(  9.5)       3660176.6
c   26   1256351G               (0)0(  1.5)       3741349.2
c   27   1256351H               (0)0(  5.5)       3755933.3
c   28   1256351I               (0)0(  9.5)       3774138.7
 
 
 
c-------------------------------------------------------------------------------
 
C  superstage partition information
C  ================================
C
C  element symbol   : Ar
C  parent template  : 
C  partition level  :  1
C  superstage label :  8
C
C  tabulation       : photon emissivity coefft (te,ne)
C  units            : ph. emis coef(cm^3 s^-1); te (ev); ne (cm^-3)
C
C  photon emissivity atomic transitions
C  ------------------------------------
C  
C   isel  wvlen(A)            transition                type  ispb nspb
C                                                             ispp nspp sz    tg pr wr
C  ----- ---------- ----------------------------------- ----- ---- ---- --    -- -- --
C      1   26.6245   27(0)0(  5.5)-  1(0)0(  0.0)       excit   1    1   8    26 39  1
C      2   27.5672   24(0)0(  5.5)-  1(0)0(  0.0)       excit   1    1   8    23 26  2
C      3   29.5849   21(0)0(  5.5)-  1(0)0(  0.0)       excit   1    1   8    20 16  3
C      4   31.0102   19(0)0( 29.5)-  1(0)0(  0.0)       excit   1    1   8    15 17  4
C      5   31.6808   16(0)0( 29.5)-  1(0)0(  0.0)       excit   1    1   8    12 13  5
C      6   32.8678   13(0)0( 29.5)-  1(0)0(  0.0)       excit   1    1   8     9  8  6
C      7   33.4976   11(0)0(  9.5)-  1(0)0(  0.0)       excit   1    1   8    18 42  7
C      8   35.3274    9(0)0( 29.5)-  1(0)0(  0.0)       excit   1    1   8     6  5  8
C      9   35.7562    8(0)0(  5.5)-  1(0)0(  0.0)       excit   1    1   8    17  4  9
C     10   36.9506    6(0)0(  5.5)-  1(0)0(  0.0)       excit   1    1   8     4 27 10
C     11   42.2366    4(0)0( 29.5)-  1(0)0(  0.0)       excit   1    1   8     3  1 11
C     12   45.9199    3(0)0( 17.5)-  1(0)0(  0.0)       excit   1    1   8     2 46 12
C     13   49.2125    2(0)0(  5.5)-  1(0)0(  0.0)       excit   1    1   8     1  2 13
C     14   84.6392   18(0)0( 17.5)-  2(0)0(  5.5)       excit   1    1   8    40 41 14
C     15   90.4026   15(0)0( 17.5)-  2(0)0(  5.5)       excit   1    1   8    37 30 15
C     16   95.5067   19(0)0( 29.5)-  3(0)0( 17.5)       excit   1    1   8    54 21 16
C     17   102.168   16(0)0( 29.5)-  3(0)0( 17.5)       excit   1    1   8    51 15 17
C     18   102.292   12(0)0( 17.5)-  2(0)0(  5.5)       excit   1    1   8    34 20 18
C     19   103.027   24(0)0(  5.5)-  5(0)0(  1.5)       excit   1    1   8   142 48 19
C     20   115.636   13(0)0( 29.5)-  3(0)0( 17.5)       excit   1    1   8    48 10 20
C     21   115.814   25(0)0(  9.5)-  8(0)0(  5.5)       excit   1    1   8   153 36 21
C     22   124.217   10(0)0(  5.5)-  3(0)0( 17.5)       excit   1    1   8    46 40 22
C     23   124.276   23(0)0(  1.5)-  8(0)0(  5.5)       excit   1    1   8   151 37 23
C     24   137.004    7(0)0( 17.5)-  2(0)0(  5.5)       excit   1    1   8    31  9 24
C     25   138.270   21(0)0(  5.5)-  5(0)0(  1.5)       excit   1    1   8   139 31 25
C     26   153.149    9(0)0( 29.5)-  3(0)0( 17.5)       excit   1    1   8    45  7 26
C     27   153.446   22(0)0(  9.5)-  8(0)0(  5.5)       excit   1    1   8   150 14 27
C     28   155.767   12(0)0( 17.5)-  4(0)0( 29.5)       excit   1    1   8    59 29 28
C     29   161.773   26(0)0(  1.5)- 14(0)0(  5.5)       excit   1    1   8   124 47 29
C     30   161.894   25(0)0(  9.5)- 13(0)0( 29.5)       excit   1    1   8   118 23 30
C     31   161.902   28(0)0(  9.5)- 16(0)0( 29.5)       excit   1    1   8   132 28 31
C     32   188.864   20(0)0(  1.5)-  8(0)0(  5.5)       excit   1    1   8   148 19 32
C     33   189.173    6(0)0(  5.5)-  3(0)0( 17.5)       excit   1    1   8    43 18 33
C     34   216.058   19(0)0( 29.5)-  7(0)0( 17.5)       excit   1    1   8    87 33 34
C     35   231.562   15(0)0( 17.5)-  6(0)0(  5.5)       excit   1    1   8    73 49 35
C     36   253.285   21(0)0(  5.5)- 11(0)0(  9.5)       excit   1    1   8   158 38 36
C     37   253.440   16(0)0( 29.5)-  7(0)0( 17.5)       excit   1    1   8    84 24 37
C     38   253.616    7(0)0( 17.5)-  4(0)0( 29.5)       excit   1    1   8    56 12 38
C     39   329.727   12(0)0( 17.5)-  6(0)0(  5.5)       excit   1    1   8    70 35 39
C     40   356.409   13(0)0( 29.5)-  7(0)0( 17.5)       excit   1    1   8    81 22 40
C     41   451.928   23(0)0(  1.5)- 21(0)0(  5.5)       excit   1    1   8   175 44 41
C     42   452.826   10(0)0(  5.5)-  7(0)0( 17.5)       excit   1    1   8    79 45 42
C     43   526.562    4(0)0( 29.5)-  3(0)0( 17.5)       excit   1    1   8    42 11 43
C     44   530.300   11(0)0(  9.5)-  8(0)0(  5.5)       excit   1    1   8   147  6 44
C     45   558.854   12(0)0( 17.5)-  9(0)0( 29.5)       excit   1    1   8    89 25 45
C     46   680.813   16(0)0( 29.5)- 12(0)0( 17.5)       excit   1    1   8   108 43 46
C     47   686.350    3(0)0( 17.5)-  2(0)0(  5.5)       excit   1    1   8    28  3 47
C     48   715.112    8(0)0(  5.5)-  5(0)0(  1.5)       excit   1    1   8   136 32 48
C     49   1045.15   15(0)0( 17.5)- 13(0)0( 29.5)       excit   1    1   8   113 50 49
C     50   1454.54    9(0)0( 29.5)-  7(0)0( 17.5)       excit   1    1   8    78 34 50
c-------------------------------------------------------------------------------
                                                                                
C  code     : adas810
C  producer : Adam Foster
C  date     : 13/05/09
                                                                                
c-------------------------------------------------------------------------------
