   50    /Ar:14 photon emissivity coefficients/
--------------------------------------------------------------------------------
    1    1    1    1    1    1    1    1    1    1    1    1    1    1
    1    1    1    1    1
--------------------------------------------------------------------------------
//#01/p00/ 00/p01/ 01/p02/ 02/p03/ 03/p04/ 04/p05/ 05/p06/ 06/p07/ 07/p08/ 08/  
      p09/ 09/p10/ 10/p11/ 11/p12/ 12/p13/ 13/p14/ 14/p15/ 15/p16/ 16/p17/ 17/  
      p18/ 18/                                                                  
--------------------------------------------------------------------------------
  15.7373    7  14 /pl=01:ss=14:pb= 1:sz=14/type=excit/ispb = t/isel =    1
 1.00E+10 1.00E+11 1.00E+12 1.00E+13 1.00E+14 1.00E+15 1.00E+16
 3.88E+00 5.82E+00 9.69E+00 1.94E+01 3.88E+01 9.69E+01 1.94E+02 2.91E+02
 3.88E+02 5.82E+02 9.69E+02 1.94E+03 3.88E+03 5.82E+03
 1.00E-74 1.00E-74 1.00E-74 1.99E-29 9.42E-21 1.18E-15 5.03E-14 1.63E-13
 2.87E-13 4.90E-13 7.26E-13 9.43E-13 1.04E-12 1.06E-12
 1.00E-74 1.00E-74 1.00E-74 1.99E-29 9.42E-21 1.18E-15 5.03E-14 1.63E-13
 2.87E-13 4.90E-13 7.26E-13 9.43E-13 1.04E-12 1.06E-12
 1.00E-74 1.00E-74 7.02E-47 1.99E-29 9.42E-21 1.18E-15 5.03E-14 1.63E-13
 2.87E-13 4.90E-13 7.26E-13 9.43E-13 1.04E-12 1.06E-12
 1.00E-74 1.00E-74 6.32E-47 1.99E-29 9.42E-21 1.18E-15 5.03E-14 1.63E-13
 2.87E-13 4.90E-13 7.26E-13 9.43E-13 1.04E-12 1.06E-12
 1.00E-74 1.00E-74 6.32E-47 1.99E-29 9.42E-21 1.18E-15 5.03E-14 1.63E-13
 2.87E-13 4.90E-13 7.25E-13 9.42E-13 1.04E-12 1.06E-12
 1.00E-74 1.00E-74 6.39E-47 1.99E-29 9.39E-21 1.17E-15 4.99E-14 1.62E-13
 2.85E-13 4.87E-13 7.21E-13 9.37E-13 1.04E-12 1.05E-12
 1.00E-74 1.00E-74 6.92E-47 2.02E-29 9.03E-21 1.10E-15 4.66E-14 1.52E-13
 2.67E-13 4.57E-13 6.79E-13 8.87E-13 9.87E-13 1.01E-12
  16.2132    7  14 /pl=01:ss=14:pb= 1:sz=14/type=excit/ispb = t/isel =    2
 1.00E+10 1.00E+11 1.00E+12 1.00E+13 1.00E+14 1.00E+15 1.00E+16
 3.88E+00 5.82E+00 9.69E+00 1.94E+01 3.88E+01 9.69E+01 1.94E+02 2.91E+02
 3.88E+02 5.82E+02 9.69E+02 1.94E+03 3.88E+03 5.82E+03
 1.00E-74 1.00E-74 1.00E-74 1.20E-28 3.16E-20 2.82E-15 1.07E-13 3.34E-13
 5.76E-13 9.61E-13 1.40E-12 1.80E-12 1.98E-12 2.00E-12
 1.00E-74 1.00E-74 1.12E-45 1.20E-28 3.16E-20 2.82E-15 1.07E-13 3.34E-13
 5.76E-13 9.61E-13 1.40E-12 1.80E-12 1.98E-12 2.00E-12
 1.00E-74 1.00E-74 1.23E-45 1.20E-28 3.16E-20 2.82E-15 1.07E-13 3.34E-13
 5.76E-13 9.61E-13 1.40E-12 1.80E-12 1.98E-12 2.00E-12
 1.00E-74 1.00E-74 1.24E-45 1.20E-28 3.16E-20 2.82E-15 1.07E-13 3.34E-13
 5.76E-13 9.61E-13 1.40E-12 1.80E-12 1.98E-12 2.00E-12
 1.00E-74 1.00E-74 1.24E-45 1.20E-28 3.16E-20 2.82E-15 1.07E-13 3.34E-13
 5.76E-13 9.61E-13 1.40E-12 1.80E-12 1.98E-12 2.00E-12
 1.00E-74 1.00E-74 1.26E-45 1.20E-28 3.15E-20 2.81E-15 1.06E-13 3.32E-13
 5.73E-13 9.55E-13 1.40E-12 1.80E-12 1.97E-12 1.99E-12
 1.00E-74 1.00E-74 1.40E-45 1.25E-28 3.09E-20 2.66E-15 9.99E-14 3.13E-13
 5.42E-13 9.06E-13 1.33E-12 1.72E-12 1.89E-12 1.92E-12
  16.3860    7  14 /pl=01:ss=14:pb= 1:sz=14/type=excit/ispb = t/isel =    3
 1.00E+10 1.00E+11 1.00E+12 1.00E+13 1.00E+14 1.00E+15 1.00E+16
 3.88E+00 5.82E+00 9.69E+00 1.94E+01 3.88E+01 9.69E+01 1.94E+02 2.91E+02
 3.88E+02 5.82E+02 9.69E+02 1.94E+03 3.88E+03 5.82E+03
 1.00E-74 1.00E-74 1.00E-74 3.85E-29 1.84E-20 2.31E-15 9.54E-14 3.04E-13
 5.19E-13 8.34E-13 1.12E-12 1.20E-12 1.05E-12 9.23E-13
 1.00E-74 1.00E-74 1.00E-74 3.85E-29 1.84E-20 2.31E-15 9.54E-14 3.04E-13
 5.19E-13 8.34E-13 1.12E-12 1.20E-12 1.05E-12 9.23E-13
 1.00E-74 1.00E-74 1.00E-74 3.85E-29 1.84E-20 2.31E-15 9.54E-14 3.04E-13
 5.19E-13 8.34E-13 1.12E-12 1.20E-12 1.05E-12 9.23E-13
 1.00E-74 1.00E-74 1.11E-46 3.86E-29 1.84E-20 2.31E-15 9.54E-14 3.04E-13
 5.19E-13 8.34E-13 1.12E-12 1.20E-12 1.05E-12 9.23E-13
 1.00E-74 1.00E-74 1.19E-46 3.87E-29 1.85E-20 2.32E-15 9.55E-14 3.04E-13
 5.19E-13 8.35E-13 1.12E-12 1.20E-12 1.05E-12 9.23E-13
 1.00E-74 1.00E-74 1.26E-46 4.00E-29 1.88E-20 2.34E-15 9.62E-14 3.06E-13
 5.22E-13 8.39E-13 1.12E-12 1.21E-12 1.06E-12 9.28E-13
 1.00E-74 1.00E-74 1.84E-46 5.18E-29 2.21E-20 2.55E-15 1.02E-13 3.22E-13
 5.47E-13 8.77E-13 1.17E-12 1.27E-12 1.11E-12 9.79E-13
  16.4181    7  14 /pl=01:ss=14:pb= 1:sz=14/type=excit/ispb = t/isel =    4
 1.00E+10 1.00E+11 1.00E+12 1.00E+13 1.00E+14 1.00E+15 1.00E+16
 3.88E+00 5.82E+00 9.69E+00 1.94E+01 3.88E+01 9.69E+01 1.94E+02 2.91E+02
 3.88E+02 5.82E+02 9.69E+02 1.94E+03 3.88E+03 5.82E+03
 1.00E-74 1.00E-74 1.00E-74 1.16E-29 5.33E-21 6.56E-16 2.70E-14 8.58E-14
 1.47E-13 2.39E-13 3.24E-13 3.54E-13 3.17E-13 2.82E-13
 1.00E-74 1.00E-74 1.00E-74 1.16E-29 5.33E-21 6.56E-16 2.70E-14 8.58E-14
 1.47E-13 2.39E-13 3.24E-13 3.54E-13 3.17E-13 2.82E-13
 1.00E-74 1.00E-74 5.37E-47 1.16E-29 5.33E-21 6.56E-16 2.70E-14 8.58E-14
 1.47E-13 2.39E-13 3.24E-13 3.54E-13 3.17E-13 2.82E-13
 1.00E-74 1.00E-74 3.76E-47 1.16E-29 5.33E-21 6.56E-16 2.70E-14 8.58E-14
 1.47E-13 2.39E-13 3.24E-13 3.54E-13 3.17E-13 2.82E-13
 1.00E-74 1.00E-74 3.86E-47 1.16E-29 5.32E-21 6.55E-16 2.70E-14 8.57E-14
 1.47E-13 2.38E-13 3.23E-13 3.54E-13 3.17E-13 2.82E-13
 1.00E-74 1.00E-74 3.80E-47 1.14E-29 5.22E-21 6.43E-16 2.66E-14 8.45E-14
 1.45E-13 2.36E-13 3.20E-13 3.52E-13 3.16E-13 2.81E-13
 1.00E-74 1.00E-74 3.43E-47 9.94E-30 4.45E-21 5.50E-16 2.31E-14 7.45E-14
 1.29E-13 2.13E-13 2.94E-13 3.30E-13 3.02E-13 2.71E-13
  16.8945    7  14 /pl=01:ss=14:pb= 1:sz=14/type=excit/ispb = t/isel =    5
 1.00E+10 1.00E+11 1.00E+12 1.00E+13 1.00E+14 1.00E+15 1.00E+16
 3.88E+00 5.82E+00 9.69E+00 1.94E+01 3.88E+01 9.69E+01 1.94E+02 2.91E+02
 3.88E+02 5.82E+02 9.69E+02 1.94E+03 3.88E+03 5.82E+03
 1.00E-74 1.00E-74 1.00E-74 2.28E-28 6.09E-20 5.40E-15 1.98E-13 6.07E-13
 1.02E-12 1.61E-12 2.13E-12 2.27E-12 1.98E-12 1.74E-12
 1.00E-74 1.00E-74 4.54E-45 2.28E-28 6.09E-20 5.40E-15 1.98E-13 6.07E-13
 1.02E-12 1.61E-12 2.13E-12 2.27E-12 1.98E-12 1.74E-12
 1.00E-74 1.00E-74 2.27E-45 2.28E-28 6.09E-20 5.40E-15 1.98E-13 6.07E-13
 1.02E-12 1.61E-12 2.13E-12 2.27E-12 1.98E-12 1.74E-12
 1.00E-74 1.00E-74 2.27E-45 2.28E-28 6.10E-20 5.40E-15 1.98E-13 6.07E-13
 1.02E-12 1.61E-12 2.13E-12 2.27E-12 1.98E-12 1.74E-12
 1.00E-74 1.00E-74 2.29E-45 2.29E-28 6.11E-20 5.40E-15 1.98E-13 6.07E-13
 1.02E-12 1.61E-12 2.13E-12 2.27E-12 1.98E-12 1.74E-12
 1.00E-74 1.00E-74 2.39E-45 2.35E-28 6.20E-20 5.44E-15 1.99E-13 6.09E-13
 1.02E-12 1.62E-12 2.14E-12 2.27E-12 1.99E-12 1.75E-12
 1.00E-74 1.00E-74 3.35E-45 2.94E-28 7.05E-20 5.77E-15 2.07E-13 6.27E-13
 1.05E-12 1.66E-12 2.19E-12 2.34E-12 2.06E-12 1.81E-12
  16.9493    7  14 /pl=01:ss=14:pb= 1:sz=14/type=excit/ispb = t/isel =    6
 1.00E+10 1.00E+11 1.00E+12 1.00E+13 1.00E+14 1.00E+15 1.00E+16
 3.88E+00 5.82E+00 9.69E+00 1.94E+01 3.88E+01 9.69E+01 1.94E+02 2.91E+02
 3.88E+02 5.82E+02 9.69E+02 1.94E+03 3.88E+03 5.82E+03
 1.00E-74 1.00E-74 1.00E-74 7.43E-29 1.87E-20 1.60E-15 5.89E-14 1.80E-13
 3.02E-13 4.84E-13 6.46E-13 7.04E-13 6.37E-13 5.68E-13
 1.00E-74 1.00E-74 8.67E-46 7.43E-29 1.87E-20 1.60E-15 5.89E-14 1.80E-13
 3.02E-13 4.84E-13 6.46E-13 7.04E-13 6.37E-13 5.68E-13
 1.00E-74 1.00E-74 8.67E-46 7.43E-29 1.87E-20 1.60E-15 5.89E-14 1.80E-13
 3.02E-13 4.84E-13 6.46E-13 7.04E-13 6.37E-13 5.68E-13
 1.00E-74 1.00E-74 8.33E-46 7.43E-29 1.87E-20 1.60E-15 5.89E-14 1.80E-13
 3.02E-13 4.84E-13 6.46E-13 7.04E-13 6.37E-13 5.68E-13
 1.00E-74 1.00E-74 8.34E-46 7.42E-29 1.87E-20 1.60E-15 5.88E-14 1.80E-13
 3.01E-13 4.83E-13 6.45E-13 7.04E-13 6.36E-13 5.68E-13
 1.00E-74 1.00E-74 8.31E-46 7.36E-29 1.85E-20 1.58E-15 5.82E-14 1.78E-13
 2.98E-13 4.79E-13 6.41E-13 7.00E-13 6.34E-13 5.66E-13
 1.00E-74 1.00E-74 8.05E-46 6.86E-29 1.66E-20 1.41E-15 5.23E-14 1.62E-13
 2.72E-13 4.41E-13 5.97E-13 6.62E-13 6.08E-13 5.46E-13
  17.0737    7  14 /pl=01:ss=14:pb= 1:sz=14/type=excit/ispb = t/isel =    7
 1.00E+10 1.00E+11 1.00E+12 1.00E+13 1.00E+14 1.00E+15 1.00E+16
 3.88E+00 5.82E+00 9.69E+00 1.94E+01 3.88E+01 9.69E+01 1.94E+02 2.91E+02
 3.88E+02 5.82E+02 9.69E+02 1.94E+03 3.88E+03 5.82E+03
 1.00E-74 1.00E-74 1.35E-43 1.86E-27 1.83E-19 9.22E-15 2.89E-13 8.53E-13
 1.43E-12 2.33E-12 3.32E-12 4.19E-12 4.56E-12 4.58E-12
 1.00E-74 1.00E-74 1.41E-43 1.86E-27 1.83E-19 9.22E-15 2.89E-13 8.53E-13
 1.43E-12 2.33E-12 3.32E-12 4.19E-12 4.56E-12 4.58E-12
 1.00E-74 1.00E-74 1.40E-43 1.86E-27 1.83E-19 9.22E-15 2.89E-13 8.53E-13
 1.43E-12 2.33E-12 3.32E-12 4.19E-12 4.56E-12 4.58E-12
 1.00E-74 1.00E-74 1.40E-43 1.86E-27 1.83E-19 9.22E-15 2.89E-13 8.53E-13
 1.43E-12 2.33E-12 3.32E-12 4.19E-12 4.56E-12 4.58E-12
 1.00E-74 1.00E-74 1.41E-43 1.86E-27 1.83E-19 9.21E-15 2.89E-13 8.53E-13
 1.43E-12 2.32E-12 3.32E-12 4.19E-12 4.56E-12 4.58E-12
 1.00E-74 1.00E-74 1.43E-43 1.87E-27 1.83E-19 9.16E-15 2.87E-13 8.48E-13
 1.42E-12 2.31E-12 3.30E-12 4.17E-12 4.54E-12 4.57E-12
 1.00E-74 1.00E-74 1.61E-43 1.96E-27 1.81E-19 8.75E-15 2.73E-13 8.05E-13
 1.35E-12 2.20E-12 3.16E-12 4.01E-12 4.39E-12 4.43E-12
  17.8130    7  14 /pl=01:ss=14:pb= 1:sz=14/type=excit/ispb = t/isel =    8
 1.00E+10 1.00E+11 1.00E+12 1.00E+13 1.00E+14 1.00E+15 1.00E+16
 3.88E+00 5.82E+00 9.69E+00 1.94E+01 3.88E+01 9.69E+01 1.94E+02 2.91E+02
 3.88E+02 5.82E+02 9.69E+02 1.94E+03 3.88E+03 5.82E+03
 1.00E-74 1.00E-74 2.48E-43 3.50E-27 3.53E-19 1.74E-14 5.30E-13 1.52E-12
 2.47E-12 3.80E-12 4.90E-12 5.14E-12 4.47E-12 3.93E-12
 1.00E-74 1.00E-74 2.48E-43 3.50E-27 3.53E-19 1.74E-14 5.30E-13 1.52E-12
 2.47E-12 3.80E-12 4.90E-12 5.14E-12 4.47E-12 3.93E-12
 1.00E-74 1.00E-74 2.46E-43 3.50E-27 3.53E-19 1.74E-14 5.30E-13 1.52E-12
 2.47E-12 3.80E-12 4.90E-12 5.14E-12 4.47E-12 3.93E-12
 1.00E-74 1.00E-74 2.46E-43 3.50E-27 3.53E-19 1.74E-14 5.30E-13 1.52E-12
 2.47E-12 3.80E-12 4.90E-12 5.14E-12 4.47E-12 3.93E-12
 1.00E-74 1.00E-74 2.47E-43 3.51E-27 3.53E-19 1.75E-14 5.30E-13 1.52E-12
 2.47E-12 3.80E-12 4.90E-12 5.14E-12 4.47E-12 3.94E-12
 1.00E-74 1.00E-74 2.57E-43 3.60E-27 3.58E-19 1.75E-14 5.32E-13 1.52E-12
 2.48E-12 3.81E-12 4.91E-12 5.15E-12 4.48E-12 3.95E-12
 1.00E-74 1.00E-74 3.52E-43 4.40E-27 4.00E-19 1.84E-14 5.45E-13 1.55E-12
 2.52E-12 3.87E-12 5.00E-12 5.26E-12 4.60E-12 4.06E-12
  17.9200    7  14 /pl=01:ss=14:pb= 1:sz=14/type=excit/ispb = t/isel =    9
 1.00E+10 1.00E+11 1.00E+12 1.00E+13 1.00E+14 1.00E+15 1.00E+16
 3.88E+00 5.82E+00 9.69E+00 1.94E+01 3.88E+01 9.69E+01 1.94E+02 2.91E+02
 3.88E+02 5.82E+02 9.69E+02 1.94E+03 3.88E+03 5.82E+03
 1.00E-74 1.00E-74 1.08E-43 1.29E-27 1.18E-19 5.61E-15 1.69E-13 4.86E-13
 7.91E-13 1.23E-12 1.61E-12 1.74E-12 1.58E-12 1.42E-12
 1.00E-74 1.00E-74 1.13E-43 1.29E-27 1.18E-19 5.61E-15 1.69E-13 4.86E-13
 7.91E-13 1.23E-12 1.61E-12 1.74E-12 1.58E-12 1.42E-12
 1.00E-74 1.00E-74 1.12E-43 1.29E-27 1.18E-19 5.61E-15 1.69E-13 4.86E-13
 7.91E-13 1.23E-12 1.61E-12 1.74E-12 1.58E-12 1.42E-12
 1.00E-74 1.00E-74 1.12E-43 1.29E-27 1.18E-19 5.61E-15 1.69E-13 4.86E-13
 7.91E-13 1.23E-12 1.61E-12 1.74E-12 1.58E-12 1.42E-12
 1.00E-74 1.00E-74 1.12E-43 1.29E-27 1.18E-19 5.60E-15 1.69E-13 4.85E-13
 7.90E-13 1.22E-12 1.61E-12 1.74E-12 1.58E-12 1.42E-12
 1.00E-74 1.00E-74 1.12E-43 1.28E-27 1.17E-19 5.55E-15 1.67E-13 4.81E-13
 7.83E-13 1.22E-12 1.60E-12 1.73E-12 1.57E-12 1.41E-12
 1.00E-74 1.00E-74 1.12E-43 1.23E-27 1.08E-19 5.03E-15 1.53E-13 4.42E-13
 7.23E-13 1.13E-12 1.50E-12 1.65E-12 1.51E-12 1.37E-12
  18.9382    7  14 /pl=01:ss=14:pb= 1:sz=14/type=excit/ispb = t/isel =   10
 1.00E+10 1.00E+11 1.00E+12 1.00E+13 1.00E+14 1.00E+15 1.00E+16
 3.88E+00 5.82E+00 9.69E+00 1.94E+01 3.88E+01 9.69E+01 1.94E+02 2.91E+02
 3.88E+02 5.82E+02 9.69E+02 1.94E+03 3.88E+03 5.82E+03
 1.00E-74 1.00E-74 6.45E-40 2.12E-25 3.30E-18 5.61E-14 1.25E-12 3.31E-12
 5.29E-12 8.19E-12 1.13E-11 1.39E-11 1.50E-11 1.50E-11
 1.00E-74 1.00E-74 6.45E-40 2.12E-25 3.30E-18 5.61E-14 1.25E-12 3.31E-12
 5.29E-12 8.19E-12 1.13E-11 1.39E-11 1.50E-11 1.50E-11
 1.00E-74 1.00E-74 6.45E-40 2.12E-25 3.30E-18 5.61E-14 1.25E-12 3.31E-12
 5.29E-12 8.19E-12 1.13E-11 1.39E-11 1.50E-11 1.50E-11
 1.00E-74 1.00E-74 6.45E-40 2.12E-25 3.30E-18 5.61E-14 1.25E-12 3.31E-12
 5.29E-12 8.19E-12 1.13E-11 1.39E-11 1.50E-11 1.50E-11
 1.00E-74 1.00E-74 6.46E-40 2.12E-25 3.30E-18 5.61E-14 1.25E-12 3.31E-12
 5.28E-12 8.18E-12 1.13E-11 1.39E-11 1.50E-11 1.50E-11
 1.00E-74 1.00E-74 6.56E-40 2.13E-25 3.29E-18 5.59E-14 1.24E-12 3.29E-12
 5.26E-12 8.15E-12 1.12E-11 1.38E-11 1.50E-11 1.50E-11
 1.00E-74 1.00E-74 7.48E-40 2.26E-25 3.28E-18 5.36E-14 1.19E-12 3.14E-12
 5.02E-12 7.79E-12 1.08E-11 1.33E-11 1.45E-11 1.45E-11
  19.8010    7  14 /pl=01:ss=14:pb= 1:sz=14/type=excit/ispb = t/isel =   11
 1.00E+10 1.00E+11 1.00E+12 1.00E+13 1.00E+14 1.00E+15 1.00E+16
 3.88E+00 5.82E+00 9.69E+00 1.94E+01 3.88E+01 9.69E+01 1.94E+02 2.91E+02
 3.88E+02 5.82E+02 9.69E+02 1.94E+03 3.88E+03 5.82E+03
 1.00E-74 1.00E-74 1.02E-39 3.95E-25 6.57E-18 1.10E-13 2.35E-12 5.95E-12
 9.15E-12 1.33E-11 1.64E-11 1.67E-11 1.44E-11 1.26E-11
 1.00E-74 1.00E-74 1.02E-39 3.95E-25 6.57E-18 1.10E-13 2.35E-12 5.95E-12
 9.15E-12 1.33E-11 1.64E-11 1.67E-11 1.44E-11 1.26E-11
 1.00E-74 1.00E-74 1.02E-39 3.95E-25 6.57E-18 1.10E-13 2.35E-12 5.95E-12
 9.15E-12 1.33E-11 1.64E-11 1.67E-11 1.44E-11 1.26E-11
 1.00E-74 1.00E-74 1.02E-39 3.95E-25 6.57E-18 1.10E-13 2.35E-12 5.95E-12
 9.15E-12 1.33E-11 1.64E-11 1.67E-11 1.44E-11 1.26E-11
 1.00E-74 1.00E-74 1.03E-39 3.96E-25 6.58E-18 1.10E-13 2.35E-12 5.95E-12
 9.15E-12 1.33E-11 1.64E-11 1.67E-11 1.44E-11 1.26E-11
 1.00E-74 1.00E-74 1.06E-39 4.05E-25 6.65E-18 1.11E-13 2.35E-12 5.96E-12
 9.16E-12 1.33E-11 1.64E-11 1.67E-11 1.44E-11 1.27E-11
 1.00E-74 1.00E-74 1.42E-39 4.87E-25 7.33E-18 1.15E-13 2.39E-12 6.03E-12
 9.26E-12 1.34E-11 1.67E-11 1.70E-11 1.47E-11 1.30E-11
  20.0662    7  14 /pl=01:ss=14:pb= 1:sz=14/type=excit/ispb = t/isel =   12
 1.00E+10 1.00E+11 1.00E+12 1.00E+13 1.00E+14 1.00E+15 1.00E+16
 3.88E+00 5.82E+00 9.69E+00 1.94E+01 3.88E+01 9.69E+01 1.94E+02 2.91E+02
 3.88E+02 5.82E+02 9.69E+02 1.94E+03 3.88E+03 5.82E+03
 1.00E-74 1.00E-74 7.52E-40 1.90E-25 2.56E-18 3.93E-14 8.25E-13 2.11E-12
 3.25E-12 4.78E-12 6.03E-12 6.39E-12 5.78E-12 5.24E-12
 1.00E-74 1.00E-74 7.52E-40 1.90E-25 2.56E-18 3.93E-14 8.25E-13 2.11E-12
 3.25E-12 4.78E-12 6.03E-12 6.39E-12 5.78E-12 5.24E-12
 1.00E-74 1.00E-74 7.52E-40 1.90E-25 2.56E-18 3.93E-14 8.25E-13 2.11E-12
 3.25E-12 4.78E-12 6.03E-12 6.39E-12 5.78E-12 5.24E-12
 1.00E-74 1.00E-74 7.52E-40 1.90E-25 2.56E-18 3.93E-14 8.25E-13 2.11E-12
 3.25E-12 4.78E-12 6.03E-12 6.39E-12 5.78E-12 5.24E-12
 1.00E-74 1.00E-74 7.52E-40 1.90E-25 2.56E-18 3.92E-14 8.24E-13 2.11E-12
 3.25E-12 4.78E-12 6.03E-12 6.39E-12 5.78E-12 5.24E-12
 1.00E-74 1.00E-74 7.52E-40 1.89E-25 2.54E-18 3.89E-14 8.17E-13 2.09E-12
 3.23E-12 4.74E-12 5.99E-12 6.36E-12 5.76E-12 5.22E-12
 1.00E-74 1.00E-74 7.57E-40 1.82E-25 2.35E-18 3.55E-14 7.49E-13 1.93E-12
 2.99E-12 4.43E-12 5.64E-12 6.05E-12 5.54E-12 5.05E-12
  24.8934    7  14 /pl=01:ss=14:pb= 1:sz=14/type=excit/ispb = t/isel =   13
 1.00E+10 1.00E+11 1.00E+12 1.00E+13 1.00E+14 1.00E+15 1.00E+16
 3.88E+00 5.82E+00 9.69E+00 1.94E+01 3.88E+01 9.69E+01 1.94E+02 2.91E+02
 3.88E+02 5.82E+02 9.69E+02 1.94E+03 3.88E+03 5.82E+03
 1.00E-74 1.00E-74 4.09E-32 4.16E-21 1.13E-15 1.70E-12 1.75E-11 3.66E-11
 5.23E-11 7.34E-11 9.56E-11 1.14E-10 1.23E-10 1.23E-10
 1.00E-74 1.00E-74 4.09E-32 4.16E-21 1.13E-15 1.70E-12 1.75E-11 3.66E-11
 5.23E-11 7.34E-11 9.56E-11 1.14E-10 1.23E-10 1.23E-10
 1.00E-74 1.00E-74 4.09E-32 4.16E-21 1.13E-15 1.70E-12 1.75E-11 3.66E-11
 5.23E-11 7.34E-11 9.56E-11 1.14E-10 1.23E-10 1.23E-10
 1.00E-74 8.44E-47 4.09E-32 4.16E-21 1.13E-15 1.70E-12 1.75E-11 3.66E-11
 5.23E-11 7.34E-11 9.56E-11 1.14E-10 1.23E-10 1.23E-10
 1.00E-74 6.75E-47 4.10E-32 4.17E-21 1.13E-15 1.70E-12 1.75E-11 3.66E-11
 5.23E-11 7.34E-11 9.55E-11 1.14E-10 1.23E-10 1.23E-10
 1.00E-74 7.25E-47 4.18E-32 4.20E-21 1.13E-15 1.69E-12 1.74E-11 3.64E-11
 5.20E-11 7.31E-11 9.51E-11 1.14E-10 1.22E-10 1.23E-10
 1.00E-74 9.01E-47 4.92E-32 4.57E-21 1.15E-15 1.64E-12 1.67E-11 3.50E-11
 5.00E-11 7.03E-11 9.16E-11 1.10E-10 1.19E-10 1.19E-10
  26.1292    7  14 /pl=01:ss=14:pb= 1:sz=14/type=excit/ispb = t/isel =   14
 1.00E+10 1.00E+11 1.00E+12 1.00E+13 1.00E+14 1.00E+15 1.00E+16
 3.88E+00 5.82E+00 9.69E+00 1.94E+01 3.88E+01 9.69E+01 1.94E+02 2.91E+02
 3.88E+02 5.82E+02 9.69E+02 1.94E+03 3.88E+03 5.82E+03
 1.00E-74 1.00E-74 4.62E-32 7.16E-21 2.37E-15 3.81E-12 3.72E-11 7.33E-11
 9.92E-11 1.28E-10 1.44E-10 1.38E-10 1.16E-10 1.01E-10
 1.00E-74 1.00E-74 4.62E-32 7.16E-21 2.37E-15 3.81E-12 3.72E-11 7.33E-11
 9.92E-11 1.28E-10 1.44E-10 1.38E-10 1.16E-10 1.01E-10
 1.00E-74 1.00E-74 4.62E-32 7.16E-21 2.37E-15 3.81E-12 3.72E-11 7.33E-11
 9.92E-11 1.28E-10 1.44E-10 1.38E-10 1.16E-10 1.01E-10
 1.00E-74 1.00E-74 4.62E-32 7.16E-21 2.37E-15 3.81E-12 3.72E-11 7.33E-11
 9.92E-11 1.28E-10 1.44E-10 1.38E-10 1.16E-10 1.01E-10
 1.00E-74 5.37E-47 4.63E-32 7.17E-21 2.37E-15 3.81E-12 3.72E-11 7.33E-11
 9.92E-11 1.28E-10 1.44E-10 1.38E-10 1.16E-10 1.01E-10
 1.00E-74 4.83E-47 4.78E-32 7.30E-21 2.39E-15 3.82E-12 3.72E-11 7.33E-11
 9.92E-11 1.28E-10 1.44E-10 1.38E-10 1.16E-10 1.01E-10
 1.00E-74 6.53E-47 6.15E-32 8.51E-21 2.57E-15 3.88E-12 3.73E-11 7.33E-11
 9.92E-11 1.28E-10 1.45E-10 1.40E-10 1.19E-10 1.04E-10
  27.3182    7  14 /pl=01:ss=14:pb= 1:sz=14/type=excit/ispb = t/isel =   15
 1.00E+10 1.00E+11 1.00E+12 1.00E+13 1.00E+14 1.00E+15 1.00E+16
 3.88E+00 5.82E+00 9.69E+00 1.94E+01 3.88E+01 9.69E+01 1.94E+02 2.91E+02
 3.88E+02 5.82E+02 9.69E+02 1.94E+03 3.88E+03 5.82E+03
 1.00E-74 1.00E-74 1.35E-31 7.22E-21 1.40E-15 1.67E-12 1.53E-11 2.99E-11
 4.06E-11 5.27E-11 6.08E-11 6.07E-11 5.37E-11 4.85E-11
 1.00E-74 1.00E-74 1.35E-31 7.22E-21 1.40E-15 1.67E-12 1.53E-11 2.99E-11
 4.06E-11 5.27E-11 6.08E-11 6.07E-11 5.37E-11 4.85E-11
 1.00E-74 8.13E-46 1.35E-31 7.22E-21 1.40E-15 1.67E-12 1.53E-11 2.99E-11
 4.06E-11 5.27E-11 6.08E-11 6.07E-11 5.37E-11 4.85E-11
 1.00E-74 5.69E-46 1.35E-31 7.22E-21 1.40E-15 1.67E-12 1.53E-11 2.99E-11
 4.06E-11 5.27E-11 6.08E-11 6.07E-11 5.36E-11 4.85E-11
 1.00E-74 5.45E-46 1.35E-31 7.21E-21 1.40E-15 1.67E-12 1.53E-11 2.99E-11
 4.06E-11 5.26E-11 6.08E-11 6.06E-11 5.36E-11 4.84E-11
 1.00E-74 5.48E-46 1.35E-31 7.18E-21 1.39E-15 1.66E-12 1.51E-11 2.97E-11
 4.03E-11 5.23E-11 6.04E-11 6.03E-11 5.34E-11 4.83E-11
 1.00E-74 5.60E-46 1.36E-31 6.91E-21 1.29E-15 1.51E-12 1.39E-11 2.74E-11
 3.74E-11 4.89E-11 5.70E-11 5.76E-11 5.15E-11 4.68E-11
  41.0248    7  14 /pl=01:ss=14:pb= 1:sz=14/type=excit/ispb = t/isel =   16
 1.00E+10 1.00E+11 1.00E+12 1.00E+13 1.00E+14 1.00E+15 1.00E+16
 3.88E+00 5.82E+00 9.69E+00 1.94E+01 3.88E+01 9.69E+01 1.94E+02 2.91E+02
 3.88E+02 5.82E+02 9.69E+02 1.94E+03 3.88E+03 5.82E+03
 1.00E-74 1.00E-74 1.00E-74 1.20E-29 5.72E-21 7.18E-16 3.05E-14 9.90E-14
 1.74E-13 2.98E-13 4.40E-13 5.72E-13 6.32E-13 6.42E-13
 1.00E-74 1.00E-74 1.00E-74 1.20E-29 5.72E-21 7.18E-16 3.05E-14 9.90E-14
 1.74E-13 2.98E-13 4.40E-13 5.72E-13 6.32E-13 6.42E-13
 1.00E-74 1.00E-74 4.26E-47 1.20E-29 5.72E-21 7.18E-16 3.05E-14 9.90E-14
 1.74E-13 2.98E-13 4.40E-13 5.72E-13 6.32E-13 6.42E-13
 1.00E-74 1.00E-74 3.83E-47 1.20E-29 5.72E-21 7.18E-16 3.05E-14 9.90E-14
 1.74E-13 2.98E-13 4.40E-13 5.72E-13 6.32E-13 6.42E-13
 1.00E-74 1.00E-74 3.83E-47 1.21E-29 5.72E-21 7.18E-16 3.05E-14 9.89E-14
 1.74E-13 2.97E-13 4.40E-13 5.72E-13 6.32E-13 6.41E-13
 1.00E-74 1.00E-74 3.88E-47 1.21E-29 5.70E-21 7.13E-16 3.03E-14 9.83E-14
 1.73E-13 2.95E-13 4.37E-13 5.69E-13 6.29E-13 6.38E-13
 1.00E-74 1.00E-74 4.20E-47 1.23E-29 5.48E-21 6.67E-16 2.83E-14 9.20E-14
 1.62E-13 2.77E-13 4.12E-13 5.38E-13 5.99E-13 6.10E-13
  42.7005    7  14 /pl=01:ss=14:pb= 1:sz=14/type=excit/ispb = t/isel =   17
 1.00E+10 1.00E+11 1.00E+12 1.00E+13 1.00E+14 1.00E+15 1.00E+16
 3.88E+00 5.82E+00 9.69E+00 1.94E+01 3.88E+01 9.69E+01 1.94E+02 2.91E+02
 3.88E+02 5.82E+02 9.69E+02 1.94E+03 3.88E+03 5.82E+03
 1.00E-74 1.00E-74 1.00E-74 1.23E-29 5.88E-21 7.38E-16 3.05E-14 9.71E-14
 1.66E-13 2.66E-13 3.57E-13 3.84E-13 3.35E-13 2.94E-13
 1.00E-74 1.00E-74 1.00E-74 1.23E-29 5.88E-21 7.38E-16 3.05E-14 9.71E-14
 1.66E-13 2.66E-13 3.57E-13 3.84E-13 3.35E-13 2.94E-13
 1.00E-74 1.00E-74 1.00E-74 1.23E-29 5.88E-21 7.38E-16 3.05E-14 9.71E-14
 1.66E-13 2.66E-13 3.57E-13 3.84E-13 3.35E-13 2.94E-13
 1.00E-74 1.00E-74 3.54E-47 1.23E-29 5.88E-21 7.38E-16 3.05E-14 9.71E-14
 1.66E-13 2.66E-13 3.57E-13 3.84E-13 3.35E-13 2.94E-13
 1.00E-74 1.00E-74 3.81E-47 1.23E-29 5.89E-21 7.39E-16 3.05E-14 9.71E-14
 1.66E-13 2.66E-13 3.57E-13 3.84E-13 3.35E-13 2.95E-13
 1.00E-74 1.00E-74 4.02E-47 1.28E-29 6.01E-21 7.47E-16 3.07E-14 9.77E-14
 1.67E-13 2.68E-13 3.59E-13 3.86E-13 3.37E-13 2.96E-13
 1.00E-74 1.00E-74 5.87E-47 1.65E-29 7.06E-21 8.14E-16 3.26E-14 1.03E-13
 1.75E-13 2.80E-13 3.75E-13 4.04E-13 3.54E-13 3.12E-13
  42.9197    7  14 /pl=01:ss=14:pb= 1:sz=14/type=excit/ispb = t/isel =   18
 1.00E+10 1.00E+11 1.00E+12 1.00E+13 1.00E+14 1.00E+15 1.00E+16
 3.88E+00 5.82E+00 9.69E+00 1.94E+01 3.88E+01 9.69E+01 1.94E+02 2.91E+02
 3.88E+02 5.82E+02 9.69E+02 1.94E+03 3.88E+03 5.82E+03
 1.00E-74 1.00E-74 1.00E-74 7.02E-30 3.23E-21 3.97E-16 1.64E-14 5.20E-14
 8.91E-14 1.45E-13 1.96E-13 2.15E-13 1.92E-13 1.71E-13
 1.00E-74 1.00E-74 1.00E-74 7.02E-30 3.23E-21 3.97E-16 1.64E-14 5.20E-14
 8.91E-14 1.45E-13 1.96E-13 2.15E-13 1.92E-13 1.71E-13
 1.00E-74 1.00E-74 3.25E-47 7.02E-30 3.23E-21 3.97E-16 1.64E-14 5.20E-14
 8.90E-14 1.45E-13 1.96E-13 2.15E-13 1.92E-13 1.71E-13
 1.00E-74 1.00E-74 2.28E-47 7.02E-30 3.23E-21 3.97E-16 1.64E-14 5.20E-14
 8.90E-14 1.45E-13 1.96E-13 2.15E-13 1.92E-13 1.71E-13
 1.00E-74 1.00E-74 2.34E-47 7.01E-30 3.22E-21 3.97E-16 1.63E-14 5.19E-14
 8.89E-14 1.44E-13 1.96E-13 2.14E-13 1.92E-13 1.71E-13
 1.00E-74 1.00E-74 2.30E-47 6.89E-30 3.16E-21 3.90E-16 1.61E-14 5.12E-14
 8.78E-14 1.43E-13 1.94E-13 2.13E-13 1.91E-13 1.70E-13
 1.00E-74 1.00E-74 2.08E-47 6.02E-30 2.70E-21 3.33E-16 1.40E-14 4.51E-14
 7.81E-14 1.29E-13 1.78E-13 2.00E-13 1.83E-13 1.64E-13
  44.4241    7  14 /pl=01:ss=14:pb= 1:sz=14/type=excit/ispb = t/isel =   19
 1.00E+10 1.00E+11 1.00E+12 1.00E+13 1.00E+14 1.00E+15 1.00E+16
 3.88E+00 5.82E+00 9.69E+00 1.94E+01 3.88E+01 9.69E+01 1.94E+02 2.91E+02
 3.88E+02 5.82E+02 9.69E+02 1.94E+03 3.88E+03 5.82E+03
 1.00E-74 1.00E-74 1.00E-74 7.20E-29 1.90E-20 1.70E-15 6.42E-14 2.01E-13
 3.47E-13 5.79E-13 8.45E-13 1.09E-12 1.19E-12 1.20E-12
 1.00E-74 1.00E-74 6.71E-46 7.20E-29 1.90E-20 1.70E-15 6.42E-14 2.01E-13
 3.47E-13 5.79E-13 8.45E-13 1.09E-12 1.19E-12 1.20E-12
 1.00E-74 1.00E-74 7.38E-46 7.20E-29 1.90E-20 1.70E-15 6.42E-14 2.01E-13
 3.47E-13 5.79E-13 8.45E-13 1.09E-12 1.19E-12 1.20E-12
 1.00E-74 1.00E-74 7.45E-46 7.20E-29 1.90E-20 1.70E-15 6.42E-14 2.01E-13
 3.47E-13 5.79E-13 8.45E-13 1.09E-12 1.19E-12 1.20E-12
 1.00E-74 1.00E-74 7.49E-46 7.21E-29 1.90E-20 1.70E-15 6.41E-14 2.01E-13
 3.47E-13 5.78E-13 8.45E-13 1.09E-12 1.19E-12 1.20E-12
 1.00E-74 1.00E-74 7.58E-46 7.24E-29 1.90E-20 1.69E-15 6.37E-14 2.00E-13
 3.45E-13 5.75E-13 8.40E-13 1.08E-12 1.18E-12 1.20E-12
 1.00E-74 1.00E-74 8.45E-46 7.52E-29 1.86E-20 1.60E-15 6.01E-14 1.89E-13
 3.26E-13 5.45E-13 8.00E-13 1.03E-12 1.14E-12 1.16E-12
  46.3351    7  14 /pl=01:ss=14:pb= 1:sz=14/type=excit/ispb = t/isel =   20
 1.00E+10 1.00E+11 1.00E+12 1.00E+13 1.00E+14 1.00E+15 1.00E+16
 3.88E+00 5.82E+00 9.69E+00 1.94E+01 3.88E+01 9.69E+01 1.94E+02 2.91E+02
 3.88E+02 5.82E+02 9.69E+02 1.94E+03 3.88E+03 5.82E+03
 1.00E-74 1.00E-74 1.00E-74 7.18E-29 1.92E-20 1.70E-15 6.24E-14 1.91E-13
 3.21E-13 5.08E-13 6.70E-13 7.13E-13 6.24E-13 5.49E-13
 1.00E-74 1.00E-74 1.43E-45 7.18E-29 1.92E-20 1.70E-15 6.24E-14 1.91E-13
 3.21E-13 5.08E-13 6.70E-13 7.13E-13 6.24E-13 5.49E-13
 1.00E-74 1.00E-74 7.15E-46 7.18E-29 1.92E-20 1.70E-15 6.24E-14 1.91E-13
 3.21E-13 5.08E-13 6.70E-13 7.13E-13 6.24E-13 5.49E-13
 1.00E-74 1.00E-74 7.15E-46 7.18E-29 1.92E-20 1.70E-15 6.24E-14 1.91E-13
 3.21E-13 5.08E-13 6.70E-13 7.13E-13 6.24E-13 5.49E-13
 1.00E-74 1.00E-74 7.20E-46 7.20E-29 1.92E-20 1.70E-15 6.25E-14 1.91E-13
 3.21E-13 5.08E-13 6.70E-13 7.14E-13 6.25E-13 5.49E-13
 1.00E-74 1.00E-74 7.52E-46 7.40E-29 1.95E-20 1.71E-15 6.27E-14 1.92E-13
 3.22E-13 5.10E-13 6.72E-13 7.16E-13 6.27E-13 5.51E-13
 1.00E-74 1.00E-74 1.05E-45 9.25E-29 2.22E-20 1.82E-15 6.51E-14 1.98E-13
 3.31E-13 5.23E-13 6.90E-13 7.37E-13 6.48E-13 5.70E-13
  46.7499    7  14 /pl=01:ss=14:pb= 1:sz=14/type=excit/ispb = t/isel =   21
 1.00E+10 1.00E+11 1.00E+12 1.00E+13 1.00E+14 1.00E+15 1.00E+16
 3.88E+00 5.82E+00 9.69E+00 1.94E+01 3.88E+01 9.69E+01 1.94E+02 2.91E+02
 3.88E+02 5.82E+02 9.69E+02 1.94E+03 3.88E+03 5.82E+03
 1.00E-74 1.00E-74 1.00E-74 4.56E-29 1.15E-20 9.85E-16 3.62E-14 1.11E-13
 1.85E-13 2.97E-13 3.97E-13 4.32E-13 3.91E-13 3.49E-13
 1.00E-74 1.00E-74 5.32E-46 4.56E-29 1.15E-20 9.85E-16 3.62E-14 1.11E-13
 1.85E-13 2.97E-13 3.97E-13 4.32E-13 3.91E-13 3.49E-13
 1.00E-74 1.00E-74 5.32E-46 4.56E-29 1.15E-20 9.85E-16 3.62E-14 1.11E-13
 1.85E-13 2.97E-13 3.97E-13 4.32E-13 3.91E-13 3.49E-13
 1.00E-74 1.00E-74 5.11E-46 4.56E-29 1.15E-20 9.85E-16 3.61E-14 1.11E-13
 1.85E-13 2.97E-13 3.97E-13 4.32E-13 3.91E-13 3.49E-13
 1.00E-74 1.00E-74 5.12E-46 4.55E-29 1.15E-20 9.84E-16 3.61E-14 1.11E-13
 1.85E-13 2.97E-13 3.96E-13 4.32E-13 3.91E-13 3.49E-13
 1.00E-74 1.00E-74 5.10E-46 4.52E-29 1.13E-20 9.72E-16 3.57E-14 1.09E-13
 1.83E-13 2.94E-13 3.93E-13 4.30E-13 3.89E-13 3.47E-13
 1.00E-74 1.00E-74 4.94E-46 4.21E-29 1.02E-20 8.66E-16 3.21E-14 9.93E-14
 1.67E-13 2.71E-13 3.67E-13 4.07E-13 3.73E-13 3.35E-13
  47.9741    7  14 /pl=01:ss=14:pb= 1:sz=14/type=excit/ispb = t/isel =   22
 1.00E+10 1.00E+11 1.00E+12 1.00E+13 1.00E+14 1.00E+15 1.00E+16
 3.88E+00 5.82E+00 9.69E+00 1.94E+01 3.88E+01 9.69E+01 1.94E+02 2.91E+02
 3.88E+02 5.82E+02 9.69E+02 1.94E+03 3.88E+03 5.82E+03
 1.00E-74 1.00E-74 1.00E-74 8.41E-30 2.22E-21 1.98E-16 7.49E-15 2.35E-14
 4.05E-14 6.75E-14 9.87E-14 1.27E-13 1.39E-13 1.40E-13
 1.00E-74 1.00E-74 7.83E-47 8.41E-30 2.22E-21 1.98E-16 7.49E-15 2.35E-14
 4.05E-14 6.75E-14 9.87E-14 1.27E-13 1.39E-13 1.40E-13
 1.00E-74 1.00E-74 8.62E-47 8.41E-30 2.22E-21 1.98E-16 7.49E-15 2.35E-14
 4.05E-14 6.75E-14 9.87E-14 1.27E-13 1.39E-13 1.40E-13
 1.00E-74 1.00E-74 8.69E-47 8.41E-30 2.22E-21 1.98E-16 7.49E-15 2.34E-14
 4.05E-14 6.75E-14 9.87E-14 1.27E-13 1.39E-13 1.40E-13
 1.00E-74 1.00E-74 8.74E-47 8.41E-30 2.22E-21 1.98E-16 7.48E-15 2.34E-14
 4.05E-14 6.75E-14 9.86E-14 1.27E-13 1.39E-13 1.40E-13
 1.00E-74 1.00E-74 8.85E-47 8.45E-30 2.21E-21 1.97E-16 7.44E-15 2.33E-14
 4.02E-14 6.71E-14 9.81E-14 1.26E-13 1.38E-13 1.40E-13
 1.00E-74 1.00E-74 9.86E-47 8.77E-30 2.17E-21 1.87E-16 7.02E-15 2.20E-14
 3.80E-14 6.36E-14 9.33E-14 1.21E-13 1.33E-13 1.35E-13
  51.5417    7  14 /pl=01:ss=14:pb= 1:sz=14/type=excit/ispb = t/isel =   23
 1.00E+10 1.00E+11 1.00E+12 1.00E+13 1.00E+14 1.00E+15 1.00E+16
 3.88E+00 5.82E+00 9.69E+00 1.94E+01 3.88E+01 9.69E+01 1.94E+02 2.91E+02
 3.88E+02 5.82E+02 9.69E+02 1.94E+03 3.88E+03 5.82E+03
 1.00E-74 1.00E-74 7.93E-44 1.09E-27 1.07E-19 5.40E-15 1.69E-13 5.00E-13
 8.36E-13 1.36E-12 1.94E-12 2.45E-12 2.67E-12 2.68E-12
 1.00E-74 1.00E-74 8.27E-44 1.09E-27 1.07E-19 5.40E-15 1.69E-13 5.00E-13
 8.36E-13 1.36E-12 1.94E-12 2.45E-12 2.67E-12 2.68E-12
 1.00E-74 1.00E-74 8.22E-44 1.09E-27 1.07E-19 5.40E-15 1.69E-13 5.00E-13
 8.36E-13 1.36E-12 1.94E-12 2.45E-12 2.67E-12 2.68E-12
 1.00E-74 1.00E-74 8.22E-44 1.09E-27 1.07E-19 5.40E-15 1.69E-13 5.00E-13
 8.36E-13 1.36E-12 1.94E-12 2.45E-12 2.67E-12 2.68E-12
 1.00E-74 1.00E-74 8.23E-44 1.09E-27 1.07E-19 5.39E-15 1.69E-13 4.99E-13
 8.36E-13 1.36E-12 1.94E-12 2.45E-12 2.67E-12 2.68E-12
 1.00E-74 1.00E-74 8.35E-44 1.09E-27 1.07E-19 5.37E-15 1.68E-13 4.96E-13
 8.31E-13 1.35E-12 1.93E-12 2.44E-12 2.66E-12 2.67E-12
 1.00E-74 1.00E-74 9.42E-44 1.15E-27 1.06E-19 5.12E-15 1.60E-13 4.72E-13
 7.90E-13 1.29E-12 1.85E-12 2.35E-12 2.57E-12 2.59E-12
  53.9675    7  14 /pl=01:ss=14:pb= 1:sz=14/type=excit/ispb = t/isel =   24
 1.00E+10 1.00E+11 1.00E+12 1.00E+13 1.00E+14 1.00E+15 1.00E+16
 3.88E+00 5.82E+00 9.69E+00 1.94E+01 3.88E+01 9.69E+01 1.94E+02 2.91E+02
 3.88E+02 5.82E+02 9.69E+02 1.94E+03 3.88E+03 5.82E+03
 1.00E-74 1.00E-74 7.65E-44 1.08E-27 1.09E-19 5.38E-15 1.64E-13 4.68E-13
 7.62E-13 1.17E-12 1.51E-12 1.58E-12 1.38E-12 1.21E-12
 1.00E-74 1.00E-74 7.65E-44 1.08E-27 1.09E-19 5.38E-15 1.64E-13 4.68E-13
 7.62E-13 1.17E-12 1.51E-12 1.58E-12 1.38E-12 1.21E-12
 1.00E-74 1.00E-74 7.60E-44 1.08E-27 1.09E-19 5.38E-15 1.64E-13 4.68E-13
 7.62E-13 1.17E-12 1.51E-12 1.58E-12 1.38E-12 1.21E-12
 1.00E-74 1.00E-74 7.60E-44 1.08E-27 1.09E-19 5.38E-15 1.64E-13 4.68E-13
 7.62E-13 1.17E-12 1.51E-12 1.58E-12 1.38E-12 1.21E-12
 1.00E-74 1.00E-74 7.63E-44 1.08E-27 1.09E-19 5.38E-15 1.64E-13 4.68E-13
 7.62E-13 1.17E-12 1.51E-12 1.58E-12 1.38E-12 1.21E-12
 1.00E-74 1.00E-74 7.94E-44 1.11E-27 1.10E-19 5.41E-15 1.64E-13 4.70E-13
 7.64E-13 1.17E-12 1.52E-12 1.59E-12 1.38E-12 1.22E-12
 1.00E-74 1.00E-74 1.09E-43 1.36E-27 1.23E-19 5.66E-15 1.68E-13 4.79E-13
 7.77E-13 1.19E-12 1.54E-12 1.62E-12 1.42E-12 1.25E-12
  54.9609    7  14 /pl=01:ss=14:pb= 1:sz=14/type=excit/ispb = t/isel =   25
 1.00E+10 1.00E+11 1.00E+12 1.00E+13 1.00E+14 1.00E+15 1.00E+16
 3.88E+00 5.82E+00 9.69E+00 1.94E+01 3.88E+01 9.69E+01 1.94E+02 2.91E+02
 3.88E+02 5.82E+02 9.69E+02 1.94E+03 3.88E+03 5.82E+03
 1.00E-74 1.00E-74 6.77E-44 8.09E-28 7.41E-20 3.52E-15 1.06E-13 3.05E-13
 4.96E-13 7.69E-13 1.01E-12 1.09E-12 9.89E-13 8.91E-13
 1.00E-74 1.00E-74 7.06E-44 8.09E-28 7.41E-20 3.52E-15 1.06E-13 3.05E-13
 4.96E-13 7.69E-13 1.01E-12 1.09E-12 9.89E-13 8.91E-13
 1.00E-74 1.00E-74 7.01E-44 8.09E-28 7.41E-20 3.52E-15 1.06E-13 3.05E-13
 4.96E-13 7.69E-13 1.01E-12 1.09E-12 9.89E-13 8.91E-13
 1.00E-74 1.00E-74 7.01E-44 8.08E-28 7.41E-20 3.52E-15 1.06E-13 3.05E-13
 4.96E-13 7.69E-13 1.01E-12 1.09E-12 9.89E-13 8.91E-13
 1.00E-74 1.00E-74 7.01E-44 8.08E-28 7.41E-20 3.52E-15 1.06E-13 3.04E-13
 4.96E-13 7.68E-13 1.01E-12 1.09E-12 9.88E-13 8.90E-13
 1.00E-74 1.00E-74 7.01E-44 8.04E-28 7.34E-20 3.48E-15 1.05E-13 3.02E-13
 4.91E-13 7.62E-13 1.00E-12 1.09E-12 9.84E-13 8.87E-13
 1.00E-74 1.00E-74 7.00E-44 7.69E-28 6.76E-20 3.16E-15 9.57E-14 2.77E-13
 4.54E-13 7.09E-13 9.41E-13 1.03E-12 9.46E-13 8.58E-13
  56.3823    7  14 /pl=01:ss=14:pb= 1:sz=14/type=excit/ispb = t/isel =   26
 1.00E+10 1.00E+11 1.00E+12 1.00E+13 1.00E+14 1.00E+15 1.00E+16
 3.88E+00 5.82E+00 9.69E+00 1.94E+01 3.88E+01 9.69E+01 1.94E+02 2.91E+02
 3.88E+02 5.82E+02 9.69E+02 1.94E+03 3.88E+03 5.82E+03
 1.00E-74 1.00E-74 1.06E-44 1.45E-28 1.43E-20 7.21E-16 2.26E-14 6.68E-14
 1.12E-13 1.82E-13 2.60E-13 3.28E-13 3.57E-13 3.59E-13
 1.00E-74 1.00E-74 1.10E-44 1.45E-28 1.43E-20 7.21E-16 2.26E-14 6.68E-14
 1.12E-13 1.82E-13 2.60E-13 3.28E-13 3.57E-13 3.59E-13
 1.00E-74 1.00E-74 1.10E-44 1.45E-28 1.43E-20 7.21E-16 2.26E-14 6.68E-14
 1.12E-13 1.82E-13 2.60E-13 3.28E-13 3.57E-13 3.59E-13
 1.00E-74 1.00E-74 1.10E-44 1.45E-28 1.43E-20 7.21E-16 2.26E-14 6.68E-14
 1.12E-13 1.82E-13 2.60E-13 3.28E-13 3.57E-13 3.59E-13
 1.00E-74 1.00E-74 1.10E-44 1.45E-28 1.43E-20 7.21E-16 2.26E-14 6.67E-14
 1.12E-13 1.82E-13 2.60E-13 3.28E-13 3.57E-13 3.59E-13
 1.00E-74 1.00E-74 1.12E-44 1.46E-28 1.43E-20 7.17E-16 2.25E-14 6.64E-14
 1.11E-13 1.81E-13 2.58E-13 3.26E-13 3.55E-13 3.57E-13
 1.00E-74 1.00E-74 1.26E-44 1.53E-28 1.41E-20 6.85E-16 2.13E-14 6.30E-14
 1.06E-13 1.72E-13 2.47E-13 3.14E-13 3.44E-13 3.47E-13
  73.3391    7  14 /pl=01:ss=14:pb= 1:sz=14/type=excit/ispb = t/isel =   27
 1.00E+10 1.00E+11 1.00E+12 1.00E+13 1.00E+14 1.00E+15 1.00E+16
 3.88E+00 5.82E+00 9.69E+00 1.94E+01 3.88E+01 9.69E+01 1.94E+02 2.91E+02
 3.88E+02 5.82E+02 9.69E+02 1.94E+03 3.88E+03 5.82E+03
 1.00E-74 1.00E-74 3.48E-40 1.14E-25 1.78E-18 3.03E-14 6.74E-13 1.79E-12
 2.85E-12 4.42E-12 6.08E-12 7.48E-12 8.10E-12 8.09E-12
 1.00E-74 1.00E-74 3.48E-40 1.14E-25 1.78E-18 3.03E-14 6.74E-13 1.79E-12
 2.85E-12 4.42E-12 6.08E-12 7.48E-12 8.10E-12 8.09E-12
 1.00E-74 1.00E-74 3.48E-40 1.14E-25 1.78E-18 3.03E-14 6.74E-13 1.79E-12
 2.85E-12 4.42E-12 6.08E-12 7.48E-12 8.10E-12 8.09E-12
 1.00E-74 1.00E-74 3.48E-40 1.14E-25 1.78E-18 3.03E-14 6.74E-13 1.79E-12
 2.85E-12 4.42E-12 6.08E-12 7.48E-12 8.10E-12 8.09E-12
 1.00E-74 1.00E-74 3.48E-40 1.14E-25 1.78E-18 3.03E-14 6.74E-13 1.79E-12
 2.85E-12 4.41E-12 6.07E-12 7.48E-12 8.09E-12 8.09E-12
 1.00E-74 1.00E-74 3.54E-40 1.15E-25 1.78E-18 3.01E-14 6.70E-13 1.78E-12
 2.84E-12 4.39E-12 6.05E-12 7.45E-12 8.07E-12 8.07E-12
 1.00E-74 1.00E-74 4.04E-40 1.22E-25 1.77E-18 2.89E-14 6.39E-13 1.70E-12
 2.71E-12 4.20E-12 5.80E-12 7.18E-12 7.82E-12 7.84E-12
  77.5573    7  14 /pl=01:ss=14:pb= 1:sz=14/type=excit/ispb = t/isel =   28
 1.00E+10 1.00E+11 1.00E+12 1.00E+13 1.00E+14 1.00E+15 1.00E+16
 3.88E+00 5.82E+00 9.69E+00 1.94E+01 3.88E+01 9.69E+01 1.94E+02 2.91E+02
 3.88E+02 5.82E+02 9.69E+02 1.94E+03 3.88E+03 5.82E+03
 1.00E-74 1.00E-74 2.91E-40 1.12E-25 1.87E-18 3.14E-14 6.69E-13 1.70E-12
 2.61E-12 3.78E-12 4.68E-12 4.76E-12 4.10E-12 3.60E-12
 1.00E-74 1.00E-74 2.91E-40 1.12E-25 1.87E-18 3.14E-14 6.69E-13 1.70E-12
 2.61E-12 3.78E-12 4.68E-12 4.76E-12 4.10E-12 3.60E-12
 1.00E-74 1.00E-74 2.91E-40 1.12E-25 1.87E-18 3.14E-14 6.69E-13 1.70E-12
 2.61E-12 3.78E-12 4.68E-12 4.76E-12 4.10E-12 3.60E-12
 1.00E-74 1.00E-74 2.91E-40 1.13E-25 1.87E-18 3.14E-14 6.69E-13 1.70E-12
 2.61E-12 3.78E-12 4.68E-12 4.76E-12 4.10E-12 3.60E-12
 1.00E-74 1.00E-74 2.92E-40 1.13E-25 1.88E-18 3.14E-14 6.69E-13 1.70E-12
 2.61E-12 3.78E-12 4.68E-12 4.76E-12 4.10E-12 3.60E-12
 1.00E-74 1.00E-74 3.03E-40 1.15E-25 1.90E-18 3.16E-14 6.70E-13 1.70E-12
 2.61E-12 3.79E-12 4.69E-12 4.77E-12 4.11E-12 3.61E-12
 1.00E-74 1.00E-74 4.06E-40 1.39E-25 2.09E-18 3.27E-14 6.81E-13 1.72E-12
 2.64E-12 3.83E-12 4.75E-12 4.86E-12 4.20E-12 3.70E-12
  81.7918    7  14 /pl=01:ss=14:pb= 1:sz=14/type=excit/ispb = t/isel =   29
 1.00E+10 1.00E+11 1.00E+12 1.00E+13 1.00E+14 1.00E+15 1.00E+16
 3.88E+00 5.82E+00 9.69E+00 1.94E+01 3.88E+01 9.69E+01 1.94E+02 2.91E+02
 3.88E+02 5.82E+02 9.69E+02 1.94E+03 3.88E+03 5.82E+03
 1.00E-74 1.00E-74 4.88E-40 1.23E-25 1.66E-18 2.55E-14 5.35E-13 1.37E-12
 2.11E-12 3.10E-12 3.91E-12 4.15E-12 3.75E-12 3.40E-12
 1.00E-74 1.00E-74 4.88E-40 1.23E-25 1.66E-18 2.55E-14 5.35E-13 1.37E-12
 2.11E-12 3.10E-12 3.91E-12 4.15E-12 3.75E-12 3.40E-12
 1.00E-74 1.00E-74 4.88E-40 1.23E-25 1.66E-18 2.55E-14 5.35E-13 1.37E-12
 2.11E-12 3.10E-12 3.91E-12 4.15E-12 3.75E-12 3.40E-12
 1.00E-74 1.00E-74 4.88E-40 1.23E-25 1.66E-18 2.55E-14 5.35E-13 1.37E-12
 2.11E-12 3.10E-12 3.91E-12 4.15E-12 3.75E-12 3.40E-12
 1.00E-74 1.00E-74 4.88E-40 1.23E-25 1.66E-18 2.55E-14 5.35E-13 1.37E-12
 2.11E-12 3.10E-12 3.91E-12 4.15E-12 3.75E-12 3.40E-12
 1.00E-74 1.00E-74 4.88E-40 1.23E-25 1.65E-18 2.52E-14 5.30E-13 1.36E-12
 2.09E-12 3.08E-12 3.89E-12 4.12E-12 3.74E-12 3.39E-12
 1.00E-74 1.00E-74 4.91E-40 1.18E-25 1.53E-18 2.30E-14 4.86E-13 1.25E-12
 1.94E-12 2.87E-12 3.66E-12 3.93E-12 3.60E-12 3.28E-12
  83.5450    7  14 /pl=01:ss=14:pb= 1:sz=14/type=excit/ispb = t/isel =   30
 1.00E+10 1.00E+11 1.00E+12 1.00E+13 1.00E+14 1.00E+15 1.00E+16
 3.88E+00 5.82E+00 9.69E+00 1.94E+01 3.88E+01 9.69E+01 1.94E+02 2.91E+02
 3.88E+02 5.82E+02 9.69E+02 1.94E+03 3.88E+03 5.82E+03
 1.00E-74 1.00E-74 6.16E-41 2.02E-26 3.15E-19 5.36E-15 1.19E-13 3.16E-13
 5.05E-13 7.82E-13 1.08E-12 1.33E-12 1.43E-12 1.43E-12
 1.00E-74 1.00E-74 6.16E-41 2.02E-26 3.15E-19 5.36E-15 1.19E-13 3.16E-13
 5.05E-13 7.82E-13 1.08E-12 1.33E-12 1.43E-12 1.43E-12
 1.00E-74 1.00E-74 6.16E-41 2.02E-26 3.15E-19 5.36E-15 1.19E-13 3.16E-13
 5.05E-13 7.82E-13 1.08E-12 1.33E-12 1.43E-12 1.43E-12
 1.00E-74 1.00E-74 6.16E-41 2.02E-26 3.15E-19 5.36E-15 1.19E-13 3.16E-13
 5.05E-13 7.82E-13 1.08E-12 1.33E-12 1.43E-12 1.43E-12
 1.00E-74 1.00E-74 6.17E-41 2.02E-26 3.15E-19 5.36E-15 1.19E-13 3.16E-13
 5.05E-13 7.82E-13 1.08E-12 1.32E-12 1.43E-12 1.43E-12
 1.00E-74 1.00E-74 6.26E-41 2.04E-26 3.15E-19 5.33E-15 1.19E-13 3.15E-13
 5.02E-13 7.78E-13 1.07E-12 1.32E-12 1.43E-12 1.43E-12
 1.00E-74 1.00E-74 7.15E-41 2.16E-26 3.13E-19 5.12E-15 1.13E-13 3.00E-13
 4.79E-13 7.44E-13 1.03E-12 1.27E-12 1.38E-12 1.39E-12
  89.7182    7  14 /pl=01:ss=14:pb= 1:sz=14/type=excit/ispb = t/isel =   31
 1.00E+10 1.00E+11 1.00E+12 1.00E+13 1.00E+14 1.00E+15 1.00E+16
 3.88E+00 5.82E+00 9.69E+00 1.94E+01 3.88E+01 9.69E+01 1.94E+02 2.91E+02
 3.88E+02 5.82E+02 9.69E+02 1.94E+03 3.88E+03 5.82E+03
 1.00E-74 1.00E-74 1.00E-74 5.31E-30 2.52E-21 3.17E-16 1.35E-14 4.36E-14
 7.68E-14 1.31E-13 1.94E-13 2.52E-13 2.79E-13 2.83E-13
 1.00E-74 1.00E-74 1.00E-74 5.31E-30 2.52E-21 3.17E-16 1.35E-14 4.36E-14
 7.68E-14 1.31E-13 1.94E-13 2.52E-13 2.79E-13 2.83E-13
 1.00E-74 1.00E-74 1.88E-47 5.31E-30 2.52E-21 3.17E-16 1.35E-14 4.36E-14
 7.68E-14 1.31E-13 1.94E-13 2.52E-13 2.79E-13 2.83E-13
 1.00E-74 1.00E-74 1.69E-47 5.31E-30 2.52E-21 3.17E-16 1.35E-14 4.36E-14
 7.68E-14 1.31E-13 1.94E-13 2.52E-13 2.79E-13 2.83E-13
 1.00E-74 1.00E-74 1.69E-47 5.31E-30 2.52E-21 3.16E-16 1.35E-14 4.36E-14
 7.68E-14 1.31E-13 1.94E-13 2.52E-13 2.79E-13 2.83E-13
 1.00E-74 1.00E-74 1.71E-47 5.33E-30 2.51E-21 3.14E-16 1.34E-14 4.33E-14
 7.62E-14 1.30E-13 1.93E-13 2.51E-13 2.77E-13 2.81E-13
 1.00E-74 1.00E-74 1.85E-47 5.41E-30 2.41E-21 2.94E-16 1.25E-14 4.05E-14
 7.14E-14 1.22E-13 1.82E-13 2.37E-13 2.64E-13 2.69E-13
  92.7046    7  14 /pl=01:ss=14:pb= 1:sz=14/type=excit/ispb = t/isel =   32
 1.00E+10 1.00E+11 1.00E+12 1.00E+13 1.00E+14 1.00E+15 1.00E+16
 3.88E+00 5.82E+00 9.69E+00 1.94E+01 3.88E+01 9.69E+01 1.94E+02 2.91E+02
 3.88E+02 5.82E+02 9.69E+02 1.94E+03 3.88E+03 5.82E+03
 1.00E-74 1.00E-74 1.00E-74 5.37E-30 2.57E-21 3.22E-16 1.33E-14 4.24E-14
 7.23E-14 1.16E-13 1.56E-13 1.68E-13 1.46E-13 1.29E-13
 1.00E-74 1.00E-74 1.00E-74 5.37E-30 2.57E-21 3.22E-16 1.33E-14 4.24E-14
 7.23E-14 1.16E-13 1.56E-13 1.68E-13 1.46E-13 1.29E-13
 1.00E-74 1.00E-74 1.00E-74 5.37E-30 2.57E-21 3.22E-16 1.33E-14 4.24E-14
 7.23E-14 1.16E-13 1.56E-13 1.68E-13 1.46E-13 1.29E-13
 1.00E-74 1.00E-74 1.55E-47 5.37E-30 2.57E-21 3.22E-16 1.33E-14 4.24E-14
 7.23E-14 1.16E-13 1.56E-13 1.68E-13 1.46E-13 1.29E-13
 1.00E-74 1.00E-74 1.66E-47 5.39E-30 2.57E-21 3.23E-16 1.33E-14 4.24E-14
 7.24E-14 1.16E-13 1.56E-13 1.68E-13 1.46E-13 1.29E-13
 1.00E-74 1.00E-74 1.76E-47 5.57E-30 2.62E-21 3.26E-16 1.34E-14 4.27E-14
 7.27E-14 1.17E-13 1.57E-13 1.69E-13 1.47E-13 1.29E-13
 1.00E-74 1.00E-74 2.56E-47 7.22E-30 3.08E-21 3.55E-16 1.42E-14 4.49E-14
 7.62E-14 1.22E-13 1.64E-13 1.77E-13 1.55E-13 1.36E-13
  93.7441    7  14 /pl=01:ss=14:pb= 1:sz=14/type=excit/ispb = t/isel =   33
 1.00E+10 1.00E+11 1.00E+12 1.00E+13 1.00E+14 1.00E+15 1.00E+16
 3.88E+00 5.82E+00 9.69E+00 1.94E+01 3.88E+01 9.69E+01 1.94E+02 2.91E+02
 3.88E+02 5.82E+02 9.69E+02 1.94E+03 3.88E+03 5.82E+03
 1.00E-74 1.00E-74 1.00E-74 4.72E-30 2.17E-21 2.67E-16 1.10E-14 3.50E-14
 5.99E-14 9.73E-14 1.32E-13 1.44E-13 1.29E-13 1.15E-13
 1.00E-74 1.00E-74 1.00E-74 4.72E-30 2.17E-21 2.67E-16 1.10E-14 3.50E-14
 5.99E-14 9.73E-14 1.32E-13 1.44E-13 1.29E-13 1.15E-13
 1.00E-74 1.00E-74 2.19E-47 4.72E-30 2.17E-21 2.67E-16 1.10E-14 3.50E-14
 5.99E-14 9.73E-14 1.32E-13 1.44E-13 1.29E-13 1.15E-13
 1.00E-74 1.00E-74 1.53E-47 4.72E-30 2.17E-21 2.67E-16 1.10E-14 3.49E-14
 5.99E-14 9.72E-14 1.32E-13 1.44E-13 1.29E-13 1.15E-13
 1.00E-74 1.00E-74 1.57E-47 4.71E-30 2.17E-21 2.67E-16 1.10E-14 3.49E-14
 5.98E-14 9.71E-14 1.32E-13 1.44E-13 1.29E-13 1.15E-13
 1.00E-74 1.00E-74 1.55E-47 4.64E-30 2.13E-21 2.62E-16 1.08E-14 3.44E-14
 5.91E-14 9.61E-14 1.31E-13 1.43E-13 1.29E-13 1.14E-13
 1.00E-74 1.00E-74 1.40E-47 4.05E-30 1.81E-21 2.24E-16 9.41E-15 3.03E-14
 5.25E-14 8.66E-14 1.20E-13 1.34E-13 1.23E-13 1.10E-13
  107.749    7  14 /pl=01:ss=14:pb= 1:sz=14/type=excit/ispb = t/isel =   34
 1.00E+10 1.00E+11 1.00E+12 1.00E+13 1.00E+14 1.00E+15 1.00E+16
 3.88E+00 5.82E+00 9.69E+00 1.94E+01 3.88E+01 9.69E+01 1.94E+02 2.91E+02
 3.88E+02 5.82E+02 9.69E+02 1.94E+03 3.88E+03 5.82E+03
 1.00E-74 1.00E-74 1.00E-74 3.13E-29 8.25E-21 7.38E-16 2.79E-14 8.73E-14
 1.51E-13 2.51E-13 3.67E-13 4.72E-13 5.17E-13 5.22E-13
 1.00E-74 1.00E-74 2.91E-46 3.13E-29 8.25E-21 7.38E-16 2.79E-14 8.73E-14
 1.51E-13 2.51E-13 3.67E-13 4.72E-13 5.17E-13 5.22E-13
 1.00E-74 1.00E-74 3.21E-46 3.13E-29 8.25E-21 7.38E-16 2.79E-14 8.73E-14
 1.51E-13 2.51E-13 3.67E-13 4.72E-13 5.17E-13 5.22E-13
 1.00E-74 1.00E-74 3.24E-46 3.13E-29 8.25E-21 7.38E-16 2.79E-14 8.73E-14
 1.51E-13 2.51E-13 3.67E-13 4.71E-13 5.17E-13 5.22E-13
 1.00E-74 1.00E-74 3.25E-46 3.13E-29 8.25E-21 7.38E-16 2.78E-14 8.72E-14
 1.51E-13 2.51E-13 3.67E-13 4.71E-13 5.17E-13 5.22E-13
 1.00E-74 1.00E-74 3.29E-46 3.14E-29 8.24E-21 7.33E-16 2.77E-14 8.67E-14
 1.50E-13 2.50E-13 3.65E-13 4.69E-13 5.14E-13 5.20E-13
 1.00E-74 1.00E-74 3.67E-46 3.26E-29 8.07E-21 6.95E-16 2.61E-14 8.19E-14
 1.42E-13 2.37E-13 3.47E-13 4.49E-13 4.95E-13 5.02E-13
  111.732    7  14 /pl=01:ss=14:pb= 1:sz=14/type=excit/ispb = t/isel =   35
 1.00E+10 1.00E+11 1.00E+12 1.00E+13 1.00E+14 1.00E+15 1.00E+16
 3.88E+00 5.82E+00 9.69E+00 1.94E+01 3.88E+01 9.69E+01 1.94E+02 2.91E+02
 3.88E+02 5.82E+02 9.69E+02 1.94E+03 3.88E+03 5.82E+03
 1.00E-74 1.00E-74 1.00E-74 3.08E-29 8.24E-21 7.30E-16 2.68E-14 8.20E-14
 1.38E-13 2.18E-13 2.88E-13 3.06E-13 2.68E-13 2.36E-13
 1.00E-74 1.00E-74 6.14E-46 3.08E-29 8.24E-21 7.30E-16 2.68E-14 8.20E-14
 1.38E-13 2.18E-13 2.88E-13 3.06E-13 2.68E-13 2.36E-13
 1.00E-74 1.00E-74 3.07E-46 3.08E-29 8.24E-21 7.30E-16 2.68E-14 8.20E-14
 1.38E-13 2.18E-13 2.88E-13 3.06E-13 2.68E-13 2.36E-13
 1.00E-74 1.00E-74 3.07E-46 3.08E-29 8.24E-21 7.30E-16 2.68E-14 8.20E-14
 1.38E-13 2.18E-13 2.88E-13 3.06E-13 2.68E-13 2.36E-13
 1.00E-74 1.00E-74 3.09E-46 3.09E-29 8.25E-21 7.30E-16 2.68E-14 8.20E-14
 1.38E-13 2.18E-13 2.88E-13 3.06E-13 2.68E-13 2.36E-13
 1.00E-74 1.00E-74 3.23E-46 3.18E-29 8.38E-21 7.35E-16 2.69E-14 8.23E-14
 1.38E-13 2.19E-13 2.89E-13 3.07E-13 2.69E-13 2.37E-13
 1.00E-74 1.00E-74 4.53E-46 3.97E-29 9.52E-21 7.80E-16 2.79E-14 8.48E-14
 1.42E-13 2.24E-13 2.96E-13 3.16E-13 2.78E-13 2.45E-13
  114.175    7  14 /pl=01:ss=14:pb= 1:sz=14/type=excit/ispb = t/isel =   36
 1.00E+10 1.00E+11 1.00E+12 1.00E+13 1.00E+14 1.00E+15 1.00E+16
 3.88E+00 5.82E+00 9.69E+00 1.94E+01 3.88E+01 9.69E+01 1.94E+02 2.91E+02
 3.88E+02 5.82E+02 9.69E+02 1.94E+03 3.88E+03 5.82E+03
 1.00E-74 1.00E-74 1.00E-74 3.14E-29 7.91E-21 6.79E-16 2.49E-14 7.64E-14
 1.28E-13 2.05E-13 2.73E-13 2.98E-13 2.69E-13 2.40E-13
 1.00E-74 1.00E-74 3.67E-46 3.14E-29 7.91E-21 6.79E-16 2.49E-14 7.64E-14
 1.28E-13 2.05E-13 2.73E-13 2.98E-13 2.69E-13 2.40E-13
 1.00E-74 1.00E-74 3.67E-46 3.14E-29 7.91E-21 6.79E-16 2.49E-14 7.64E-14
 1.28E-13 2.05E-13 2.73E-13 2.98E-13 2.69E-13 2.40E-13
 1.00E-74 1.00E-74 3.52E-46 3.14E-29 7.91E-21 6.79E-16 2.49E-14 7.63E-14
 1.28E-13 2.05E-13 2.73E-13 2.98E-13 2.69E-13 2.40E-13
 1.00E-74 1.00E-74 3.53E-46 3.14E-29 7.90E-21 6.78E-16 2.49E-14 7.63E-14
 1.28E-13 2.04E-13 2.73E-13 2.98E-13 2.69E-13 2.40E-13
 1.00E-74 1.00E-74 3.52E-46 3.12E-29 7.81E-21 6.70E-16 2.46E-14 7.55E-14
 1.26E-13 2.03E-13 2.71E-13 2.96E-13 2.68E-13 2.39E-13
 1.00E-74 1.00E-74 3.41E-46 2.90E-29 7.03E-21 5.97E-16 2.21E-14 6.85E-14
 1.15E-13 1.87E-13 2.53E-13 2.80E-13 2.57E-13 2.31E-13
  116.100    7  14 /pl=01:ss=14:pb= 1:sz=14/type=excit/ispb = t/isel =   37
 1.00E+10 1.00E+11 1.00E+12 1.00E+13 1.00E+14 1.00E+15 1.00E+16
 3.88E+00 5.82E+00 9.69E+00 1.94E+01 3.88E+01 9.69E+01 1.94E+02 2.91E+02
 3.88E+02 5.82E+02 9.69E+02 1.94E+03 3.88E+03 5.82E+03
 1.00E-74 1.00E-74 1.00E-74 9.72E-30 2.56E-21 2.29E-16 8.65E-15 2.71E-14
 4.68E-14 7.80E-14 1.14E-13 1.46E-13 1.60E-13 1.62E-13
 1.00E-74 1.00E-74 9.05E-47 9.72E-30 2.56E-21 2.29E-16 8.65E-15 2.71E-14
 4.68E-14 7.80E-14 1.14E-13 1.46E-13 1.60E-13 1.62E-13
 1.00E-74 1.00E-74 9.96E-47 9.72E-30 2.56E-21 2.29E-16 8.65E-15 2.71E-14
 4.68E-14 7.80E-14 1.14E-13 1.46E-13 1.60E-13 1.62E-13
 1.00E-74 1.00E-74 1.00E-46 9.72E-30 2.56E-21 2.29E-16 8.65E-15 2.71E-14
 4.68E-14 7.80E-14 1.14E-13 1.46E-13 1.60E-13 1.62E-13
 1.00E-74 1.00E-74 1.01E-46 9.72E-30 2.56E-21 2.29E-16 8.65E-15 2.71E-14
 4.68E-14 7.80E-14 1.14E-13 1.46E-13 1.60E-13 1.62E-13
 1.00E-74 1.00E-74 1.02E-46 9.76E-30 2.56E-21 2.28E-16 8.59E-15 2.69E-14
 4.65E-14 7.75E-14 1.13E-13 1.46E-13 1.60E-13 1.62E-13
 1.00E-74 1.00E-74 1.14E-46 1.01E-29 2.51E-21 2.16E-16 8.11E-15 2.54E-14
 4.40E-14 7.35E-14 1.08E-13 1.39E-13 1.54E-13 1.56E-13
  162.015    7  14 /pl=01:ss=14:pb= 1:sz=14/type=excit/ispb = t/isel =   38
 1.00E+10 1.00E+11 1.00E+12 1.00E+13 1.00E+14 1.00E+15 1.00E+16
 3.88E+00 5.82E+00 9.69E+00 1.94E+01 3.88E+01 9.69E+01 1.94E+02 2.91E+02
 3.88E+02 5.82E+02 9.69E+02 1.94E+03 3.88E+03 5.82E+03
 1.00E-74 1.00E-74 3.20E-44 4.39E-28 4.32E-20 2.18E-15 6.83E-14 2.02E-13
 3.37E-13 5.49E-13 7.84E-13 9.89E-13 1.08E-12 1.08E-12
 1.00E-74 1.00E-74 3.33E-44 4.39E-28 4.32E-20 2.18E-15 6.83E-14 2.02E-13
 3.37E-13 5.49E-13 7.84E-13 9.89E-13 1.08E-12 1.08E-12
 1.00E-74 1.00E-74 3.32E-44 4.39E-28 4.32E-20 2.18E-15 6.83E-14 2.02E-13
 3.37E-13 5.49E-13 7.84E-13 9.89E-13 1.08E-12 1.08E-12
 1.00E-74 1.00E-74 3.32E-44 4.39E-28 4.32E-20 2.18E-15 6.83E-14 2.02E-13
 3.37E-13 5.49E-13 7.84E-13 9.89E-13 1.08E-12 1.08E-12
 1.00E-74 1.00E-74 3.32E-44 4.39E-28 4.32E-20 2.18E-15 6.82E-14 2.01E-13
 3.37E-13 5.49E-13 7.83E-13 9.89E-13 1.08E-12 1.08E-12
 1.00E-74 1.00E-74 3.37E-44 4.41E-28 4.32E-20 2.16E-15 6.78E-14 2.00E-13
 3.35E-13 5.46E-13 7.80E-13 9.85E-13 1.07E-12 1.08E-12
 1.00E-74 1.00E-74 3.80E-44 4.63E-28 4.27E-20 2.07E-15 6.44E-14 1.90E-13
 3.19E-13 5.20E-13 7.46E-13 9.46E-13 1.04E-12 1.05E-12
  169.557    7  14 /pl=01:ss=14:pb= 1:sz=14/type=excit/ispb = t/isel =   39
 1.00E+10 1.00E+11 1.00E+12 1.00E+13 1.00E+14 1.00E+15 1.00E+16
 3.88E+00 5.82E+00 9.69E+00 1.94E+01 3.88E+01 9.69E+01 1.94E+02 2.91E+02
 3.88E+02 5.82E+02 9.69E+02 1.94E+03 3.88E+03 5.82E+03
 1.00E-74 1.00E-74 3.04E-44 4.30E-28 4.33E-20 2.14E-15 6.51E-14 1.86E-13
 3.03E-13 4.66E-13 6.01E-13 6.30E-13 5.49E-13 4.83E-13
 1.00E-74 1.00E-74 3.04E-44 4.30E-28 4.33E-20 2.14E-15 6.51E-14 1.86E-13
 3.03E-13 4.66E-13 6.01E-13 6.30E-13 5.49E-13 4.83E-13
 1.00E-74 1.00E-74 3.02E-44 4.30E-28 4.33E-20 2.14E-15 6.51E-14 1.86E-13
 3.03E-13 4.66E-13 6.01E-13 6.30E-13 5.49E-13 4.83E-13
 1.00E-74 1.00E-74 3.02E-44 4.30E-28 4.33E-20 2.14E-15 6.51E-14 1.86E-13
 3.03E-13 4.66E-13 6.01E-13 6.30E-13 5.49E-13 4.83E-13
 1.00E-74 1.00E-74 3.04E-44 4.31E-28 4.33E-20 2.14E-15 6.51E-14 1.86E-13
 3.03E-13 4.66E-13 6.02E-13 6.30E-13 5.49E-13 4.83E-13
 1.00E-74 1.00E-74 3.16E-44 4.42E-28 4.39E-20 2.15E-15 6.53E-14 1.87E-13
 3.04E-13 4.67E-13 6.03E-13 6.32E-13 5.50E-13 4.84E-13
 1.00E-74 1.00E-74 4.32E-44 5.40E-28 4.90E-20 2.25E-15 6.69E-14 1.90E-13
 3.09E-13 4.75E-13 6.13E-13 6.45E-13 5.64E-13 4.98E-13
  179.766    7  14 /pl=01:ss=14:pb= 1:sz=14/type=excit/ispb = t/isel =   40
 1.00E+10 1.00E+11 1.00E+12 1.00E+13 1.00E+14 1.00E+15 1.00E+16
 3.88E+00 5.82E+00 9.69E+00 1.94E+01 3.88E+01 9.69E+01 1.94E+02 2.91E+02
 3.88E+02 5.82E+02 9.69E+02 1.94E+03 3.88E+03 5.82E+03
 1.00E-74 1.00E-74 4.82E-44 5.75E-28 5.28E-20 2.50E-15 7.54E-14 2.17E-13
 3.53E-13 5.47E-13 7.18E-13 7.78E-13 7.04E-13 6.34E-13
 1.00E-74 1.00E-74 5.02E-44 5.75E-28 5.28E-20 2.50E-15 7.54E-14 2.17E-13
 3.53E-13 5.47E-13 7.18E-13 7.78E-13 7.04E-13 6.34E-13
 1.00E-74 1.00E-74 4.99E-44 5.75E-28 5.28E-20 2.50E-15 7.54E-14 2.17E-13
 3.53E-13 5.47E-13 7.18E-13 7.78E-13 7.04E-13 6.34E-13
 1.00E-74 1.00E-74 4.99E-44 5.75E-28 5.28E-20 2.50E-15 7.54E-14 2.17E-13
 3.53E-13 5.47E-13 7.18E-13 7.78E-13 7.04E-13 6.34E-13
 1.00E-74 1.00E-74 4.99E-44 5.75E-28 5.27E-20 2.50E-15 7.53E-14 2.17E-13
 3.53E-13 5.47E-13 7.18E-13 7.78E-13 7.03E-13 6.34E-13
 1.00E-74 1.00E-74 4.99E-44 5.72E-28 5.22E-20 2.48E-15 7.46E-14 2.15E-13
 3.50E-13 5.42E-13 7.13E-13 7.74E-13 7.00E-13 6.31E-13
 1.00E-74 1.00E-74 4.98E-44 5.47E-28 4.81E-20 2.25E-15 6.81E-14 1.97E-13
 3.23E-13 5.04E-13 6.70E-13 7.35E-13 6.73E-13 6.10E-13
  181.661    7  14 /pl=01:ss=14:pb= 1:sz=14/type=excit/ispb = t/isel =   41
 1.00E+10 1.00E+11 1.00E+12 1.00E+13 1.00E+14 1.00E+15 1.00E+16
 3.88E+00 5.82E+00 9.69E+00 1.94E+01 3.88E+01 9.69E+01 1.94E+02 2.91E+02
 3.88E+02 5.82E+02 9.69E+02 1.94E+03 3.88E+03 5.82E+03
 1.00E-74 1.00E-74 1.29E-44 1.78E-28 1.75E-20 8.82E-16 2.76E-14 8.16E-14
 1.37E-13 2.22E-13 3.17E-13 4.00E-13 4.36E-13 4.38E-13
 1.00E-74 1.00E-74 1.35E-44 1.78E-28 1.75E-20 8.82E-16 2.76E-14 8.16E-14
 1.37E-13 2.22E-13 3.17E-13 4.00E-13 4.36E-13 4.38E-13
 1.00E-74 1.00E-74 1.34E-44 1.78E-28 1.75E-20 8.82E-16 2.76E-14 8.16E-14
 1.37E-13 2.22E-13 3.17E-13 4.00E-13 4.36E-13 4.38E-13
 1.00E-74 1.00E-74 1.34E-44 1.78E-28 1.75E-20 8.82E-16 2.76E-14 8.16E-14
 1.37E-13 2.22E-13 3.17E-13 4.00E-13 4.36E-13 4.38E-13
 1.00E-74 1.00E-74 1.35E-44 1.78E-28 1.75E-20 8.81E-16 2.76E-14 8.16E-14
 1.37E-13 2.22E-13 3.17E-13 4.00E-13 4.36E-13 4.38E-13
 1.00E-74 1.00E-74 1.36E-44 1.79E-28 1.75E-20 8.77E-16 2.75E-14 8.11E-14
 1.36E-13 2.21E-13 3.16E-13 3.99E-13 4.34E-13 4.37E-13
 1.00E-74 1.00E-74 1.54E-44 1.88E-28 1.73E-20 8.37E-16 2.61E-14 7.70E-14
 1.29E-13 2.11E-13 3.02E-13 3.83E-13 4.20E-13 4.24E-13
  193.147    7  14 /pl=01:ss=14:pb= 1:sz=14/type=excit/ispb = t/isel =   42
 1.00E+10 1.00E+11 1.00E+12 1.00E+13 1.00E+14 1.00E+15 1.00E+16
 3.88E+00 5.82E+00 9.69E+00 1.94E+01 3.88E+01 9.69E+01 1.94E+02 2.91E+02
 3.88E+02 5.82E+02 9.69E+02 1.94E+03 3.88E+03 5.82E+03
 1.00E-74 1.00E-74 1.00E-74 2.83E-30 1.34E-21 1.69E-16 7.18E-15 2.33E-14
 4.10E-14 7.00E-14 1.04E-13 1.35E-13 1.49E-13 1.51E-13
 1.00E-74 1.00E-74 1.00E-74 2.83E-30 1.34E-21 1.69E-16 7.18E-15 2.33E-14
 4.10E-14 7.00E-14 1.04E-13 1.35E-13 1.49E-13 1.51E-13
 1.00E-74 1.00E-74 1.00E-47 2.83E-30 1.34E-21 1.69E-16 7.18E-15 2.33E-14
 4.10E-14 7.00E-14 1.04E-13 1.35E-13 1.49E-13 1.51E-13
 1.00E-74 1.00E-74 9.02E-48 2.83E-30 1.34E-21 1.69E-16 7.18E-15 2.33E-14
 4.10E-14 7.00E-14 1.04E-13 1.35E-13 1.49E-13 1.51E-13
 1.00E-74 1.00E-74 9.02E-48 2.83E-30 1.34E-21 1.69E-16 7.18E-15 2.33E-14
 4.10E-14 6.99E-14 1.04E-13 1.34E-13 1.49E-13 1.51E-13
 1.00E-74 1.00E-74 9.12E-48 2.84E-30 1.34E-21 1.68E-16 7.13E-15 2.31E-14
 4.07E-14 6.95E-14 1.03E-13 1.34E-13 1.48E-13 1.50E-13
 1.00E-74 1.00E-74 9.88E-48 2.89E-30 1.29E-21 1.57E-16 6.65E-15 2.16E-14
 3.81E-14 6.53E-14 9.69E-14 1.27E-13 1.41E-13 1.44E-13
  199.184    7  14 /pl=01:ss=14:pb= 1:sz=14/type=excit/ispb = t/isel =   43
 1.00E+10 1.00E+11 1.00E+12 1.00E+13 1.00E+14 1.00E+15 1.00E+16
 3.88E+00 5.82E+00 9.69E+00 1.94E+01 3.88E+01 9.69E+01 1.94E+02 2.91E+02
 3.88E+02 5.82E+02 9.69E+02 1.94E+03 3.88E+03 5.82E+03
 1.00E-74 1.00E-74 1.00E-74 2.78E-30 1.33E-21 1.67E-16 6.89E-15 2.20E-14
 3.75E-14 6.02E-14 8.08E-14 8.69E-14 7.58E-14 6.66E-14
 1.00E-74 1.00E-74 1.00E-74 2.78E-30 1.33E-21 1.67E-16 6.89E-15 2.20E-14
 3.75E-14 6.02E-14 8.08E-14 8.69E-14 7.58E-14 6.66E-14
 1.00E-74 1.00E-74 1.00E-74 2.78E-30 1.33E-21 1.67E-16 6.89E-15 2.20E-14
 3.75E-14 6.02E-14 8.08E-14 8.69E-14 7.58E-14 6.66E-14
 1.00E-74 1.00E-74 8.02E-48 2.78E-30 1.33E-21 1.67E-16 6.89E-15 2.20E-14
 3.75E-14 6.02E-14 8.08E-14 8.69E-14 7.58E-14 6.66E-14
 1.00E-74 1.00E-74 8.62E-48 2.79E-30 1.33E-21 1.67E-16 6.90E-15 2.20E-14
 3.75E-14 6.03E-14 8.08E-14 8.69E-14 7.58E-14 6.67E-14
 1.00E-74 1.00E-74 9.10E-48 2.89E-30 1.36E-21 1.69E-16 6.95E-15 2.21E-14
 3.77E-14 6.06E-14 8.12E-14 8.74E-14 7.62E-14 6.71E-14
 1.00E-74 1.00E-74 1.33E-47 3.74E-30 1.60E-21 1.84E-16 7.38E-15 2.32E-14
 3.95E-14 6.33E-14 8.48E-14 9.15E-14 8.02E-14 7.07E-14
  204.046    7  14 /pl=01:ss=14:pb= 1:sz=14/type=excit/ispb = t/isel =   44
 1.00E+10 1.00E+11 1.00E+12 1.00E+13 1.00E+14 1.00E+15 1.00E+16
 3.88E+00 5.82E+00 9.69E+00 1.94E+01 3.88E+01 9.69E+01 1.94E+02 2.91E+02
 3.88E+02 5.82E+02 9.69E+02 1.94E+03 3.88E+03 5.82E+03
 1.00E-74 1.00E-74 1.00E-74 3.48E-30 1.60E-21 1.97E-16 8.11E-15 2.58E-14
 4.41E-14 7.17E-14 9.72E-14 1.06E-13 9.52E-14 8.46E-14
 1.00E-74 1.00E-74 1.00E-74 3.48E-30 1.60E-21 1.97E-16 8.11E-15 2.58E-14
 4.41E-14 7.17E-14 9.72E-14 1.06E-13 9.52E-14 8.46E-14
 1.00E-74 1.00E-74 1.61E-47 3.48E-30 1.60E-21 1.97E-16 8.11E-15 2.58E-14
 4.41E-14 7.17E-14 9.72E-14 1.06E-13 9.52E-14 8.46E-14
 1.00E-74 1.00E-74 1.13E-47 3.48E-30 1.60E-21 1.97E-16 8.11E-15 2.58E-14
 4.41E-14 7.17E-14 9.72E-14 1.06E-13 9.52E-14 8.46E-14
 1.00E-74 1.00E-74 1.16E-47 3.47E-30 1.60E-21 1.97E-16 8.10E-15 2.57E-14
 4.41E-14 7.16E-14 9.71E-14 1.06E-13 9.52E-14 8.46E-14
 1.00E-74 1.00E-74 1.14E-47 3.42E-30 1.57E-21 1.93E-16 7.98E-15 2.54E-14
 4.35E-14 7.08E-14 9.62E-14 1.06E-13 9.47E-14 8.43E-14
 1.00E-74 1.00E-74 1.03E-47 2.99E-30 1.34E-21 1.65E-16 6.94E-15 2.24E-14
 3.87E-14 6.39E-14 8.82E-14 9.90E-14 9.06E-14 8.13E-14
  301.914    7  14 /pl=01:ss=14:pb= 1:sz=14/type=excit/ispb = t/isel =   45
 1.00E+10 1.00E+11 1.00E+12 1.00E+13 1.00E+14 1.00E+15 1.00E+16
 3.88E+00 5.82E+00 9.69E+00 1.94E+01 3.88E+01 9.69E+01 1.94E+02 2.91E+02
 3.88E+02 5.82E+02 9.69E+02 1.94E+03 3.88E+03 5.82E+03
 1.00E-74 1.00E-74 1.00E-74 1.56E-29 4.13E-21 3.69E-16 1.39E-14 4.36E-14
 7.53E-14 1.26E-13 1.84E-13 2.36E-13 2.58E-13 2.61E-13
 1.00E-74 1.00E-74 1.46E-46 1.56E-29 4.13E-21 3.69E-16 1.39E-14 4.36E-14
 7.53E-14 1.26E-13 1.84E-13 2.36E-13 2.58E-13 2.61E-13
 1.00E-74 1.00E-74 1.60E-46 1.56E-29 4.13E-21 3.69E-16 1.39E-14 4.36E-14
 7.53E-14 1.26E-13 1.84E-13 2.36E-13 2.58E-13 2.61E-13
 1.00E-74 1.00E-74 1.62E-46 1.56E-29 4.13E-21 3.69E-16 1.39E-14 4.36E-14
 7.53E-14 1.26E-13 1.84E-13 2.36E-13 2.58E-13 2.61E-13
 1.00E-74 1.00E-74 1.63E-46 1.56E-29 4.13E-21 3.69E-16 1.39E-14 4.36E-14
 7.53E-14 1.26E-13 1.83E-13 2.36E-13 2.58E-13 2.61E-13
 1.00E-74 1.00E-74 1.65E-46 1.57E-29 4.12E-21 3.67E-16 1.38E-14 4.33E-14
 7.48E-14 1.25E-13 1.82E-13 2.35E-13 2.57E-13 2.60E-13
 1.00E-74 1.00E-74 1.83E-46 1.63E-29 4.04E-21 3.48E-16 1.31E-14 4.09E-14
 7.08E-14 1.18E-13 1.74E-13 2.24E-13 2.48E-13 2.51E-13
  314.122    7  14 /pl=01:ss=14:pb= 1:sz=14/type=excit/ispb = t/isel =   46
 1.00E+10 1.00E+11 1.00E+12 1.00E+13 1.00E+14 1.00E+15 1.00E+16
 3.88E+00 5.82E+00 9.69E+00 1.94E+01 3.88E+01 9.69E+01 1.94E+02 2.91E+02
 3.88E+02 5.82E+02 9.69E+02 1.94E+03 3.88E+03 5.82E+03
 1.00E-74 1.00E-74 1.00E-74 1.49E-29 3.99E-21 3.53E-16 1.30E-14 3.97E-14
 6.67E-14 1.06E-13 1.39E-13 1.48E-13 1.30E-13 1.14E-13
 1.00E-74 1.00E-74 2.97E-46 1.49E-29 3.99E-21 3.53E-16 1.30E-14 3.97E-14
 6.67E-14 1.06E-13 1.39E-13 1.48E-13 1.30E-13 1.14E-13
 1.00E-74 1.00E-74 1.49E-46 1.49E-29 3.99E-21 3.53E-16 1.30E-14 3.97E-14
 6.67E-14 1.06E-13 1.39E-13 1.48E-13 1.30E-13 1.14E-13
 1.00E-74 1.00E-74 1.49E-46 1.49E-29 3.99E-21 3.53E-16 1.30E-14 3.97E-14
 6.67E-14 1.06E-13 1.39E-13 1.48E-13 1.30E-13 1.14E-13
 1.00E-74 1.00E-74 1.50E-46 1.50E-29 3.99E-21 3.53E-16 1.30E-14 3.97E-14
 6.67E-14 1.06E-13 1.39E-13 1.48E-13 1.30E-13 1.14E-13
 1.00E-74 1.00E-74 1.56E-46 1.54E-29 4.06E-21 3.56E-16 1.30E-14 3.98E-14
 6.69E-14 1.06E-13 1.40E-13 1.49E-13 1.30E-13 1.14E-13
 1.00E-74 1.00E-74 2.19E-46 1.92E-29 4.61E-21 3.78E-16 1.35E-14 4.11E-14
 6.87E-14 1.09E-13 1.43E-13 1.53E-13 1.35E-13 1.19E-13
  334.226    7  14 /pl=01:ss=14:pb= 1:sz=14/type=excit/ispb = t/isel =   47
 1.00E+10 1.00E+11 1.00E+12 1.00E+13 1.00E+14 1.00E+15 1.00E+16
 3.88E+00 5.82E+00 9.69E+00 1.94E+01 3.88E+01 9.69E+01 1.94E+02 2.91E+02
 3.88E+02 5.82E+02 9.69E+02 1.94E+03 3.88E+03 5.82E+03
 1.00E-74 1.00E-74 1.00E-74 2.38E-29 5.98E-21 5.13E-16 1.88E-14 5.77E-14
 9.65E-14 1.55E-13 2.07E-13 2.25E-13 2.04E-13 1.82E-13
 1.00E-74 1.00E-74 2.77E-46 2.38E-29 5.98E-21 5.13E-16 1.88E-14 5.77E-14
 9.65E-14 1.55E-13 2.07E-13 2.25E-13 2.04E-13 1.82E-13
 1.00E-74 1.00E-74 2.77E-46 2.38E-29 5.98E-21 5.13E-16 1.88E-14 5.77E-14
 9.65E-14 1.55E-13 2.07E-13 2.25E-13 2.04E-13 1.82E-13
 1.00E-74 1.00E-74 2.66E-46 2.38E-29 5.98E-21 5.13E-16 1.88E-14 5.77E-14
 9.65E-14 1.55E-13 2.07E-13 2.25E-13 2.04E-13 1.82E-13
 1.00E-74 1.00E-74 2.67E-46 2.37E-29 5.97E-21 5.13E-16 1.88E-14 5.76E-14
 9.64E-14 1.55E-13 2.06E-13 2.25E-13 2.04E-13 1.82E-13
 1.00E-74 1.00E-74 2.66E-46 2.35E-29 5.91E-21 5.06E-16 1.86E-14 5.70E-14
 9.55E-14 1.53E-13 2.05E-13 2.24E-13 2.03E-13 1.81E-13
 1.00E-74 1.00E-74 2.58E-46 2.19E-29 5.32E-21 4.51E-16 1.67E-14 5.18E-14
 8.72E-14 1.41E-13 1.91E-13 2.12E-13 1.94E-13 1.75E-13
  335.877    7  14 /pl=01:ss=14:pb= 1:sz=14/type=excit/ispb = t/isel =   48
 1.00E+10 1.00E+11 1.00E+12 1.00E+13 1.00E+14 1.00E+15 1.00E+16
 3.88E+00 5.82E+00 9.69E+00 1.94E+01 3.88E+01 9.69E+01 1.94E+02 2.91E+02
 3.88E+02 5.82E+02 9.69E+02 1.94E+03 3.88E+03 5.82E+03
 1.00E-74 1.00E-74 1.00E-74 9.79E-30 2.58E-21 2.31E-16 8.72E-15 2.73E-14
 4.71E-14 7.86E-14 1.15E-13 1.48E-13 1.62E-13 1.63E-13
 1.00E-74 1.00E-74 9.12E-47 9.79E-30 2.58E-21 2.31E-16 8.72E-15 2.73E-14
 4.71E-14 7.86E-14 1.15E-13 1.48E-13 1.62E-13 1.63E-13
 1.00E-74 1.00E-74 1.00E-46 9.79E-30 2.58E-21 2.31E-16 8.72E-15 2.73E-14
 4.71E-14 7.86E-14 1.15E-13 1.48E-13 1.62E-13 1.63E-13
 1.00E-74 1.00E-74 1.01E-46 9.79E-30 2.58E-21 2.31E-16 8.72E-15 2.73E-14
 4.71E-14 7.86E-14 1.15E-13 1.48E-13 1.62E-13 1.63E-13
 1.00E-74 1.00E-74 1.02E-46 9.80E-30 2.58E-21 2.31E-16 8.72E-15 2.73E-14
 4.71E-14 7.86E-14 1.15E-13 1.47E-13 1.62E-13 1.63E-13
 1.00E-74 1.00E-74 1.03E-46 9.84E-30 2.58E-21 2.30E-16 8.66E-15 2.71E-14
 4.68E-14 7.81E-14 1.14E-13 1.47E-13 1.61E-13 1.63E-13
 1.00E-74 1.00E-74 1.15E-46 1.02E-29 2.53E-21 2.18E-16 8.17E-15 2.56E-14
 4.43E-14 7.41E-14 1.09E-13 1.40E-13 1.55E-13 1.57E-13
  390.264    7  14 /pl=01:ss=14:pb= 1:sz=14/type=excit/ispb = t/isel =   49
 1.00E+10 1.00E+11 1.00E+12 1.00E+13 1.00E+14 1.00E+15 1.00E+16
 3.88E+00 5.82E+00 9.69E+00 1.94E+01 3.88E+01 9.69E+01 1.94E+02 2.91E+02
 3.88E+02 5.82E+02 9.69E+02 1.94E+03 3.88E+03 5.82E+03
 1.14E-11 1.42E-10 9.90E-10 3.71E-09 6.29E-09 7.22E-09 6.75E-09 6.22E-09
 5.85E-09 5.30E-09 4.60E-09 3.71E-09 2.90E-09 2.51E-09
 1.14E-11 1.42E-10 9.90E-10 3.71E-09 6.29E-09 7.22E-09 6.75E-09 6.22E-09
 5.85E-09 5.30E-09 4.60E-09 3.71E-09 2.90E-09 2.51E-09
 1.14E-11 1.42E-10 9.90E-10 3.71E-09 6.29E-09 7.22E-09 6.75E-09 6.22E-09
 5.85E-09 5.30E-09 4.60E-09 3.71E-09 2.90E-09 2.51E-09
 1.14E-11 1.42E-10 9.90E-10 3.71E-09 6.29E-09 7.22E-09 6.75E-09 6.22E-09
 5.85E-09 5.30E-09 4.60E-09 3.70E-09 2.90E-09 2.51E-09
 1.14E-11 1.42E-10 9.90E-10 3.71E-09 6.29E-09 7.21E-09 6.74E-09 6.21E-09
 5.85E-09 5.30E-09 4.59E-09 3.70E-09 2.90E-09 2.50E-09
 1.13E-11 1.42E-10 9.85E-10 3.68E-09 6.22E-09 7.12E-09 6.66E-09 6.15E-09
 5.79E-09 5.25E-09 4.56E-09 3.68E-09 2.89E-09 2.49E-09
 1.07E-11 1.36E-10 9.41E-10 3.41E-09 5.59E-09 6.36E-09 6.00E-09 5.58E-09
 5.29E-09 4.83E-09 4.24E-09 3.47E-09 2.76E-09 2.40E-09
  996.684    7  14 /pl=01:ss=14:pb= 1:sz=14/type=excit/ispb = t/isel =   50
 1.00E+10 1.00E+11 1.00E+12 1.00E+13 1.00E+14 1.00E+15 1.00E+16
 3.88E+00 5.82E+00 9.69E+00 1.94E+01 3.88E+01 9.69E+01 1.94E+02 2.91E+02
 3.88E+02 5.82E+02 9.69E+02 1.94E+03 3.88E+03 5.82E+03
 1.00E-74 1.00E-74 3.08E-35 3.13E-24 8.48E-19 1.28E-15 1.31E-14 2.75E-14
 3.93E-14 5.53E-14 7.19E-14 8.62E-14 9.24E-14 9.26E-14
 1.00E-74 1.00E-74 3.08E-35 3.13E-24 8.48E-19 1.28E-15 1.31E-14 2.75E-14
 3.93E-14 5.53E-14 7.19E-14 8.62E-14 9.24E-14 9.26E-14
 1.00E-74 1.00E-74 3.08E-35 3.13E-24 8.48E-19 1.28E-15 1.31E-14 2.75E-14
 3.93E-14 5.53E-14 7.19E-14 8.62E-14 9.24E-14 9.26E-14
 1.00E-74 6.35E-50 3.08E-35 3.13E-24 8.48E-19 1.28E-15 1.31E-14 2.75E-14
 3.93E-14 5.53E-14 7.19E-14 8.62E-14 9.24E-14 9.26E-14
 1.00E-74 5.08E-50 3.09E-35 3.13E-24 8.48E-19 1.28E-15 1.31E-14 2.75E-14
 3.93E-14 5.52E-14 7.19E-14 8.61E-14 9.24E-14 9.26E-14
 1.00E-74 5.46E-50 3.14E-35 3.16E-24 8.50E-19 1.27E-15 1.31E-14 2.74E-14
 3.92E-14 5.50E-14 7.16E-14 8.58E-14 9.21E-14 9.24E-14
 1.00E-74 6.78E-50 3.70E-35 3.44E-24 8.62E-19 1.24E-15 1.26E-14 2.64E-14
 3.76E-14 5.29E-14 6.89E-14 8.28E-14 8.93E-14 8.98E-14
c-------------------------------------------------------------------------------
 
C  root partition information
C  ==========================
C
C  nuclear charge : 18
C  ion charge+1   : 15
C
C  population calculation information
C  ----------------------------------
C
C  population processing code: adas810
C
C  adf04 source file    : adf04_copmm#18_ca_40#ar14_t3.dat
C  adf18/a17_p208 file  : NULL
C
C  meta. ion. coeff. selector  : 
 
C  options  : lnorm =T  lpsel =F  lzsel =T  liosel=F
C           : lhsel =F  lrsel =F  lisel =F  lnsel =F
 
C  energy levels
C  -------------
C
C   lv      configuration    (2S+1)L(w-1/2)      energy (cm^-1)
C  ---   ------------------- --------------      --------------
c    1   22                     (0)0(  0.0)             0.0
c    2   12513                  (0)0(  5.5)        256236.5
c    3   23                     (0)0(  7.0)        617908.6
c    4   12514                  (0)0(  1.5)       3916797.2
c    5   12515                  (0)0(  5.5)       4017129.9
c    6   12516                  (0)0(  9.5)       4083367.3
c    7   12517                  (0)0(  1.5)       5239745.7
c    8   12518                  (0)0(  5.5)       5280326.5
c    9   12519                  (0)0(  9.5)       5306498.8
c   10   1251B                  (0)0(  1.5)       5836606.6
c   11   1251C                  (0)0(  5.5)       5856973.9
c   12   1251D                  (0)0(  9.5)       5870098.4
c   13   1251G                  (0)0(  1.5)       6156172.5
c   14   1251H                  (0)0(  5.5)       6167826.6
c   15   1251I                  (0)0(  9.5)       6175321.6
c   16   1251M                  (0)0(  1.5)       6347060.5
c   17   1251N                  (0)0(  5.5)       6354347.0
c   18   1251O                  (0)0(  9.5)       6359021.8
 
 
 
c-------------------------------------------------------------------------------
 
C  superstage partition information
C  ================================
C
C  element symbol   : Ar
C  parent template  : 
C  partition level  :  1
C  superstage label : 14
C
C  tabulation       : photon emissivity coefft (te,ne)
C  units            : ph. emis coef(cm^3 s^-1); te (ev); ne (cm^-3)
C
C  photon emissivity atomic transitions
C  ------------------------------------
C  
C   isel  wvlen(A)            transition                type  ispb nspb
C                                                             ispp nspp sz    tg pr wr
C  ----- ---------- ----------------------------------- ----- ---- ---- --    -- -- --
C      1   15.7373   17(0)0(  5.5)-  1(0)0(  0.0)       excit   1    1  14    15 23  1
C      2   16.2132   14(0)0(  5.5)-  1(0)0(  0.0)       excit   1    1  14    12 15  2
C      3   16.3860   18(0)0(  9.5)-  2(0)0(  5.5)       excit   1    1  14    31 19  3
C      4   16.4181   16(0)0(  1.5)-  2(0)0(  5.5)       excit   1    1  14    29 34  4
C      5   16.8945   15(0)0(  9.5)-  2(0)0(  5.5)       excit   1    1  14    28 14  5
C      6   16.9493   13(0)0(  1.5)-  2(0)0(  5.5)       excit   1    1  14    26 26  6
C      7   17.0737   11(0)0(  5.5)-  1(0)0(  0.0)       excit   1    1  14     9 11  7
C      8   17.8130   12(0)0(  9.5)-  2(0)0(  5.5)       excit   1    1  14    25  9  8
C      9   17.9200   10(0)0(  1.5)-  2(0)0(  5.5)       excit   1    1  14    23 16  9
C     10   18.9382    8(0)0(  5.5)-  1(0)0(  0.0)       excit   1    1  14     6  6 10
C     11   19.8010    9(0)0(  9.5)-  2(0)0(  5.5)       excit   1    1  14    22  5 11
C     12   20.0662    7(0)0(  1.5)-  2(0)0(  5.5)       excit   1    1  14    20  8 12
C     13   24.8934    5(0)0(  5.5)-  1(0)0(  0.0)       excit   1    1  14     3  3 13
C     14   26.1292    6(0)0(  9.5)-  2(0)0(  5.5)       excit   1    1  14    19  2 14
C     15   27.3182    4(0)0(  1.5)-  2(0)0(  5.5)       excit   1    1  14    17  4 15
C     16   41.0248   17(0)0(  5.5)-  4(0)0(  1.5)       excit   1    1  14    45 27 16
C     17   42.7005   18(0)0(  9.5)-  5(0)0(  5.5)       excit   1    1  14    59 32 17
C     18   42.9197   16(0)0(  1.5)-  5(0)0(  5.5)       excit   1    1  14    57 40 18
C     19   44.4241   14(0)0(  5.5)-  4(0)0(  1.5)       excit   1    1  14    42 20 19
C     20   46.3351   15(0)0(  9.5)-  5(0)0(  5.5)       excit   1    1  14    56 25 20
C     21   46.7499   13(0)0(  1.5)-  5(0)0(  5.5)       excit   1    1  14    54 31 21
C     22   47.9741   14(0)0(  5.5)-  6(0)0(  9.5)       excit   1    1  14    67 47 22
C     23   51.5417   11(0)0(  5.5)-  4(0)0(  1.5)       excit   1    1  14    39 13 23
C     24   53.9675   12(0)0(  9.5)-  5(0)0(  5.5)       excit   1    1  14    53 17 24
C     25   54.9609   10(0)0(  1.5)-  5(0)0(  5.5)       excit   1    1  14    51 21 25
C     26   56.3823   11(0)0(  5.5)-  6(0)0(  9.5)       excit   1    1  14    64 33 26
C     27   73.3391    8(0)0(  5.5)-  4(0)0(  1.5)       excit   1    1  14    36  7 27
C     28   77.5573    9(0)0(  9.5)-  5(0)0(  5.5)       excit   1    1  14    50 10 28
C     29   81.7918    7(0)0(  1.5)-  5(0)0(  5.5)       excit   1    1  14    48 12 29
C     30   83.5450    8(0)0(  5.5)-  6(0)0(  9.5)       excit   1    1  14    61 18 30
C     31   89.7182   17(0)0(  5.5)-  7(0)0(  1.5)       excit   1    1  14    81 37 31
C     32   92.7046   18(0)0(  9.5)-  8(0)0(  5.5)       excit   1    1  14    92 41 32
C     33   93.7441   16(0)0(  1.5)-  8(0)0(  5.5)       excit   1    1  14    90 46 33
C     34   107.749   14(0)0(  5.5)-  7(0)0(  1.5)       excit   1    1  14    78 29 34
C     35   111.732   15(0)0(  9.5)-  8(0)0(  5.5)       excit   1    1  14    89 35 35
C     36   114.175   13(0)0(  1.5)-  8(0)0(  5.5)       excit   1    1  14    87 36 36
C     37   116.100   14(0)0(  5.5)-  9(0)0(  9.5)       excit   1    1  14    97 43 37
C     38   162.015   11(0)0(  5.5)-  7(0)0(  1.5)       excit   1    1  14    75 22 38
C     39   169.557   12(0)0(  9.5)-  8(0)0(  5.5)       excit   1    1  14    86 28 39
C     40   179.766   10(0)0(  1.5)-  8(0)0(  5.5)       excit   1    1  14    84 24 40
C     41   181.661   11(0)0(  5.5)-  9(0)0(  9.5)       excit   1    1  14    94 30 41
C     42   193.147   17(0)0(  5.5)- 10(0)0(  1.5)       excit   1    1  14   108 44 42
C     43   199.184   18(0)0(  9.5)- 11(0)0(  5.5)       excit   1    1  14   116 50 43
C     44   204.046   16(0)0(  1.5)- 11(0)0(  5.5)       excit   1    1  14   114 48 44
C     45   301.914   14(0)0(  5.5)- 10(0)0(  1.5)       excit   1    1  14   105 38 45
C     46   314.122   15(0)0(  9.5)- 11(0)0(  5.5)       excit   1    1  14   113 45 46
C     47   334.226   13(0)0(  1.5)- 11(0)0(  5.5)       excit   1    1  14   111 39 47
C     48   335.877   14(0)0(  5.5)- 12(0)0(  9.5)       excit   1    1  14   118 42 48
C     49   390.264    2(0)0(  5.5)-  1(0)0(  0.0)       excit   1    1  14     1  1 49
C     50   996.684    5(0)0(  5.5)-  4(0)0(  1.5)       excit   1    1  14    33 49 50
c-------------------------------------------------------------------------------
                                                                                
C  code     : adas810
C  producer : Adam Foster
C  date     : 13/05/09
                                                                                
c-------------------------------------------------------------------------------
