   50    /AR: 9 photon emissivity coefficients/
--------------------------------------------------------------------------------
    1    1    1    1    1    1    1    1    1    1    1    1    1    1
    1    1    1    1    1
--------------------------------------------------------------------------------
//#01/p00/ 00/p01/ 01/p02/ 02/p03/ 03/p04/ 04/p05/ 05/p06/ 06/p07/ 07/p08/ 08/  
      p09/ 09/p10/ 10/p11/ 11/p12/ 12/p13/ 13/p14/ 14/p15/ 15/p16/ 16/p17/ 17/  
      p18/ 18/                                                                  
--------------------------------------------------------------------------------
  28.0456    7  14 /pl=01:ss= 9:pb= 1:sz= 9/type=excit/ispb = t/isel =    1
 1.00E+10 1.00E+11 1.00E+12 1.00E+13 1.00E+14 1.00E+15 1.00E+16
 1.72E+00 2.59E+00 4.31E+00 8.62E+00 1.72E+01 4.31E+01 8.62E+01 1.29E+02
 1.72E+02 2.59E+02 4.31E+02 8.62E+02 1.72E+03 2.59E+03
 1.00E-74 1.00E-74 1.00E-74 8.31E-33 8.13E-22 2.50E-15 3.02E-13 1.36E-12
 2.76E-12 5.22E-12 7.91E-12 9.75E-12 1.00E-11 9.83E-12
 1.00E-74 1.00E-74 1.00E-74 8.10E-33 7.81E-22 2.27E-15 2.64E-13 1.18E-12
 2.36E-12 4.44E-12 6.72E-12 8.31E-12 8.56E-12 8.37E-12
 1.00E-74 1.00E-74 1.00E-74 7.09E-33 6.61E-22 1.88E-15 2.23E-13 1.01E-12
 2.04E-12 3.89E-12 5.97E-12 7.45E-12 7.68E-12 7.50E-12
 1.00E-74 1.00E-74 1.00E-74 6.18E-33 5.84E-22 1.77E-15 2.15E-13 9.73E-13
 1.98E-12 3.80E-12 5.85E-12 7.32E-12 7.54E-12 7.35E-12
 1.00E-74 1.00E-74 1.00E-74 6.02E-33 5.72E-22 1.76E-15 2.14E-13 9.70E-13
 1.97E-12 3.79E-12 5.84E-12 7.30E-12 7.52E-12 7.34E-12
 1.00E-74 1.00E-74 1.00E-74 6.02E-33 5.73E-22 1.76E-15 2.14E-13 9.71E-13
 1.98E-12 3.79E-12 5.84E-12 7.31E-12 7.53E-12 7.34E-12
 1.00E-74 1.00E-74 1.00E-74 6.09E-33 5.78E-22 1.78E-15 2.16E-13 9.79E-13
 1.99E-12 3.82E-12 5.88E-12 7.33E-12 7.53E-12 7.34E-12
  29.0590    7  14 /pl=01:ss= 9:pb= 1:sz= 9/type=excit/ispb = t/isel =    2
 1.00E+10 1.00E+11 1.00E+12 1.00E+13 1.00E+14 1.00E+15 1.00E+16
 1.72E+00 2.59E+00 4.31E+00 8.62E+00 1.72E+01 4.31E+01 8.62E+01 1.29E+02
 1.72E+02 2.59E+02 4.31E+02 8.62E+02 1.72E+03 2.59E+03
 1.00E-74 1.00E-74 1.00E-74 5.39E-32 2.16E-21 3.89E-15 3.91E-13 1.67E-12
 3.27E-12 6.01E-12 8.93E-12 1.08E-11 1.11E-11 1.09E-11
 1.00E-74 1.00E-74 1.00E-74 5.25E-32 2.08E-21 3.53E-15 3.43E-13 1.44E-12
 2.80E-12 5.12E-12 7.61E-12 9.26E-12 9.51E-12 9.31E-12
 1.00E-74 1.00E-74 1.00E-74 4.60E-32 1.76E-21 2.93E-15 2.90E-13 1.23E-12
 2.43E-12 4.50E-12 6.77E-12 8.32E-12 8.55E-12 8.34E-12
 1.00E-74 1.00E-74 1.00E-74 4.01E-32 1.55E-21 2.76E-15 2.79E-13 1.19E-12
 2.36E-12 4.39E-12 6.64E-12 8.17E-12 8.39E-12 8.19E-12
 1.00E-74 1.00E-74 1.00E-74 3.90E-32 1.52E-21 2.74E-15 2.78E-13 1.19E-12
 2.35E-12 4.38E-12 6.62E-12 8.16E-12 8.38E-12 8.17E-12
 1.00E-74 1.00E-74 1.00E-74 3.89E-32 1.52E-21 2.74E-15 2.78E-13 1.19E-12
 2.35E-12 4.38E-12 6.62E-12 8.16E-12 8.38E-12 8.17E-12
 1.00E-74 1.00E-74 1.00E-74 3.93E-32 1.53E-21 2.76E-15 2.79E-13 1.20E-12
 2.37E-12 4.40E-12 6.64E-12 8.18E-12 8.39E-12 8.18E-12
  29.1824    7  14 /pl=01:ss= 9:pb= 1:sz= 9/type=excit/ispb = t/isel =    3
 1.00E+10 1.00E+11 1.00E+12 1.00E+13 1.00E+14 1.00E+15 1.00E+16
 1.72E+00 2.59E+00 4.31E+00 8.62E+00 1.72E+01 4.31E+01 8.62E+01 1.29E+02
 1.72E+02 2.59E+02 4.31E+02 8.62E+02 1.72E+03 2.59E+03
 1.00E-74 1.00E-74 1.00E-74 7.34E-32 2.67E-21 4.57E-15 4.53E-13 1.92E-12
 3.77E-12 6.91E-12 1.02E-11 1.23E-11 1.26E-11 1.22E-11
 1.00E-74 1.00E-74 1.00E-74 7.15E-32 2.56E-21 4.14E-15 3.97E-13 1.66E-12
 3.22E-12 5.88E-12 8.67E-12 1.05E-11 1.07E-11 1.04E-11
 1.00E-74 1.00E-74 1.00E-74 6.26E-32 2.17E-21 3.44E-15 3.35E-13 1.42E-12
 2.79E-12 5.15E-12 7.71E-12 9.41E-12 9.61E-12 9.33E-12
 1.00E-74 1.00E-74 1.00E-74 5.46E-32 1.92E-21 3.24E-15 3.22E-13 1.37E-12
 2.71E-12 5.03E-12 7.55E-12 9.24E-12 9.44E-12 9.15E-12
 1.00E-74 1.00E-74 1.00E-74 5.31E-32 1.88E-21 3.22E-15 3.21E-13 1.37E-12
 2.70E-12 5.01E-12 7.54E-12 9.22E-12 9.42E-12 9.13E-12
 1.00E-74 1.00E-74 1.00E-74 5.30E-32 1.87E-21 3.21E-15 3.20E-13 1.36E-12
 2.70E-12 5.01E-12 7.53E-12 9.22E-12 9.42E-12 9.13E-12
 1.00E-74 1.00E-74 1.00E-74 5.34E-32 1.88E-21 3.22E-15 3.20E-13 1.36E-12
 2.70E-12 5.01E-12 7.52E-12 9.20E-12 9.40E-12 9.12E-12
  31.0212    7  14 /pl=01:ss= 9:pb= 1:sz= 9/type=excit/ispb = t/isel =    4
 1.00E+10 1.00E+11 1.00E+12 1.00E+13 1.00E+14 1.00E+15 1.00E+16
 1.72E+00 2.59E+00 4.31E+00 8.62E+00 1.72E+01 4.31E+01 8.62E+01 1.29E+02
 1.72E+02 2.59E+02 4.31E+02 8.62E+02 1.72E+03 2.59E+03
 1.00E-74 1.00E-74 1.00E-74 2.36E-30 1.98E-20 1.39E-14 1.03E-12 3.95E-12
 7.39E-12 1.29E-11 1.85E-11 2.21E-11 2.25E-11 2.20E-11
 1.00E-74 1.00E-74 1.00E-74 2.30E-30 1.90E-20 1.26E-14 9.01E-13 3.41E-12
 6.32E-12 1.10E-11 1.57E-11 1.88E-11 1.92E-11 1.87E-11
 1.00E-74 1.00E-74 1.00E-74 2.02E-30 1.61E-20 1.05E-14 7.61E-13 2.91E-12
 5.46E-12 9.64E-12 1.40E-11 1.69E-11 1.72E-11 1.68E-11
 1.00E-74 1.00E-74 1.00E-74 1.76E-30 1.42E-20 9.88E-15 7.31E-13 2.82E-12
 5.31E-12 9.41E-12 1.37E-11 1.66E-11 1.69E-11 1.65E-11
 1.00E-74 1.00E-74 1.00E-74 1.71E-30 1.39E-20 9.81E-15 7.28E-13 2.81E-12
 5.29E-12 9.39E-12 1.37E-11 1.65E-11 1.69E-11 1.64E-11
 1.00E-74 1.00E-74 1.00E-74 1.71E-30 1.39E-20 9.81E-15 7.28E-13 2.81E-12
 5.29E-12 9.39E-12 1.37E-11 1.65E-11 1.69E-11 1.64E-11
 1.00E-74 1.00E-74 1.00E-74 1.72E-30 1.40E-20 9.87E-15 7.32E-13 2.83E-12
 5.32E-12 9.43E-12 1.37E-11 1.66E-11 1.69E-11 1.65E-11
  31.0294    7  14 /pl=01:ss= 9:pb= 1:sz= 9/type=excit/ispb = t/isel =    5
 1.00E+10 1.00E+11 1.00E+12 1.00E+13 1.00E+14 1.00E+15 1.00E+16
 1.72E+00 2.59E+00 4.31E+00 8.62E+00 1.72E+01 4.31E+01 8.62E+01 1.29E+02
 1.72E+02 2.59E+02 4.31E+02 8.62E+02 1.72E+03 2.59E+03
 1.00E-74 1.00E-74 1.00E-74 2.05E-30 1.71E-20 1.20E-14 8.91E-13 3.43E-12
 6.43E-12 1.13E-11 1.62E-11 1.93E-11 1.96E-11 1.93E-11
 1.00E-74 1.00E-74 1.00E-74 2.03E-30 1.68E-20 1.15E-14 8.42E-13 3.23E-12
 6.03E-12 1.06E-11 1.53E-11 1.83E-11 1.86E-11 1.82E-11
 1.00E-74 1.00E-74 1.00E-74 1.95E-30 1.58E-20 1.07E-14 7.89E-13 3.04E-12
 5.72E-12 1.01E-11 1.47E-11 1.78E-11 1.82E-11 1.78E-11
 1.00E-74 1.00E-74 1.00E-74 1.88E-30 1.52E-20 1.05E-14 7.78E-13 3.01E-12
 5.66E-12 1.00E-11 1.47E-11 1.77E-11 1.81E-11 1.77E-11
 1.00E-74 1.00E-74 1.00E-74 1.87E-30 1.51E-20 1.05E-14 7.77E-13 3.00E-12
 5.65E-12 1.00E-11 1.47E-11 1.77E-11 1.81E-11 1.77E-11
 1.00E-74 1.00E-74 1.00E-74 1.87E-30 1.51E-20 1.05E-14 7.77E-13 3.00E-12
 5.66E-12 1.00E-11 1.47E-11 1.77E-11 1.81E-11 1.77E-11
 1.00E-74 1.00E-74 1.00E-74 1.88E-30 1.51E-20 1.05E-14 7.80E-13 3.01E-12
 5.67E-12 1.01E-11 1.47E-11 1.77E-11 1.81E-11 1.77E-11
  31.0364    7  14 /pl=01:ss= 9:pb= 1:sz= 9/type=excit/ispb = t/isel =    6
 1.00E+10 1.00E+11 1.00E+12 1.00E+13 1.00E+14 1.00E+15 1.00E+16
 1.72E+00 2.59E+00 4.31E+00 8.62E+00 1.72E+01 4.31E+01 8.62E+01 1.29E+02
 1.72E+02 2.59E+02 4.31E+02 8.62E+02 1.72E+03 2.59E+03
 1.00E-74 1.00E-74 1.00E-74 1.37E-30 1.14E-20 7.99E-15 5.91E-13 2.27E-12
 4.26E-12 7.45E-12 1.07E-11 1.26E-11 1.28E-11 1.25E-11
 1.00E-74 1.00E-74 1.00E-74 1.35E-30 1.11E-20 7.52E-15 5.43E-13 2.07E-12
 3.86E-12 6.75E-12 9.69E-12 1.15E-11 1.17E-11 1.13E-11
 1.00E-74 1.00E-74 1.00E-74 1.26E-30 1.01E-20 6.73E-15 4.91E-13 1.89E-12
 3.55E-12 6.26E-12 9.09E-12 1.09E-11 1.11E-11 1.08E-11
 1.00E-74 1.00E-74 1.00E-74 1.17E-30 9.39E-21 6.50E-15 4.80E-13 1.85E-12
 3.49E-12 6.18E-12 9.00E-12 1.08E-11 1.10E-11 1.07E-11
 1.00E-74 1.00E-74 1.00E-74 1.16E-30 9.29E-21 6.48E-15 4.79E-13 1.85E-12
 3.49E-12 6.17E-12 8.99E-12 1.08E-11 1.10E-11 1.06E-11
 1.00E-74 1.00E-74 1.00E-74 1.16E-30 9.28E-21 6.48E-15 4.79E-13 1.85E-12
 3.49E-12 6.17E-12 8.99E-12 1.08E-11 1.10E-11 1.06E-11
 1.00E-74 1.00E-74 1.00E-74 1.17E-30 9.36E-21 6.51E-15 4.82E-13 1.86E-12
 3.50E-12 6.19E-12 9.01E-12 1.08E-11 1.10E-11 1.07E-11
  31.4114    7  14 /pl=01:ss= 9:pb= 1:sz= 9/type=excit/ispb = t/isel =    7
 1.00E+10 1.00E+11 1.00E+12 1.00E+13 1.00E+14 1.00E+15 1.00E+16
 1.72E+00 2.59E+00 4.31E+00 8.62E+00 1.72E+01 4.31E+01 8.62E+01 1.29E+02
 1.72E+02 2.59E+02 4.31E+02 8.62E+02 1.72E+03 2.59E+03
 1.00E-74 1.00E-74 1.00E-74 7.12E-30 4.47E-20 2.64E-14 1.84E-12 6.95E-12
 1.29E-11 2.23E-11 3.17E-11 3.76E-11 3.84E-11 3.75E-11
 1.00E-74 1.00E-74 1.00E-74 6.94E-30 4.29E-20 2.40E-14 1.61E-12 5.99E-12
 1.10E-11 1.90E-11 2.69E-11 3.20E-11 3.27E-11 3.19E-11
 1.00E-74 1.00E-74 1.00E-74 6.08E-30 3.63E-20 1.99E-14 1.36E-12 5.12E-12
 9.50E-12 1.66E-11 2.39E-11 2.87E-11 2.93E-11 2.86E-11
 1.00E-74 1.00E-74 1.00E-74 5.30E-30 3.21E-20 1.87E-14 1.31E-12 4.96E-12
 9.24E-12 1.62E-11 2.34E-11 2.82E-11 2.88E-11 2.80E-11
 1.00E-74 1.00E-74 1.00E-74 5.16E-30 3.14E-20 1.86E-14 1.30E-12 4.94E-12
 9.21E-12 1.62E-11 2.34E-11 2.81E-11 2.87E-11 2.79E-11
 1.00E-74 1.00E-74 1.00E-74 5.14E-30 3.14E-20 1.86E-14 1.30E-12 4.94E-12
 9.21E-12 1.62E-11 2.34E-11 2.81E-11 2.87E-11 2.79E-11
 1.00E-74 1.00E-74 7.20E-50 5.18E-30 3.15E-20 1.87E-14 1.31E-12 4.96E-12
 9.24E-12 1.62E-11 2.34E-11 2.82E-11 2.88E-11 2.80E-11
  31.4728    7  14 /pl=01:ss= 9:pb= 1:sz= 9/type=excit/ispb = t/isel =    8
 1.00E+10 1.00E+11 1.00E+12 1.00E+13 1.00E+14 1.00E+15 1.00E+16
 1.72E+00 2.59E+00 4.31E+00 8.62E+00 1.72E+01 4.31E+01 8.62E+01 1.29E+02
 1.72E+02 2.59E+02 4.31E+02 8.62E+02 1.72E+03 2.59E+03
 1.00E-74 1.00E-74 1.00E-74 1.73E-30 1.04E-20 6.03E-15 4.20E-13 1.58E-12
 2.93E-12 5.09E-12 7.26E-12 8.60E-12 8.74E-12 8.54E-12
 1.00E-74 1.00E-74 1.00E-74 1.72E-30 1.02E-20 5.74E-15 3.93E-13 1.47E-12
 2.72E-12 4.72E-12 6.77E-12 8.05E-12 8.18E-12 7.96E-12
 1.00E-74 1.00E-74 1.00E-74 1.63E-30 9.46E-21 5.26E-15 3.63E-13 1.37E-12
 2.55E-12 4.47E-12 6.46E-12 7.76E-12 7.91E-12 7.70E-12
 1.00E-74 1.00E-74 1.00E-74 1.54E-30 8.98E-21 5.13E-15 3.57E-13 1.35E-12
 2.52E-12 4.43E-12 6.42E-12 7.71E-12 7.86E-12 7.66E-12
 1.00E-74 1.00E-74 1.00E-74 1.53E-30 8.90E-21 5.11E-15 3.56E-13 1.35E-12
 2.51E-12 4.42E-12 6.41E-12 7.71E-12 7.86E-12 7.66E-12
 1.00E-74 1.00E-74 1.00E-74 1.53E-30 8.90E-21 5.11E-15 3.56E-13 1.35E-12
 2.51E-12 4.42E-12 6.41E-12 7.71E-12 7.86E-12 7.66E-12
 1.00E-74 1.00E-74 3.11E-50 1.53E-30 8.91E-21 5.12E-15 3.57E-13 1.35E-12
 2.52E-12 4.43E-12 6.43E-12 7.73E-12 7.87E-12 7.67E-12
  31.5627    7  14 /pl=01:ss= 9:pb= 1:sz= 9/type=excit/ispb = t/isel =    9
 1.00E+10 1.00E+11 1.00E+12 1.00E+13 1.00E+14 1.00E+15 1.00E+16
 1.72E+00 2.59E+00 4.31E+00 8.62E+00 1.72E+01 4.31E+01 8.62E+01 1.29E+02
 1.72E+02 2.59E+02 4.31E+02 8.62E+02 1.72E+03 2.59E+03
 1.00E-74 1.00E-74 1.00E-74 3.59E-30 2.03E-20 1.16E-14 8.01E-13 3.02E-12
 5.60E-12 9.71E-12 1.38E-11 1.63E-11 1.64E-11 1.60E-11
 1.00E-74 1.00E-74 1.00E-74 3.50E-30 1.95E-20 1.05E-14 7.01E-13 2.61E-12
 4.79E-12 8.25E-12 1.17E-11 1.38E-11 1.40E-11 1.36E-11
 1.00E-74 1.00E-74 1.00E-74 3.06E-30 1.65E-20 8.69E-15 5.91E-13 2.23E-12
 4.13E-12 7.22E-12 1.04E-11 1.24E-11 1.26E-11 1.22E-11
 1.00E-74 1.00E-74 1.00E-74 2.67E-30 1.46E-20 8.19E-15 5.68E-13 2.16E-12
 4.02E-12 7.05E-12 1.02E-11 1.22E-11 1.23E-11 1.20E-11
 1.00E-74 1.00E-74 1.00E-74 2.60E-30 1.43E-20 8.13E-15 5.66E-13 2.15E-12
 4.00E-12 7.03E-12 1.02E-11 1.22E-11 1.23E-11 1.19E-11
 1.00E-74 1.00E-74 1.00E-74 2.59E-30 1.43E-20 8.12E-15 5.65E-13 2.15E-12
 4.00E-12 7.03E-12 1.02E-11 1.21E-11 1.23E-11 1.19E-11
 1.00E-74 1.00E-74 6.29E-50 2.60E-30 1.43E-20 8.13E-15 5.65E-13 2.14E-12
 4.00E-12 7.02E-12 1.01E-11 1.21E-11 1.23E-11 1.19E-11
  33.6580    7  14 /pl=01:ss= 9:pb= 1:sz= 9/type=excit/ispb = t/isel =   10
 1.00E+10 1.00E+11 1.00E+12 1.00E+13 1.00E+14 1.00E+15 1.00E+16
 1.72E+00 2.59E+00 4.31E+00 8.62E+00 1.72E+01 4.31E+01 8.62E+01 1.29E+02
 1.72E+02 2.59E+02 4.31E+02 8.62E+02 1.72E+03 2.59E+03
 1.00E-74 1.00E-74 1.00E-74 1.85E-29 2.57E-20 6.72E-15 3.98E-13 1.48E-12
 2.75E-12 4.84E-12 7.08E-12 8.73E-12 9.29E-12 9.34E-12
 1.00E-74 1.00E-74 1.00E-74 1.81E-29 2.49E-20 6.30E-15 3.66E-13 1.36E-12
 2.50E-12 4.40E-12 6.45E-12 7.96E-12 8.45E-12 8.45E-12
 1.00E-74 1.00E-74 1.00E-74 1.65E-29 2.22E-20 5.61E-15 3.31E-13 1.24E-12
 2.31E-12 4.10E-12 6.07E-12 7.54E-12 7.99E-12 7.98E-12
 1.00E-74 1.00E-74 1.00E-74 1.51E-29 2.05E-20 5.41E-15 3.24E-13 1.22E-12
 2.27E-12 4.05E-12 6.01E-12 7.47E-12 7.92E-12 7.91E-12
 1.00E-74 1.00E-74 5.71E-48 1.48E-29 2.03E-20 5.39E-15 3.23E-13 1.21E-12
 2.27E-12 4.04E-12 6.00E-12 7.46E-12 7.91E-12 7.90E-12
 1.00E-74 1.00E-74 5.98E-48 1.48E-29 2.02E-20 5.39E-15 3.23E-13 1.21E-12
 2.27E-12 4.04E-12 6.00E-12 7.46E-12 7.91E-12 7.90E-12
 1.00E-74 1.00E-74 5.95E-48 1.48E-29 2.03E-20 5.40E-15 3.23E-13 1.21E-12
 2.27E-12 4.04E-12 6.00E-12 7.46E-12 7.91E-12 7.89E-12
  33.6753    7  14 /pl=01:ss= 9:pb= 1:sz= 9/type=excit/ispb = t/isel =   11
 1.00E+10 1.00E+11 1.00E+12 1.00E+13 1.00E+14 1.00E+15 1.00E+16
 1.72E+00 2.59E+00 4.31E+00 8.62E+00 1.72E+01 4.31E+01 8.62E+01 1.29E+02
 1.72E+02 2.59E+02 4.31E+02 8.62E+02 1.72E+03 2.59E+03
 1.00E-74 1.00E-74 1.00E-74 2.95E-29 4.40E-20 1.27E-14 7.78E-13 2.89E-12
 5.36E-12 9.36E-12 1.35E-11 1.63E-11 1.68E-11 1.66E-11
 1.00E-74 1.00E-74 1.00E-74 2.87E-29 4.22E-20 1.16E-14 6.84E-13 2.51E-12
 4.61E-12 8.01E-12 1.15E-11 1.39E-11 1.44E-11 1.42E-11
 1.00E-74 1.00E-74 1.00E-74 2.52E-29 3.59E-20 9.66E-15 5.82E-13 2.16E-12
 4.01E-12 7.06E-12 1.03E-11 1.26E-11 1.30E-11 1.27E-11
 1.00E-74 1.00E-74 1.00E-74 2.20E-29 3.18E-20 9.13E-15 5.60E-13 2.09E-12
 3.90E-12 6.90E-12 1.01E-11 1.23E-11 1.27E-11 1.25E-11
 1.00E-74 1.00E-74 7.95E-48 2.14E-29 3.12E-20 9.06E-15 5.58E-13 2.08E-12
 3.89E-12 6.88E-12 1.01E-11 1.23E-11 1.27E-11 1.25E-11
 1.00E-74 1.00E-74 8.45E-48 2.13E-29 3.11E-20 9.06E-15 5.58E-13 2.08E-12
 3.89E-12 6.88E-12 1.01E-11 1.23E-11 1.27E-11 1.25E-11
 1.00E-74 1.00E-74 8.53E-48 2.14E-29 3.12E-20 9.10E-15 5.59E-13 2.09E-12
 3.90E-12 6.89E-12 1.01E-11 1.23E-11 1.27E-11 1.25E-11
  33.7553    7  14 /pl=01:ss= 9:pb= 1:sz= 9/type=excit/ispb = t/isel =   12
 1.00E+10 1.00E+11 1.00E+12 1.00E+13 1.00E+14 1.00E+15 1.00E+16
 1.72E+00 2.59E+00 4.31E+00 8.62E+00 1.72E+01 4.31E+01 8.62E+01 1.29E+02
 1.72E+02 2.59E+02 4.31E+02 8.62E+02 1.72E+03 2.59E+03
 1.00E-74 1.00E-74 1.00E-74 2.51E-29 3.71E-20 1.09E-14 6.84E-13 2.57E-12
 4.80E-12 8.41E-12 1.21E-11 1.44E-11 1.46E-11 1.43E-11
 1.00E-74 1.00E-74 1.00E-74 2.45E-29 3.56E-20 9.95E-15 6.01E-13 2.23E-12
 4.13E-12 7.18E-12 1.03E-11 1.23E-11 1.25E-11 1.22E-11
 1.00E-74 1.00E-74 1.00E-74 2.14E-29 3.03E-20 8.31E-15 5.11E-13 1.91E-12
 3.58E-12 6.32E-12 9.21E-12 1.11E-11 1.12E-11 1.09E-11
 1.00E-74 1.00E-74 1.00E-74 1.87E-29 2.68E-20 7.85E-15 4.92E-13 1.86E-12
 3.49E-12 6.18E-12 9.04E-12 1.09E-11 1.10E-11 1.07E-11
 1.00E-74 1.00E-74 8.01E-48 1.82E-29 2.63E-20 7.80E-15 4.90E-13 1.85E-12
 3.48E-12 6.16E-12 9.02E-12 1.09E-11 1.10E-11 1.07E-11
 1.00E-74 1.00E-74 7.99E-48 1.82E-29 2.62E-20 7.79E-15 4.89E-13 1.85E-12
 3.47E-12 6.15E-12 9.01E-12 1.09E-11 1.10E-11 1.07E-11
 1.00E-74 1.00E-74 7.97E-48 1.83E-29 2.64E-20 7.81E-15 4.88E-13 1.84E-12
 3.45E-12 6.11E-12 8.95E-12 1.08E-11 1.10E-11 1.07E-11
  36.6844    7  14 /pl=01:ss= 9:pb= 1:sz= 9/type=excit/ispb = t/isel =   13
 1.00E+10 1.00E+11 1.00E+12 1.00E+13 1.00E+14 1.00E+15 1.00E+16
 1.72E+00 2.59E+00 4.31E+00 8.62E+00 1.72E+01 4.31E+01 8.62E+01 1.29E+02
 1.72E+02 2.59E+02 4.31E+02 8.62E+02 1.72E+03 2.59E+03
 1.00E-74 1.00E-74 5.86E-44 4.32E-27 1.01E-18 8.64E-14 3.32E-12 1.04E-11
 1.77E-11 2.83E-11 3.80E-11 4.33E-11 4.33E-11 4.20E-11
 1.00E-74 1.00E-74 5.74E-44 4.21E-27 9.69E-19 7.84E-14 2.92E-12 9.02E-12
 1.52E-11 2.42E-11 3.24E-11 3.70E-11 3.70E-11 3.59E-11
 1.00E-74 1.00E-74 4.97E-44 3.69E-27 8.20E-19 6.52E-14 2.47E-12 7.73E-12
 1.32E-11 2.12E-11 2.89E-11 3.33E-11 3.33E-11 3.22E-11
 1.00E-74 1.00E-74 4.46E-44 3.22E-27 7.25E-19 6.14E-14 2.37E-12 7.49E-12
 1.28E-11 2.07E-11 2.83E-11 3.27E-11 3.27E-11 3.16E-11
 1.00E-74 1.00E-74 4.36E-44 3.13E-27 7.11E-19 6.10E-14 2.36E-12 7.46E-12
 1.28E-11 2.07E-11 2.82E-11 3.27E-11 3.27E-11 3.16E-11
 1.00E-74 1.00E-74 4.41E-44 3.15E-27 7.15E-19 6.13E-14 2.37E-12 7.49E-12
 1.28E-11 2.08E-11 2.83E-11 3.27E-11 3.27E-11 3.16E-11
 1.00E-74 1.00E-74 4.93E-44 3.43E-27 7.61E-19 6.40E-14 2.46E-12 7.74E-12
 1.32E-11 2.13E-11 2.90E-11 3.33E-11 3.31E-11 3.19E-11
  36.8900    7  14 /pl=01:ss= 9:pb= 1:sz= 9/type=excit/ispb = t/isel =   14
 1.00E+10 1.00E+11 1.00E+12 1.00E+13 1.00E+14 1.00E+15 1.00E+16
 1.72E+00 2.59E+00 4.31E+00 8.62E+00 1.72E+01 4.31E+01 8.62E+01 1.29E+02
 1.72E+02 2.59E+02 4.31E+02 8.62E+02 1.72E+03 2.59E+03
 1.00E-74 1.00E-74 1.00E-74 3.86E-28 9.62E-20 1.07E-14 5.04E-13 1.75E-12
 3.19E-12 5.53E-12 7.91E-12 9.23E-12 8.99E-12 8.50E-12
 1.00E-74 1.00E-74 1.08E-44 7.05E-28 1.99E-19 2.95E-14 1.43E-12 4.92E-12
 8.88E-12 1.52E-11 2.16E-11 2.53E-11 2.50E-11 2.39E-11
 1.00E-74 1.00E-74 2.81E-44 2.21E-27 5.81E-19 6.08E-14 2.44E-12 7.81E-12
 1.35E-11 2.22E-11 3.06E-11 3.58E-11 3.61E-11 3.52E-11
 1.00E-74 1.00E-74 4.78E-44 3.56E-27 8.25E-19 6.96E-14 2.65E-12 8.35E-12
 1.43E-11 2.33E-11 3.20E-11 3.74E-11 3.79E-11 3.70E-11
 1.00E-74 1.00E-74 5.16E-44 3.82E-27 8.64E-19 7.07E-14 2.68E-12 8.42E-12
 1.44E-11 2.34E-11 3.22E-11 3.76E-11 3.81E-11 3.72E-11
 1.00E-74 1.00E-74 5.26E-44 3.88E-27 8.73E-19 7.11E-14 2.69E-12 8.45E-12
 1.45E-11 2.35E-11 3.23E-11 3.77E-11 3.81E-11 3.73E-11
 1.00E-74 1.00E-74 5.80E-44 4.17E-27 9.22E-19 7.39E-14 2.77E-12 8.68E-12
 1.48E-11 2.40E-11 3.28E-11 3.81E-11 3.85E-11 3.75E-11
  37.5558    7  14 /pl=01:ss= 9:pb= 1:sz= 9/type=excit/ispb = t/isel =   15
 1.00E+10 1.00E+11 1.00E+12 1.00E+13 1.00E+14 1.00E+15 1.00E+16
 1.72E+00 2.59E+00 4.31E+00 8.62E+00 1.72E+01 4.31E+01 8.62E+01 1.29E+02
 1.72E+02 2.59E+02 4.31E+02 8.62E+02 1.72E+03 2.59E+03
 1.00E-74 1.00E-74 1.82E-42 6.02E-26 8.89E-18 5.58E-13 1.86E-11 5.52E-11
 9.11E-11 1.41E-10 1.86E-10 2.12E-10 2.15E-10 2.11E-10
 1.00E-74 1.00E-74 1.90E-42 5.87E-26 8.54E-18 5.06E-13 1.63E-11 4.77E-11
 7.80E-11 1.20E-10 1.59E-10 1.81E-10 1.84E-10 1.80E-10
 1.00E-74 1.00E-74 1.73E-42 5.14E-26 7.23E-18 4.20E-13 1.37E-11 4.08E-11
 6.75E-11 1.06E-10 1.41E-10 1.63E-10 1.65E-10 1.61E-10
 1.00E-74 1.00E-74 1.54E-42 4.48E-26 6.39E-18 3.96E-13 1.32E-11 3.95E-11
 6.56E-11 1.03E-10 1.38E-10 1.60E-10 1.62E-10 1.58E-10
 1.00E-74 1.00E-74 1.51E-42 4.36E-26 6.26E-18 3.93E-13 1.32E-11 3.94E-11
 6.54E-11 1.03E-10 1.38E-10 1.59E-10 1.62E-10 1.58E-10
 1.00E-74 1.00E-74 1.50E-42 4.35E-26 6.25E-18 3.93E-13 1.32E-11 3.94E-11
 6.54E-11 1.03E-10 1.38E-10 1.59E-10 1.62E-10 1.58E-10
 1.00E-74 1.00E-74 1.53E-42 4.41E-26 6.31E-18 3.96E-13 1.32E-11 3.96E-11
 6.57E-11 1.03E-10 1.38E-10 1.60E-10 1.62E-10 1.58E-10
  37.5770    7  14 /pl=01:ss= 9:pb= 1:sz= 9/type=excit/ispb = t/isel =   16
 1.00E+10 1.00E+11 1.00E+12 1.00E+13 1.00E+14 1.00E+15 1.00E+16
 1.72E+00 2.59E+00 4.31E+00 8.62E+00 1.72E+01 4.31E+01 8.62E+01 1.29E+02
 1.72E+02 2.59E+02 4.31E+02 8.62E+02 1.72E+03 2.59E+03
 1.00E-74 1.00E-74 1.39E-42 4.12E-26 6.02E-18 3.76E-13 1.25E-11 3.73E-11
 6.14E-11 9.58E-11 1.26E-10 1.44E-10 1.45E-10 1.43E-10
 1.00E-74 1.00E-74 1.36E-42 4.06E-26 5.87E-18 3.53E-13 1.15E-11 3.39E-11
 5.57E-11 8.67E-11 1.15E-10 1.31E-10 1.32E-10 1.30E-10
 1.00E-74 1.00E-74 1.29E-42 3.76E-26 5.30E-18 3.15E-13 1.04E-11 3.09E-11
 5.11E-11 8.04E-11 1.08E-10 1.24E-10 1.26E-10 1.23E-10
 1.00E-74 1.00E-74 1.23E-42 3.50E-26 4.94E-18 3.04E-13 1.02E-11 3.03E-11
 5.03E-11 7.94E-11 1.07E-10 1.23E-10 1.24E-10 1.22E-10
 1.00E-74 1.00E-74 1.22E-42 3.45E-26 4.88E-18 3.03E-13 1.01E-11 3.02E-11
 5.02E-11 7.93E-11 1.06E-10 1.23E-10 1.24E-10 1.21E-10
 1.00E-74 1.00E-74 1.22E-42 3.45E-26 4.88E-18 3.03E-13 1.01E-11 3.03E-11
 5.02E-11 7.93E-11 1.06E-10 1.23E-10 1.24E-10 1.21E-10
 1.00E-74 1.00E-74 1.24E-42 3.50E-26 4.94E-18 3.05E-13 1.02E-11 3.04E-11
 5.05E-11 7.96E-11 1.07E-10 1.23E-10 1.25E-10 1.22E-10
  37.6613    7  14 /pl=01:ss= 9:pb= 1:sz= 9/type=excit/ispb = t/isel =   17
 1.00E+10 1.00E+11 1.00E+12 1.00E+13 1.00E+14 1.00E+15 1.00E+16
 1.72E+00 2.59E+00 4.31E+00 8.62E+00 1.72E+01 4.31E+01 8.62E+01 1.29E+02
 1.72E+02 2.59E+02 4.31E+02 8.62E+02 1.72E+03 2.59E+03
 1.00E-74 1.00E-74 1.19E-43 3.21E-27 4.53E-19 2.89E-14 1.03E-12 3.16E-12
 5.33E-12 8.45E-12 1.13E-11 1.27E-11 1.26E-11 1.21E-11
 1.00E-74 1.00E-74 1.13E-43 3.13E-27 4.35E-19 2.63E-14 9.13E-13 2.78E-12
 4.68E-12 7.42E-12 9.92E-12 1.12E-11 1.11E-11 1.07E-11
 1.00E-74 1.00E-74 1.03E-43 2.74E-27 3.68E-19 2.21E-14 7.89E-13 2.45E-12
 4.17E-12 6.70E-12 9.07E-12 1.03E-11 1.02E-11 9.80E-12
 1.00E-74 1.00E-74 9.17E-44 2.39E-27 3.26E-19 2.09E-14 7.63E-13 2.38E-12
 4.07E-12 6.58E-12 8.94E-12 1.02E-11 1.01E-11 9.66E-12
 1.00E-74 1.00E-74 8.96E-44 2.33E-27 3.19E-19 2.08E-14 7.60E-13 2.38E-12
 4.07E-12 6.57E-12 8.93E-12 1.02E-11 1.01E-11 9.65E-12
 1.00E-74 1.00E-74 9.00E-44 2.33E-27 3.20E-19 2.08E-14 7.63E-13 2.39E-12
 4.08E-12 6.59E-12 8.96E-12 1.02E-11 1.01E-11 9.66E-12
 1.00E-74 1.00E-74 9.53E-44 2.44E-27 3.31E-19 2.14E-14 7.86E-13 2.46E-12
 4.21E-12 6.79E-12 9.21E-12 1.05E-11 1.03E-11 9.82E-12
  37.7002    7  14 /pl=01:ss= 9:pb= 1:sz= 9/type=excit/ispb = t/isel =   18
 1.00E+10 1.00E+11 1.00E+12 1.00E+13 1.00E+14 1.00E+15 1.00E+16
 1.72E+00 2.59E+00 4.31E+00 8.62E+00 1.72E+01 4.31E+01 8.62E+01 1.29E+02
 1.72E+02 2.59E+02 4.31E+02 8.62E+02 1.72E+03 2.59E+03
 1.00E-74 1.00E-74 5.40E-43 1.74E-26 2.40E-18 1.44E-13 4.76E-12 1.41E-11
 2.33E-11 3.63E-11 4.77E-11 5.41E-11 5.42E-11 5.30E-11
 1.00E-74 1.00E-74 6.61E-43 1.72E-26 2.36E-18 1.38E-13 4.51E-12 1.33E-11
 2.19E-11 3.41E-11 4.50E-11 5.13E-11 5.15E-11 5.01E-11
 1.00E-74 1.00E-74 6.46E-43 1.66E-26 2.23E-18 1.29E-13 4.23E-12 1.25E-11
 2.08E-11 3.27E-11 4.35E-11 5.00E-11 5.03E-11 4.90E-11
 1.00E-74 1.00E-74 6.39E-43 1.60E-26 2.14E-18 1.26E-13 4.17E-12 1.24E-11
 2.06E-11 3.24E-11 4.32E-11 4.98E-11 5.01E-11 4.88E-11
 1.00E-74 1.00E-74 6.38E-43 1.59E-26 2.13E-18 1.26E-13 4.16E-12 1.24E-11
 2.06E-11 3.24E-11 4.32E-11 4.97E-11 5.01E-11 4.88E-11
 1.00E-74 1.00E-74 6.40E-43 1.60E-26 2.13E-18 1.26E-13 4.17E-12 1.24E-11
 2.06E-11 3.24E-11 4.32E-11 4.98E-11 5.01E-11 4.88E-11
 1.00E-74 1.00E-74 6.57E-43 1.63E-26 2.16E-18 1.27E-13 4.20E-12 1.25E-11
 2.07E-11 3.26E-11 4.34E-11 4.99E-11 5.02E-11 4.89E-11
  37.7231    7  14 /pl=01:ss= 9:pb= 1:sz= 9/type=excit/ispb = t/isel =   19
 1.00E+10 1.00E+11 1.00E+12 1.00E+13 1.00E+14 1.00E+15 1.00E+16
 1.72E+00 2.59E+00 4.31E+00 8.62E+00 1.72E+01 4.31E+01 8.62E+01 1.29E+02
 1.72E+02 2.59E+02 4.31E+02 8.62E+02 1.72E+03 2.59E+03
 1.00E-74 1.00E-74 1.00E-74 4.60E-27 7.26E-19 5.46E-14 2.11E-12 6.80E-12
 1.18E-11 1.96E-11 2.73E-11 3.16E-11 3.12E-11 2.99E-11
 1.00E-74 1.00E-74 2.05E-43 6.64E-27 1.15E-18 1.13E-13 4.70E-12 1.53E-11
 2.68E-11 4.46E-11 6.22E-11 7.24E-11 7.20E-11 6.92E-11
 1.00E-74 1.00E-74 4.97E-43 1.63E-26 2.73E-18 2.11E-13 7.54E-12 2.31E-11
 3.90E-11 6.25E-11 8.52E-11 9.90E-11 1.00E-10 9.82E-11
 1.00E-74 1.00E-74 7.92E-43 2.49E-26 3.74E-18 2.39E-13 8.13E-12 2.46E-11
 4.11E-11 6.55E-11 8.88E-11 1.03E-10 1.05E-10 1.03E-10
 1.00E-74 1.00E-74 8.50E-43 2.65E-26 3.90E-18 2.42E-13 8.20E-12 2.47E-11
 4.13E-11 6.58E-11 8.92E-11 1.04E-10 1.06E-10 1.04E-10
 1.00E-74 1.00E-74 8.57E-43 2.67E-26 3.92E-18 2.42E-13 8.21E-12 2.48E-11
 4.14E-11 6.59E-11 8.93E-11 1.04E-10 1.06E-10 1.04E-10
 1.00E-74 1.00E-74 8.73E-43 2.71E-26 3.96E-18 2.44E-13 8.25E-12 2.49E-11
 4.15E-11 6.60E-11 8.94E-11 1.04E-10 1.06E-10 1.04E-10
  37.7371    7  14 /pl=01:ss= 9:pb= 1:sz= 9/type=excit/ispb = t/isel =   20
 1.00E+10 1.00E+11 1.00E+12 1.00E+13 1.00E+14 1.00E+15 1.00E+16
 1.72E+00 2.59E+00 4.31E+00 8.62E+00 1.72E+01 4.31E+01 8.62E+01 1.29E+02
 1.72E+02 2.59E+02 4.31E+02 8.62E+02 1.72E+03 2.59E+03
 1.00E-74 1.00E-74 1.00E-74 4.49E-27 6.95E-19 4.81E-14 1.74E-12 5.42E-12
 9.25E-12 1.50E-11 2.04E-11 2.36E-11 2.35E-11 2.27E-11
 1.00E-74 1.00E-74 1.62E-43 5.49E-27 8.99E-19 7.60E-14 2.96E-12 9.43E-12
 1.63E-11 2.68E-11 3.68E-11 4.28E-11 4.28E-11 4.12E-11
 1.00E-74 1.00E-74 3.16E-43 1.02E-26 1.66E-18 1.22E-13 4.29E-12 1.31E-11
 2.20E-11 3.52E-11 4.77E-11 5.55E-11 5.63E-11 5.50E-11
 1.00E-74 1.00E-74 4.63E-43 1.44E-26 2.14E-18 1.36E-13 4.57E-12 1.38E-11
 2.30E-11 3.66E-11 4.94E-11 5.75E-11 5.85E-11 5.73E-11
 1.00E-74 1.00E-74 4.92E-43 1.52E-26 2.22E-18 1.37E-13 4.60E-12 1.38E-11
 2.31E-11 3.68E-11 4.96E-11 5.77E-11 5.88E-11 5.75E-11
 1.00E-74 1.00E-74 4.96E-43 1.53E-26 2.23E-18 1.37E-13 4.61E-12 1.38E-11
 2.31E-11 3.68E-11 4.96E-11 5.77E-11 5.88E-11 5.75E-11
 1.00E-74 1.00E-74 5.06E-43 1.55E-26 2.25E-18 1.38E-13 4.63E-12 1.39E-11
 2.32E-11 3.69E-11 4.97E-11 5.78E-11 5.88E-11 5.75E-11
  37.8204    7  14 /pl=01:ss= 9:pb= 1:sz= 9/type=excit/ispb = t/isel =   21
 1.00E+10 1.00E+11 1.00E+12 1.00E+13 1.00E+14 1.00E+15 1.00E+16
 1.72E+00 2.59E+00 4.31E+00 8.62E+00 1.72E+01 4.31E+01 8.62E+01 1.29E+02
 1.72E+02 2.59E+02 4.31E+02 8.62E+02 1.72E+03 2.59E+03
 1.00E-74 1.00E-74 2.16E-43 6.41E-27 9.37E-19 5.86E-14 1.95E-12 5.80E-12
 9.56E-12 1.49E-11 1.97E-11 2.23E-11 2.26E-11 2.22E-11
 1.00E-74 1.00E-74 2.12E-43 6.31E-27 9.14E-19 5.50E-14 1.79E-12 5.28E-12
 8.67E-12 1.35E-11 1.79E-11 2.04E-11 2.06E-11 2.02E-11
 1.00E-74 1.00E-74 2.01E-43 5.85E-27 8.25E-19 4.90E-14 1.62E-12 4.80E-12
 7.95E-12 1.25E-11 1.68E-11 1.93E-11 1.95E-11 1.91E-11
 1.00E-74 1.00E-74 1.92E-43 5.44E-27 7.69E-19 4.74E-14 1.58E-12 4.72E-12
 7.83E-12 1.24E-11 1.66E-11 1.91E-11 1.94E-11 1.89E-11
 1.00E-74 1.00E-74 1.90E-43 5.37E-27 7.60E-19 4.72E-14 1.58E-12 4.71E-12
 7.81E-12 1.23E-11 1.66E-11 1.91E-11 1.94E-11 1.89E-11
 1.00E-74 1.00E-74 1.90E-43 5.37E-27 7.60E-19 4.72E-14 1.58E-12 4.71E-12
 7.82E-12 1.23E-11 1.66E-11 1.91E-11 1.94E-11 1.89E-11
 1.00E-74 1.00E-74 1.94E-43 5.45E-27 7.68E-19 4.75E-14 1.59E-12 4.73E-12
 7.85E-12 1.24E-11 1.66E-11 1.91E-11 1.94E-11 1.89E-11
  37.9453    7  14 /pl=01:ss= 9:pb= 1:sz= 9/type=excit/ispb = t/isel =   22
 1.00E+10 1.00E+11 1.00E+12 1.00E+13 1.00E+14 1.00E+15 1.00E+16
 1.72E+00 2.59E+00 4.31E+00 8.62E+00 1.72E+01 4.31E+01 8.62E+01 1.29E+02
 1.72E+02 2.59E+02 4.31E+02 8.62E+02 1.72E+03 2.59E+03
 1.00E-74 1.00E-74 1.41E-43 4.55E-27 6.29E-19 3.78E-14 1.25E-12 3.69E-12
 6.12E-12 9.52E-12 1.25E-11 1.42E-11 1.42E-11 1.39E-11
 1.00E-74 1.00E-74 1.73E-43 4.52E-27 6.19E-19 3.63E-14 1.18E-12 3.48E-12
 5.75E-12 8.95E-12 1.18E-11 1.35E-11 1.35E-11 1.31E-11
 1.00E-74 1.00E-74 1.69E-43 4.35E-27 5.84E-19 3.38E-14 1.11E-12 3.28E-12
 5.45E-12 8.56E-12 1.14E-11 1.31E-11 1.32E-11 1.29E-11
 1.00E-74 1.00E-74 1.68E-43 4.21E-27 5.61E-19 3.31E-14 1.09E-12 3.25E-12
 5.40E-12 8.50E-12 1.13E-11 1.30E-11 1.31E-11 1.28E-11
 1.00E-74 1.00E-74 1.67E-43 4.18E-27 5.57E-19 3.31E-14 1.09E-12 3.24E-12
 5.40E-12 8.49E-12 1.13E-11 1.30E-11 1.31E-11 1.28E-11
 1.00E-74 1.00E-74 1.68E-43 4.18E-27 5.58E-19 3.31E-14 1.09E-12 3.24E-12
 5.40E-12 8.50E-12 1.13E-11 1.30E-11 1.31E-11 1.28E-11
 1.00E-74 1.00E-74 1.72E-43 4.27E-27 5.66E-19 3.34E-14 1.10E-12 3.27E-12
 5.43E-12 8.54E-12 1.14E-11 1.31E-11 1.32E-11 1.28E-11
  38.1730    7  14 /pl=01:ss= 9:pb= 1:sz= 9/type=excit/ispb = t/isel =   23
 1.00E+10 1.00E+11 1.00E+12 1.00E+13 1.00E+14 1.00E+15 1.00E+16
 1.72E+00 2.59E+00 4.31E+00 8.62E+00 1.72E+01 4.31E+01 8.62E+01 1.29E+02
 1.72E+02 2.59E+02 4.31E+02 8.62E+02 1.72E+03 2.59E+03
 1.00E-74 1.00E-74 3.67E-42 6.14E-26 6.67E-18 3.54E-13 1.13E-11 3.33E-11
 5.46E-11 8.43E-11 1.11E-10 1.25E-10 1.26E-10 1.23E-10
 1.00E-74 1.00E-74 3.64E-42 5.98E-26 6.41E-18 3.21E-13 9.91E-12 2.87E-11
 4.68E-11 7.18E-11 9.43E-11 1.07E-10 1.08E-10 1.05E-10
 1.00E-74 1.00E-74 3.28E-42 5.23E-26 5.42E-18 2.67E-13 8.38E-12 2.46E-11
 4.05E-11 6.31E-11 8.40E-11 9.61E-11 9.67E-11 9.39E-11
 1.00E-74 1.00E-74 2.92E-42 4.57E-26 4.79E-18 2.51E-13 8.06E-12 2.38E-11
 3.94E-11 6.16E-11 8.23E-11 9.44E-11 9.49E-11 9.22E-11
 1.00E-74 1.00E-74 2.86E-42 4.44E-26 4.69E-18 2.49E-13 8.02E-12 2.37E-11
 3.93E-11 6.15E-11 8.21E-11 9.43E-11 9.47E-11 9.20E-11
 1.00E-74 1.00E-74 2.86E-42 4.44E-26 4.69E-18 2.49E-13 8.03E-12 2.38E-11
 3.93E-11 6.15E-11 8.22E-11 9.43E-11 9.48E-11 9.20E-11
 1.00E-74 1.00E-74 2.93E-42 4.52E-26 4.76E-18 2.52E-13 8.09E-12 2.39E-11
 3.96E-11 6.19E-11 8.27E-11 9.47E-11 9.51E-11 9.23E-11
  38.3134    7  14 /pl=01:ss= 9:pb= 1:sz= 9/type=excit/ispb = t/isel =   24
 1.00E+10 1.00E+11 1.00E+12 1.00E+13 1.00E+14 1.00E+15 1.00E+16
 1.72E+00 2.59E+00 4.31E+00 8.62E+00 1.72E+01 4.31E+01 8.62E+01 1.29E+02
 1.72E+02 2.59E+02 4.31E+02 8.62E+02 1.72E+03 2.59E+03
 1.00E-74 1.00E-74 8.12E-43 1.13E-26 1.15E-18 5.98E-14 1.94E-12 5.75E-12
 9.52E-12 1.49E-11 1.97E-11 2.22E-11 2.21E-11 2.14E-11
 1.00E-74 1.00E-74 8.03E-43 1.16E-26 1.18E-18 6.20E-14 2.02E-12 6.03E-12
 1.00E-11 1.58E-11 2.11E-11 2.40E-11 2.38E-11 2.30E-11
 1.00E-74 1.00E-74 8.94E-43 1.25E-26 1.26E-18 6.56E-14 2.12E-12 6.29E-12
 1.04E-11 1.65E-11 2.21E-11 2.53E-11 2.53E-11 2.46E-11
 1.00E-74 1.00E-74 9.83E-43 1.34E-26 1.32E-18 6.67E-14 2.14E-12 6.34E-12
 1.05E-11 1.66E-11 2.22E-11 2.55E-11 2.55E-11 2.48E-11
 1.00E-74 1.00E-74 1.00E-42 1.36E-26 1.33E-18 6.68E-14 2.14E-12 6.35E-12
 1.05E-11 1.66E-11 2.22E-11 2.55E-11 2.56E-11 2.49E-11
 1.00E-74 1.00E-74 1.01E-42 1.36E-26 1.33E-18 6.69E-14 2.14E-12 6.35E-12
 1.05E-11 1.66E-11 2.23E-11 2.55E-11 2.56E-11 2.49E-11
 1.00E-74 1.00E-74 1.04E-42 1.39E-26 1.36E-18 6.77E-14 2.16E-12 6.42E-12
 1.06E-11 1.68E-11 2.24E-11 2.57E-11 2.57E-11 2.50E-11
  38.3247    7  14 /pl=01:ss= 9:pb= 1:sz= 9/type=excit/ispb = t/isel =   25
 1.00E+10 1.00E+11 1.00E+12 1.00E+13 1.00E+14 1.00E+15 1.00E+16
 1.72E+00 2.59E+00 4.31E+00 8.62E+00 1.72E+01 4.31E+01 8.62E+01 1.29E+02
 1.72E+02 2.59E+02 4.31E+02 8.62E+02 1.72E+03 2.59E+03
 1.00E-74 1.00E-74 5.16E-43 7.27E-27 7.37E-19 3.88E-14 1.29E-12 3.89E-12
 6.49E-12 1.02E-11 1.34E-11 1.51E-11 1.49E-11 1.44E-11
 1.00E-74 1.00E-74 4.98E-43 7.09E-27 7.08E-19 3.53E-14 1.14E-12 3.40E-12
 5.63E-12 8.79E-12 1.16E-11 1.31E-11 1.29E-11 1.25E-11
 1.00E-74 1.00E-74 4.49E-43 6.20E-27 5.99E-19 2.95E-14 9.77E-13 2.95E-12
 4.94E-12 7.83E-12 1.05E-11 1.19E-11 1.18E-11 1.13E-11
 1.00E-74 1.00E-74 4.01E-43 5.41E-27 5.30E-19 2.78E-14 9.42E-13 2.86E-12
 4.82E-12 7.67E-12 1.03E-11 1.17E-11 1.16E-11 1.11E-11
 1.00E-74 1.00E-74 3.92E-43 5.28E-27 5.20E-19 2.77E-14 9.39E-13 2.86E-12
 4.81E-12 7.66E-12 1.03E-11 1.17E-11 1.16E-11 1.11E-11
 1.00E-74 1.00E-74 4.01E-43 5.35E-27 5.26E-19 2.79E-14 9.46E-13 2.88E-12
 4.84E-12 7.70E-12 1.03E-11 1.18E-11 1.16E-11 1.11E-11
 1.00E-74 1.00E-74 4.80E-43 6.15E-27 5.84E-19 3.01E-14 1.01E-12 3.05E-12
 5.12E-12 8.10E-12 1.08E-11 1.22E-11 1.19E-11 1.14E-11
  38.3801    7  14 /pl=01:ss= 9:pb= 1:sz= 9/type=excit/ispb = t/isel =   26
 1.00E+10 1.00E+11 1.00E+12 1.00E+13 1.00E+14 1.00E+15 1.00E+16
 1.72E+00 2.59E+00 4.31E+00 8.62E+00 1.72E+01 4.31E+01 8.62E+01 1.29E+02
 1.72E+02 2.59E+02 4.31E+02 8.62E+02 1.72E+03 2.59E+03
 1.00E-74 1.00E-74 5.32E-43 7.28E-27 7.29E-19 4.27E-14 1.59E-12 5.04E-12
 8.59E-12 1.38E-11 1.83E-11 2.03E-11 1.95E-11 1.85E-11
 1.00E-74 1.00E-74 5.28E-43 7.10E-27 7.00E-19 3.88E-14 1.40E-12 4.37E-12
 7.39E-12 1.18E-11 1.57E-11 1.75E-11 1.68E-11 1.59E-11
 1.00E-74 1.00E-74 4.76E-43 6.21E-27 5.92E-19 3.23E-14 1.19E-12 3.76E-12
 6.43E-12 1.04E-11 1.40E-11 1.58E-11 1.51E-11 1.43E-11
 1.00E-74 1.00E-74 4.25E-43 5.42E-27 5.24E-19 3.05E-14 1.15E-12 3.65E-12
 6.26E-12 1.02E-11 1.38E-11 1.55E-11 1.49E-11 1.40E-11
 1.00E-74 1.00E-74 4.15E-43 5.27E-27 5.13E-19 3.03E-14 1.14E-12 3.63E-12
 6.24E-12 1.01E-11 1.37E-11 1.55E-11 1.49E-11 1.40E-11
 1.00E-74 1.00E-74 4.17E-43 5.28E-27 5.14E-19 3.03E-14 1.14E-12 3.64E-12
 6.25E-12 1.02E-11 1.38E-11 1.55E-11 1.49E-11 1.40E-11
 1.00E-74 1.00E-74 4.36E-43 5.46E-27 5.27E-19 3.09E-14 1.17E-12 3.71E-12
 6.38E-12 1.04E-11 1.40E-11 1.57E-11 1.51E-11 1.42E-11
  38.4716    7  14 /pl=01:ss= 9:pb= 1:sz= 9/type=excit/ispb = t/isel =   27
 1.00E+10 1.00E+11 1.00E+12 1.00E+13 1.00E+14 1.00E+15 1.00E+16
 1.72E+00 2.59E+00 4.31E+00 8.62E+00 1.72E+01 4.31E+01 8.62E+01 1.29E+02
 1.72E+02 2.59E+02 4.31E+02 8.62E+02 1.72E+03 2.59E+03
 1.00E-74 1.00E-74 5.71E-43 6.98E-27 6.59E-19 3.36E-14 1.13E-12 3.45E-12
 5.78E-12 9.16E-12 1.22E-11 1.37E-11 1.34E-11 1.29E-11
 1.00E-74 1.00E-74 5.54E-43 6.80E-27 6.33E-19 3.05E-14 9.95E-13 2.99E-12
 4.97E-12 7.83E-12 1.04E-11 1.17E-11 1.15E-11 1.11E-11
 1.00E-74 1.00E-74 4.99E-43 5.95E-27 5.36E-19 2.54E-14 8.44E-13 2.57E-12
 4.31E-12 6.90E-12 9.30E-12 1.06E-11 1.04E-11 9.96E-12
 1.00E-74 1.00E-74 4.46E-43 5.19E-27 4.74E-19 2.39E-14 8.12E-13 2.49E-12
 4.20E-12 6.75E-12 9.12E-12 1.04E-11 1.02E-11 9.78E-12
 1.00E-74 1.00E-74 4.36E-43 5.06E-27 4.64E-19 2.38E-14 8.09E-13 2.48E-12
 4.19E-12 6.73E-12 9.11E-12 1.04E-11 1.02E-11 9.76E-12
 1.00E-74 1.00E-74 4.37E-43 5.06E-27 4.65E-19 2.38E-14 8.12E-13 2.49E-12
 4.20E-12 6.76E-12 9.13E-12 1.04E-11 1.02E-11 9.78E-12
 1.00E-74 1.00E-74 4.59E-43 5.26E-27 4.79E-19 2.45E-14 8.37E-13 2.57E-12
 4.34E-12 6.98E-12 9.41E-12 1.07E-11 1.04E-11 9.96E-12
  38.5666    7  14 /pl=01:ss= 9:pb= 1:sz= 9/type=excit/ispb = t/isel =   28
 1.00E+10 1.00E+11 1.00E+12 1.00E+13 1.00E+14 1.00E+15 1.00E+16
 1.72E+00 2.59E+00 4.31E+00 8.62E+00 1.72E+01 4.31E+01 8.62E+01 1.29E+02
 1.72E+02 2.59E+02 4.31E+02 8.62E+02 1.72E+03 2.59E+03
 1.00E-74 1.00E-74 5.42E-43 7.56E-27 7.69E-19 3.99E-14 1.29E-12 3.84E-12
 6.35E-12 9.93E-12 1.31E-11 1.48E-11 1.47E-11 1.43E-11
 1.00E-74 1.00E-74 5.35E-43 7.70E-27 7.84E-19 4.13E-14 1.35E-12 4.02E-12
 6.68E-12 1.05E-11 1.40E-11 1.60E-11 1.59E-11 1.54E-11
 1.00E-74 1.00E-74 5.96E-43 8.35E-27 8.43E-19 4.38E-14 1.41E-12 4.19E-12
 6.96E-12 1.10E-11 1.47E-11 1.69E-11 1.69E-11 1.64E-11
 1.00E-74 1.00E-74 6.56E-43 8.94E-27 8.80E-19 4.44E-14 1.42E-12 4.23E-12
 7.01E-12 1.11E-11 1.48E-11 1.70E-11 1.70E-11 1.65E-11
 1.00E-74 1.00E-74 6.67E-43 9.05E-27 8.86E-19 4.45E-14 1.43E-12 4.23E-12
 7.02E-12 1.11E-11 1.48E-11 1.70E-11 1.70E-11 1.66E-11
 1.00E-74 1.00E-74 6.71E-43 9.09E-27 8.88E-19 4.46E-14 1.43E-12 4.24E-12
 7.03E-12 1.11E-11 1.48E-11 1.70E-11 1.71E-11 1.66E-11
 1.00E-74 1.00E-74 6.92E-43 9.30E-27 9.04E-19 4.52E-14 1.44E-12 4.28E-12
 7.09E-12 1.12E-11 1.49E-11 1.71E-11 1.71E-11 1.66E-11
  41.7590    7  14 /pl=01:ss= 9:pb= 1:sz= 9/type=excit/ispb = t/isel =   29
 1.00E+10 1.00E+11 1.00E+12 1.00E+13 1.00E+14 1.00E+15 1.00E+16
 1.72E+00 2.59E+00 4.31E+00 8.62E+00 1.72E+01 4.31E+01 8.62E+01 1.29E+02
 1.72E+02 2.59E+02 4.31E+02 8.62E+02 1.72E+03 2.59E+03
 1.00E-74 1.00E-74 2.81E-41 3.36E-26 1.45E-18 4.97E-14 1.44E-12 4.13E-12
 6.74E-12 1.03E-11 1.30E-11 1.35E-11 1.22E-11 1.11E-11
 1.00E-74 1.00E-74 2.93E-41 3.49E-26 1.52E-18 5.47E-14 1.61E-12 4.68E-12
 7.66E-12 1.18E-11 1.51E-11 1.58E-11 1.41E-11 1.28E-11
 1.00E-74 1.00E-74 3.53E-41 4.12E-26 1.79E-18 6.29E-14 1.81E-12 5.17E-12
 8.42E-12 1.29E-11 1.64E-11 1.73E-11 1.56E-11 1.42E-11
 1.00E-74 1.00E-74 4.12E-41 4.68E-26 1.96E-18 6.53E-14 1.85E-12 5.26E-12
 8.55E-12 1.31E-11 1.67E-11 1.75E-11 1.58E-11 1.44E-11
 1.00E-74 1.00E-74 4.24E-41 4.78E-26 1.98E-18 6.55E-14 1.85E-12 5.27E-12
 8.56E-12 1.31E-11 1.67E-11 1.75E-11 1.59E-11 1.45E-11
 1.00E-74 1.00E-74 4.25E-41 4.80E-26 1.99E-18 6.54E-14 1.84E-12 5.25E-12
 8.53E-12 1.30E-11 1.66E-11 1.75E-11 1.58E-11 1.44E-11
 1.00E-74 1.00E-74 4.29E-41 4.85E-26 1.97E-18 6.37E-14 1.79E-12 5.08E-12
 8.25E-12 1.26E-11 1.61E-11 1.70E-11 1.55E-11 1.42E-11
  42.0599    7  14 /pl=01:ss= 9:pb= 1:sz= 9/type=excit/ispb = t/isel =   30
 1.00E+10 1.00E+11 1.00E+12 1.00E+13 1.00E+14 1.00E+15 1.00E+16
 1.72E+00 2.59E+00 4.31E+00 8.62E+00 1.72E+01 4.31E+01 8.62E+01 1.29E+02
 1.72E+02 2.59E+02 4.31E+02 8.62E+02 1.72E+03 2.59E+03
 1.00E-74 1.00E-74 2.70E-41 3.22E-26 1.39E-18 4.77E-14 1.38E-12 3.97E-12
 6.46E-12 9.85E-12 1.25E-11 1.30E-11 1.17E-11 1.07E-11
 1.00E-74 1.00E-74 2.81E-41 3.35E-26 1.46E-18 5.25E-14 1.55E-12 4.49E-12
 7.35E-12 1.13E-11 1.44E-11 1.51E-11 1.35E-11 1.23E-11
 1.00E-74 1.00E-74 3.39E-41 3.95E-26 1.71E-18 6.04E-14 1.73E-12 4.96E-12
 8.08E-12 1.24E-11 1.58E-11 1.66E-11 1.50E-11 1.36E-11
 1.00E-74 1.00E-74 3.95E-41 4.49E-26 1.88E-18 6.26E-14 1.77E-12 5.05E-12
 8.20E-12 1.25E-11 1.60E-11 1.68E-11 1.52E-11 1.39E-11
 1.00E-74 1.00E-74 4.06E-41 4.59E-26 1.90E-18 6.29E-14 1.78E-12 5.06E-12
 8.21E-12 1.25E-11 1.60E-11 1.68E-11 1.52E-11 1.39E-11
 1.00E-74 1.00E-74 4.08E-41 4.61E-26 1.91E-18 6.27E-14 1.77E-12 5.04E-12
 8.19E-12 1.25E-11 1.60E-11 1.68E-11 1.52E-11 1.39E-11
 1.00E-74 1.00E-74 4.12E-41 4.65E-26 1.89E-18 6.11E-14 1.71E-12 4.87E-12
 7.91E-12 1.21E-11 1.55E-11 1.64E-11 1.49E-11 1.36E-11
  43.0969    7  14 /pl=01:ss= 9:pb= 1:sz= 9/type=excit/ispb = t/isel =   31
 1.00E+10 1.00E+11 1.00E+12 1.00E+13 1.00E+14 1.00E+15 1.00E+16
 1.72E+00 2.59E+00 4.31E+00 8.62E+00 1.72E+01 4.31E+01 8.62E+01 1.29E+02
 1.72E+02 2.59E+02 4.31E+02 8.62E+02 1.72E+03 2.59E+03
 1.00E-74 1.00E-74 2.52E-39 7.49E-25 1.55E-17 3.72E-13 1.01E-11 2.87E-11
 4.65E-11 7.07E-11 8.97E-11 9.42E-11 8.61E-11 7.93E-11
 1.00E-74 1.00E-74 2.48E-39 7.31E-25 1.49E-17 3.41E-13 8.95E-12 2.52E-11
 4.05E-11 6.14E-11 7.79E-11 8.22E-11 7.51E-11 6.91E-11
 1.00E-74 1.00E-74 2.23E-39 6.45E-25 1.28E-17 2.89E-13 7.72E-12 2.20E-11
 3.57E-11 5.48E-11 7.05E-11 7.51E-11 6.88E-11 6.31E-11
 1.00E-74 1.00E-74 2.00E-39 5.69E-25 1.15E-17 2.74E-13 7.46E-12 2.14E-11
 3.49E-11 5.37E-11 6.94E-11 7.40E-11 6.77E-11 6.21E-11
 1.00E-74 1.00E-74 1.95E-39 5.54E-25 1.13E-17 2.73E-13 7.43E-12 2.13E-11
 3.48E-11 5.36E-11 6.92E-11 7.39E-11 6.76E-11 6.20E-11
 1.00E-74 1.00E-74 1.95E-39 5.53E-25 1.13E-17 2.72E-13 7.42E-12 2.13E-11
 3.47E-11 5.36E-11 6.92E-11 7.38E-11 6.76E-11 6.20E-11
 1.00E-74 1.00E-74 1.95E-39 5.58E-25 1.13E-17 2.72E-13 7.38E-12 2.11E-11
 3.45E-11 5.32E-11 6.87E-11 7.34E-11 6.73E-11 6.17E-11
  43.4102    7  14 /pl=01:ss= 9:pb= 1:sz= 9/type=excit/ispb = t/isel =   32
 1.00E+10 1.00E+11 1.00E+12 1.00E+13 1.00E+14 1.00E+15 1.00E+16
 1.72E+00 2.59E+00 4.31E+00 8.62E+00 1.72E+01 4.31E+01 8.62E+01 1.29E+02
 1.72E+02 2.59E+02 4.31E+02 8.62E+02 1.72E+03 2.59E+03
 1.00E-74 1.00E-74 4.84E-41 2.41E-26 7.38E-19 3.61E-14 1.62E-12 5.61E-12
 1.01E-11 1.70E-11 2.32E-11 2.55E-11 2.34E-11 2.13E-11
 1.00E-74 1.00E-74 1.56E-40 5.49E-26 1.54E-18 7.44E-14 2.85E-12 9.28E-12
 1.62E-11 2.68E-11 3.61E-11 3.95E-11 3.61E-11 3.29E-11
 1.00E-74 1.00E-74 6.94E-40 2.00E-25 4.51E-18 1.38E-13 4.20E-12 1.26E-11
 2.12E-11 3.38E-11 4.47E-11 4.87E-11 4.51E-11 4.16E-11
 1.00E-74 1.00E-74 1.22E-39 3.31E-25 6.41E-18 1.56E-13 4.48E-12 1.32E-11
 2.21E-11 3.49E-11 4.61E-11 5.01E-11 4.66E-11 4.31E-11
 1.00E-74 1.00E-74 1.32E-39 3.55E-25 6.71E-18 1.58E-13 4.51E-12 1.33E-11
 2.22E-11 3.51E-11 4.62E-11 5.03E-11 4.68E-11 4.32E-11
 1.00E-74 1.00E-74 1.34E-39 3.58E-25 6.74E-18 1.58E-13 4.51E-12 1.33E-11
 2.21E-11 3.50E-11 4.61E-11 5.02E-11 4.67E-11 4.32E-11
 1.00E-74 1.00E-74 1.34E-39 3.60E-25 6.74E-18 1.57E-13 4.45E-12 1.31E-11
 2.18E-11 3.45E-11 4.55E-11 4.96E-11 4.62E-11 4.28E-11
  43.6803    7  14 /pl=01:ss= 9:pb= 1:sz= 9/type=excit/ispb = t/isel =   33
 1.00E+10 1.00E+11 1.00E+12 1.00E+13 1.00E+14 1.00E+15 1.00E+16
 1.72E+00 2.59E+00 4.31E+00 8.62E+00 1.72E+01 4.31E+01 8.62E+01 1.29E+02
 1.72E+02 2.59E+02 4.31E+02 8.62E+02 1.72E+03 2.59E+03
 1.00E-74 1.00E-74 9.37E-40 1.68E-25 2.63E-18 5.58E-14 1.48E-12 4.22E-12
 6.88E-12 1.06E-11 1.36E-11 1.45E-11 1.34E-11 1.24E-11
 1.00E-74 1.00E-74 1.01E-39 1.79E-25 2.83E-18 6.34E-14 1.72E-12 4.93E-12
 8.09E-12 1.25E-11 1.63E-11 1.75E-11 1.62E-11 1.49E-11
 1.00E-74 1.00E-74 1.37E-39 2.32E-25 3.55E-18 7.62E-14 1.98E-12 5.58E-12
 9.07E-12 1.40E-11 1.81E-11 1.95E-11 1.83E-11 1.70E-11
 1.00E-74 1.00E-74 1.73E-39 2.79E-25 4.02E-18 7.99E-14 2.04E-12 5.70E-12
 9.24E-12 1.42E-11 1.84E-11 1.99E-11 1.86E-11 1.73E-11
 1.00E-74 1.00E-74 1.80E-39 2.88E-25 4.09E-18 8.03E-14 2.04E-12 5.71E-12
 9.26E-12 1.42E-11 1.84E-11 1.99E-11 1.86E-11 1.74E-11
 1.00E-74 1.00E-74 1.80E-39 2.89E-25 4.09E-18 8.01E-14 2.03E-12 5.69E-12
 9.23E-12 1.42E-11 1.83E-11 1.98E-11 1.86E-11 1.73E-11
 1.00E-74 1.00E-74 1.80E-39 2.88E-25 4.04E-18 7.79E-14 1.97E-12 5.50E-12
 8.91E-12 1.37E-11 1.78E-11 1.93E-11 1.82E-11 1.70E-11
  43.8783    7  14 /pl=01:ss= 9:pb= 1:sz= 9/type=excit/ispb = t/isel =   34
 1.00E+10 1.00E+11 1.00E+12 1.00E+13 1.00E+14 1.00E+15 1.00E+16
 1.72E+00 2.59E+00 4.31E+00 8.62E+00 1.72E+01 4.31E+01 8.62E+01 1.29E+02
 1.72E+02 2.59E+02 4.31E+02 8.62E+02 1.72E+03 2.59E+03
 1.00E-74 1.00E-74 1.04E-38 1.51E-24 2.04E-17 3.83E-13 9.25E-12 2.51E-11
 3.98E-11 5.91E-11 7.41E-11 7.81E-11 7.28E-11 6.81E-11
 1.00E-74 1.00E-74 1.03E-38 1.48E-24 1.98E-17 3.58E-13 8.46E-12 2.28E-11
 3.59E-11 5.34E-11 6.72E-11 7.13E-11 6.64E-11 6.20E-11
 1.00E-74 1.00E-74 9.70E-39 1.36E-24 1.77E-17 3.16E-13 7.59E-12 2.07E-11
 3.29E-11 4.95E-11 6.30E-11 6.75E-11 6.30E-11 5.88E-11
 1.00E-74 1.00E-74 9.09E-39 1.25E-24 1.64E-17 3.05E-13 7.41E-12 2.03E-11
 3.24E-11 4.88E-11 6.24E-11 6.69E-11 6.25E-11 5.82E-11
 1.00E-74 1.00E-74 8.97E-39 1.23E-24 1.61E-17 3.03E-13 7.39E-12 2.02E-11
 3.23E-11 4.87E-11 6.23E-11 6.68E-11 6.24E-11 5.82E-11
 1.00E-74 1.00E-74 8.96E-39 1.22E-24 1.61E-17 3.02E-13 7.37E-12 2.02E-11
 3.22E-11 4.86E-11 6.21E-11 6.66E-11 6.23E-11 5.81E-11
 1.00E-74 1.00E-74 8.96E-39 1.22E-24 1.59E-17 2.96E-13 7.20E-12 1.97E-11
 3.15E-11 4.75E-11 6.09E-11 6.55E-11 6.15E-11 5.74E-11
  44.0096    7  14 /pl=01:ss= 9:pb= 1:sz= 9/type=excit/ispb = t/isel =   35
 1.00E+10 1.00E+11 1.00E+12 1.00E+13 1.00E+14 1.00E+15 1.00E+16
 1.72E+00 2.59E+00 4.31E+00 8.62E+00 1.72E+01 4.31E+01 8.62E+01 1.29E+02
 1.72E+02 2.59E+02 4.31E+02 8.62E+02 1.72E+03 2.59E+03
 1.00E-74 1.00E-74 1.42E-39 2.55E-25 3.99E-18 8.46E-14 2.24E-12 6.40E-12
 1.04E-11 1.60E-11 2.06E-11 2.20E-11 2.04E-11 1.89E-11
 1.00E-74 1.00E-74 1.53E-39 2.72E-25 4.29E-18 9.63E-14 2.61E-12 7.48E-12
 1.23E-11 1.90E-11 2.47E-11 2.65E-11 2.46E-11 2.27E-11
 1.00E-74 1.00E-74 2.08E-39 3.52E-25 5.39E-18 1.16E-13 3.01E-12 8.47E-12
 1.38E-11 2.12E-11 2.74E-11 2.96E-11 2.77E-11 2.58E-11
 1.00E-74 1.00E-74 2.62E-39 4.23E-25 6.09E-18 1.21E-13 3.09E-12 8.65E-12
 1.40E-11 2.15E-11 2.79E-11 3.01E-11 2.82E-11 2.63E-11
 1.00E-74 1.00E-74 2.73E-39 4.37E-25 6.20E-18 1.22E-13 3.10E-12 8.67E-12
 1.40E-11 2.16E-11 2.79E-11 3.02E-11 2.83E-11 2.63E-11
 1.00E-74 1.00E-74 2.74E-39 4.38E-25 6.21E-18 1.21E-13 3.09E-12 8.64E-12
 1.40E-11 2.15E-11 2.78E-11 3.01E-11 2.82E-11 2.63E-11
 1.00E-74 1.00E-74 2.74E-39 4.37E-25 6.13E-18 1.18E-13 2.99E-12 8.35E-12
 1.35E-11 2.08E-11 2.69E-11 2.93E-11 2.76E-11 2.58E-11
  44.1326    7  14 /pl=01:ss= 9:pb= 1:sz= 9/type=excit/ispb = t/isel =   36
 1.00E+10 1.00E+11 1.00E+12 1.00E+13 1.00E+14 1.00E+15 1.00E+16
 1.72E+00 2.59E+00 4.31E+00 8.62E+00 1.72E+01 4.31E+01 8.62E+01 1.29E+02
 1.72E+02 2.59E+02 4.31E+02 8.62E+02 1.72E+03 2.59E+03
 1.00E-74 1.00E-74 3.63E-39 4.64E-25 6.11E-18 1.21E-13 3.34E-12 9.88E-12
 1.64E-11 2.58E-11 3.38E-11 3.66E-11 3.43E-11 3.20E-11
 1.00E-74 1.00E-74 3.57E-39 4.55E-25 5.94E-18 1.13E-13 3.06E-12 8.98E-12
 1.49E-11 2.33E-11 3.07E-11 3.35E-11 3.13E-11 2.92E-11
 1.00E-74 1.00E-74 3.30E-39 4.12E-25 5.28E-18 9.98E-14 2.75E-12 8.16E-12
 1.36E-11 2.16E-11 2.88E-11 3.17E-11 2.98E-11 2.77E-11
 1.00E-74 1.00E-74 3.04E-39 3.74E-25 4.86E-18 9.61E-14 2.69E-12 8.00E-12
 1.34E-11 2.14E-11 2.85E-11 3.14E-11 2.95E-11 2.74E-11
 1.00E-74 1.00E-74 2.99E-39 3.67E-25 4.80E-18 9.56E-14 2.68E-12 7.99E-12
 1.34E-11 2.13E-11 2.85E-11 3.14E-11 2.95E-11 2.74E-11
 1.00E-74 1.00E-74 2.98E-39 3.66E-25 4.78E-18 9.54E-14 2.67E-12 7.96E-12
 1.34E-11 2.13E-11 2.84E-11 3.13E-11 2.94E-11 2.74E-11
 1.00E-74 1.00E-74 2.98E-39 3.65E-25 4.73E-18 9.36E-14 2.61E-12 7.79E-12
 1.31E-11 2.08E-11 2.78E-11 3.08E-11 2.90E-11 2.70E-11
  44.2107    7  14 /pl=01:ss= 9:pb= 1:sz= 9/type=excit/ispb = t/isel =   37
 1.00E+10 1.00E+11 1.00E+12 1.00E+13 1.00E+14 1.00E+15 1.00E+16
 1.72E+00 2.59E+00 4.31E+00 8.62E+00 1.72E+01 4.31E+01 8.62E+01 1.29E+02
 1.72E+02 2.59E+02 4.31E+02 8.62E+02 1.72E+03 2.59E+03
 1.00E-74 1.00E-74 1.20E-39 1.74E-25 2.35E-18 4.41E-14 1.07E-12 2.90E-12
 4.58E-12 6.81E-12 8.54E-12 9.01E-12 8.39E-12 7.85E-12
 1.00E-74 1.00E-74 1.19E-39 1.71E-25 2.28E-18 4.12E-14 9.75E-13 2.63E-12
 4.14E-12 6.16E-12 7.75E-12 8.22E-12 7.66E-12 7.14E-12
 1.00E-74 1.00E-74 1.12E-39 1.57E-25 2.04E-18 3.65E-14 8.75E-13 2.38E-12
 3.79E-12 5.70E-12 7.26E-12 7.78E-12 7.26E-12 6.77E-12
 1.00E-74 1.00E-74 1.05E-39 1.44E-25 1.88E-18 3.51E-14 8.54E-13 2.34E-12
 3.73E-12 5.63E-12 7.19E-12 7.71E-12 7.20E-12 6.71E-12
 1.00E-74 1.00E-74 1.03E-39 1.41E-25 1.86E-18 3.49E-14 8.51E-13 2.33E-12
 3.72E-12 5.62E-12 7.18E-12 7.70E-12 7.19E-12 6.71E-12
 1.00E-74 1.00E-74 1.03E-39 1.41E-25 1.86E-18 3.48E-14 8.49E-13 2.32E-12
 3.71E-12 5.60E-12 7.16E-12 7.68E-12 7.18E-12 6.70E-12
 1.00E-74 1.00E-74 1.03E-39 1.41E-25 1.84E-18 3.42E-14 8.30E-13 2.27E-12
 3.63E-12 5.48E-12 7.01E-12 7.55E-12 7.08E-12 6.62E-12
  44.3036    7  14 /pl=01:ss= 9:pb= 1:sz= 9/type=excit/ispb = t/isel =   38
 1.00E+10 1.00E+11 1.00E+12 1.00E+13 1.00E+14 1.00E+15 1.00E+16
 1.72E+00 2.59E+00 4.31E+00 8.62E+00 1.72E+01 4.31E+01 8.62E+01 1.29E+02
 1.72E+02 2.59E+02 4.31E+02 8.62E+02 1.72E+03 2.59E+03
 1.00E-74 1.00E-74 3.03E-40 4.41E-26 7.18E-19 2.15E-14 8.85E-13 3.06E-12
 5.49E-12 9.27E-12 1.28E-11 1.43E-11 1.35E-11 1.25E-11
 1.00E-74 1.00E-74 2.97E-40 4.32E-26 6.99E-19 2.02E-14 8.12E-13 2.77E-12
 4.96E-12 8.36E-12 1.16E-11 1.30E-11 1.22E-11 1.14E-11
 1.00E-74 1.00E-74 2.69E-40 3.91E-26 6.29E-19 1.81E-14 7.32E-13 2.52E-12
 4.54E-12 7.73E-12 1.08E-11 1.22E-11 1.16E-11 1.08E-11
 1.00E-74 1.00E-74 2.42E-40 3.54E-26 5.85E-19 1.75E-14 7.15E-13 2.47E-12
 4.46E-12 7.62E-12 1.07E-11 1.21E-11 1.15E-11 1.07E-11
 1.00E-74 1.00E-74 2.36E-40 3.47E-26 5.78E-19 1.74E-14 7.13E-13 2.47E-12
 4.45E-12 7.61E-12 1.07E-11 1.21E-11 1.15E-11 1.06E-11
 1.00E-74 1.00E-74 2.36E-40 3.46E-26 5.77E-19 1.74E-14 7.13E-13 2.47E-12
 4.45E-12 7.61E-12 1.07E-11 1.21E-11 1.15E-11 1.06E-11
 1.00E-74 1.00E-74 2.35E-40 3.43E-26 5.71E-19 1.73E-14 7.14E-13 2.47E-12
 4.47E-12 7.63E-12 1.07E-11 1.21E-11 1.15E-11 1.07E-11
  44.3358    7  14 /pl=01:ss= 9:pb= 1:sz= 9/type=excit/ispb = t/isel =   39
 1.00E+10 1.00E+11 1.00E+12 1.00E+13 1.00E+14 1.00E+15 1.00E+16
 1.72E+00 2.59E+00 4.31E+00 8.62E+00 1.72E+01 4.31E+01 8.62E+01 1.29E+02
 1.72E+02 2.59E+02 4.31E+02 8.62E+02 1.72E+03 2.59E+03
 1.00E-74 1.00E-74 1.10E-41 8.86E-27 2.52E-19 1.16E-14 5.70E-13 2.06E-12
 3.77E-12 6.48E-12 9.08E-12 1.03E-11 9.93E-12 9.36E-12
 1.00E-74 1.00E-74 1.93E-41 9.88E-27 2.67E-19 1.19E-14 5.73E-13 2.06E-12
 3.77E-12 6.50E-12 9.18E-12 1.05E-11 1.01E-11 9.50E-12
 1.00E-74 1.00E-74 6.04E-41 1.47E-26 3.21E-19 1.25E-14 5.76E-13 2.06E-12
 3.77E-12 6.53E-12 9.28E-12 1.07E-11 1.04E-11 9.78E-12
 1.00E-74 1.00E-74 1.01E-40 1.91E-26 3.56E-19 1.26E-14 5.76E-13 2.06E-12
 3.77E-12 6.53E-12 9.30E-12 1.08E-11 1.04E-11 9.83E-12
 1.00E-74 1.00E-74 1.09E-40 1.99E-26 3.62E-19 1.26E-14 5.76E-13 2.06E-12
 3.77E-12 6.53E-12 9.29E-12 1.08E-11 1.04E-11 9.83E-12
 1.00E-74 1.00E-74 1.10E-40 1.99E-26 3.61E-19 1.26E-14 5.72E-13 2.04E-12
 3.74E-12 6.49E-12 9.24E-12 1.07E-11 1.04E-11 9.79E-12
 1.00E-74 1.00E-74 1.10E-40 1.99E-26 3.54E-19 1.20E-14 5.38E-13 1.92E-12
 3.52E-12 6.11E-12 8.75E-12 1.02E-11 9.99E-12 9.48E-12
  53.0989    7  14 /pl=01:ss= 9:pb= 1:sz= 9/type=excit/ispb = t/isel =   40
 1.00E+10 1.00E+11 1.00E+12 1.00E+13 1.00E+14 1.00E+15 1.00E+16
 1.72E+00 2.59E+00 4.31E+00 8.62E+00 1.72E+01 4.31E+01 8.62E+01 1.29E+02
 1.72E+02 2.59E+02 4.31E+02 8.62E+02 1.72E+03 2.59E+03
 1.00E-74 1.00E-74 4.46E-41 1.36E-25 6.34E-18 1.97E-13 5.12E-12 1.39E-11
 2.16E-11 3.13E-11 3.75E-11 3.67E-11 3.12E-11 2.75E-11
 1.00E-74 1.00E-74 4.37E-41 1.33E-25 6.09E-18 1.79E-13 4.50E-12 1.20E-11
 1.86E-11 2.68E-11 3.20E-11 3.15E-11 2.68E-11 2.36E-11
 1.00E-74 1.00E-74 3.95E-41 1.17E-25 5.17E-18 1.49E-13 3.81E-12 1.03E-11
 1.61E-11 2.35E-11 2.86E-11 2.84E-11 2.42E-11 2.13E-11
 1.00E-74 1.00E-74 3.54E-41 1.02E-25 4.59E-18 1.40E-13 3.67E-12 9.98E-12
 1.57E-11 2.30E-11 2.80E-11 2.79E-11 2.38E-11 2.09E-11
 1.00E-74 1.00E-74 3.46E-41 9.93E-26 4.49E-18 1.39E-13 3.65E-12 9.94E-12
 1.56E-11 2.29E-11 2.80E-11 2.79E-11 2.38E-11 2.09E-11
 1.00E-74 1.00E-74 3.43E-41 9.86E-26 4.46E-18 1.39E-13 3.64E-12 9.90E-12
 1.56E-11 2.29E-11 2.79E-11 2.78E-11 2.37E-11 2.08E-11
 1.00E-74 1.00E-74 3.27E-41 9.47E-26 4.30E-18 1.34E-13 3.52E-12 9.60E-12
 1.51E-11 2.23E-11 2.73E-11 2.72E-11 2.33E-11 2.05E-11
  161.568    7  14 /pl=01:ss= 9:pb= 1:sz= 9/type=excit/ispb = t/isel =   41
 1.00E+10 1.00E+11 1.00E+12 1.00E+13 1.00E+14 1.00E+15 1.00E+16
 1.72E+00 2.59E+00 4.31E+00 8.62E+00 1.72E+01 4.31E+01 8.62E+01 1.29E+02
 1.72E+02 2.59E+02 4.31E+02 8.62E+02 1.72E+03 2.59E+03
 2.92E-28 6.67E-22 7.42E-17 3.88E-13 2.38E-11 2.24E-10 4.09E-10 4.72E-10
 4.93E-10 4.90E-10 4.51E-10 3.74E-10 3.02E-10 2.65E-10
 3.00E-28 6.80E-22 7.51E-17 3.91E-13 2.39E-11 2.25E-10 4.10E-10 4.75E-10
 4.97E-10 4.98E-10 4.62E-10 3.87E-10 3.12E-10 2.72E-10
 3.38E-28 7.43E-22 7.98E-17 4.04E-13 2.44E-11 2.27E-10 4.13E-10 4.78E-10
 5.01E-10 5.04E-10 4.71E-10 3.98E-10 3.22E-10 2.83E-10
 3.74E-28 8.06E-22 8.43E-17 4.16E-13 2.47E-11 2.28E-10 4.13E-10 4.78E-10
 5.02E-10 5.05E-10 4.73E-10 4.00E-10 3.24E-10 2.84E-10
 3.82E-28 8.19E-22 8.52E-17 4.19E-13 2.47E-11 2.28E-10 4.13E-10 4.78E-10
 5.02E-10 5.06E-10 4.73E-10 4.00E-10 3.24E-10 2.85E-10
 3.82E-28 8.20E-22 8.53E-17 4.19E-13 2.47E-11 2.28E-10 4.13E-10 4.78E-10
 5.02E-10 5.05E-10 4.73E-10 4.00E-10 3.24E-10 2.84E-10
 3.81E-28 8.17E-22 8.51E-17 4.18E-13 2.47E-11 2.28E-10 4.12E-10 4.77E-10
 5.01E-10 5.04E-10 4.71E-10 3.98E-10 3.24E-10 2.84E-10
  166.167    7  14 /pl=01:ss= 9:pb= 1:sz= 9/type=excit/ispb = t/isel =   42
 1.00E+10 1.00E+11 1.00E+12 1.00E+13 1.00E+14 1.00E+15 1.00E+16
 1.72E+00 2.59E+00 4.31E+00 8.62E+00 1.72E+01 4.31E+01 8.62E+01 1.29E+02
 1.72E+02 2.59E+02 4.31E+02 8.62E+02 1.72E+03 2.59E+03
 1.34E-28 3.07E-22 3.41E-17 1.78E-13 1.09E-11 1.03E-10 1.88E-10 2.17E-10
 2.27E-10 2.26E-10 2.07E-10 1.72E-10 1.39E-10 1.22E-10
 1.38E-28 3.13E-22 3.45E-17 1.80E-13 1.10E-11 1.04E-10 1.89E-10 2.18E-10
 2.29E-10 2.29E-10 2.12E-10 1.78E-10 1.43E-10 1.25E-10
 1.55E-28 3.42E-22 3.67E-17 1.86E-13 1.12E-11 1.05E-10 1.90E-10 2.20E-10
 2.31E-10 2.32E-10 2.17E-10 1.83E-10 1.48E-10 1.30E-10
 1.72E-28 3.71E-22 3.88E-17 1.92E-13 1.14E-11 1.05E-10 1.90E-10 2.20E-10
 2.31E-10 2.32E-10 2.17E-10 1.84E-10 1.49E-10 1.31E-10
 1.75E-28 3.77E-22 3.92E-17 1.93E-13 1.14E-11 1.05E-10 1.90E-10 2.20E-10
 2.31E-10 2.33E-10 2.17E-10 1.84E-10 1.49E-10 1.31E-10
 1.76E-28 3.77E-22 3.92E-17 1.93E-13 1.14E-11 1.05E-10 1.90E-10 2.20E-10
 2.31E-10 2.32E-10 2.17E-10 1.84E-10 1.49E-10 1.31E-10
 1.75E-28 3.76E-22 3.91E-17 1.92E-13 1.14E-11 1.05E-10 1.90E-10 2.20E-10
 2.30E-10 2.32E-10 2.17E-10 1.83E-10 1.49E-10 1.31E-10
  448.064    7  14 /pl=01:ss= 9:pb= 1:sz= 9/type=excit/ispb = t/isel =   43
 1.00E+10 1.00E+11 1.00E+12 1.00E+13 1.00E+14 1.00E+15 1.00E+16
 1.72E+00 2.59E+00 4.31E+00 8.62E+00 1.72E+01 4.31E+01 8.62E+01 1.29E+02
 1.72E+02 2.59E+02 4.31E+02 8.62E+02 1.72E+03 2.59E+03
 1.00E-74 1.00E-74 3.54E-41 1.08E-25 5.03E-18 1.56E-13 4.06E-12 1.10E-11
 1.72E-11 2.48E-11 2.97E-11 2.91E-11 2.47E-11 2.18E-11
 1.00E-74 1.00E-74 3.47E-41 1.05E-25 4.83E-18 1.42E-13 3.57E-12 9.51E-12
 1.47E-11 2.12E-11 2.54E-11 2.50E-11 2.13E-11 1.87E-11
 1.00E-74 1.00E-74 3.14E-41 9.25E-26 4.10E-18 1.18E-13 3.02E-12 8.16E-12
 1.28E-11 1.87E-11 2.27E-11 2.25E-11 1.92E-11 1.69E-11
 1.00E-74 1.00E-74 2.81E-41 8.09E-26 3.64E-18 1.11E-13 2.91E-12 7.91E-12
 1.24E-11 1.83E-11 2.22E-11 2.21E-11 1.89E-11 1.66E-11
 1.00E-74 1.00E-74 2.74E-41 7.87E-26 3.56E-18 1.10E-13 2.90E-12 7.88E-12
 1.24E-11 1.82E-11 2.22E-11 2.21E-11 1.88E-11 1.65E-11
 1.00E-74 1.00E-74 2.72E-41 7.82E-26 3.54E-18 1.10E-13 2.88E-12 7.85E-12
 1.24E-11 1.81E-11 2.21E-11 2.20E-11 1.88E-11 1.65E-11
 1.00E-74 1.00E-74 2.59E-41 7.51E-26 3.41E-18 1.06E-13 2.79E-12 7.62E-12
 1.20E-11 1.77E-11 2.16E-11 2.16E-11 1.85E-11 1.63E-11
  549.867    7  14 /pl=01:ss= 9:pb= 1:sz= 9/type=excit/ispb = t/isel =   44
 1.00E+10 1.00E+11 1.00E+12 1.00E+13 1.00E+14 1.00E+15 1.00E+16
 1.72E+00 2.59E+00 4.31E+00 8.62E+00 1.72E+01 4.31E+01 8.62E+01 1.29E+02
 1.72E+02 2.59E+02 4.31E+02 8.62E+02 1.72E+03 2.59E+03
 1.00E-74 1.00E-74 4.27E-41 1.31E-25 6.08E-18 1.88E-13 4.91E-12 1.33E-11
 2.08E-11 3.00E-11 3.59E-11 3.52E-11 2.99E-11 2.63E-11
 1.00E-74 1.00E-74 4.19E-41 1.27E-25 5.84E-18 1.71E-13 4.31E-12 1.15E-11
 1.78E-11 2.57E-11 3.07E-11 3.02E-11 2.57E-11 2.26E-11
 1.00E-74 1.00E-74 3.79E-41 1.12E-25 4.96E-18 1.43E-13 3.65E-12 9.87E-12
 1.55E-11 2.26E-11 2.74E-11 2.72E-11 2.32E-11 2.04E-11
 1.00E-74 1.00E-74 3.39E-41 9.78E-26 4.40E-18 1.35E-13 3.52E-12 9.56E-12
 1.50E-11 2.21E-11 2.69E-11 2.68E-11 2.28E-11 2.00E-11
 1.00E-74 1.00E-74 3.31E-41 9.52E-26 4.31E-18 1.34E-13 3.50E-12 9.53E-12
 1.50E-11 2.20E-11 2.68E-11 2.67E-11 2.28E-11 2.00E-11
 1.00E-74 1.00E-74 3.29E-41 9.45E-26 4.28E-18 1.33E-13 3.49E-12 9.49E-12
 1.49E-11 2.19E-11 2.68E-11 2.66E-11 2.27E-11 2.00E-11
 1.00E-74 1.00E-74 3.13E-41 9.08E-26 4.12E-18 1.28E-13 3.37E-12 9.21E-12
 1.45E-11 2.14E-11 2.61E-11 2.61E-11 2.24E-11 1.97E-11
  668.844    7  14 /pl=01:ss= 9:pb= 1:sz= 9/type=excit/ispb = t/isel =   45
 1.00E+10 1.00E+11 1.00E+12 1.00E+13 1.00E+14 1.00E+15 1.00E+16
 1.72E+00 2.59E+00 4.31E+00 8.62E+00 1.72E+01 4.31E+01 8.62E+01 1.29E+02
 1.72E+02 2.59E+02 4.31E+02 8.62E+02 1.72E+03 2.59E+03
 1.00E-74 1.00E-74 5.89E-42 3.29E-26 2.08E-18 7.89E-14 2.27E-12 6.42E-12
 1.03E-11 1.54E-11 1.91E-11 1.94E-11 1.71E-11 1.54E-11
 1.00E-74 1.00E-74 5.80E-42 3.22E-26 2.01E-18 7.25E-14 2.02E-12 5.67E-12
 9.07E-12 1.35E-11 1.68E-11 1.71E-11 1.51E-11 1.36E-11
 1.00E-74 1.00E-74 5.34E-42 2.88E-26 1.74E-18 6.19E-14 1.76E-12 4.98E-12
 8.05E-12 1.22E-11 1.53E-11 1.58E-11 1.40E-11 1.26E-11
 1.00E-74 1.00E-74 4.88E-42 2.58E-26 1.57E-18 5.89E-14 1.70E-12 4.85E-12
 7.87E-12 1.19E-11 1.51E-11 1.56E-11 1.38E-11 1.24E-11
 1.00E-74 1.00E-74 4.79E-42 2.52E-26 1.54E-18 5.85E-14 1.69E-12 4.83E-12
 7.84E-12 1.19E-11 1.51E-11 1.56E-11 1.38E-11 1.24E-11
 1.00E-74 1.00E-74 4.71E-42 2.48E-26 1.52E-18 5.78E-14 1.68E-12 4.79E-12
 7.77E-12 1.18E-11 1.50E-11 1.55E-11 1.37E-11 1.23E-11
 1.00E-74 1.00E-74 4.11E-42 2.23E-26 1.38E-18 5.24E-14 1.53E-12 4.39E-12
 7.16E-12 1.09E-11 1.40E-11 1.46E-11 1.31E-11 1.18E-11
  684.239    7  14 /pl=01:ss= 9:pb= 1:sz= 9/type=excit/ispb = t/isel =   46
 1.00E+10 1.00E+11 1.00E+12 1.00E+13 1.00E+14 1.00E+15 1.00E+16
 1.72E+00 2.59E+00 4.31E+00 8.62E+00 1.72E+01 4.31E+01 8.62E+01 1.29E+02
 1.72E+02 2.59E+02 4.31E+02 8.62E+02 1.72E+03 2.59E+03
 1.00E-74 1.00E-74 7.75E-41 7.83E-26 2.10E-18 4.90E-14 1.25E-12 3.45E-12
 5.50E-12 8.25E-12 1.03E-11 1.07E-11 9.69E-12 8.87E-12
 1.00E-74 1.00E-74 7.61E-41 7.64E-26 2.02E-18 4.48E-14 1.11E-12 3.03E-12
 4.80E-12 7.17E-12 9.00E-12 9.39E-12 8.52E-12 7.79E-12
 1.00E-74 1.00E-74 6.93E-41 6.76E-26 1.73E-18 3.77E-14 9.50E-13 2.64E-12
 4.23E-12 6.42E-12 8.18E-12 8.62E-12 7.85E-12 7.18E-12
 1.00E-74 1.00E-74 6.25E-41 5.96E-26 1.55E-18 3.57E-14 9.18E-13 2.57E-12
 4.13E-12 6.29E-12 8.04E-12 8.50E-12 7.74E-12 7.08E-12
 1.00E-74 1.00E-74 6.11E-41 5.80E-26 1.51E-18 3.54E-14 9.13E-13 2.55E-12
 4.11E-12 6.27E-12 8.02E-12 8.48E-12 7.73E-12 7.06E-12
 1.00E-74 1.00E-74 5.97E-41 5.70E-26 1.49E-18 3.49E-14 9.01E-13 2.52E-12
 4.06E-12 6.20E-12 7.95E-12 8.41E-12 7.68E-12 7.02E-12
 1.00E-74 1.00E-74 4.97E-41 4.91E-26 1.30E-18 3.07E-14 7.99E-13 2.25E-12
 3.65E-12 5.62E-12 7.28E-12 7.81E-12 7.22E-12 6.66E-12
  702.184    7  14 /pl=01:ss= 9:pb= 1:sz= 9/type=excit/ispb = t/isel =   47
 1.00E+10 1.00E+11 1.00E+12 1.00E+13 1.00E+14 1.00E+15 1.00E+16
 1.72E+00 2.59E+00 4.31E+00 8.62E+00 1.72E+01 4.31E+01 8.62E+01 1.29E+02
 1.72E+02 2.59E+02 4.31E+02 8.62E+02 1.72E+03 2.59E+03
 1.00E-74 1.00E-74 8.38E-41 6.69E-26 1.59E-18 3.59E-14 9.62E-13 2.78E-12
 4.56E-12 7.04E-12 9.06E-12 9.54E-12 8.65E-12 7.90E-12
 1.00E-74 1.00E-74 8.28E-41 6.57E-26 1.55E-18 3.34E-14 8.69E-13 2.49E-12
 4.05E-12 6.24E-12 8.04E-12 8.50E-12 7.70E-12 7.01E-12
 1.00E-74 1.00E-74 7.79E-41 6.01E-26 1.37E-18 2.92E-14 7.68E-13 2.22E-12
 3.64E-12 5.68E-12 7.40E-12 7.90E-12 7.16E-12 6.51E-12
 1.00E-74 1.00E-74 7.30E-41 5.50E-26 1.26E-18 2.80E-14 7.47E-13 2.17E-12
 3.57E-12 5.58E-12 7.30E-12 7.80E-12 7.08E-12 6.43E-12
 1.00E-74 1.00E-74 7.19E-41 5.39E-26 1.24E-18 2.78E-14 7.44E-13 2.16E-12
 3.56E-12 5.57E-12 7.29E-12 7.79E-12 7.07E-12 6.42E-12
 1.00E-74 1.00E-74 7.04E-41 5.31E-26 1.23E-18 2.76E-14 7.40E-13 2.15E-12
 3.55E-12 5.55E-12 7.27E-12 7.77E-12 7.05E-12 6.41E-12
 1.00E-74 1.00E-74 5.92E-41 4.66E-26 1.11E-18 2.55E-14 6.98E-13 2.05E-12
 3.40E-12 5.35E-12 7.05E-12 7.58E-12 6.92E-12 6.30E-12
  708.912    7  14 /pl=01:ss= 9:pb= 1:sz= 9/type=excit/ispb = t/isel =   48
 1.00E+10 1.00E+11 1.00E+12 1.00E+13 1.00E+14 1.00E+15 1.00E+16
 1.72E+00 2.59E+00 4.31E+00 8.62E+00 1.72E+01 4.31E+01 8.62E+01 1.29E+02
 1.72E+02 2.59E+02 4.31E+02 8.62E+02 1.72E+03 2.59E+03
 1.00E-74 1.00E-74 6.68E-41 6.27E-26 1.62E-18 3.76E-14 9.77E-13 2.75E-12
 4.43E-12 6.69E-12 8.44E-12 8.72E-12 7.81E-12 7.08E-12
 1.00E-74 1.00E-74 6.64E-41 6.19E-26 1.59E-18 3.55E-14 9.02E-13 2.51E-12
 4.04E-12 6.08E-12 7.70E-12 7.99E-12 7.14E-12 6.45E-12
 1.00E-74 1.00E-74 6.41E-41 5.82E-26 1.45E-18 3.20E-14 8.19E-13 2.30E-12
 3.72E-12 5.66E-12 7.25E-12 7.58E-12 6.79E-12 6.13E-12
 1.00E-74 1.00E-74 6.18E-41 5.48E-26 1.37E-18 3.10E-14 8.02E-13 2.26E-12
 3.66E-12 5.59E-12 7.18E-12 7.52E-12 6.74E-12 6.08E-12
 1.00E-74 1.00E-74 6.13E-41 5.41E-26 1.35E-18 3.09E-14 8.00E-13 2.25E-12
 3.65E-12 5.58E-12 7.17E-12 7.51E-12 6.73E-12 6.07E-12
 1.00E-74 1.00E-74 6.01E-41 5.33E-26 1.34E-18 3.07E-14 7.95E-13 2.24E-12
 3.64E-12 5.56E-12 7.14E-12 7.49E-12 6.71E-12 6.06E-12
 1.00E-74 1.00E-74 5.09E-41 4.71E-26 1.22E-18 2.85E-14 7.51E-13 2.13E-12
 3.48E-12 5.35E-12 6.92E-12 7.30E-12 6.58E-12 5.95E-12
  709.006    7  14 /pl=01:ss= 9:pb= 1:sz= 9/type=excit/ispb = t/isel =   49
 1.00E+10 1.00E+11 1.00E+12 1.00E+13 1.00E+14 1.00E+15 1.00E+16
 1.72E+00 2.59E+00 4.31E+00 8.62E+00 1.72E+01 4.31E+01 8.62E+01 1.29E+02
 1.72E+02 2.59E+02 4.31E+02 8.62E+02 1.72E+03 2.59E+03
 1.00E-74 1.00E-74 3.05E-41 5.21E-26 1.81E-18 5.00E-14 1.39E-12 3.99E-12
 6.50E-12 9.96E-12 1.26E-11 1.31E-11 1.17E-11 1.06E-11
 1.00E-74 1.00E-74 2.99E-41 5.08E-26 1.74E-18 4.54E-14 1.21E-12 3.45E-12
 5.58E-12 8.50E-12 1.08E-11 1.12E-11 1.00E-11 9.05E-12
 1.00E-74 1.00E-74 2.70E-41 4.45E-26 1.47E-18 3.77E-14 1.03E-12 2.96E-12
 4.83E-12 7.47E-12 9.63E-12 1.01E-11 9.05E-12 8.15E-12
 1.00E-74 1.00E-74 2.41E-41 3.88E-26 1.30E-18 3.55E-14 9.88E-13 2.87E-12
 4.70E-12 7.30E-12 9.44E-12 9.96E-12 8.89E-12 8.00E-12
 1.00E-74 1.00E-74 2.35E-41 3.77E-26 1.27E-18 3.52E-14 9.84E-13 2.86E-12
 4.69E-12 7.28E-12 9.42E-12 9.94E-12 8.87E-12 7.99E-12
 1.00E-74 1.00E-74 2.30E-41 3.71E-26 1.26E-18 3.50E-14 9.79E-13 2.85E-12
 4.67E-12 7.27E-12 9.41E-12 9.93E-12 8.87E-12 7.98E-12
 1.00E-74 1.00E-74 1.95E-41 3.31E-26 1.16E-18 3.31E-14 9.43E-13 2.76E-12
 4.56E-12 7.13E-12 9.26E-12 9.82E-12 8.79E-12 7.93E-12
  5837.17    7  14 /pl=01:ss= 9:pb= 1:sz= 9/type=excit/ispb = t/isel =   50
 1.00E+10 1.00E+11 1.00E+12 1.00E+13 1.00E+14 1.00E+15 1.00E+16
 1.72E+00 2.59E+00 4.31E+00 8.62E+00 1.72E+01 4.31E+01 8.62E+01 1.29E+02
 1.72E+02 2.59E+02 4.31E+02 8.62E+02 1.72E+03 2.59E+03
 1.18E-11 1.63E-11 2.15E-11 2.88E-11 4.68E-11 1.41E-10 2.33E-10 2.87E-10
 3.24E-10 3.63E-10 3.81E-10 3.65E-10 3.31E-10 3.10E-10
 1.08E-11 1.49E-11 1.97E-11 2.61E-11 4.06E-11 9.72E-11 1.34E-10 1.50E-10
 1.59E-10 1.66E-10 1.65E-10 1.56E-10 1.45E-10 1.39E-10
 5.87E-12 8.20E-12 1.07E-11 1.36E-11 1.74E-11 2.36E-11 2.55E-11 2.61E-11
 2.62E-11 2.59E-11 2.49E-11 2.34E-11 2.23E-11 2.18E-11
 1.05E-12 1.49E-12 1.94E-12 2.34E-12 2.59E-12 2.75E-12 2.81E-12 2.82E-12
 2.80E-12 2.74E-12 2.62E-12 2.46E-12 2.35E-12 2.32E-12
 1.14E-13 1.62E-13 2.10E-13 2.53E-13 2.73E-13 2.79E-13 2.83E-13 2.84E-13
 2.82E-13 2.76E-13 2.63E-13 2.47E-13 2.37E-13 2.33E-13
 1.15E-14 1.63E-14 2.12E-14 2.55E-14 2.74E-14 2.80E-14 2.84E-14 2.84E-14
 2.82E-14 2.76E-14 2.63E-14 2.47E-14 2.37E-14 2.33E-14
 1.16E-15 1.64E-15 2.12E-15 2.55E-15 2.74E-15 2.80E-15 2.84E-15 2.84E-15
 2.82E-15 2.75E-15 2.63E-15 2.47E-15 2.36E-15 2.33E-15
c-------------------------------------------------------------------------------
 
C  root partition information
C  ==========================
C
C  nuclear charge : 18
C  ion charge+1   : 10
C
C  population calculation information
C  ----------------------------------
C
C  population processing code: adas810
C
C  adf04 source file    : adf04_copmm#18_ic_40#ar9.dat
C  adf18/a17_p208 file  : NULL
C
C  meta. ion. coeff. selector  : 
 
C  options  : lnorm =T  lpsel =F  lzsel =T  liosel=F
C           : lhsel =F  lrsel =F  lisel =F  lnsel =F
 
C  energy levels
C  -------------
C
C   lv      configuration    (2S+1)L(w-1/2)      energy (cm^-1)
C  ---   ------------------- --------------      --------------
c    1   22553                  (2)1(  1.5)             0.0
c    2   22553                  (2)1(  0.5)         17131.6
c    3   12563                  (2)0(  0.5)        618934.1
c    4   22543514               (4)1(  2.5)       2257154.0
c    5   22543514               (4)1(  1.5)       2265898.0
c    6   22543514               (4)1(  0.5)       2272645.4
c    7   22543514               (2)1(  1.5)       2279029.9
c    8   22543514               (2)1(  0.5)       2289363.7
c    9   22543514               (2)2(  2.5)       2320349.9
c   10   22543514               (2)2(  1.5)       2320735.9
c   11   22543514               (2)0(  0.5)       2394691.5
c   12   22543515               (4)1(  2.5)       2395379.7
c   13   22543515               (4)1(  1.5)       2396964.6
c   14   22543515               (4)1(  0.5)       2402653.6
c   15   22543515               (4)2(  3.5)       2404731.2
c   16   22543515               (4)2(  2.5)       2408310.9
c   17   22543515               (4)2(  1.5)       2415108.3
c   18   22543515               (4)2(  0.5)       2417326.4
c   19   22543515               (2)1(  0.5)       2419690.6
c   20   22543515               (2)2(  2.5)       2420091.2
c   21   22543515               (2)2(  1.5)       2425177.7
c   22   22543515               (4)0(  1.5)       2428491.8
c   23   22543515               (2)1(  1.5)       2431354.1
c   24   22543515               (2)0(  0.5)       2432582.1
c   25   22543515               (2)3(  2.5)       2458710.6
c   26   22543515               (2)3(  3.5)       2461392.4
c   27   22543515               (2)2(  1.5)       2472276.2
c   28   22543515               (2)2(  2.5)       2473990.0
c   29   22543515               (2)1(  1.5)       2502212.2
c   30   22543515               (2)1(  0.5)       2507858.3
c   31   22543515               (2)1(  1.5)       2544203.1
c   32   22543515               (2)1(  0.5)       2546421.6
c   33   22543516               (4)2(  3.5)       2576956.2
c   34   22543516               (4)2(  2.5)       2577698.7
c   35   22543516               (4)2(  1.5)       2579511.4
c   36   22543516               (4)2(  0.5)       2581754.9
c   37   22543516               (4)3(  4.5)       2588724.9
c   38   22543516               (4)3(  3.5)       2593253.8
c   39   22543516               (4)1(  0.5)       2596819.0
c   40   22543516               (4)3(  2.5)       2599317.5
c   41   22543516               (4)1(  1.5)       2600407.6
c   42   22543516               (2)3(  3.5)       2602963.7
c   43   22543516               (4)3(  1.5)       2603060.7
c   44   22543516               (2)1(  0.5)       2605086.7
c   45   22543516               (4)1(  2.5)       2605517.2
c   46   22543516               (2)3(  2.5)       2609286.6
c   47   22543516               (2)2(  1.5)       2610051.6
c   48   22543516               (2)1(  1.5)       2618402.6
c   49   22543516               (2)2(  2.5)       2619652.7
c   50   22543516               (2)4(  3.5)       2641922.6
c   51   22543516               (2)4(  4.5)       2642197.0
c   52   22543516               (2)0(  0.5)       2652505.7
c   53   22543516               (2)3(  2.5)       2655248.4
c   54   22543516               (2)3(  3.5)       2656820.9
c   55   22543516               (2)1(  1.5)       2661205.6
c   56   22543516               (2)2(  2.5)       2662707.8
c   57   22543516               (2)1(  0.5)       2667045.8
c   58   22543516               (2)2(  1.5)       2668029.5
c   59   22543516               (2)2(  2.5)       2725955.6
c   60   22543516               (2)2(  1.5)       2727896.4
c   61   12553515               (4)0(  1.5)       2936883.2
c   62   12553515               (4)2(  3.5)       2951238.1
c   63   12553515               (4)2(  2.5)       2952584.3
c   64   12553515               (4)2(  1.5)       2957093.4
c   65   12553515               (4)2(  0.5)       2961635.6
c   66   12553515               (4)1(  2.5)       2962501.6
c   67   12553515               (2)1(  1.5)       2968498.9
c   68   12553515               (2)2(  2.5)       2969537.0
c   69   12553515               (4)1(  0.5)       2970248.1
c   70   12553515               (4)1(  1.5)       2971060.0
c   71   12553515               (2)1(  0.5)       2976396.9
c   72   12553515               (2)2(  1.5)       2979255.8
c   73   12553515               (2)0(  0.5)       3009118.3
c   74   22543517               (4)1(  2.5)       3039148.7
c   75   22543517               (2)1(  1.5)       3042295.8
c   76   22543517               (4)1(  1.5)       3053337.3
c   77   22543517               (4)1(  0.5)       3054043.5
c   78   22543517               (2)1(  0.5)       3058487.2
c   79   22543518               (4)1(  2.5)       3090188.8
c   80   22543518               (4)1(  1.5)       3091673.2
c   81   22543517               (2)2(  1.5)       3092529.1
c   82   22543517               (2)2(  2.5)       3092666.2
c   83   22543518               (4)2(  3.5)       3093120.4
c   84   22543518               (2)2(  2.5)       3095021.5
c   85   22543518               (4)1(  0.5)       3096152.2
c   86   22543518               (2)2(  1.5)       3102211.5
c   87   22543518               (2)0(  0.5)       3105594.9
c   88   22543518               (4)2(  2.5)       3106634.1
c   89   22543518               (4)2(  0.5)       3107300.3
c   90   22543518               (4)2(  1.5)       3108841.0
c   91   22543518               (4)0(  1.5)       3109822.3
c   92   22543518               (2)1(  1.5)       3115638.9
c   93   22543518               (2)1(  0.5)       3117252.8
c   94   12553515               (2)2(  1.5)       3119958.6
c   95   12553516               (4)1(  0.5)       3122230.5
c   96   12553515               (2)2(  2.5)       3122678.4
c   97   12553516               (4)3(  4.5)       3123276.8
c   98   12553516               (4)1(  1.5)       3124117.1
c   99   12553515               (2)1(  0.5)       3124277.8
c  100   12553515               (2)1(  1.5)       3125793.1
c  101   12553516               (4)3(  3.5)       3126720.0
c  102   12553516               (4)1(  2.5)       3127254.1
c  103   12553516               (4)3(  2.5)       3130937.5
c  104   12553516               (4)3(  1.5)       3134428.3
c  105   12553515               (2)0(  0.5)       3135251.8
c  106   12553516               (4)2(  3.5)       3140717.8
c  107   12553516               (4)2(  0.5)       3146603.3
c  108   12553516               (4)2(  2.5)       3147269.1
c  109   12553516               (2)3(  3.5)       3147667.8
c  110   12553516               (4)2(  1.5)       3147905.5
c  111   12553516               (2)3(  2.5)       3148906.3
c  112   22543518               (2)3(  2.5)       3151200.2
c  113   22543518               (2)3(  3.5)       3151357.1
c  114   22543518               (2)2(  1.5)       3154813.2
c  115   22543518               (2)2(  2.5)       3155837.7
c  116   12553516               (2)2(  1.5)       3156713.8
c  117   22543519               (4)2(  3.5)       3157573.2
c  118   22543519               (4)2(  2.5)       3158040.8
c  119   12553516               (2)2(  2.5)       3158952.3
c  120   22543518               (2)1(  1.5)       3159147.4
c  121   22543519               (4)2(  1.5)       3159250.8
c  122   22543519               (4)3(  4.5)       3160952.4
c  123   22543519               (4)2(  0.5)       3160967.8
c  124   22543518               (2)1(  0.5)       3162914.6
c  125   22543519               (2)3(  3.5)       3163218.8
c  126   22543519               (4)1(  0.5)       3165641.3
c  127   22543519               (4)1(  1.5)       3168289.8
c  128   22543519               (4)3(  2.5)       3168292.5
c  129   12553516               (2)1(  0.5)       3173160.1
c  130   22543519               (4)3(  3.5)       3174015.7
c  131   22543517               (2)0(  0.5)       3174250.5
c  132   22543519               (2)1(  0.5)       3174808.0
c  133   22543519               (4)3(  1.5)       3175702.9
c  134   22543519               (4)1(  2.5)       3175793.1
c  135   22543519               (2)3(  2.5)       3176981.9
c  136   22543519               (2)2(  1.5)       3177342.9
c  137   12553516               (2)1(  1.5)       3180904.4
c  138   22543519               (2)2(  2.5)       3183553.8
c  139   22543519               (2)1(  1.5)       3185253.0
c  140   2254351A               (4)4(  5.5)       3187295.7
c  141   2254351A               (2)4(  4.5)       3187391.3
c  142   2254351A               (4)3(  4.5)       3188248.2
c  143   2254351A               (2)3(  3.5)       3188455.5
c  144   2254351A               (4)3(  2.5)       3189508.7
c  145   2254351A               (4)3(  3.5)       3189565.4
c  146   2254351A               (4)2(  1.5)       3190776.7
c  147   2254351A               (4)2(  2.5)       3190908.3
c  148   2254351A               (4)2(  0.5)       3191799.3
c  149   2254351A               (2)2(  1.5)       3192072.1
c  150   2254351A               (4)4(  4.5)       3201205.5
c  151   2254351A               (4)4(  3.5)       3201306.9
c  152   2254351A               (4)4(  2.5)       3202073.3
c  153   2254351A               (2)4(  3.5)       3202253.5
c  154   2254351A               (4)3(  1.5)       3203398.2
c  155   2254351A               (2)3(  2.5)       3203677.8
c  156   2254351A               (4)2(  3.5)       3206240.7
c  157   2254351A               (2)2(  2.5)       3206246.3
c  158   22543519               (2)4(  3.5)       3217192.2
c  159   22543519               (2)4(  4.5)       3217335.3
c  160   22543519               (2)3(  2.5)       3221740.0
c  161   22543519               (2)0(  0.5)       3222018.4
c  162   22543519               (2)3(  3.5)       3222417.5
c  163   22543519               (2)1(  1.5)       3222747.3
c  164   22543519               (2)2(  2.5)       3223607.1
c  165   22543519               (2)2(  1.5)       3225561.1
c  166   22543519               (2)1(  0.5)       3225671.2
c  167   22543518               (2)1(  0.5)       3227381.5
c  168   22543518               (2)1(  1.5)       3227608.1
c  169   2254351A               (2)1(  1.5)       3236512.2
c  170   2254351A               (2)1(  0.5)       3236563.8
c  171   2254351A               (2)2(  2.5)       3239887.3
c  172   2254351A               (2)2(  1.5)       3239978.9
c  173   2254351A               (2)3(  3.5)       3243370.4
c  174   2254351A               (2)5(  4.5)       3243422.2
c  175   2254351A               (2)3(  2.5)       3243474.6
c  176   2254351A               (2)5(  5.5)       3243487.9
c  177   2254351A               (2)4(  3.5)       3246225.8
c  178   2254351A               (2)4(  4.5)       3246305.2
c  179   12553516               (2)3(  2.5)       3294526.0
c  180   12553516               (2)3(  3.5)       3294575.9
c  181   22543519               (2)2(  2.5)       3295157.5
c  182   22543519               (2)2(  1.5)       3295882.7
c  183   12553516               (2)1(  1.5)       3308276.3
c  184   12553516               (2)1(  0.5)       3309212.4
c  185   12553516               (2)2(  1.5)       3309896.1
c  186   12553516               (2)2(  2.5)       3309943.4
c  187   2254351A               (2)3(  2.5)       3323149.8
c  188   2254351A               (2)3(  3.5)       3323343.2
c  189   2254351B               (4)1(  2.5)       3362502.9
c  190   2254351B               (2)1(  1.5)       3364530.8
c  191   2254351B               (4)1(  1.5)       3376474.5
c  192   2254351B               (4)1(  0.5)       3377219.9
c  193   2254351B               (2)1(  0.5)       3380755.6
c  194   2254351C               (4)1(  2.5)       3388910.2
c  195   2254351C               (4)1(  1.5)       3389745.4
c  196   2254351C               (4)2(  3.5)       3390351.6
c  197   2254351C               (2)2(  2.5)       3391157.1
c  198   2254351C               (2)0(  0.5)       3392211.6
c  199   2254351C               (2)1(  1.5)       3395727.1
c  200   2254351C               (4)1(  0.5)       3402893.6
c  201   2254351C               (4)2(  2.5)       3403773.4
c  202   2254351C               (4)0(  1.5)       3404876.5
c  203   2254351C               (4)2(  1.5)       3405200.7
c  204   2254351C               (4)2(  0.5)       3405206.6
c  205   2254351C               (2)2(  1.5)       3409204.9
c  206   2254351C               (2)1(  0.5)       3410303.9
c  207   2254351D               (4)2(  3.5)       3420764.6
c  208   2254351B               (2)2(  2.5)       3420898.9
c  209   2254351B               (2)2(  1.5)       3421118.1
c  210   2254351D               (4)2(  2.5)       3421141.3
c  211   2254351D               (4)2(  1.5)       3421713.9
c  212   2254351D               (4)3(  4.5)       3422258.9
c  213   2254351D               (4)1(  0.5)       3422602.7
c  214   2254351D               (2)3(  3.5)       3423433.0
c  215   2254351D               (2)1(  0.5)       3425226.4
c  216   2254351D               (2)2(  1.5)       3426658.5
c  217   2254351D               (2)2(  2.5)       3426724.8
c  218   2254351E               (4)3(  4.5)       3435246.2
c  219   2254351E               (4)3(  3.5)       3435320.5
c  220   2254351D               (4)3(  3.5)       3435439.1
c  221   2254351D               (4)2(  0.5)       3435485.1
c  222   2254351E               (4)3(  2.5)       3435505.3
c  223   2254351E               (2)3(  3.5)       3435687.9
c  224   2254351E               (4)4(  5.5)       3435745.0
c  225   2254351E               (2)4(  4.5)       3435835.2
c  226   2254351E               (4)2(  1.5)       3435900.3
c  227   2254351E               (2)3(  2.5)       3436115.9
c  228   2254351E               (4)2(  0.5)       3436382.7
c  229   2254351E               (2)2(  1.5)       3436556.7
c  230   2254351D               (4)1(  1.5)       3436633.9
c  231   2254351D               (4)1(  2.5)       3436694.6
c  232   2254351D               (4)3(  2.5)       3437080.0
c  233   2254351D               (4)3(  1.5)       3437302.4
c  234   2254351D               (2)3(  2.5)       3441274.1
c  235   2254351D               (2)1(  1.5)       3442617.4
c  236   2254351C               (2)3(  2.5)       3447501.2
c  237   2254351C               (2)3(  3.5)       3448028.0
c  238   2254351E               (4)3(  1.5)       3448984.5
c  239   2254351E               (4)4(  4.5)       3448995.1
c  240   2254351E               (4)4(  3.5)       3449114.0
c  241   2254351E               (4)2(  2.5)       3449159.2
c  242   2254351C               (2)2(  1.5)       3449459.2
c  243   2254351E               (4)2(  3.5)       3449619.5
c  244   2254351E               (4)4(  2.5)       3449633.4
c  245   2254351C               (2)2(  2.5)       3449897.7
c  246   2254351C               (2)1(  1.5)       3450503.1
c  247   2254351C               (2)1(  0.5)       3452297.2
c  248   2254351E               (2)4(  3.5)       3452734.1
c  249   2254351E               (2)2(  2.5)       3452738.5
c  250   2254351D               (2)4(  3.5)       3479326.8
c  251   2254351D               (2)4(  4.5)       3479404.2
c  252   2254351D               (2)0(  0.5)       3481182.5
c  253   2254351D               (2)3(  2.5)       3481430.9
c  254   2254351D               (2)1(  1.5)       3481597.2
c  255   2254351D               (2)3(  3.5)       3481780.0
c  256   2254351D               (2)2(  2.5)       3482171.9
c  257   2254351D               (2)1(  0.5)       3483013.3
c  258   2254351D               (2)2(  1.5)       3483014.9
c  259   2254351E               (2)5(  4.5)       3492718.5
c  260   2254351E               (2)5(  5.5)       3492751.8
c  261   2254351E               (2)1(  0.5)       3493199.7
c  262   2254351E               (2)1(  1.5)       3493228.1
c  263   2254351E               (2)2(  2.5)       3493801.4
c  264   2254351E               (2)2(  1.5)       3493829.0
c  265   2254351E               (2)4(  3.5)       3494100.2
c  266   2254351E               (2)4(  4.5)       3494142.8
c  267   2254351E               (2)3(  3.5)       3494244.1
c  268   2254351E               (2)3(  2.5)       3494249.2
c  269   2254351B               (2)0(  0.5)       3496236.2
c  270   2254351C               (2)1(  0.5)       3523542.4
c  271   2254351C               (2)1(  1.5)       3523734.1
c  272   2254351G               (4)1(  2.5)       3529272.2
c  273   2254351G               (2)1(  1.5)       3530459.5
c  274   2254351G               (4)1(  1.5)       3543019.2
c  275   2254351G               (4)1(  0.5)       3543585.4
c  276   2254351H               (4)1(  2.5)       3544198.0
c  277   2254351H               (4)1(  1.5)       3544725.1
c  278   2254351H               (4)2(  3.5)       3544959.6
c  279   2254351H               (2)2(  2.5)       3545416.3
c  280   2254351H               (2)0(  0.5)       3546212.3
c  281   2254351G               (2)1(  0.5)       3546852.2
c  282   2254351H               (2)1(  1.5)       3548381.4
c  283   2254351D               (2)2(  2.5)       3555494.8
c  284   2254351D               (2)2(  1.5)       3555777.9
c  285   2254351H               (4)1(  0.5)       3557920.8
c  286   2254351H               (4)2(  2.5)       3558415.1
c  287   2254351H               (2)2(  1.5)       3559070.9
c  288   2254351H               (4)2(  1.5)       3559331.3
c  289   2254351H               (4)2(  0.5)       3559786.5
c  290   2254351I               (4)2(  3.5)       3562015.5
c  291   2254351I               (4)2(  2.5)       3562174.6
c  292   2254351I               (4)2(  1.5)       3562574.3
c  293   2254351H               (4)0(  1.5)       3562776.5
c  294   2254351I               (4)3(  4.5)       3562812.2
c  295   2254351I               (4)1(  0.5)       3563066.0
c  296   2254351H               (2)1(  0.5)       3563372.1
c  297   2254351I               (2)3(  3.5)       3563488.7
c  298   2254351I               (2)1(  0.5)       3564738.5
c  299   2254351I               (2)2(  2.5)       3565622.5
c  300   2254351I               (2)1(  1.5)       3565635.2
c  301   2254351E               (2)3(  2.5)       3568371.5
c  302   2254351E               (2)3(  3.5)       3568396.0
c  303   2254351J               (4)3(  4.5)       3570207.6
c  304   2254351J               (4)3(  3.5)       3570241.1
c  305   2254351J               (4)3(  2.5)       3570346.5
c  306   2254351J               (2)3(  3.5)       3570516.1
c  307   2254351J               (4)2(  1.5)       3570566.6
c  308   2254351J               (4)4(  5.5)       3570569.9
c  309   2254351J               (2)4(  4.5)       3570632.6
c  310   2254351J               (2)3(  2.5)       3570741.4
c  311   2254351J               (4)2(  0.5)       3570840.0
c  312   2254351J               (2)2(  1.5)       3570976.0
c  313   2254351I               (4)2(  0.5)       3576081.9
c  314   2254351I               (4)3(  3.5)       3576116.3
c  315   2254351I               (4)1(  1.5)       3576767.3
c  316   2254351I               (4)1(  2.5)       3576867.7
c  317   2254351I               (4)3(  2.5)       3577233.5
c  318   2254351I               (4)3(  1.5)       3577655.0
c  319   2254351I               (2)3(  2.5)       3580658.6
c  320   2254351I               (2)2(  1.5)       3581428.1
c  321   2254351J               (4)3(  1.5)       3583815.0
c  322   2254351J               (4)4(  4.5)       3583886.7
c  323   2254351J               (4)2(  2.5)       3583938.7
c  324   2254351J               (4)4(  3.5)       3583982.3
c  325   2254351J               (4)2(  3.5)       3584246.7
c  326   2254351J               (4)4(  2.5)       3584290.3
c  327   2254351J               (2)4(  3.5)       3587501.7
c  328   2254351J               (2)2(  2.5)       3587507.0
c  329   2254351G               (2)2(  2.5)       3587581.7
c  330   2254351G               (2)2(  1.5)       3587610.4
c  331   2254351H               (2)3(  2.5)       3602368.3
c  332   2254351H               (2)3(  3.5)       3602665.6
c  333   2254351H               (2)2(  1.5)       3603450.8
c  334   2254351H               (2)2(  2.5)       3603719.9
c  335   2254351H               (2)1(  1.5)       3603898.8
c  336   2254351H               (2)1(  0.5)       3604837.5
c  337   2254351I               (2)4(  3.5)       3620203.2
c  338   2254351I               (2)4(  4.5)       3620249.0
c  339   2254351I               (2)3(  2.5)       3621355.4
c  340   2254351I               (2)0(  0.5)       3621364.8
c  341   2254351I               (2)1(  1.5)       3621366.9
c  342   2254351I               (2)3(  3.5)       3621553.1
c  343   2254351I               (2)2(  2.5)       3621735.5
c  344   2254351I               (2)2(  1.5)       3622179.4
c  345   2254351I               (2)1(  0.5)       3622190.8
c  346   2254351M               (4)1(  2.5)       3625868.5
c  347   2254351M               (2)1(  1.5)       3626844.8
c  348   2254351J               (2)1(  0.5)       3627862.9
c  349   2254351J               (2)1(  1.5)       3627879.6
c  350   2254351J               (2)5(  4.5)       3627895.5
c  351   2254351J               (2)5(  5.5)       3627914.5
c  352   2254351J               (2)2(  2.5)       3628293.6
c  353   2254351J               (2)2(  1.5)       3628327.7
c  354   2254351J               (2)4(  3.5)       3628677.6
c  355   2254351J               (2)3(  3.5)       3628686.1
c  356   2254351J               (2)3(  2.5)       3628700.0
c  357   2254351J               (2)4(  4.5)       3628704.2
c  358   12553518               (4)0(  1.5)       3634911.9
c  359   2254351N               (4)1(  2.5)       3635501.7
c  360   2254351N               (4)1(  1.5)       3635849.2
c  361   2254351N               (4)2(  3.5)       3635948.2
c  362   2254351N               (2)2(  2.5)       3636233.9
c  363   2254351N               (2)0(  0.5)       3636805.5
c  364   2254351N               (2)1(  1.5)       3638265.1
c  365   12553518               (4)2(  3.5)       3638722.3
c  366   2254351M               (4)1(  0.5)       3639698.1
c  367   12553518               (4)2(  2.5)       3639787.9
c  368   2254351M               (4)1(  1.5)       3639850.3
c  369   12553518               (2)1(  1.5)       3642718.2
c  370   2254351M               (2)1(  0.5)       3643031.4
c  371   12553518               (2)2(  2.5)       3643318.4
c  372   2254351O               (4)2(  3.5)       3646586.2
c  373   2254351O               (4)2(  2.5)       3646705.6
c  374   2254351O               (4)1(  0.5)       3646852.1
c  375   2254351O               (4)1(  1.5)       3646906.5
c  376   2254351O               (4)3(  4.5)       3646965.5
c  377   2254351O               (2)3(  3.5)       3647392.2
c  378   12553518               (2)1(  0.5)       3648009.1
c  379   2254351O               (2)1(  0.5)       3648728.1
c  380   2254351O               (2)2(  1.5)       3648764.5
c  381   2254351O               (2)2(  2.5)       3648939.8
c  382   2254351N               (4)1(  0.5)       3649126.4
c  383   2254351N               (4)2(  2.5)       3649421.9
c  384   2254351N               (2)2(  1.5)       3649833.9
c  385   2254351N               (4)2(  1.5)       3650051.9
c  386   2254351N               (4)2(  0.5)       3650523.2
c  387   12553518               (4)2(  1.5)       3651015.0
c  388   2254351P               (4)3(  4.5)       3651524.8
c  389   2254351P               (4)3(  3.5)       3651535.5
c  390   2254351P               (4)3(  2.5)       3651604.6
c  391   2254351P               (4)2(  1.5)       3651753.5
c  392   2254351P               (2)3(  3.5)       3651762.9
c  393   2254351P               (4)4(  5.5)       3651824.5
c  394   2254351P               (2)4(  4.5)       3651867.7
c  395   2254351P               (2)3(  2.5)       3651894.6
c  396   2254351P               (4)2(  0.5)       3651932.8
c  397   2254351P               (2)2(  1.5)       3652034.2
c  398   12553518               (4)1(  2.5)       3652606.2
c  399   2254351N               (4)0(  1.5)       3653391.7
c  400   12553518               (4)1(  1.5)       3653624.1
c  401   2254351N               (2)1(  0.5)       3653660.6
c  402   12553518               (4)2(  0.5)       3654853.3
c  403   12553518               (4)1(  0.5)       3655457.0
c  404   12553518               (2)2(  1.5)       3659407.7
c  405   2254351O               (4)3(  3.5)       3660371.7
c  406   2254351O               (4)2(  0.5)       3660484.2
c  407   2254351O               (4)1(  2.5)       3660862.6
c  408   2254351O               (4)2(  1.5)       3660998.3
c  409   2254351O               (4)3(  2.5)       3661166.3
c  410   2254351O               (4)3(  1.5)       3661793.8
c  411   2254351G               (2)0(  0.5)       3662389.6
c  412   2254351O               (2)3(  2.5)       3664457.7
c  413   2254351O               (2)1(  1.5)       3664927.0
c  414   2254351P               (4)3(  1.5)       3665076.7
c  415   2254351P               (4)4(  4.5)       3665155.2
c  416   2254351P               (4)2(  2.5)       3665173.0
c  417   2254351P               (4)4(  3.5)       3665246.6
c  418   2254351P               (4)2(  3.5)       3665393.7
c  419   2254351P               (4)4(  2.5)       3665449.6
c  420   2254351P               (2)4(  3.5)       3668720.2
c  421   2254351P               (2)2(  2.5)       3668732.8
c  422   12553518               (2)0(  0.5)       3669315.2
c  423   2254351H               (2)1(  0.5)       3678007.6
c  424   2254351H               (2)1(  1.5)       3678074.5
c  425   2254351M               (2)2(  2.5)       3684391.5
c  426   2254351M               (2)2(  1.5)       3684412.5
c  427   2254351N               (2)3(  2.5)       3693509.9
c  428   2254351N               (2)3(  3.5)       3693693.9
c  429   2254351N               (2)2(  1.5)       3694200.5
c  430   2254351N               (2)2(  2.5)       3694343.9
c  431   2254351N               (2)1(  1.5)       3694518.5
c  432   2254351N               (2)1(  0.5)       3695114.3
c  433   2254351I               (2)2(  2.5)       3695889.0
c  434   2254351I               (2)2(  1.5)       3696131.4
c  435   12553519               (4)1(  0.5)       3700902.2
c  436   12553519               (4)1(  1.5)       3702230.2
c  437   2254351J               (2)3(  3.5)       3703119.8
c  438   2254351J               (2)3(  2.5)       3703133.8
c  439   12553519               (4)3(  4.5)       3703378.5
c  440   12553519               (4)1(  2.5)       3704420.2
c  441   2254351O               (2)4(  3.5)       3704510.4
c  442   2254351O               (2)4(  4.5)       3704539.5
c  443   2254351O               (2)3(  2.5)       3705231.7
c  444   2254351O               (2)0(  0.5)       3705267.5
c  445   2254351O               (2)1(  1.5)       3705300.1
c  446   12553519               (4)3(  3.5)       3705310.7
c  447   2254351O               (2)3(  3.5)       3705338.5
c  448   2254351O               (2)2(  2.5)       3705503.8
c  449   2254351O               (2)2(  1.5)       3705793.8
c  450   2254351O               (2)1(  0.5)       3705833.4
c  451   12553519               (4)3(  2.5)       3708535.7
c  452   12553519               (2)3(  3.5)       3709184.8
c  453   2254351P               (2)1(  1.5)       3709199.3
c  454   2254351P               (2)1(  0.5)       3709200.1
c  455   2254351P               (2)5(  4.5)       3709323.0
c  456   2254351P               (2)5(  5.5)       3709335.0
c  457   2254351P               (2)2(  1.5)       3709524.7
c  458   2254351P               (2)2(  2.5)       3709582.6
c  459   2254351P               (2)4(  3.5)       3709830.1
c  460   2254351P               (2)4(  4.5)       3709846.5
c  461   2254351P               (2)3(  2.5)       3709854.3
c  462   2254351P               (2)3(  3.5)       3710238.9
c  463   12553519               (2)2(  1.5)       3711514.9
c  464   12553519               (4)2(  0.5)       3715468.0
c  465   12553519               (2)2(  2.5)       3717421.5
c  466   12553519               (4)2(  3.5)       3718462.7
c  467   12553519               (4)2(  2.5)       3719212.7
c  468   12553519               (4)2(  1.5)       3720056.0
c  469   12553519               (4)3(  1.5)       3720265.9
c  470   12553519               (2)1(  0.5)       3725265.4
c  471   12553519               (2)3(  2.5)       3726212.5
c  472   12553519               (2)1(  1.5)       3733333.8
c  473   2254351M               (2)0(  0.5)       3759158.1
c  474   2254351N               (2)1(  0.5)       3768823.4
c  475   2254351N               (2)1(  1.5)       3768886.3
c  476   2254351O               (2)2(  2.5)       3779866.7
c  477   2254351O               (2)2(  1.5)       3779987.9
c  478   2254351P               (2)3(  2.5)       3784423.4
c  479   2254351P               (2)3(  3.5)       3784426.4
c  480   12553518               (2)2(  1.5)       3801833.5
c  481   12553518               (2)2(  2.5)       3803010.9
c  482   12553518               (2)1(  0.5)       3804690.2
c  483   12553518               (2)1(  1.5)       3805317.0
c  484   12553518               (2)0(  0.5)       3806348.5
c  485   12553519               (2)3(  2.5)       3867881.1
c  486   12553519               (2)3(  3.5)       3867976.1
c  487   12553519               (2)1(  1.5)       3870240.0
c  488   12553519               (2)1(  0.5)       3870551.8
c  489   12553519               (2)2(  1.5)       3871547.7
c  490   12553519               (2)2(  2.5)       3871602.2
c  491   1255351C               (4)0(  1.5)       3933015.5
c  492   1255351C               (4)2(  3.5)       3934341.5
c  493   1255351C               (4)1(  2.5)       3934815.9
c  494   1255351C               (2)1(  1.5)       3936295.8
c  495   1255351C               (2)2(  2.5)       3936332.5
c  496   1255351C               (2)1(  0.5)       3940065.7
c  497   1255351C               (4)2(  1.5)       3945757.4
c  498   1255351C               (4)2(  2.5)       3946768.8
c  499   1255351C               (2)2(  1.5)       3947182.3
c  500   1255351C               (4)1(  0.5)       3947741.0
c  501   1255351C               (4)2(  0.5)       3949242.2
c  502   1255351C               (4)1(  1.5)       3953524.9
c  503   1255351C               (2)0(  0.5)       3956480.8
c  504   1255351D               (4)1(  0.5)       3964261.2
c  505   1255351D               (4)1(  1.5)       3965001.8
c  506   1255351D               (4)3(  4.5)       3965279.2
c  507   1255351D               (4)2(  2.5)       3966051.4
c  508   1255351D               (4)3(  3.5)       3966327.6
c  509   1255351D               (2)3(  3.5)       3968341.9
c  510   1255351D               (2)2(  2.5)       3968376.6
c  511   1255351D               (2)2(  1.5)       3970323.2
c  512   1255351D               (2)1(  0.5)       3972751.3
c  513   1255351D               (4)3(  2.5)       3977498.0
c  514   1255351D               (4)2(  3.5)       3978333.7
c  515   1255351D               (4)2(  1.5)       3978776.5
c  516   1255351D               (4)1(  2.5)       3979085.9
c  517   1255351D               (4)3(  1.5)       3980361.0
c  518   1255351D               (4)2(  0.5)       3980812.0
c  519   1255351D               (2)3(  2.5)       3985288.8
c  520   1255351D               (2)1(  1.5)       3988042.1
c  521   1255351H               (4)0(  1.5)       4088223.0
c  522   1255351H               (4)2(  3.5)       4088855.0
c  523   1255351H               (4)1(  2.5)       4089116.1
c  524   1255351H               (2)2(  2.5)       4089933.5
c  525   1255351H               (2)1(  1.5)       4089941.7
c  526   1255351H               (2)1(  0.5)       4090995.7
c  527   1255351C               (2)2(  1.5)       4096853.9
c  528   1255351C               (2)2(  2.5)       4097432.9
c  529   1255351C               (2)0(  0.5)       4097766.1
c  530   1255351C               (2)1(  0.5)       4098377.1
c  531   1255351C               (2)1(  1.5)       4098549.3
c  532   1255351H               (4)2(  1.5)       4100298.5
c  533   1255351H               (4)2(  2.5)       4100854.2
c  534   1255351H               (2)2(  1.5)       4101108.2
c  535   1255351H               (4)1(  0.5)       4101469.7
c  536   1255351H               (4)2(  0.5)       4104039.0
c  537   1255351I               (4)1(  0.5)       4105616.7
c  538   1255351I               (4)1(  1.5)       4106050.2
c  539   1255351I               (4)3(  4.5)       4106152.7
c  540   1255351I               (4)2(  2.5)       4106620.1
c  541   1255351I               (4)3(  3.5)       4106756.2
c  542   1255351H               (4)1(  1.5)       4107470.9
c  543   1255351I               (2)3(  3.5)       4107865.0
c  544   1255351I               (2)2(  2.5)       4107957.2
c  545   1255351I               (2)2(  1.5)       4109145.7
c  546   1255351H               (2)0(  0.5)       4109623.4
c  547   1255351I               (2)1(  0.5)       4110421.7
c  548   1255351I               (4)3(  2.5)       4117949.5
c  549   1255351I               (4)2(  3.5)       4118482.4
c  550   1255351I               (4)2(  1.5)       4118580.0
c  551   1255351I               (2)3(  2.5)       4118994.5
c  552   1255351I               (4)2(  0.5)       4119384.5
c  553   1255351I               (4)3(  1.5)       4119885.4
c  554   1255351I               (4)1(  2.5)       4125139.3
c  555   1255351I               (2)1(  1.5)       4125624.0
c  556   1255351D               (2)3(  2.5)       4128676.3
c  557   1255351D               (2)3(  3.5)       4128703.4
c  558   1255351D               (2)2(  1.5)       4130410.7
c  559   1255351D               (2)2(  2.5)       4130533.3
c  560   1255351D               (2)1(  0.5)       4130647.7
c  561   1255351D               (2)1(  1.5)       4131068.1
c  562   1255351H               (2)2(  1.5)       4251247.9
c  563   1255351H               (2)2(  2.5)       4251573.7
c  564   1255351H               (2)1(  0.5)       4252039.3
c  565   1255351H               (2)1(  1.5)       4252219.0
c  566   1255351H               (2)0(  0.5)       4252380.4
c  567   1255351I               (2)3(  2.5)       4269032.4
c  568   1255351I               (2)3(  3.5)       4269062.9
c  569   1255351I               (2)1(  1.5)       4269724.0
c  570   1255351I               (2)1(  0.5)       4269819.1
c  571   1255351I               (2)2(  1.5)       4270028.2
c  572   1255351I               (2)2(  2.5)       4270046.4
 
 
 
c-------------------------------------------------------------------------------
 
C  superstage partition information
C  ================================
C
C  element symbol   : AR
C  parent template  : 
C  partition level  :  1
C  superstage label :  9
C
C  tabulation       : photon emissivity coefft (te,ne)
C  units            : ph. emis coef(cm^3 s^-1); te (ev); ne (cm^-3)
C
C  photon emissivity atomic transitions
C  ------------------------------------
C  
C   isel  wvlen(A)            transition                type  ispb nspb
C                                                             ispp nspp sz    tg pr wr
C  ----- ---------- ----------------------------------- ----- ---- ---- --    -- -- --
C      1   28.0456  299(2)2(  2.5)-  1(2)1(  1.5)       excit   1    1   9   258 43  1
C      2   29.0590  234(2)3(  2.5)-  1(2)1(  1.5)       excit   1    1   9   203 41  2
C      3   29.1824  217(2)2(  2.5)-  1(2)1(  1.5)       excit   1    1   9   190 38  3
C      4   31.0212  164(2)2(  2.5)-  1(2)1(  1.5)       excit   1    1   9   143 20  4
C      5   31.0294  163(2)1(  1.5)-  1(2)1(  1.5)       excit   1    1   9   142 23  5
C      6   31.0364  161(2)0(  0.5)-  1(2)1(  1.5)       excit   1    1   9   141 36  6
C      7   31.4114  138(2)2(  2.5)-  1(2)1(  1.5)       excit   1    1   9   124 11  7
C      8   31.4728  136(2)2(  1.5)-  1(2)1(  1.5)       excit   1    1   9   122 48  8
C      9   31.5627  128(4)3(  2.5)-  1(2)1(  1.5)       excit   1    1   9   115 27  9
C     10   33.6580   70(4)1(  1.5)-  1(2)1(  1.5)       excit   1    1   9    61 45 10
C     11   33.6753   68(2)2(  2.5)-  1(2)1(  1.5)       excit   1    1   9    59 26 11
C     12   33.7553   66(4)1(  2.5)-  1(2)1(  1.5)       excit   1    1   9    57 30 12
C     13   36.6844   59(2)2(  2.5)-  1(2)1(  1.5)       excit   1    1   9    51 10 13
C     14   36.8900   60(2)2(  1.5)-  2(2)1(  0.5)       excit   1    1   9   538 47 14
C     15   37.5558   56(2)2(  2.5)-  1(2)1(  1.5)       excit   1    1   9    48  3 15
C     16   37.5770   55(2)1(  1.5)-  1(2)1(  1.5)       excit   1    1   9    47  5 16
C     17   37.6613   53(2)3(  2.5)-  1(2)1(  1.5)       excit   1    1   9    46 37 17
C     18   37.7002   52(2)0(  0.5)-  1(2)1(  1.5)       excit   1    1   9    45  9 18
C     19   37.7231   58(2)2(  1.5)-  2(2)1(  0.5)       excit   1    1   9   537 15 19
C     20   37.7371   57(2)1(  0.5)-  2(2)1(  0.5)       excit   1    1   9   536 18 20
C     21   37.8204   55(2)1(  1.5)-  2(2)1(  0.5)       excit   1    1   9   535 19 21
C     22   37.9453   52(2)0(  0.5)-  2(2)1(  0.5)       excit   1    1   9   534 31 22
C     23   38.1730   49(2)2(  2.5)-  1(2)1(  1.5)       excit   1    1   9    44  6 23
C     24   38.3134   47(2)2(  1.5)-  1(2)1(  1.5)       excit   1    1   9    42 21 24
C     25   38.3247   46(2)3(  2.5)-  1(2)1(  1.5)       excit   1    1   9    41 28 25
C     26   38.3801   45(4)1(  2.5)-  1(2)1(  1.5)       excit   1    1   9    40 24 26
C     27   38.4716   40(4)3(  2.5)-  1(2)1(  1.5)       excit   1    1   9    36 34 27
C     28   38.5666   47(2)2(  1.5)-  2(2)1(  0.5)       excit   1    1   9   532 29 28
C     29   41.7590   11(2)0(  0.5)-  1(2)1(  1.5)       excit   1    1   9    10 35 29
C     30   42.0599   11(2)0(  0.5)-  2(2)1(  0.5)       excit   1    1   9   506 40 30
C     31   43.0969    9(2)2(  2.5)-  1(2)1(  1.5)       excit   1    1   9     8  7 31
C     32   43.4102   10(2)2(  1.5)-  2(2)1(  0.5)       excit   1    1   9   505 17 32
C     33   43.6803    8(2)1(  0.5)-  1(2)1(  1.5)       excit   1    1   9     7 32 33
C     34   43.8783    7(2)1(  1.5)-  1(2)1(  1.5)       excit   1    1   9     6  8 34
C     35   44.0096    8(2)1(  0.5)-  2(2)1(  0.5)       excit   1    1   9   504 22 35
C     36   44.1326    5(4)1(  1.5)-  1(2)1(  1.5)       excit   1    1   9     4 13 36
C     37   44.2107    7(2)1(  1.5)-  2(2)1(  0.5)       excit   1    1   9   503 49 37
C     38   44.3036    4(4)1(  2.5)-  1(2)1(  1.5)       excit   1    1   9     3 33 38
C     39   44.3358    6(4)1(  0.5)-  2(2)1(  0.5)       excit   1    1   9   502 44 39
C     40   53.0989   29(2)1(  1.5)-  3(2)0(  0.5)       excit   1    1   9   892 12 40
C     41   161.568    3(2)0(  0.5)-  1(2)1(  1.5)       excit   1    1   9     2  1 41
C     42   166.167    3(2)0(  0.5)-  2(2)1(  0.5)       excit   1    1   9   500  4 42
C     43   448.064   29(2)1(  1.5)-  7(2)1(  1.5)       excit   1    1   9  2545 16 43
C     44   549.867   29(2)1(  1.5)-  9(2)2(  2.5)       excit   1    1   9  3354 14 44
C     45   668.844   31(2)1(  1.5)- 11(2)0(  0.5)       excit   1    1   9  4288 25 45
C     46   684.239   21(2)2(  1.5)-  7(2)1(  1.5)       excit   1    1   9  2538 42 46
C     47   702.184   16(4)2(  2.5)-  5(4)1(  1.5)       excit   1    1   9  1718 46 47
C     48   708.912   20(2)2(  2.5)-  7(2)1(  1.5)       excit   1    1   9  2537 50 48
C     49   709.006   26(2)3(  3.5)-  9(2)2(  2.5)       excit   1    1   9  3351 39 49
C     50   5837.17    2(2)1(  0.5)-  1(2)1(  1.5)       excit   1    1   9     1  2 50
c-------------------------------------------------------------------------------
                                                                                
C  code     : adas810
C  producer : Adam Foster
C  date     : 13/05/09
                                                                                
c-------------------------------------------------------------------------------
