   50    /Ar: 1 photon emissivity coefficients/
--------------------------------------------------------------------------------
    1    1    1    1    1    1    1    1    1    1    1    1    1    1
    1    1    1    1    1
--------------------------------------------------------------------------------
//#01/p00/ 00/p01/ 01/p02/ 02/p03/ 03/p04/ 04/p05/ 05/p06/ 06/p07/ 07/p08/ 08/  
      p09/ 09/p10/ 10/p11/ 11/p12/ 12/p13/ 13/p14/ 14/p15/ 15/p16/ 16/p17/ 17/  
      p18/ 18/                                                                  
--------------------------------------------------------------------------------
  281.629    7  14 /pl=01:ss= 1:pb= 1:sz= 1/type=excit/ispb = t/isel =    1
 1.00E+10 1.00E+11 1.00E+12 1.00E+13 1.00E+14 1.00E+15 1.00E+16
 6.89E-02 1.03E-01 1.72E-01 3.45E-01 6.89E-01 1.72E+00 3.45E+00 5.17E+00
 6.89E+00 1.03E+01 1.72E+01 3.45E+01 6.89E+01 1.03E+02
 1.00E-74 1.00E-74 1.00E-74 1.00E-74 6.63E-40 1.83E-23 4.56E-18 2.64E-16
 1.92E-15 1.32E-14 5.68E-14 1.48E-13 2.13E-13 2.31E-13
 1.00E-74 1.00E-74 1.00E-74 1.00E-74 7.26E-40 1.97E-23 4.84E-18 2.78E-16
 2.02E-15 1.38E-14 5.89E-14 1.53E-13 2.18E-13 2.35E-13
 1.00E-74 1.00E-74 1.00E-74 1.00E-74 1.16E-39 2.90E-23 6.82E-18 3.81E-16
 2.72E-15 1.81E-14 7.52E-14 1.87E-13 2.57E-13 2.71E-13
 1.00E-74 1.00E-74 1.00E-74 1.00E-74 3.81E-39 8.56E-23 1.90E-17 1.03E-15
 7.20E-15 4.66E-14 1.85E-13 4.28E-13 5.35E-13 5.28E-13
 1.00E-74 1.00E-74 1.00E-74 1.00E-74 1.54E-38 2.88E-22 5.95E-17 3.15E-15
 2.17E-14 1.39E-13 5.50E-13 1.28E-12 1.60E-12 1.57E-12
 1.00E-74 1.00E-74 1.00E-74 1.00E-74 9.06E-38 1.50E-21 2.63E-16 1.26E-14
 8.01E-14 4.57E-13 1.58E-12 3.30E-12 4.03E-12 3.98E-12
 1.00E-74 1.00E-74 1.00E-74 1.00E-74 5.29E-37 1.12E-20 2.11E-15 8.98E-14
 4.63E-13 1.79E-12 4.09E-12 6.21E-12 6.65E-12 6.43E-12
  292.260    7  14 /pl=01:ss= 1:pb= 1:sz= 1/type=excit/ispb = t/isel =    2
 1.00E+10 1.00E+11 1.00E+12 1.00E+13 1.00E+14 1.00E+15 1.00E+16
 6.89E-02 1.03E-01 1.72E-01 3.45E-01 6.89E-01 1.72E+00 3.45E+00 5.17E+00
 6.89E+00 1.03E+01 1.72E+01 3.45E+01 6.89E+01 1.03E+02
 1.00E-74 1.00E-74 1.00E-74 1.00E-74 3.07E-36 2.66E-20 4.78E-15 2.49E-13
 1.73E-12 1.13E-11 4.67E-11 1.18E-10 1.63E-10 1.71E-10
 1.00E-74 1.00E-74 1.00E-74 1.00E-74 3.07E-36 2.65E-20 4.76E-15 2.48E-13
 1.72E-12 1.13E-11 4.66E-11 1.17E-10 1.63E-10 1.71E-10
 1.00E-74 1.00E-74 1.00E-74 1.00E-74 3.10E-36 2.60E-20 4.63E-15 2.41E-13
 1.67E-12 1.10E-11 4.53E-11 1.15E-10 1.59E-10 1.68E-10
 1.00E-74 1.00E-74 1.00E-74 1.00E-74 3.27E-36 2.38E-20 3.96E-15 2.02E-13
 1.39E-12 9.08E-12 3.77E-11 9.64E-11 1.36E-10 1.45E-10
 1.00E-74 1.00E-74 1.00E-74 1.00E-74 3.40E-36 2.12E-20 3.18E-15 1.55E-13
 1.03E-12 6.52E-12 2.61E-11 6.45E-11 8.91E-11 9.38E-11
 1.00E-74 1.00E-74 1.00E-74 1.00E-74 3.38E-36 1.71E-20 2.17E-15 9.69E-14
 6.09E-13 3.50E-12 1.27E-11 2.91E-11 3.99E-11 4.26E-11
 1.00E-74 1.00E-74 1.00E-74 1.00E-74 1.12E-35 5.94E-20 7.07E-15 2.58E-13
 1.24E-12 4.46E-12 9.66E-12 1.42E-11 1.52E-11 1.47E-11
  322.870    7  14 /pl=01:ss= 1:pb= 1:sz= 1/type=excit/ispb = t/isel =    3
 1.00E+10 1.00E+11 1.00E+12 1.00E+13 1.00E+14 1.00E+15 1.00E+16
 6.89E-02 1.03E-01 1.72E-01 3.45E-01 6.89E-01 1.72E+00 3.45E+00 5.17E+00
 6.89E+00 1.03E+01 1.72E+01 3.45E+01 6.89E+01 1.03E+02
 1.00E-74 1.00E-74 1.00E-74 1.00E-74 3.20E-33 8.40E-19 5.84E-14 2.35E-12
 1.45E-11 8.51E-11 3.23E-10 7.66E-10 1.02E-09 1.05E-09
 1.00E-74 1.00E-74 1.00E-74 1.00E-74 3.20E-33 8.40E-19 5.84E-14 2.35E-12
 1.45E-11 8.51E-11 3.23E-10 7.65E-10 1.02E-09 1.05E-09
 1.00E-74 1.00E-74 1.00E-74 1.00E-74 3.20E-33 8.38E-19 5.81E-14 2.34E-12
 1.44E-11 8.46E-11 3.21E-10 7.62E-10 1.01E-09 1.04E-09
 1.00E-74 1.00E-74 1.00E-74 1.00E-74 3.12E-33 8.17E-19 5.60E-14 2.24E-12
 1.38E-11 8.08E-11 3.07E-10 7.31E-10 9.78E-10 1.01E-09
 1.00E-74 1.00E-74 1.00E-74 1.00E-74 2.64E-33 6.87E-19 4.48E-14 1.74E-12
 1.06E-11 6.12E-11 2.31E-10 5.56E-10 7.64E-10 8.05E-10
 1.00E-74 1.00E-74 1.00E-74 1.00E-74 2.71E-33 5.18E-19 2.51E-14 8.31E-13
 4.55E-12 2.30E-11 7.61E-11 1.67E-10 2.31E-10 2.53E-10
 1.00E-74 1.00E-74 1.00E-74 1.00E-74 9.34E-33 1.58E-18 6.15E-14 1.57E-12
 6.29E-12 1.91E-11 3.63E-11 4.91E-11 5.11E-11 4.98E-11
  337.157    7  14 /pl=01:ss= 1:pb= 1:sz= 1/type=excit/ispb = t/isel =    4
 1.00E+10 1.00E+11 1.00E+12 1.00E+13 1.00E+14 1.00E+15 1.00E+16
 6.89E-02 1.03E-01 1.72E-01 3.45E-01 6.89E-01 1.72E+00 3.45E+00 5.17E+00
 6.89E+00 1.03E+01 1.72E+01 3.45E+01 6.89E+01 1.03E+02
 1.00E-74 1.00E-74 1.00E-74 1.00E-74 1.28E-35 6.44E-22 1.97E-17 5.65E-16
 2.91E-15 1.41E-14 4.59E-14 9.67E-14 1.20E-13 1.20E-13
 1.00E-74 1.00E-74 1.00E-74 1.00E-74 1.28E-35 6.44E-22 1.97E-17 5.65E-16
 2.91E-15 1.41E-14 4.59E-14 9.67E-14 1.20E-13 1.20E-13
 1.00E-74 1.00E-74 1.00E-74 1.00E-74 1.28E-35 6.45E-22 1.97E-17 5.65E-16
 2.91E-15 1.41E-14 4.59E-14 9.67E-14 1.20E-13 1.20E-13
 1.00E-74 1.00E-74 1.00E-74 1.00E-74 1.30E-35 6.51E-22 1.98E-17 5.68E-16
 2.92E-15 1.42E-14 4.60E-14 9.67E-14 1.20E-13 1.20E-13
 1.00E-74 1.00E-74 1.00E-74 1.00E-74 1.47E-35 7.10E-22 2.12E-17 6.02E-16
 3.07E-15 1.48E-14 4.73E-14 9.79E-14 1.21E-13 1.21E-13
 1.00E-74 1.00E-74 1.00E-74 1.00E-74 3.11E-35 1.26E-21 3.37E-17 8.98E-16
 4.34E-15 1.91E-14 5.46E-14 1.02E-13 1.21E-13 1.21E-13
 1.00E-74 1.00E-74 1.00E-74 1.00E-74 1.21E-34 5.00E-21 1.24E-16 2.73E-15
 1.03E-14 2.94E-14 5.37E-14 7.09E-14 7.34E-14 7.13E-14
  468.157    7  14 /pl=01:ss= 1:pb= 1:sz= 1/type=excit/ispb = t/isel =    5
 1.00E+10 1.00E+11 1.00E+12 1.00E+13 1.00E+14 1.00E+15 1.00E+16
 6.89E-02 1.03E-01 1.72E-01 3.45E-01 6.89E-01 1.72E+00 3.45E+00 5.17E+00
 6.89E+00 1.03E+01 1.72E+01 3.45E+01 6.89E+01 1.03E+02
 1.00E-74 1.00E-74 1.00E-74 5.80E-42 1.98E-25 1.29E-15 1.99E-12 2.12E-11
 6.69E-11 2.01E-10 4.56E-10 7.56E-10 8.74E-10 8.71E-10
 1.00E-74 1.00E-74 1.00E-74 5.81E-42 1.98E-25 1.29E-15 1.99E-12 2.12E-11
 6.69E-11 2.02E-10 4.57E-10 7.58E-10 8.77E-10 8.73E-10
 1.00E-74 1.00E-74 1.00E-74 5.45E-42 1.81E-25 1.17E-15 1.81E-12 1.95E-11
 6.17E-11 1.87E-10 4.29E-10 7.22E-10 8.46E-10 8.48E-10
 1.00E-74 1.00E-74 1.00E-74 4.94E-42 1.53E-25 9.29E-16 1.40E-12 1.49E-11
 4.71E-11 1.42E-10 3.24E-10 5.46E-10 6.45E-10 6.51E-10
 1.00E-74 1.00E-74 1.00E-74 7.50E-42 2.27E-25 1.27E-15 1.81E-12 1.87E-11
 5.78E-11 1.69E-10 3.68E-10 5.86E-10 6.56E-10 6.43E-10
 1.00E-74 1.00E-74 1.00E-74 1.25E-41 4.13E-25 2.48E-15 3.53E-12 3.54E-11
 1.06E-10 2.90E-10 5.78E-10 8.49E-10 9.23E-10 9.02E-10
 1.00E-74 1.00E-74 1.00E-74 1.20E-41 4.56E-25 3.35E-15 5.22E-12 4.81E-11
 1.20E-10 2.33E-10 3.26E-10 3.75E-10 3.81E-10 3.77E-10
  476.629    7  14 /pl=01:ss= 1:pb= 1:sz= 1/type=excit/ispb = t/isel =    6
 1.00E+10 1.00E+11 1.00E+12 1.00E+13 1.00E+14 1.00E+15 1.00E+16
 6.89E-02 1.03E-01 1.72E-01 3.45E-01 6.89E-01 1.72E+00 3.45E+00 5.17E+00
 6.89E+00 1.03E+01 1.72E+01 3.45E+01 6.89E+01 1.03E+02
 1.00E-74 1.00E-74 1.00E-74 1.00E-74 3.41E-40 1.72E-23 5.22E-18 3.22E-16
 2.42E-15 1.73E-14 7.55E-14 1.98E-13 2.71E-13 2.78E-13
 1.00E-74 1.00E-74 1.00E-74 1.00E-74 3.42E-40 1.72E-23 5.23E-18 3.22E-16
 2.43E-15 1.73E-14 7.56E-14 1.98E-13 2.71E-13 2.78E-13
 1.00E-74 1.00E-74 1.00E-74 1.00E-74 3.54E-40 1.76E-23 5.32E-18 3.27E-16
 2.46E-15 1.75E-14 7.63E-14 1.99E-13 2.73E-13 2.80E-13
 1.00E-74 1.00E-74 1.00E-74 1.00E-74 4.45E-40 2.05E-23 6.01E-18 3.64E-16
 2.71E-15 1.91E-14 8.22E-14 2.12E-13 2.87E-13 2.93E-13
 1.00E-74 1.00E-74 1.00E-74 1.00E-74 1.46E-39 4.96E-23 1.22E-17 6.85E-16
 4.86E-15 3.21E-14 1.30E-13 3.11E-13 4.01E-13 3.99E-13
 1.00E-74 1.00E-74 1.00E-74 1.00E-74 1.68E-38 5.04E-22 1.05E-16 5.24E-15
 3.39E-14 1.94E-13 6.61E-13 1.34E-12 1.56E-12 1.50E-12
 1.00E-74 1.00E-74 1.00E-74 1.00E-74 1.25E-37 4.87E-21 1.12E-15 5.10E-14
 2.72E-13 1.09E-12 2.54E-12 3.93E-12 4.23E-12 4.09E-12
  480.778    7  14 /pl=01:ss= 1:pb= 1:sz= 1/type=excit/ispb = t/isel =    7
 1.00E+10 1.00E+11 1.00E+12 1.00E+13 1.00E+14 1.00E+15 1.00E+16
 6.89E-02 1.03E-01 1.72E-01 3.45E-01 6.89E-01 1.72E+00 3.45E+00 5.17E+00
 6.89E+00 1.03E+01 1.72E+01 3.45E+01 6.89E+01 1.03E+02
 1.00E-74 1.00E-74 1.00E-74 9.17E-45 1.21E-28 4.56E-19 5.93E-16 5.97E-15
 1.83E-14 5.31E-14 1.16E-13 1.84E-13 2.02E-13 1.95E-13
 1.00E-74 1.00E-74 1.00E-74 6.16E-45 8.48E-29 3.37E-19 4.53E-16 4.65E-15
 1.44E-14 4.27E-14 9.52E-14 1.56E-13 1.76E-13 1.73E-13
 1.00E-74 1.00E-74 1.00E-74 1.93E-45 2.72E-29 1.12E-19 1.57E-16 1.66E-15
 5.27E-15 1.62E-14 3.80E-14 6.71E-14 8.27E-14 8.54E-14
 1.00E-74 1.00E-74 1.00E-74 8.63E-46 1.08E-29 3.96E-20 5.19E-17 5.32E-16
 1.65E-15 4.97E-15 1.14E-14 1.97E-14 2.41E-14 2.50E-14
 1.00E-74 1.00E-74 1.00E-74 9.50E-46 1.09E-29 3.42E-20 4.08E-17 3.99E-16
 1.20E-15 3.44E-15 7.44E-15 1.20E-14 1.37E-14 1.37E-14
 1.00E-74 1.00E-74 1.00E-74 1.46E-45 1.77E-29 5.83E-20 6.80E-17 6.40E-16
 1.85E-15 4.91E-15 9.57E-15 1.38E-14 1.50E-14 1.47E-14
 1.00E-74 1.00E-74 1.00E-74 1.39E-45 1.93E-29 7.75E-20 9.85E-17 8.51E-16
 2.04E-15 3.84E-15 5.24E-15 5.91E-15 5.95E-15 5.87E-15
  484.639    7  14 /pl=01:ss= 1:pb= 1:sz= 1/type=excit/ispb = t/isel =    8
 1.00E+10 1.00E+11 1.00E+12 1.00E+13 1.00E+14 1.00E+15 1.00E+16
 6.89E-02 1.03E-01 1.72E-01 3.45E-01 6.89E-01 1.72E+00 3.45E+00 5.17E+00
 6.89E+00 1.03E+01 1.72E+01 3.45E+01 6.89E+01 1.03E+02
 1.00E-74 1.00E-74 1.00E-74 1.91E-40 1.78E-24 5.31E-15 6.34E-12 6.19E-11
 1.86E-10 5.31E-10 1.14E-09 1.82E-09 2.06E-09 2.05E-09
 1.00E-74 1.00E-74 1.00E-74 1.96E-40 1.83E-24 5.47E-15 6.52E-12 6.36E-11
 1.91E-10 5.44E-10 1.17E-09 1.85E-09 2.09E-09 2.08E-09
 1.00E-74 1.00E-74 1.00E-74 2.03E-40 1.90E-24 5.70E-15 6.82E-12 6.67E-11
 2.00E-10 5.73E-10 1.23E-09 1.96E-09 2.20E-09 2.18E-09
 1.00E-74 1.00E-74 1.00E-74 1.94E-40 1.74E-24 5.05E-15 6.02E-12 5.91E-11
 1.79E-10 5.16E-10 1.12E-09 1.83E-09 2.10E-09 2.10E-09
 1.00E-74 1.00E-74 1.00E-74 2.37E-40 2.00E-24 5.23E-15 5.85E-12 5.58E-11
 1.66E-10 4.67E-10 9.94E-10 1.57E-09 1.77E-09 1.76E-09
 1.00E-74 1.00E-74 1.00E-74 3.69E-40 3.31E-24 9.11E-15 1.00E-11 9.23E-11
 2.64E-10 6.93E-10 1.34E-09 1.92E-09 2.08E-09 2.03E-09
 1.00E-74 1.00E-74 1.00E-74 3.51E-40 3.61E-24 1.21E-14 1.45E-11 1.23E-10
 2.93E-10 5.45E-10 7.38E-10 8.27E-10 8.30E-10 8.18E-10
  489.009    7  14 /pl=01:ss= 1:pb= 1:sz= 1/type=excit/ispb = t/isel =    9
 1.00E+10 1.00E+11 1.00E+12 1.00E+13 1.00E+14 1.00E+15 1.00E+16
 6.89E-02 1.03E-01 1.72E-01 3.45E-01 6.89E-01 1.72E+00 3.45E+00 5.17E+00
 6.89E+00 1.03E+01 1.72E+01 3.45E+01 6.89E+01 1.03E+02
 1.00E-74 1.00E-74 1.00E-74 5.41E-41 4.73E-25 1.46E-15 1.79E-12 1.78E-11
 5.39E-11 1.56E-10 3.41E-10 5.53E-10 6.40E-10 6.42E-10
 1.00E-74 1.00E-74 1.00E-74 5.15E-41 4.35E-25 1.33E-15 1.63E-12 1.62E-11
 4.95E-11 1.44E-10 3.18E-10 5.23E-10 6.12E-10 6.18E-10
 1.00E-74 1.00E-74 1.00E-74 5.34E-41 4.07E-25 1.14E-15 1.37E-12 1.35E-11
 4.11E-11 1.20E-10 2.65E-10 4.40E-10 5.24E-10 5.35E-10
 1.00E-74 1.00E-74 1.00E-74 7.11E-41 4.93E-25 1.25E-15 1.43E-12 1.39E-11
 4.20E-11 1.21E-10 2.66E-10 4.37E-10 5.13E-10 5.20E-10
 1.00E-74 1.00E-74 1.00E-74 1.09E-40 6.74E-25 1.47E-15 1.56E-12 1.46E-11
 4.31E-11 1.21E-10 2.58E-10 4.10E-10 4.69E-10 4.70E-10
 1.00E-74 1.00E-74 1.00E-74 1.75E-40 1.13E-24 2.55E-15 2.63E-12 2.37E-11
 6.71E-11 1.75E-10 3.35E-10 4.79E-10 5.18E-10 5.07E-10
 1.00E-74 1.00E-74 1.00E-74 1.66E-40 1.23E-24 3.39E-15 3.80E-12 3.15E-11
 7.40E-11 1.36E-10 1.83E-10 2.04E-10 2.04E-10 2.01E-10
  494.073    7  14 /pl=01:ss= 1:pb= 1:sz= 1/type=excit/ispb = t/isel =   10
 1.00E+10 1.00E+11 1.00E+12 1.00E+13 1.00E+14 1.00E+15 1.00E+16
 6.89E-02 1.03E-01 1.72E-01 3.45E-01 6.89E-01 1.72E+00 3.45E+00 5.17E+00
 6.89E+00 1.03E+01 1.72E+01 3.45E+01 6.89E+01 1.03E+02
 1.00E-74 1.00E-74 1.00E-74 1.00E-74 3.15E-37 7.13E-21 1.67E-15 9.40E-14
 6.76E-13 4.60E-12 1.95E-11 4.96E-11 6.74E-11 6.88E-11
 1.00E-74 1.00E-74 1.00E-74 1.00E-74 3.13E-37 7.09E-21 1.66E-15 9.36E-14
 6.74E-13 4.59E-12 1.95E-11 4.95E-11 6.73E-11 6.87E-11
 1.00E-74 1.00E-74 1.00E-74 1.00E-74 2.96E-37 6.72E-21 1.58E-15 8.95E-14
 6.46E-13 4.42E-12 1.88E-11 4.82E-11 6.59E-11 6.75E-11
 1.00E-74 1.00E-74 1.00E-74 1.00E-74 2.03E-37 4.58E-21 1.10E-15 6.40E-14
 4.70E-13 3.29E-12 1.45E-11 3.87E-11 5.51E-11 5.77E-11
 1.00E-74 1.00E-74 1.00E-74 1.00E-74 1.04E-37 1.95E-21 4.45E-16 2.56E-14
 1.88E-13 1.32E-12 5.93E-12 1.65E-11 2.51E-11 2.75E-11
 1.00E-74 1.00E-74 1.00E-74 1.00E-74 2.05E-37 2.87E-21 4.94E-16 2.39E-14
 1.56E-13 9.22E-13 3.38E-12 7.75E-12 1.05E-11 1.12E-11
 1.00E-74 1.00E-74 1.00E-74 1.00E-74 1.07E-36 1.85E-20 3.26E-15 1.36E-13
 6.93E-13 2.66E-12 6.02E-12 9.11E-12 9.78E-12 9.47E-12
  512.380    7  14 /pl=01:ss= 1:pb= 1:sz= 1/type=excit/ispb = t/isel =   11
 1.00E+10 1.00E+11 1.00E+12 1.00E+13 1.00E+14 1.00E+15 1.00E+16
 6.89E-02 1.03E-01 1.72E-01 3.45E-01 6.89E-01 1.72E+00 3.45E+00 5.17E+00
 6.89E+00 1.03E+01 1.72E+01 3.45E+01 6.89E+01 1.03E+02
 1.00E-74 1.00E-74 1.00E-74 1.57E-42 2.05E-27 2.10E-18 1.84E-15 1.63E-14
 4.70E-14 1.28E-13 2.65E-13 4.03E-13 4.37E-13 4.20E-13
 1.00E-74 1.00E-74 1.00E-74 1.48E-42 1.95E-27 2.02E-18 1.78E-15 1.58E-14
 4.56E-14 1.25E-13 2.58E-13 3.94E-13 4.29E-13 4.14E-13
 1.00E-74 1.00E-74 1.00E-74 9.68E-43 1.36E-27 1.47E-18 1.32E-15 1.20E-14
 3.49E-14 9.72E-14 2.06E-13 3.24E-13 3.64E-13 3.57E-13
 1.00E-74 1.00E-74 1.00E-74 3.43E-43 4.78E-28 5.06E-19 4.56E-16 4.16E-15
 1.23E-14 3.48E-14 7.63E-14 1.28E-13 1.55E-13 1.59E-13
 1.00E-74 1.00E-74 1.00E-74 2.33E-43 2.90E-28 2.54E-19 2.03E-16 1.74E-15
 4.94E-15 1.34E-14 2.78E-14 4.40E-14 5.11E-14 5.18E-14
 1.00E-74 1.00E-74 1.00E-74 2.97E-43 3.64E-28 3.09E-19 2.32E-16 1.89E-15
 5.08E-15 1.26E-14 2.33E-14 3.27E-14 3.54E-14 3.49E-14
 1.00E-74 1.00E-74 1.00E-74 2.74E-43 3.79E-28 3.83E-19 3.08E-16 2.28E-15
 5.08E-15 8.85E-15 1.14E-14 1.23E-14 1.21E-14 1.19E-14
  521.320    7  14 /pl=01:ss= 1:pb= 1:sz= 1/type=excit/ispb = t/isel =   12
 1.00E+10 1.00E+11 1.00E+12 1.00E+13 1.00E+14 1.00E+15 1.00E+16
 6.89E-02 1.03E-01 1.72E-01 3.45E-01 6.89E-01 1.72E+00 3.45E+00 5.17E+00
 6.89E+00 1.03E+01 1.72E+01 3.45E+01 6.89E+01 1.03E+02
 1.00E-74 1.00E-74 1.00E-74 1.25E-37 8.56E-23 5.35E-14 3.80E-11 3.13E-10
 8.64E-10 2.27E-09 4.61E-09 7.01E-09 7.88E-09 7.85E-09
 1.00E-74 1.00E-74 1.00E-74 1.25E-37 8.58E-23 5.37E-14 3.82E-11 3.14E-10
 8.67E-10 2.28E-09 4.62E-09 7.02E-09 7.89E-09 7.86E-09
 1.00E-74 1.00E-74 1.00E-74 1.27E-37 8.75E-23 5.49E-14 3.91E-11 3.22E-10
 8.88E-10 2.33E-09 4.72E-09 7.15E-09 8.00E-09 7.95E-09
 1.00E-74 1.00E-74 1.00E-74 1.34E-37 9.13E-23 5.69E-14 4.05E-11 3.34E-10
 9.24E-10 2.43E-09 4.91E-09 7.44E-09 8.31E-09 8.24E-09
 1.00E-74 1.00E-74 1.00E-74 1.55E-37 1.01E-22 5.92E-14 4.09E-11 3.34E-10
 9.18E-10 2.40E-09 4.83E-09 7.32E-09 8.20E-09 8.15E-09
 1.00E-74 1.00E-74 1.00E-74 2.04E-37 1.36E-22 7.99E-14 5.30E-11 4.15E-10
 1.09E-09 2.66E-09 4.85E-09 6.73E-09 7.26E-09 7.16E-09
 1.00E-74 1.00E-74 1.00E-74 1.88E-37 1.42E-22 9.99E-14 7.12E-11 5.07E-10
 1.11E-09 1.89E-09 2.39E-09 2.55E-09 2.50E-09 2.45E-09
  532.843    7  14 /pl=01:ss= 1:pb= 1:sz= 1/type=excit/ispb = t/isel =   13
 1.00E+10 1.00E+11 1.00E+12 1.00E+13 1.00E+14 1.00E+15 1.00E+16
 6.89E-02 1.03E-01 1.72E-01 3.45E-01 6.89E-01 1.72E+00 3.45E+00 5.17E+00
 6.89E+00 1.03E+01 1.72E+01 3.45E+01 6.89E+01 1.03E+02
 1.00E-74 1.00E-74 1.00E-74 5.46E-38 2.38E-23 1.47E-14 1.12E-11 9.58E-11
 2.71E-10 7.29E-10 1.50E-09 2.33E-09 2.62E-09 2.60E-09
 1.00E-74 1.00E-74 1.00E-74 5.44E-38 2.36E-23 1.44E-14 1.10E-11 9.43E-11
 2.66E-10 7.18E-10 1.48E-09 2.30E-09 2.60E-09 2.58E-09
 1.00E-74 1.00E-74 1.00E-74 5.41E-38 2.23E-23 1.29E-14 9.72E-12 8.30E-11
 2.35E-10 6.36E-10 1.32E-09 2.09E-09 2.40E-09 2.41E-09
 1.00E-74 1.00E-74 1.00E-74 6.09E-38 2.24E-23 1.10E-14 7.55E-12 6.25E-11
 1.74E-10 4.65E-10 9.63E-10 1.53E-09 1.80E-09 1.84E-09
 1.00E-74 1.00E-74 1.00E-74 9.82E-38 3.34E-23 1.37E-14 8.45E-12 6.67E-11
 1.81E-10 4.67E-10 9.33E-10 1.43E-09 1.63E-09 1.63E-09
 1.00E-74 1.00E-74 1.00E-74 1.63E-37 5.29E-23 2.03E-14 1.17E-11 8.73E-11
 2.25E-10 5.35E-10 9.61E-10 1.32E-09 1.43E-09 1.41E-09
 1.00E-74 1.00E-74 1.00E-74 1.56E-37 5.64E-23 2.54E-14 1.56E-11 1.06E-10
 2.26E-10 3.76E-10 4.67E-10 4.91E-10 4.79E-10 4.68E-10
  533.373    7  14 /pl=01:ss= 1:pb= 1:sz= 1/type=excit/ispb = t/isel =   14
 1.00E+10 1.00E+11 1.00E+12 1.00E+13 1.00E+14 1.00E+15 1.00E+16
 6.89E-02 1.03E-01 1.72E-01 3.45E-01 6.89E-01 1.72E+00 3.45E+00 5.17E+00
 6.89E+00 1.03E+01 1.72E+01 3.45E+01 6.89E+01 1.03E+02
 1.00E-74 1.00E-74 1.00E-74 1.00E-74 1.65E-35 7.48E-20 1.02E-14 4.83E-13
 3.19E-12 1.98E-11 7.83E-11 1.90E-10 2.51E-10 2.55E-10
 1.00E-74 1.00E-74 1.00E-74 1.00E-74 1.65E-35 7.48E-20 1.02E-14 4.83E-13
 3.19E-12 1.98E-11 7.83E-11 1.90E-10 2.51E-10 2.55E-10
 1.00E-74 1.00E-74 1.00E-74 1.00E-74 1.65E-35 7.48E-20 1.02E-14 4.84E-13
 3.19E-12 1.99E-11 7.85E-11 1.90E-10 2.52E-10 2.55E-10
 1.00E-74 1.00E-74 1.00E-74 1.00E-74 1.64E-35 7.45E-20 1.02E-14 4.85E-13
 3.20E-12 2.00E-11 7.90E-11 1.91E-10 2.54E-10 2.58E-10
 1.00E-74 1.00E-74 1.00E-74 1.00E-74 1.56E-35 6.88E-20 9.37E-15 4.45E-13
 2.95E-12 1.84E-11 7.33E-11 1.80E-10 2.44E-10 2.51E-10
 1.00E-74 1.00E-74 1.00E-74 1.00E-74 1.50E-35 5.28E-20 6.14E-15 2.69E-13
 1.69E-12 9.74E-12 3.57E-11 8.39E-11 1.18E-10 1.27E-10
 1.00E-74 1.00E-74 1.00E-74 1.00E-74 4.89E-35 1.72E-19 1.79E-14 6.26E-13
 2.94E-12 1.04E-11 2.22E-11 3.26E-11 3.49E-11 3.42E-11
  600.268    7  14 /pl=01:ss= 1:pb= 1:sz= 1/type=excit/ispb = t/isel =   15
 1.00E+10 1.00E+11 1.00E+12 1.00E+13 1.00E+14 1.00E+15 1.00E+16
 6.89E-02 1.03E-01 1.72E-01 3.45E-01 6.89E-01 1.72E+00 3.45E+00 5.17E+00
 6.89E+00 1.03E+01 1.72E+01 3.45E+01 6.89E+01 1.03E+02
 1.00E-74 1.00E-74 1.00E-74 1.00E-74 1.00E-74 2.05E-22 1.04E-17 3.31E-16
 1.75E-15 8.47E-15 2.66E-14 5.37E-14 6.66E-14 6.70E-14
 1.00E-74 1.00E-74 1.00E-74 1.00E-74 1.00E-74 2.05E-21 1.04E-16 3.32E-15
 1.75E-14 8.47E-14 2.66E-13 5.37E-13 6.66E-13 6.70E-13
 1.00E-74 1.00E-74 1.00E-74 1.00E-74 1.00E-74 2.05E-20 1.04E-15 3.32E-14
 1.75E-13 8.48E-13 2.66E-12 5.38E-12 6.67E-12 6.71E-12
 1.00E-74 1.00E-74 1.00E-74 1.00E-74 5.83E-34 2.05E-19 1.05E-14 3.34E-13
 1.76E-12 8.57E-12 2.69E-11 5.43E-11 6.72E-11 6.75E-11
 1.00E-74 1.00E-74 1.00E-74 1.00E-74 5.48E-33 2.06E-18 1.06E-13 3.41E-12
 1.81E-11 8.77E-11 2.74E-10 5.49E-10 6.76E-10 6.79E-10
 1.00E-74 1.00E-74 1.00E-74 1.00E-74 4.91E-32 2.01E-17 1.05E-12 3.35E-11
 1.74E-10 8.09E-10 2.36E-09 4.42E-09 5.33E-09 5.38E-09
 1.00E-74 1.00E-74 1.00E-74 1.00E-74 3.43E-31 1.60E-16 8.63E-12 2.45E-10
 1.04E-09 3.33E-09 6.62E-09 9.34E-09 1.01E-08 1.01E-08
  613.070    7  14 /pl=01:ss= 1:pb= 1:sz= 1/type=excit/ispb = t/isel =   16
 1.00E+10 1.00E+11 1.00E+12 1.00E+13 1.00E+14 1.00E+15 1.00E+16
 6.89E-02 1.03E-01 1.72E-01 3.45E-01 6.89E-01 1.72E+00 3.45E+00 5.17E+00
 6.89E+00 1.03E+01 1.72E+01 3.45E+01 6.89E+01 1.03E+02
 1.00E-74 1.00E-74 1.00E-74 2.70E-37 1.06E-24 3.24E-17 9.70E-15 6.27E-14
 1.55E-13 3.69E-13 6.88E-13 9.80E-13 1.04E-12 1.00E-12
 1.00E-74 1.00E-74 1.00E-74 2.70E-37 1.05E-24 3.24E-17 9.69E-15 6.27E-14
 1.55E-13 3.69E-13 6.88E-13 9.80E-13 1.04E-12 1.00E-12
 1.00E-74 1.00E-74 1.00E-74 2.65E-37 1.04E-24 3.21E-17 9.61E-15 6.21E-14
 1.54E-13 3.65E-13 6.82E-13 9.72E-13 1.03E-12 9.94E-13
 1.00E-74 1.00E-74 1.00E-74 2.30E-37 9.36E-25 2.95E-17 8.84E-15 5.69E-14
 1.41E-13 3.34E-13 6.25E-13 8.96E-13 9.60E-13 9.30E-13
 1.00E-74 1.00E-74 1.00E-74 1.34E-37 5.75E-25 1.91E-17 5.66E-15 3.60E-14
 8.85E-14 2.09E-13 3.92E-13 5.75E-13 6.39E-13 6.35E-13
 1.00E-74 1.00E-74 1.00E-74 8.85E-38 3.63E-25 1.14E-17 3.09E-15 1.84E-14
 4.26E-14 9.18E-14 1.55E-13 2.08E-13 2.28E-13 2.30E-13
 1.00E-74 1.00E-74 1.00E-74 6.53E-38 2.86E-25 9.43E-18 2.47E-15 1.27E-14
 2.36E-14 3.46E-14 3.88E-14 3.83E-14 3.68E-14 3.61E-14
  652.630    7  14 /pl=01:ss= 1:pb= 1:sz= 1/type=excit/ispb = t/isel =   17
 1.00E+10 1.00E+11 1.00E+12 1.00E+13 1.00E+14 1.00E+15 1.00E+16
 6.89E-02 1.03E-01 1.72E-01 3.45E-01 6.89E-01 1.72E+00 3.45E+00 5.17E+00
 6.89E+00 1.03E+01 1.72E+01 3.45E+01 6.89E+01 1.03E+02
 1.00E-74 1.00E-74 1.00E-74 2.09E-30 1.37E-18 1.33E-11 2.37E-09 1.24E-08
 2.74E-08 5.83E-08 1.01E-07 1.42E-07 1.58E-07 1.57E-07
 1.00E-74 1.00E-74 1.00E-74 2.09E-30 1.37E-18 1.33E-11 2.37E-09 1.24E-08
 2.74E-08 5.83E-08 1.01E-07 1.42E-07 1.58E-07 1.57E-07
 1.00E-74 1.00E-74 1.00E-74 2.09E-30 1.38E-18 1.33E-11 2.37E-09 1.24E-08
 2.74E-08 5.84E-08 1.01E-07 1.42E-07 1.58E-07 1.57E-07
 1.00E-74 1.00E-74 1.00E-74 2.09E-30 1.38E-18 1.33E-11 2.38E-09 1.25E-08
 2.77E-08 5.90E-08 1.02E-07 1.43E-07 1.59E-07 1.58E-07
 1.00E-74 1.00E-74 1.00E-74 2.08E-30 1.37E-18 1.34E-11 2.42E-09 1.28E-08
 2.83E-08 6.04E-08 1.04E-07 1.45E-07 1.60E-07 1.59E-07
 1.00E-74 1.00E-74 1.00E-74 2.00E-30 1.33E-18 1.32E-11 2.41E-09 1.26E-08
 2.75E-08 5.60E-08 9.01E-08 1.17E-07 1.26E-07 1.26E-07
 1.00E-74 1.00E-74 1.00E-74 1.49E-30 1.07E-18 1.15E-11 2.12E-09 9.75E-09
 1.72E-08 2.40E-08 2.61E-08 2.54E-08 2.45E-08 2.42E-08
  663.029    7  14 /pl=01:ss= 1:pb= 1:sz= 1/type=excit/ispb = t/isel =   18
 1.00E+10 1.00E+11 1.00E+12 1.00E+13 1.00E+14 1.00E+15 1.00E+16
 6.89E-02 1.03E-01 1.72E-01 3.45E-01 6.89E-01 1.72E+00 3.45E+00 5.17E+00
 6.89E+00 1.03E+01 1.72E+01 3.45E+01 6.89E+01 1.03E+02
 1.00E-74 1.00E-74 1.00E-74 5.96E-31 2.55E-19 1.89E-12 3.07E-10 1.55E-09
 3.36E-09 6.98E-09 1.19E-08 1.62E-08 1.74E-08 1.69E-08
 1.00E-74 1.00E-74 1.00E-74 5.96E-31 2.55E-19 1.89E-12 3.07E-10 1.55E-09
 3.36E-09 6.98E-09 1.19E-08 1.62E-08 1.74E-08 1.69E-08
 1.00E-74 1.00E-74 1.00E-74 5.96E-31 2.55E-19 1.89E-12 3.07E-10 1.55E-09
 3.36E-09 6.98E-09 1.19E-08 1.62E-08 1.74E-08 1.69E-08
 1.00E-74 1.00E-74 1.00E-74 5.96E-31 2.54E-19 1.89E-12 3.07E-10 1.55E-09
 3.36E-09 6.97E-09 1.19E-08 1.61E-08 1.73E-08 1.69E-08
 1.00E-74 1.00E-74 1.00E-74 5.94E-31 2.54E-19 1.89E-12 3.07E-10 1.54E-09
 3.34E-09 6.90E-09 1.16E-08 1.57E-08 1.68E-08 1.64E-08
 1.00E-74 1.00E-74 1.00E-74 5.70E-31 2.47E-19 1.86E-12 3.02E-10 1.50E-09
 3.19E-09 6.26E-09 9.78E-09 1.22E-08 1.27E-08 1.25E-08
 1.00E-74 1.00E-74 1.00E-74 4.10E-31 1.93E-19 1.57E-12 2.61E-10 1.16E-09
 2.01E-09 2.72E-09 2.90E-09 2.72E-09 2.54E-09 2.46E-09
  679.898    7  14 /pl=01:ss= 1:pb= 1:sz= 1/type=excit/ispb = t/isel =   19
 1.00E+10 1.00E+11 1.00E+12 1.00E+13 1.00E+14 1.00E+15 1.00E+16
 6.89E-02 1.03E-01 1.72E-01 3.45E-01 6.89E-01 1.72E+00 3.45E+00 5.17E+00
 6.89E+00 1.03E+01 1.72E+01 3.45E+01 6.89E+01 1.03E+02
 1.00E-74 1.00E-74 1.00E-74 1.00E-74 1.33E-37 3.69E-21 9.18E-16 5.30E-14
 3.87E-13 2.66E-12 1.14E-11 2.98E-11 4.29E-11 4.65E-11
 1.00E-74 1.00E-74 1.00E-74 1.00E-74 1.46E-37 3.96E-21 9.73E-16 5.58E-14
 4.05E-13 2.77E-12 1.18E-11 3.07E-11 4.39E-11 4.74E-11
 1.00E-74 1.00E-74 1.00E-74 1.00E-74 2.33E-37 5.84E-21 1.37E-15 7.66E-14
 5.46E-13 3.65E-12 1.51E-11 3.77E-11 5.17E-11 5.46E-11
 1.00E-74 1.00E-74 1.00E-74 1.00E-74 7.67E-37 1.72E-20 3.83E-15 2.07E-13
 1.45E-12 9.38E-12 3.72E-11 8.61E-11 1.08E-10 1.06E-10
 1.00E-74 1.00E-74 1.00E-74 1.00E-74 3.09E-36 5.80E-20 1.20E-14 6.33E-13
 4.37E-12 2.80E-11 1.11E-10 2.57E-10 3.22E-10 3.16E-10
 1.00E-74 1.00E-74 1.00E-74 1.00E-74 1.82E-35 3.02E-19 5.29E-14 2.53E-12
 1.61E-11 9.20E-11 3.18E-10 6.64E-10 8.11E-10 8.01E-10
 1.00E-74 1.00E-74 1.00E-74 1.00E-74 1.07E-34 2.26E-18 4.25E-13 1.81E-11
 9.32E-11 3.61E-10 8.23E-10 1.25E-09 1.34E-09 1.29E-09
  680.152    7  14 /pl=01:ss= 1:pb= 1:sz= 1/type=excit/ispb = t/isel =   20
 1.00E+10 1.00E+11 1.00E+12 1.00E+13 1.00E+14 1.00E+15 1.00E+16
 6.89E-02 1.03E-01 1.72E-01 3.45E-01 6.89E-01 1.72E+00 3.45E+00 5.17E+00
 6.89E+00 1.03E+01 1.72E+01 3.45E+01 6.89E+01 1.03E+02
 1.00E-74 1.00E-74 1.00E-74 1.00E-74 1.73E-37 8.71E-21 2.65E-15 1.63E-13
 1.23E-12 8.77E-12 3.83E-11 1.00E-10 1.37E-10 1.41E-10
 1.00E-74 1.00E-74 1.00E-74 1.00E-74 1.74E-37 8.73E-21 2.66E-15 1.64E-13
 1.23E-12 8.78E-12 3.83E-11 1.00E-10 1.37E-10 1.41E-10
 1.00E-74 1.00E-74 1.00E-74 1.00E-74 1.80E-37 8.93E-21 2.70E-15 1.66E-13
 1.25E-12 8.89E-12 3.87E-11 1.01E-10 1.38E-10 1.42E-10
 1.00E-74 1.00E-74 1.00E-74 1.00E-74 2.26E-37 1.04E-20 3.05E-15 1.85E-13
 1.38E-12 9.68E-12 4.17E-11 1.08E-10 1.46E-10 1.49E-10
 1.00E-74 1.00E-74 1.00E-74 1.00E-74 7.42E-37 2.51E-20 6.21E-15 3.48E-13
 2.46E-12 1.63E-11 6.57E-11 1.58E-10 2.03E-10 2.03E-10
 1.00E-74 1.00E-74 1.00E-74 1.00E-74 8.53E-36 2.56E-19 5.34E-14 2.66E-12
 1.72E-11 9.84E-11 3.36E-10 6.77E-10 7.93E-10 7.63E-10
 1.00E-74 1.00E-74 1.00E-74 1.00E-74 6.36E-35 2.47E-18 5.69E-13 2.59E-11
 1.38E-10 5.51E-10 1.29E-09 1.99E-09 2.15E-09 2.08E-09
  685.989    7  14 /pl=01:ss= 1:pb= 1:sz= 1/type=excit/ispb = t/isel =   21
 1.00E+10 1.00E+11 1.00E+12 1.00E+13 1.00E+14 1.00E+15 1.00E+16
 6.89E-02 1.03E-01 1.72E-01 3.45E-01 6.89E-01 1.72E+00 3.45E+00 5.17E+00
 6.89E+00 1.03E+01 1.72E+01 3.45E+01 6.89E+01 1.03E+02
 1.00E-74 1.00E-74 1.00E-74 1.00E-74 7.82E-32 3.94E-18 1.20E-13 3.45E-12
 1.78E-11 8.63E-11 2.81E-10 5.91E-10 7.36E-10 7.36E-10
 1.00E-74 1.00E-74 1.00E-74 1.00E-74 7.82E-32 3.94E-18 1.20E-13 3.45E-12
 1.78E-11 8.63E-11 2.81E-10 5.91E-10 7.36E-10 7.36E-10
 1.00E-74 1.00E-74 1.00E-74 1.00E-74 7.83E-32 3.94E-18 1.20E-13 3.45E-12
 1.78E-11 8.64E-11 2.81E-10 5.91E-10 7.36E-10 7.36E-10
 1.00E-74 1.00E-74 1.00E-74 1.00E-74 7.94E-32 3.98E-18 1.21E-13 3.48E-12
 1.79E-11 8.67E-11 2.81E-10 5.91E-10 7.36E-10 7.36E-10
 1.00E-74 1.00E-74 1.00E-74 1.00E-74 9.02E-32 4.34E-18 1.30E-13 3.68E-12
 1.88E-11 9.02E-11 2.89E-10 5.99E-10 7.41E-10 7.40E-10
 1.00E-74 1.00E-74 1.00E-74 1.00E-74 1.90E-31 7.69E-18 2.06E-13 5.49E-12
 2.66E-11 1.17E-10 3.34E-10 6.24E-10 7.42E-10 7.39E-10
 1.00E-74 1.00E-74 1.00E-74 1.00E-74 7.42E-31 3.06E-17 7.56E-13 1.67E-11
 6.29E-11 1.79E-10 3.28E-10 4.34E-10 4.49E-10 4.36E-10
  697.487    7  14 /pl=01:ss= 1:pb= 1:sz= 1/type=excit/ispb = t/isel =   22
 1.00E+10 1.00E+11 1.00E+12 1.00E+13 1.00E+14 1.00E+15 1.00E+16
 6.89E-02 1.03E-01 1.72E-01 3.45E-01 6.89E-01 1.72E+00 3.45E+00 5.17E+00
 6.89E+00 1.03E+01 1.72E+01 3.45E+01 6.89E+01 1.03E+02
 1.00E-74 1.00E-74 1.00E-74 1.00E-74 7.20E-31 3.63E-17 1.11E-12 3.18E-11
 1.64E-10 7.96E-10 2.59E-09 5.45E-09 6.79E-09 6.78E-09
 1.00E-74 1.00E-74 1.00E-74 1.00E-74 7.20E-31 3.63E-17 1.11E-12 3.18E-11
 1.64E-10 7.96E-10 2.59E-09 5.45E-09 6.79E-09 6.78E-09
 1.00E-74 1.00E-74 1.00E-74 1.00E-74 7.21E-31 3.63E-17 1.11E-12 3.18E-11
 1.64E-10 7.96E-10 2.59E-09 5.45E-09 6.78E-09 6.78E-09
 1.00E-74 1.00E-74 1.00E-74 1.00E-74 7.31E-31 3.67E-17 1.12E-12 3.20E-11
 1.65E-10 7.99E-10 2.59E-09 5.45E-09 6.78E-09 6.78E-09
 1.00E-74 1.00E-74 1.00E-74 1.00E-74 8.31E-31 4.00E-17 1.20E-12 3.39E-11
 1.73E-10 8.31E-10 2.66E-09 5.52E-09 6.83E-09 6.82E-09
 1.00E-74 1.00E-74 1.00E-74 1.00E-74 1.75E-30 7.09E-17 1.90E-12 5.06E-11
 2.45E-10 1.07E-09 3.08E-09 5.75E-09 6.84E-09 6.81E-09
 1.00E-74 1.00E-74 1.00E-74 1.00E-74 6.84E-30 2.82E-16 6.97E-12 1.54E-10
 5.79E-10 1.65E-09 3.02E-09 4.00E-09 4.13E-09 4.02E-09
  708.001    7  14 /pl=01:ss= 1:pb= 1:sz= 1/type=excit/ispb = t/isel =   23
 1.00E+10 1.00E+11 1.00E+12 1.00E+13 1.00E+14 1.00E+15 1.00E+16
 6.89E-02 1.03E-01 1.72E-01 3.45E-01 6.89E-01 1.72E+00 3.45E+00 5.17E+00
 6.89E+00 1.03E+01 1.72E+01 3.45E+01 6.89E+01 1.03E+02
 1.00E-74 1.00E-74 1.00E-74 9.09E-30 7.13E-19 2.46E-12 3.98E-10 2.16E-09
 4.95E-09 1.10E-08 1.98E-08 2.81E-08 3.08E-08 3.06E-08
 1.00E-74 1.00E-74 1.00E-74 9.09E-30 7.13E-19 2.45E-12 3.97E-10 2.16E-09
 4.95E-09 1.10E-08 1.97E-08 2.81E-08 3.08E-08 3.06E-08
 1.00E-74 1.00E-74 1.00E-74 9.09E-30 7.12E-19 2.45E-12 3.96E-10 2.15E-09
 4.92E-09 1.09E-08 1.96E-08 2.79E-08 3.07E-08 3.04E-08
 1.00E-74 1.00E-74 1.00E-74 9.08E-30 7.12E-19 2.42E-12 3.86E-10 2.07E-09
 4.73E-09 1.04E-08 1.87E-08 2.66E-08 2.94E-08 2.93E-08
 1.00E-74 1.00E-74 1.00E-74 9.07E-30 7.09E-19 2.32E-12 3.44E-10 1.77E-09
 3.93E-09 8.42E-09 1.47E-08 2.10E-08 2.36E-08 2.38E-08
 1.00E-74 1.00E-74 1.46E-51 8.93E-30 7.17E-19 2.33E-12 3.06E-10 1.43E-09
 2.95E-09 5.66E-09 8.73E-09 1.12E-08 1.22E-08 1.24E-08
 1.00E-74 1.00E-74 8.74E-52 7.67E-30 6.89E-19 2.28E-12 2.77E-10 1.10E-09
 1.80E-09 2.31E-09 2.35E-09 2.16E-09 2.01E-09 1.97E-09
  1498.06    7  14 /pl=01:ss= 1:pb= 1:sz= 1/type=excit/ispb = t/isel =   24
 1.00E+10 1.00E+11 1.00E+12 1.00E+13 1.00E+14 1.00E+15 1.00E+16
 6.89E-02 1.03E-01 1.72E-01 3.45E-01 6.89E-01 1.72E+00 3.45E+00 5.17E+00
 6.89E+00 1.03E+01 1.72E+01 3.45E+01 6.89E+01 1.03E+02
 1.00E-74 1.00E-74 1.00E-74 1.72E-42 2.27E-26 8.57E-17 1.12E-13 1.12E-12
 3.43E-12 9.99E-12 2.18E-11 3.45E-11 3.80E-11 3.66E-11
 1.00E-74 1.00E-74 1.00E-74 1.16E-42 1.60E-26 6.34E-17 8.52E-14 8.74E-13
 2.71E-12 8.03E-12 1.79E-11 2.93E-11 3.31E-11 3.25E-11
 1.00E-74 1.00E-74 1.00E-74 3.63E-43 5.12E-27 2.12E-17 2.96E-14 3.13E-13
 9.90E-13 3.04E-12 7.14E-12 1.26E-11 1.56E-11 1.61E-11
 1.00E-74 1.00E-74 1.00E-74 1.62E-43 2.04E-27 7.44E-18 9.76E-15 1.00E-13
 3.11E-13 9.34E-13 2.14E-12 3.70E-12 4.53E-12 4.69E-12
 1.00E-74 1.00E-74 1.00E-74 1.79E-43 2.04E-27 6.43E-18 7.68E-15 7.50E-14
 2.26E-13 6.46E-13 1.40E-12 2.25E-12 2.58E-12 2.58E-12
 1.00E-74 1.00E-74 1.00E-74 2.75E-43 3.33E-27 1.10E-17 1.28E-14 1.20E-13
 3.48E-13 9.23E-13 1.80E-12 2.60E-12 2.82E-12 2.76E-12
 1.00E-74 1.00E-74 1.00E-74 2.62E-43 3.63E-27 1.46E-17 1.85E-14 1.60E-13
 3.84E-13 7.23E-13 9.86E-13 1.11E-12 1.12E-12 1.10E-12
  1597.03    7  14 /pl=01:ss= 1:pb= 1:sz= 1/type=excit/ispb = t/isel =   25
 1.00E+10 1.00E+11 1.00E+12 1.00E+13 1.00E+14 1.00E+15 1.00E+16
 6.89E-02 1.03E-01 1.72E-01 3.45E-01 6.89E-01 1.72E+00 3.45E+00 5.17E+00
 6.89E+00 1.03E+01 1.72E+01 3.45E+01 6.89E+01 1.03E+02
 1.00E-74 1.00E-74 1.00E-74 5.53E-43 2.81E-26 2.31E-16 3.86E-13 4.22E-12
 1.34E-11 4.04E-11 9.05E-11 1.47E-10 1.66E-10 1.62E-10
 1.00E-74 1.00E-74 1.00E-74 7.16E-43 3.52E-26 2.82E-16 4.63E-13 5.01E-12
 1.58E-11 4.72E-11 1.04E-10 1.67E-10 1.85E-10 1.78E-10
 1.00E-74 1.00E-74 1.00E-74 1.83E-42 8.41E-26 6.41E-16 1.02E-12 1.08E-11
 3.37E-11 9.89E-11 2.13E-10 3.26E-10 3.44E-10 3.21E-10
 1.00E-74 1.00E-74 1.00E-74 4.47E-42 2.00E-25 1.49E-15 2.37E-12 2.54E-11
 7.97E-11 2.37E-10 5.24E-10 8.30E-10 9.06E-10 8.66E-10
 1.00E-74 1.00E-74 1.00E-74 8.60E-42 3.88E-25 2.74E-15 4.24E-12 4.47E-11
 1.39E-10 4.11E-10 9.00E-10 1.43E-09 1.58E-09 1.53E-09
 1.00E-74 1.00E-74 1.00E-74 1.47E-41 7.24E-25 5.53E-15 8.53E-12 8.80E-11
 2.66E-10 7.38E-10 1.49E-09 2.20E-09 2.40E-09 2.35E-09
 1.00E-74 1.00E-74 1.00E-74 1.41E-41 8.02E-25 7.50E-15 1.27E-11 1.20E-10
 3.02E-10 5.95E-10 8.43E-10 9.77E-10 9.97E-10 9.87E-10
  1750.08    7  14 /pl=01:ss= 1:pb= 1:sz= 1/type=excit/ispb = t/isel =   26
 1.00E+10 1.00E+11 1.00E+12 1.00E+13 1.00E+14 1.00E+15 1.00E+16
 6.89E-02 1.03E-01 1.72E-01 3.45E-01 6.89E-01 1.72E+00 3.45E+00 5.17E+00
 6.89E+00 1.03E+01 1.72E+01 3.45E+01 6.89E+01 1.03E+02
 1.00E-74 1.00E-74 1.00E-74 6.56E-42 1.28E-25 6.03E-16 8.35E-13 8.56E-12
 2.64E-11 7.74E-11 1.70E-10 2.73E-10 3.07E-10 2.99E-10
 1.00E-74 1.00E-74 1.00E-74 8.45E-42 1.58E-25 7.10E-16 9.57E-13 9.68E-12
 2.96E-11 8.58E-11 1.86E-10 2.94E-10 3.25E-10 3.15E-10
 1.00E-74 1.00E-74 1.00E-74 1.77E-41 3.08E-25 1.29E-15 1.67E-12 1.65E-11
 4.97E-11 1.40E-10 2.94E-10 4.42E-10 4.66E-10 4.39E-10
 1.00E-74 1.00E-74 1.00E-74 5.16E-41 8.72E-25 3.54E-15 4.55E-12 4.51E-11
 1.35E-10 3.84E-10 8.04E-10 1.20E-09 1.25E-09 1.16E-09
 1.00E-74 1.00E-74 1.00E-74 1.04E-40 1.77E-24 6.94E-15 8.80E-12 8.71E-11
 2.63E-10 7.49E-10 1.59E-09 2.47E-09 2.70E-09 2.61E-09
 1.00E-74 1.00E-74 1.00E-74 1.73E-40 3.18E-24 1.35E-14 1.71E-11 1.65E-10
 4.84E-10 1.30E-09 2.56E-09 3.70E-09 4.01E-09 3.91E-09
 1.00E-74 1.00E-74 1.00E-74 1.65E-40 3.50E-24 1.82E-14 2.52E-11 2.23E-10
 5.44E-10 1.04E-09 1.43E-09 1.63E-09 1.65E-09 1.62E-09
  1825.82    7  14 /pl=01:ss= 1:pb= 1:sz= 1/type=excit/ispb = t/isel =   27
 1.00E+10 1.00E+11 1.00E+12 1.00E+13 1.00E+14 1.00E+15 1.00E+16
 6.89E-02 1.03E-01 1.72E-01 3.45E-01 6.89E-01 1.72E+00 3.45E+00 5.17E+00
 6.89E+00 1.03E+01 1.72E+01 3.45E+01 6.89E+01 1.03E+02
 1.00E-74 1.00E-74 1.00E-74 1.12E-41 1.48E-25 5.58E-16 7.27E-13 7.32E-12
 2.24E-11 6.51E-11 1.42E-10 2.25E-10 2.47E-10 2.39E-10
 1.00E-74 1.00E-74 1.00E-74 7.54E-42 1.04E-25 4.13E-16 5.55E-13 5.70E-12
 1.76E-11 5.23E-11 1.17E-10 1.91E-10 2.16E-10 2.12E-10
 1.00E-74 1.00E-74 1.00E-74 2.37E-42 3.33E-26 1.38E-16 1.93E-13 2.04E-12
 6.45E-12 1.98E-11 4.65E-11 8.22E-11 1.01E-10 1.05E-10
 1.00E-74 1.00E-74 1.00E-74 1.06E-42 1.33E-26 4.85E-17 6.36E-14 6.52E-13
 2.03E-12 6.08E-12 1.39E-11 2.41E-11 2.95E-11 3.06E-11
 1.00E-74 1.00E-74 1.00E-74 1.16E-42 1.33E-26 4.19E-17 5.00E-14 4.89E-13
 1.47E-12 4.21E-12 9.11E-12 1.47E-11 1.68E-11 1.68E-11
 1.00E-74 1.00E-74 1.00E-74 1.79E-42 2.17E-26 7.14E-17 8.33E-14 7.84E-13
 2.27E-12 6.01E-12 1.17E-11 1.70E-11 1.84E-11 1.80E-11
 1.00E-74 1.00E-74 1.00E-74 1.70E-42 2.36E-26 9.49E-17 1.21E-13 1.04E-12
 2.50E-12 4.71E-12 6.43E-12 7.24E-12 7.29E-12 7.19E-12
  1854.43    7  14 /pl=01:ss= 1:pb= 1:sz= 1/type=excit/ispb = t/isel =   28
 1.00E+10 1.00E+11 1.00E+12 1.00E+13 1.00E+14 1.00E+15 1.00E+16
 6.89E-02 1.03E-01 1.72E-01 3.45E-01 6.89E-01 1.72E+00 3.45E+00 5.17E+00
 6.89E+00 1.03E+01 1.72E+01 3.45E+01 6.89E+01 1.03E+02
 1.00E-74 1.00E-74 1.00E-74 2.91E-41 3.80E-26 3.90E-17 3.41E-14 3.04E-13
 8.72E-13 2.38E-12 4.92E-12 7.48E-12 8.11E-12 7.80E-12
 1.00E-74 1.00E-74 1.00E-74 2.75E-41 3.63E-26 3.75E-17 3.30E-14 2.94E-13
 8.46E-13 2.32E-12 4.80E-12 7.32E-12 7.97E-12 7.69E-12
 1.00E-74 1.00E-74 1.00E-74 1.80E-41 2.52E-26 2.72E-17 2.46E-14 2.23E-13
 6.48E-13 1.81E-12 3.82E-12 6.02E-12 6.76E-12 6.63E-12
 1.00E-74 1.00E-74 1.00E-74 6.36E-42 8.89E-27 9.40E-18 8.46E-15 7.73E-14
 2.28E-13 6.46E-13 1.42E-12 2.37E-12 2.87E-12 2.95E-12
 1.00E-74 1.00E-74 1.00E-74 4.34E-42 5.38E-27 4.71E-18 3.76E-15 3.24E-14
 9.18E-14 2.48E-13 5.17E-13 8.16E-13 9.49E-13 9.62E-13
 1.00E-74 1.00E-74 1.00E-74 5.52E-42 6.77E-27 5.75E-18 4.30E-15 3.50E-14
 9.43E-14 2.34E-13 4.33E-13 6.07E-13 6.57E-13 6.48E-13
 1.00E-74 1.00E-74 1.00E-74 5.09E-42 7.04E-27 7.11E-18 5.72E-15 4.24E-14
 9.43E-14 1.64E-13 2.11E-13 2.28E-13 2.25E-13 2.21E-13
  1964.36    7  14 /pl=01:ss= 1:pb= 1:sz= 1/type=excit/ispb = t/isel =   29
 1.00E+10 1.00E+11 1.00E+12 1.00E+13 1.00E+14 1.00E+15 1.00E+16
 6.89E-02 1.03E-01 1.72E-01 3.45E-01 6.89E-01 1.72E+00 3.45E+00 5.17E+00
 6.89E+00 1.03E+01 1.72E+01 3.45E+01 6.89E+01 1.03E+02
 1.00E-74 1.00E-74 1.00E-74 1.00E-74 7.07E-40 3.56E-23 1.08E-17 6.68E-16
 5.02E-15 3.59E-14 1.57E-13 4.10E-13 5.62E-13 5.76E-13
 1.00E-74 1.00E-74 1.00E-74 1.00E-74 7.10E-40 3.57E-23 1.09E-17 6.69E-16
 5.03E-15 3.59E-14 1.57E-13 4.10E-13 5.62E-13 5.76E-13
 1.00E-74 1.00E-74 1.00E-74 1.00E-74 7.34E-40 3.65E-23 1.10E-17 6.79E-16
 5.10E-15 3.63E-14 1.58E-13 4.14E-13 5.66E-13 5.80E-13
 1.00E-74 1.00E-74 1.00E-74 1.00E-74 9.22E-40 4.26E-23 1.25E-17 7.55E-16
 5.62E-15 3.96E-14 1.70E-13 4.39E-13 5.95E-13 6.07E-13
 1.00E-74 1.00E-74 1.00E-74 1.00E-74 3.03E-39 1.03E-22 2.54E-17 1.42E-15
 1.01E-14 6.65E-14 2.69E-13 6.45E-13 8.31E-13 8.28E-13
 1.00E-74 1.00E-74 1.00E-74 1.00E-74 3.49E-38 1.04E-21 2.18E-16 1.09E-14
 7.03E-14 4.02E-13 1.37E-12 2.77E-12 3.24E-12 3.12E-12
 1.00E-74 1.00E-74 1.00E-74 1.00E-74 2.60E-37 1.01E-20 2.33E-15 1.06E-13
 5.64E-13 2.25E-12 5.28E-12 8.14E-12 8.78E-12 8.49E-12
  1980.59    7  14 /pl=01:ss= 1:pb= 1:sz= 1/type=excit/ispb = t/isel =   30
 1.00E+10 1.00E+11 1.00E+12 1.00E+13 1.00E+14 1.00E+15 1.00E+16
 6.89E-02 1.03E-01 1.72E-01 3.45E-01 6.89E-01 1.72E+00 3.45E+00 5.17E+00
 6.89E+00 1.03E+01 1.72E+01 3.45E+01 6.89E+01 1.03E+02
 1.00E-74 1.00E-74 1.00E-74 4.34E-42 1.48E-25 9.68E-16 1.49E-12 1.59E-11
 5.01E-11 1.51E-10 3.42E-10 5.66E-10 6.54E-10 6.52E-10
 1.00E-74 1.00E-74 1.00E-74 4.35E-42 1.48E-25 9.65E-16 1.49E-12 1.59E-11
 5.01E-11 1.51E-10 3.42E-10 5.67E-10 6.56E-10 6.54E-10
 1.00E-74 1.00E-74 1.00E-74 4.08E-42 1.36E-25 8.76E-16 1.35E-12 1.46E-11
 4.62E-11 1.40E-10 3.21E-10 5.40E-10 6.33E-10 6.34E-10
 1.00E-74 1.00E-74 1.00E-74 3.70E-42 1.15E-25 6.95E-16 1.05E-12 1.12E-11
 3.52E-11 1.06E-10 2.43E-10 4.08E-10 4.82E-10 4.88E-10
 1.00E-74 1.00E-74 1.00E-74 5.61E-42 1.70E-25 9.49E-16 1.36E-12 1.40E-11
 4.32E-11 1.26E-10 2.76E-10 4.39E-10 4.91E-10 4.81E-10
 1.00E-74 1.00E-74 1.00E-74 9.37E-42 3.09E-25 1.85E-15 2.64E-12 2.65E-11
 7.91E-11 2.17E-10 4.33E-10 6.35E-10 6.91E-10 6.75E-10
 1.00E-74 1.00E-74 1.00E-74 8.99E-42 3.41E-25 2.51E-15 3.90E-12 3.60E-11
 8.95E-11 1.74E-10 2.44E-10 2.80E-10 2.85E-10 2.82E-10
  2124.66    7  14 /pl=01:ss= 1:pb= 1:sz= 1/type=excit/ispb = t/isel =   31
 1.00E+10 1.00E+11 1.00E+12 1.00E+13 1.00E+14 1.00E+15 1.00E+16
 6.89E-02 1.03E-01 1.72E-01 3.45E-01 6.89E-01 1.72E+00 3.45E+00 5.17E+00
 6.89E+00 1.03E+01 1.72E+01 3.45E+01 6.89E+01 1.03E+02
 1.00E-74 1.00E-74 1.00E-74 3.25E-40 1.06E-24 1.76E-15 1.75E-12 1.62E-11
 4.73E-11 1.32E-10 2.77E-10 4.33E-10 4.80E-10 4.68E-10
 1.00E-74 1.00E-74 1.00E-74 3.55E-40 1.14E-24 1.85E-15 1.83E-12 1.68E-11
 4.90E-11 1.36E-10 2.84E-10 4.42E-10 4.88E-10 4.75E-10
 1.00E-74 1.00E-74 1.00E-74 5.95E-40 1.73E-24 2.58E-15 2.42E-12 2.17E-11
 6.22E-11 1.69E-10 3.45E-10 5.19E-10 5.59E-10 5.37E-10
 1.00E-74 1.00E-74 1.00E-74 2.01E-39 5.32E-24 6.96E-15 6.07E-12 5.24E-11
 1.47E-10 3.84E-10 7.53E-10 1.06E-09 1.08E-09 9.98E-10
 1.00E-74 1.00E-74 1.00E-74 6.44E-39 1.79E-23 2.36E-14 2.06E-11 1.78E-10
 5.00E-10 1.32E-09 2.61E-09 3.74E-09 3.84E-09 3.58E-09
 1.00E-74 1.00E-74 1.00E-74 1.09E-38 3.29E-23 4.75E-14 4.21E-11 3.62E-10
 9.99E-10 2.53E-09 4.76E-09 6.68E-09 7.14E-09 6.96E-09
 1.00E-74 1.00E-74 1.00E-74 1.03E-38 3.55E-23 6.22E-14 6.00E-11 4.73E-10
 1.08E-09 1.95E-09 2.56E-09 2.82E-09 2.80E-09 2.76E-09
  2194.77    7  14 /pl=01:ss= 1:pb= 1:sz= 1/type=excit/ispb = t/isel =   32
 1.00E+10 1.00E+11 1.00E+12 1.00E+13 1.00E+14 1.00E+15 1.00E+16
 6.89E-02 1.03E-01 1.72E-01 3.45E-01 6.89E-01 1.72E+00 3.45E+00 5.17E+00
 6.89E+00 1.03E+01 1.72E+01 3.45E+01 6.89E+01 1.03E+02
 1.00E-74 1.00E-74 1.00E-74 1.00E-74 2.11E-37 1.83E-21 3.29E-16 1.71E-14
 1.19E-13 7.79E-13 3.22E-12 8.09E-12 1.12E-11 1.18E-11
 1.00E-74 1.00E-74 1.00E-74 1.00E-74 2.12E-37 1.83E-21 3.28E-16 1.71E-14
 1.19E-13 7.76E-13 3.21E-12 8.07E-12 1.12E-11 1.17E-11
 1.00E-74 1.00E-74 1.00E-74 1.00E-74 2.13E-37 1.79E-21 3.19E-16 1.66E-14
 1.15E-13 7.54E-13 3.12E-12 7.88E-12 1.10E-11 1.15E-11
 1.00E-74 1.00E-74 1.00E-74 1.00E-74 2.25E-37 1.64E-21 2.72E-16 1.39E-14
 9.57E-14 6.25E-13 2.59E-12 6.63E-12 9.39E-12 9.99E-12
 1.00E-74 1.00E-74 1.00E-74 1.00E-74 2.34E-37 1.46E-21 2.19E-16 1.06E-14
 7.12E-14 4.48E-13 1.79E-12 4.44E-12 6.13E-12 6.46E-12
 1.00E-74 1.00E-74 1.00E-74 1.00E-74 2.32E-37 1.18E-21 1.50E-16 6.67E-15
 4.19E-14 2.41E-13 8.71E-13 2.00E-12 2.74E-12 2.93E-12
 1.00E-74 1.00E-74 1.00E-74 1.00E-74 7.71E-37 4.09E-21 4.86E-16 1.78E-14
 8.51E-14 3.07E-13 6.64E-13 9.78E-13 1.04E-12 1.01E-12
  2298.86    7  14 /pl=01:ss= 1:pb= 1:sz= 1/type=excit/ispb = t/isel =   33
 1.00E+10 1.00E+11 1.00E+12 1.00E+13 1.00E+14 1.00E+15 1.00E+16
 6.89E-02 1.03E-01 1.72E-01 3.45E-01 6.89E-01 1.72E+00 3.45E+00 5.17E+00
 6.89E+00 1.03E+01 1.72E+01 3.45E+01 6.89E+01 1.03E+02
 1.00E-74 1.00E-74 1.00E-74 1.00E-74 6.73E-37 1.52E-20 3.56E-15 2.01E-13
 1.44E-12 9.83E-12 4.17E-11 1.06E-10 1.44E-10 1.47E-10
 1.00E-74 1.00E-74 1.00E-74 1.00E-74 6.69E-37 1.51E-20 3.54E-15 2.00E-13
 1.44E-12 9.80E-12 4.16E-11 1.06E-10 1.44E-10 1.47E-10
 1.00E-74 1.00E-74 1.00E-74 1.00E-74 6.33E-37 1.44E-20 3.38E-15 1.91E-13
 1.38E-12 9.44E-12 4.02E-11 1.03E-10 1.41E-10 1.44E-10
 1.00E-74 1.00E-74 1.00E-74 1.00E-74 4.34E-37 9.78E-21 2.36E-15 1.37E-13
 1.00E-12 7.03E-12 3.09E-11 8.26E-11 1.18E-10 1.23E-10
 1.00E-74 1.00E-74 1.00E-74 1.00E-74 2.21E-37 4.17E-21 9.51E-16 5.46E-14
 4.01E-13 2.83E-12 1.27E-11 3.53E-11 5.36E-11 5.88E-11
 1.00E-74 1.00E-74 1.00E-74 1.00E-74 4.38E-37 6.14E-21 1.05E-15 5.11E-14
 3.33E-13 1.97E-12 7.21E-12 1.66E-11 2.25E-11 2.39E-11
 1.00E-74 1.00E-74 1.00E-74 1.00E-74 2.28E-36 3.95E-20 6.97E-15 2.90E-13
 1.48E-12 5.67E-12 1.29E-11 1.95E-11 2.09E-11 2.02E-11
  2313.45    7  14 /pl=01:ss= 1:pb= 1:sz= 1/type=excit/ispb = t/isel =   34
 1.00E+10 1.00E+11 1.00E+12 1.00E+13 1.00E+14 1.00E+15 1.00E+16
 6.89E-02 1.03E-01 1.72E-01 3.45E-01 6.89E-01 1.72E+00 3.45E+00 5.17E+00
 6.89E+00 1.03E+01 1.72E+01 3.45E+01 6.89E+01 1.03E+02
 1.00E-74 1.00E-74 1.00E-74 1.46E-40 1.36E-24 4.07E-15 4.86E-12 4.75E-11
 1.43E-10 4.07E-10 8.75E-10 1.40E-09 1.58E-09 1.57E-09
 1.00E-74 1.00E-74 1.00E-74 1.50E-40 1.40E-24 4.20E-15 5.00E-12 4.87E-11
 1.46E-10 4.17E-10 8.94E-10 1.42E-09 1.61E-09 1.59E-09
 1.00E-74 1.00E-74 1.00E-74 1.56E-40 1.46E-24 4.37E-15 5.23E-12 5.11E-11
 1.54E-10 4.39E-10 9.44E-10 1.50E-09 1.69E-09 1.67E-09
 1.00E-74 1.00E-74 1.00E-74 1.49E-40 1.34E-24 3.87E-15 4.61E-12 4.53E-11
 1.37E-10 3.95E-10 8.62E-10 1.40E-09 1.61E-09 1.61E-09
 1.00E-74 1.00E-74 1.00E-74 1.82E-40 1.53E-24 4.01E-15 4.48E-12 4.28E-11
 1.27E-10 3.58E-10 7.62E-10 1.20E-09 1.36E-09 1.35E-09
 1.00E-74 1.00E-74 1.00E-74 2.83E-40 2.54E-24 6.98E-15 7.68E-12 7.08E-11
 2.02E-10 5.32E-10 1.03E-09 1.47E-09 1.59E-09 1.56E-09
 1.00E-74 1.00E-74 1.00E-74 2.69E-40 2.77E-24 9.30E-15 1.11E-11 9.43E-11
 2.24E-10 4.18E-10 5.66E-10 6.34E-10 6.36E-10 6.27E-10
  2384.27    7  14 /pl=01:ss= 1:pb= 1:sz= 1/type=excit/ispb = t/isel =   35
 1.00E+10 1.00E+11 1.00E+12 1.00E+13 1.00E+14 1.00E+15 1.00E+16
 6.89E-02 1.03E-01 1.72E-01 3.45E-01 6.89E-01 1.72E+00 3.45E+00 5.17E+00
 6.89E+00 1.03E+01 1.72E+01 3.45E+01 6.89E+01 1.03E+02
 1.00E-74 1.00E-74 1.00E-74 1.32E-39 1.73E-24 1.77E-15 1.55E-12 1.38E-11
 3.96E-11 1.08E-10 2.23E-10 3.40E-10 3.68E-10 3.54E-10
 1.00E-74 1.00E-74 1.00E-74 1.25E-39 1.65E-24 1.71E-15 1.50E-12 1.34E-11
 3.84E-11 1.05E-10 2.18E-10 3.33E-10 3.62E-10 3.49E-10
 1.00E-74 1.00E-74 1.00E-74 8.16E-40 1.14E-24 1.24E-15 1.12E-12 1.01E-11
 2.94E-11 8.20E-11 1.74E-10 2.74E-10 3.07E-10 3.01E-10
 1.00E-74 1.00E-74 1.00E-74 2.89E-40 4.04E-25 4.27E-16 3.84E-13 3.51E-12
 1.03E-11 2.94E-11 6.44E-11 1.08E-10 1.30E-10 1.34E-10
 1.00E-74 1.00E-74 1.00E-74 1.97E-40 2.44E-25 2.14E-16 1.71E-13 1.47E-12
 4.17E-12 1.13E-11 2.35E-11 3.71E-11 4.31E-11 4.37E-11
 1.00E-74 1.00E-74 1.00E-74 2.51E-40 3.07E-25 2.61E-16 1.95E-13 1.59E-12
 4.28E-12 1.06E-11 1.97E-11 2.76E-11 2.98E-11 2.94E-11
 1.00E-74 1.00E-74 1.00E-74 2.31E-40 3.20E-25 3.23E-16 2.60E-13 1.92E-12
 4.28E-12 7.47E-12 9.59E-12 1.04E-11 1.02E-11 1.00E-11
  2416.52    7  14 /pl=01:ss= 1:pb= 1:sz= 1/type=excit/ispb = t/isel =   36
 1.00E+10 1.00E+11 1.00E+12 1.00E+13 1.00E+14 1.00E+15 1.00E+16
 6.89E-02 1.03E-01 1.72E-01 3.45E-01 6.89E-01 1.72E+00 3.45E+00 5.17E+00
 6.89E+00 1.03E+01 1.72E+01 3.45E+01 6.89E+01 1.03E+02
 1.00E-74 1.00E-74 1.00E-74 2.98E-41 2.61E-25 8.06E-16 9.89E-13 9.79E-12
 2.97E-11 8.59E-11 1.88E-10 3.05E-10 3.53E-10 3.54E-10
 1.00E-74 1.00E-74 1.00E-74 2.84E-41 2.40E-25 7.31E-16 9.00E-13 8.95E-12
 2.73E-11 7.94E-11 1.75E-10 2.88E-10 3.37E-10 3.41E-10
 1.00E-74 1.00E-74 1.00E-74 2.94E-41 2.24E-25 6.29E-16 7.54E-13 7.46E-12
 2.27E-11 6.60E-11 1.46E-10 2.43E-10 2.89E-10 2.95E-10
 1.00E-74 1.00E-74 1.00E-74 3.92E-41 2.72E-25 6.87E-16 7.88E-13 7.67E-12
 2.31E-11 6.68E-11 1.47E-10 2.41E-10 2.83E-10 2.87E-10
 1.00E-74 1.00E-74 1.00E-74 6.01E-41 3.72E-25 8.11E-16 8.58E-13 8.05E-12
 2.38E-11 6.67E-11 1.42E-10 2.26E-10 2.59E-10 2.59E-10
 1.00E-74 1.00E-74 1.00E-74 9.62E-41 6.21E-25 1.41E-15 1.45E-12 1.31E-11
 3.70E-11 9.62E-11 1.85E-10 2.64E-10 2.85E-10 2.80E-10
 1.00E-74 1.00E-74 1.00E-74 9.18E-41 6.78E-25 1.87E-15 2.10E-12 1.73E-11
 4.08E-11 7.52E-11 1.01E-10 1.12E-10 1.12E-10 1.11E-10
  3483.45    7  14 /pl=01:ss= 1:pb= 1:sz= 1/type=excit/ispb = t/isel =   37
 1.00E+10 1.00E+11 1.00E+12 1.00E+13 1.00E+14 1.00E+15 1.00E+16
 6.89E-02 1.03E-01 1.72E-01 3.45E-01 6.89E-01 1.72E+00 3.45E+00 5.17E+00
 6.89E+00 1.03E+01 1.72E+01 3.45E+01 6.89E+01 1.03E+02
 1.00E-74 1.00E-74 1.00E-74 1.06E-37 7.28E-23 4.55E-14 3.24E-11 2.66E-10
 7.36E-10 1.93E-09 3.92E-09 5.96E-09 6.70E-09 6.68E-09
 1.00E-74 1.00E-74 1.00E-74 1.07E-37 7.30E-23 4.57E-14 3.25E-11 2.67E-10
 7.38E-10 1.94E-09 3.93E-09 5.97E-09 6.71E-09 6.69E-09
 1.00E-74 1.00E-74 1.00E-74 1.08E-37 7.45E-23 4.67E-14 3.33E-11 2.74E-10
 7.56E-10 1.98E-09 4.01E-09 6.08E-09 6.81E-09 6.77E-09
 1.00E-74 1.00E-74 1.00E-74 1.14E-37 7.77E-23 4.84E-14 3.45E-11 2.84E-10
 7.86E-10 2.07E-09 4.18E-09 6.33E-09 7.07E-09 7.01E-09
 1.00E-74 1.00E-74 1.00E-74 1.32E-37 8.61E-23 5.04E-14 3.48E-11 2.84E-10
 7.81E-10 2.04E-09 4.11E-09 6.23E-09 6.98E-09 6.94E-09
 1.00E-74 1.00E-74 1.00E-74 1.73E-37 1.15E-22 6.80E-14 4.51E-11 3.53E-10
 9.31E-10 2.26E-09 4.13E-09 5.73E-09 6.18E-09 6.09E-09
 1.00E-74 1.00E-74 1.00E-74 1.60E-37 1.21E-22 8.50E-14 6.06E-11 4.31E-10
 9.41E-10 1.61E-09 2.03E-09 2.17E-09 2.13E-09 2.09E-09
  3498.14    7  14 /pl=01:ss= 1:pb= 1:sz= 1/type=excit/ispb = t/isel =   38
 1.00E+10 1.00E+11 1.00E+12 1.00E+13 1.00E+14 1.00E+15 1.00E+16
 6.89E-02 1.03E-01 1.72E-01 3.45E-01 6.89E-01 1.72E+00 3.45E+00 5.17E+00
 6.89E+00 1.03E+01 1.72E+01 3.45E+01 6.89E+01 1.03E+02
 1.00E-74 1.00E-74 1.00E-74 1.00E-74 4.00E-35 1.81E-19 2.48E-14 1.17E-12
 7.73E-12 4.81E-11 1.90E-10 4.60E-10 6.09E-10 6.18E-10
 1.00E-74 1.00E-74 1.00E-74 1.00E-74 4.00E-35 1.81E-19 2.48E-14 1.17E-12
 7.73E-12 4.81E-11 1.90E-10 4.60E-10 6.10E-10 6.18E-10
 1.00E-74 1.00E-74 1.00E-74 1.00E-74 4.00E-35 1.81E-19 2.48E-14 1.17E-12
 7.74E-12 4.82E-11 1.90E-10 4.61E-10 6.10E-10 6.19E-10
 1.00E-74 1.00E-74 1.00E-74 1.00E-74 3.97E-35 1.81E-19 2.48E-14 1.18E-12
 7.77E-12 4.84E-11 1.91E-10 4.64E-10 6.16E-10 6.25E-10
 1.00E-74 1.00E-74 1.00E-74 1.00E-74 3.79E-35 1.67E-19 2.27E-14 1.08E-12
 7.14E-12 4.46E-11 1.78E-10 4.37E-10 5.91E-10 6.08E-10
 1.00E-74 1.00E-74 1.00E-74 1.00E-74 3.63E-35 1.28E-19 1.49E-14 6.52E-13
 4.09E-12 2.36E-11 8.65E-11 2.03E-10 2.85E-10 3.08E-10
 1.00E-74 1.00E-74 1.00E-74 1.00E-74 1.19E-34 4.17E-19 4.33E-14 1.52E-12
 7.12E-12 2.52E-11 5.39E-11 7.90E-11 8.47E-11 8.28E-11
  4071.79    7  14 /pl=01:ss= 1:pb= 1:sz= 1/type=excit/ispb = t/isel =   39
 1.00E+10 1.00E+11 1.00E+12 1.00E+13 1.00E+14 1.00E+15 1.00E+16
 6.89E-02 1.03E-01 1.72E-01 3.45E-01 6.89E-01 1.72E+00 3.45E+00 5.17E+00
 6.89E+00 1.03E+01 1.72E+01 3.45E+01 6.89E+01 1.03E+02
 1.00E-74 1.00E-74 1.00E-74 3.67E-38 1.60E-23 9.86E-15 7.54E-12 6.44E-11
 1.82E-10 4.90E-10 1.01E-09 1.56E-09 1.76E-09 1.75E-09
 1.00E-74 1.00E-74 1.00E-74 3.66E-38 1.59E-23 9.70E-15 7.41E-12 6.34E-11
 1.79E-10 4.83E-10 9.95E-10 1.55E-09 1.75E-09 1.74E-09
 1.00E-74 1.00E-74 1.00E-74 3.64E-38 1.50E-23 8.69E-15 6.53E-12 5.58E-11
 1.58E-10 4.28E-10 8.90E-10 1.41E-09 1.62E-09 1.62E-09
 1.00E-74 1.00E-74 1.00E-74 4.10E-38 1.51E-23 7.37E-15 5.08E-12 4.20E-11
 1.17E-10 3.13E-10 6.47E-10 1.03E-09 1.21E-09 1.24E-09
 1.00E-74 1.00E-74 1.00E-74 6.60E-38 2.25E-23 9.19E-15 5.68E-12 4.48E-11
 1.22E-10 3.14E-10 6.27E-10 9.60E-10 1.09E-09 1.10E-09
 1.00E-74 1.00E-74 1.00E-74 1.10E-37 3.55E-23 1.36E-14 7.86E-12 5.87E-11
 1.51E-10 3.60E-10 6.46E-10 8.89E-10 9.60E-10 9.50E-10
 1.00E-74 1.00E-74 1.00E-74 1.05E-37 3.79E-23 1.71E-14 1.05E-11 7.12E-11
 1.52E-10 2.53E-10 3.14E-10 3.30E-10 3.22E-10 3.15E-10
  4162.94    7  14 /pl=01:ss= 1:pb= 1:sz= 1/type=excit/ispb = t/isel =   40
 1.00E+10 1.00E+11 1.00E+12 1.00E+13 1.00E+14 1.00E+15 1.00E+16
 6.89E-02 1.03E-01 1.72E-01 3.45E-01 6.89E-01 1.72E+00 3.45E+00 5.17E+00
 6.89E+00 1.03E+01 1.72E+01 3.45E+01 6.89E+01 1.03E+02
 1.00E-74 1.00E-74 1.00E-74 3.53E-44 1.79E-27 1.47E-17 2.47E-14 2.69E-13
 8.56E-13 2.58E-12 5.78E-12 9.42E-12 1.06E-11 1.03E-11
 1.00E-74 1.00E-74 1.00E-74 4.57E-44 2.25E-27 1.80E-17 2.96E-14 3.20E-13
 1.01E-12 3.02E-12 6.67E-12 1.07E-11 1.18E-11 1.14E-11
 1.00E-74 1.00E-74 1.00E-74 1.17E-43 5.37E-27 4.09E-17 6.51E-14 6.90E-13
 2.15E-12 6.32E-12 1.36E-11 2.08E-11 2.19E-11 2.05E-11
 1.00E-74 1.00E-74 1.00E-74 2.85E-43 1.28E-26 9.52E-17 1.51E-13 1.62E-12
 5.09E-12 1.52E-11 3.35E-11 5.30E-11 5.79E-11 5.53E-11
 1.00E-74 1.00E-74 1.00E-74 5.50E-43 2.48E-26 1.75E-16 2.71E-13 2.86E-12
 8.91E-12 2.63E-11 5.75E-11 9.12E-11 1.01E-10 9.78E-11
 1.00E-74 1.00E-74 1.00E-74 9.39E-43 4.63E-26 3.53E-16 5.45E-13 5.62E-12
 1.70E-11 4.72E-11 9.51E-11 1.41E-10 1.53E-10 1.50E-10
 1.00E-74 1.00E-74 1.00E-74 9.02E-43 5.12E-26 4.79E-16 8.08E-13 7.66E-12
 1.93E-11 3.80E-11 5.39E-11 6.24E-11 6.37E-11 6.31E-11
  4572.33    7  14 /pl=01:ss= 1:pb= 1:sz= 1/type=excit/ispb = t/isel =   41
 1.00E+10 1.00E+11 1.00E+12 1.00E+13 1.00E+14 1.00E+15 1.00E+16
 6.89E-02 1.03E-01 1.72E-01 3.45E-01 6.89E-01 1.72E+00 3.45E+00 5.17E+00
 6.89E+00 1.03E+01 1.72E+01 3.45E+01 6.89E+01 1.03E+02
 1.00E-74 1.00E-74 1.00E-74 5.10E-33 1.99E-20 6.12E-13 1.83E-10 1.18E-09
 2.93E-09 6.97E-09 1.30E-08 1.85E-08 1.96E-08 1.89E-08
 1.00E-74 1.00E-74 1.00E-74 5.09E-33 1.99E-20 6.12E-13 1.83E-10 1.18E-09
 2.93E-09 6.97E-09 1.30E-08 1.85E-08 1.96E-08 1.89E-08
 1.00E-74 1.00E-74 1.00E-74 5.01E-33 1.97E-20 6.06E-13 1.82E-10 1.17E-09
 2.90E-09 6.90E-09 1.29E-08 1.84E-08 1.95E-08 1.88E-08
 1.00E-74 1.00E-74 1.00E-74 4.35E-33 1.77E-20 5.58E-13 1.67E-10 1.08E-09
 2.66E-09 6.32E-09 1.18E-08 1.69E-08 1.81E-08 1.76E-08
 1.00E-74 1.00E-74 1.00E-74 2.53E-33 1.09E-20 3.61E-13 1.07E-10 6.80E-10
 1.67E-09 3.95E-09 7.40E-09 1.09E-08 1.21E-08 1.20E-08
 1.00E-74 1.00E-74 1.00E-74 1.67E-33 6.85E-21 2.16E-13 5.85E-11 3.47E-10
 8.04E-10 1.73E-09 2.92E-09 3.93E-09 4.31E-09 4.35E-09
 1.00E-74 1.00E-74 1.00E-74 1.23E-33 5.40E-21 1.78E-13 4.67E-11 2.40E-10
 4.47E-10 6.53E-10 7.33E-10 7.24E-10 6.95E-10 6.82E-10
  4920.46    7  14 /pl=01:ss= 1:pb= 1:sz= 1/type=excit/ispb = t/isel =   42
 1.00E+10 1.00E+11 1.00E+12 1.00E+13 1.00E+14 1.00E+15 1.00E+16
 6.89E-02 1.03E-01 1.72E-01 3.45E-01 6.89E-01 1.72E+00 3.45E+00 5.17E+00
 6.89E+00 1.03E+01 1.72E+01 3.45E+01 6.89E+01 1.03E+02
 1.00E-74 1.00E-74 1.00E-74 1.01E-42 1.33E-26 5.04E-17 6.56E-14 6.61E-13
 2.02E-12 5.87E-12 1.28E-11 2.03E-11 2.23E-11 2.15E-11
 1.00E-74 1.00E-74 1.00E-74 6.81E-43 9.38E-27 3.73E-17 5.01E-14 5.14E-13
 1.59E-12 4.72E-12 1.05E-11 1.72E-11 1.95E-11 1.91E-11
 1.00E-74 1.00E-74 1.00E-74 2.14E-43 3.01E-27 1.24E-17 1.74E-14 1.84E-13
 5.82E-13 1.79E-12 4.20E-12 7.42E-12 9.15E-12 9.45E-12
 1.00E-74 1.00E-74 1.00E-74 9.54E-44 1.20E-27 4.38E-18 5.74E-15 5.88E-14
 1.83E-13 5.49E-13 1.26E-12 2.18E-12 2.67E-12 2.76E-12
 1.00E-74 1.00E-74 1.00E-74 1.05E-43 1.20E-27 3.78E-18 4.52E-15 4.41E-14
 1.33E-13 3.80E-13 8.23E-13 1.32E-12 1.52E-12 1.52E-12
 1.00E-74 1.00E-74 1.00E-74 1.62E-43 1.96E-27 6.45E-18 7.52E-15 7.08E-14
 2.04E-13 5.43E-13 1.06E-12 1.53E-12 1.66E-12 1.63E-12
 1.00E-74 1.00E-74 1.00E-74 1.54E-43 2.13E-27 8.57E-18 1.09E-14 9.41E-14
 2.26E-13 4.25E-13 5.80E-13 6.54E-13 6.59E-13 6.49E-13
  5392.11    7  14 /pl=01:ss= 1:pb= 1:sz= 1/type=excit/ispb = t/isel =   43
 1.00E+10 1.00E+11 1.00E+12 1.00E+13 1.00E+14 1.00E+15 1.00E+16
 6.89E-02 1.03E-01 1.72E-01 3.45E-01 6.89E-01 1.72E+00 3.45E+00 5.17E+00
 6.89E+00 1.03E+01 1.72E+01 3.45E+01 6.89E+01 1.03E+02
 1.00E-74 1.00E-74 1.00E-74 1.64E-43 3.20E-27 1.51E-17 2.09E-14 2.14E-13
 6.60E-13 1.93E-12 4.25E-12 6.82E-12 7.66E-12 7.47E-12
 1.00E-74 1.00E-74 1.00E-74 2.11E-43 3.94E-27 1.77E-17 2.39E-14 2.42E-13
 7.40E-13 2.14E-12 4.64E-12 7.33E-12 8.11E-12 7.86E-12
 1.00E-74 1.00E-74 1.00E-74 4.41E-43 7.69E-27 3.22E-17 4.17E-14 4.13E-13
 1.24E-12 3.50E-12 7.34E-12 1.10E-11 1.16E-11 1.10E-11
 1.00E-74 1.00E-74 1.00E-74 1.29E-42 2.18E-26 8.83E-17 1.14E-13 1.13E-12
 3.38E-12 9.58E-12 2.01E-11 3.01E-11 3.12E-11 2.91E-11
 1.00E-74 1.00E-74 1.00E-74 2.59E-42 4.41E-26 1.73E-16 2.20E-13 2.18E-12
 6.56E-12 1.87E-11 3.98E-11 6.17E-11 6.74E-11 6.51E-11
 1.00E-74 1.00E-74 1.00E-74 4.31E-42 7.95E-26 3.37E-16 4.27E-13 4.13E-12
 1.21E-11 3.24E-11 6.38E-11 9.25E-11 1.00E-10 9.77E-11
 1.00E-74 1.00E-74 1.00E-74 4.12E-42 8.75E-26 4.53E-16 6.28E-13 5.58E-12
 1.36E-11 2.59E-11 3.58E-11 4.06E-11 4.11E-11 4.06E-11
  5414.54    7  14 /pl=01:ss= 1:pb= 1:sz= 1/type=excit/ispb = t/isel =   44
 1.00E+10 1.00E+11 1.00E+12 1.00E+13 1.00E+14 1.00E+15 1.00E+16
 6.89E-02 1.03E-01 1.72E-01 3.45E-01 6.89E-01 1.72E+00 3.45E+00 5.17E+00
 6.89E+00 1.03E+01 1.72E+01 3.45E+01 6.89E+01 1.03E+02
 1.00E-74 1.00E-74 1.00E-74 1.00E-74 3.60E-40 1.81E-23 5.51E-18 3.39E-16
 2.55E-15 1.82E-14 7.96E-14 2.08E-13 2.85E-13 2.93E-13
 1.00E-74 1.00E-74 1.00E-74 1.00E-74 3.61E-40 1.81E-23 5.52E-18 3.40E-16
 2.56E-15 1.82E-14 7.97E-14 2.09E-13 2.86E-13 2.93E-13
 1.00E-74 1.00E-74 1.00E-74 1.00E-74 3.73E-40 1.85E-23 5.61E-18 3.45E-16
 2.59E-15 1.85E-14 8.05E-14 2.10E-13 2.87E-13 2.95E-13
 1.00E-74 1.00E-74 1.00E-74 1.00E-74 4.69E-40 2.17E-23 6.34E-18 3.84E-16
 2.86E-15 2.01E-14 8.66E-14 2.23E-13 3.02E-13 3.09E-13
 1.00E-74 1.00E-74 1.00E-74 1.00E-74 1.54E-39 5.22E-23 1.29E-17 7.22E-16
 5.12E-15 3.38E-14 1.37E-13 3.28E-13 4.23E-13 4.21E-13
 1.00E-74 1.00E-74 1.00E-74 1.00E-74 1.77E-38 5.31E-22 1.11E-16 5.53E-15
 3.57E-14 2.04E-13 6.97E-13 1.41E-12 1.65E-12 1.59E-12
 1.00E-74 1.00E-74 1.00E-74 1.00E-74 1.32E-37 5.13E-21 1.18E-15 5.38E-14
 2.87E-13 1.15E-12 2.68E-12 4.14E-12 4.46E-12 4.32E-12
  5424.20    7  14 /pl=01:ss= 1:pb= 1:sz= 1/type=excit/ispb = t/isel =   45
 1.00E+10 1.00E+11 1.00E+12 1.00E+13 1.00E+14 1.00E+15 1.00E+16
 6.89E-02 1.03E-01 1.72E-01 3.45E-01 6.89E-01 1.72E+00 3.45E+00 5.17E+00
 6.89E+00 1.03E+01 1.72E+01 3.45E+01 6.89E+01 1.03E+02
 1.00E-74 1.00E-74 1.00E-74 2.15E-42 7.35E-26 4.79E-16 7.37E-13 7.87E-12
 2.48E-11 7.46E-11 1.69E-10 2.80E-10 3.24E-10 3.23E-10
 1.00E-74 1.00E-74 1.00E-74 2.16E-42 7.33E-26 4.78E-16 7.36E-13 7.87E-12
 2.48E-11 7.47E-11 1.70E-10 2.81E-10 3.25E-10 3.24E-10
 1.00E-74 1.00E-74 1.00E-74 2.02E-42 6.72E-26 4.34E-16 6.71E-13 7.22E-12
 2.29E-11 6.94E-11 1.59E-10 2.68E-10 3.14E-10 3.14E-10
 1.00E-74 1.00E-74 1.00E-74 1.83E-42 5.69E-26 3.44E-16 5.20E-13 5.54E-12
 1.75E-11 5.27E-11 1.20E-10 2.02E-10 2.39E-10 2.42E-10
 1.00E-74 1.00E-74 1.00E-74 2.78E-42 8.43E-26 4.70E-16 6.73E-13 6.95E-12
 2.14E-11 6.26E-11 1.37E-10 2.17E-10 2.43E-10 2.38E-10
 1.00E-74 1.00E-74 1.00E-74 4.64E-42 1.53E-25 9.19E-16 1.31E-12 1.31E-11
 3.92E-11 1.07E-10 2.14E-10 3.15E-10 3.42E-10 3.35E-10
 1.00E-74 1.00E-74 1.00E-74 4.45E-42 1.69E-25 1.24E-15 1.93E-12 1.78E-11
 4.43E-11 8.62E-11 1.21E-10 1.39E-10 1.41E-10 1.40E-10
  6182.27    7  14 /pl=01:ss= 1:pb= 1:sz= 1/type=excit/ispb = t/isel =   46
 1.00E+10 1.00E+11 1.00E+12 1.00E+13 1.00E+14 1.00E+15 1.00E+16
 6.89E-02 1.03E-01 1.72E-01 3.45E-01 6.89E-01 1.72E+00 3.45E+00 5.17E+00
 6.89E+00 1.03E+01 1.72E+01 3.45E+01 6.89E+01 1.03E+02
 1.00E-74 1.00E-74 1.00E-74 3.79E-45 4.98E-29 1.88E-19 2.45E-16 2.47E-15
 7.55E-15 2.19E-14 4.78E-14 7.59E-14 8.35E-14 8.05E-14
 1.00E-74 1.00E-74 1.00E-74 2.54E-45 3.51E-29 1.39E-19 1.87E-16 1.92E-15
 5.95E-15 1.76E-14 3.94E-14 6.44E-14 7.28E-14 7.14E-14
 1.00E-74 1.00E-74 1.00E-74 7.98E-46 1.12E-29 4.65E-20 6.51E-17 6.87E-16
 2.18E-15 6.68E-15 1.57E-14 2.77E-14 3.42E-14 3.53E-14
 1.00E-74 1.00E-74 1.00E-74 3.56E-46 4.48E-30 1.64E-20 2.15E-17 2.20E-16
 6.83E-16 2.05E-15 4.70E-15 8.14E-15 9.96E-15 1.03E-14
 1.00E-74 1.00E-74 1.00E-74 3.93E-46 4.49E-30 1.41E-20 1.69E-17 1.65E-16
 4.96E-16 1.42E-15 3.07E-15 4.94E-15 5.67E-15 5.67E-15
 1.00E-74 1.00E-74 1.00E-74 6.05E-46 7.31E-30 2.41E-20 2.81E-17 2.64E-16
 7.64E-16 2.03E-15 3.96E-15 5.72E-15 6.20E-15 6.07E-15
 1.00E-74 1.00E-74 1.00E-74 5.75E-46 7.97E-30 3.20E-20 4.07E-17 3.52E-16
 8.44E-16 1.59E-15 2.17E-15 2.44E-15 2.46E-15 2.43E-15
  7512.47    7  14 /pl=01:ss= 1:pb= 1:sz= 1/type=excit/ispb = t/isel =   47
 1.00E+10 1.00E+11 1.00E+12 1.00E+13 1.00E+14 1.00E+15 1.00E+16
 6.89E-02 1.03E-01 1.72E-01 3.45E-01 6.89E-01 1.72E+00 3.45E+00 5.17E+00
 6.89E+00 1.03E+01 1.72E+01 3.45E+01 6.89E+01 1.03E+02
 1.00E-74 1.00E-74 1.00E-74 1.80E-43 6.13E-27 4.00E-17 6.15E-14 6.57E-13
 2.07E-12 6.23E-12 1.41E-11 2.34E-11 2.71E-11 2.70E-11
 1.00E-74 1.00E-74 1.00E-74 1.80E-43 6.12E-27 3.99E-17 6.14E-14 6.57E-13
 2.07E-12 6.24E-12 1.42E-11 2.35E-11 2.71E-11 2.70E-11
 1.00E-74 1.00E-74 1.00E-74 1.69E-43 5.61E-27 3.62E-17 5.60E-14 6.02E-13
 1.91E-12 5.79E-12 1.33E-11 2.23E-11 2.62E-11 2.62E-11
 1.00E-74 1.00E-74 1.00E-74 1.53E-43 4.75E-27 2.88E-17 4.34E-14 4.63E-13
 1.46E-12 4.40E-12 1.00E-11 1.69E-11 2.00E-11 2.02E-11
 1.00E-74 1.00E-74 1.00E-74 2.32E-43 7.04E-27 3.93E-17 5.62E-14 5.80E-13
 1.79E-12 5.23E-12 1.14E-11 1.81E-11 2.03E-11 1.99E-11
 1.00E-74 1.00E-74 1.00E-74 3.88E-43 1.28E-26 7.67E-17 1.09E-13 1.10E-12
 3.27E-12 8.96E-12 1.79E-11 2.63E-11 2.86E-11 2.79E-11
 1.00E-74 1.00E-74 1.00E-74 3.72E-43 1.41E-26 1.04E-16 1.61E-13 1.49E-12
 3.70E-12 7.20E-12 1.01E-11 1.16E-11 1.18E-11 1.17E-11
  7619.34    7  14 /pl=01:ss= 1:pb= 1:sz= 1/type=excit/ispb = t/isel =   48
 1.00E+10 1.00E+11 1.00E+12 1.00E+13 1.00E+14 1.00E+15 1.00E+16
 6.89E-02 1.03E-01 1.72E-01 3.45E-01 6.89E-01 1.72E+00 3.45E+00 5.17E+00
 6.89E+00 1.03E+01 1.72E+01 3.45E+01 6.89E+01 1.03E+02
 1.00E-74 1.00E-74 1.00E-74 1.00E-74 2.46E-34 6.46E-20 4.49E-15 1.81E-13
 1.11E-12 6.54E-12 2.49E-11 5.89E-11 7.82E-11 8.04E-11
 1.00E-74 1.00E-74 1.00E-74 1.00E-74 2.46E-34 6.46E-20 4.49E-15 1.80E-13
 1.11E-12 6.54E-12 2.48E-11 5.88E-11 7.82E-11 8.04E-11
 1.00E-74 1.00E-74 1.00E-74 1.00E-74 2.46E-34 6.44E-20 4.47E-15 1.80E-13
 1.11E-12 6.51E-12 2.47E-11 5.86E-11 7.79E-11 8.01E-11
 1.00E-74 1.00E-74 1.00E-74 1.00E-74 2.40E-34 6.28E-20 4.31E-15 1.72E-13
 1.06E-12 6.21E-12 2.36E-11 5.62E-11 7.52E-11 7.77E-11
 1.00E-74 1.00E-74 1.00E-74 1.00E-74 2.03E-34 5.28E-20 3.44E-15 1.34E-13
 8.13E-13 4.70E-12 1.78E-11 4.27E-11 5.87E-11 6.19E-11
 1.00E-74 1.00E-74 1.00E-74 1.00E-74 2.09E-34 3.98E-20 1.93E-15 6.39E-14
 3.50E-13 1.77E-12 5.85E-12 1.28E-11 1.78E-11 1.95E-11
 1.00E-74 1.00E-74 1.00E-74 1.00E-74 7.18E-34 1.21E-19 4.73E-15 1.20E-13
 4.83E-13 1.47E-12 2.79E-12 3.77E-12 3.93E-12 3.83E-12
  8951.51    7  14 /pl=01:ss= 1:pb= 1:sz= 1/type=excit/ispb = t/isel =   49
 1.00E+10 1.00E+11 1.00E+12 1.00E+13 1.00E+14 1.00E+15 1.00E+16
 6.89E-02 1.03E-01 1.72E-01 3.45E-01 6.89E-01 1.72E+00 3.45E+00 5.17E+00
 6.89E+00 1.03E+01 1.72E+01 3.45E+01 6.89E+01 1.03E+02
 1.00E-74 1.00E-74 1.00E-74 7.97E-41 7.43E-25 2.22E-15 2.65E-12 2.58E-11
 7.76E-11 2.22E-10 4.76E-10 7.60E-10 8.61E-10 8.57E-10
 1.00E-74 1.00E-74 1.00E-74 8.18E-41 7.64E-25 2.28E-15 2.72E-12 2.65E-11
 7.96E-11 2.27E-10 4.87E-10 7.74E-10 8.74E-10 8.68E-10
 1.00E-74 1.00E-74 1.00E-74 8.48E-41 7.93E-25 2.38E-15 2.85E-12 2.78E-11
 8.37E-11 2.39E-10 5.14E-10 8.17E-10 9.20E-10 9.11E-10
 1.00E-74 1.00E-74 1.00E-74 8.11E-41 7.27E-25 2.11E-15 2.51E-12 2.47E-11
 7.45E-11 2.15E-10 4.70E-10 7.62E-10 8.78E-10 8.78E-10
 1.00E-74 1.00E-74 1.00E-74 9.91E-41 8.35E-25 2.18E-15 2.44E-12 2.33E-11
 6.91E-11 1.95E-10 4.15E-10 6.55E-10 7.40E-10 7.34E-10
 1.00E-74 1.00E-74 1.00E-74 1.54E-40 1.38E-24 3.80E-15 4.18E-12 3.85E-11
 1.10E-10 2.89E-10 5.60E-10 8.03E-10 8.67E-10 8.48E-10
 1.00E-74 1.00E-74 1.00E-74 1.47E-40 1.51E-24 5.07E-15 6.07E-12 5.14E-11
 1.22E-10 2.28E-10 3.08E-10 3.45E-10 3.47E-10 3.41E-10
  9040.37    7  14 /pl=01:ss= 1:pb= 1:sz= 1/type=excit/ispb = t/isel =   50
 1.00E+10 1.00E+11 1.00E+12 1.00E+13 1.00E+14 1.00E+15 1.00E+16
 6.89E-02 1.03E-01 1.72E-01 3.45E-01 6.89E-01 1.72E+00 3.45E+00 5.17E+00
 6.89E+00 1.03E+01 1.72E+01 3.45E+01 6.89E+01 1.03E+02
 1.00E-74 1.00E-74 1.00E-74 1.00E-74 3.85E-37 8.71E-21 2.04E-15 1.15E-13
 8.27E-13 5.63E-12 2.39E-11 6.07E-11 8.24E-11 8.41E-11
 1.00E-74 1.00E-74 1.00E-74 1.00E-74 3.83E-37 8.66E-21 2.03E-15 1.14E-13
 8.23E-13 5.61E-12 2.38E-11 6.05E-11 8.22E-11 8.40E-11
 1.00E-74 1.00E-74 1.00E-74 1.00E-74 3.62E-37 8.21E-21 1.93E-15 1.09E-13
 7.90E-13 5.40E-12 2.30E-11 5.89E-11 8.06E-11 8.25E-11
 1.00E-74 1.00E-74 1.00E-74 1.00E-74 2.48E-37 5.60E-21 1.35E-15 7.82E-14
 5.74E-13 4.02E-12 1.77E-11 4.73E-11 6.73E-11 7.05E-11
 1.00E-74 1.00E-74 1.00E-74 1.00E-74 1.27E-37 2.38E-21 5.44E-16 3.12E-14
 2.29E-13 1.62E-12 7.24E-12 2.02E-11 3.07E-11 3.36E-11
 1.00E-74 1.00E-74 1.00E-74 1.00E-74 2.50E-37 3.51E-21 6.03E-16 2.92E-14
 1.90E-13 1.13E-12 4.13E-12 9.48E-12 1.29E-11 1.37E-11
 1.00E-74 1.00E-74 1.00E-74 1.00E-74 1.31E-36 2.26E-20 3.99E-15 1.66E-13
 8.47E-13 3.25E-12 7.36E-12 1.11E-11 1.20E-11 1.16E-11
c-------------------------------------------------------------------------------
 
C  root partition information
C  ==========================
C
C  nuclear charge : 18
C  ion charge+1   :  2
C
C  population calculation information
C  ----------------------------------
C
C  population processing code: adas810
C
C  adf04 source file    : adf04_copmm#18_ca_40#ar1_t3.dat
C  adf18/a17_p208 file  : NULL
C
C  meta. ion. coeff. selector  : 
 
C  options  : lnorm =T  lpsel =F  lzsel =T  liosel=F
C           : lhsel =F  lrsel =F  lisel =F  lnsel =F
 
C  energy levels
C  -------------
C
C   lv      configuration    (2S+1)L(w-1/2)      energy (cm^-1)
C  ---   ------------------- --------------      --------------
c    1   24555                 (0)0(   2.5)             0.0
c    2   24545517              (0)0(  14.5)        141242.8
c    3   14565                 (0)0(   0.5)        150822.9
c    4   24545516              (0)0(  74.5)        153226.1
c    5   24545518              (0)0(  44.5)        163113.5
c    6   2454551B              (0)0(  14.5)        187672.7
c    7   24545519              (0)0(  74.5)        191820.7
c    8   2454551C              (0)0(  44.5)        195167.7
c    9   2454551A              (0)0( 104.0)        200292.4
c   10   2454551G              (0)0(  14.5)        204495.4
c   11   2454551D              (0)0(  74.5)        206339.0
c   12   2454551H              (0)0(  44.5)        207996.0
c   13   2454551E              (0)0( 104.0)        210366.3
c   14   2454551I              (0)0(  74.5)        213603.6
c   15   2454551J              (0)0( 104.0)        215842.2
c   16   14555516              (0)0(  59.5)        296597.9
c   17   14555518              (0)0(  35.5)        309722.4
c   18   24535526              (0)0( 449.5)        319818.3
c   19   14555519              (0)0(  59.5)        338309.0
c   20   1455551C              (0)0(  35.5)        342160.8
c   21   1455551D              (0)0(  59.5)        353222.3
c   22   1455551H              (0)0(  35.5)        355076.9
c   23   1455551I              (0)0(  59.5)        360629.6
c   24   55526                 (0)0( 134.5)        615417.5
c   25   14535536              (0)0(2399.5)        622265.1
c   26   24515546              (0)0( 629.5)        685408.0
c   27   35546                 (0)0(2099.5)        941425.0
c   28   14515556              (0)0(1511.0)        986768.4
c   29   15566                 (0)0( 629.5)       1302943.4
 
 
 
c-------------------------------------------------------------------------------
 
C  superstage partition information
C  ================================
C
C  element symbol   : Ar
C  parent template  : 
C  partition level  :  1
C  superstage label :  1
C
C  tabulation       : photon emissivity coefft (te,ne)
C  units            : ph. emis coef(cm^3 s^-1); te (ev); ne (cm^-3)
C
C  photon emissivity atomic transitions
C  ------------------------------------
C  
C   isel  wvlen(A)            transition                type  ispb nspb
C                                                             ispp nspp sz    tg pr wr
C  ----- ---------- ----------------------------------- ----- ---- ---- --    -- -- --
C      1   281.629   22(0)0( 35.5)-  1(0)0(  2.5)       excit   1    1   1    20 46  1
C      2   292.260   20(0)0( 35.5)-  1(0)0(  2.5)       excit   1    1   1    18 26  2
C      3   322.870   17(0)0( 35.5)-  1(0)0(  2.5)       excit   1    1   1    16 12  3
C      4   337.157   16(0)0( 59.5)-  1(0)0(  2.5)       excit   1    1   1    15 48  4
C      5   468.157   14(0)0( 74.5)-  1(0)0(  2.5)       excit   1    1   1    12 13  5
C      6   476.629   23(0)0( 59.5)-  3(0)0(  0.5)       excit   1    1   1   101 45  6
C      7   480.778   12(0)0( 44.5)-  1(0)0(  2.5)       excit   1    1   1    11 47  7
C      8   484.639   11(0)0( 74.5)-  1(0)0(  2.5)       excit   1    1   1     8  9  8
C      9   489.009   10(0)0( 14.5)-  1(0)0(  2.5)       excit   1    1   1    10 17  9
C     10   494.073   21(0)0( 59.5)-  3(0)0(  0.5)       excit   1    1   1    99 32 10
C     11   512.380    8(0)0( 44.5)-  1(0)0(  2.5)       excit   1    1   1     7 43 11
C     12   521.320    7(0)0( 74.5)-  1(0)0(  2.5)       excit   1    1   1     4  5 12
C     13   532.843    6(0)0( 14.5)-  1(0)0(  2.5)       excit   1    1   1     6  8 13
C     14   533.373   19(0)0( 59.5)-  3(0)0(  0.5)       excit   1    1   1    97 24 14
C     15   600.268   18(0)0(449.5)-  4(0)0( 74.5)       excit   1    1   1    34 50 15
C     16   613.070    5(0)0( 44.5)-  1(0)0(  2.5)       excit   1    1   1     3 41 16
C     17   652.630    4(0)0( 74.5)-  1(0)0(  2.5)       excit   1    1   1     1  1 17
C     18   663.029    3(0)0(  0.5)-  1(0)0(  2.5)       excit   1    1   1    14  4 18
C     19   679.898   22(0)0( 35.5)- 12(0)0( 44.5)       excit   1    1   1    92 33 19
C     20   680.152   23(0)0( 59.5)- 14(0)0( 74.5)       excit   1    1   1    94 29 20
C     21   685.989   16(0)0( 59.5)-  3(0)0(  0.5)       excit   1    1   1    95 15 21
C     22   697.487   16(0)0( 59.5)-  4(0)0( 74.5)       excit   1    1   1    33  6 22
C     23   708.001    2(0)0( 14.5)-  1(0)0(  2.5)       excit   1    1   1     2  2 23
C     24   1498.06   12(0)0( 44.5)-  2(0)0( 14.5)       excit   1    1   1    42 34 24
C     25   1597.03   15(0)0(104.0)-  4(0)0( 74.5)       excit   1    1   1    32 27 25
C     26   1750.08   13(0)0(104.0)-  4(0)0( 74.5)       excit   1    1   1    28 23 26
C     27   1825.82   12(0)0( 44.5)-  4(0)0( 74.5)       excit   1    1   1    30 25 27
C     28   1854.43    8(0)0( 44.5)-  2(0)0( 14.5)       excit   1    1   1    39 39 28
C     29   1964.36   23(0)0( 59.5)- 17(0)0( 35.5)       excit   1    1   1   113 42 29
C     30   1980.59   14(0)0( 74.5)-  5(0)0( 44.5)       excit   1    1   1    52 16 30
C     31   2124.66    9(0)0(104.0)-  4(0)0( 74.5)       excit   1    1   1    24 19 31
C     32   2194.77   20(0)0( 35.5)- 16(0)0( 59.5)       excit   1    1   1   104 37 32
C     33   2298.86   21(0)0( 59.5)- 17(0)0( 35.5)       excit   1    1   1   111 28 33
C     34   2313.45   11(0)0( 74.5)-  5(0)0( 44.5)       excit   1    1   1    48 11 34
C     35   2384.27    8(0)0( 44.5)-  4(0)0( 74.5)       excit   1    1   1    26 20 35
C     36   2416.52   10(0)0( 14.5)-  5(0)0( 44.5)       excit   1    1   1    50 21 36
C     37   3483.45    7(0)0( 74.5)-  5(0)0( 44.5)       excit   1    1   1    44  7 37
C     38   3498.14   19(0)0( 59.5)- 17(0)0( 35.5)       excit   1    1   1   109 18 38
C     39   4071.79    6(0)0( 14.5)-  5(0)0( 44.5)       excit   1    1   1    46 10 39
C     40   4162.94   15(0)0(104.0)-  7(0)0( 74.5)       excit   1    1   1    61 38 40
C     41   4572.33    5(0)0( 44.5)-  2(0)0( 14.5)       excit   1    1   1    36  3 41
C     42   4920.46   12(0)0( 44.5)-  6(0)0( 14.5)       excit   1    1   1    71 36 42
C     43   5392.11   13(0)0(104.0)-  7(0)0( 74.5)       excit   1    1   1    57 40 43
C     44   5414.54   23(0)0( 59.5)- 20(0)0( 35.5)       excit   1    1   1   120 44 44
C     45   5424.20   14(0)0( 74.5)-  8(0)0( 44.5)       excit   1    1   1    78 22 45
C     46   6182.27   12(0)0( 44.5)-  7(0)0( 74.5)       excit   1    1   1    59 49 46
C     47   7512.47   14(0)0( 74.5)-  9(0)0(104.0)       excit   1    1   1    65 35 47
C     48   7619.34   17(0)0( 35.5)- 16(0)0( 59.5)       excit   1    1   1   102 31 48
C     49   8951.51   11(0)0( 74.5)-  8(0)0( 44.5)       excit   1    1   1    74 14 49
C     50   9040.37   21(0)0( 59.5)- 20(0)0( 35.5)       excit   1    1   1   118 30 50
c-------------------------------------------------------------------------------
                                                                                
C  code     : adas810
C  producer : Adam Foster
C  date     : 13/05/09
                                                                                
c-------------------------------------------------------------------------------
