   50    /AR: 3 photon emissivity coefficients/
--------------------------------------------------------------------------------
    1    1    1    1    1    1    1    1    1    1    1    1    1    1
    1    1    1    1    1
--------------------------------------------------------------------------------
//#01/p00/ 00/p01/ 01/p02/ 02/p03/ 03/p04/ 04/p05/ 05/p06/ 06/p07/ 07/p08/ 08/  
      p09/ 09/p10/ 10/p11/ 11/p12/ 12/p13/ 13/p14/ 14/p15/ 15/p16/ 16/p17/ 17/  
      p18/ 18/                                                                  
--------------------------------------------------------------------------------
  291.665    7  14 /pl=01:ss= 3:pb= 1:sz= 3/type=excit/ispb = t/isel =    1
 1.00E+10 1.00E+11 1.00E+12 1.00E+13 1.00E+14 1.00E+15 1.00E+16
 2.76E-01 4.14E-01 6.89E-01 1.38E+00 2.76E+00 6.89E+00 1.38E+01 2.07E+01
 2.76E+01 4.14E+01 6.89E+01 1.38E+02 2.76E+02 4.14E+02
 1.00E-74 1.00E-74 7.30E-37 3.24E-23 1.37E-16 2.14E-12 3.39E-11 7.56E-11
 1.08E-10 1.45E-10 1.69E-10 1.68E-10 1.46E-10 1.31E-10
 1.00E-74 1.00E-74 8.70E-37 5.77E-23 2.90E-16 2.23E-12 3.40E-11 7.55E-11
 1.07E-10 1.43E-10 1.67E-10 1.65E-10 1.42E-10 1.26E-10
 1.00E-74 1.00E-74 8.88E-37 6.27E-23 3.28E-16 2.24E-12 3.40E-11 7.55E-11
 1.07E-10 1.43E-10 1.66E-10 1.64E-10 1.42E-10 1.26E-10
 1.00E-74 1.00E-74 8.95E-37 6.34E-23 3.32E-16 2.23E-12 3.39E-11 7.51E-11
 1.06E-10 1.42E-10 1.65E-10 1.62E-10 1.40E-10 1.25E-10
 1.00E-74 1.00E-74 9.40E-37 6.52E-23 3.35E-16 2.23E-12 3.34E-11 7.25E-11
 1.01E-10 1.33E-10 1.53E-10 1.51E-10 1.32E-10 1.18E-10
 1.00E-74 1.00E-74 1.08E-36 7.04E-23 3.37E-16 2.13E-12 3.03E-11 6.32E-11
 8.62E-11 1.11E-10 1.27E-10 1.26E-10 1.12E-10 1.02E-10
 1.00E-74 1.00E-74 8.93E-37 5.88E-23 2.65E-16 1.54E-12 1.94E-11 3.81E-11
 5.05E-11 6.36E-11 7.25E-11 7.49E-11 7.07E-11 6.66E-11
  388.356    7  14 /pl=01:ss= 3:pb= 1:sz= 3/type=excit/ispb = t/isel =    2
 1.00E+10 1.00E+11 1.00E+12 1.00E+13 1.00E+14 1.00E+15 1.00E+16
 2.76E-01 4.14E-01 6.89E-01 1.38E+00 2.76E+00 6.89E+00 1.38E+01 2.07E+01
 2.76E+01 4.14E+01 6.89E+01 1.38E+02 2.76E+02 4.14E+02
 1.00E-74 5.62E-42 1.05E-28 7.73E-19 6.47E-14 3.32E-11 2.50E-10 4.61E-10
 6.07E-10 7.68E-10 8.80E-10 9.05E-10 8.52E-10 8.05E-10
 1.00E-74 5.62E-42 1.04E-28 6.56E-19 4.38E-14 3.13E-11 2.46E-10 4.56E-10
 6.00E-10 7.58E-10 8.66E-10 8.84E-10 8.24E-10 7.73E-10
 1.00E-74 5.63E-42 1.04E-28 6.33E-19 3.88E-14 3.11E-11 2.46E-10 4.56E-10
 6.01E-10 7.59E-10 8.66E-10 8.83E-10 8.22E-10 7.71E-10
 1.00E-74 5.64E-42 1.05E-28 6.32E-19 3.83E-14 3.14E-11 2.51E-10 4.65E-10
 6.13E-10 7.73E-10 8.80E-10 8.94E-10 8.30E-10 7.76E-10
 1.00E-74 5.80E-42 1.07E-28 6.41E-19 3.89E-14 3.36E-11 2.82E-10 5.29E-10
 6.95E-10 8.69E-10 9.73E-10 9.68E-10 8.82E-10 8.17E-10
 1.00E-74 7.70E-42 1.33E-28 7.48E-19 4.44E-14 4.31E-11 3.67E-10 6.60E-10
 8.38E-10 1.01E-09 1.09E-09 1.06E-09 9.51E-10 8.75E-10
 1.00E-74 2.28E-41 3.83E-28 1.79E-18 7.37E-14 4.96E-11 3.08E-10 4.73E-10
 5.54E-10 6.20E-10 6.50E-10 6.41E-10 6.07E-10 5.81E-10
  394.152    7  14 /pl=01:ss= 3:pb= 1:sz= 3/type=excit/ispb = t/isel =    3
 1.00E+10 1.00E+11 1.00E+12 1.00E+13 1.00E+14 1.00E+15 1.00E+16
 2.76E-01 4.14E-01 6.89E-01 1.38E+00 2.76E+00 6.89E+00 1.38E+01 2.07E+01
 2.76E+01 4.14E+01 6.89E+01 1.38E+02 2.76E+02 4.14E+02
 1.00E-74 8.12E-44 8.15E-30 1.23E-19 1.11E-14 2.20E-11 1.95E-10 3.67E-10
 4.86E-10 6.21E-10 7.22E-10 7.60E-10 7.33E-10 7.00E-10
 1.00E-74 8.38E-44 9.74E-30 2.20E-19 2.37E-14 2.30E-11 1.96E-10 3.68E-10
 4.86E-10 6.18E-10 7.14E-10 7.47E-10 7.15E-10 6.78E-10
 1.00E-74 8.41E-44 9.94E-30 2.39E-19 2.67E-14 2.31E-11 1.96E-10 3.68E-10
 4.85E-10 6.17E-10 7.13E-10 7.45E-10 7.12E-10 6.76E-10
 1.00E-74 8.42E-44 9.96E-30 2.42E-19 2.71E-14 2.32E-11 1.96E-10 3.67E-10
 4.84E-10 6.13E-10 7.08E-10 7.39E-10 7.06E-10 6.70E-10
 1.00E-74 8.49E-44 1.00E-29 2.43E-19 2.74E-14 2.37E-11 2.00E-10 3.68E-10
 4.79E-10 5.97E-10 6.78E-10 7.02E-10 6.72E-10 6.39E-10
 1.00E-74 9.35E-44 1.08E-29 2.59E-19 3.00E-14 2.72E-11 2.18E-10 3.81E-10
 4.78E-10 5.73E-10 6.31E-10 6.38E-10 6.04E-10 5.73E-10
 1.00E-74 1.74E-43 1.90E-29 4.02E-19 4.05E-14 3.12E-11 2.07E-10 3.28E-10
 3.92E-10 4.46E-10 4.75E-10 4.76E-10 4.56E-10 4.39E-10
  410.510    7  14 /pl=01:ss= 3:pb= 1:sz= 3/type=excit/ispb = t/isel =    4
 1.00E+10 1.00E+11 1.00E+12 1.00E+13 1.00E+14 1.00E+15 1.00E+16
 2.76E-01 4.14E-01 6.89E-01 1.38E+00 2.76E+00 6.89E+00 1.38E+01 2.07E+01
 2.76E+01 4.14E+01 6.89E+01 1.38E+02 2.76E+02 4.14E+02
 1.00E-74 2.37E-42 7.08E-29 4.20E-19 2.13E-14 2.65E-11 1.97E-10 3.54E-10
 4.60E-10 5.81E-10 6.77E-10 7.31E-10 7.30E-10 7.10E-10
 1.00E-74 2.46E-42 8.47E-29 7.52E-19 4.55E-14 2.77E-11 1.99E-10 3.54E-10
 4.60E-10 5.78E-10 6.70E-10 7.19E-10 7.12E-10 6.89E-10
 1.00E-74 2.47E-42 8.64E-29 8.17E-19 5.14E-14 2.78E-11 1.99E-10 3.54E-10
 4.59E-10 5.78E-10 6.69E-10 7.17E-10 7.09E-10 6.86E-10
 1.00E-74 2.47E-42 8.66E-29 8.24E-19 5.21E-14 2.78E-11 1.99E-10 3.53E-10
 4.57E-10 5.73E-10 6.62E-10 7.10E-10 7.02E-10 6.80E-10
 1.00E-74 2.47E-42 8.67E-29 8.26E-19 5.23E-14 2.80E-11 1.97E-10 3.44E-10
 4.40E-10 5.43E-10 6.20E-10 6.62E-10 6.58E-10 6.40E-10
 1.00E-74 2.51E-42 8.78E-29 8.36E-19 5.35E-14 2.91E-11 1.96E-10 3.27E-10
 4.05E-10 4.83E-10 5.37E-10 5.64E-10 5.59E-10 5.45E-10
 1.00E-74 2.91E-42 9.98E-29 9.32E-19 6.00E-14 3.23E-11 1.92E-10 2.96E-10
 3.50E-10 3.97E-10 4.27E-10 4.40E-10 4.37E-10 4.29E-10
  423.736    7  14 /pl=01:ss= 3:pb= 1:sz= 3/type=excit/ispb = t/isel =    5
 1.00E+10 1.00E+11 1.00E+12 1.00E+13 1.00E+14 1.00E+15 1.00E+16
 2.76E-01 4.14E-01 6.89E-01 1.38E+00 2.76E+00 6.89E+00 1.38E+01 2.07E+01
 2.76E+01 4.14E+01 6.89E+01 1.38E+02 2.76E+02 4.14E+02
 1.00E-74 3.29E-44 3.31E-30 5.00E-20 4.51E-15 8.94E-12 7.90E-11 1.49E-10
 1.97E-10 2.52E-10 2.93E-10 3.08E-10 2.97E-10 2.84E-10
 1.00E-74 3.40E-44 3.95E-30 8.94E-20 9.60E-15 9.33E-12 7.95E-11 1.49E-10
 1.97E-10 2.51E-10 2.90E-10 3.03E-10 2.90E-10 2.75E-10
 1.00E-74 3.41E-44 4.03E-30 9.71E-20 1.08E-14 9.37E-12 7.96E-11 1.49E-10
 1.97E-10 2.50E-10 2.89E-10 3.02E-10 2.89E-10 2.74E-10
 1.00E-74 3.42E-44 4.04E-30 9.80E-20 1.10E-14 9.39E-12 7.97E-11 1.49E-10
 1.96E-10 2.49E-10 2.87E-10 3.00E-10 2.86E-10 2.72E-10
 1.00E-74 3.44E-44 4.07E-30 9.87E-20 1.11E-14 9.62E-12 8.12E-11 1.49E-10
 1.94E-10 2.42E-10 2.75E-10 2.85E-10 2.72E-10 2.59E-10
 1.00E-74 3.79E-44 4.38E-30 1.05E-19 1.22E-14 1.10E-11 8.85E-11 1.54E-10
 1.94E-10 2.33E-10 2.56E-10 2.59E-10 2.45E-10 2.33E-10
 1.00E-74 7.07E-44 7.71E-30 1.63E-19 1.64E-14 1.27E-11 8.40E-11 1.33E-10
 1.59E-10 1.81E-10 1.93E-10 1.93E-10 1.85E-10 1.78E-10
  425.593    7  14 /pl=01:ss= 3:pb= 1:sz= 3/type=excit/ispb = t/isel =    6
 1.00E+10 1.00E+11 1.00E+12 1.00E+13 1.00E+14 1.00E+15 1.00E+16
 2.76E-01 4.14E-01 6.89E-01 1.38E+00 2.76E+00 6.89E+00 1.38E+01 2.07E+01
 2.76E+01 4.14E+01 6.89E+01 1.38E+02 2.76E+02 4.14E+02
 1.00E-74 3.47E-38 3.77E-26 2.09E-17 3.58E-13 1.33E-10 6.85E-10 1.08E-09
 1.32E-09 1.55E-09 1.67E-09 1.65E-09 1.51E-09 1.41E-09
 1.00E-74 3.58E-38 4.37E-26 3.18E-17 5.42E-13 1.36E-10 6.87E-10 1.08E-09
 1.32E-09 1.53E-09 1.65E-09 1.62E-09 1.47E-09 1.37E-09
 1.00E-74 3.59E-38 4.45E-26 3.39E-17 5.87E-13 1.36E-10 6.87E-10 1.08E-09
 1.32E-09 1.53E-09 1.65E-09 1.61E-09 1.47E-09 1.36E-09
 1.00E-74 3.59E-38 4.46E-26 3.42E-17 5.92E-13 1.36E-10 6.85E-10 1.08E-09
 1.31E-09 1.52E-09 1.63E-09 1.59E-09 1.45E-09 1.35E-09
 1.00E-74 3.58E-38 4.45E-26 3.42E-17 5.92E-13 1.35E-10 6.69E-10 1.03E-09
 1.23E-09 1.41E-09 1.50E-09 1.47E-09 1.35E-09 1.26E-09
 1.00E-74 3.55E-38 4.42E-26 3.40E-17 5.90E-13 1.33E-10 6.24E-10 9.20E-10
 1.07E-09 1.20E-09 1.25E-09 1.22E-09 1.12E-09 1.06E-09
 1.00E-74 3.24E-38 4.11E-26 3.23E-17 5.69E-13 1.28E-10 5.68E-10 8.10E-10
 9.27E-10 1.01E-09 1.05E-09 1.02E-09 9.43E-10 8.91E-10
  431.147    7  14 /pl=01:ss= 3:pb= 1:sz= 3/type=excit/ispb = t/isel =    7
 1.00E+10 1.00E+11 1.00E+12 1.00E+13 1.00E+14 1.00E+15 1.00E+16
 2.76E-01 4.14E-01 6.89E-01 1.38E+00 2.76E+00 6.89E+00 1.38E+01 2.07E+01
 2.76E+01 4.14E+01 6.89E+01 1.38E+02 2.76E+02 4.14E+02
 1.00E-74 2.80E-39 2.08E-26 4.27E-17 1.22E-12 9.36E-10 5.50E-09 8.98E-09
 1.11E-08 1.32E-08 1.45E-08 1.48E-08 1.41E-08 1.34E-08
 1.00E-74 2.90E-39 2.47E-26 7.61E-17 2.58E-12 9.72E-10 5.51E-09 8.96E-09
 1.10E-08 1.31E-08 1.43E-08 1.45E-08 1.37E-08 1.30E-08
 1.00E-74 2.91E-39 2.52E-26 8.26E-17 2.91E-12 9.76E-10 5.51E-09 8.96E-09
 1.10E-08 1.31E-08 1.43E-08 1.45E-08 1.37E-08 1.29E-08
 1.00E-74 2.91E-39 2.53E-26 8.34E-17 2.95E-12 9.76E-10 5.49E-09 8.89E-09
 1.09E-08 1.29E-08 1.41E-08 1.43E-08 1.35E-08 1.28E-08
 1.00E-74 2.91E-39 2.53E-26 8.34E-17 2.96E-12 9.70E-10 5.33E-09 8.43E-09
 1.02E-08 1.18E-08 1.28E-08 1.30E-08 1.24E-08 1.18E-08
 1.00E-74 2.89E-39 2.51E-26 8.31E-17 2.95E-12 9.51E-10 4.90E-09 7.37E-09
 8.63E-09 9.75E-09 1.04E-08 1.04E-08 1.01E-08 9.64E-09
 1.00E-74 2.72E-39 2.40E-26 8.04E-17 2.89E-12 9.26E-10 4.45E-09 6.38E-09
 7.26E-09 7.97E-09 8.29E-09 8.28E-09 8.02E-09 7.73E-09
  436.874    7  14 /pl=01:ss= 3:pb= 1:sz= 3/type=excit/ispb = t/isel =    8
 1.00E+10 1.00E+11 1.00E+12 1.00E+13 1.00E+14 1.00E+15 1.00E+16
 2.76E-01 4.14E-01 6.89E-01 1.38E+00 2.76E+00 6.89E+00 1.38E+01 2.07E+01
 2.76E+01 4.14E+01 6.89E+01 1.38E+02 2.76E+02 4.14E+02
 1.00E-74 1.82E-40 9.32E-28 1.46E-18 3.63E-14 2.55E-11 1.45E-10 2.31E-10
 2.83E-10 3.32E-10 3.61E-10 3.64E-10 3.45E-10 3.28E-10
 1.00E-74 1.89E-40 1.12E-27 2.61E-18 7.74E-14 2.67E-11 1.46E-10 2.33E-10
 2.83E-10 3.31E-10 3.59E-10 3.59E-10 3.37E-10 3.19E-10
 1.00E-74 1.90E-40 1.14E-27 2.83E-18 8.74E-14 2.69E-11 1.47E-10 2.33E-10
 2.83E-10 3.31E-10 3.58E-10 3.58E-10 3.36E-10 3.18E-10
 1.00E-74 1.90E-40 1.14E-27 2.86E-18 8.86E-14 2.69E-11 1.46E-10 2.31E-10
 2.81E-10 3.27E-10 3.54E-10 3.54E-10 3.33E-10 3.15E-10
 1.00E-74 1.90E-40 1.14E-27 2.86E-18 8.87E-14 2.67E-11 1.42E-10 2.21E-10
 2.64E-10 3.03E-10 3.25E-10 3.25E-10 3.09E-10 2.94E-10
 1.00E-74 1.90E-40 1.15E-27 2.87E-18 8.89E-14 2.63E-11 1.33E-10 1.98E-10
 2.31E-10 2.59E-10 2.73E-10 2.71E-10 2.58E-10 2.48E-10
 1.00E-74 1.86E-40 1.14E-27 2.87E-18 8.93E-14 2.62E-11 1.25E-10 1.80E-10
 2.07E-10 2.27E-10 2.36E-10 2.32E-10 2.21E-10 2.12E-10
  438.141    7  14 /pl=01:ss= 3:pb= 1:sz= 3/type=excit/ispb = t/isel =    9
 1.00E+10 1.00E+11 1.00E+12 1.00E+13 1.00E+14 1.00E+15 1.00E+16
 2.76E-01 4.14E-01 6.89E-01 1.38E+00 2.76E+00 6.89E+00 1.38E+01 2.07E+01
 2.76E+01 4.14E+01 6.89E+01 1.38E+02 2.76E+02 4.14E+02
 1.00E-74 1.00E-74 3.80E-36 1.00E-22 3.23E-16 4.14E-12 6.04E-11 1.31E-10
 1.82E-10 2.41E-10 2.76E-10 2.68E-10 2.28E-10 2.01E-10
 1.00E-74 1.00E-74 4.52E-36 1.79E-22 6.84E-16 4.30E-12 6.06E-11 1.31E-10
 1.82E-10 2.39E-10 2.73E-10 2.63E-10 2.22E-10 1.94E-10
 1.00E-74 1.00E-74 4.61E-36 1.94E-22 7.71E-16 4.31E-12 6.06E-11 1.30E-10
 1.81E-10 2.39E-10 2.72E-10 2.62E-10 2.21E-10 1.93E-10
 1.00E-74 1.00E-74 4.62E-36 1.96E-22 7.81E-16 4.31E-12 6.04E-11 1.29E-10
 1.80E-10 2.35E-10 2.68E-10 2.58E-10 2.18E-10 1.91E-10
 1.00E-74 1.00E-74 4.64E-36 1.96E-22 7.84E-16 4.29E-12 5.85E-11 1.22E-10
 1.67E-10 2.15E-10 2.41E-10 2.33E-10 1.99E-10 1.76E-10
 1.00E-74 1.00E-74 4.79E-36 2.00E-22 7.94E-16 4.24E-12 5.39E-11 1.07E-10
 1.41E-10 1.76E-10 1.94E-10 1.87E-10 1.61E-10 1.44E-10
 1.00E-74 1.00E-74 4.69E-36 1.98E-22 7.78E-16 4.06E-12 4.80E-11 9.14E-11
 1.18E-10 1.45E-10 1.59E-10 1.55E-10 1.37E-10 1.24E-10
  440.110    7  14 /pl=01:ss= 3:pb= 1:sz= 3/type=excit/ispb = t/isel =   10
 1.00E+10 1.00E+11 1.00E+12 1.00E+13 1.00E+14 1.00E+15 1.00E+16
 2.76E-01 4.14E-01 6.89E-01 1.38E+00 2.76E+00 6.89E+00 1.38E+01 2.07E+01
 2.76E+01 4.14E+01 6.89E+01 1.38E+02 2.76E+02 4.14E+02
 1.00E-74 2.82E-36 1.38E-24 6.30E-16 1.12E-11 1.79E-09 8.23E-09 1.27E-08
 1.53E-08 1.78E-08 1.91E-08 1.87E-08 1.72E-08 1.61E-08
 1.00E-74 2.82E-36 1.39E-24 5.48E-16 7.80E-12 1.69E-09 8.11E-09 1.26E-08
 1.52E-08 1.75E-08 1.87E-08 1.83E-08 1.66E-08 1.54E-08
 1.00E-74 2.83E-36 1.39E-24 5.32E-16 6.97E-12 1.68E-09 8.10E-09 1.26E-08
 1.51E-08 1.75E-08 1.87E-08 1.82E-08 1.66E-08 1.53E-08
 1.00E-74 2.83E-36 1.39E-24 5.31E-16 6.87E-12 1.68E-09 8.10E-09 1.26E-08
 1.51E-08 1.74E-08 1.86E-08 1.81E-08 1.65E-08 1.53E-08
 1.00E-74 2.83E-36 1.39E-24 5.31E-16 6.87E-12 1.69E-09 8.09E-09 1.24E-08
 1.47E-08 1.68E-08 1.77E-08 1.73E-08 1.58E-08 1.47E-08
 1.00E-74 2.88E-36 1.40E-24 5.36E-16 6.91E-12 1.70E-09 7.83E-09 1.15E-08
 1.33E-08 1.47E-08 1.52E-08 1.47E-08 1.36E-08 1.27E-08
 5.52E-51 2.96E-36 1.46E-24 5.58E-16 7.10E-12 1.62E-09 6.53E-09 8.79E-09
 9.69E-09 1.02E-08 1.04E-08 1.01E-08 9.57E-09 9.18E-09
  442.702    7  14 /pl=01:ss= 3:pb= 1:sz= 3/type=excit/ispb = t/isel =   11
 1.00E+10 1.00E+11 1.00E+12 1.00E+13 1.00E+14 1.00E+15 1.00E+16
 2.76E-01 4.14E-01 6.89E-01 1.38E+00 2.76E+00 6.89E+00 1.38E+01 2.07E+01
 2.76E+01 4.14E+01 6.89E+01 1.38E+02 2.76E+02 4.14E+02
 1.00E-74 1.83E-42 5.48E-29 3.25E-19 1.65E-14 2.05E-11 1.53E-10 2.74E-10
 3.56E-10 4.50E-10 5.24E-10 5.66E-10 5.65E-10 5.49E-10
 1.00E-74 1.90E-42 6.56E-29 5.82E-19 3.52E-14 2.14E-11 1.54E-10 2.74E-10
 3.56E-10 4.48E-10 5.19E-10 5.57E-10 5.51E-10 5.33E-10
 1.00E-74 1.91E-42 6.69E-29 6.32E-19 3.98E-14 2.15E-11 1.54E-10 2.74E-10
 3.55E-10 4.47E-10 5.18E-10 5.55E-10 5.49E-10 5.31E-10
 1.00E-74 1.91E-42 6.70E-29 6.38E-19 4.03E-14 2.15E-11 1.54E-10 2.73E-10
 3.53E-10 4.43E-10 5.13E-10 5.49E-10 5.44E-10 5.26E-10
 1.00E-74 1.91E-42 6.71E-29 6.39E-19 4.05E-14 2.16E-11 1.53E-10 2.67E-10
 3.40E-10 4.20E-10 4.80E-10 5.12E-10 5.09E-10 4.95E-10
 1.00E-74 1.94E-42 6.79E-29 6.47E-19 4.14E-14 2.25E-11 1.52E-10 2.53E-10
 3.13E-10 3.74E-10 4.16E-10 4.37E-10 4.33E-10 4.22E-10
 1.00E-74 2.25E-42 7.72E-29 7.21E-19 4.64E-14 2.50E-11 1.49E-10 2.29E-10
 2.71E-10 3.08E-10 3.30E-10 3.41E-10 3.38E-10 3.32E-10
  444.960    7  14 /pl=01:ss= 3:pb= 1:sz= 3/type=excit/ispb = t/isel =   12
 1.00E+10 1.00E+11 1.00E+12 1.00E+13 1.00E+14 1.00E+15 1.00E+16
 2.76E-01 4.14E-01 6.89E-01 1.38E+00 2.76E+00 6.89E+00 1.38E+01 2.07E+01
 2.76E+01 4.14E+01 6.89E+01 1.38E+02 2.76E+02 4.14E+02
 1.00E-74 1.32E-38 4.10E-26 4.42E-17 9.10E-13 5.78E-10 3.21E-09 5.15E-09
 6.28E-09 7.40E-09 8.07E-09 8.13E-09 7.64E-09 7.23E-09
 1.00E-74 1.36E-38 4.89E-26 7.89E-17 1.93E-12 6.01E-10 3.22E-09 5.14E-09
 6.26E-09 7.35E-09 7.97E-09 7.98E-09 7.43E-09 6.99E-09
 1.00E-74 1.37E-38 4.99E-26 8.57E-17 2.18E-12 6.03E-10 3.22E-09 5.14E-09
 6.25E-09 7.33E-09 7.95E-09 7.95E-09 7.40E-09 6.95E-09
 1.00E-74 1.37E-38 5.00E-26 8.64E-17 2.21E-12 6.03E-10 3.21E-09 5.10E-09
 6.19E-09 7.24E-09 7.84E-09 7.84E-09 7.31E-09 6.88E-09
 1.00E-74 1.37E-38 5.01E-26 8.66E-17 2.21E-12 6.00E-10 3.11E-09 4.83E-09
 5.77E-09 6.63E-09 7.10E-09 7.11E-09 6.70E-09 6.36E-09
 1.00E-74 1.41E-38 5.11E-26 8.79E-17 2.24E-12 5.92E-10 2.87E-09 4.24E-09
 4.91E-09 5.47E-09 5.74E-09 5.70E-09 5.40E-09 5.16E-09
 1.00E-74 1.50E-38 5.49E-26 9.42E-17 2.38E-12 6.09E-10 2.75E-09 3.89E-09
 4.39E-09 4.76E-09 4.88E-09 4.77E-09 4.49E-09 4.29E-09
  447.009    7  14 /pl=01:ss= 3:pb= 1:sz= 3/type=excit/ispb = t/isel =   13
 1.00E+10 1.00E+11 1.00E+12 1.00E+13 1.00E+14 1.00E+15 1.00E+16
 2.76E-01 4.14E-01 6.89E-01 1.38E+00 2.76E+00 6.89E+00 1.38E+01 2.07E+01
 2.76E+01 4.14E+01 6.89E+01 1.38E+02 2.76E+02 4.14E+02
 1.00E-74 1.48E-39 4.09E-27 4.02E-18 7.97E-14 4.86E-11 2.66E-10 4.22E-10
 5.14E-10 6.04E-10 6.54E-10 6.58E-10 6.19E-10 5.86E-10
 1.00E-74 1.54E-39 4.89E-27 7.17E-18 1.68E-13 5.09E-11 2.69E-10 4.24E-10
 5.15E-10 6.02E-10 6.49E-10 6.49E-10 6.06E-10 5.70E-10
 1.00E-74 1.55E-39 4.99E-27 7.79E-18 1.90E-13 5.12E-11 2.69E-10 4.24E-10
 5.15E-10 6.01E-10 6.48E-10 6.47E-10 6.03E-10 5.68E-10
 1.00E-74 1.55E-39 5.00E-27 7.86E-18 1.92E-13 5.12E-11 2.68E-10 4.21E-10
 5.10E-10 5.95E-10 6.40E-10 6.39E-10 5.97E-10 5.63E-10
 1.00E-74 1.55E-39 5.01E-27 7.87E-18 1.93E-13 5.09E-11 2.61E-10 4.02E-10
 4.80E-10 5.51E-10 5.88E-10 5.87E-10 5.54E-10 5.25E-10
 1.00E-74 1.56E-39 5.03E-27 7.89E-18 1.93E-13 5.02E-11 2.44E-10 3.60E-10
 4.20E-10 4.71E-10 4.94E-10 4.90E-10 4.64E-10 4.42E-10
 1.00E-74 1.54E-39 5.01E-27 7.93E-18 1.95E-13 4.99E-11 2.30E-10 3.28E-10
 3.76E-10 4.12E-10 4.26E-10 4.19E-10 3.96E-10 3.79E-10
  447.970    7  14 /pl=01:ss= 3:pb= 1:sz= 3/type=excit/ispb = t/isel =   14
 1.00E+10 1.00E+11 1.00E+12 1.00E+13 1.00E+14 1.00E+15 1.00E+16
 2.76E-01 4.14E-01 6.89E-01 1.38E+00 2.76E+00 6.89E+00 1.38E+01 2.07E+01
 2.76E+01 4.14E+01 6.89E+01 1.38E+02 2.76E+02 4.14E+02
 1.00E-74 4.14E-39 1.08E-26 1.03E-17 2.03E-13 1.18E-10 6.36E-10 1.00E-09
 1.21E-09 1.41E-09 1.52E-09 1.51E-09 1.41E-09 1.33E-09
 1.00E-74 4.29E-39 1.29E-26 1.82E-17 4.17E-13 1.24E-10 6.42E-10 1.01E-09
 1.21E-09 1.40E-09 1.50E-09 1.49E-09 1.38E-09 1.29E-09
 1.00E-74 4.31E-39 1.31E-26 1.97E-17 4.68E-13 1.24E-10 6.42E-10 1.01E-09
 1.21E-09 1.40E-09 1.50E-09 1.48E-09 1.37E-09 1.29E-09
 1.00E-74 4.31E-39 1.31E-26 1.99E-17 4.74E-13 1.24E-10 6.40E-10 1.00E-09
 1.20E-09 1.39E-09 1.48E-09 1.46E-09 1.36E-09 1.27E-09
 1.00E-74 4.31E-39 1.31E-26 1.99E-17 4.75E-13 1.23E-10 6.22E-10 9.52E-10
 1.13E-09 1.28E-09 1.35E-09 1.34E-09 1.25E-09 1.19E-09
 1.00E-74 4.27E-39 1.30E-26 1.98E-17 4.73E-13 1.21E-10 5.76E-10 8.45E-10
 9.74E-10 1.08E-09 1.12E-09 1.10E-09 1.04E-09 9.87E-10
 1.00E-74 3.91E-39 1.22E-26 1.88E-17 4.58E-13 1.17E-10 5.30E-10 7.52E-10
 8.50E-10 9.24E-10 9.48E-10 9.26E-10 8.71E-10 8.30E-10
  460.945    7  14 /pl=01:ss= 3:pb= 1:sz= 3/type=excit/ispb = t/isel =   15
 1.00E+10 1.00E+11 1.00E+12 1.00E+13 1.00E+14 1.00E+15 1.00E+16
 2.76E-01 4.14E-01 6.89E-01 1.38E+00 2.76E+00 6.89E+00 1.38E+01 2.07E+01
 2.76E+01 4.14E+01 6.89E+01 1.38E+02 2.76E+02 4.14E+02
 1.00E-74 1.34E-40 1.37E-27 3.60E-18 1.16E-13 9.51E-11 5.70E-10 9.26E-10
 1.14E-09 1.35E-09 1.47E-09 1.49E-09 1.40E-09 1.33E-09
 1.00E-74 1.40E-40 1.65E-27 6.48E-18 2.48E-13 1.00E-10 5.77E-10 9.32E-10
 1.14E-09 1.34E-09 1.46E-09 1.47E-09 1.37E-09 1.30E-09
 1.00E-74 1.40E-40 1.68E-27 7.04E-18 2.80E-13 1.00E-10 5.77E-10 9.32E-10
 1.14E-09 1.34E-09 1.46E-09 1.46E-09 1.37E-09 1.29E-09
 1.00E-74 1.40E-40 1.68E-27 7.10E-18 2.84E-13 1.00E-10 5.75E-10 9.26E-10
 1.13E-09 1.33E-09 1.44E-09 1.44E-09 1.35E-09 1.28E-09
 1.00E-74 1.41E-40 1.69E-27 7.12E-18 2.85E-13 9.99E-11 5.60E-10 8.82E-10
 1.06E-09 1.23E-09 1.32E-09 1.33E-09 1.25E-09 1.19E-09
 1.00E-74 1.43E-40 1.71E-27 7.20E-18 2.87E-13 9.87E-11 5.22E-10 7.90E-10
 9.29E-10 1.05E-09 1.11E-09 1.10E-09 1.05E-09 1.00E-09
 1.00E-74 1.53E-40 1.83E-27 7.68E-18 3.04E-13 1.02E-10 5.08E-10 7.46E-10
 8.61E-10 9.51E-10 9.88E-10 9.70E-10 9.14E-10 8.71E-10
  463.544    7  14 /pl=01:ss= 3:pb= 1:sz= 3/type=excit/ispb = t/isel =   16
 1.00E+10 1.00E+11 1.00E+12 1.00E+13 1.00E+14 1.00E+15 1.00E+16
 2.76E-01 4.14E-01 6.89E-01 1.38E+00 2.76E+00 6.89E+00 1.38E+01 2.07E+01
 2.76E+01 4.14E+01 6.89E+01 1.38E+02 2.76E+02 4.14E+02
 1.00E-74 7.01E-38 7.62E-26 4.23E-17 7.25E-13 2.68E-10 1.39E-09 2.19E-09
 2.67E-09 3.13E-09 3.38E-09 3.33E-09 3.06E-09 2.86E-09
 1.00E-74 7.23E-38 8.85E-26 6.44E-17 1.10E-12 2.74E-10 1.39E-09 2.19E-09
 2.66E-09 3.10E-09 3.34E-09 3.27E-09 2.98E-09 2.77E-09
 1.00E-74 7.26E-38 9.00E-26 6.87E-17 1.19E-12 2.75E-10 1.39E-09 2.19E-09
 2.66E-09 3.10E-09 3.33E-09 3.26E-09 2.97E-09 2.75E-09
 1.00E-74 7.26E-38 9.01E-26 6.91E-17 1.20E-12 2.75E-10 1.39E-09 2.18E-09
 2.64E-09 3.07E-09 3.29E-09 3.22E-09 2.94E-09 2.73E-09
 1.00E-74 7.25E-38 9.01E-26 6.92E-17 1.20E-12 2.74E-10 1.35E-09 2.08E-09
 2.49E-09 2.85E-09 3.03E-09 2.97E-09 2.73E-09 2.55E-09
 1.00E-74 7.19E-38 8.95E-26 6.88E-17 1.19E-12 2.69E-10 1.26E-09 1.86E-09
 2.17E-09 2.42E-09 2.53E-09 2.46E-09 2.28E-09 2.14E-09
 1.00E-74 6.55E-38 8.32E-26 6.54E-17 1.15E-12 2.58E-10 1.15E-09 1.64E-09
 1.88E-09 2.05E-09 2.12E-09 2.06E-09 1.91E-09 1.80E-09
  473.517    7  14 /pl=01:ss= 3:pb= 1:sz= 3/type=excit/ispb = t/isel =   17
 1.00E+10 1.00E+11 1.00E+12 1.00E+13 1.00E+14 1.00E+15 1.00E+16
 2.76E-01 4.14E-01 6.89E-01 1.38E+00 2.76E+00 6.89E+00 1.38E+01 2.07E+01
 2.76E+01 4.14E+01 6.89E+01 1.38E+02 2.76E+02 4.14E+02
 1.00E-74 3.02E-39 1.55E-26 2.42E-17 6.03E-13 4.23E-10 2.40E-09 3.84E-09
 4.69E-09 5.51E-09 5.99E-09 6.04E-09 5.72E-09 5.44E-09
 1.00E-74 3.14E-39 1.86E-26 4.33E-17 1.29E-12 4.44E-10 2.43E-09 3.86E-09
 4.70E-09 5.50E-09 5.96E-09 5.96E-09 5.60E-09 5.30E-09
 1.00E-74 3.15E-39 1.89E-26 4.71E-17 1.45E-12 4.46E-10 2.43E-09 3.86E-09
 4.70E-09 5.49E-09 5.94E-09 5.94E-09 5.58E-09 5.28E-09
 1.00E-74 3.15E-39 1.90E-26 4.75E-17 1.47E-12 4.46E-10 2.43E-09 3.84E-09
 4.66E-09 5.43E-09 5.87E-09 5.87E-09 5.52E-09 5.23E-09
 1.00E-74 3.15E-39 1.90E-26 4.75E-17 1.47E-12 4.44E-10 2.36E-09 3.66E-09
 4.39E-09 5.04E-09 5.39E-09 5.40E-09 5.12E-09 4.88E-09
 1.00E-74 3.16E-39 1.90E-26 4.76E-17 1.48E-12 4.37E-10 2.20E-09 3.28E-09
 3.84E-09 4.30E-09 4.53E-09 4.51E-09 4.29E-09 4.11E-09
 1.00E-74 3.10E-39 1.89E-26 4.76E-17 1.48E-12 4.34E-10 2.08E-09 2.99E-09
 3.43E-09 3.77E-09 3.91E-09 3.86E-09 3.67E-09 3.52E-09
  480.817    7  14 /pl=01:ss= 3:pb= 1:sz= 3/type=excit/ispb = t/isel =   18
 1.00E+10 1.00E+11 1.00E+12 1.00E+13 1.00E+14 1.00E+15 1.00E+16
 2.76E-01 4.14E-01 6.89E-01 1.38E+00 2.76E+00 6.89E+00 1.38E+01 2.07E+01
 2.76E+01 4.14E+01 6.89E+01 1.38E+02 2.76E+02 4.14E+02
 1.00E-74 1.46E-37 7.17E-26 3.26E-17 5.82E-13 9.27E-11 4.26E-10 6.60E-10
 7.94E-10 9.20E-10 9.86E-10 9.70E-10 8.91E-10 8.31E-10
 1.00E-74 1.46E-37 7.17E-26 2.84E-17 4.04E-13 8.76E-11 4.20E-10 6.52E-10
 7.85E-10 9.08E-10 9.69E-10 9.46E-10 8.62E-10 7.99E-10
 1.00E-74 1.46E-37 7.17E-26 2.76E-17 3.61E-13 8.71E-11 4.19E-10 6.51E-10
 7.83E-10 9.06E-10 9.67E-10 9.43E-10 8.58E-10 7.95E-10
 1.00E-74 1.46E-37 7.17E-26 2.75E-17 3.56E-13 8.71E-11 4.19E-10 6.50E-10
 7.81E-10 9.02E-10 9.61E-10 9.37E-10 8.53E-10 7.91E-10
 1.00E-74 1.47E-37 7.18E-26 2.75E-17 3.56E-13 8.75E-11 4.19E-10 6.41E-10
 7.62E-10 8.69E-10 9.18E-10 8.93E-10 8.17E-10 7.61E-10
 1.00E-74 1.49E-37 7.27E-26 2.77E-17 3.58E-13 8.80E-11 4.06E-10 5.95E-10
 6.87E-10 7.60E-10 7.87E-10 7.62E-10 7.03E-10 6.59E-10
 2.86E-52 1.54E-37 7.56E-26 2.89E-17 3.67E-13 8.36E-11 3.38E-10 4.55E-10
 5.02E-10 5.31E-10 5.36E-10 5.22E-10 4.96E-10 4.75E-10
  481.024    7  14 /pl=01:ss= 3:pb= 1:sz= 3/type=excit/ispb = t/isel =   19
 1.00E+10 1.00E+11 1.00E+12 1.00E+13 1.00E+14 1.00E+15 1.00E+16
 2.76E-01 4.14E-01 6.89E-01 1.38E+00 2.76E+00 6.89E+00 1.38E+01 2.07E+01
 2.76E+01 4.14E+01 6.89E+01 1.38E+02 2.76E+02 4.14E+02
 1.00E-74 1.00E-74 7.98E-37 3.79E-23 1.63E-16 2.48E-12 3.85E-11 8.48E-11
 1.20E-10 1.60E-10 1.84E-10 1.81E-10 1.55E-10 1.37E-10
 1.00E-74 1.00E-74 9.51E-37 6.75E-23 3.45E-16 2.58E-12 3.87E-11 8.47E-11
 1.19E-10 1.59E-10 1.82E-10 1.78E-10 1.50E-10 1.32E-10
 1.00E-74 1.00E-74 9.69E-37 7.33E-23 3.89E-16 2.59E-12 3.87E-11 8.46E-11
 1.19E-10 1.59E-10 1.82E-10 1.77E-10 1.50E-10 1.31E-10
 1.00E-74 1.00E-74 9.71E-37 7.39E-23 3.94E-16 2.58E-12 3.85E-11 8.39E-11
 1.18E-10 1.57E-10 1.79E-10 1.74E-10 1.48E-10 1.30E-10
 1.00E-74 1.00E-74 9.73E-37 7.40E-23 3.94E-16 2.56E-12 3.72E-11 7.91E-11
 1.09E-10 1.43E-10 1.61E-10 1.57E-10 1.35E-10 1.20E-10
 1.00E-74 1.00E-74 9.89E-37 7.43E-23 3.94E-16 2.51E-12 3.41E-11 6.91E-11
 9.26E-11 1.17E-10 1.30E-10 1.26E-10 1.09E-10 9.76E-11
 1.00E-74 1.00E-74 1.04E-36 7.51E-23 3.82E-16 2.40E-12 3.06E-11 5.99E-11
 7.89E-11 9.86E-11 1.09E-10 1.08E-10 9.59E-11 8.70E-11
  485.447    7  14 /pl=01:ss= 3:pb= 1:sz= 3/type=excit/ispb = t/isel =   20
 1.00E+10 1.00E+11 1.00E+12 1.00E+13 1.00E+14 1.00E+15 1.00E+16
 2.76E-01 4.14E-01 6.89E-01 1.38E+00 2.76E+00 6.89E+00 1.38E+01 2.07E+01
 2.76E+01 4.14E+01 6.89E+01 1.38E+02 2.76E+02 4.14E+02
 1.00E-74 9.60E-39 2.64E-26 2.60E-17 5.15E-13 3.14E-10 1.72E-09 2.73E-09
 3.32E-09 3.90E-09 4.23E-09 4.25E-09 4.00E-09 3.79E-09
 1.00E-74 9.97E-39 3.16E-26 4.64E-17 1.09E-12 3.29E-10 1.74E-09 2.74E-09
 3.33E-09 3.89E-09 4.20E-09 4.19E-09 3.91E-09 3.69E-09
 1.00E-74 1.00E-38 3.23E-26 5.04E-17 1.23E-12 3.31E-10 1.74E-09 2.74E-09
 3.33E-09 3.89E-09 4.19E-09 4.18E-09 3.90E-09 3.67E-09
 1.00E-74 1.00E-38 3.23E-26 5.08E-17 1.24E-12 3.31E-10 1.73E-09 2.72E-09
 3.30E-09 3.85E-09 4.14E-09 4.13E-09 3.86E-09 3.64E-09
 1.00E-74 1.00E-38 3.24E-26 5.09E-17 1.24E-12 3.29E-10 1.69E-09 2.60E-09
 3.10E-09 3.56E-09 3.80E-09 3.80E-09 3.58E-09 3.40E-09
 1.00E-74 1.01E-38 3.25E-26 5.10E-17 1.25E-12 3.24E-10 1.57E-09 2.33E-09
 2.72E-09 3.04E-09 3.19E-09 3.17E-09 3.00E-09 2.86E-09
 1.00E-74 9.93E-39 3.24E-26 5.13E-17 1.26E-12 3.23E-10 1.48E-09 2.12E-09
 2.43E-09 2.67E-09 2.75E-09 2.71E-09 2.56E-09 2.45E-09
  486.581    7  14 /pl=01:ss= 3:pb= 1:sz= 3/type=excit/ispb = t/isel =   21
 1.00E+10 1.00E+11 1.00E+12 1.00E+13 1.00E+14 1.00E+15 1.00E+16
 2.76E-01 4.14E-01 6.89E-01 1.38E+00 2.76E+00 6.89E+00 1.38E+01 2.07E+01
 2.76E+01 4.14E+01 6.89E+01 1.38E+02 2.76E+02 4.14E+02
 1.00E-74 1.06E-38 2.76E-26 2.65E-17 5.21E-13 3.03E-10 1.63E-09 2.57E-09
 3.10E-09 3.61E-09 3.88E-09 3.87E-09 3.61E-09 3.41E-09
 1.00E-74 1.10E-38 3.30E-26 4.66E-17 1.07E-12 3.17E-10 1.64E-09 2.58E-09
 3.10E-09 3.60E-09 3.85E-09 3.81E-09 3.53E-09 3.31E-09
 1.00E-74 1.10E-38 3.36E-26 5.05E-17 1.20E-12 3.18E-10 1.64E-09 2.58E-09
 3.10E-09 3.59E-09 3.84E-09 3.80E-09 3.51E-09 3.29E-09
 1.00E-74 1.10E-38 3.37E-26 5.10E-17 1.21E-12 3.18E-10 1.64E-09 2.56E-09
 3.07E-09 3.55E-09 3.79E-09 3.75E-09 3.47E-09 3.26E-09
 1.00E-74 1.10E-38 3.37E-26 5.10E-17 1.22E-12 3.16E-10 1.59E-09 2.44E-09
 2.88E-09 3.28E-09 3.47E-09 3.44E-09 3.21E-09 3.04E-09
 1.00E-74 1.09E-38 3.34E-26 5.07E-17 1.21E-12 3.10E-10 1.48E-09 2.16E-09
 2.49E-09 2.76E-09 2.87E-09 2.83E-09 2.66E-09 2.53E-09
 1.00E-74 1.00E-38 3.12E-26 4.83E-17 1.17E-12 3.01E-10 1.36E-09 1.93E-09
 2.18E-09 2.37E-09 2.43E-09 2.37E-09 2.23E-09 2.13E-09
  486.594    7  14 /pl=01:ss= 3:pb= 1:sz= 3/type=excit/ispb = t/isel =   22
 1.00E+10 1.00E+11 1.00E+12 1.00E+13 1.00E+14 1.00E+15 1.00E+16
 2.76E-01 4.14E-01 6.89E-01 1.38E+00 2.76E+00 6.89E+00 1.38E+01 2.07E+01
 2.76E+01 4.14E+01 6.89E+01 1.38E+02 2.76E+02 4.14E+02
 1.00E-74 1.00E-74 2.66E-36 1.02E-22 3.93E-16 5.58E-12 8.37E-11 1.80E-10
 2.51E-10 3.29E-10 3.76E-10 3.64E-10 3.11E-10 2.75E-10
 1.00E-74 1.00E-74 3.19E-36 1.82E-22 8.38E-16 5.86E-12 8.47E-11 1.81E-10
 2.51E-10 3.29E-10 3.73E-10 3.60E-10 3.05E-10 2.68E-10
 1.00E-74 1.00E-74 3.26E-36 1.98E-22 9.46E-16 5.89E-12 8.48E-11 1.81E-10
 2.51E-10 3.28E-10 3.72E-10 3.59E-10 3.04E-10 2.67E-10
 1.00E-74 1.00E-74 3.26E-36 1.99E-22 9.58E-16 5.88E-12 8.44E-11 1.80E-10
 2.49E-10 3.24E-10 3.67E-10 3.54E-10 3.00E-10 2.64E-10
 1.00E-74 1.00E-74 3.25E-36 1.99E-22 9.55E-16 5.82E-12 8.16E-11 1.70E-10
 2.32E-10 2.98E-10 3.35E-10 3.23E-10 2.77E-10 2.46E-10
 1.00E-74 1.00E-74 3.10E-36 1.91E-22 9.19E-16 5.54E-12 7.38E-11 1.48E-10
 1.98E-10 2.48E-10 2.75E-10 2.65E-10 2.29E-10 2.05E-10
 1.00E-74 1.00E-74 2.30E-36 1.44E-22 7.00E-16 4.26E-12 5.48E-11 1.08E-10
 1.43E-10 1.80E-10 2.02E-10 2.01E-10 1.81E-10 1.65E-10
  496.475    7  14 /pl=01:ss= 3:pb= 1:sz= 3/type=excit/ispb = t/isel =   23
 1.00E+10 1.00E+11 1.00E+12 1.00E+13 1.00E+14 1.00E+15 1.00E+16
 2.76E-01 4.14E-01 6.89E-01 1.38E+00 2.76E+00 6.89E+00 1.38E+01 2.07E+01
 2.76E+01 4.14E+01 6.89E+01 1.38E+02 2.76E+02 4.14E+02
 1.00E-74 1.00E-74 4.50E-36 1.19E-22 3.83E-16 4.91E-12 7.16E-11 1.55E-10
 2.16E-10 2.86E-10 3.27E-10 3.18E-10 2.71E-10 2.39E-10
 1.00E-74 1.00E-74 5.36E-36 2.12E-22 8.11E-16 5.10E-12 7.19E-11 1.55E-10
 2.15E-10 2.84E-10 3.23E-10 3.12E-10 2.63E-10 2.31E-10
 1.00E-74 1.00E-74 5.47E-36 2.30E-22 9.14E-16 5.12E-12 7.19E-11 1.55E-10
 2.15E-10 2.83E-10 3.22E-10 3.11E-10 2.62E-10 2.29E-10
 1.00E-74 1.00E-74 5.48E-36 2.32E-22 9.26E-16 5.11E-12 7.16E-11 1.53E-10
 2.13E-10 2.79E-10 3.17E-10 3.06E-10 2.59E-10 2.27E-10
 1.00E-74 1.00E-74 5.51E-36 2.33E-22 9.29E-16 5.09E-12 6.93E-11 1.45E-10
 1.98E-10 2.55E-10 2.86E-10 2.77E-10 2.36E-10 2.09E-10
 1.00E-74 1.00E-74 5.69E-36 2.38E-22 9.42E-16 5.03E-12 6.39E-11 1.27E-10
 1.68E-10 2.09E-10 2.30E-10 2.21E-10 1.91E-10 1.70E-10
 1.00E-74 1.00E-74 5.57E-36 2.35E-22 9.23E-16 4.82E-12 5.69E-11 1.08E-10
 1.40E-10 1.72E-10 1.89E-10 1.84E-10 1.62E-10 1.47E-10
  505.010    7  14 /pl=01:ss= 3:pb= 1:sz= 3/type=excit/ispb = t/isel =   24
 1.00E+10 1.00E+11 1.00E+12 1.00E+13 1.00E+14 1.00E+15 1.00E+16
 2.76E-01 4.14E-01 6.89E-01 1.38E+00 2.76E+00 6.89E+00 1.38E+01 2.07E+01
 2.76E+01 4.14E+01 6.89E+01 1.38E+02 2.76E+02 4.14E+02
 1.00E-74 6.02E-38 6.54E-26 3.63E-17 6.22E-13 2.30E-10 1.19E-09 1.88E-09
 2.29E-09 2.68E-09 2.90E-09 2.86E-09 2.63E-09 2.45E-09
 1.00E-74 6.21E-38 7.59E-26 5.52E-17 9.41E-13 2.35E-10 1.19E-09 1.88E-09
 2.29E-09 2.66E-09 2.87E-09 2.81E-09 2.56E-09 2.37E-09
 1.00E-74 6.23E-38 7.72E-26 5.89E-17 1.02E-12 2.36E-10 1.19E-09 1.88E-09
 2.28E-09 2.66E-09 2.86E-09 2.80E-09 2.55E-09 2.36E-09
 1.00E-74 6.23E-38 7.73E-26 5.93E-17 1.03E-12 2.36E-10 1.19E-09 1.87E-09
 2.27E-09 2.63E-09 2.82E-09 2.76E-09 2.52E-09 2.34E-09
 1.00E-74 6.22E-38 7.73E-26 5.93E-17 1.03E-12 2.35E-10 1.16E-09 1.79E-09
 2.14E-09 2.45E-09 2.60E-09 2.55E-09 2.34E-09 2.19E-09
 1.00E-74 6.17E-38 7.68E-26 5.91E-17 1.02E-12 2.31E-10 1.08E-09 1.60E-09
 1.86E-09 2.08E-09 2.17E-09 2.11E-09 1.95E-09 1.84E-09
 1.00E-74 5.62E-38 7.14E-26 5.61E-17 9.89E-13 2.22E-10 9.86E-10 1.41E-09
 1.61E-09 1.76E-09 1.82E-09 1.76E-09 1.64E-09 1.55E-09
  508.554    7  14 /pl=01:ss= 3:pb= 1:sz= 3/type=excit/ispb = t/isel =   25
 1.00E+10 1.00E+11 1.00E+12 1.00E+13 1.00E+14 1.00E+15 1.00E+16
 2.76E-01 4.14E-01 6.89E-01 1.38E+00 2.76E+00 6.89E+00 1.38E+01 2.07E+01
 2.76E+01 4.14E+01 6.89E+01 1.38E+02 2.76E+02 4.14E+02
 1.57E-48 8.56E-36 1.01E-25 2.47E-18 1.24E-14 8.64E-12 1.15E-10 2.54E-10
 3.64E-10 4.94E-10 5.81E-10 5.78E-10 5.01E-10 4.45E-10
 1.68E-48 8.69E-36 1.08E-25 2.64E-18 1.08E-14 8.39E-12 1.14E-10 2.52E-10
 3.61E-10 4.88E-10 5.72E-10 5.65E-10 4.85E-10 4.28E-10
 1.71E-48 8.71E-36 1.09E-25 2.68E-18 1.05E-14 8.37E-12 1.14E-10 2.52E-10
 3.61E-10 4.88E-10 5.71E-10 5.63E-10 4.83E-10 4.26E-10
 1.73E-48 8.81E-36 1.10E-25 2.70E-18 1.05E-14 8.44E-12 1.14E-10 2.52E-10
 3.60E-10 4.85E-10 5.67E-10 5.60E-10 4.81E-10 4.24E-10
 1.95E-48 9.74E-36 1.20E-25 2.86E-18 1.11E-14 8.74E-12 1.11E-10 2.36E-10
 3.28E-10 4.32E-10 4.99E-10 4.95E-10 4.34E-10 3.88E-10
 3.00E-48 1.46E-35 1.72E-25 3.76E-18 1.26E-14 6.28E-12 5.58E-11 1.01E-10
 1.30E-10 1.60E-10 1.78E-10 1.82E-10 1.71E-10 1.61E-10
 3.05E-48 1.67E-35 2.21E-25 4.79E-18 1.01E-14 1.74E-12 9.57E-12 1.46E-11
 1.72E-11 1.96E-11 2.10E-11 2.15E-11 2.11E-11 2.06E-11
  511.250    7  14 /pl=01:ss= 3:pb= 1:sz= 3/type=excit/ispb = t/isel =   26
 1.00E+10 1.00E+11 1.00E+12 1.00E+13 1.00E+14 1.00E+15 1.00E+16
 2.76E-01 4.14E-01 6.89E-01 1.38E+00 2.76E+00 6.89E+00 1.38E+01 2.07E+01
 2.76E+01 4.14E+01 6.89E+01 1.38E+02 2.76E+02 4.14E+02
 1.00E-74 1.84E-38 1.75E-27 1.39E-19 1.56E-15 4.94E-12 6.28E-11 1.34E-10
 1.88E-10 2.50E-10 2.92E-10 2.93E-10 2.58E-10 2.32E-10
 1.00E-74 1.90E-38 2.08E-27 2.47E-19 3.32E-15 5.14E-12 6.31E-11 1.34E-10
 1.87E-10 2.49E-10 2.89E-10 2.87E-10 2.51E-10 2.25E-10
 1.00E-74 1.91E-38 2.12E-27 2.69E-19 3.75E-15 5.16E-12 6.31E-11 1.34E-10
 1.87E-10 2.48E-10 2.88E-10 2.86E-10 2.50E-10 2.23E-10
 3.68E-52 1.93E-38 2.14E-27 2.72E-19 3.81E-15 5.16E-12 6.27E-11 1.32E-10
 1.85E-10 2.44E-10 2.83E-10 2.82E-10 2.47E-10 2.21E-10
 2.58E-52 2.09E-38 2.29E-27 2.84E-19 3.86E-15 5.01E-12 5.67E-11 1.15E-10
 1.56E-10 2.02E-10 2.32E-10 2.34E-10 2.11E-10 1.92E-10
 4.53E-52 3.33E-38 3.44E-27 3.81E-19 3.66E-15 2.85E-12 2.32E-11 4.09E-11
 5.20E-11 6.37E-11 7.19E-11 7.53E-11 7.33E-11 7.08E-11
 5.27E-52 4.37E-38 5.09E-27 5.56E-19 2.41E-15 5.99E-13 3.70E-12 5.90E-12
 7.12E-12 8.29E-12 9.03E-12 9.30E-12 9.18E-12 9.02E-12
  537.895    7  14 /pl=01:ss= 3:pb= 1:sz= 3/type=excit/ispb = t/isel =   27
 1.00E+10 1.00E+11 1.00E+12 1.00E+13 1.00E+14 1.00E+15 1.00E+16
 2.76E-01 4.14E-01 6.89E-01 1.38E+00 2.76E+00 6.89E+00 1.38E+01 2.07E+01
 2.76E+01 4.14E+01 6.89E+01 1.38E+02 2.76E+02 4.14E+02
 1.00E-74 1.00E-74 5.18E-35 3.38E-22 5.39E-16 4.58E-12 5.80E-11 1.19E-10
 1.62E-10 2.08E-10 2.33E-10 2.22E-10 1.88E-10 1.65E-10
 1.00E-74 1.00E-74 6.20E-35 6.07E-22 1.15E-15 4.79E-12 5.86E-11 1.20E-10
 1.62E-10 2.08E-10 2.31E-10 2.19E-10 1.83E-10 1.60E-10
 1.00E-74 1.00E-74 6.33E-35 6.59E-22 1.30E-15 4.81E-12 5.86E-11 1.20E-10
 1.62E-10 2.07E-10 2.31E-10 2.18E-10 1.83E-10 1.59E-10
 1.00E-74 1.00E-74 6.34E-35 6.65E-22 1.32E-15 4.81E-12 5.83E-11 1.18E-10
 1.60E-10 2.04E-10 2.27E-10 2.15E-10 1.80E-10 1.57E-10
 1.00E-74 1.00E-74 6.30E-35 6.62E-22 1.31E-15 4.75E-12 5.62E-11 1.11E-10
 1.49E-10 1.86E-10 2.05E-10 1.94E-10 1.65E-10 1.45E-10
 1.00E-74 1.00E-74 5.96E-35 6.29E-22 1.25E-15 4.45E-12 4.94E-11 9.38E-11
 1.22E-10 1.49E-10 1.61E-10 1.53E-10 1.31E-10 1.17E-10
 1.00E-74 9.73E-53 3.97E-35 4.35E-22 8.83E-16 3.14E-12 3.30E-11 6.08E-11
 7.79E-11 9.46E-11 1.04E-10 1.02E-10 9.11E-11 8.31E-11
  558.568    7  14 /pl=01:ss= 3:pb= 1:sz= 3/type=excit/ispb = t/isel =   28
 1.00E+10 1.00E+11 1.00E+12 1.00E+13 1.00E+14 1.00E+15 1.00E+16
 2.76E-01 4.14E-01 6.89E-01 1.38E+00 2.76E+00 6.89E+00 1.38E+01 2.07E+01
 2.76E+01 4.14E+01 6.89E+01 1.38E+02 2.76E+02 4.14E+02
 6.26E-49 3.17E-36 4.20E-26 8.28E-19 6.97E-15 2.49E-11 3.12E-10 6.56E-10
 9.10E-10 1.20E-09 1.38E-09 1.36E-09 1.17E-09 1.04E-09
 5.01E-49 3.27E-36 4.91E-26 1.33E-18 1.34E-14 2.59E-11 3.13E-10 6.55E-10
 9.07E-10 1.19E-09 1.36E-09 1.33E-09 1.14E-09 1.01E-09
 5.01E-49 3.29E-36 5.00E-26 1.43E-18 1.50E-14 2.59E-11 3.12E-10 6.53E-10
 9.03E-10 1.18E-09 1.35E-09 1.32E-09 1.13E-09 1.00E-09
 5.10E-49 3.32E-36 5.06E-26 1.45E-18 1.51E-14 2.56E-11 3.04E-10 6.30E-10
 8.67E-10 1.13E-09 1.29E-09 1.26E-09 1.09E-09 9.64E-10
 5.74E-49 3.67E-36 5.47E-26 1.54E-18 1.47E-14 2.23E-11 2.39E-10 4.68E-10
 6.23E-10 7.87E-10 8.85E-10 8.75E-10 7.80E-10 7.07E-10
 9.95E-49 6.09E-36 8.60E-26 2.18E-18 1.19E-14 9.52E-12 7.30E-11 1.24E-10
 1.53E-10 1.83E-10 2.01E-10 2.05E-10 1.96E-10 1.87E-10
 1.19E-48 8.24E-36 1.32E-25 3.31E-18 7.30E-15 1.41E-12 8.04E-12 1.24E-11
 1.46E-11 1.68E-11 1.81E-11 1.85E-11 1.83E-11 1.81E-11
  563.700    7  14 /pl=01:ss= 3:pb= 1:sz= 3/type=excit/ispb = t/isel =   29
 1.00E+10 1.00E+11 1.00E+12 1.00E+13 1.00E+14 1.00E+15 1.00E+16
 2.76E-01 4.14E-01 6.89E-01 1.38E+00 2.76E+00 6.89E+00 1.38E+01 2.07E+01
 2.76E+01 4.14E+01 6.89E+01 1.38E+02 2.76E+02 4.14E+02
 6.89E-49 3.75E-36 4.45E-26 1.08E-18 5.43E-15 3.79E-12 5.03E-11 1.12E-10
 1.60E-10 2.17E-10 2.55E-10 2.53E-10 2.20E-10 1.95E-10
 7.35E-49 3.81E-36 4.75E-26 1.16E-18 4.75E-15 3.68E-12 4.98E-11 1.11E-10
 1.58E-10 2.14E-10 2.51E-10 2.48E-10 2.13E-10 1.88E-10
 7.49E-49 3.82E-36 4.79E-26 1.17E-18 4.59E-15 3.67E-12 4.98E-11 1.11E-10
 1.58E-10 2.14E-10 2.50E-10 2.47E-10 2.12E-10 1.87E-10
 7.59E-49 3.87E-36 4.84E-26 1.18E-18 4.61E-15 3.70E-12 5.00E-11 1.11E-10
 1.58E-10 2.13E-10 2.49E-10 2.45E-10 2.11E-10 1.86E-10
 8.54E-49 4.27E-36 5.24E-26 1.25E-18 4.89E-15 3.83E-12 4.85E-11 1.03E-10
 1.44E-10 1.89E-10 2.19E-10 2.17E-10 1.90E-10 1.70E-10
 1.32E-48 6.42E-36 7.56E-26 1.65E-18 5.51E-15 2.75E-12 2.44E-11 4.44E-11
 5.70E-11 6.99E-11 7.83E-11 7.96E-11 7.49E-11 7.07E-11
 1.34E-48 7.33E-36 9.71E-26 2.10E-18 4.43E-15 7.64E-13 4.20E-12 6.40E-12
 7.55E-12 8.59E-12 9.23E-12 9.41E-12 9.23E-12 9.04E-12
  581.939    7  14 /pl=01:ss= 3:pb= 1:sz= 3/type=excit/ispb = t/isel =   30
 1.00E+10 1.00E+11 1.00E+12 1.00E+13 1.00E+14 1.00E+15 1.00E+16
 2.76E-01 4.14E-01 6.89E-01 1.38E+00 2.76E+00 6.89E+00 1.38E+01 2.07E+01
 2.76E+01 4.14E+01 6.89E+01 1.38E+02 2.76E+02 4.14E+02
 1.02E-47 2.22E-35 1.22E-25 1.17E-18 1.15E-14 1.15E-11 1.19E-10 2.45E-10
 3.39E-10 4.47E-10 5.16E-10 5.09E-10 4.42E-10 3.93E-10
 1.04E-47 2.30E-35 1.46E-25 2.04E-18 1.09E-14 1.10E-11 1.17E-10 2.42E-10
 3.36E-10 4.41E-10 5.08E-10 4.97E-10 4.28E-10 3.78E-10
 1.04E-47 2.31E-35 1.48E-25 2.21E-18 1.08E-14 1.09E-11 1.17E-10 2.41E-10
 3.34E-10 4.38E-10 5.04E-10 4.93E-10 4.24E-10 3.75E-10
 1.04E-47 2.31E-35 1.48E-25 2.22E-18 1.06E-14 1.06E-11 1.12E-10 2.30E-10
 3.16E-10 4.14E-10 4.75E-10 4.66E-10 4.03E-10 3.57E-10
 1.06E-47 2.32E-35 1.47E-25 2.17E-18 9.70E-15 8.54E-12 8.22E-11 1.59E-10
 2.13E-10 2.71E-10 3.07E-10 3.07E-10 2.74E-10 2.50E-10
 1.23E-47 2.66E-35 1.63E-25 2.20E-18 6.79E-15 3.48E-12 2.59E-11 4.43E-11
 5.55E-11 6.65E-11 7.36E-11 7.48E-11 7.10E-11 6.78E-11
 1.22E-47 2.93E-35 2.00E-25 2.62E-18 4.17E-15 7.49E-13 3.89E-12 5.75E-12
 6.69E-12 7.50E-12 7.95E-12 8.05E-12 7.87E-12 7.72E-12
  583.679    7  14 /pl=01:ss= 3:pb= 1:sz= 3/type=excit/ispb = t/isel =   31
 1.00E+10 1.00E+11 1.00E+12 1.00E+13 1.00E+14 1.00E+15 1.00E+16
 2.76E-01 4.14E-01 6.89E-01 1.38E+00 2.76E+00 6.89E+00 1.38E+01 2.07E+01
 2.76E+01 4.14E+01 6.89E+01 1.38E+02 2.76E+02 4.14E+02
 1.00E-74 6.61E-47 1.49E-31 4.63E-20 2.16E-14 2.34E-11 2.03E-10 3.81E-10
 4.99E-10 6.16E-10 6.66E-10 6.06E-10 4.91E-10 4.24E-10
 1.00E-74 5.28E-47 1.47E-31 3.89E-20 1.45E-14 2.20E-11 1.99E-10 3.76E-10
 4.93E-10 6.08E-10 6.54E-10 5.91E-10 4.75E-10 4.07E-10
 1.00E-74 5.15E-47 1.47E-31 3.75E-20 1.27E-14 2.19E-11 1.99E-10 3.76E-10
 4.93E-10 6.07E-10 6.53E-10 5.90E-10 4.73E-10 4.05E-10
 1.00E-74 5.18E-47 1.47E-31 3.73E-20 1.25E-14 2.19E-11 1.99E-10 3.75E-10
 4.92E-10 6.04E-10 6.49E-10 5.87E-10 4.71E-10 4.04E-10
 1.00E-74 5.17E-47 1.47E-31 3.72E-20 1.25E-14 2.19E-11 1.99E-10 3.71E-10
 4.82E-10 5.86E-10 6.25E-10 5.64E-10 4.56E-10 3.93E-10
 1.00E-74 5.06E-47 1.44E-31 3.67E-20 1.23E-14 2.17E-11 1.90E-10 3.41E-10
 4.31E-10 5.11E-10 5.38E-10 4.89E-10 4.02E-10 3.51E-10
 1.00E-74 4.29E-47 1.26E-31 3.24E-20 1.05E-14 1.65E-11 1.24E-10 2.03E-10
 2.45E-10 2.81E-10 2.96E-10 2.84E-10 2.54E-10 2.34E-10
  589.797    7  14 /pl=01:ss= 3:pb= 1:sz= 3/type=excit/ispb = t/isel =   32
 1.00E+10 1.00E+11 1.00E+12 1.00E+13 1.00E+14 1.00E+15 1.00E+16
 2.76E-01 4.14E-01 6.89E-01 1.38E+00 2.76E+00 6.89E+00 1.38E+01 2.07E+01
 2.76E+01 4.14E+01 6.89E+01 1.38E+02 2.76E+02 4.14E+02
 1.00E-74 1.00E-74 3.32E-37 4.15E-23 3.87E-16 2.49E-12 3.81E-11 8.57E-11
 1.23E-10 1.67E-10 1.95E-10 1.93E-10 1.65E-10 1.45E-10
 1.00E-74 1.00E-74 3.29E-37 3.50E-23 2.60E-16 2.34E-12 3.75E-11 8.47E-11
 1.22E-10 1.65E-10 1.92E-10 1.88E-10 1.59E-10 1.39E-10
 1.00E-74 1.00E-74 3.28E-37 3.37E-23 2.29E-16 2.33E-12 3.74E-11 8.46E-11
 1.22E-10 1.64E-10 1.92E-10 1.87E-10 1.59E-10 1.39E-10
 1.00E-74 1.00E-74 3.28E-37 3.35E-23 2.25E-16 2.33E-12 3.75E-11 8.45E-11
 1.21E-10 1.64E-10 1.91E-10 1.86E-10 1.58E-10 1.38E-10
 1.00E-74 1.00E-74 3.28E-37 3.35E-23 2.25E-16 2.34E-12 3.75E-11 8.38E-11
 1.19E-10 1.59E-10 1.84E-10 1.79E-10 1.53E-10 1.34E-10
 1.00E-74 1.00E-74 3.40E-37 3.38E-23 2.23E-16 2.34E-12 3.67E-11 7.89E-11
 1.09E-10 1.42E-10 1.61E-10 1.58E-10 1.36E-10 1.21E-10
 1.00E-74 1.00E-74 4.65E-37 4.00E-23 2.19E-16 1.97E-12 2.73E-11 5.45E-11
 7.27E-11 9.17E-11 1.04E-10 1.06E-10 9.72E-11 8.97E-11
  699.419    7  14 /pl=01:ss= 3:pb= 1:sz= 3/type=excit/ispb = t/isel =   33
 1.00E+10 1.00E+11 1.00E+12 1.00E+13 1.00E+14 1.00E+15 1.00E+16
 2.76E-01 4.14E-01 6.89E-01 1.38E+00 2.76E+00 6.89E+00 1.38E+01 2.07E+01
 2.76E+01 4.14E+01 6.89E+01 1.38E+02 2.76E+02 4.14E+02
 2.63E-43 1.07E-31 1.54E-22 5.23E-16 6.04E-13 6.98E-11 2.56E-10 3.87E-10
 4.68E-10 5.49E-10 5.90E-10 5.64E-10 4.93E-10 4.44E-10
 2.68E-43 1.11E-31 1.85E-22 9.41E-16 1.30E-12 7.33E-11 2.59E-10 3.89E-10
 4.69E-10 5.48E-10 5.86E-10 5.56E-10 4.82E-10 4.32E-10
 2.68E-43 1.12E-31 1.89E-22 1.02E-15 1.46E-12 7.37E-11 2.59E-10 3.89E-10
 4.68E-10 5.47E-10 5.85E-10 5.54E-10 4.80E-10 4.30E-10
 2.68E-43 1.12E-31 1.89E-22 1.03E-15 1.48E-12 7.36E-11 2.58E-10 3.85E-10
 4.63E-10 5.40E-10 5.76E-10 5.47E-10 4.74E-10 4.26E-10
 2.67E-43 1.12E-31 1.89E-22 1.03E-15 1.48E-12 7.30E-11 2.50E-10 3.64E-10
 4.31E-10 4.94E-10 5.22E-10 4.96E-10 4.36E-10 3.94E-10
 2.57E-43 1.08E-31 1.85E-22 1.01E-15 1.46E-12 7.04E-11 2.26E-10 3.15E-10
 3.64E-10 4.05E-10 4.21E-10 3.98E-10 3.52E-10 3.21E-10
 1.65E-43 7.49E-32 1.38E-22 8.27E-16 1.25E-12 5.79E-11 1.72E-10 2.28E-10
 2.54E-10 2.74E-10 2.80E-10 2.68E-10 2.45E-10 2.29E-10
  719.580    7  14 /pl=01:ss= 3:pb= 1:sz= 3/type=excit/ispb = t/isel =   34
 1.00E+10 1.00E+11 1.00E+12 1.00E+13 1.00E+14 1.00E+15 1.00E+16
 2.76E-01 4.14E-01 6.89E-01 1.38E+00 2.76E+00 6.89E+00 1.38E+01 2.07E+01
 2.76E+01 4.14E+01 6.89E+01 1.38E+02 2.76E+02 4.14E+02
 1.00E-74 1.00E-74 1.33E-36 1.67E-22 1.55E-15 9.99E-12 1.53E-10 3.44E-10
 4.94E-10 6.70E-10 7.84E-10 7.72E-10 6.61E-10 5.82E-10
 1.00E-74 1.00E-74 1.32E-36 1.40E-22 1.04E-15 9.40E-12 1.50E-10 3.40E-10
 4.89E-10 6.60E-10 7.70E-10 7.54E-10 6.39E-10 5.59E-10
 1.00E-74 1.00E-74 1.32E-36 1.35E-22 9.17E-16 9.34E-12 1.50E-10 3.39E-10
 4.88E-10 6.59E-10 7.68E-10 7.51E-10 6.36E-10 5.56E-10
 1.00E-74 1.00E-74 1.32E-36 1.34E-22 9.03E-16 9.34E-12 1.50E-10 3.39E-10
 4.87E-10 6.57E-10 7.64E-10 7.47E-10 6.33E-10 5.54E-10
 1.00E-74 1.00E-74 1.32E-36 1.34E-22 9.00E-16 9.37E-12 1.50E-10 3.36E-10
 4.78E-10 6.37E-10 7.36E-10 7.19E-10 6.13E-10 5.38E-10
 1.00E-74 1.00E-74 1.36E-36 1.36E-22 8.92E-16 9.36E-12 1.47E-10 3.16E-10
 4.39E-10 5.70E-10 6.47E-10 6.33E-10 5.47E-10 4.85E-10
 1.00E-74 1.00E-74 1.87E-36 1.60E-22 8.77E-16 7.89E-12 1.09E-10 2.18E-10
 2.91E-10 3.68E-10 4.17E-10 4.24E-10 3.90E-10 3.60E-10
  728.597    7  14 /pl=01:ss= 3:pb= 1:sz= 3/type=excit/ispb = t/isel =   35
 1.00E+10 1.00E+11 1.00E+12 1.00E+13 1.00E+14 1.00E+15 1.00E+16
 2.76E-01 4.14E-01 6.89E-01 1.38E+00 2.76E+00 6.89E+00 1.38E+01 2.07E+01
 2.76E+01 4.14E+01 6.89E+01 1.38E+02 2.76E+02 4.14E+02
 1.00E-74 1.00E-74 2.90E-34 1.17E-21 1.47E-15 1.09E-11 1.33E-10 2.73E-10
 3.71E-10 4.76E-10 5.35E-10 5.09E-10 4.31E-10 3.77E-10
 1.00E-74 1.00E-74 3.45E-34 2.09E-21 3.12E-15 1.13E-11 1.33E-10 2.72E-10
 3.69E-10 4.72E-10 5.28E-10 5.00E-10 4.19E-10 3.64E-10
 1.00E-74 1.00E-74 3.52E-34 2.27E-21 3.52E-15 1.13E-11 1.33E-10 2.72E-10
 3.69E-10 4.71E-10 5.27E-10 4.98E-10 4.17E-10 3.63E-10
 1.00E-74 1.00E-74 3.52E-34 2.28E-21 3.56E-15 1.13E-11 1.32E-10 2.69E-10
 3.64E-10 4.65E-10 5.18E-10 4.90E-10 4.11E-10 3.58E-10
 1.00E-74 1.17E-51 3.44E-34 2.24E-21 3.50E-15 1.10E-11 1.26E-10 2.49E-10
 3.32E-10 4.17E-10 4.61E-10 4.39E-10 3.74E-10 3.29E-10
 1.00E-74 1.29E-51 2.86E-34 1.89E-21 2.94E-15 8.93E-12 9.43E-11 1.77E-10
 2.30E-10 2.81E-10 3.09E-10 3.00E-10 2.65E-10 2.39E-10
 1.00E-74 4.56E-52 1.10E-34 7.57E-22 1.17E-15 3.33E-12 3.14E-11 5.58E-11
 7.04E-11 8.50E-11 9.50E-11 9.80E-11 9.47E-11 9.06E-11
  736.761    7  14 /pl=01:ss= 3:pb= 1:sz= 3/type=excit/ispb = t/isel =   36
 1.00E+10 1.00E+11 1.00E+12 1.00E+13 1.00E+14 1.00E+15 1.00E+16
 2.76E-01 4.14E-01 6.89E-01 1.38E+00 2.76E+00 6.89E+00 1.38E+01 2.07E+01
 2.76E+01 4.14E+01 6.89E+01 1.38E+02 2.76E+02 4.14E+02
 6.79E-38 6.58E-28 4.76E-20 1.71E-14 6.44E-12 3.91E-10 1.26E-09 1.87E-09
 2.25E-09 2.64E-09 2.82E-09 2.67E-09 2.30E-09 2.06E-09
 6.89E-38 6.81E-28 5.69E-20 3.06E-14 1.37E-11 4.08E-10 1.26E-09 1.87E-09
 2.25E-09 2.62E-09 2.79E-09 2.62E-09 2.24E-09 1.99E-09
 6.90E-38 6.84E-28 5.80E-20 3.32E-14 1.55E-11 4.09E-10 1.26E-09 1.87E-09
 2.25E-09 2.62E-09 2.78E-09 2.62E-09 2.23E-09 1.98E-09
 6.90E-38 6.83E-28 5.81E-20 3.35E-14 1.57E-11 4.09E-10 1.26E-09 1.85E-09
 2.22E-09 2.59E-09 2.74E-09 2.58E-09 2.21E-09 1.96E-09
 6.84E-38 6.78E-28 5.77E-20 3.34E-14 1.56E-11 4.05E-10 1.21E-09 1.75E-09
 2.07E-09 2.36E-09 2.48E-09 2.34E-09 2.03E-09 1.82E-09
 6.27E-38 6.32E-28 5.46E-20 3.20E-14 1.52E-11 3.82E-10 1.07E-09 1.47E-09
 1.69E-09 1.88E-09 1.94E-09 1.83E-09 1.61E-09 1.46E-09
 3.43E-38 3.74E-28 3.54E-20 2.30E-14 1.16E-11 2.77E-10 6.87E-10 8.79E-10
 9.67E-10 1.04E-09 1.06E-09 1.03E-09 9.58E-10 9.04E-10
  780.342    7  14 /pl=01:ss= 3:pb= 1:sz= 3/type=excit/ispb = t/isel =   37
 1.00E+10 1.00E+11 1.00E+12 1.00E+13 1.00E+14 1.00E+15 1.00E+16
 2.76E-01 4.14E-01 6.89E-01 1.38E+00 2.76E+00 6.89E+00 1.38E+01 2.07E+01
 2.76E+01 4.14E+01 6.89E+01 1.38E+02 2.76E+02 4.14E+02
 8.81E-33 1.57E-24 5.41E-18 3.43E-13 7.24E-11 8.11E-10 1.91E-09 2.61E-09
 3.03E-09 3.41E-09 3.52E-09 3.21E-09 2.68E-09 2.36E-09
 8.81E-33 1.57E-24 5.34E-18 2.88E-13 4.84E-11 7.64E-10 1.88E-09 2.59E-09
 3.00E-09 3.37E-09 3.47E-09 3.14E-09 2.60E-09 2.27E-09
 8.81E-33 1.57E-24 5.33E-18 2.78E-13 4.26E-11 7.59E-10 1.88E-09 2.58E-09
 2.99E-09 3.36E-09 3.46E-09 3.13E-09 2.59E-09 2.26E-09
 8.80E-33 1.57E-24 5.33E-18 2.76E-13 4.19E-11 7.59E-10 1.88E-09 2.57E-09
 2.98E-09 3.34E-09 3.43E-09 3.10E-09 2.57E-09 2.25E-09
 8.71E-33 1.55E-24 5.29E-18 2.75E-13 4.17E-11 7.59E-10 1.86E-09 2.52E-09
 2.88E-09 3.18E-09 3.24E-09 2.93E-09 2.44E-09 2.15E-09
 7.93E-33 1.44E-24 4.98E-18 2.63E-13 4.03E-11 7.31E-10 1.70E-09 2.19E-09
 2.42E-09 2.59E-09 2.58E-09 2.35E-09 2.01E-09 1.80E-09
 4.18E-33 8.24E-25 3.14E-18 1.85E-13 3.02E-11 4.92E-10 9.26E-10 1.04E-09
 1.08E-09 1.08E-09 1.06E-09 1.02E-09 9.55E-10 9.11E-10
  847.344    7  14 /pl=01:ss= 3:pb= 1:sz= 3/type=excit/ispb = t/isel =   38
 1.00E+10 1.00E+11 1.00E+12 1.00E+13 1.00E+14 1.00E+15 1.00E+16
 2.76E-01 4.14E-01 6.89E-01 1.38E+00 2.76E+00 6.89E+00 1.38E+01 2.07E+01
 2.76E+01 4.14E+01 6.89E+01 1.38E+02 2.76E+02 4.14E+02
 1.44E-38 1.39E-28 1.01E-20 3.62E-15 1.36E-12 8.28E-11 2.66E-10 3.96E-10
 4.77E-10 5.59E-10 5.97E-10 5.65E-10 4.87E-10 4.35E-10
 1.46E-38 1.44E-28 1.20E-20 6.47E-15 2.90E-12 8.63E-11 2.68E-10 3.96E-10
 4.76E-10 5.56E-10 5.91E-10 5.56E-10 4.75E-10 4.22E-10
 1.46E-38 1.45E-28 1.23E-20 7.03E-15 3.28E-12 8.66E-11 2.68E-10 3.96E-10
 4.76E-10 5.55E-10 5.89E-10 5.54E-10 4.73E-10 4.20E-10
 1.46E-38 1.45E-28 1.23E-20 7.09E-15 3.32E-12 8.66E-11 2.66E-10 3.93E-10
 4.71E-10 5.47E-10 5.80E-10 5.46E-10 4.67E-10 4.15E-10
 1.45E-38 1.44E-28 1.22E-20 7.06E-15 3.31E-12 8.57E-11 2.57E-10 3.71E-10
 4.37E-10 5.00E-10 5.26E-10 4.96E-10 4.29E-10 3.85E-10
 1.33E-38 1.34E-28 1.16E-20 6.78E-15 3.21E-12 8.09E-11 2.27E-10 3.11E-10
 3.57E-10 3.97E-10 4.10E-10 3.88E-10 3.41E-10 3.10E-10
 7.25E-39 7.92E-29 7.48E-21 4.86E-15 2.46E-12 5.86E-11 1.46E-10 1.86E-10
 2.05E-10 2.19E-10 2.24E-10 2.18E-10 2.03E-10 1.91E-10
  976.086    7  14 /pl=01:ss= 3:pb= 1:sz= 3/type=excit/ispb = t/isel =   39
 1.00E+10 1.00E+11 1.00E+12 1.00E+13 1.00E+14 1.00E+15 1.00E+16
 2.76E-01 4.14E-01 6.89E-01 1.38E+00 2.76E+00 6.89E+00 1.38E+01 2.07E+01
 2.76E+01 4.14E+01 6.89E+01 1.38E+02 2.76E+02 4.14E+02
 1.00E-74 1.52E-46 1.34E-31 2.45E-20 8.90E-15 9.24E-12 8.45E-11 1.65E-10
 2.21E-10 2.82E-10 3.18E-10 3.09E-10 2.67E-10 2.38E-10
 1.00E-74 9.09E-47 1.33E-31 2.06E-20 5.99E-15 8.73E-12 8.34E-11 1.63E-10
 2.19E-10 2.79E-10 3.14E-10 3.02E-10 2.59E-10 2.29E-10
 1.00E-74 9.55E-47 1.33E-31 1.98E-20 5.29E-15 8.70E-12 8.39E-11 1.64E-10
 2.21E-10 2.82E-10 3.17E-10 3.05E-10 2.60E-10 2.30E-10
 1.00E-74 9.56E-47 1.33E-31 1.98E-20 5.24E-15 8.95E-12 8.95E-11 1.78E-10
 2.42E-10 3.11E-10 3.51E-10 3.36E-10 2.85E-10 2.50E-10
 1.00E-74 9.90E-47 1.37E-31 2.04E-20 5.44E-15 1.09E-11 1.29E-10 2.72E-10
 3.77E-10 4.93E-10 5.59E-10 5.33E-10 4.44E-10 3.84E-10
 1.00E-74 1.32E-46 1.75E-31 2.48E-20 6.68E-15 1.69E-11 2.07E-10 4.19E-10
 5.66E-10 7.21E-10 8.14E-10 7.98E-10 6.96E-10 6.21E-10
 1.00E-74 3.31E-46 4.30E-31 5.22E-20 1.02E-14 1.70E-11 1.45E-10 2.49E-10
 3.09E-10 3.68E-10 4.06E-10 4.17E-10 4.01E-10 3.83E-10
  997.108    7  14 /pl=01:ss= 3:pb= 1:sz= 3/type=excit/ispb = t/isel =   40
 1.00E+10 1.00E+11 1.00E+12 1.00E+13 1.00E+14 1.00E+15 1.00E+16
 2.76E-01 4.14E-01 6.89E-01 1.38E+00 2.76E+00 6.89E+00 1.38E+01 2.07E+01
 2.76E+01 4.14E+01 6.89E+01 1.38E+02 2.76E+02 4.14E+02
 1.00E-74 1.00E-74 5.98E-32 8.78E-21 2.28E-15 8.07E-12 8.66E-11 1.73E-10
 2.35E-10 3.02E-10 3.43E-10 3.36E-10 2.93E-10 2.63E-10
 1.00E-74 3.18E-47 7.13E-32 1.56E-20 4.81E-15 8.39E-12 8.71E-11 1.73E-10
 2.34E-10 3.00E-10 3.39E-10 3.30E-10 2.85E-10 2.54E-10
 1.00E-74 2.86E-47 7.26E-32 1.70E-20 5.42E-15 8.43E-12 8.72E-11 1.73E-10
 2.34E-10 3.01E-10 3.39E-10 3.30E-10 2.85E-10 2.54E-10
 1.00E-74 2.85E-47 7.25E-32 1.71E-20 5.49E-15 8.48E-12 8.83E-11 1.76E-10
 2.38E-10 3.05E-10 3.44E-10 3.35E-10 2.89E-10 2.57E-10
 1.00E-74 2.71E-47 6.97E-32 1.66E-20 5.41E-15 8.82E-12 9.63E-11 1.93E-10
 2.61E-10 3.33E-10 3.74E-10 3.64E-10 3.13E-10 2.79E-10
 1.00E-74 2.07E-47 5.49E-32 1.37E-20 4.74E-15 8.82E-12 9.54E-11 1.84E-10
 2.43E-10 3.05E-10 3.44E-10 3.44E-10 3.09E-10 2.82E-10
 1.00E-74 1.71E-47 4.40E-32 1.02E-20 3.19E-15 4.80E-12 4.11E-11 7.17E-11
 9.00E-11 1.09E-10 1.22E-10 1.28E-10 1.26E-10 1.22E-10
  1003.01    7  14 /pl=01:ss= 3:pb= 1:sz= 3/type=excit/ispb = t/isel =   41
 1.00E+10 1.00E+11 1.00E+12 1.00E+13 1.00E+14 1.00E+15 1.00E+16
 2.76E-01 4.14E-01 6.89E-01 1.38E+00 2.76E+00 6.89E+00 1.38E+01 2.07E+01
 2.76E+01 4.14E+01 6.89E+01 1.38E+02 2.76E+02 4.14E+02
 1.00E-74 1.00E-74 7.25E-33 1.48E-21 1.13E-15 3.81E-12 5.05E-11 1.09E-10
 1.54E-10 2.05E-10 2.37E-10 2.32E-10 1.99E-10 1.77E-10
 1.00E-74 1.00E-74 7.83E-33 1.63E-21 9.30E-16 3.65E-12 4.99E-11 1.08E-10
 1.53E-10 2.03E-10 2.33E-10 2.26E-10 1.93E-10 1.70E-10
 1.00E-74 3.94E-48 7.93E-33 1.66E-21 8.84E-16 3.64E-12 4.99E-11 1.08E-10
 1.53E-10 2.03E-10 2.33E-10 2.26E-10 1.92E-10 1.70E-10
 1.00E-74 4.20E-48 8.16E-33 1.69E-21 8.87E-16 3.67E-12 5.08E-11 1.11E-10
 1.56E-10 2.07E-10 2.38E-10 2.31E-10 1.96E-10 1.72E-10
 1.00E-74 5.68E-48 1.04E-32 2.03E-21 9.77E-16 4.04E-12 5.87E-11 1.30E-10
 1.83E-10 2.44E-10 2.79E-10 2.70E-10 2.27E-10 1.99E-10
 1.00E-74 1.85E-47 3.07E-32 4.97E-21 1.72E-15 6.17E-12 8.54E-11 1.79E-10
 2.45E-10 3.17E-10 3.60E-10 3.55E-10 3.09E-10 2.76E-10
 1.00E-74 6.94E-47 1.24E-31 1.89E-20 4.18E-15 7.39E-12 6.43E-11 1.11E-10
 1.39E-10 1.66E-10 1.83E-10 1.88E-10 1.80E-10 1.72E-10
  1054.74    7  14 /pl=01:ss= 3:pb= 1:sz= 3/type=excit/ispb = t/isel =   42
 1.00E+10 1.00E+11 1.00E+12 1.00E+13 1.00E+14 1.00E+15 1.00E+16
 2.76E-01 4.14E-01 6.89E-01 1.38E+00 2.76E+00 6.89E+00 1.38E+01 2.07E+01
 2.76E+01 4.14E+01 6.89E+01 1.38E+02 2.76E+02 4.14E+02
 1.00E-74 1.00E-74 3.92E-33 1.57E-21 6.85E-16 3.51E-12 4.28E-11 8.91E-11
 1.23E-10 1.62E-10 1.87E-10 1.87E-10 1.65E-10 1.49E-10
 1.00E-74 1.00E-74 4.69E-33 2.80E-21 1.46E-15 3.66E-12 4.31E-11 8.92E-11
 1.23E-10 1.61E-10 1.85E-10 1.84E-10 1.61E-10 1.44E-10
 1.00E-74 1.00E-74 4.78E-33 3.04E-21 1.65E-15 3.68E-12 4.33E-11 8.95E-11
 1.24E-10 1.62E-10 1.86E-10 1.84E-10 1.61E-10 1.44E-10
 1.00E-74 5.08E-49 4.81E-33 3.08E-21 1.68E-15 3.75E-12 4.46E-11 9.28E-11
 1.28E-10 1.68E-10 1.93E-10 1.91E-10 1.66E-10 1.48E-10
 1.00E-74 5.21E-49 4.97E-33 3.19E-21 1.75E-15 4.29E-12 5.56E-11 1.18E-10
 1.65E-10 2.16E-10 2.47E-10 2.43E-10 2.09E-10 1.85E-10
 1.00E-74 6.53E-49 6.17E-33 3.93E-21 2.21E-15 6.33E-12 8.01E-11 1.63E-10
 2.20E-10 2.83E-10 3.24E-10 3.28E-10 2.95E-10 2.68E-10
 1.00E-74 1.15E-48 1.07E-32 6.12E-21 2.77E-15 5.45E-12 5.13E-11 9.20E-11
 1.17E-10 1.43E-10 1.61E-10 1.68E-10 1.64E-10 1.58E-10
  1374.19    7  14 /pl=01:ss= 3:pb= 1:sz= 3/type=excit/ispb = t/isel =   43
 1.00E+10 1.00E+11 1.00E+12 1.00E+13 1.00E+14 1.00E+15 1.00E+16
 2.76E-01 4.14E-01 6.89E-01 1.38E+00 2.76E+00 6.89E+00 1.38E+01 2.07E+01
 2.76E+01 4.14E+01 6.89E+01 1.38E+02 2.76E+02 4.14E+02
 1.00E-74 1.00E-74 8.75E-32 2.85E-20 1.38E-14 1.55E-11 1.36E-10 2.57E-10
 3.39E-10 4.21E-10 4.61E-10 4.32E-10 3.61E-10 3.15E-10
 1.00E-74 3.30E-47 8.64E-32 2.39E-20 9.22E-15 1.46E-11 1.34E-10 2.54E-10
 3.35E-10 4.15E-10 4.53E-10 4.22E-10 3.49E-10 3.03E-10
 1.00E-74 2.86E-47 8.63E-32 2.30E-20 8.11E-15 1.45E-11 1.34E-10 2.54E-10
 3.34E-10 4.15E-10 4.52E-10 4.20E-10 3.48E-10 3.01E-10
 1.00E-74 2.83E-47 8.58E-32 2.29E-20 7.96E-15 1.45E-11 1.34E-10 2.53E-10
 3.33E-10 4.12E-10 4.49E-10 4.17E-10 3.46E-10 3.00E-10
 1.00E-74 2.66E-47 8.15E-32 2.20E-20 7.70E-15 1.41E-11 1.30E-10 2.43E-10
 3.18E-10 3.89E-10 4.21E-10 3.92E-10 3.27E-10 2.85E-10
 1.00E-74 1.70E-47 5.57E-32 1.63E-20 5.95E-15 1.11E-11 1.00E-10 1.82E-10
 2.32E-10 2.80E-10 3.02E-10 2.87E-10 2.48E-10 2.22E-10
 1.00E-74 8.51E-48 2.64E-32 7.18E-21 2.49E-15 4.34E-12 3.41E-11 5.69E-11
 6.97E-11 8.15E-11 8.87E-11 9.02E-11 8.66E-11 8.29E-11
  1457.94    7  14 /pl=01:ss= 3:pb= 1:sz= 3/type=excit/ispb = t/isel =   44
 1.00E+10 1.00E+11 1.00E+12 1.00E+13 1.00E+14 1.00E+15 1.00E+16
 2.76E-01 4.14E-01 6.89E-01 1.38E+00 2.76E+00 6.89E+00 1.38E+01 2.07E+01
 2.76E+01 4.14E+01 6.89E+01 1.38E+02 2.76E+02 4.14E+02
 1.00E-74 1.00E-74 5.94E-33 3.06E-21 1.41E-15 6.03E-12 6.34E-11 1.24E-10
 1.66E-10 2.10E-10 2.34E-10 2.26E-10 1.94E-10 1.73E-10
 1.00E-74 1.00E-74 7.09E-33 5.46E-21 2.99E-15 6.27E-12 6.36E-11 1.24E-10
 1.65E-10 2.08E-10 2.31E-10 2.22E-10 1.89E-10 1.67E-10
 1.00E-74 7.04E-49 7.22E-33 5.93E-21 3.37E-15 6.29E-12 6.36E-11 1.24E-10
 1.65E-10 2.08E-10 2.31E-10 2.21E-10 1.88E-10 1.66E-10
 1.00E-74 5.28E-49 7.19E-33 5.95E-21 3.41E-15 6.27E-12 6.32E-11 1.22E-10
 1.63E-10 2.05E-10 2.27E-10 2.18E-10 1.86E-10 1.64E-10
 1.00E-74 4.92E-49 6.81E-33 5.72E-21 3.30E-15 6.05E-12 5.97E-11 1.13E-10
 1.48E-10 1.84E-10 2.03E-10 1.95E-10 1.69E-10 1.51E-10
 1.00E-74 3.04E-49 4.53E-33 4.14E-21 2.51E-15 4.61E-12 4.30E-11 7.82E-11
 1.00E-10 1.22E-10 1.34E-10 1.32E-10 1.19E-10 1.09E-10
 1.00E-74 1.20E-49 1.75E-33 1.61E-21 1.01E-15 1.83E-12 1.55E-11 2.68E-11
 3.34E-11 4.00E-11 4.42E-11 4.57E-11 4.43E-11 4.27E-11
  1628.93    7  14 /pl=01:ss= 3:pb= 1:sz= 3/type=excit/ispb = t/isel =   45
 1.00E+10 1.00E+11 1.00E+12 1.00E+13 1.00E+14 1.00E+15 1.00E+16
 2.76E-01 4.14E-01 6.89E-01 1.38E+00 2.76E+00 6.89E+00 1.38E+01 2.07E+01
 2.76E+01 4.14E+01 6.89E+01 1.38E+02 2.76E+02 4.14E+02
 1.00E-74 1.00E-74 7.33E-33 3.78E-21 1.74E-15 7.43E-12 7.81E-11 1.53E-10
 2.04E-10 2.59E-10 2.89E-10 2.79E-10 2.40E-10 2.13E-10
 1.00E-74 1.00E-74 8.74E-33 6.74E-21 3.69E-15 7.73E-12 7.85E-11 1.53E-10
 2.03E-10 2.57E-10 2.85E-10 2.74E-10 2.33E-10 2.06E-10
 1.00E-74 8.68E-49 8.90E-33 7.31E-21 4.16E-15 7.76E-12 7.84E-11 1.52E-10
 2.03E-10 2.56E-10 2.85E-10 2.73E-10 2.32E-10 2.05E-10
 1.00E-74 6.51E-49 8.87E-33 7.34E-21 4.20E-15 7.73E-12 7.79E-11 1.51E-10
 2.01E-10 2.53E-10 2.80E-10 2.69E-10 2.29E-10 2.02E-10
 1.00E-74 6.07E-49 8.39E-33 7.05E-21 4.07E-15 7.46E-12 7.36E-11 1.40E-10
 1.83E-10 2.27E-10 2.50E-10 2.41E-10 2.08E-10 1.86E-10
 1.00E-74 3.75E-49 5.59E-33 5.11E-21 3.10E-15 5.68E-12 5.30E-11 9.64E-11
 1.24E-10 1.51E-10 1.65E-10 1.63E-10 1.47E-10 1.34E-10
 1.00E-74 1.48E-49 2.16E-33 1.98E-21 1.24E-15 2.26E-12 1.91E-11 3.30E-11
 4.12E-11 4.93E-11 5.45E-11 5.64E-11 5.47E-11 5.27E-11
  1914.61    7  14 /pl=01:ss= 3:pb= 1:sz= 3/type=excit/ispb = t/isel =   46
 1.00E+10 1.00E+11 1.00E+12 1.00E+13 1.00E+14 1.00E+15 1.00E+16
 2.76E-01 4.14E-01 6.89E-01 1.38E+00 2.76E+00 6.89E+00 1.38E+01 2.07E+01
 2.76E+01 4.14E+01 6.89E+01 1.38E+02 2.76E+02 4.14E+02
 1.00E-74 1.00E-74 5.17E-36 8.34E-23 2.16E-16 2.57E-12 3.77E-11 8.24E-11
 1.17E-10 1.56E-10 1.81E-10 1.81E-10 1.58E-10 1.42E-10
 1.00E-74 1.00E-74 6.16E-36 1.49E-22 4.57E-16 2.66E-12 3.79E-11 8.23E-11
 1.16E-10 1.55E-10 1.79E-10 1.78E-10 1.54E-10 1.38E-10
 1.00E-74 1.00E-74 6.29E-36 1.61E-22 5.15E-16 2.68E-12 3.79E-11 8.24E-11
 1.17E-10 1.55E-10 1.79E-10 1.77E-10 1.53E-10 1.37E-10
 1.00E-74 1.00E-74 6.37E-36 1.64E-22 5.25E-16 2.70E-12 3.85E-11 8.36E-11
 1.18E-10 1.57E-10 1.81E-10 1.79E-10 1.54E-10 1.38E-10
 1.00E-74 1.00E-74 7.02E-36 1.76E-22 5.51E-16 2.90E-12 4.26E-11 9.26E-11
 1.30E-10 1.70E-10 1.93E-10 1.88E-10 1.60E-10 1.43E-10
 1.00E-74 1.00E-74 1.03E-35 2.39E-22 6.92E-16 3.69E-12 5.26E-11 1.09E-10
 1.48E-10 1.89E-10 2.12E-10 2.05E-10 1.76E-10 1.57E-10
 1.00E-74 1.00E-74 1.13E-35 2.67E-22 7.17E-16 3.28E-12 3.88E-11 7.42E-11
 9.71E-11 1.21E-10 1.36E-10 1.38E-10 1.29E-10 1.20E-10
  1924.93    7  14 /pl=01:ss= 3:pb= 1:sz= 3/type=excit/ispb = t/isel =   47
 1.00E+10 1.00E+11 1.00E+12 1.00E+13 1.00E+14 1.00E+15 1.00E+16
 2.76E-01 4.14E-01 6.89E-01 1.38E+00 2.76E+00 6.89E+00 1.38E+01 2.07E+01
 2.76E+01 4.14E+01 6.89E+01 1.38E+02 2.76E+02 4.14E+02
 1.00E-74 1.00E-74 5.97E-36 1.50E-22 6.42E-16 2.73E-12 3.70E-11 8.05E-11
 1.13E-10 1.50E-10 1.73E-10 1.67E-10 1.40E-10 1.23E-10
 1.00E-74 1.00E-74 5.91E-36 1.27E-22 4.33E-16 2.57E-12 3.65E-11 7.95E-11
 1.12E-10 1.48E-10 1.70E-10 1.63E-10 1.36E-10 1.19E-10
 1.00E-74 1.00E-74 5.91E-36 1.22E-22 3.83E-16 2.55E-12 3.64E-11 7.94E-11
 1.12E-10 1.48E-10 1.69E-10 1.62E-10 1.35E-10 1.18E-10
 1.00E-74 1.00E-74 5.94E-36 1.22E-22 3.77E-16 2.55E-12 3.64E-11 7.93E-11
 1.12E-10 1.47E-10 1.68E-10 1.61E-10 1.35E-10 1.17E-10
 1.00E-74 1.00E-74 6.22E-36 1.26E-22 3.79E-16 2.55E-12 3.64E-11 7.88E-11
 1.10E-10 1.44E-10 1.63E-10 1.56E-10 1.31E-10 1.15E-10
 1.00E-74 1.00E-74 7.14E-36 1.36E-22 3.82E-16 2.48E-12 3.48E-11 7.30E-11
 9.99E-11 1.28E-10 1.44E-10 1.40E-10 1.20E-10 1.06E-10
 1.00E-74 1.00E-74 8.72E-36 1.47E-22 3.44E-16 1.85E-12 2.18E-11 4.14E-11
 5.40E-11 6.69E-11 7.52E-11 7.68E-11 7.19E-11 6.74E-11
  2018.98    7  14 /pl=01:ss= 3:pb= 1:sz= 3/type=excit/ispb = t/isel =   48
 1.00E+10 1.00E+11 1.00E+12 1.00E+13 1.00E+14 1.00E+15 1.00E+16
 2.76E-01 4.14E-01 6.89E-01 1.38E+00 2.76E+00 6.89E+00 1.38E+01 2.07E+01
 2.76E+01 4.14E+01 6.89E+01 1.38E+02 2.76E+02 4.14E+02
 1.00E-74 1.00E-74 7.29E-37 3.23E-23 1.37E-16 2.14E-12 3.39E-11 7.55E-11
 1.07E-10 1.44E-10 1.69E-10 1.68E-10 1.46E-10 1.31E-10
 1.00E-74 1.00E-74 8.69E-37 5.76E-23 2.90E-16 2.22E-12 3.40E-11 7.54E-11
 1.07E-10 1.43E-10 1.67E-10 1.64E-10 1.42E-10 1.26E-10
 1.00E-74 1.00E-74 8.87E-37 6.26E-23 3.27E-16 2.23E-12 3.40E-11 7.54E-11
 1.07E-10 1.43E-10 1.66E-10 1.64E-10 1.41E-10 1.26E-10
 1.00E-74 1.00E-74 8.94E-37 6.33E-23 3.32E-16 2.23E-12 3.39E-11 7.50E-11
 1.06E-10 1.42E-10 1.64E-10 1.62E-10 1.40E-10 1.25E-10
 1.00E-74 1.00E-74 9.39E-37 6.51E-23 3.35E-16 2.22E-12 3.33E-11 7.24E-11
 1.01E-10 1.33E-10 1.53E-10 1.51E-10 1.32E-10 1.18E-10
 1.00E-74 1.00E-74 1.07E-36 7.03E-23 3.37E-16 2.13E-12 3.03E-11 6.31E-11
 8.61E-11 1.11E-10 1.26E-10 1.26E-10 1.12E-10 1.01E-10
 1.00E-74 1.00E-74 8.92E-37 5.87E-23 2.64E-16 1.54E-12 1.94E-11 3.81E-11
 5.04E-11 6.35E-11 7.24E-11 7.48E-11 7.06E-11 6.65E-11
  2353.49    7  14 /pl=01:ss= 3:pb= 1:sz= 3/type=excit/ispb = t/isel =   49
 1.00E+10 1.00E+11 1.00E+12 1.00E+13 1.00E+14 1.00E+15 1.00E+16
 2.76E-01 4.14E-01 6.89E-01 1.38E+00 2.76E+00 6.89E+00 1.38E+01 2.07E+01
 2.76E+01 4.14E+01 6.89E+01 1.38E+02 2.76E+02 4.14E+02
 1.00E-74 1.00E-74 5.51E-32 1.79E-20 8.67E-15 9.76E-12 8.57E-11 1.62E-10
 2.13E-10 2.65E-10 2.90E-10 2.72E-10 2.27E-10 1.98E-10
 1.00E-74 2.07E-47 5.44E-32 1.51E-20 5.80E-15 9.19E-12 8.44E-11 1.60E-10
 2.11E-10 2.61E-10 2.85E-10 2.65E-10 2.20E-10 1.91E-10
 1.00E-74 1.80E-47 5.43E-32 1.45E-20 5.10E-15 9.13E-12 8.43E-11 1.60E-10
 2.10E-10 2.61E-10 2.85E-10 2.64E-10 2.19E-10 1.90E-10
 1.00E-74 1.78E-47 5.40E-32 1.44E-20 5.01E-15 9.10E-12 8.41E-11 1.59E-10
 2.09E-10 2.59E-10 2.82E-10 2.62E-10 2.17E-10 1.88E-10
 1.00E-74 1.67E-47 5.13E-32 1.38E-20 4.85E-15 8.88E-12 8.18E-11 1.53E-10
 2.00E-10 2.45E-10 2.65E-10 2.47E-10 2.06E-10 1.79E-10
 1.00E-74 1.07E-47 3.50E-32 1.02E-20 3.74E-15 7.01E-12 6.31E-11 1.14E-10
 1.46E-10 1.76E-10 1.90E-10 1.81E-10 1.56E-10 1.39E-10
 1.00E-74 5.35E-48 1.66E-32 4.52E-21 1.56E-15 2.73E-12 2.15E-11 3.58E-11
 4.38E-11 5.13E-11 5.58E-11 5.67E-11 5.45E-11 5.22E-11
  2523.98    7  14 /pl=01:ss= 3:pb= 1:sz= 3/type=excit/ispb = t/isel =   50
 1.00E+10 1.00E+11 1.00E+12 1.00E+13 1.00E+14 1.00E+15 1.00E+16
 2.76E-01 4.14E-01 6.89E-01 1.38E+00 2.76E+00 6.89E+00 1.38E+01 2.07E+01
 2.76E+01 4.14E+01 6.89E+01 1.38E+02 2.76E+02 4.14E+02
 1.00E-74 1.00E-74 7.96E-33 4.10E-21 1.89E-15 8.08E-12 8.49E-11 1.66E-10
 2.22E-10 2.81E-10 3.14E-10 3.03E-10 2.60E-10 2.31E-10
 1.00E-74 1.00E-74 9.49E-33 7.32E-21 4.01E-15 8.40E-12 8.52E-11 1.66E-10
 2.21E-10 2.79E-10 3.10E-10 2.97E-10 2.53E-10 2.23E-10
 1.00E-74 9.43E-49 9.68E-33 7.94E-21 4.52E-15 8.43E-12 8.52E-11 1.66E-10
 2.21E-10 2.78E-10 3.09E-10 2.96E-10 2.52E-10 2.22E-10
 1.00E-74 7.07E-49 9.64E-33 7.98E-21 4.56E-15 8.40E-12 8.47E-11 1.64E-10
 2.18E-10 2.74E-10 3.04E-10 2.92E-10 2.49E-10 2.20E-10
 1.00E-74 6.60E-49 9.12E-33 7.66E-21 4.42E-15 8.10E-12 8.00E-11 1.52E-10
 1.99E-10 2.47E-10 2.71E-10 2.62E-10 2.26E-10 2.02E-10
 1.00E-74 4.08E-49 6.07E-33 5.55E-21 3.37E-15 6.17E-12 5.76E-11 1.05E-10
 1.34E-10 1.64E-10 1.80E-10 1.77E-10 1.59E-10 1.46E-10
 1.00E-74 1.61E-49 2.35E-33 2.15E-21 1.35E-15 2.45E-12 2.08E-11 3.59E-11
 4.48E-11 5.35E-11 5.93E-11 6.13E-11 5.94E-11 5.72E-11
c-------------------------------------------------------------------------------
 
C  root partition information
C  ==========================
C
C  nuclear charge : 18
C  ion charge+1   :  4
C
C  population calculation information
C  ----------------------------------
C
C  population processing code: adas810
C
C  adf04 source file    : adf04_copmm#18_ls_40#ar3.dat
C  adf18/a17_p208 file  : NULL
C
C  meta. ion. coeff. selector  : 
 
C  options  : lnorm =T  lpsel =F  lzsel =T  liosel=F
C           : lhsel =F  lrsel =F  lisel =F  lnsel =F
 
C  energy levels
C  -------------
C
C   lv      configuration    (2S+1)L(w-1/2)      energy (cm^-1)
C  ---   ------------------- --------------      --------------
c    1   24535                  (4)0(  1.5)             0.0
c    2   24535                  (2)2(  4.5)         19236.8
c    3   24535                  (2)1(  2.5)         36950.2
c    4   14545                  (4)1(  5.5)        128149.0
c    5   14545                  (2)2(  4.5)        154966.0
c    6   24525516               (2)1(  2.5)        176346.0
c    7   14545                  (2)0(  0.5)        179926.0
c    8   24525516               (4)3( 13.5)        191076.0
c    9   24525516               (4)2(  9.5)        196636.0
c   10   24525516               (2)3(  6.5)        198266.0
c   11   24525516               (2)4(  8.5)        214836.0
c   12   24525516               (4)1(  5.5)        227216.0
c   13   14545                  (2)1(  2.5)        234966.0
c   14   24525516               (2)1(  2.5)        242466.0
c   15   24525516               (2)2(  4.5)        242946.0
c   16   24525516               (2)2(  4.5)        243976.0
c   17   24525516               (2)2(  4.5)        248136.0
c   18   24525516               (2)3(  6.5)        251176.0
c   19   24525516               (2)0(  0.5)        253896.0
c   20   24525517               (4)1(  5.5)        257496.0
c   21   24525517               (2)1(  2.5)        262836.0
c   22   14535516               (6)2( 14.5)        268816.0
c   23   24525517               (2)2(  4.5)        272946.0
c   24   24525518               (2)0(  0.5)        290536.0
c   25   24525517               (2)0(  0.5)        293176.0
c   26   24525518               (4)2(  9.5)        293526.0
c   27   24525518               (4)1(  5.5)        296336.0
c   28   24525518               (2)2(  4.5)        298556.0
c   29   14535516               (4)2(  9.5)        299476.0
c   30   24525518               (4)0(  1.5)        299986.0
c   31   24525518               (2)1(  2.5)        302536.0
c   32   24525518               (2)3(  6.5)        309646.0
c   33   14535516               (4)3( 13.5)        311676.0
c   34   24525518               (2)2(  4.5)        312566.0
c   35   24525518               (2)1(  2.5)        317236.0
c   36   14535516               (4)4( 17.5)        318716.0
c   37   14535516               (2)0(  0.5)        327956.0
c   38   24525518               (2)1(  2.5)        331716.0
c   39   14535516               (4)3( 13.5)        333066.0
c   40   14535516               (4)2(  9.5)        335006.0
c   41   14535516               (2)4(  8.5)        335516.0
c   42   14535516               (4)1(  5.5)        336586.0
c   43   14535516               (2)2(  4.5)        340876.0
c   44   14535516               (4)1(  5.5)        343756.0
c   45   14535516               (2)1(  2.5)        344516.0
c   46   24525519               (4)3( 13.5)        346246.0
c   47   24525519               (2)1(  2.5)        347726.0
c   48   24525519               (4)1(  5.5)        348286.0
c   49   24525519               (4)2(  9.5)        348496.0
c   50   24525519               (2)3(  6.5)        350786.0
c   51   24525519               (2)2(  4.5)        355336.0
c   52   14535516               (2)3(  6.5)        356386.0
c   53   14535516               (4)2(  9.5)        357326.0
c   54   14535516               (2)3(  6.5)        360476.0
c   55   14535516               (4)0(  1.5)        361336.0
c   56   24525519               (2)3(  6.5)        362096.0
c   57   14535516               (2)2(  4.5)        362856.0
c   58   24525519               (2)4(  8.5)        362856.0
c   59   24525519               (2)2(  4.5)        362996.0
c   60   2452551B               (4)1(  5.5)        364156.0
c   61   24525519               (2)1(  2.5)        364366.0
c   62   2452551A               (4)2(  9.5)        366186.0
c   63   2452551B               (2)1(  2.5)        367016.0
c   64   24525519               (2)0(  0.5)        367506.0
c   65   2452551A               (2)2(  4.5)        369616.0
c   66   2452551A               (4)4( 17.5)        370906.0
c   67   14535516               (2)4(  8.5)        371566.0
c   68   2452551A               (2)4(  8.5)        371686.0
c   69   2452551A               (4)3( 13.5)        373296.0
c   70   2452551A               (2)3(  6.5)        374446.0
c   71   2452551C               (2)0(  0.5)        377666.0
c   72   14535518               (6)1(  8.5)        377906.0
c   73   2452551B               (2)2(  4.5)        378506.0
c   74   2452551C               (4)2(  9.5)        379096.0
c   75   14535516               (2)1(  2.5)        380026.0
c   76   2452551C               (4)1(  5.5)        380096.0
c   77   2452551A               (2)3(  6.5)        380676.0
c   78   2452551C               (2)2(  4.5)        381236.0
c   79   2452551C               (4)0(  1.5)        381246.0
c   80   2452551A               (2)2(  4.5)        382276.0
c   81   24525519               (2)2(  4.5)        383296.0
c   82   2452551C               (2)1(  2.5)        383346.0
c   83   14535516               (4)2(  9.5)        383566.0
c   84   14535516               (2)2(  4.5)        385596.0
c   85   2452551A               (2)5( 10.5)        385706.0
c   86   2452551A               (2)1(  2.5)        386166.0
c   87   14535518               (4)1(  5.5)        386526.0
c   88   2452551A               (2)4(  8.5)        387486.0
c   89   14535516               (2)3(  6.5)        390366.0
c   90   2452551C               (2)3(  6.5)        393676.0
c   91   2452551C               (2)2(  4.5)        393966.0
c   92   2452551C               (2)1(  2.5)        395906.0
c   93   14535516               (2)1(  2.5)        398376.0
c   94   2452551B               (2)0(  0.5)        398806.0
c   95   2452551D               (4)3( 13.5)        400826.0
c   96   2452551D               (2)1(  2.5)        401456.0
c   97   2452551D               (4)1(  5.5)        401846.0
c   98   2452551D               (4)2(  9.5)        402116.0
c   99   14535516               (2)3(  6.5)        402996.0
c  100   2452551D               (2)3(  6.5)        403256.0
c  101   2452551D               (2)2(  4.5)        405056.0
c  102   14535516               (2)2(  4.5)        405306.0
c  103   14535516               (2)0(  0.5)        405976.0
c  104   2452551G               (4)1(  5.5)        409526.0
c  105   2452551A               (2)3(  6.5)        409546.0
c  106   2452551G               (2)1(  2.5)        410486.0
c  107   2452551E               (2)2(  4.5)        411406.0
c  108   2452551E               (4)4( 17.5)        412206.0
c  109   2452551E               (2)4(  8.5)        412996.0
c  110   2452551E               (4)2(  9.5)        413436.0
c  111   2452551E               (4)3( 13.5)        413506.0
c  112   2452551C               (2)1(  2.5)        414396.0
c  113   2452551E               (2)3(  6.5)        414496.0
c  114   2452551D               (2)3(  6.5)        415076.0
c  115   2452551D               (2)2(  4.5)        415786.0
c  116   2452551D               (2)4(  8.5)        416246.0
c  117   2452551H               (2)0(  0.5)        416436.0
c  118   14535516               (2)1(  2.5)        416526.0
c  119   2452551D               (2)1(  2.5)        416946.0
c  120   2452551H               (4)2(  9.5)        417056.0
c  121   2452551H               (4)1(  5.5)        417636.0
c  122   2452551D               (2)0(  0.5)        418036.0
c  123   2452551H               (4)0(  1.5)        418376.0
c  124   2452551H               (2)2(  4.5)        418486.0
c  125   2452551H               (2)1(  2.5)        419546.0
c  126   14535518               (4)2(  9.5)        423526.0
c  127   2452551G               (2)2(  4.5)        423576.0
c  128   14535518               (4)3( 13.5)        424456.0
c  129   2452551E               (2)4(  8.5)        426286.0
c  130   2452551E               (2)5( 10.5)        426716.0
c  131   14535518               (2)1(  2.5)        427076.0
c  132   2452551E               (2)3(  6.5)        427606.0
c  133   14535518               (2)3(  6.5)        427896.0
c  134   2452551E               (2)2(  4.5)        428386.0
c  135   2452551I               (4)1(  5.5)        428636.0
c  136   2452551I               (4)2(  9.5)        428856.0
c  137   2452551I               (2)1(  2.5)        429016.0
c  138   2452551I               (4)3( 13.5)        430316.0
c  139   2452551E               (2)1(  2.5)        430346.0
c  140   14535519               (6)2( 14.5)        430596.0
c  141   2452551I               (2)3(  6.5)        430656.0
c  142   2452551I               (2)2(  4.5)        430786.0
c  143   14535518               (4)1(  5.5)        430876.0
c  144   2452551H               (2)2(  4.5)        431296.0
c  145   2452551H               (2)3(  6.5)        431346.0
c  146   2452551J               (2)2(  4.5)        431876.0
c  147   2452551H               (2)1(  2.5)        432256.0
c  148   2452551M               (4)1(  5.5)        433536.0
c  149   2452551M               (2)1(  2.5)        433996.0
c  150   2452551J               (4)4( 17.5)        434496.0
c  151   2452551J               (4)2(  9.5)        434746.0
c  152   2452551J               (2)4(  8.5)        435296.0
c  153   2452551J               (4)3( 13.5)        435516.0
c  154   2452551J               (2)3(  6.5)        436096.0
c  155   14535518               (2)2(  4.5)        436186.0
c  156   2452551D               (2)2(  4.5)        436396.0
c  157   2452551N               (2)0(  0.5)        437076.0
c  158   14535518               (4)0(  1.5)        437406.0
c  159   2452551N               (4)2(  9.5)        437416.0
c  160   2452551N               (4)1(  5.5)        437926.0
c  161   2452551N               (2)2(  4.5)        438466.0
c  162   2452551N               (4)0(  1.5)        438566.0
c  163   14535519               (4)2(  9.5)        438676.0
c  164   2452551N               (2)1(  2.5)        439246.0
c  165   14535518               (4)2(  9.5)        439386.0
c  166   14535516               (2)2(  4.5)        440096.0
c  167   2452551I               (2)3(  6.5)        442466.0
c  168   14535518               (4)1(  5.5)        442556.0
c  169   2452551I               (2)1(  2.5)        442566.0
c  170   2452551I               (2)2(  4.5)        442876.0
c  171   2452551I               (2)4(  8.5)        443126.0
c  172   2452551I               (2)0(  0.5)        443206.0
c  173   2452551O               (2)1(  2.5)        444416.0
c  174   2452551O               (4)3( 13.5)        444616.0
c  175   2452551G               (2)0(  0.5)        444776.0
c  176   14535518               (2)1(  2.5)        444796.0
c  177   14535518               (2)2(  4.5)        444856.0
c  178   2452551O               (4)1(  5.5)        444926.0
c  179   2452551O               (2)3(  6.5)        445346.0
c  180   2452551O               (4)2(  9.5)        445896.0
c  181   2452551O               (2)2(  4.5)        446476.0
c  182   2452551M               (2)2(  4.5)        447316.0
c  183   2452551E               (2)3(  6.5)        447326.0
c  184   2452551T               (4)1(  5.5)        447506.0
c  185   2452551P               (4)4( 17.5)        447886.0
c  186   2452551T               (2)1(  2.5)        447916.0
c  187   2452551J               (2)4(  8.5)        448556.0
c  188   2452551P               (4)2(  9.5)        448576.0
c  189   2452551P               (2)4(  8.5)        448586.0
c  190   2452551P               (4)3( 13.5)        448636.0
c  191   2452551J               (2)5( 10.5)        448856.0
c  192   2452551P               (2)3(  6.5)        448986.0
c  193   2452551J               (2)3(  6.5)        449076.0
c  194   2452551J               (2)2(  4.5)        449396.0
c  195   2452551U               (2)0(  0.5)        449566.0
c  196   2452551P               (2)2(  4.5)        449896.0
c  197   2452551J               (2)1(  2.5)        449966.0
c  198   2452551U               (4)2(  9.5)        450026.0
c  199   2452551U               (4)1(  5.5)        450096.0
c  200   2452551U               (2)2(  4.5)        450466.0
c  201   2452551U               (4)0(  1.5)        450896.0
c  202   2452551U               (2)1(  2.5)        450986.0
c  203   2452551N               (2)3(  6.5)        451706.0
c  204   2452551N               (2)2(  4.5)        451876.0
c  205   2452551H               (2)1(  2.5)        452226.0
c  206   14535518               (2)0(  0.5)        452366.0
c  207   2452551N               (2)1(  2.5)        452506.0
c  208   2452551V               (4)3( 13.5)        454326.0
c  209   2452551V               (2)1(  2.5)        454466.0
c  210   2452551V               (4)1(  5.5)        454696.0
c  211   2452551V               (2)3(  6.5)        455006.0
c  212   2452551V               (4)2(  9.5)        455046.0
c  213   2452551V               (2)2(  4.5)        455676.0
c  214   2452551W               (4)4( 17.5)        456536.0
c  215   2452551W               (4)2(  9.5)        457166.0
c  216   2452551W               (2)4(  8.5)        457176.0
c  217   2452551W               (4)3( 13.5)        457216.0
c  218   2452551W               (2)2(  4.5)        457236.0
c  219   2452551W               (2)3(  6.5)        457896.0
c  220   2452551O               (2)3(  6.5)        458236.0
c  221   2452551O               (2)2(  4.5)        458376.0
c  222   2452551O               (2)4(  8.5)        458676.0
c  223   2452551O               (2)1(  2.5)        458856.0
c  224   2452551O               (2)0(  0.5)        459206.0
c  225   2452551T               (2)2(  4.5)        461216.0
c  226   2452551P               (2)4(  8.5)        461986.0
c  227   2452551P               (2)5( 10.5)        462166.0
c  228   2452551P               (2)3(  6.5)        462166.0
c  229   2452551P               (2)2(  4.5)        462506.0
c  230   2452551P               (2)1(  2.5)        462896.0
c  231   1453551C               (6)1(  8.5)        463226.0
c  232   2452551I               (2)2(  4.5)        463456.0
c  233   2452551U               (2)3(  6.5)        464016.0
c  234   2452551U               (2)2(  4.5)        464026.0
c  235   2452551U               (2)1(  2.5)        464386.0
c  236   1453551C               (4)1(  5.5)        467156.0
c  237   2452551M               (2)0(  0.5)        467616.0
c  238   2452551V               (2)3(  6.5)        468086.0
c  239   2452551V               (2)2(  4.5)        468266.0
c  240   2452551V               (2)4(  8.5)        468506.0
c  241   2452551V               (2)1(  2.5)        468546.0
c  242   2452551V               (2)0(  0.5)        468956.0
c  243   2452551J               (2)3(  6.5)        469406.0
c  244   2452551W               (2)4(  8.5)        470656.0
c  245   2452551W               (2)5( 10.5)        470786.0
c  246   2452551W               (2)3(  6.5)        470806.0
c  247   2452551W               (2)2(  4.5)        470996.0
c  248   2452551W               (2)1(  2.5)        471196.0
c  249   2452551N               (2)1(  2.5)        472386.0
c  250   14535519               (4)3( 13.5)        476276.0
c  251   14535519               (4)4( 17.5)        477286.0
c  252   14535518               (2)1(  2.5)        477656.0
c  253   14535519               (4)2(  9.5)        478006.0
c  254   14535518               (2)3(  6.5)        478876.0
c  255   2452551O               (2)2(  4.5)        478956.0
c  256   14535519               (4)1(  5.5)        479326.0
c  257   14535519               (2)4(  8.5)        479596.0
c  258   14535519               (2)0(  0.5)        479886.0
c  259   14535519               (2)1(  2.5)        480456.0
c  260   2452551T               (2)0(  0.5)        481696.0
c  261   14535519               (4)0(  1.5)        481906.0
c  262   14535518               (2)2(  4.5)        481986.0
c  263   2452551P               (2)3(  6.5)        482696.0
c  264   14535518               (4)1(  5.5)        483296.0
c  265   14535519               (2)2(  4.5)        483356.0
c  266   2452551U               (2)1(  2.5)        484576.0
c  267   14535519               (2)3(  6.5)        484956.0
c  268   1453551D               (6)2( 14.5)        485646.0
c  269   1453551D               (4)2(  9.5)        488496.0
c  270   2452551V               (2)2(  4.5)        488606.0
c  271   14535519               (4)3( 13.5)        490966.0
c  272   2452551W               (2)3(  6.5)        491286.0
c  273   14535519               (4)1(  5.5)        491506.0
c  274   14535518               (2)1(  2.5)        491596.0
c  275   14535519               (4)2(  9.5)        493006.0
c  276   14535518               (2)2(  4.5)        493896.0
c  277   14535519               (2)2(  4.5)        494766.0
c  278   14535518               (2)1(  2.5)        495366.0
c  279   14535519               (2)3(  6.5)        495586.0
c  280   14535518               (2)0(  0.5)        496686.0
c  281   14535519               (2)1(  2.5)        499766.0
c  282   1453551C               (4)2(  9.5)        509246.0
c  283   1453551C               (4)3( 13.5)        509746.0
c  284   1453551C               (2)3(  6.5)        510856.0
c  285   1453551C               (2)1(  2.5)        511226.0
c  286   1453551C               (4)1(  5.5)        511906.0
c  287   1453551C               (2)2(  4.5)        514436.0
c  288   1453551C               (4)0(  1.5)        522866.0
c  289   1453551C               (4)2(  9.5)        523346.0
c  290   1453551C               (4)1(  5.5)        524686.0
c  291   1453551C               (2)1(  2.5)        525026.0
c  292   1453551C               (2)2(  4.5)        525626.0
c  293   14535519               (2)4(  8.5)        529006.0
c  294   1453551C               (2)0(  0.5)        529536.0
c  295   14535519               (2)3(  6.5)        529856.0
c  296   14535519               (2)2(  4.5)        530166.0
c  297   14535519               (2)0(  0.5)        530246.0
c  298   14535519               (2)1(  2.5)        530386.0
c  299   1453551D               (4)3( 13.5)        531636.0
c  300   1453551D               (4)4( 17.5)        531906.0
c  301   1453551D               (4)2(  9.5)        532106.0
c  302   1453551D               (4)1(  5.5)        532766.0
c  303   1453551D               (2)4(  8.5)        532846.0
c  304   1453551D               (4)0(  1.5)        533546.0
c  305   1453551D               (2)1(  2.5)        533626.0
c  306   14535519               (4)2(  9.5)        534136.0
c  307   1453551D               (2)0(  0.5)        534216.0
c  308   1453551D               (2)2(  4.5)        534376.0
c  309   1453551D               (2)3(  6.5)        535126.0
c  310   14535519               (2)2(  4.5)        539646.0
c  311   14535519               (2)3(  6.5)        543646.0
c  312   14535519               (2)2(  4.5)        544416.0
c  313   14535519               (2)1(  2.5)        544976.0
c  314   1453551D               (4)3( 13.5)        545546.0
c  315   1453551D               (4)1(  5.5)        545736.0
c  316   1453551D               (4)2(  9.5)        546206.0
c  317   1453551D               (2)3(  6.5)        547316.0
c  318   1453551D               (2)2(  4.5)        547396.0
c  319   1453551D               (2)1(  2.5)        549516.0
c  320   1453551C               (2)3(  6.5)        561336.0
c  321   1453551C               (2)1(  2.5)        561926.0
c  322   1453551C               (2)2(  4.5)        562546.0
c  323   1453551C               (4)1(  5.5)        566316.0
c  324   1453551C               (2)1(  2.5)        569396.0
c  325   1453551C               (2)2(  4.5)        575446.0
c  326   1453551C               (2)1(  2.5)        576006.0
c  327   1453551C               (2)0(  0.5)        576766.0
c  328   1453551D               (2)4(  8.5)        583346.0
c  329   1453551D               (2)3(  6.5)        583876.0
c  330   1453551D               (2)1(  2.5)        584046.0
c  331   1453551D               (2)2(  4.5)        584076.0
c  332   1453551D               (2)0(  0.5)        584216.0
c  333   1453551D               (4)2(  9.5)        588366.0
c  334   1453551D               (2)2(  4.5)        590406.0
c  335   1453551D               (2)3(  6.5)        597356.0
c  336   1453551D               (2)2(  4.5)        597596.0
c  337   1453551D               (2)1(  2.5)        598046.0
 
 
 
c-------------------------------------------------------------------------------
 
C  superstage partition information
C  ================================
C
C  element symbol   : AR
C  parent template  : 
C  partition level  :  1
C  superstage label :  3
C
C  tabulation       : photon emissivity coefft (te,ne)
C  units            : ph. emis coef(cm^3 s^-1); te (ev); ne (cm^-3)
C
C  photon emissivity atomic transitions
C  ------------------------------------
C  
C   isel  wvlen(A)            transition                type  ispb nspb
C                                                             ispp nspp sz    tg pr wr
C  ----- ---------- ----------------------------------- ----- ---- ---- --    -- -- --
C      1   291.665   56(2)3(  6.5)-  2(2)2(  4.5)       excit   1    1   3   376 48  1
C      2   388.356   20(4)1(  5.5)-  1(4)0(  1.5)       excit   1    1   3    17 16  2
C      3   394.152   23(2)2(  4.5)-  2(2)2(  4.5)       excit   1    1   3   343 18  3
C      4   410.510   21(2)1(  2.5)-  2(2)2(  4.5)       excit   1    1   3   341 19  4
C      5   423.736   23(2)2(  4.5)-  3(2)1(  2.5)       excit   1    1   3   675 34  5
C      6   425.593   13(2)1(  2.5)-  1(4)0(  1.5)       excit   1    1   3    10 11  6
C      7   431.147   18(2)3(  6.5)-  2(2)2(  4.5)       excit   1    1   3   338  2  7
C      8   436.874   17(2)2(  4.5)-  2(2)2(  4.5)       excit   1    1   3   337 30  8
C      9   438.141   52(2)3(  6.5)-  4(4)1(  5.5)       excit   1    1   3  1025 39  9
C     10   440.110   12(4)1(  5.5)-  1(4)0(  1.5)       excit   1    1   3     9  1 10
C     11   442.702   21(2)1(  2.5)-  3(2)1(  2.5)       excit   1    1   3   673 22 11
C     12   444.960   16(2)2(  4.5)-  2(2)2(  4.5)       excit   1    1   3   336  3 12
C     13   447.009   15(2)2(  4.5)-  2(2)2(  4.5)       excit   1    1   3   335 20 13
C     14   447.970   14(2)1(  2.5)-  2(2)2(  4.5)       excit   1    1   3   334 12 14
C     15   460.945   19(2)0(  0.5)-  3(2)1(  2.5)       excit   1    1   3   671 13 15
C     16   463.544   13(2)1(  2.5)-  2(2)2(  4.5)       excit   1    1   3   333  8 16
C     17   473.517   17(2)2(  4.5)-  3(2)1(  2.5)       excit   1    1   3   669  4 17
C     18   480.817   12(4)1(  5.5)-  2(2)2(  4.5)       excit   1    1   3   332 15 18
C     19   481.024   57(2)2(  4.5)-  5(2)2(  4.5)       excit   1    1   3  1356 46 19
C     20   485.447   15(2)2(  4.5)-  3(2)1(  2.5)       excit   1    1   3   667  5 20
C     21   486.581   14(2)1(  2.5)-  3(2)1(  2.5)       excit   1    1   3   666  6 21
C     22   486.594   54(2)3(  6.5)-  5(2)2(  4.5)       excit   1    1   3  1353 29 22
C     23   496.475   52(2)3(  6.5)-  5(2)2(  4.5)       excit   1    1   3  1351 32 23
C     24   505.010   13(2)1(  2.5)-  3(2)1(  2.5)       excit   1    1   3   665  9 24
C     25   508.554    9(4)2(  9.5)-  1(4)0(  1.5)       excit   1    1   3     7 23 25
C     26   511.250   11(2)4(  8.5)-  2(2)2(  4.5)       excit   1    1   3   331 36 26
C     27   537.895   43(2)2(  4.5)-  5(2)2(  4.5)       excit   1    1   3  1342 43 27
C     28   558.568   10(2)3(  6.5)-  2(2)2(  4.5)       excit   1    1   3   330 14 28
C     29   563.700    9(4)2(  9.5)-  2(2)2(  4.5)       excit   1    1   3   329 40 29
C     30   581.939    8(4)3( 13.5)-  2(2)2(  4.5)       excit   1    1   3   328 27 30
C     31   583.679   29(4)2(  9.5)-  4(4)1(  5.5)       excit   1    1   3  1002 21 31
C     32   589.797   62(4)2(  9.5)-  9(4)2(  9.5)       excit   1    1   3  2274 44 32
C     33   699.419    7(2)0(  0.5)-  3(2)1(  2.5)       excit   1    1   3   660 25 33
C     34   719.580   62(4)2(  9.5)- 12(4)1(  5.5)       excit   1    1   3  3175 17 34
C     35   728.597   41(2)4(  8.5)- 10(2)3(  6.5)       excit   1    1   3  2578 26 35
C     36   736.761    5(2)2(  4.5)-  2(2)2(  4.5)       excit   1    1   3   326 10 36
C     37   780.342    4(4)1(  5.5)-  1(4)0(  1.5)       excit   1    1   3     3  7 37
C     38   847.344    5(2)2(  4.5)-  3(2)1(  2.5)       excit   1    1   3   659 24 38
C     39   976.086   26(4)2(  9.5)-  8(4)3( 13.5)       excit   1    1   3  1910 33 39
C     40   997.108   28(2)2(  4.5)- 10(2)3(  6.5)       excit   1    1   3  2566 31 40
C     41   1003.01   27(4)1(  5.5)-  9(4)2(  9.5)       excit   1    1   3  2239 41 41
C     42   1054.74   32(2)3(  6.5)- 11(2)4(  8.5)       excit   1    1   3  2881 45 42
C     43   1374.19   30(4)0(  1.5)- 12(4)1(  5.5)       excit   1    1   3  3143 28 43
C     44   1457.94   34(2)2(  4.5)- 16(2)2(  4.5)       excit   1    1   3  4385 42 44
C     45   1628.93   34(2)2(  4.5)- 18(2)3(  6.5)       excit   1    1   3  5013 37 45
C     46   1914.61   50(2)3(  6.5)- 28(2)2(  4.5)       excit   1    1   3  7947 47 46
C     47   1924.93   48(4)1(  5.5)- 27(4)1(  5.5)       excit   1    1   3  7636 50 47
C     48   2018.98   56(2)3(  6.5)- 34(2)2(  4.5)       excit   1    1   3  9751 49 48
C     49   2353.49   30(4)0(  1.5)- 20(4)1(  5.5)       excit   1    1   3  5566 38 49
C     50   2523.98   34(2)2(  4.5)- 23(2)2(  4.5)       excit   1    1   3  6489 35 50
c-------------------------------------------------------------------------------
                                                                                
C  code     : adas810
C  producer : Adam Foster
C  date     : 13/05/09
                                                                                
c-------------------------------------------------------------------------------
