   50    /AR:15 photon emissivity coefficients/
--------------------------------------------------------------------------------
    1    1    1    1    1    1    1    1    1    1    1    1    1    1
    1    1    1    1    1
--------------------------------------------------------------------------------
//#01/p00/ 00/p01/ 01/p02/ 02/p03/ 03/p04/ 04/p05/ 05/p06/ 06/p07/ 07/p08/ 08/  
      p09/ 09/p10/ 10/p11/ 11/p12/ 12/p13/ 13/p14/ 14/p15/ 15/p16/ 16/p17/ 17/  
      p18/ 18/                                                                  
--------------------------------------------------------------------------------
  3.15635    7  14 /pl=01:ss=15:pb= 1:sz=15/type=excit/ispb = t/isel =    1
 1.00E+10 1.00E+11 1.00E+12 1.00E+13 1.00E+14 1.00E+15 1.00E+16
 4.41E+00 6.62E+00 1.10E+01 2.21E+01 4.41E+01 1.10E+02 2.21E+02 3.31E+02
 4.41E+02 6.62E+02 1.10E+03 2.21E+03 4.41E+03 6.62E+03
 1.00E-74 1.00E-74 1.00E-74 1.00E-74 1.00E-74 5.06E-28 1.95E-20 6.03E-18
 1.02E-16 1.63E-15 1.38E-14 6.02E-14 1.12E-13 1.31E-13
 1.00E-74 1.00E-74 1.00E-74 1.00E-74 1.00E-74 5.06E-28 1.95E-20 6.03E-18
 1.02E-16 1.63E-15 1.38E-14 6.02E-14 1.12E-13 1.31E-13
 1.00E-74 1.00E-74 1.00E-74 1.00E-74 1.00E-74 5.06E-28 1.95E-20 6.03E-18
 1.02E-16 1.63E-15 1.38E-14 6.02E-14 1.12E-13 1.31E-13
 1.00E-74 1.00E-74 1.00E-74 1.00E-74 1.00E-74 5.06E-28 1.95E-20 6.03E-18
 1.02E-16 1.63E-15 1.38E-14 6.02E-14 1.12E-13 1.31E-13
 1.00E-74 1.00E-74 1.00E-74 1.00E-74 1.00E-74 5.06E-28 1.95E-20 6.03E-18
 1.02E-16 1.63E-15 1.38E-14 6.02E-14 1.12E-13 1.31E-13
 1.00E-74 1.00E-74 1.00E-74 1.00E-74 1.00E-74 5.05E-28 1.95E-20 6.02E-18
 1.02E-16 1.63E-15 1.37E-14 6.01E-14 1.12E-13 1.31E-13
 1.00E-74 1.00E-74 1.00E-74 1.00E-74 1.00E-74 4.97E-28 1.92E-20 5.94E-18
 1.00E-16 1.61E-15 1.36E-14 5.96E-14 1.11E-13 1.30E-13
  3.19161    7  14 /pl=01:ss=15:pb= 1:sz=15/type=excit/ispb = t/isel =    2
 1.00E+10 1.00E+11 1.00E+12 1.00E+13 1.00E+14 1.00E+15 1.00E+16
 4.41E+00 6.62E+00 1.10E+01 2.21E+01 4.41E+01 1.10E+02 2.21E+02 3.31E+02
 4.41E+02 6.62E+02 1.10E+03 2.21E+03 4.41E+03 6.62E+03
 1.00E-74 1.00E-74 1.00E-74 1.00E-74 1.00E-74 1.33E-27 4.22E-20 1.23E-17
 2.01E-16 3.10E-15 2.56E-14 1.10E-13 2.02E-13 2.36E-13
 1.00E-74 1.00E-74 1.00E-74 1.00E-74 1.00E-74 1.33E-27 4.22E-20 1.23E-17
 2.01E-16 3.10E-15 2.56E-14 1.10E-13 2.02E-13 2.36E-13
 1.00E-74 1.00E-74 1.00E-74 1.00E-74 1.00E-74 1.33E-27 4.22E-20 1.23E-17
 2.01E-16 3.10E-15 2.56E-14 1.10E-13 2.02E-13 2.36E-13
 1.00E-74 1.00E-74 1.00E-74 1.00E-74 1.00E-74 1.33E-27 4.22E-20 1.23E-17
 2.01E-16 3.10E-15 2.56E-14 1.10E-13 2.02E-13 2.36E-13
 1.00E-74 1.00E-74 1.00E-74 1.00E-74 1.00E-74 1.33E-27 4.22E-20 1.22E-17
 2.01E-16 3.10E-15 2.56E-14 1.10E-13 2.02E-13 2.36E-13
 1.00E-74 1.00E-74 1.00E-74 1.00E-74 1.00E-74 1.33E-27 4.21E-20 1.22E-17
 2.00E-16 3.10E-15 2.55E-14 1.09E-13 2.02E-13 2.36E-13
 1.00E-74 1.00E-74 1.00E-74 1.00E-74 1.00E-74 1.31E-27 4.14E-20 1.20E-17
 1.97E-16 3.05E-15 2.52E-14 1.08E-13 2.00E-13 2.34E-13
  3.24505    7  14 /pl=01:ss=15:pb= 1:sz=15/type=excit/ispb = t/isel =    3
 1.00E+10 1.00E+11 1.00E+12 1.00E+13 1.00E+14 1.00E+15 1.00E+16
 4.41E+00 6.62E+00 1.10E+01 2.21E+01 4.41E+01 1.10E+02 2.21E+02 3.31E+02
 4.41E+02 6.62E+02 1.10E+03 2.21E+03 4.41E+03 6.62E+03
 1.00E-74 1.00E-74 1.00E-74 1.00E-74 1.00E-74 1.54E-27 3.65E-20 9.62E-18
 1.50E-16 2.21E-15 1.75E-14 7.31E-14 1.33E-13 1.56E-13
 1.00E-74 1.00E-74 1.00E-74 1.00E-74 1.00E-74 1.54E-27 3.65E-20 9.62E-18
 1.50E-16 2.21E-15 1.75E-14 7.31E-14 1.33E-13 1.56E-13
 1.00E-74 1.00E-74 1.00E-74 1.00E-74 1.00E-74 1.54E-27 3.65E-20 9.62E-18
 1.50E-16 2.21E-15 1.75E-14 7.31E-14 1.33E-13 1.56E-13
 1.00E-74 1.00E-74 1.00E-74 1.00E-74 1.00E-74 1.54E-27 3.65E-20 9.62E-18
 1.50E-16 2.21E-15 1.75E-14 7.31E-14 1.33E-13 1.56E-13
 1.00E-74 1.00E-74 1.00E-74 1.00E-74 1.00E-74 1.54E-27 3.65E-20 9.62E-18
 1.50E-16 2.21E-15 1.75E-14 7.31E-14 1.33E-13 1.56E-13
 1.00E-74 1.00E-74 1.00E-74 1.00E-74 1.00E-74 1.54E-27 3.64E-20 9.60E-18
 1.50E-16 2.21E-15 1.75E-14 7.30E-14 1.33E-13 1.55E-13
 1.00E-74 1.00E-74 1.00E-74 1.00E-74 1.00E-74 1.51E-27 3.58E-20 9.44E-18
 1.47E-16 2.18E-15 1.73E-14 7.23E-14 1.32E-13 1.54E-13
  3.25901    7  14 /pl=01:ss=15:pb= 1:sz=15/type=excit/ispb = t/isel =    4
 1.00E+10 1.00E+11 1.00E+12 1.00E+13 1.00E+14 1.00E+15 1.00E+16
 4.41E+00 6.62E+00 1.10E+01 2.21E+01 4.41E+01 1.10E+02 2.21E+02 3.31E+02
 4.41E+02 6.62E+02 1.10E+03 2.21E+03 4.41E+03 6.62E+03
 1.00E-74 1.00E-74 1.00E-74 1.00E-74 1.00E-74 5.68E-27 1.26E-19 3.23E-17
 4.99E-16 7.27E-15 5.72E-14 2.37E-13 4.30E-13 4.99E-13
 1.00E-74 1.00E-74 1.00E-74 1.00E-74 1.00E-74 5.68E-27 1.26E-19 3.23E-17
 4.99E-16 7.27E-15 5.72E-14 2.37E-13 4.30E-13 4.99E-13
 1.00E-74 1.00E-74 1.00E-74 1.00E-74 1.00E-74 5.68E-27 1.26E-19 3.23E-17
 4.99E-16 7.27E-15 5.72E-14 2.37E-13 4.30E-13 4.99E-13
 1.00E-74 1.00E-74 1.00E-74 1.00E-74 1.00E-74 5.68E-27 1.26E-19 3.23E-17
 4.99E-16 7.27E-15 5.72E-14 2.37E-13 4.30E-13 4.99E-13
 1.00E-74 1.00E-74 1.00E-74 1.00E-74 1.00E-74 5.68E-27 1.26E-19 3.23E-17
 4.99E-16 7.27E-15 5.72E-14 2.36E-13 4.30E-13 4.99E-13
 1.00E-74 1.00E-74 1.00E-74 1.00E-74 1.00E-74 5.66E-27 1.25E-19 3.22E-17
 4.98E-16 7.25E-15 5.71E-14 2.36E-13 4.29E-13 4.99E-13
 1.00E-74 1.00E-74 1.00E-74 1.00E-74 1.00E-74 5.55E-27 1.23E-19 3.16E-17
 4.90E-16 7.15E-15 5.64E-14 2.34E-13 4.26E-13 4.96E-13
  3.40262    7  14 /pl=01:ss=15:pb= 1:sz=15/type=excit/ispb = t/isel =    5
 1.00E+10 1.00E+11 1.00E+12 1.00E+13 1.00E+14 1.00E+15 1.00E+16
 4.41E+00 6.62E+00 1.10E+01 2.21E+01 4.41E+01 1.10E+02 2.21E+02 3.31E+02
 4.41E+02 6.62E+02 1.10E+03 2.21E+03 4.41E+03 6.62E+03
 1.00E-74 1.00E-74 1.00E-74 1.00E-74 1.00E-74 2.58E-26 2.75E-19 5.57E-17
 7.58E-16 9.83E-15 7.02E-14 2.71E-13 4.76E-13 5.51E-13
 1.00E-74 1.00E-74 1.00E-74 1.00E-74 1.00E-74 2.58E-26 2.75E-19 5.57E-17
 7.58E-16 9.83E-15 7.02E-14 2.71E-13 4.76E-13 5.51E-13
 1.00E-74 1.00E-74 1.00E-74 1.00E-74 1.00E-74 2.58E-26 2.75E-19 5.57E-17
 7.58E-16 9.83E-15 7.02E-14 2.71E-13 4.76E-13 5.51E-13
 1.00E-74 1.00E-74 1.00E-74 1.00E-74 1.00E-74 2.58E-26 2.75E-19 5.57E-17
 7.58E-16 9.83E-15 7.02E-14 2.71E-13 4.76E-13 5.51E-13
 1.00E-74 1.00E-74 1.00E-74 1.00E-74 1.00E-74 2.58E-26 2.75E-19 5.57E-17
 7.58E-16 9.83E-15 7.02E-14 2.71E-13 4.76E-13 5.51E-13
 1.00E-74 1.00E-74 1.00E-74 1.00E-74 1.13E-47 2.58E-26 2.75E-19 5.56E-17
 7.56E-16 9.82E-15 7.01E-14 2.71E-13 4.76E-13 5.50E-13
 1.00E-74 1.00E-74 1.00E-74 1.00E-74 1.23E-47 2.52E-26 2.69E-19 5.46E-17
 7.44E-16 9.67E-15 6.92E-14 2.68E-13 4.72E-13 5.47E-13
  3.41645    7  14 /pl=01:ss=15:pb= 1:sz=15/type=excit/ispb = t/isel =    6
 1.00E+10 1.00E+11 1.00E+12 1.00E+13 1.00E+14 1.00E+15 1.00E+16
 4.41E+00 6.62E+00 1.10E+01 2.21E+01 4.41E+01 1.10E+02 2.21E+02 3.31E+02
 4.41E+02 6.62E+02 1.10E+03 2.21E+03 4.41E+03 6.62E+03
 1.00E-74 1.00E-74 1.00E-74 1.00E-74 1.00E-74 7.42E-26 7.41E-19 1.47E-16
 1.99E-15 2.55E-14 1.81E-13 6.96E-13 1.22E-12 1.41E-12
 1.00E-74 1.00E-74 1.00E-74 1.00E-74 1.00E-74 7.42E-26 7.41E-19 1.47E-16
 1.99E-15 2.55E-14 1.81E-13 6.96E-13 1.22E-12 1.41E-12
 1.00E-74 1.00E-74 1.00E-74 1.00E-74 1.00E-74 7.42E-26 7.41E-19 1.47E-16
 1.99E-15 2.55E-14 1.81E-13 6.96E-13 1.22E-12 1.41E-12
 1.00E-74 1.00E-74 1.00E-74 1.00E-74 1.00E-74 7.42E-26 7.41E-19 1.47E-16
 1.99E-15 2.55E-14 1.81E-13 6.96E-13 1.22E-12 1.41E-12
 1.00E-74 1.00E-74 1.00E-74 1.00E-74 1.00E-74 7.42E-26 7.41E-19 1.47E-16
 1.99E-15 2.55E-14 1.81E-13 6.95E-13 1.22E-12 1.41E-12
 1.00E-74 1.00E-74 1.00E-74 1.00E-74 2.87E-47 7.40E-26 7.40E-19 1.47E-16
 1.98E-15 2.55E-14 1.81E-13 6.95E-13 1.22E-12 1.41E-12
 1.00E-74 1.00E-74 1.00E-74 1.00E-74 4.22E-47 7.26E-26 7.26E-19 1.44E-16
 1.95E-15 2.51E-14 1.78E-13 6.88E-13 1.21E-12 1.40E-12
  3.97233    7  14 /pl=01:ss=15:pb= 1:sz=15/type=excit/ispb = t/isel =    7
 1.00E+10 1.00E+11 1.00E+12 1.00E+13 1.00E+14 1.00E+15 1.00E+16
 4.41E+00 6.62E+00 1.10E+01 2.21E+01 4.41E+01 1.10E+02 2.21E+02 3.31E+02
 4.41E+02 6.62E+02 1.10E+03 2.21E+03 4.41E+03 6.62E+03
 1.00E-74 1.00E-74 1.00E-74 1.00E-74 9.28E-42 1.78E-23 1.77E-17 1.63E-15
 1.51E-14 1.33E-13 7.00E-13 2.18E-12 3.50E-12 3.94E-12
 1.00E-74 1.00E-74 1.00E-74 1.00E-74 1.02E-41 1.78E-23 1.77E-17 1.63E-15
 1.51E-14 1.33E-13 7.00E-13 2.18E-12 3.50E-12 3.94E-12
 1.00E-74 1.00E-74 1.00E-74 1.00E-74 1.03E-41 1.78E-23 1.77E-17 1.63E-15
 1.51E-14 1.33E-13 7.00E-13 2.18E-12 3.50E-12 3.94E-12
 1.00E-74 1.00E-74 1.00E-74 1.00E-74 1.03E-41 1.78E-23 1.77E-17 1.63E-15
 1.51E-14 1.33E-13 7.00E-13 2.18E-12 3.50E-12 3.94E-12
 1.00E-74 1.00E-74 1.00E-74 1.00E-74 1.03E-41 1.78E-23 1.77E-17 1.63E-15
 1.51E-14 1.33E-13 7.00E-13 2.18E-12 3.50E-12 3.94E-12
 1.00E-74 1.00E-74 1.00E-74 1.00E-74 1.03E-41 1.78E-23 1.77E-17 1.63E-15
 1.51E-14 1.33E-13 7.00E-13 2.18E-12 3.50E-12 3.94E-12
 1.00E-74 1.00E-74 1.00E-74 1.00E-74 1.03E-41 1.76E-23 1.75E-17 1.61E-15
 1.49E-14 1.31E-13 6.94E-13 2.16E-12 3.48E-12 3.92E-12
  3.97612    7  14 /pl=01:ss=15:pb= 1:sz=15/type=excit/ispb = t/isel =    8
 1.00E+10 1.00E+11 1.00E+12 1.00E+13 1.00E+14 1.00E+15 1.00E+16
 4.41E+00 6.62E+00 1.10E+01 2.21E+01 4.41E+01 1.10E+02 2.21E+02 3.31E+02
 4.41E+02 6.62E+02 1.10E+03 2.21E+03 4.41E+03 6.62E+03
 1.00E-74 1.00E-74 1.00E-74 1.00E-74 2.12E-41 4.16E-23 4.09E-17 3.74E-15
 3.44E-14 3.01E-13 1.58E-12 4.89E-12 7.81E-12 8.82E-12
 1.00E-74 1.00E-74 1.00E-74 1.00E-74 2.54E-41 4.16E-23 4.09E-17 3.74E-15
 3.44E-14 3.01E-13 1.58E-12 4.89E-12 7.81E-12 8.82E-12
 1.00E-74 1.00E-74 1.00E-74 1.00E-74 2.51E-41 4.16E-23 4.09E-17 3.74E-15
 3.44E-14 3.01E-13 1.58E-12 4.89E-12 7.81E-12 8.82E-12
 1.00E-74 1.00E-74 1.00E-74 1.00E-74 2.51E-41 4.16E-23 4.09E-17 3.74E-15
 3.44E-14 3.01E-13 1.58E-12 4.89E-12 7.81E-12 8.82E-12
 1.00E-74 1.00E-74 1.00E-74 1.00E-74 2.51E-41 4.16E-23 4.09E-17 3.74E-15
 3.44E-14 3.01E-13 1.58E-12 4.89E-12 7.81E-12 8.82E-12
 1.00E-74 1.00E-74 1.00E-74 1.00E-74 2.51E-41 4.15E-23 4.08E-17 3.74E-15
 3.44E-14 3.01E-13 1.58E-12 4.88E-12 7.80E-12 8.82E-12
 1.00E-74 1.00E-74 1.00E-74 1.00E-74 2.47E-41 4.08E-23 4.01E-17 3.68E-15
 3.39E-14 2.97E-13 1.56E-12 4.84E-12 7.75E-12 8.76E-12
  4.05876    7  14 /pl=01:ss=15:pb= 1:sz=15/type=excit/ispb = t/isel =    9
 1.00E+10 1.00E+11 1.00E+12 1.00E+13 1.00E+14 1.00E+15 1.00E+16
 4.41E+00 6.62E+00 1.10E+01 2.21E+01 4.41E+01 1.10E+02 2.21E+02 3.31E+02
 4.41E+02 6.62E+02 1.10E+03 2.21E+03 4.41E+03 6.62E+03
 1.00E-74 1.00E-74 1.00E-74 1.00E-74 3.87E-42 4.30E-24 3.78E-18 3.42E-16
 3.17E-15 2.84E-14 1.53E-13 4.80E-13 7.43E-13 8.05E-13
 1.00E-74 1.00E-74 1.00E-74 1.00E-74 3.87E-42 4.30E-24 3.78E-18 3.42E-16
 3.17E-15 2.84E-14 1.53E-13 4.80E-13 7.43E-13 8.05E-13
 1.00E-74 1.00E-74 1.00E-74 1.00E-74 3.87E-42 4.30E-24 3.78E-18 3.42E-16
 3.17E-15 2.84E-14 1.53E-13 4.80E-13 7.43E-13 8.05E-13
 1.00E-74 1.00E-74 1.00E-74 1.00E-74 3.87E-42 4.30E-24 3.78E-18 3.42E-16
 3.17E-15 2.84E-14 1.53E-13 4.80E-13 7.43E-13 8.05E-13
 1.00E-74 1.00E-74 1.00E-74 1.00E-74 3.87E-42 4.29E-24 3.78E-18 3.42E-16
 3.17E-15 2.84E-14 1.53E-13 4.80E-13 7.43E-13 8.05E-13
 1.00E-74 1.00E-74 1.00E-74 1.00E-74 3.86E-42 4.28E-24 3.77E-18 3.41E-16
 3.16E-15 2.84E-14 1.53E-13 4.80E-13 7.42E-13 8.04E-13
 1.00E-74 1.00E-74 1.00E-74 1.00E-74 3.77E-42 4.16E-24 3.67E-18 3.33E-16
 3.09E-15 2.78E-14 1.50E-13 4.73E-13 7.34E-13 7.96E-13
  5.53269    7  14 /pl=01:ss=15:pb= 1:sz=15/type=excit/ispb = t/isel =   10
 1.00E+10 1.00E+11 1.00E+12 1.00E+13 1.00E+14 1.00E+15 1.00E+16
 4.41E+00 6.62E+00 1.10E+01 2.21E+01 4.41E+01 1.10E+02 2.21E+02 3.31E+02
 4.41E+02 6.62E+02 1.10E+03 2.21E+03 4.41E+03 6.62E+03
 1.00E-74 1.00E-74 1.00E-74 1.00E-74 5.63E-43 6.24E-25 5.49E-19 4.96E-17
 4.60E-16 4.13E-15 2.23E-14 6.98E-14 1.08E-13 1.17E-13
 1.00E-74 1.00E-74 1.00E-74 1.00E-74 5.63E-43 6.24E-25 5.49E-19 4.96E-17
 4.60E-16 4.13E-15 2.23E-14 6.98E-14 1.08E-13 1.17E-13
 1.00E-74 1.00E-74 1.00E-74 1.00E-74 5.63E-43 6.24E-25 5.49E-19 4.96E-17
 4.60E-16 4.13E-15 2.23E-14 6.98E-14 1.08E-13 1.17E-13
 1.00E-74 1.00E-74 1.00E-74 1.00E-74 5.63E-43 6.24E-25 5.49E-19 4.96E-17
 4.60E-16 4.13E-15 2.23E-14 6.98E-14 1.08E-13 1.17E-13
 1.00E-74 1.00E-74 1.00E-74 1.00E-74 5.62E-43 6.24E-25 5.49E-19 4.96E-17
 4.60E-16 4.13E-15 2.23E-14 6.98E-14 1.08E-13 1.17E-13
 1.00E-74 1.00E-74 1.00E-74 1.00E-74 5.61E-43 6.22E-25 5.47E-19 4.95E-17
 4.59E-16 4.12E-15 2.22E-14 6.97E-14 1.08E-13 1.17E-13
 1.00E-74 1.00E-74 1.00E-74 1.00E-74 5.47E-43 6.05E-25 5.33E-19 4.83E-17
 4.49E-16 4.04E-15 2.19E-14 6.87E-14 1.07E-13 1.16E-13
  14.6226    7  14 /pl=01:ss=15:pb= 1:sz=15/type=excit/ispb = t/isel =   11
 1.00E+10 1.00E+11 1.00E+12 1.00E+13 1.00E+14 1.00E+15 1.00E+16
 4.41E+00 6.62E+00 1.10E+01 2.21E+01 4.41E+01 1.10E+02 2.21E+02 3.31E+02
 4.41E+02 6.62E+02 1.10E+03 2.21E+03 4.41E+03 6.62E+03
 1.00E-74 1.00E-74 1.00E-74 1.18E-28 1.85E-20 1.21E-15 4.13E-14 1.24E-13
 2.11E-13 3.49E-13 5.14E-13 6.80E-13 7.60E-13 7.71E-13
 1.00E-74 1.00E-74 3.42E-45 1.18E-28 1.85E-20 1.21E-15 4.13E-14 1.24E-13
 2.11E-13 3.49E-13 5.14E-13 6.80E-13 7.60E-13 7.71E-13
 1.00E-74 1.00E-74 3.42E-45 1.18E-28 1.85E-20 1.21E-15 4.13E-14 1.24E-13
 2.11E-13 3.49E-13 5.14E-13 6.80E-13 7.60E-13 7.71E-13
 1.00E-74 1.00E-74 3.37E-45 1.18E-28 1.85E-20 1.21E-15 4.13E-14 1.24E-13
 2.11E-13 3.49E-13 5.14E-13 6.80E-13 7.60E-13 7.71E-13
 1.00E-74 1.00E-74 3.37E-45 1.18E-28 1.85E-20 1.21E-15 4.13E-14 1.24E-13
 2.11E-13 3.49E-13 5.14E-13 6.80E-13 7.60E-13 7.71E-13
 1.00E-74 1.00E-74 3.40E-45 1.18E-28 1.85E-20 1.21E-15 4.13E-14 1.24E-13
 2.11E-13 3.49E-13 5.14E-13 6.80E-13 7.59E-13 7.70E-13
 1.00E-74 1.00E-74 3.59E-45 1.23E-28 1.89E-20 1.22E-15 4.14E-14 1.24E-13
 2.11E-13 3.48E-13 5.10E-13 6.73E-13 7.51E-13 7.62E-13
  15.0829    7  14 /pl=01:ss=15:pb= 1:sz=15/type=excit/ispb = t/isel =   12
 1.00E+10 1.00E+11 1.00E+12 1.00E+13 1.00E+14 1.00E+15 1.00E+16
 4.41E+00 6.62E+00 1.10E+01 2.21E+01 4.41E+01 1.10E+02 2.21E+02 3.31E+02
 4.41E+02 6.62E+02 1.10E+03 2.21E+03 4.41E+03 6.62E+03
 1.00E-74 1.00E-74 5.41E-44 6.80E-28 6.04E-20 2.81E-15 8.53E-14 2.49E-13
 4.15E-13 6.71E-13 9.58E-13 1.22E-12 1.32E-12 1.33E-12
 1.00E-74 1.00E-74 6.22E-44 6.80E-28 6.04E-20 2.81E-15 8.53E-14 2.49E-13
 4.15E-13 6.71E-13 9.58E-13 1.22E-12 1.32E-12 1.33E-12
 1.00E-74 1.00E-74 6.22E-44 6.80E-28 6.04E-20 2.81E-15 8.53E-14 2.49E-13
 4.15E-13 6.71E-13 9.58E-13 1.22E-12 1.32E-12 1.33E-12
 1.00E-74 1.00E-74 6.22E-44 6.80E-28 6.04E-20 2.81E-15 8.53E-14 2.49E-13
 4.15E-13 6.71E-13 9.58E-13 1.22E-12 1.32E-12 1.33E-12
 1.00E-74 1.00E-74 6.22E-44 6.80E-28 6.04E-20 2.81E-15 8.53E-14 2.49E-13
 4.15E-13 6.71E-13 9.58E-13 1.22E-12 1.32E-12 1.33E-12
 1.00E-74 1.00E-74 6.26E-44 6.83E-28 6.05E-20 2.81E-15 8.53E-14 2.49E-13
 4.15E-13 6.71E-13 9.57E-13 1.21E-12 1.32E-12 1.33E-12
 1.00E-74 1.00E-74 6.62E-44 7.06E-28 6.14E-20 2.82E-15 8.52E-14 2.49E-13
 4.14E-13 6.68E-13 9.52E-13 1.21E-12 1.31E-12 1.32E-12
  15.2296    7  14 /pl=01:ss=15:pb= 1:sz=15/type=excit/ispb = t/isel =   13
 1.00E+10 1.00E+11 1.00E+12 1.00E+13 1.00E+14 1.00E+15 1.00E+16
 4.41E+00 6.62E+00 1.10E+01 2.21E+01 4.41E+01 1.10E+02 2.21E+02 3.31E+02
 4.41E+02 6.62E+02 1.10E+03 2.21E+03 4.41E+03 6.62E+03
 1.00E-74 1.00E-74 1.00E-74 1.44E-28 2.27E-20 1.47E-15 4.86E-14 1.43E-13
 2.37E-13 3.68E-13 4.85E-13 5.22E-13 4.72E-13 4.24E-13
 1.00E-74 1.00E-74 3.05E-45 1.44E-28 2.27E-20 1.47E-15 4.86E-14 1.43E-13
 2.37E-13 3.68E-13 4.85E-13 5.22E-13 4.72E-13 4.24E-13
 1.00E-74 1.00E-74 3.97E-45 1.44E-28 2.27E-20 1.47E-15 4.86E-14 1.43E-13
 2.37E-13 3.68E-13 4.85E-13 5.22E-13 4.72E-13 4.24E-13
 1.00E-74 1.00E-74 4.06E-45 1.44E-28 2.27E-20 1.47E-15 4.86E-14 1.43E-13
 2.37E-13 3.68E-13 4.85E-13 5.22E-13 4.72E-13 4.24E-13
 1.00E-74 1.00E-74 4.07E-45 1.44E-28 2.27E-20 1.47E-15 4.86E-14 1.43E-13
 2.37E-13 3.68E-13 4.85E-13 5.22E-13 4.72E-13 4.24E-13
 1.00E-74 1.00E-74 4.16E-45 1.46E-28 2.30E-20 1.48E-15 4.89E-14 1.44E-13
 2.38E-13 3.69E-13 4.87E-13 5.24E-13 4.73E-13 4.25E-13
 1.00E-74 1.00E-74 5.03E-45 1.68E-28 2.54E-20 1.58E-15 5.14E-14 1.50E-13
 2.48E-13 3.84E-13 5.04E-13 5.42E-13 4.88E-13 4.38E-13
  15.2489    7  14 /pl=01:ss=15:pb= 1:sz=15/type=excit/ispb = t/isel =   14
 1.00E+10 1.00E+11 1.00E+12 1.00E+13 1.00E+14 1.00E+15 1.00E+16
 4.41E+00 6.62E+00 1.10E+01 2.21E+01 4.41E+01 1.10E+02 2.21E+02 3.31E+02
 4.41E+02 6.62E+02 1.10E+03 2.21E+03 4.41E+03 6.62E+03
 1.00E-74 1.00E-74 1.00E-74 4.29E-29 6.62E-21 4.24E-16 1.41E-14 4.15E-14
 6.86E-14 1.07E-13 1.41E-13 1.52E-13 1.35E-13 1.19E-13
 1.00E-74 1.00E-74 1.13E-45 4.29E-29 6.62E-21 4.24E-16 1.41E-14 4.15E-14
 6.86E-14 1.07E-13 1.41E-13 1.52E-13 1.35E-13 1.19E-13
 1.00E-74 1.00E-74 1.25E-45 4.29E-29 6.62E-21 4.24E-16 1.41E-14 4.15E-14
 6.86E-14 1.07E-13 1.41E-13 1.52E-13 1.35E-13 1.19E-13
 1.00E-74 1.00E-74 1.27E-45 4.29E-29 6.62E-21 4.24E-16 1.41E-14 4.15E-14
 6.86E-14 1.07E-13 1.41E-13 1.52E-13 1.35E-13 1.19E-13
 1.00E-74 1.00E-74 1.27E-45 4.29E-29 6.62E-21 4.24E-16 1.40E-14 4.15E-14
 6.86E-14 1.07E-13 1.41E-13 1.52E-13 1.35E-13 1.19E-13
 1.00E-74 1.00E-74 1.25E-45 4.23E-29 6.53E-21 4.20E-16 1.39E-14 4.12E-14
 6.81E-14 1.07E-13 1.41E-13 1.51E-13 1.34E-13 1.19E-13
 1.00E-74 1.00E-74 1.09E-45 3.74E-29 5.85E-21 3.84E-16 1.29E-14 3.86E-14
 6.43E-14 1.02E-13 1.35E-13 1.47E-13 1.32E-13 1.18E-13
  15.7263    7  14 /pl=01:ss=15:pb= 1:sz=15/type=excit/ispb = t/isel =   15
 1.00E+10 1.00E+11 1.00E+12 1.00E+13 1.00E+14 1.00E+15 1.00E+16
 4.41E+00 6.62E+00 1.10E+01 2.21E+01 4.41E+01 1.10E+02 2.21E+02 3.31E+02
 4.41E+02 6.62E+02 1.10E+03 2.21E+03 4.41E+03 6.62E+03
 1.00E-74 1.00E-74 1.00E-43 8.50E-28 7.52E-20 3.43E-15 1.02E-13 2.87E-13
 4.64E-13 7.08E-13 9.09E-13 9.52E-13 8.32E-13 7.33E-13
 1.00E-74 1.00E-74 7.52E-44 8.50E-28 7.52E-20 3.43E-15 1.02E-13 2.87E-13
 4.64E-13 7.08E-13 9.09E-13 9.52E-13 8.32E-13 7.33E-13
 1.00E-74 1.00E-74 7.68E-44 8.50E-28 7.52E-20 3.43E-15 1.02E-13 2.87E-13
 4.64E-13 7.08E-13 9.09E-13 9.52E-13 8.32E-13 7.33E-13
 1.00E-74 1.00E-74 7.69E-44 8.51E-28 7.52E-20 3.43E-15 1.02E-13 2.87E-13
 4.64E-13 7.08E-13 9.09E-13 9.52E-13 8.32E-13 7.33E-13
 1.00E-74 1.00E-74 7.70E-44 8.52E-28 7.52E-20 3.43E-15 1.02E-13 2.88E-13
 4.64E-13 7.09E-13 9.09E-13 9.52E-13 8.32E-13 7.33E-13
 1.00E-74 1.00E-74 7.84E-44 8.62E-28 7.58E-20 3.45E-15 1.02E-13 2.89E-13
 4.65E-13 7.11E-13 9.12E-13 9.55E-13 8.34E-13 7.35E-13
 1.00E-74 1.00E-74 9.19E-44 9.64E-28 8.18E-20 3.62E-15 1.06E-13 2.98E-13
 4.80E-13 7.31E-13 9.36E-13 9.78E-13 8.53E-13 7.52E-13
  15.7585    7  14 /pl=01:ss=15:pb= 1:sz=15/type=excit/ispb = t/isel =   16
 1.00E+10 1.00E+11 1.00E+12 1.00E+13 1.00E+14 1.00E+15 1.00E+16
 4.41E+00 6.62E+00 1.10E+01 2.21E+01 4.41E+01 1.10E+02 2.21E+02 3.31E+02
 4.41E+02 6.62E+02 1.10E+03 2.21E+03 4.41E+03 6.62E+03
 1.00E-74 1.00E-74 2.74E-44 2.68E-28 2.30E-20 1.03E-15 3.05E-14 8.70E-14
 1.40E-13 2.17E-13 2.82E-13 3.02E-13 2.68E-13 2.40E-13
 1.00E-74 1.00E-74 2.56E-44 2.68E-28 2.30E-20 1.03E-15 3.05E-14 8.70E-14
 1.40E-13 2.17E-13 2.82E-13 3.02E-13 2.68E-13 2.40E-13
 1.00E-74 1.00E-74 2.58E-44 2.68E-28 2.30E-20 1.03E-15 3.05E-14 8.70E-14
 1.40E-13 2.17E-13 2.82E-13 3.02E-13 2.68E-13 2.40E-13
 1.00E-74 1.00E-74 2.58E-44 2.68E-28 2.30E-20 1.03E-15 3.05E-14 8.70E-14
 1.40E-13 2.17E-13 2.82E-13 3.02E-13 2.68E-13 2.40E-13
 1.00E-74 1.00E-74 2.58E-44 2.68E-28 2.30E-20 1.03E-15 3.05E-14 8.70E-14
 1.40E-13 2.17E-13 2.82E-13 3.02E-13 2.68E-13 2.40E-13
 1.00E-74 1.00E-74 2.56E-44 2.67E-28 2.28E-20 1.03E-15 3.04E-14 8.67E-14
 1.40E-13 2.17E-13 2.81E-13 3.01E-13 2.68E-13 2.40E-13
 1.00E-74 1.00E-74 2.45E-44 2.54E-28 2.18E-20 9.83E-16 2.93E-14 8.39E-14
 1.36E-13 2.11E-13 2.75E-13 2.96E-13 2.65E-13 2.38E-13
  15.9151    7  14 /pl=01:ss=15:pb= 1:sz=15/type=excit/ispb = t/isel =   17
 1.00E+10 1.00E+11 1.00E+12 1.00E+13 1.00E+14 1.00E+15 1.00E+16
 4.41E+00 6.62E+00 1.10E+01 2.21E+01 4.41E+01 1.10E+02 2.21E+02 3.31E+02
 4.41E+02 6.62E+02 1.10E+03 2.21E+03 4.41E+03 6.62E+03
 1.00E-74 1.00E-74 6.25E-42 9.78E-27 3.32E-19 8.80E-15 2.23E-13 6.13E-13
 9.93E-13 1.56E-12 2.18E-12 2.70E-12 2.91E-12 2.92E-12
 1.00E-74 1.00E-74 6.27E-42 9.78E-27 3.32E-19 8.80E-15 2.23E-13 6.13E-13
 9.93E-13 1.56E-12 2.18E-12 2.70E-12 2.91E-12 2.92E-12
 1.00E-74 1.00E-74 6.27E-42 9.78E-27 3.32E-19 8.80E-15 2.23E-13 6.13E-13
 9.93E-13 1.56E-12 2.18E-12 2.70E-12 2.91E-12 2.92E-12
 1.00E-74 1.00E-74 6.27E-42 9.78E-27 3.32E-19 8.80E-15 2.23E-13 6.13E-13
 9.93E-13 1.56E-12 2.18E-12 2.70E-12 2.91E-12 2.92E-12
 1.00E-74 1.00E-74 6.27E-42 9.79E-27 3.32E-19 8.80E-15 2.23E-13 6.13E-13
 9.93E-13 1.56E-12 2.18E-12 2.70E-12 2.91E-12 2.92E-12
 1.00E-74 1.00E-74 6.31E-42 9.82E-27 3.32E-19 8.80E-15 2.23E-13 6.13E-13
 9.92E-13 1.56E-12 2.18E-12 2.70E-12 2.91E-12 2.92E-12
 1.00E-74 1.00E-74 6.65E-42 1.01E-26 3.37E-19 8.81E-15 2.22E-13 6.11E-13
 9.89E-13 1.55E-12 2.16E-12 2.69E-12 2.90E-12 2.91E-12
  16.6255    7  14 /pl=01:ss=15:pb= 1:sz=15/type=excit/ispb = t/isel =   18
 1.00E+10 1.00E+11 1.00E+12 1.00E+13 1.00E+14 1.00E+15 1.00E+16
 4.41E+00 6.62E+00 1.10E+01 2.21E+01 4.41E+01 1.10E+02 2.21E+02 3.31E+02
 4.41E+02 6.62E+02 1.10E+03 2.21E+03 4.41E+03 6.62E+03
 1.00E-74 1.00E-74 8.14E-42 1.30E-26 4.38E-19 1.12E-14 2.74E-13 7.29E-13
 1.14E-12 1.69E-12 2.11E-12 2.17E-12 1.86E-12 1.63E-12
 1.00E-74 1.00E-74 8.12E-42 1.30E-26 4.38E-19 1.12E-14 2.74E-13 7.29E-13
 1.14E-12 1.69E-12 2.11E-12 2.17E-12 1.86E-12 1.63E-12
 1.00E-74 1.00E-74 8.11E-42 1.30E-26 4.38E-19 1.12E-14 2.74E-13 7.29E-13
 1.14E-12 1.69E-12 2.11E-12 2.17E-12 1.86E-12 1.63E-12
 1.00E-74 1.00E-74 8.11E-42 1.30E-26 4.38E-19 1.12E-14 2.74E-13 7.29E-13
 1.14E-12 1.69E-12 2.11E-12 2.17E-12 1.86E-12 1.63E-12
 1.00E-74 1.00E-74 8.13E-42 1.30E-26 4.38E-19 1.12E-14 2.74E-13 7.29E-13
 1.14E-12 1.69E-12 2.11E-12 2.17E-12 1.86E-12 1.63E-12
 1.00E-74 1.00E-74 8.26E-42 1.31E-26 4.41E-19 1.13E-14 2.75E-13 7.31E-13
 1.14E-12 1.69E-12 2.12E-12 2.17E-12 1.87E-12 1.64E-12
 1.00E-74 1.00E-74 9.52E-42 1.45E-26 4.71E-19 1.17E-14 2.83E-13 7.51E-13
 1.17E-12 1.73E-12 2.16E-12 2.22E-12 1.90E-12 1.67E-12
  16.6876    7  14 /pl=01:ss=15:pb= 1:sz=15/type=excit/ispb = t/isel =   19
 1.00E+10 1.00E+11 1.00E+12 1.00E+13 1.00E+14 1.00E+15 1.00E+16
 4.41E+00 6.62E+00 1.10E+01 2.21E+01 4.41E+01 1.10E+02 2.21E+02 3.31E+02
 4.41E+02 6.62E+02 1.10E+03 2.21E+03 4.41E+03 6.62E+03
 1.00E-74 1.00E-74 3.13E-42 4.43E-27 1.41E-19 3.56E-15 8.66E-14 2.32E-13
 3.66E-13 5.48E-13 7.00E-13 7.43E-13 6.66E-13 5.99E-13
 1.00E-74 1.00E-74 3.12E-42 4.43E-27 1.41E-19 3.56E-15 8.66E-14 2.32E-13
 3.66E-13 5.48E-13 7.00E-13 7.43E-13 6.66E-13 5.99E-13
 1.00E-74 1.00E-74 3.12E-42 4.43E-27 1.41E-19 3.56E-15 8.66E-14 2.32E-13
 3.66E-13 5.48E-13 7.00E-13 7.43E-13 6.66E-13 5.99E-13
 1.00E-74 1.00E-74 3.12E-42 4.43E-27 1.41E-19 3.56E-15 8.66E-14 2.32E-13
 3.66E-13 5.48E-13 7.00E-13 7.43E-13 6.66E-13 5.99E-13
 1.00E-74 1.00E-74 3.12E-42 4.43E-27 1.41E-19 3.56E-15 8.66E-14 2.32E-13
 3.66E-13 5.48E-13 7.00E-13 7.43E-13 6.66E-13 5.99E-13
 1.00E-74 1.00E-74 3.12E-42 4.42E-27 1.41E-19 3.55E-15 8.64E-14 2.32E-13
 3.65E-13 5.47E-13 6.99E-13 7.42E-13 6.66E-13 5.98E-13
 1.00E-74 1.00E-74 3.09E-42 4.34E-27 1.38E-19 3.46E-15 8.46E-14 2.27E-13
 3.59E-13 5.38E-13 6.90E-13 7.34E-13 6.60E-13 5.94E-13
  17.7181    7  14 /pl=01:ss=15:pb= 1:sz=15/type=excit/ispb = t/isel =   20
 1.00E+10 1.00E+11 1.00E+12 1.00E+13 1.00E+14 1.00E+15 1.00E+16
 4.41E+00 6.62E+00 1.10E+01 2.21E+01 4.41E+01 1.10E+02 2.21E+02 3.31E+02
 4.41E+02 6.62E+02 1.10E+03 2.21E+03 4.41E+03 6.62E+03
 1.00E-74 1.00E-74 2.24E-38 9.52E-25 5.33E-18 4.93E-14 8.96E-13 2.22E-12
 3.41E-12 5.14E-12 6.91E-12 8.37E-12 8.93E-12 8.95E-12
 1.00E-74 1.00E-74 2.24E-38 9.52E-25 5.33E-18 4.93E-14 8.96E-13 2.22E-12
 3.41E-12 5.14E-12 6.91E-12 8.37E-12 8.93E-12 8.95E-12
 1.00E-74 1.00E-74 2.24E-38 9.52E-25 5.33E-18 4.93E-14 8.96E-13 2.22E-12
 3.41E-12 5.14E-12 6.91E-12 8.37E-12 8.93E-12 8.95E-12
 1.00E-74 1.00E-74 2.24E-38 9.52E-25 5.33E-18 4.93E-14 8.96E-13 2.22E-12
 3.41E-12 5.14E-12 6.91E-12 8.37E-12 8.93E-12 8.95E-12
 1.00E-74 1.00E-74 2.24E-38 9.52E-25 5.33E-18 4.93E-14 8.96E-13 2.22E-12
 3.41E-12 5.14E-12 6.91E-12 8.37E-12 8.93E-12 8.95E-12
 1.00E-74 1.00E-74 2.25E-38 9.55E-25 5.34E-18 4.93E-14 8.95E-13 2.22E-12
 3.41E-12 5.14E-12 6.91E-12 8.37E-12 8.93E-12 8.94E-12
 1.00E-74 1.00E-74 2.38E-38 9.86E-25 5.41E-18 4.94E-14 8.94E-13 2.21E-12
 3.40E-12 5.12E-12 6.88E-12 8.33E-12 8.89E-12 8.91E-12
  18.5819    7  14 /pl=01:ss=15:pb= 1:sz=15/type=excit/ispb = t/isel =   21
 1.00E+10 1.00E+11 1.00E+12 1.00E+13 1.00E+14 1.00E+15 1.00E+16
 4.41E+00 6.62E+00 1.10E+01 2.21E+01 4.41E+01 1.10E+02 2.21E+02 3.31E+02
 4.41E+02 6.62E+02 1.10E+03 2.21E+03 4.41E+03 6.62E+03
 1.00E-74 1.00E-74 3.18E-38 1.45E-24 8.20E-18 7.28E-14 1.24E-12 2.95E-12
 4.34E-12 6.07E-12 7.30E-12 7.27E-12 6.14E-12 5.35E-12
 1.00E-74 1.00E-74 3.18E-38 1.45E-24 8.20E-18 7.28E-14 1.24E-12 2.95E-12
 4.34E-12 6.07E-12 7.30E-12 7.27E-12 6.14E-12 5.35E-12
 1.00E-74 1.00E-74 3.18E-38 1.45E-24 8.20E-18 7.28E-14 1.24E-12 2.95E-12
 4.34E-12 6.07E-12 7.30E-12 7.27E-12 6.14E-12 5.35E-12
 1.00E-74 1.00E-74 3.18E-38 1.45E-24 8.20E-18 7.28E-14 1.24E-12 2.95E-12
 4.34E-12 6.07E-12 7.30E-12 7.27E-12 6.14E-12 5.35E-12
 1.00E-74 1.00E-74 3.19E-38 1.45E-24 8.21E-18 7.28E-14 1.24E-12 2.95E-12
 4.34E-12 6.07E-12 7.30E-12 7.27E-12 6.14E-12 5.35E-12
 1.00E-74 1.00E-74 3.23E-38 1.46E-24 8.26E-18 7.30E-14 1.24E-12 2.95E-12
 4.35E-12 6.08E-12 7.32E-12 7.28E-12 6.16E-12 5.36E-12
 1.00E-74 1.00E-74 3.68E-38 1.60E-24 8.76E-18 7.56E-14 1.28E-12 3.02E-12
 4.45E-12 6.21E-12 7.45E-12 7.42E-12 6.27E-12 5.45E-12
  18.7355    7  14 /pl=01:ss=15:pb= 1:sz=15/type=excit/ispb = t/isel =   22
 1.00E+10 1.00E+11 1.00E+12 1.00E+13 1.00E+14 1.00E+15 1.00E+16
 4.41E+00 6.62E+00 1.10E+01 2.21E+01 4.41E+01 1.10E+02 2.21E+02 3.31E+02
 4.41E+02 6.62E+02 1.10E+03 2.21E+03 4.41E+03 6.62E+03
 1.00E-74 1.00E-74 1.61E-38 5.72E-25 2.89E-18 2.44E-14 4.19E-13 1.00E-12
 1.49E-12 2.12E-12 2.60E-12 2.69E-12 2.40E-12 2.16E-12
 1.00E-74 1.00E-74 1.61E-38 5.72E-25 2.89E-18 2.44E-14 4.19E-13 1.00E-12
 1.49E-12 2.12E-12 2.60E-12 2.69E-12 2.40E-12 2.16E-12
 1.00E-74 1.00E-74 1.61E-38 5.72E-25 2.89E-18 2.44E-14 4.19E-13 1.00E-12
 1.49E-12 2.12E-12 2.60E-12 2.69E-12 2.40E-12 2.16E-12
 1.00E-74 1.00E-74 1.61E-38 5.72E-25 2.89E-18 2.44E-14 4.19E-13 1.00E-12
 1.49E-12 2.12E-12 2.60E-12 2.69E-12 2.40E-12 2.16E-12
 1.00E-74 1.00E-74 1.61E-38 5.72E-25 2.89E-18 2.44E-14 4.19E-13 1.00E-12
 1.49E-12 2.12E-12 2.60E-12 2.69E-12 2.40E-12 2.16E-12
 1.00E-74 1.00E-74 1.61E-38 5.72E-25 2.89E-18 2.44E-14 4.19E-13 1.00E-12
 1.49E-12 2.11E-12 2.60E-12 2.69E-12 2.40E-12 2.16E-12
 1.00E-74 1.00E-74 1.62E-38 5.68E-25 2.85E-18 2.40E-14 4.12E-13 9.84E-13
 1.47E-12 2.09E-12 2.57E-12 2.67E-12 2.39E-12 2.15E-12
  22.9516    7  14 /pl=01:ss=15:pb= 1:sz=15/type=excit/ispb = t/isel =   23
 1.00E+10 1.00E+11 1.00E+12 1.00E+13 1.00E+14 1.00E+15 1.00E+16
 4.41E+00 6.62E+00 1.10E+01 2.21E+01 4.41E+01 1.10E+02 2.21E+02 3.31E+02
 4.41E+02 6.62E+02 1.10E+03 2.21E+03 4.41E+03 6.62E+03
 1.00E-74 1.00E-74 1.00E-74 1.00E-74 1.00E-74 8.94E-27 8.93E-20 1.77E-17
 2.40E-16 3.08E-15 2.18E-14 8.38E-14 1.47E-13 1.70E-13
 1.00E-74 1.00E-74 1.00E-74 1.00E-74 1.00E-74 8.94E-27 8.93E-20 1.77E-17
 2.40E-16 3.08E-15 2.18E-14 8.38E-14 1.47E-13 1.70E-13
 1.00E-74 1.00E-74 1.00E-74 1.00E-74 1.00E-74 8.94E-27 8.93E-20 1.77E-17
 2.40E-16 3.08E-15 2.18E-14 8.38E-14 1.47E-13 1.70E-13
 1.00E-74 1.00E-74 1.00E-74 1.00E-74 1.00E-74 8.94E-27 8.93E-20 1.77E-17
 2.40E-16 3.08E-15 2.18E-14 8.38E-14 1.47E-13 1.70E-13
 1.00E-74 1.00E-74 1.00E-74 1.00E-74 1.00E-74 8.94E-27 8.93E-20 1.77E-17
 2.40E-16 3.08E-15 2.18E-14 8.38E-14 1.47E-13 1.70E-13
 1.00E-74 1.00E-74 1.00E-74 1.00E-74 3.45E-48 8.92E-27 8.91E-20 1.77E-17
 2.39E-16 3.07E-15 2.17E-14 8.37E-14 1.47E-13 1.70E-13
 1.00E-74 1.00E-74 1.00E-74 1.00E-74 5.09E-48 8.74E-27 8.75E-20 1.74E-17
 2.35E-16 3.03E-15 2.15E-14 8.28E-14 1.46E-13 1.69E-13
  23.4850    7  14 /pl=01:ss=15:pb= 1:sz=15/type=excit/ispb = t/isel =   24
 1.00E+10 1.00E+11 1.00E+12 1.00E+13 1.00E+14 1.00E+15 1.00E+16
 4.41E+00 6.62E+00 1.10E+01 2.21E+01 4.41E+01 1.10E+02 2.21E+02 3.31E+02
 4.41E+02 6.62E+02 1.10E+03 2.21E+03 4.41E+03 6.62E+03
 1.00E-74 1.00E-74 6.53E-31 1.15E-20 1.29E-15 1.15E-12 9.99E-12 1.98E-11
 2.75E-11 3.77E-11 4.79E-11 5.67E-11 6.01E-11 6.03E-11
 1.00E-74 2.02E-44 6.53E-31 1.15E-20 1.29E-15 1.15E-12 9.99E-12 1.98E-11
 2.75E-11 3.77E-11 4.79E-11 5.67E-11 6.01E-11 6.03E-11
 1.00E-74 1.21E-44 6.53E-31 1.15E-20 1.29E-15 1.15E-12 9.99E-12 1.98E-11
 2.75E-11 3.77E-11 4.79E-11 5.67E-11 6.01E-11 6.03E-11
 1.00E-74 1.17E-44 6.53E-31 1.15E-20 1.29E-15 1.15E-12 9.99E-12 1.98E-11
 2.75E-11 3.77E-11 4.79E-11 5.67E-11 6.01E-11 6.03E-11
 1.00E-74 1.17E-44 6.54E-31 1.15E-20 1.29E-15 1.15E-12 9.99E-12 1.98E-11
 2.75E-11 3.77E-11 4.79E-11 5.67E-11 6.01E-11 6.03E-11
 1.00E-74 1.18E-44 6.58E-31 1.15E-20 1.30E-15 1.15E-12 9.99E-12 1.98E-11
 2.75E-11 3.76E-11 4.79E-11 5.66E-11 6.01E-11 6.03E-11
 1.00E-74 1.29E-44 7.04E-31 1.20E-20 1.32E-15 1.16E-12 1.00E-11 1.98E-11
 2.75E-11 3.76E-11 4.78E-11 5.64E-11 5.98E-11 6.01E-11
  24.5881    7  14 /pl=01:ss=15:pb= 1:sz=15/type=excit/ispb = t/isel =   25
 1.00E+10 1.00E+11 1.00E+12 1.00E+13 1.00E+14 1.00E+15 1.00E+16
 4.41E+00 6.62E+00 1.10E+01 2.21E+01 4.41E+01 1.10E+02 2.21E+02 3.31E+02
 4.41E+02 6.62E+02 1.10E+03 2.21E+03 4.41E+03 6.62E+03
 1.00E-74 1.00E-74 1.00E-74 1.00E-74 1.00E-74 8.93E-27 8.75E-20 1.73E-17
 2.33E-16 2.97E-15 2.08E-14 7.77E-14 1.28E-13 1.40E-13
 1.00E-74 1.00E-74 1.00E-74 1.00E-74 1.00E-74 8.93E-27 8.75E-20 1.73E-17
 2.33E-16 2.97E-15 2.08E-14 7.77E-14 1.28E-13 1.40E-13
 1.00E-74 1.00E-74 1.00E-74 1.00E-74 1.00E-74 8.93E-27 8.75E-20 1.73E-17
 2.33E-16 2.97E-15 2.08E-14 7.77E-14 1.28E-13 1.40E-13
 1.00E-74 1.00E-74 1.00E-74 1.00E-74 1.00E-74 8.93E-27 8.75E-20 1.73E-17
 2.33E-16 2.97E-15 2.08E-14 7.77E-14 1.28E-13 1.40E-13
 1.00E-74 1.00E-74 1.00E-74 1.00E-74 5.13E-48 8.93E-27 8.75E-20 1.73E-17
 2.33E-16 2.97E-15 2.08E-14 7.77E-14 1.28E-13 1.40E-13
 1.00E-74 1.00E-74 1.00E-74 1.00E-74 5.63E-48 8.91E-27 8.73E-20 1.72E-17
 2.32E-16 2.97E-15 2.08E-14 7.76E-14 1.28E-13 1.40E-13
 1.00E-74 1.00E-74 1.00E-74 1.00E-74 5.53E-48 8.73E-27 8.57E-20 1.69E-17
 2.29E-16 2.92E-15 2.06E-14 7.68E-14 1.27E-13 1.39E-13
  24.9186    7  14 /pl=01:ss=15:pb= 1:sz=15/type=excit/ispb = t/isel =   26
 1.00E+10 1.00E+11 1.00E+12 1.00E+13 1.00E+14 1.00E+15 1.00E+16
 4.41E+00 6.62E+00 1.10E+01 2.21E+01 4.41E+01 1.10E+02 2.21E+02 3.31E+02
 4.41E+02 6.62E+02 1.10E+03 2.21E+03 4.41E+03 6.62E+03
 1.00E-74 1.00E-74 1.21E-30 2.51E-20 3.05E-15 2.68E-12 2.14E-11 3.95E-11
 5.16E-11 6.41E-11 7.05E-11 6.62E-11 5.51E-11 4.78E-11
 1.00E-74 1.00E-74 1.21E-30 2.51E-20 3.05E-15 2.68E-12 2.14E-11 3.95E-11
 5.16E-11 6.41E-11 7.05E-11 6.62E-11 5.51E-11 4.78E-11
 1.00E-74 1.84E-44 1.21E-30 2.52E-20 3.05E-15 2.68E-12 2.14E-11 3.95E-11
 5.16E-11 6.41E-11 7.05E-11 6.62E-11 5.51E-11 4.78E-11
 1.00E-74 1.71E-44 1.21E-30 2.52E-20 3.05E-15 2.68E-12 2.14E-11 3.95E-11
 5.16E-11 6.41E-11 7.05E-11 6.62E-11 5.51E-11 4.78E-11
 1.00E-74 1.73E-44 1.21E-30 2.52E-20 3.05E-15 2.68E-12 2.14E-11 3.95E-11
 5.16E-11 6.42E-11 7.05E-11 6.62E-11 5.51E-11 4.78E-11
 1.00E-74 1.76E-44 1.23E-30 2.54E-20 3.07E-15 2.69E-12 2.14E-11 3.95E-11
 5.17E-11 6.43E-11 7.06E-11 6.63E-11 5.52E-11 4.79E-11
 1.00E-74 2.03E-44 1.37E-30 2.73E-20 3.21E-15 2.76E-12 2.18E-11 4.02E-11
 5.26E-11 6.53E-11 7.17E-11 6.73E-11 5.61E-11 4.87E-11
  25.5972    7  14 /pl=01:ss=15:pb= 1:sz=15/type=excit/ispb = t/isel =   27
 1.00E+10 1.00E+11 1.00E+12 1.00E+13 1.00E+14 1.00E+15 1.00E+16
 4.41E+00 6.62E+00 1.10E+01 2.21E+01 4.41E+01 1.10E+02 2.21E+02 3.31E+02
 4.41E+02 6.62E+02 1.10E+03 2.21E+03 4.41E+03 6.62E+03
 1.00E-74 1.00E-74 1.27E-30 1.45E-20 1.30E-15 9.75E-13 7.57E-12 1.40E-11
 1.84E-11 2.32E-11 2.60E-11 2.54E-11 2.21E-11 1.98E-11
 1.00E-74 4.14E-44 1.27E-30 1.45E-20 1.30E-15 9.75E-13 7.57E-12 1.40E-11
 1.84E-11 2.32E-11 2.60E-11 2.54E-11 2.21E-11 1.98E-11
 1.00E-74 4.06E-44 1.27E-30 1.45E-20 1.30E-15 9.75E-13 7.57E-12 1.40E-11
 1.84E-11 2.32E-11 2.60E-11 2.54E-11 2.21E-11 1.98E-11
 1.00E-74 4.02E-44 1.27E-30 1.45E-20 1.30E-15 9.75E-13 7.57E-12 1.40E-11
 1.84E-11 2.32E-11 2.60E-11 2.54E-11 2.21E-11 1.98E-11
 1.00E-74 4.02E-44 1.27E-30 1.45E-20 1.30E-15 9.75E-13 7.57E-12 1.40E-11
 1.84E-11 2.32E-11 2.60E-11 2.54E-11 2.21E-11 1.98E-11
 1.00E-74 4.03E-44 1.27E-30 1.44E-20 1.30E-15 9.73E-13 7.55E-12 1.40E-11
 1.84E-11 2.32E-11 2.60E-11 2.53E-11 2.21E-11 1.98E-11
 1.00E-74 4.06E-44 1.27E-30 1.44E-20 1.28E-15 9.56E-13 7.43E-12 1.38E-11
 1.82E-11 2.29E-11 2.57E-11 2.51E-11 2.19E-11 1.96E-11
  37.6364    7  14 /pl=01:ss=15:pb= 1:sz=15/type=excit/ispb = t/isel =   28
 1.00E+10 1.00E+11 1.00E+12 1.00E+13 1.00E+14 1.00E+15 1.00E+16
 4.41E+00 6.62E+00 1.10E+01 2.21E+01 4.41E+01 1.10E+02 2.21E+02 3.31E+02
 4.41E+02 6.62E+02 1.10E+03 2.21E+03 4.41E+03 6.62E+03
 1.00E-74 1.00E-74 1.00E-74 3.71E-29 5.82E-21 3.81E-16 1.30E-14 3.92E-14
 6.66E-14 1.10E-13 1.62E-13 2.15E-13 2.40E-13 2.43E-13
 1.00E-74 1.00E-74 1.08E-45 3.71E-29 5.82E-21 3.81E-16 1.30E-14 3.92E-14
 6.66E-14 1.10E-13 1.62E-13 2.15E-13 2.40E-13 2.43E-13
 1.00E-74 1.00E-74 1.08E-45 3.71E-29 5.82E-21 3.81E-16 1.30E-14 3.92E-14
 6.66E-14 1.10E-13 1.62E-13 2.15E-13 2.40E-13 2.43E-13
 1.00E-74 1.00E-74 1.06E-45 3.71E-29 5.82E-21 3.81E-16 1.30E-14 3.92E-14
 6.66E-14 1.10E-13 1.62E-13 2.15E-13 2.40E-13 2.43E-13
 1.00E-74 1.00E-74 1.06E-45 3.72E-29 5.83E-21 3.81E-16 1.30E-14 3.92E-14
 6.66E-14 1.10E-13 1.62E-13 2.15E-13 2.40E-13 2.43E-13
 1.00E-74 1.00E-74 1.07E-45 3.73E-29 5.84E-21 3.82E-16 1.30E-14 3.92E-14
 6.66E-14 1.10E-13 1.62E-13 2.14E-13 2.40E-13 2.43E-13
 1.00E-74 1.00E-74 1.13E-45 3.87E-29 5.96E-21 3.85E-16 1.31E-14 3.93E-14
 6.66E-14 1.10E-13 1.61E-13 2.12E-13 2.37E-13 2.41E-13
  38.7117    7  14 /pl=01:ss=15:pb= 1:sz=15/type=excit/ispb = t/isel =   29
 1.00E+10 1.00E+11 1.00E+12 1.00E+13 1.00E+14 1.00E+15 1.00E+16
 4.41E+00 6.62E+00 1.10E+01 2.21E+01 4.41E+01 1.10E+02 2.21E+02 3.31E+02
 4.41E+02 6.62E+02 1.10E+03 2.21E+03 4.41E+03 6.62E+03
 1.00E-74 1.00E-74 1.00E-74 5.10E-29 8.05E-21 5.21E-16 1.72E-14 5.07E-14
 8.39E-14 1.30E-13 1.72E-13 1.85E-13 1.67E-13 1.50E-13
 1.00E-74 1.00E-74 1.08E-45 5.10E-29 8.05E-21 5.21E-16 1.72E-14 5.07E-14
 8.39E-14 1.30E-13 1.72E-13 1.85E-13 1.67E-13 1.50E-13
 1.00E-74 1.00E-74 1.41E-45 5.10E-29 8.05E-21 5.21E-16 1.72E-14 5.07E-14
 8.39E-14 1.30E-13 1.72E-13 1.85E-13 1.67E-13 1.50E-13
 1.00E-74 1.00E-74 1.44E-45 5.10E-29 8.06E-21 5.21E-16 1.72E-14 5.07E-14
 8.39E-14 1.30E-13 1.72E-13 1.85E-13 1.67E-13 1.50E-13
 1.00E-74 1.00E-74 1.44E-45 5.11E-29 8.06E-21 5.21E-16 1.72E-14 5.07E-14
 8.39E-14 1.30E-13 1.72E-13 1.85E-13 1.67E-13 1.50E-13
 1.00E-74 1.00E-74 1.48E-45 5.19E-29 8.15E-21 5.25E-16 1.73E-14 5.09E-14
 8.43E-14 1.31E-13 1.73E-13 1.86E-13 1.68E-13 1.51E-13
 1.00E-74 1.00E-74 1.79E-45 5.96E-29 8.99E-21 5.60E-16 1.82E-14 5.33E-14
 8.79E-14 1.36E-13 1.79E-13 1.92E-13 1.73E-13 1.55E-13
  40.8447    7  14 /pl=01:ss=15:pb= 1:sz=15/type=excit/ispb = t/isel =   30
 1.00E+10 1.00E+11 1.00E+12 1.00E+13 1.00E+14 1.00E+15 1.00E+16
 4.41E+00 6.62E+00 1.10E+01 2.21E+01 4.41E+01 1.10E+02 2.21E+02 3.31E+02
 4.41E+02 6.62E+02 1.10E+03 2.21E+03 4.41E+03 6.62E+03
 1.00E-74 1.00E-74 1.70E-44 2.13E-28 1.90E-20 8.82E-16 2.68E-14 7.83E-14
 1.30E-13 2.11E-13 3.01E-13 3.82E-13 4.16E-13 4.18E-13
 1.00E-74 1.00E-74 1.95E-44 2.13E-28 1.90E-20 8.82E-16 2.68E-14 7.83E-14
 1.30E-13 2.11E-13 3.01E-13 3.82E-13 4.16E-13 4.18E-13
 1.00E-74 1.00E-74 1.95E-44 2.13E-28 1.90E-20 8.82E-16 2.68E-14 7.83E-14
 1.30E-13 2.11E-13 3.01E-13 3.82E-13 4.16E-13 4.18E-13
 1.00E-74 1.00E-74 1.95E-44 2.14E-28 1.90E-20 8.82E-16 2.68E-14 7.83E-14
 1.30E-13 2.11E-13 3.01E-13 3.82E-13 4.16E-13 4.18E-13
 1.00E-74 1.00E-74 1.95E-44 2.14E-28 1.90E-20 8.82E-16 2.68E-14 7.83E-14
 1.30E-13 2.11E-13 3.01E-13 3.82E-13 4.16E-13 4.18E-13
 1.00E-74 1.00E-74 1.97E-44 2.14E-28 1.90E-20 8.82E-16 2.68E-14 7.83E-14
 1.30E-13 2.11E-13 3.01E-13 3.81E-13 4.15E-13 4.18E-13
 1.00E-74 1.00E-74 2.08E-44 2.22E-28 1.93E-20 8.85E-16 2.67E-14 7.81E-14
 1.30E-13 2.10E-13 2.99E-13 3.79E-13 4.13E-13 4.15E-13
  42.0911    7  14 /pl=01:ss=15:pb= 1:sz=15/type=excit/ispb = t/isel =   31
 1.00E+10 1.00E+11 1.00E+12 1.00E+13 1.00E+14 1.00E+15 1.00E+16
 4.41E+00 6.62E+00 1.10E+01 2.21E+01 4.41E+01 1.10E+02 2.21E+02 3.31E+02
 4.41E+02 6.62E+02 1.10E+03 2.21E+03 4.41E+03 6.62E+03
 1.00E-74 1.00E-74 3.53E-44 2.99E-28 2.65E-20 1.21E-15 3.57E-14 1.01E-13
 1.63E-13 2.49E-13 3.20E-13 3.35E-13 2.93E-13 2.58E-13
 1.00E-74 1.00E-74 2.65E-44 2.99E-28 2.65E-20 1.21E-15 3.57E-14 1.01E-13
 1.63E-13 2.49E-13 3.20E-13 3.35E-13 2.93E-13 2.58E-13
 1.00E-74 1.00E-74 2.70E-44 2.99E-28 2.65E-20 1.21E-15 3.57E-14 1.01E-13
 1.63E-13 2.49E-13 3.20E-13 3.35E-13 2.93E-13 2.58E-13
 1.00E-74 1.00E-74 2.71E-44 2.99E-28 2.65E-20 1.21E-15 3.57E-14 1.01E-13
 1.63E-13 2.49E-13 3.20E-13 3.35E-13 2.93E-13 2.58E-13
 1.00E-74 1.00E-74 2.71E-44 3.00E-28 2.65E-20 1.21E-15 3.58E-14 1.01E-13
 1.63E-13 2.49E-13 3.20E-13 3.35E-13 2.93E-13 2.58E-13
 1.00E-74 1.00E-74 2.76E-44 3.03E-28 2.67E-20 1.21E-15 3.59E-14 1.02E-13
 1.64E-13 2.50E-13 3.21E-13 3.36E-13 2.93E-13 2.59E-13
 1.00E-74 1.00E-74 3.23E-44 3.39E-28 2.88E-20 1.28E-15 3.72E-14 1.05E-13
 1.69E-13 2.57E-13 3.29E-13 3.44E-13 3.00E-13 2.65E-13
  42.3227    7  14 /pl=01:ss=15:pb= 1:sz=15/type=excit/ispb = t/isel =   32
 1.00E+10 1.00E+11 1.00E+12 1.00E+13 1.00E+14 1.00E+15 1.00E+16
 4.41E+00 6.62E+00 1.10E+01 2.21E+01 4.41E+01 1.10E+02 2.21E+02 3.31E+02
 4.41E+02 6.62E+02 1.10E+03 2.21E+03 4.41E+03 6.62E+03
 1.00E-74 1.00E-74 1.82E-44 1.79E-28 1.53E-20 6.87E-16 2.03E-14 5.79E-14
 9.34E-14 1.45E-13 1.88E-13 2.01E-13 1.79E-13 1.60E-13
 1.00E-74 1.00E-74 1.70E-44 1.79E-28 1.53E-20 6.87E-16 2.03E-14 5.79E-14
 9.34E-14 1.45E-13 1.88E-13 2.01E-13 1.79E-13 1.60E-13
 1.00E-74 1.00E-74 1.72E-44 1.79E-28 1.53E-20 6.87E-16 2.03E-14 5.79E-14
 9.34E-14 1.45E-13 1.88E-13 2.01E-13 1.79E-13 1.60E-13
 1.00E-74 1.00E-74 1.72E-44 1.79E-28 1.53E-20 6.87E-16 2.03E-14 5.79E-14
 9.34E-14 1.45E-13 1.88E-13 2.01E-13 1.79E-13 1.60E-13
 1.00E-74 1.00E-74 1.71E-44 1.79E-28 1.53E-20 6.86E-16 2.03E-14 5.79E-14
 9.34E-14 1.45E-13 1.88E-13 2.01E-13 1.79E-13 1.60E-13
 1.00E-74 1.00E-74 1.71E-44 1.78E-28 1.52E-20 6.83E-16 2.02E-14 5.77E-14
 9.31E-14 1.44E-13 1.87E-13 2.01E-13 1.78E-13 1.60E-13
 1.00E-74 1.00E-74 1.63E-44 1.69E-28 1.45E-20 6.54E-16 1.95E-14 5.58E-14
 9.03E-14 1.40E-13 1.83E-13 1.97E-13 1.76E-13 1.58E-13
  47.5828    7  14 /pl=01:ss=15:pb= 1:sz=15/type=excit/ispb = t/isel =   33
 1.00E+10 1.00E+11 1.00E+12 1.00E+13 1.00E+14 1.00E+15 1.00E+16
 4.41E+00 6.62E+00 1.10E+01 2.21E+01 4.41E+01 1.10E+02 2.21E+02 3.31E+02
 4.41E+02 6.62E+02 1.10E+03 2.21E+03 4.41E+03 6.62E+03
 1.00E-74 1.00E-74 1.93E-42 3.03E-27 1.03E-19 2.72E-15 6.89E-14 1.90E-13
 3.07E-13 4.83E-13 6.73E-13 8.36E-13 9.01E-13 9.03E-13
 1.00E-74 1.00E-74 1.94E-42 3.03E-27 1.03E-19 2.72E-15 6.89E-14 1.90E-13
 3.07E-13 4.83E-13 6.73E-13 8.36E-13 9.01E-13 9.03E-13
 1.00E-74 1.00E-74 1.94E-42 3.03E-27 1.03E-19 2.72E-15 6.89E-14 1.90E-13
 3.07E-13 4.83E-13 6.73E-13 8.36E-13 9.01E-13 9.03E-13
 1.00E-74 1.00E-74 1.94E-42 3.03E-27 1.03E-19 2.72E-15 6.89E-14 1.90E-13
 3.07E-13 4.83E-13 6.73E-13 8.36E-13 9.01E-13 9.03E-13
 1.00E-74 1.00E-74 1.94E-42 3.03E-27 1.03E-19 2.72E-15 6.89E-14 1.90E-13
 3.07E-13 4.83E-13 6.73E-13 8.36E-13 9.01E-13 9.03E-13
 1.00E-74 1.00E-74 1.95E-42 3.04E-27 1.03E-19 2.72E-15 6.89E-14 1.90E-13
 3.07E-13 4.83E-13 6.73E-13 8.36E-13 9.00E-13 9.03E-13
 1.00E-74 1.00E-74 2.06E-42 3.13E-27 1.04E-19 2.72E-15 6.87E-14 1.89E-13
 3.06E-13 4.81E-13 6.70E-13 8.32E-13 8.96E-13 8.99E-13
  49.2150    7  14 /pl=01:ss=15:pb= 1:sz=15/type=excit/ispb = t/isel =   34
 1.00E+10 1.00E+11 1.00E+12 1.00E+13 1.00E+14 1.00E+15 1.00E+16
 4.41E+00 6.62E+00 1.10E+01 2.21E+01 4.41E+01 1.10E+02 2.21E+02 3.31E+02
 4.41E+02 6.62E+02 1.10E+03 2.21E+03 4.41E+03 6.62E+03
 1.00E-74 1.00E-74 2.82E-42 4.49E-27 1.51E-19 3.88E-15 9.48E-14 2.52E-13
 3.95E-13 5.84E-13 7.31E-13 7.50E-13 6.45E-13 5.65E-13
 1.00E-74 1.00E-74 2.81E-42 4.49E-27 1.51E-19 3.88E-15 9.48E-14 2.52E-13
 3.95E-13 5.84E-13 7.31E-13 7.50E-13 6.45E-13 5.65E-13
 1.00E-74 1.00E-74 2.81E-42 4.49E-27 1.51E-19 3.88E-15 9.48E-14 2.52E-13
 3.95E-13 5.84E-13 7.31E-13 7.50E-13 6.45E-13 5.65E-13
 1.00E-74 1.00E-74 2.81E-42 4.49E-27 1.51E-19 3.88E-15 9.48E-14 2.52E-13
 3.95E-13 5.84E-13 7.31E-13 7.50E-13 6.45E-13 5.65E-13
 1.00E-74 1.00E-74 2.81E-42 4.50E-27 1.52E-19 3.88E-15 9.48E-14 2.52E-13
 3.95E-13 5.84E-13 7.31E-13 7.50E-13 6.45E-13 5.65E-13
 1.00E-74 1.00E-74 2.86E-42 4.55E-27 1.53E-19 3.90E-15 9.51E-14 2.53E-13
 3.96E-13 5.86E-13 7.33E-13 7.52E-13 6.46E-13 5.67E-13
 1.00E-74 1.00E-74 3.29E-42 5.02E-27 1.63E-19 4.06E-15 9.80E-14 2.60E-13
 4.06E-13 5.99E-13 7.49E-13 7.67E-13 6.59E-13 5.77E-13
  49.7636    7  14 /pl=01:ss=15:pb= 1:sz=15/type=excit/ispb = t/isel =   35
 1.00E+10 1.00E+11 1.00E+12 1.00E+13 1.00E+14 1.00E+15 1.00E+16
 4.41E+00 6.62E+00 1.10E+01 2.21E+01 4.41E+01 1.10E+02 2.21E+02 3.31E+02
 4.41E+02 6.62E+02 1.10E+03 2.21E+03 4.41E+03 6.62E+03
 1.00E-74 1.00E-74 2.13E-42 3.01E-27 9.62E-20 2.42E-15 5.90E-14 1.58E-13
 2.49E-13 3.73E-13 4.77E-13 5.06E-13 4.54E-13 4.08E-13
 1.00E-74 1.00E-74 2.13E-42 3.01E-27 9.62E-20 2.42E-15 5.90E-14 1.58E-13
 2.49E-13 3.73E-13 4.77E-13 5.06E-13 4.54E-13 4.08E-13
 1.00E-74 1.00E-74 2.13E-42 3.01E-27 9.62E-20 2.42E-15 5.90E-14 1.58E-13
 2.49E-13 3.73E-13 4.77E-13 5.06E-13 4.54E-13 4.08E-13
 1.00E-74 1.00E-74 2.13E-42 3.01E-27 9.62E-20 2.42E-15 5.90E-14 1.58E-13
 2.49E-13 3.73E-13 4.77E-13 5.06E-13 4.54E-13 4.08E-13
 1.00E-74 1.00E-74 2.13E-42 3.01E-27 9.62E-20 2.42E-15 5.90E-14 1.58E-13
 2.49E-13 3.73E-13 4.77E-13 5.06E-13 4.54E-13 4.08E-13
 1.00E-74 1.00E-74 2.13E-42 3.01E-27 9.59E-20 2.42E-15 5.89E-14 1.58E-13
 2.49E-13 3.72E-13 4.76E-13 5.05E-13 4.53E-13 4.07E-13
 1.00E-74 1.00E-74 2.11E-42 2.96E-27 9.37E-20 2.36E-15 5.76E-14 1.55E-13
 2.44E-13 3.66E-13 4.69E-13 4.99E-13 4.49E-13 4.04E-13
  50.1203    7  14 /pl=01:ss=15:pb= 1:sz=15/type=excit/ispb = t/isel =   36
 1.00E+10 1.00E+11 1.00E+12 1.00E+13 1.00E+14 1.00E+15 1.00E+16
 4.41E+00 6.62E+00 1.10E+01 2.21E+01 4.41E+01 1.10E+02 2.21E+02 3.31E+02
 4.41E+02 6.62E+02 1.10E+03 2.21E+03 4.41E+03 6.62E+03
 1.00E-74 1.00E-74 2.16E-43 3.38E-28 1.15E-20 3.04E-16 7.69E-15 2.12E-14
 3.43E-14 5.39E-14 7.52E-14 9.34E-14 1.01E-13 1.01E-13
 1.00E-74 1.00E-74 2.16E-43 3.38E-28 1.15E-20 3.04E-16 7.69E-15 2.12E-14
 3.43E-14 5.39E-14 7.52E-14 9.34E-14 1.01E-13 1.01E-13
 1.00E-74 1.00E-74 2.16E-43 3.38E-28 1.15E-20 3.04E-16 7.69E-15 2.12E-14
 3.43E-14 5.39E-14 7.52E-14 9.34E-14 1.01E-13 1.01E-13
 1.00E-74 1.00E-74 2.16E-43 3.38E-28 1.15E-20 3.04E-16 7.69E-15 2.12E-14
 3.43E-14 5.39E-14 7.52E-14 9.34E-14 1.01E-13 1.01E-13
 1.00E-74 1.00E-74 2.17E-43 3.38E-28 1.15E-20 3.04E-16 7.69E-15 2.12E-14
 3.43E-14 5.39E-14 7.52E-14 9.34E-14 1.01E-13 1.01E-13
 1.00E-74 1.00E-74 2.18E-43 3.39E-28 1.15E-20 3.04E-16 7.69E-15 2.12E-14
 3.43E-14 5.39E-14 7.51E-14 9.33E-14 1.01E-13 1.01E-13
 1.00E-74 1.00E-74 2.30E-43 3.50E-28 1.16E-20 3.04E-16 7.67E-15 2.11E-14
 3.41E-14 5.37E-14 7.48E-14 9.28E-14 1.00E-13 1.00E-13
  68.3901    7  14 /pl=01:ss=15:pb= 1:sz=15/type=excit/ispb = t/isel =   37
 1.00E+10 1.00E+11 1.00E+12 1.00E+13 1.00E+14 1.00E+15 1.00E+16
 4.41E+00 6.62E+00 1.10E+01 2.21E+01 4.41E+01 1.10E+02 2.21E+02 3.31E+02
 4.41E+02 6.62E+02 1.10E+03 2.21E+03 4.41E+03 6.62E+03
 1.00E-74 1.00E-74 6.43E-39 2.74E-25 1.53E-18 1.42E-14 2.58E-13 6.39E-13
 9.81E-13 1.48E-12 1.99E-12 2.41E-12 2.57E-12 2.57E-12
 1.00E-74 1.00E-74 6.43E-39 2.74E-25 1.53E-18 1.42E-14 2.58E-13 6.39E-13
 9.81E-13 1.48E-12 1.99E-12 2.41E-12 2.57E-12 2.57E-12
 1.00E-74 1.00E-74 6.43E-39 2.74E-25 1.53E-18 1.42E-14 2.58E-13 6.39E-13
 9.81E-13 1.48E-12 1.99E-12 2.41E-12 2.57E-12 2.57E-12
 1.00E-74 1.00E-74 6.43E-39 2.74E-25 1.53E-18 1.42E-14 2.58E-13 6.39E-13
 9.81E-13 1.48E-12 1.99E-12 2.41E-12 2.57E-12 2.57E-12
 1.00E-74 1.00E-74 6.44E-39 2.74E-25 1.53E-18 1.42E-14 2.58E-13 6.39E-13
 9.81E-13 1.48E-12 1.99E-12 2.41E-12 2.57E-12 2.57E-12
 1.00E-74 1.00E-74 6.47E-39 2.75E-25 1.54E-18 1.42E-14 2.58E-13 6.39E-13
 9.80E-13 1.48E-12 1.99E-12 2.41E-12 2.57E-12 2.57E-12
 1.00E-74 1.00E-74 6.83E-39 2.84E-25 1.56E-18 1.42E-14 2.57E-13 6.37E-13
 9.78E-13 1.47E-12 1.98E-12 2.40E-12 2.56E-12 2.56E-12
  71.5001    7  14 /pl=01:ss=15:pb= 1:sz=15/type=excit/ispb = t/isel =   38
 1.00E+10 1.00E+11 1.00E+12 1.00E+13 1.00E+14 1.00E+15 1.00E+16
 4.41E+00 6.62E+00 1.10E+01 2.21E+01 4.41E+01 1.10E+02 2.21E+02 3.31E+02
 4.41E+02 6.62E+02 1.10E+03 2.21E+03 4.41E+03 6.62E+03
 1.00E-74 1.00E-74 1.03E-38 4.68E-25 2.65E-18 2.35E-14 4.01E-13 9.53E-13
 1.40E-12 1.96E-12 2.36E-12 2.35E-12 1.99E-12 1.73E-12
 1.00E-74 1.00E-74 1.03E-38 4.68E-25 2.65E-18 2.35E-14 4.01E-13 9.53E-13
 1.40E-12 1.96E-12 2.36E-12 2.35E-12 1.99E-12 1.73E-12
 1.00E-74 1.00E-74 1.03E-38 4.68E-25 2.65E-18 2.35E-14 4.01E-13 9.53E-13
 1.40E-12 1.96E-12 2.36E-12 2.35E-12 1.99E-12 1.73E-12
 1.00E-74 1.00E-74 1.03E-38 4.68E-25 2.65E-18 2.35E-14 4.01E-13 9.53E-13
 1.40E-12 1.96E-12 2.36E-12 2.35E-12 1.99E-12 1.73E-12
 1.00E-74 1.00E-74 1.03E-38 4.68E-25 2.65E-18 2.35E-14 4.01E-13 9.53E-13
 1.40E-12 1.96E-12 2.36E-12 2.35E-12 1.99E-12 1.73E-12
 1.00E-74 1.00E-74 1.05E-38 4.73E-25 2.67E-18 2.36E-14 4.02E-13 9.55E-13
 1.41E-12 1.97E-12 2.36E-12 2.35E-12 1.99E-12 1.73E-12
 1.00E-74 1.00E-74 1.19E-38 5.17E-25 2.83E-18 2.45E-14 4.13E-13 9.77E-13
 1.44E-12 2.01E-12 2.41E-12 2.40E-12 2.03E-12 1.76E-12
  73.7572    7  14 /pl=01:ss=15:pb= 1:sz=15/type=excit/ispb = t/isel =   39
 1.00E+10 1.00E+11 1.00E+12 1.00E+13 1.00E+14 1.00E+15 1.00E+16
 4.41E+00 6.62E+00 1.10E+01 2.21E+01 4.41E+01 1.10E+02 2.21E+02 3.31E+02
 4.41E+02 6.62E+02 1.10E+03 2.21E+03 4.41E+03 6.62E+03
 1.00E-74 1.00E-74 9.35E-40 3.98E-26 2.23E-19 2.06E-15 3.75E-14 9.29E-14
 1.43E-13 2.15E-13 2.89E-13 3.50E-13 3.74E-13 3.74E-13
 1.00E-74 1.00E-74 9.35E-40 3.98E-26 2.23E-19 2.06E-15 3.75E-14 9.29E-14
 1.43E-13 2.15E-13 2.89E-13 3.50E-13 3.74E-13 3.74E-13
 1.00E-74 1.00E-74 9.35E-40 3.98E-26 2.23E-19 2.06E-15 3.75E-14 9.29E-14
 1.43E-13 2.15E-13 2.89E-13 3.50E-13 3.74E-13 3.74E-13
 1.00E-74 1.00E-74 9.35E-40 3.98E-26 2.23E-19 2.06E-15 3.75E-14 9.29E-14
 1.43E-13 2.15E-13 2.89E-13 3.50E-13 3.74E-13 3.74E-13
 1.00E-74 1.00E-74 9.36E-40 3.98E-26 2.23E-19 2.06E-15 3.75E-14 9.29E-14
 1.43E-13 2.15E-13 2.89E-13 3.50E-13 3.74E-13 3.74E-13
 1.00E-74 1.00E-74 9.41E-40 4.00E-26 2.23E-19 2.06E-15 3.75E-14 9.28E-14
 1.43E-13 2.15E-13 2.89E-13 3.50E-13 3.73E-13 3.74E-13
 1.00E-74 1.00E-74 9.94E-40 4.12E-26 2.27E-19 2.07E-15 3.74E-14 9.26E-14
 1.42E-13 2.14E-13 2.88E-13 3.49E-13 3.72E-13 3.73E-13
  73.8280    7  14 /pl=01:ss=15:pb= 1:sz=15/type=excit/ispb = t/isel =   40
 1.00E+10 1.00E+11 1.00E+12 1.00E+13 1.00E+14 1.00E+15 1.00E+16
 4.41E+00 6.62E+00 1.10E+01 2.21E+01 4.41E+01 1.10E+02 2.21E+02 3.31E+02
 4.41E+02 6.62E+02 1.10E+03 2.21E+03 4.41E+03 6.62E+03
 1.00E-74 1.00E-74 1.13E-38 4.00E-25 2.02E-18 1.71E-14 2.93E-13 7.01E-13
 1.04E-12 1.48E-12 1.82E-12 1.88E-12 1.68E-12 1.51E-12
 1.00E-74 1.00E-74 1.13E-38 4.00E-25 2.02E-18 1.71E-14 2.93E-13 7.01E-13
 1.04E-12 1.48E-12 1.82E-12 1.88E-12 1.68E-12 1.51E-12
 1.00E-74 1.00E-74 1.13E-38 4.00E-25 2.02E-18 1.71E-14 2.93E-13 7.01E-13
 1.04E-12 1.48E-12 1.82E-12 1.88E-12 1.68E-12 1.51E-12
 1.00E-74 1.00E-74 1.13E-38 4.00E-25 2.02E-18 1.71E-14 2.93E-13 7.01E-13
 1.04E-12 1.48E-12 1.82E-12 1.88E-12 1.68E-12 1.51E-12
 1.00E-74 1.00E-74 1.13E-38 4.00E-25 2.02E-18 1.71E-14 2.93E-13 7.01E-13
 1.04E-12 1.48E-12 1.82E-12 1.88E-12 1.68E-12 1.51E-12
 1.00E-74 1.00E-74 1.13E-38 4.00E-25 2.02E-18 1.71E-14 2.93E-13 6.99E-13
 1.04E-12 1.48E-12 1.82E-12 1.88E-12 1.68E-12 1.51E-12
 1.00E-74 1.00E-74 1.13E-38 3.97E-25 1.99E-18 1.68E-14 2.88E-13 6.89E-13
 1.03E-12 1.46E-12 1.80E-12 1.87E-12 1.67E-12 1.50E-12
  81.5528    7  14 /pl=01:ss=15:pb= 1:sz=15/type=excit/ispb = t/isel =   41
 1.00E+10 1.00E+11 1.00E+12 1.00E+13 1.00E+14 1.00E+15 1.00E+16
 4.41E+00 6.62E+00 1.10E+01 2.21E+01 4.41E+01 1.10E+02 2.21E+02 3.31E+02
 4.41E+02 6.62E+02 1.10E+03 2.21E+03 4.41E+03 6.62E+03
 1.00E-74 1.00E-74 1.00E-74 1.68E-29 2.63E-21 1.72E-16 5.89E-15 1.77E-14
 3.01E-14 4.98E-14 7.33E-14 9.70E-14 1.08E-13 1.10E-13
 1.00E-74 1.00E-74 4.88E-46 1.68E-29 2.63E-21 1.72E-16 5.89E-15 1.77E-14
 3.01E-14 4.98E-14 7.33E-14 9.70E-14 1.08E-13 1.10E-13
 1.00E-74 1.00E-74 4.88E-46 1.68E-29 2.63E-21 1.72E-16 5.89E-15 1.77E-14
 3.01E-14 4.98E-14 7.33E-14 9.70E-14 1.08E-13 1.10E-13
 1.00E-74 1.00E-74 4.80E-46 1.68E-29 2.63E-21 1.72E-16 5.89E-15 1.77E-14
 3.01E-14 4.98E-14 7.33E-14 9.70E-14 1.08E-13 1.10E-13
 1.00E-74 1.00E-74 4.81E-46 1.68E-29 2.63E-21 1.72E-16 5.89E-15 1.77E-14
 3.01E-14 4.98E-14 7.33E-14 9.70E-14 1.08E-13 1.10E-13
 1.00E-74 1.00E-74 4.84E-46 1.69E-29 2.64E-21 1.73E-16 5.89E-15 1.77E-14
 3.01E-14 4.98E-14 7.33E-14 9.69E-14 1.08E-13 1.10E-13
 1.00E-74 1.00E-74 5.12E-46 1.75E-29 2.69E-21 1.74E-16 5.91E-15 1.78E-14
 3.01E-14 4.96E-14 7.28E-14 9.59E-14 1.07E-13 1.09E-13
  98.2801    7  14 /pl=01:ss=15:pb= 1:sz=15/type=excit/ispb = t/isel =   42
 1.00E+10 1.00E+11 1.00E+12 1.00E+13 1.00E+14 1.00E+15 1.00E+16
 4.41E+00 6.62E+00 1.10E+01 2.21E+01 4.41E+01 1.10E+02 2.21E+02 3.31E+02
 4.41E+02 6.62E+02 1.10E+03 2.21E+03 4.41E+03 6.62E+03
 1.00E-74 1.00E-74 7.60E-45 9.55E-29 8.48E-21 3.94E-16 1.20E-14 3.50E-14
 5.83E-14 9.42E-14 1.34E-13 1.71E-13 1.86E-13 1.87E-13
 1.00E-74 1.00E-74 8.73E-45 9.55E-29 8.48E-21 3.94E-16 1.20E-14 3.50E-14
 5.83E-14 9.42E-14 1.34E-13 1.71E-13 1.86E-13 1.87E-13
 1.00E-74 1.00E-74 8.73E-45 9.55E-29 8.48E-21 3.94E-16 1.20E-14 3.50E-14
 5.83E-14 9.42E-14 1.34E-13 1.71E-13 1.86E-13 1.87E-13
 1.00E-74 1.00E-74 8.73E-45 9.55E-29 8.48E-21 3.94E-16 1.20E-14 3.50E-14
 5.83E-14 9.42E-14 1.34E-13 1.71E-13 1.86E-13 1.87E-13
 1.00E-74 1.00E-74 8.74E-45 9.55E-29 8.48E-21 3.94E-16 1.20E-14 3.50E-14
 5.83E-14 9.42E-14 1.34E-13 1.71E-13 1.86E-13 1.87E-13
 1.00E-74 1.00E-74 8.79E-45 9.59E-29 8.50E-21 3.95E-16 1.20E-14 3.50E-14
 5.83E-14 9.42E-14 1.34E-13 1.70E-13 1.86E-13 1.87E-13
 1.00E-74 1.00E-74 9.30E-45 9.91E-29 8.62E-21 3.96E-16 1.20E-14 3.49E-14
 5.81E-14 9.38E-14 1.34E-13 1.69E-13 1.85E-13 1.86E-13
  101.020    7  14 /pl=01:ss=15:pb= 1:sz=15/type=excit/ispb = t/isel =   43
 1.00E+10 1.00E+11 1.00E+12 1.00E+13 1.00E+14 1.00E+15 1.00E+16
 4.41E+00 6.62E+00 1.10E+01 2.21E+01 4.41E+01 1.10E+02 2.21E+02 3.31E+02
 4.41E+02 6.62E+02 1.10E+03 2.21E+03 4.41E+03 6.62E+03
 1.00E-74 1.00E-74 1.58E-44 1.34E-28 1.18E-20 5.40E-16 1.60E-14 4.52E-14
 7.29E-14 1.11E-13 1.43E-13 1.50E-13 1.31E-13 1.15E-13
 1.00E-74 1.00E-74 1.18E-44 1.34E-28 1.18E-20 5.40E-16 1.60E-14 4.52E-14
 7.29E-14 1.11E-13 1.43E-13 1.50E-13 1.31E-13 1.15E-13
 1.00E-74 1.00E-74 1.21E-44 1.34E-28 1.18E-20 5.40E-16 1.60E-14 4.52E-14
 7.29E-14 1.11E-13 1.43E-13 1.50E-13 1.31E-13 1.15E-13
 1.00E-74 1.00E-74 1.21E-44 1.34E-28 1.18E-20 5.40E-16 1.60E-14 4.52E-14
 7.29E-14 1.11E-13 1.43E-13 1.50E-13 1.31E-13 1.15E-13
 1.00E-74 1.00E-74 1.21E-44 1.34E-28 1.18E-20 5.40E-16 1.60E-14 4.52E-14
 7.29E-14 1.11E-13 1.43E-13 1.50E-13 1.31E-13 1.15E-13
 1.00E-74 1.00E-74 1.23E-44 1.36E-28 1.19E-20 5.43E-16 1.60E-14 4.54E-14
 7.32E-14 1.12E-13 1.43E-13 1.50E-13 1.31E-13 1.16E-13
 1.00E-74 1.00E-74 1.44E-44 1.52E-28 1.29E-20 5.70E-16 1.66E-14 4.69E-14
 7.54E-14 1.15E-13 1.47E-13 1.54E-13 1.34E-13 1.18E-13
  102.365    7  14 /pl=01:ss=15:pb= 1:sz=15/type=excit/ispb = t/isel =   44
 1.00E+10 1.00E+11 1.00E+12 1.00E+13 1.00E+14 1.00E+15 1.00E+16
 4.41E+00 6.62E+00 1.10E+01 2.21E+01 4.41E+01 1.10E+02 2.21E+02 3.31E+02
 4.41E+02 6.62E+02 1.10E+03 2.21E+03 4.41E+03 6.62E+03
 1.00E-74 1.00E-74 1.27E-44 1.24E-28 1.06E-20 4.78E-16 1.41E-14 4.03E-14
 6.50E-14 1.01E-13 1.31E-13 1.40E-13 1.24E-13 1.11E-13
 1.00E-74 1.00E-74 1.18E-44 1.24E-28 1.06E-20 4.78E-16 1.41E-14 4.03E-14
 6.50E-14 1.01E-13 1.31E-13 1.40E-13 1.24E-13 1.11E-13
 1.00E-74 1.00E-74 1.19E-44 1.24E-28 1.06E-20 4.78E-16 1.41E-14 4.03E-14
 6.50E-14 1.01E-13 1.31E-13 1.40E-13 1.24E-13 1.11E-13
 1.00E-74 1.00E-74 1.19E-44 1.24E-28 1.06E-20 4.78E-16 1.41E-14 4.03E-14
 6.50E-14 1.01E-13 1.31E-13 1.40E-13 1.24E-13 1.11E-13
 1.00E-74 1.00E-74 1.19E-44 1.24E-28 1.06E-20 4.78E-16 1.41E-14 4.03E-14
 6.50E-14 1.01E-13 1.31E-13 1.40E-13 1.24E-13 1.11E-13
 1.00E-74 1.00E-74 1.19E-44 1.24E-28 1.06E-20 4.75E-16 1.41E-14 4.02E-14
 6.48E-14 1.00E-13 1.30E-13 1.40E-13 1.24E-13 1.11E-13
 1.00E-74 1.00E-74 1.13E-44 1.18E-28 1.01E-20 4.55E-16 1.36E-14 3.89E-14
 6.29E-14 9.77E-14 1.28E-13 1.37E-13 1.23E-13 1.10E-13
  149.076    7  14 /pl=01:ss=15:pb= 1:sz=15/type=excit/ispb = t/isel =   45
 1.00E+10 1.00E+11 1.00E+12 1.00E+13 1.00E+14 1.00E+15 1.00E+16
 4.41E+00 6.62E+00 1.10E+01 2.21E+01 4.41E+01 1.10E+02 2.21E+02 3.31E+02
 4.41E+02 6.62E+02 1.10E+03 2.21E+03 4.41E+03 6.62E+03
 1.00E-74 1.00E-74 8.09E-43 1.27E-27 4.29E-20 1.14E-15 2.88E-14 7.94E-14
 1.28E-13 2.02E-13 2.82E-13 3.50E-13 3.77E-13 3.78E-13
 1.00E-74 1.00E-74 8.11E-43 1.27E-27 4.29E-20 1.14E-15 2.88E-14 7.94E-14
 1.28E-13 2.02E-13 2.82E-13 3.50E-13 3.77E-13 3.78E-13
 1.00E-74 1.00E-74 8.11E-43 1.27E-27 4.29E-20 1.14E-15 2.88E-14 7.94E-14
 1.28E-13 2.02E-13 2.82E-13 3.50E-13 3.77E-13 3.78E-13
 1.00E-74 1.00E-74 8.11E-43 1.27E-27 4.29E-20 1.14E-15 2.88E-14 7.94E-14
 1.28E-13 2.02E-13 2.82E-13 3.50E-13 3.77E-13 3.78E-13
 1.00E-74 1.00E-74 8.12E-43 1.27E-27 4.30E-20 1.14E-15 2.88E-14 7.94E-14
 1.28E-13 2.02E-13 2.82E-13 3.50E-13 3.77E-13 3.78E-13
 1.00E-74 1.00E-74 8.16E-43 1.27E-27 4.30E-20 1.14E-15 2.88E-14 7.94E-14
 1.28E-13 2.02E-13 2.82E-13 3.50E-13 3.77E-13 3.78E-13
 1.00E-74 1.00E-74 8.61E-43 1.31E-27 4.36E-20 1.14E-15 2.88E-14 7.91E-14
 1.28E-13 2.01E-13 2.80E-13 3.48E-13 3.75E-13 3.76E-13
  154.799    7  14 /pl=01:ss=15:pb= 1:sz=15/type=excit/ispb = t/isel =   46
 1.00E+10 1.00E+11 1.00E+12 1.00E+13 1.00E+14 1.00E+15 1.00E+16
 4.41E+00 6.62E+00 1.10E+01 2.21E+01 4.41E+01 1.10E+02 2.21E+02 3.31E+02
 4.41E+02 6.62E+02 1.10E+03 2.21E+03 4.41E+03 6.62E+03
 1.00E-74 1.00E-74 1.19E-42 1.89E-27 6.39E-20 1.64E-15 4.00E-14 1.06E-13
 1.66E-13 2.46E-13 3.08E-13 3.16E-13 2.72E-13 2.38E-13
 1.00E-74 1.00E-74 1.18E-42 1.89E-27 6.39E-20 1.64E-15 4.00E-14 1.06E-13
 1.66E-13 2.46E-13 3.08E-13 3.16E-13 2.72E-13 2.38E-13
 1.00E-74 1.00E-74 1.18E-42 1.89E-27 6.39E-20 1.64E-15 4.00E-14 1.06E-13
 1.66E-13 2.46E-13 3.08E-13 3.16E-13 2.72E-13 2.38E-13
 1.00E-74 1.00E-74 1.18E-42 1.89E-27 6.39E-20 1.64E-15 4.00E-14 1.06E-13
 1.66E-13 2.46E-13 3.08E-13 3.16E-13 2.72E-13 2.38E-13
 1.00E-74 1.00E-74 1.19E-42 1.90E-27 6.39E-20 1.64E-15 4.00E-14 1.06E-13
 1.67E-13 2.46E-13 3.08E-13 3.16E-13 2.72E-13 2.38E-13
 1.00E-74 1.00E-74 1.20E-42 1.92E-27 6.44E-20 1.64E-15 4.01E-14 1.07E-13
 1.67E-13 2.47E-13 3.09E-13 3.17E-13 2.73E-13 2.39E-13
 1.00E-74 1.00E-74 1.39E-42 2.12E-27 6.87E-20 1.71E-15 4.13E-14 1.10E-13
 1.71E-13 2.53E-13 3.16E-13 3.23E-13 2.78E-13 2.43E-13
  159.566    7  14 /pl=01:ss=15:pb= 1:sz=15/type=excit/ispb = t/isel =   47
 1.00E+10 1.00E+11 1.00E+12 1.00E+13 1.00E+14 1.00E+15 1.00E+16
 4.41E+00 6.62E+00 1.10E+01 2.21E+01 4.41E+01 1.10E+02 2.21E+02 3.31E+02
 4.41E+02 6.62E+02 1.10E+03 2.21E+03 4.41E+03 6.62E+03
 1.00E-74 1.00E-74 2.69E-43 4.20E-28 1.42E-20 3.78E-16 9.56E-15 2.63E-14
 4.26E-14 6.71E-14 9.35E-14 1.16E-13 1.25E-13 1.25E-13
 1.00E-74 1.00E-74 2.69E-43 4.20E-28 1.42E-20 3.78E-16 9.56E-15 2.63E-14
 4.26E-14 6.71E-14 9.35E-14 1.16E-13 1.25E-13 1.25E-13
 1.00E-74 1.00E-74 2.69E-43 4.20E-28 1.42E-20 3.78E-16 9.56E-15 2.63E-14
 4.26E-14 6.71E-14 9.35E-14 1.16E-13 1.25E-13 1.25E-13
 1.00E-74 1.00E-74 2.69E-43 4.20E-28 1.43E-20 3.78E-16 9.56E-15 2.63E-14
 4.26E-14 6.71E-14 9.35E-14 1.16E-13 1.25E-13 1.25E-13
 1.00E-74 1.00E-74 2.69E-43 4.20E-28 1.43E-20 3.78E-16 9.56E-15 2.63E-14
 4.26E-14 6.71E-14 9.35E-14 1.16E-13 1.25E-13 1.25E-13
 1.00E-74 1.00E-74 2.71E-43 4.22E-28 1.43E-20 3.78E-16 9.56E-15 2.63E-14
 4.26E-14 6.70E-14 9.34E-14 1.16E-13 1.25E-13 1.25E-13
 1.00E-74 1.00E-74 2.86E-43 4.35E-28 1.45E-20 3.78E-16 9.54E-15 2.62E-14
 4.25E-14 6.68E-14 9.30E-14 1.15E-13 1.24E-13 1.25E-13
  160.359    7  14 /pl=01:ss=15:pb= 1:sz=15/type=excit/ispb = t/isel =   48
 1.00E+10 1.00E+11 1.00E+12 1.00E+13 1.00E+14 1.00E+15 1.00E+16
 4.41E+00 6.62E+00 1.10E+01 2.21E+01 4.41E+01 1.10E+02 2.21E+02 3.31E+02
 4.41E+02 6.62E+02 1.10E+03 2.21E+03 4.41E+03 6.62E+03
 1.00E-74 1.00E-74 1.52E-42 2.15E-27 6.85E-20 1.73E-15 4.20E-14 1.13E-13
 1.78E-13 2.66E-13 3.40E-13 3.60E-13 3.23E-13 2.91E-13
 1.00E-74 1.00E-74 1.52E-42 2.15E-27 6.85E-20 1.73E-15 4.20E-14 1.13E-13
 1.78E-13 2.66E-13 3.40E-13 3.60E-13 3.23E-13 2.91E-13
 1.00E-74 1.00E-74 1.52E-42 2.15E-27 6.85E-20 1.73E-15 4.20E-14 1.13E-13
 1.78E-13 2.66E-13 3.40E-13 3.60E-13 3.23E-13 2.91E-13
 1.00E-74 1.00E-74 1.52E-42 2.15E-27 6.85E-20 1.73E-15 4.20E-14 1.13E-13
 1.78E-13 2.66E-13 3.40E-13 3.60E-13 3.23E-13 2.91E-13
 1.00E-74 1.00E-74 1.52E-42 2.15E-27 6.85E-20 1.73E-15 4.20E-14 1.13E-13
 1.78E-13 2.66E-13 3.40E-13 3.60E-13 3.23E-13 2.90E-13
 1.00E-74 1.00E-74 1.51E-42 2.14E-27 6.84E-20 1.72E-15 4.19E-14 1.12E-13
 1.77E-13 2.65E-13 3.39E-13 3.60E-13 3.23E-13 2.90E-13
 1.00E-74 1.00E-74 1.50E-42 2.11E-27 6.68E-20 1.68E-15 4.10E-14 1.10E-13
 1.74E-13 2.61E-13 3.35E-13 3.56E-13 3.20E-13 2.88E-13
  296.296    7  14 /pl=01:ss=15:pb= 1:sz=15/type=excit/ispb = t/isel =   49
 1.00E+10 1.00E+11 1.00E+12 1.00E+13 1.00E+14 1.00E+15 1.00E+16
 4.41E+00 6.62E+00 1.10E+01 2.21E+01 4.41E+01 1.10E+02 2.21E+02 3.31E+02
 4.41E+02 6.62E+02 1.10E+03 2.21E+03 4.41E+03 6.62E+03
 1.00E-74 1.00E-74 9.58E-45 9.39E-29 8.04E-21 3.61E-16 1.07E-14 3.04E-14
 4.91E-14 7.59E-14 9.87E-14 1.06E-13 9.39E-14 8.41E-14
 1.00E-74 1.00E-74 8.95E-45 9.39E-29 8.04E-21 3.61E-16 1.07E-14 3.04E-14
 4.91E-14 7.59E-14 9.87E-14 1.06E-13 9.39E-14 8.41E-14
 1.00E-74 1.00E-74 9.01E-45 9.39E-29 8.04E-21 3.61E-16 1.07E-14 3.04E-14
 4.91E-14 7.59E-14 9.87E-14 1.06E-13 9.39E-14 8.41E-14
 1.00E-74 1.00E-74 9.01E-45 9.39E-29 8.04E-21 3.61E-16 1.07E-14 3.04E-14
 4.91E-14 7.59E-14 9.87E-14 1.06E-13 9.39E-14 8.41E-14
 1.00E-74 1.00E-74 9.01E-45 9.38E-29 8.03E-21 3.61E-16 1.07E-14 3.04E-14
 4.90E-14 7.59E-14 9.87E-14 1.06E-13 9.39E-14 8.41E-14
 1.00E-74 1.00E-74 8.96E-45 9.33E-29 7.99E-21 3.59E-16 1.06E-14 3.03E-14
 4.89E-14 7.57E-14 9.84E-14 1.05E-13 9.37E-14 8.40E-14
 1.00E-74 1.00E-74 8.56E-45 8.89E-29 7.61E-21 3.44E-16 1.02E-14 2.93E-14
 4.75E-14 7.38E-14 9.63E-14 1.04E-13 9.27E-14 8.32E-14
  363.542    7  14 /pl=01:ss=15:pb= 1:sz=15/type=excit/ispb = t/isel =   50
 1.00E+10 1.00E+11 1.00E+12 1.00E+13 1.00E+14 1.00E+15 1.00E+16
 4.41E+00 6.62E+00 1.10E+01 2.21E+01 4.41E+01 1.10E+02 2.21E+02 3.31E+02
 4.41E+02 6.62E+02 1.10E+03 2.21E+03 4.41E+03 6.62E+03
 8.05E-12 8.70E-11 5.36E-10 1.84E-09 2.95E-09 3.33E-09 3.06E-09 2.84E-09
 2.66E-09 2.39E-09 2.08E-09 1.66E-09 1.31E-09 1.13E-09
 8.05E-12 8.70E-11 5.36E-10 1.84E-09 2.95E-09 3.33E-09 3.06E-09 2.84E-09
 2.66E-09 2.39E-09 2.08E-09 1.66E-09 1.31E-09 1.13E-09
 8.05E-12 8.70E-11 5.36E-10 1.84E-09 2.95E-09 3.33E-09 3.06E-09 2.84E-09
 2.66E-09 2.39E-09 2.08E-09 1.66E-09 1.31E-09 1.13E-09
 8.05E-12 8.70E-11 5.36E-10 1.84E-09 2.95E-09 3.33E-09 3.06E-09 2.84E-09
 2.66E-09 2.39E-09 2.08E-09 1.66E-09 1.31E-09 1.13E-09
 8.05E-12 8.70E-11 5.35E-10 1.83E-09 2.95E-09 3.33E-09 3.06E-09 2.84E-09
 2.65E-09 2.39E-09 2.08E-09 1.66E-09 1.31E-09 1.13E-09
 8.02E-12 8.67E-11 5.34E-10 1.83E-09 2.94E-09 3.32E-09 3.05E-09 2.83E-09
 2.65E-09 2.39E-09 2.07E-09 1.66E-09 1.31E-09 1.13E-09
 7.72E-12 8.40E-11 5.19E-10 1.78E-09 2.85E-09 3.23E-09 2.97E-09 2.76E-09
 2.59E-09 2.34E-09 2.04E-09 1.63E-09 1.30E-09 1.12E-09
c-------------------------------------------------------------------------------
 
C  root partition information
C  ==========================
C
C  nuclear charge : 18
C  ion charge+1   : 16
C
C  population calculation information
C  ----------------------------------
C
C  population processing code: adas810
C
C  adf04 source file    : adf04_copmm#18_ls_40#ar15.dat
C  adf18/a17_p208 file  : NULL
C
C  meta. ion. coeff. selector  : 
 
C  options  : lnorm =T  lpsel =F  lzsel =T  liosel=F
C           : lhsel =F  lrsel =F  lisel =F  lnsel =F
 
C  energy levels
C  -------------
C
C   lv      configuration    (2S+1)L(w-1/2)      energy (cm^-1)
C  ---   ------------------- --------------      --------------
c    1   12                     (2)0(  0.5)             0.0
c    2   13                     (2)1(  2.5)        275071.4
c    3   14                     (2)0(  0.5)       4181741.4
c    4   15                     (2)1(  2.5)       4258041.4
c    5   16                     (2)2(  4.5)       4288141.4
c    6   17                     (2)0(  0.5)       5612541.4
c    7   18                     (2)1(  2.5)       5643941.4
c    8   19                     (2)2(  4.5)       5656641.4
c    9   1B                     (2)0(  0.5)       6267541.4
c   10   1C                     (2)1(  2.5)       6283341.4
c   11   1D                     (2)2(  4.5)       6289941.4
c   12   1G                     (2)0(  0.5)       6620841.4
c   13   1H                     (2)1(  2.5)       6630041.4
c   14   1I                     (2)2(  4.5)       6633841.4
c   15   1M                     (2)0(  0.5)       6832941.4
c   16   1N                     (2)1(  2.5)       6838741.4
c   17   1O                     (2)2(  4.5)       6841241.4
c   18   11522                  (2)0(  0.5)      24913141.4
c   19   11512513               (4)1(  5.5)      24948141.4
c   20   11512513               (2)1(  2.5)      25150141.4
c   21   11512513               (2)1(  2.5)      25174141.4
c   22   11512514               (4)0(  1.5)      29157141.4
c   23   11512514               (2)0(  0.5)      29217141.4
c   24   11512515               (4)1(  5.5)      29238141.4
c   25   11512515               (2)1(  2.5)      29270141.4
c   26   11512514               (2)0(  0.5)      29318141.4
c   27   11512515               (2)1(  2.5)      29389141.4
c   28   11512517               (4)0(  1.5)      30639141.4
c   29   11512517               (2)0(  0.5)      30661141.4
c   30   11512518               (4)1(  5.5)      30672141.4
c   31   11512518               (2)1(  2.5)      30684141.4
c   32   11512517               (2)0(  0.5)      30787141.4
c   33   11512518               (2)1(  2.5)      30816141.4
c   34   1151251B               (4)0(  1.5)      31310141.4
c   35   1151251B               (2)0(  0.5)      31320141.4
c   36   1151251C               (4)1(  5.5)      31326141.4
c   37   1151251C               (2)1(  2.5)      31332141.4
c   38   1151251B               (2)0(  0.5)      31454141.4
c   39   1151251C               (2)1(  2.5)      31469141.4
c   40   1151251G               (4)0(  1.5)      31670141.4
c   41   1151251G               (2)0(  0.5)      31676141.4
c   42   1151251H               (4)1(  5.5)      31679141.4
c   43   1151251H               (2)1(  2.5)      31682141.4
c   44   1151251G               (2)0(  0.5)      31812141.4
c   45   1151251H               (2)1(  2.5)      31821141.4
c   46   1151251M               (4)0(  1.5)      31885141.4
c   47   1151251M               (2)0(  0.5)      31889141.4
c   48   1151251N               (4)1(  5.5)      31891141.4
c   49   1151251N               (2)1(  2.5)      31893141.4
c   50   1151251M               (2)0(  0.5)      32027141.4
c   51   1151251N               (2)1(  2.5)      32032141.4
 
 
 
c-------------------------------------------------------------------------------
 
C  superstage partition information
C  ================================
C
C  element symbol   : AR
C  parent template  : 
C  partition level  :  1
C  superstage label : 15
C
C  tabulation       : photon emissivity coefft (te,ne)
C  units            : ph. emis coef(cm^3 s^-1); te (ev); ne (cm^-3)
C
C  photon emissivity atomic transitions
C  ------------------------------------
C  
C   isel  wvlen(A)            transition                type  ispb nspb
C                                                             ispp nspp sz    tg pr wr
C  ----- ---------- ----------------------------------- ----- ---- ---- --    -- -- --
C      1   3.15635   43(2)1(  2.5)-  1(2)0(  0.5)       excit   1    1  15    42 45  1
C      2   3.19161   37(2)1(  2.5)-  1(2)0(  0.5)       excit   1    1  15    36 35  2
C      3   3.24505   33(2)1(  2.5)-  1(2)0(  0.5)       excit   1    1  15    32 40  3
C      4   3.25901   31(2)1(  2.5)-  1(2)0(  0.5)       excit   1    1  15    30 26  4
C      5   3.40262   27(2)1(  2.5)-  1(2)0(  0.5)       excit   1    1  15    26 23  5
C      6   3.41645   25(2)1(  2.5)-  1(2)0(  0.5)       excit   1    1  15    24 15  6
C      7   3.97233   21(2)1(  2.5)-  1(2)0(  0.5)       excit   1    1  15    20  8  7
C      8   3.97612   20(2)1(  2.5)-  1(2)0(  0.5)       excit   1    1  15    19  6  8
C      9   4.05876   18(2)0(  0.5)-  2(2)1(  2.5)       excit   1    1  15    66 19  9
C     10   5.53269   18(2)0(  0.5)- 16(2)1(  2.5)       excit   1    1  15   647 47 10
C     11   14.6226   16(2)1(  2.5)-  1(2)0(  0.5)       excit   1    1  15    15 20 11
C     12   15.0829   13(2)1(  2.5)-  1(2)0(  0.5)       excit   1    1  15    12 16 12
C     13   15.2296   17(2)2(  4.5)-  2(2)1(  2.5)       excit   1    1  15    65 24 13
C     14   15.2489   15(2)0(  0.5)-  2(2)1(  2.5)       excit   1    1  15    63 41 14
C     15   15.7263   14(2)2(  4.5)-  2(2)1(  2.5)       excit   1    1  15    62 17 15
C     16   15.7585   12(2)0(  0.5)-  2(2)1(  2.5)       excit   1    1  15    60 33 16
C     17   15.9151   10(2)1(  2.5)-  1(2)0(  0.5)       excit   1    1  15     9  9 17
C     18   16.6255   11(2)2(  4.5)-  2(2)1(  2.5)       excit   1    1  15    59 13 18
C     19   16.6876    9(2)0(  0.5)-  2(2)1(  2.5)       excit   1    1  15    57 22 19
C     20   17.7181    7(2)1(  2.5)-  1(2)0(  0.5)       excit   1    1  15     6  5 20
C     21   18.5819    8(2)2(  4.5)-  2(2)1(  2.5)       excit   1    1  15    56  7 21
C     22   18.7355    6(2)0(  0.5)-  2(2)1(  2.5)       excit   1    1  15    54 10 22
C     23   22.9516   25(2)1(  2.5)- 18(2)0(  0.5)       excit   1    1  15   721 39 23
C     24   23.4850    4(2)1(  2.5)-  1(2)0(  0.5)       excit   1    1  15     3  3 24
C     25   24.5881   23(2)0(  0.5)- 20(2)1(  2.5)       excit   1    1  15   782 43 25
C     26   24.9186    5(2)2(  4.5)-  2(2)1(  2.5)       excit   1    1  15    53  2 26
C     27   25.5972    3(2)0(  0.5)-  2(2)1(  2.5)       excit   1    1  15    51  4 27
C     28   37.6364   16(2)1(  2.5)-  3(2)0(  0.5)       excit   1    1  15   112 34 28
C     29   38.7117   17(2)2(  4.5)-  4(2)1(  2.5)       excit   1    1  15   160 38 29
C     30   40.8447   13(2)1(  2.5)-  3(2)0(  0.5)       excit   1    1  15   109 27 30
C     31   42.0911   14(2)2(  4.5)-  4(2)1(  2.5)       excit   1    1  15   157 31 31
C     32   42.3227   12(2)0(  0.5)-  4(2)1(  2.5)       excit   1    1  15   155 36 32
C     33   47.5828   10(2)1(  2.5)-  3(2)0(  0.5)       excit   1    1  15   106 18 33
C     34   49.2150   11(2)2(  4.5)-  4(2)1(  2.5)       excit   1    1  15   154 21 34
C     35   49.7636    9(2)0(  0.5)-  4(2)1(  2.5)       excit   1    1  15   152 25 35
C     36   50.1203   10(2)1(  2.5)-  5(2)2(  4.5)       excit   1    1  15   199 50 36
C     37   68.3901    7(2)1(  2.5)-  3(2)0(  0.5)       excit   1    1  15   103 11 37
C     38   71.5001    8(2)2(  4.5)-  4(2)1(  2.5)       excit   1    1  15   151 12 38
C     39   73.7572    7(2)1(  2.5)-  5(2)2(  4.5)       excit   1    1  15   196 29 39
C     40   73.8280    6(2)0(  0.5)-  4(2)1(  2.5)       excit   1    1  15   149 14 40
C     41   81.5528   16(2)1(  2.5)-  6(2)0(  0.5)       excit   1    1  15   250 48 41
C     42   98.2801   13(2)1(  2.5)-  6(2)0(  0.5)       excit   1    1  15   247 37 42
C     43   101.020   14(2)2(  4.5)-  7(2)1(  2.5)       excit   1    1  15   292 42 43
C     44   102.365   12(2)0(  0.5)-  7(2)1(  2.5)       excit   1    1  15   290 44 44
C     45   149.076   10(2)1(  2.5)-  6(2)0(  0.5)       excit   1    1  15   244 28 45
C     46   154.799   11(2)2(  4.5)-  7(2)1(  2.5)       excit   1    1  15   289 32 46
C     47   159.566   10(2)1(  2.5)-  8(2)2(  4.5)       excit   1    1  15   331 46 47
C     48   160.359    9(2)0(  0.5)-  7(2)1(  2.5)       excit   1    1  15   287 30 48
C     49   296.296   12(2)0(  0.5)- 10(2)1(  2.5)       excit   1    1  15   416 49 49
C     50   363.542    2(2)1(  2.5)-  1(2)0(  0.5)       excit   1    1  15     1  1 50
c-------------------------------------------------------------------------------
                                                                                
C  code     : adas810
C  producer : Adam Foster
C  date     : 13/05/09
                                                                                
c-------------------------------------------------------------------------------
