   50    /AR:15 photon emissivity coefficients/
--------------------------------------------------------------------------------
    1    1    1    1    1    1    1    1    1    1    1    1    1    1
    1    1    1    1    1
--------------------------------------------------------------------------------
//#01/p00/ 00/p01/ 01/p02/ 02/p03/ 03/p04/ 04/p05/ 05/p06/ 06/p07/ 07/p08/ 08/  
      p09/ 09/p10/ 10/p11/ 11/p12/ 12/p13/ 13/p14/ 14/p15/ 15/p16/ 16/p17/ 17/  
      p18/ 18/                                                                  
--------------------------------------------------------------------------------
  3.25908    7  14 /pl=01:ss=15:pb= 1:sz=15/type=excit/ispb = t/isel =    1
 1.00E+10 1.00E+11 1.00E+12 1.00E+13 1.00E+14 1.00E+15 1.00E+16
 4.41E+00 6.62E+00 1.10E+01 2.21E+01 4.41E+01 1.10E+02 2.21E+02 3.31E+02
 4.41E+02 6.62E+02 1.10E+03 2.21E+03 4.41E+03 6.62E+03
 1.00E-74 1.00E-74 1.00E-74 1.00E-74 1.00E-74 3.78E-27 8.38E-20 2.15E-17
 3.31E-16 4.83E-15 3.80E-14 1.58E-13 2.84E-13 3.31E-13
 1.00E-74 1.00E-74 1.00E-74 1.00E-74 1.00E-74 3.78E-27 8.38E-20 2.15E-17
 3.31E-16 4.83E-15 3.80E-14 1.58E-13 2.84E-13 3.31E-13
 1.00E-74 1.00E-74 1.00E-74 1.00E-74 1.00E-74 3.78E-27 8.38E-20 2.15E-17
 3.31E-16 4.83E-15 3.80E-14 1.58E-13 2.84E-13 3.31E-13
 1.00E-74 1.00E-74 1.00E-74 1.00E-74 1.00E-74 3.78E-27 8.38E-20 2.15E-17
 3.31E-16 4.83E-15 3.80E-14 1.58E-13 2.84E-13 3.31E-13
 1.00E-74 1.00E-74 1.00E-74 1.00E-74 1.00E-74 3.78E-27 8.38E-20 2.15E-17
 3.31E-16 4.83E-15 3.80E-14 1.58E-13 2.84E-13 3.31E-13
 1.00E-74 1.00E-74 1.00E-74 1.00E-74 1.00E-74 3.77E-27 8.36E-20 2.15E-17
 3.30E-16 4.82E-15 3.80E-14 1.58E-13 2.84E-13 3.31E-13
 1.00E-74 1.00E-74 1.00E-74 1.00E-74 1.00E-74 3.69E-27 8.20E-20 2.11E-17
 3.24E-16 4.75E-15 3.75E-14 1.56E-13 2.82E-13 3.29E-13
  3.40232    7  14 /pl=01:ss=15:pb= 1:sz=15/type=excit/ispb = t/isel =    2
 1.00E+10 1.00E+11 1.00E+12 1.00E+13 1.00E+14 1.00E+15 1.00E+16
 4.41E+00 6.62E+00 1.10E+01 2.21E+01 4.41E+01 1.10E+02 2.21E+02 3.31E+02
 4.41E+02 6.62E+02 1.10E+03 2.21E+03 4.41E+03 6.62E+03
 1.00E-74 1.00E-74 1.00E-74 1.00E-74 1.00E-74 1.72E-26 1.82E-19 3.67E-17
 5.04E-16 6.53E-15 4.66E-14 1.80E-13 3.16E-13 3.66E-13
 1.00E-74 1.00E-74 1.00E-74 1.00E-74 1.00E-74 1.72E-26 1.82E-19 3.67E-17
 5.04E-16 6.53E-15 4.66E-14 1.80E-13 3.16E-13 3.66E-13
 1.00E-74 1.00E-74 1.00E-74 1.00E-74 1.00E-74 1.72E-26 1.82E-19 3.67E-17
 5.04E-16 6.53E-15 4.66E-14 1.80E-13 3.16E-13 3.66E-13
 1.00E-74 1.00E-74 1.00E-74 1.00E-74 1.00E-74 1.72E-26 1.82E-19 3.67E-17
 5.04E-16 6.53E-15 4.66E-14 1.80E-13 3.16E-13 3.66E-13
 1.00E-74 1.00E-74 1.00E-74 1.00E-74 1.00E-74 1.72E-26 1.82E-19 3.67E-17
 5.04E-16 6.53E-15 4.66E-14 1.79E-13 3.16E-13 3.66E-13
 1.00E-74 1.00E-74 1.00E-74 1.00E-74 1.13E-47 1.72E-26 1.82E-19 3.67E-17
 5.03E-16 6.52E-15 4.65E-14 1.79E-13 3.16E-13 3.66E-13
 1.00E-74 1.00E-74 1.00E-74 1.00E-74 7.76E-48 1.68E-26 1.79E-19 3.60E-17
 4.95E-16 6.42E-15 4.59E-14 1.77E-13 3.14E-13 3.63E-13
  3.41624    7  14 /pl=01:ss=15:pb= 1:sz=15/type=excit/ispb = t/isel =    3
 1.00E+10 1.00E+11 1.00E+12 1.00E+13 1.00E+14 1.00E+15 1.00E+16
 4.41E+00 6.62E+00 1.10E+01 2.21E+01 4.41E+01 1.10E+02 2.21E+02 3.31E+02
 4.41E+02 6.62E+02 1.10E+03 2.21E+03 4.41E+03 6.62E+03
 1.00E-74 1.00E-74 1.00E-74 1.00E-74 1.00E-74 2.47E-26 2.48E-19 4.91E-17
 6.67E-16 8.54E-15 6.03E-14 2.32E-13 4.08E-13 4.71E-13
 1.00E-74 1.00E-74 1.00E-74 1.00E-74 1.00E-74 2.47E-26 2.48E-19 4.91E-17
 6.67E-16 8.54E-15 6.03E-14 2.32E-13 4.08E-13 4.71E-13
 1.00E-74 1.00E-74 1.00E-74 1.00E-74 1.00E-74 2.47E-26 2.48E-19 4.91E-17
 6.67E-16 8.54E-15 6.03E-14 2.32E-13 4.08E-13 4.71E-13
 1.00E-74 1.00E-74 1.00E-74 1.00E-74 1.00E-74 2.47E-26 2.48E-19 4.91E-17
 6.67E-16 8.54E-15 6.03E-14 2.32E-13 4.08E-13 4.71E-13
 1.00E-74 1.00E-74 1.00E-74 1.00E-74 1.00E-74 2.47E-26 2.48E-19 4.91E-17
 6.66E-16 8.54E-15 6.03E-14 2.32E-13 4.08E-13 4.71E-13
 1.00E-74 1.00E-74 1.00E-74 1.00E-74 1.00E-74 2.47E-26 2.48E-19 4.90E-17
 6.65E-16 8.52E-15 6.02E-14 2.32E-13 4.07E-13 4.71E-13
 1.00E-74 1.00E-74 1.00E-74 1.00E-74 1.41E-47 2.42E-26 2.43E-19 4.81E-17
 6.54E-16 8.40E-15 5.95E-14 2.29E-13 4.04E-13 4.67E-13
  3.41652    7  14 /pl=01:ss=15:pb= 1:sz=15/type=excit/ispb = t/isel =    4
 1.00E+10 1.00E+11 1.00E+12 1.00E+13 1.00E+14 1.00E+15 1.00E+16
 4.41E+00 6.62E+00 1.10E+01 2.21E+01 4.41E+01 1.10E+02 2.21E+02 3.31E+02
 4.41E+02 6.62E+02 1.10E+03 2.21E+03 4.41E+03 6.62E+03
 1.00E-74 1.00E-74 1.00E-74 1.00E-74 1.00E-74 4.95E-26 4.94E-19 9.80E-17
 1.32E-15 1.70E-14 1.20E-13 4.63E-13 8.11E-13 9.38E-13
 1.00E-74 1.00E-74 1.00E-74 1.00E-74 1.00E-74 4.95E-26 4.94E-19 9.80E-17
 1.32E-15 1.70E-14 1.20E-13 4.63E-13 8.11E-13 9.38E-13
 1.00E-74 1.00E-74 1.00E-74 1.00E-74 1.00E-74 4.95E-26 4.94E-19 9.80E-17
 1.32E-15 1.70E-14 1.20E-13 4.63E-13 8.11E-13 9.38E-13
 1.00E-74 1.00E-74 1.00E-74 1.00E-74 1.00E-74 4.95E-26 4.94E-19 9.80E-17
 1.32E-15 1.70E-14 1.20E-13 4.63E-13 8.11E-13 9.38E-13
 1.00E-74 1.00E-74 1.00E-74 1.00E-74 1.00E-74 4.94E-26 4.94E-19 9.80E-17
 1.32E-15 1.70E-14 1.20E-13 4.63E-13 8.11E-13 9.38E-13
 1.00E-74 1.00E-74 1.00E-74 1.00E-74 2.85E-47 4.93E-26 4.93E-19 9.78E-17
 1.32E-15 1.70E-14 1.20E-13 4.63E-13 8.10E-13 9.37E-13
 1.00E-74 1.00E-74 1.00E-74 1.00E-74 2.80E-47 4.83E-26 4.84E-19 9.61E-17
 1.30E-15 1.67E-14 1.19E-13 4.58E-13 8.04E-13 9.31E-13
  3.96731    7  14 /pl=01:ss=15:pb= 1:sz=15/type=excit/ispb = t/isel =    5
 1.00E+10 1.00E+11 1.00E+12 1.00E+13 1.00E+14 1.00E+15 1.00E+16
 4.41E+00 6.62E+00 1.10E+01 2.21E+01 4.41E+01 1.10E+02 2.21E+02 3.31E+02
 4.41E+02 6.62E+02 1.10E+03 2.21E+03 4.41E+03 6.62E+03
 1.00E-74 1.00E-74 1.00E-74 1.00E-74 8.80E-43 2.12E-24 2.18E-18 2.08E-16
 1.96E-15 1.78E-14 9.75E-14 3.12E-13 5.05E-13 5.68E-13
 1.00E-74 1.00E-74 1.00E-74 1.00E-74 1.14E-42 2.12E-24 2.18E-18 2.08E-16
 1.96E-15 1.78E-14 9.75E-14 3.12E-13 5.05E-13 5.68E-13
 1.00E-74 1.00E-74 1.00E-74 1.00E-74 1.15E-42 2.12E-24 2.18E-18 2.08E-16
 1.96E-15 1.78E-14 9.75E-14 3.12E-13 5.05E-13 5.68E-13
 1.00E-74 1.00E-74 1.00E-74 1.00E-74 1.16E-42 2.12E-24 2.18E-18 2.08E-16
 1.96E-15 1.78E-14 9.75E-14 3.12E-13 5.05E-13 5.68E-13
 1.00E-74 1.00E-74 1.00E-74 1.00E-74 1.16E-42 2.12E-24 2.18E-18 2.08E-16
 1.96E-15 1.78E-14 9.75E-14 3.12E-13 5.05E-13 5.68E-13
 1.00E-74 1.00E-74 1.00E-74 1.00E-74 1.16E-42 2.13E-24 2.18E-18 2.08E-16
 1.96E-15 1.78E-14 9.75E-14 3.12E-13 5.05E-13 5.68E-13
 1.00E-74 1.00E-74 1.00E-74 1.00E-74 1.22E-42 2.19E-24 2.22E-18 2.11E-16
 1.99E-15 1.80E-14 9.82E-14 3.13E-13 5.07E-13 5.69E-13
  3.96832    7  14 /pl=01:ss=15:pb= 1:sz=15/type=excit/ispb = t/isel =    6
 1.00E+10 1.00E+11 1.00E+12 1.00E+13 1.00E+14 1.00E+15 1.00E+16
 4.41E+00 6.62E+00 1.10E+01 2.21E+01 4.41E+01 1.10E+02 2.21E+02 3.31E+02
 4.41E+02 6.62E+02 1.10E+03 2.21E+03 4.41E+03 6.62E+03
 1.00E-74 1.00E-74 1.00E-74 1.00E-74 3.10E-42 3.77E-24 3.83E-18 3.57E-16
 3.32E-15 2.95E-14 1.57E-13 4.92E-13 7.90E-13 8.91E-13
 1.00E-74 1.00E-74 1.00E-74 1.00E-74 2.17E-42 3.77E-24 3.83E-18 3.57E-16
 3.32E-15 2.95E-14 1.57E-13 4.92E-13 7.90E-13 8.91E-13
 1.00E-74 1.00E-74 1.00E-74 1.00E-74 2.07E-42 3.77E-24 3.83E-18 3.57E-16
 3.32E-15 2.95E-14 1.57E-13 4.92E-13 7.90E-13 8.91E-13
 1.00E-74 1.00E-74 1.00E-74 1.00E-74 2.09E-42 3.77E-24 3.83E-18 3.57E-16
 3.32E-15 2.95E-14 1.57E-13 4.92E-13 7.90E-13 8.91E-13
 1.00E-74 1.00E-74 1.00E-74 1.00E-74 2.09E-42 3.77E-24 3.83E-18 3.57E-16
 3.32E-15 2.95E-14 1.57E-13 4.92E-13 7.90E-13 8.91E-13
 1.00E-74 1.00E-74 1.00E-74 1.00E-74 2.09E-42 3.76E-24 3.82E-18 3.56E-16
 3.32E-15 2.95E-14 1.57E-13 4.92E-13 7.89E-13 8.90E-13
 1.00E-74 1.00E-74 1.00E-74 1.00E-74 2.09E-42 3.73E-24 3.79E-18 3.53E-16
 3.29E-15 2.92E-14 1.55E-13 4.89E-13 7.85E-13 8.86E-13
  3.98011    7  14 /pl=01:ss=15:pb= 1:sz=15/type=excit/ispb = t/isel =    7
 1.00E+10 1.00E+11 1.00E+12 1.00E+13 1.00E+14 1.00E+15 1.00E+16
 4.41E+00 6.62E+00 1.10E+01 2.21E+01 4.41E+01 1.10E+02 2.21E+02 3.31E+02
 4.41E+02 6.62E+02 1.10E+03 2.21E+03 4.41E+03 6.62E+03
 1.00E-74 1.00E-74 1.00E-74 1.00E-74 2.86E-41 3.87E-23 3.74E-17 3.41E-15
 3.13E-14 2.73E-13 1.42E-12 4.40E-12 7.04E-12 7.93E-12
 1.00E-74 1.00E-74 1.00E-74 1.00E-74 2.43E-41 3.87E-23 3.74E-17 3.41E-15
 3.13E-14 2.73E-13 1.42E-12 4.40E-12 7.04E-12 7.93E-12
 1.00E-74 1.00E-74 1.00E-74 1.00E-74 2.44E-41 3.87E-23 3.74E-17 3.41E-15
 3.13E-14 2.73E-13 1.42E-12 4.40E-12 7.04E-12 7.93E-12
 1.00E-74 1.00E-74 1.00E-74 1.00E-74 2.45E-41 3.87E-23 3.74E-17 3.41E-15
 3.13E-14 2.73E-13 1.42E-12 4.40E-12 7.04E-12 7.93E-12
 1.00E-74 1.00E-74 1.00E-74 1.00E-74 2.45E-41 3.87E-23 3.74E-17 3.41E-15
 3.13E-14 2.73E-13 1.42E-12 4.40E-12 7.04E-12 7.93E-12
 1.00E-74 1.00E-74 1.00E-74 1.00E-74 2.44E-41 3.86E-23 3.74E-17 3.40E-15
 3.13E-14 2.72E-13 1.42E-12 4.40E-12 7.03E-12 7.92E-12
 1.00E-74 1.00E-74 1.00E-74 1.00E-74 2.40E-41 3.79E-23 3.67E-17 3.35E-15
 3.08E-14 2.69E-13 1.40E-12 4.35E-12 6.98E-12 7.87E-12
  3.98225    7  14 /pl=01:ss=15:pb= 1:sz=15/type=excit/ispb = t/isel =    8
 1.00E+10 1.00E+11 1.00E+12 1.00E+13 1.00E+14 1.00E+15 1.00E+16
 4.41E+00 6.62E+00 1.10E+01 2.21E+01 4.41E+01 1.10E+02 2.21E+02 3.31E+02
 4.41E+02 6.62E+02 1.10E+03 2.21E+03 4.41E+03 6.62E+03
 1.00E-74 1.00E-74 1.00E-74 1.00E-74 1.22E-41 1.67E-23 1.60E-17 1.46E-15
 1.33E-14 1.16E-13 6.07E-13 1.87E-12 2.99E-12 3.38E-12
 1.00E-74 1.00E-74 1.00E-74 1.00E-74 1.09E-41 1.67E-23 1.60E-17 1.46E-15
 1.33E-14 1.16E-13 6.07E-13 1.87E-12 2.99E-12 3.38E-12
 1.00E-74 1.00E-74 1.00E-74 1.00E-74 1.08E-41 1.67E-23 1.60E-17 1.46E-15
 1.33E-14 1.16E-13 6.07E-13 1.87E-12 2.99E-12 3.38E-12
 1.00E-74 1.00E-74 1.00E-74 1.00E-74 1.08E-41 1.67E-23 1.60E-17 1.46E-15
 1.33E-14 1.16E-13 6.07E-13 1.87E-12 2.99E-12 3.38E-12
 1.00E-74 1.00E-74 1.00E-74 1.00E-74 1.08E-41 1.67E-23 1.60E-17 1.46E-15
 1.33E-14 1.16E-13 6.07E-13 1.87E-12 2.99E-12 3.38E-12
 1.00E-74 1.00E-74 1.00E-74 1.00E-74 1.08E-41 1.67E-23 1.60E-17 1.45E-15
 1.33E-14 1.16E-13 6.06E-13 1.87E-12 2.99E-12 3.38E-12
 1.00E-74 1.00E-74 1.00E-74 1.00E-74 1.06E-41 1.64E-23 1.58E-17 1.43E-15
 1.31E-14 1.15E-13 5.99E-13 1.85E-12 2.97E-12 3.36E-12
  4.05613    7  14 /pl=01:ss=15:pb= 1:sz=15/type=excit/ispb = t/isel =    9
 1.00E+10 1.00E+11 1.00E+12 1.00E+13 1.00E+14 1.00E+15 1.00E+16
 4.41E+00 6.62E+00 1.10E+01 2.21E+01 4.41E+01 1.10E+02 2.21E+02 3.31E+02
 4.41E+02 6.62E+02 1.10E+03 2.21E+03 4.41E+03 6.62E+03
 1.00E-74 1.00E-74 1.00E-74 1.00E-74 1.29E-42 1.43E-24 1.26E-18 1.14E-16
 1.06E-15 9.47E-15 5.11E-14 1.60E-13 2.47E-13 2.68E-13
 1.00E-74 1.00E-74 1.00E-74 1.00E-74 1.29E-42 1.43E-24 1.26E-18 1.14E-16
 1.06E-15 9.47E-15 5.11E-14 1.60E-13 2.47E-13 2.68E-13
 1.00E-74 1.00E-74 1.00E-74 1.00E-74 1.29E-42 1.43E-24 1.26E-18 1.14E-16
 1.06E-15 9.47E-15 5.11E-14 1.60E-13 2.47E-13 2.68E-13
 1.00E-74 1.00E-74 1.00E-74 1.00E-74 1.29E-42 1.43E-24 1.26E-18 1.14E-16
 1.06E-15 9.47E-15 5.11E-14 1.60E-13 2.47E-13 2.68E-13
 1.00E-74 1.00E-74 1.00E-74 1.00E-74 1.29E-42 1.43E-24 1.26E-18 1.14E-16
 1.05E-15 9.46E-15 5.11E-14 1.60E-13 2.47E-13 2.68E-13
 1.00E-74 1.00E-74 1.00E-74 1.00E-74 1.29E-42 1.43E-24 1.25E-18 1.13E-16
 1.05E-15 9.44E-15 5.10E-14 1.60E-13 2.47E-13 2.68E-13
 1.00E-74 1.00E-74 1.00E-74 1.00E-74 1.25E-42 1.39E-24 1.22E-18 1.11E-16
 1.03E-15 9.25E-15 5.01E-14 1.57E-13 2.44E-13 2.65E-13
  4.06013    7  14 /pl=01:ss=15:pb= 1:sz=15/type=excit/ispb = t/isel =   10
 1.00E+10 1.00E+11 1.00E+12 1.00E+13 1.00E+14 1.00E+15 1.00E+16
 4.41E+00 6.62E+00 1.10E+01 2.21E+01 4.41E+01 1.10E+02 2.21E+02 3.31E+02
 4.41E+02 6.62E+02 1.10E+03 2.21E+03 4.41E+03 6.62E+03
 1.00E-74 1.00E-74 1.00E-74 1.00E-74 2.59E-42 2.87E-24 2.52E-18 2.28E-16
 2.12E-15 1.90E-14 1.02E-13 3.21E-13 4.96E-13 5.37E-13
 1.00E-74 1.00E-74 1.00E-74 1.00E-74 2.59E-42 2.87E-24 2.52E-18 2.28E-16
 2.12E-15 1.90E-14 1.02E-13 3.21E-13 4.96E-13 5.37E-13
 1.00E-74 1.00E-74 1.00E-74 1.00E-74 2.59E-42 2.87E-24 2.52E-18 2.28E-16
 2.12E-15 1.90E-14 1.02E-13 3.21E-13 4.96E-13 5.37E-13
 1.00E-74 1.00E-74 1.00E-74 1.00E-74 2.59E-42 2.87E-24 2.52E-18 2.28E-16
 2.12E-15 1.90E-14 1.02E-13 3.21E-13 4.96E-13 5.37E-13
 1.00E-74 1.00E-74 1.00E-74 1.00E-74 2.59E-42 2.87E-24 2.52E-18 2.28E-16
 2.12E-15 1.90E-14 1.02E-13 3.21E-13 4.96E-13 5.37E-13
 1.00E-74 1.00E-74 1.00E-74 1.00E-74 2.58E-42 2.86E-24 2.51E-18 2.27E-16
 2.11E-15 1.89E-14 1.02E-13 3.20E-13 4.95E-13 5.37E-13
 1.00E-74 1.00E-74 1.00E-74 1.00E-74 2.52E-42 2.78E-24 2.45E-18 2.22E-16
 2.06E-15 1.86E-14 1.00E-13 3.16E-13 4.90E-13 5.31E-13
  14.6222    7  14 /pl=01:ss=15:pb= 1:sz=15/type=excit/ispb = t/isel =   11
 1.00E+10 1.00E+11 1.00E+12 1.00E+13 1.00E+14 1.00E+15 1.00E+16
 4.41E+00 6.62E+00 1.10E+01 2.21E+01 4.41E+01 1.10E+02 2.21E+02 3.31E+02
 4.41E+02 6.62E+02 1.10E+03 2.21E+03 4.41E+03 6.62E+03
 1.00E-74 1.00E-74 1.00E-74 7.83E-29 1.23E-20 8.07E-16 2.74E-14 8.30E-14
 1.41E-13 2.34E-13 3.43E-13 4.52E-13 5.09E-13 5.15E-13
 1.00E-74 1.00E-74 1.71E-45 7.83E-29 1.23E-20 8.07E-16 2.74E-14 8.30E-14
 1.41E-13 2.34E-13 3.43E-13 4.52E-13 5.09E-13 5.15E-13
 1.00E-74 1.00E-74 2.22E-45 7.83E-29 1.23E-20 8.07E-16 2.74E-14 8.30E-14
 1.41E-13 2.34E-13 3.43E-13 4.52E-13 5.09E-13 5.15E-13
 1.00E-74 1.00E-74 2.24E-45 7.83E-29 1.23E-20 8.07E-16 2.74E-14 8.30E-14
 1.41E-13 2.34E-13 3.43E-13 4.52E-13 5.09E-13 5.15E-13
 1.00E-74 1.00E-74 2.24E-45 7.84E-29 1.23E-20 8.07E-16 2.74E-14 8.30E-14
 1.41E-13 2.34E-13 3.43E-13 4.52E-13 5.08E-13 5.15E-13
 1.00E-74 1.00E-74 2.25E-45 7.87E-29 1.24E-20 8.08E-16 2.74E-14 8.31E-14
 1.41E-13 2.33E-13 3.42E-13 4.52E-13 5.08E-13 5.14E-13
 1.00E-74 1.00E-74 2.37E-45 8.13E-29 1.26E-20 8.12E-16 2.74E-14 8.30E-14
 1.41E-13 2.32E-13 3.40E-13 4.47E-13 5.02E-13 5.09E-13
  14.6234    7  14 /pl=01:ss=15:pb= 1:sz=15/type=excit/ispb = t/isel =   12
 1.00E+10 1.00E+11 1.00E+12 1.00E+13 1.00E+14 1.00E+15 1.00E+16
 4.41E+00 6.62E+00 1.10E+01 2.21E+01 4.41E+01 1.10E+02 2.21E+02 3.31E+02
 4.41E+02 6.62E+02 1.10E+03 2.21E+03 4.41E+03 6.62E+03
 1.00E-74 1.00E-74 1.00E-74 3.93E-29 6.18E-21 4.04E-16 1.37E-14 4.16E-14
 7.06E-14 1.17E-13 1.72E-13 2.27E-13 2.54E-13 2.57E-13
 1.00E-74 1.00E-74 1.71E-45 3.93E-29 6.18E-21 4.04E-16 1.37E-14 4.16E-14
 7.06E-14 1.17E-13 1.72E-13 2.27E-13 2.54E-13 2.57E-13
 1.00E-74 1.00E-74 1.20E-45 3.93E-29 6.18E-21 4.04E-16 1.37E-14 4.16E-14
 7.06E-14 1.17E-13 1.72E-13 2.27E-13 2.54E-13 2.57E-13
 1.00E-74 1.00E-74 1.13E-45 3.93E-29 6.18E-21 4.04E-16 1.37E-14 4.16E-14
 7.06E-14 1.17E-13 1.72E-13 2.27E-13 2.54E-13 2.57E-13
 1.00E-74 1.00E-74 1.13E-45 3.93E-29 6.19E-21 4.04E-16 1.37E-14 4.16E-14
 7.06E-14 1.17E-13 1.72E-13 2.27E-13 2.54E-13 2.57E-13
 1.00E-74 1.00E-74 1.14E-45 3.95E-29 6.21E-21 4.05E-16 1.37E-14 4.16E-14
 7.06E-14 1.17E-13 1.72E-13 2.26E-13 2.54E-13 2.57E-13
 1.00E-74 1.00E-74 1.22E-45 4.13E-29 6.37E-21 4.09E-16 1.38E-14 4.18E-14
 7.07E-14 1.17E-13 1.71E-13 2.24E-13 2.51E-13 2.54E-13
  15.0823    7  14 /pl=01:ss=15:pb= 1:sz=15/type=excit/ispb = t/isel =   13
 1.00E+10 1.00E+11 1.00E+12 1.00E+13 1.00E+14 1.00E+15 1.00E+16
 4.41E+00 6.62E+00 1.10E+01 2.21E+01 4.41E+01 1.10E+02 2.21E+02 3.31E+02
 4.41E+02 6.62E+02 1.10E+03 2.21E+03 4.41E+03 6.62E+03
 1.00E-74 1.00E-74 5.41E-44 4.53E-28 4.03E-20 1.88E-15 5.70E-14 1.66E-13
 2.77E-13 4.46E-13 6.38E-13 8.11E-13 8.83E-13 8.89E-13
 1.00E-74 1.00E-74 4.06E-44 4.53E-28 4.03E-20 1.88E-15 5.70E-14 1.66E-13
 2.77E-13 4.46E-13 6.38E-13 8.11E-13 8.83E-13 8.89E-13
 1.00E-74 1.00E-74 4.14E-44 4.53E-28 4.03E-20 1.88E-15 5.70E-14 1.66E-13
 2.77E-13 4.46E-13 6.38E-13 8.11E-13 8.83E-13 8.89E-13
 1.00E-74 1.00E-74 4.13E-44 4.53E-28 4.03E-20 1.88E-15 5.70E-14 1.66E-13
 2.77E-13 4.46E-13 6.38E-13 8.11E-13 8.83E-13 8.89E-13
 1.00E-74 1.00E-74 4.14E-44 4.53E-28 4.03E-20 1.88E-15 5.70E-14 1.66E-13
 2.77E-13 4.46E-13 6.38E-13 8.11E-13 8.83E-13 8.89E-13
 1.00E-74 1.00E-74 4.16E-44 4.54E-28 4.04E-20 1.88E-15 5.70E-14 1.66E-13
 2.77E-13 4.46E-13 6.38E-13 8.10E-13 8.83E-13 8.88E-13
 1.00E-74 1.00E-74 4.38E-44 4.68E-28 4.09E-20 1.88E-15 5.68E-14 1.65E-13
 2.75E-13 4.44E-13 6.34E-13 8.05E-13 8.76E-13 8.82E-13
  15.0843    7  14 /pl=01:ss=15:pb= 1:sz=15/type=excit/ispb = t/isel =   14
 1.00E+10 1.00E+11 1.00E+12 1.00E+13 1.00E+14 1.00E+15 1.00E+16
 4.41E+00 6.62E+00 1.10E+01 2.21E+01 4.41E+01 1.10E+02 2.21E+02 3.31E+02
 4.41E+02 6.62E+02 1.10E+03 2.21E+03 4.41E+03 6.62E+03
 1.00E-74 1.00E-74 2.70E-44 2.28E-28 2.02E-20 9.38E-16 2.85E-14 8.32E-14
 1.39E-13 2.24E-13 3.20E-13 4.04E-13 4.41E-13 4.43E-13
 1.00E-74 1.00E-74 2.16E-44 2.28E-28 2.02E-20 9.38E-16 2.85E-14 8.32E-14
 1.39E-13 2.24E-13 3.20E-13 4.04E-13 4.41E-13 4.43E-13
 1.00E-74 1.00E-74 2.08E-44 2.28E-28 2.02E-20 9.38E-16 2.85E-14 8.32E-14
 1.39E-13 2.24E-13 3.20E-13 4.04E-13 4.41E-13 4.43E-13
 1.00E-74 1.00E-74 2.09E-44 2.28E-28 2.02E-20 9.38E-16 2.85E-14 8.32E-14
 1.39E-13 2.24E-13 3.20E-13 4.04E-13 4.41E-13 4.43E-13
 1.00E-74 1.00E-74 2.09E-44 2.28E-28 2.02E-20 9.38E-16 2.85E-14 8.32E-14
 1.39E-13 2.24E-13 3.20E-13 4.04E-13 4.41E-13 4.43E-13
 1.00E-74 1.00E-74 2.10E-44 2.29E-28 2.02E-20 9.39E-16 2.85E-14 8.32E-14
 1.39E-13 2.24E-13 3.20E-13 4.04E-13 4.40E-13 4.43E-13
 1.00E-74 1.00E-74 2.24E-44 2.38E-28 2.06E-20 9.45E-16 2.85E-14 8.31E-14
 1.38E-13 2.23E-13 3.18E-13 4.02E-13 4.38E-13 4.40E-13
  15.2483    7  14 /pl=01:ss=15:pb= 1:sz=15/type=excit/ispb = t/isel =   15
 1.00E+10 1.00E+11 1.00E+12 1.00E+13 1.00E+14 1.00E+15 1.00E+16
 4.41E+00 6.62E+00 1.10E+01 2.21E+01 4.41E+01 1.10E+02 2.21E+02 3.31E+02
 4.41E+02 6.62E+02 1.10E+03 2.21E+03 4.41E+03 6.62E+03
 1.00E-74 1.00E-74 1.00E-74 8.62E-29 1.36E-20 8.80E-16 2.92E-14 8.59E-14
 1.42E-13 2.20E-13 2.90E-13 3.14E-13 2.83E-13 2.54E-13
 1.00E-74 1.00E-74 3.04E-45 8.62E-29 1.36E-20 8.80E-16 2.92E-14 8.59E-14
 1.42E-13 2.20E-13 2.90E-13 3.14E-13 2.83E-13 2.54E-13
 1.00E-74 1.00E-74 2.43E-45 8.62E-29 1.36E-20 8.80E-16 2.92E-14 8.59E-14
 1.42E-13 2.20E-13 2.90E-13 3.14E-13 2.83E-13 2.54E-13
 1.00E-74 1.00E-74 2.43E-45 8.62E-29 1.36E-20 8.80E-16 2.92E-14 8.59E-14
 1.42E-13 2.20E-13 2.90E-13 3.14E-13 2.83E-13 2.54E-13
 1.00E-74 1.00E-74 2.44E-45 8.63E-29 1.36E-20 8.81E-16 2.92E-14 8.60E-14
 1.42E-13 2.21E-13 2.90E-13 3.14E-13 2.83E-13 2.54E-13
 1.00E-74 1.00E-74 2.49E-45 8.76E-29 1.38E-20 8.87E-16 2.93E-14 8.64E-14
 1.42E-13 2.21E-13 2.91E-13 3.15E-13 2.84E-13 2.55E-13
 1.00E-74 1.00E-74 2.98E-45 9.98E-29 1.51E-20 9.42E-16 3.07E-14 9.00E-14
 1.48E-13 2.29E-13 3.01E-13 3.25E-13 2.93E-13 2.62E-13
  15.6868    7  14 /pl=01:ss=15:pb= 1:sz=15/type=excit/ispb = t/isel =   16
 1.00E+10 1.00E+11 1.00E+12 1.00E+13 1.00E+14 1.00E+15 1.00E+16
 4.41E+00 6.62E+00 1.10E+01 2.21E+01 4.41E+01 1.10E+02 2.21E+02 3.31E+02
 4.41E+02 6.62E+02 1.10E+03 2.21E+03 4.41E+03 6.62E+03
 1.00E-74 1.00E-74 4.20E-44 2.84E-28 2.51E-20 1.15E-15 3.39E-14 9.61E-14
 1.55E-13 2.37E-13 3.04E-13 3.17E-13 2.77E-13 2.46E-13
 1.00E-74 1.00E-74 2.52E-44 2.84E-28 2.51E-20 1.15E-15 3.39E-14 9.61E-14
 1.55E-13 2.37E-13 3.04E-13 3.17E-13 2.77E-13 2.46E-13
 1.00E-74 1.00E-74 2.56E-44 2.84E-28 2.51E-20 1.15E-15 3.39E-14 9.61E-14
 1.55E-13 2.37E-13 3.04E-13 3.17E-13 2.77E-13 2.46E-13
 1.00E-74 1.00E-74 2.57E-44 2.84E-28 2.51E-20 1.15E-15 3.39E-14 9.61E-14
 1.55E-13 2.37E-13 3.04E-13 3.17E-13 2.77E-13 2.46E-13
 1.00E-74 1.00E-74 2.58E-44 2.85E-28 2.51E-20 1.15E-15 3.39E-14 9.61E-14
 1.55E-13 2.37E-13 3.04E-13 3.17E-13 2.77E-13 2.46E-13
 1.00E-74 1.00E-74 2.63E-44 2.89E-28 2.54E-20 1.16E-15 3.40E-14 9.65E-14
 1.56E-13 2.38E-13 3.05E-13 3.18E-13 2.78E-13 2.47E-13
 1.00E-74 1.00E-74 3.15E-44 3.28E-28 2.77E-20 1.22E-15 3.56E-14 1.00E-13
 1.62E-13 2.46E-13 3.15E-13 3.27E-13 2.86E-13 2.53E-13
  15.7460    7  14 /pl=01:ss=15:pb= 1:sz=15/type=excit/ispb = t/isel =   17
 1.00E+10 1.00E+11 1.00E+12 1.00E+13 1.00E+14 1.00E+15 1.00E+16
 4.41E+00 6.62E+00 1.10E+01 2.21E+01 4.41E+01 1.10E+02 2.21E+02 3.31E+02
 4.41E+02 6.62E+02 1.10E+03 2.21E+03 4.41E+03 6.62E+03
 1.00E-74 1.00E-74 4.99E-44 5.08E-28 4.52E-20 2.06E-15 6.08E-14 1.72E-13
 2.78E-13 4.26E-13 5.48E-13 5.73E-13 5.00E-13 4.39E-13
 1.00E-74 1.00E-74 4.49E-44 5.08E-28 4.52E-20 2.06E-15 6.08E-14 1.72E-13
 2.78E-13 4.26E-13 5.48E-13 5.73E-13 5.00E-13 4.39E-13
 1.00E-74 1.00E-74 4.59E-44 5.08E-28 4.52E-20 2.06E-15 6.08E-14 1.72E-13
 2.78E-13 4.26E-13 5.48E-13 5.73E-13 5.00E-13 4.39E-13
 1.00E-74 1.00E-74 4.59E-44 5.08E-28 4.52E-20 2.06E-15 6.08E-14 1.72E-13
 2.78E-13 4.26E-13 5.48E-13 5.73E-13 5.00E-13 4.39E-13
 1.00E-74 1.00E-74 4.60E-44 5.09E-28 4.52E-20 2.07E-15 6.09E-14 1.72E-13
 2.78E-13 4.26E-13 5.48E-13 5.73E-13 5.00E-13 4.39E-13
 1.00E-74 1.00E-74 4.67E-44 5.14E-28 4.56E-20 2.08E-15 6.11E-14 1.73E-13
 2.79E-13 4.27E-13 5.49E-13 5.74E-13 5.01E-13 4.40E-13
 1.00E-74 1.00E-74 5.42E-44 5.70E-28 4.89E-20 2.17E-15 6.31E-14 1.78E-13
 2.86E-13 4.37E-13 5.62E-13 5.87E-13 5.11E-13 4.49E-13
  15.9138    7  14 /pl=01:ss=15:pb= 1:sz=15/type=excit/ispb = t/isel =   18
 1.00E+10 1.00E+11 1.00E+12 1.00E+13 1.00E+14 1.00E+15 1.00E+16
 4.41E+00 6.62E+00 1.10E+01 2.21E+01 4.41E+01 1.10E+02 2.21E+02 3.31E+02
 4.41E+02 6.62E+02 1.10E+03 2.21E+03 4.41E+03 6.62E+03
 1.00E-74 1.00E-74 4.15E-42 6.51E-27 2.21E-19 5.86E-15 1.48E-13 4.10E-13
 6.61E-13 1.04E-12 1.45E-12 1.80E-12 1.94E-12 1.95E-12
 1.00E-74 1.00E-74 4.15E-42 6.51E-27 2.21E-19 5.86E-15 1.48E-13 4.10E-13
 6.61E-13 1.04E-12 1.45E-12 1.80E-12 1.94E-12 1.95E-12
 1.00E-74 1.00E-74 4.15E-42 6.51E-27 2.21E-19 5.86E-15 1.48E-13 4.10E-13
 6.61E-13 1.04E-12 1.45E-12 1.80E-12 1.94E-12 1.95E-12
 1.00E-74 1.00E-74 4.15E-42 6.51E-27 2.21E-19 5.86E-15 1.48E-13 4.10E-13
 6.61E-13 1.04E-12 1.45E-12 1.80E-12 1.94E-12 1.95E-12
 1.00E-74 1.00E-74 4.15E-42 6.51E-27 2.21E-19 5.86E-15 1.48E-13 4.09E-13
 6.61E-13 1.04E-12 1.45E-12 1.80E-12 1.94E-12 1.95E-12
 1.00E-74 1.00E-74 4.18E-42 6.53E-27 2.21E-19 5.86E-15 1.48E-13 4.09E-13
 6.60E-13 1.04E-12 1.45E-12 1.80E-12 1.94E-12 1.94E-12
 1.00E-74 1.00E-74 4.39E-42 6.72E-27 2.24E-19 5.86E-15 1.48E-13 4.07E-13
 6.57E-13 1.03E-12 1.44E-12 1.79E-12 1.93E-12 1.93E-12
  15.9177    7  14 /pl=01:ss=15:pb= 1:sz=15/type=excit/ispb = t/isel =   19
 1.00E+10 1.00E+11 1.00E+12 1.00E+13 1.00E+14 1.00E+15 1.00E+16
 4.41E+00 6.62E+00 1.10E+01 2.21E+01 4.41E+01 1.10E+02 2.21E+02 3.31E+02
 4.41E+02 6.62E+02 1.10E+03 2.21E+03 4.41E+03 6.62E+03
 1.00E-74 1.00E-74 2.09E-42 3.28E-27 1.11E-19 2.94E-15 7.44E-14 2.05E-13
 3.32E-13 5.23E-13 7.27E-13 9.04E-13 9.72E-13 9.75E-13
 1.00E-74 1.00E-74 2.12E-42 3.28E-27 1.11E-19 2.94E-15 7.44E-14 2.05E-13
 3.32E-13 5.23E-13 7.27E-13 9.04E-13 9.72E-13 9.75E-13
 1.00E-74 1.00E-74 2.12E-42 3.28E-27 1.11E-19 2.94E-15 7.44E-14 2.05E-13
 3.32E-13 5.23E-13 7.27E-13 9.04E-13 9.72E-13 9.75E-13
 1.00E-74 1.00E-74 2.12E-42 3.28E-27 1.11E-19 2.94E-15 7.44E-14 2.05E-13
 3.32E-13 5.23E-13 7.27E-13 9.04E-13 9.72E-13 9.75E-13
 1.00E-74 1.00E-74 2.12E-42 3.28E-27 1.11E-19 2.94E-15 7.44E-14 2.05E-13
 3.32E-13 5.23E-13 7.27E-13 9.04E-13 9.72E-13 9.75E-13
 1.00E-74 1.00E-74 2.13E-42 3.29E-27 1.11E-19 2.94E-15 7.44E-14 2.05E-13
 3.32E-13 5.23E-13 7.27E-13 9.04E-13 9.72E-13 9.75E-13
 1.00E-74 1.00E-74 2.27E-42 3.41E-27 1.13E-19 2.96E-15 7.44E-14 2.05E-13
 3.32E-13 5.21E-13 7.24E-13 9.00E-13 9.68E-13 9.70E-13
  16.5817    7  14 /pl=01:ss=15:pb= 1:sz=15/type=excit/ispb = t/isel =   20
 1.00E+10 1.00E+11 1.00E+12 1.00E+13 1.00E+14 1.00E+15 1.00E+16
 4.41E+00 6.62E+00 1.10E+01 2.21E+01 4.41E+01 1.10E+02 2.21E+02 3.31E+02
 4.41E+02 6.62E+02 1.10E+03 2.21E+03 4.41E+03 6.62E+03
 1.00E-74 1.00E-74 2.69E-42 4.34E-27 1.47E-19 3.76E-15 9.14E-14 2.44E-13
 3.81E-13 5.64E-13 7.09E-13 7.26E-13 6.24E-13 5.47E-13
 1.00E-74 1.00E-74 2.72E-42 4.34E-27 1.47E-19 3.76E-15 9.14E-14 2.44E-13
 3.81E-13 5.64E-13 7.09E-13 7.26E-13 6.24E-13 5.47E-13
 1.00E-74 1.00E-74 2.72E-42 4.34E-27 1.47E-19 3.76E-15 9.14E-14 2.44E-13
 3.81E-13 5.64E-13 7.09E-13 7.26E-13 6.24E-13 5.47E-13
 1.00E-74 1.00E-74 2.72E-42 4.34E-27 1.47E-19 3.76E-15 9.14E-14 2.44E-13
 3.81E-13 5.64E-13 7.09E-13 7.26E-13 6.24E-13 5.47E-13
 1.00E-74 1.00E-74 2.72E-42 4.35E-27 1.47E-19 3.76E-15 9.14E-14 2.44E-13
 3.81E-13 5.64E-13 7.09E-13 7.26E-13 6.24E-13 5.47E-13
 1.00E-74 1.00E-74 2.78E-42 4.40E-27 1.48E-19 3.78E-15 9.18E-14 2.45E-13
 3.82E-13 5.66E-13 7.11E-13 7.28E-13 6.26E-13 5.48E-13
 1.00E-74 1.00E-74 3.27E-42 4.94E-27 1.60E-19 3.97E-15 9.54E-14 2.53E-13
 3.95E-13 5.83E-13 7.30E-13 7.46E-13 6.41E-13 5.61E-13
  16.6474    7  14 /pl=01:ss=15:pb= 1:sz=15/type=excit/ispb = t/isel =   21
 1.00E+10 1.00E+11 1.00E+12 1.00E+13 1.00E+14 1.00E+15 1.00E+16
 4.41E+00 6.62E+00 1.10E+01 2.21E+01 4.41E+01 1.10E+02 2.21E+02 3.31E+02
 4.41E+02 6.62E+02 1.10E+03 2.21E+03 4.41E+03 6.62E+03
 1.00E-74 1.00E-74 4.83E-42 7.79E-27 2.62E-19 6.72E-15 1.64E-13 4.37E-13
 6.85E-13 1.01E-12 1.27E-12 1.30E-12 1.12E-12 9.80E-13
 1.00E-74 1.00E-74 4.86E-42 7.79E-27 2.62E-19 6.72E-15 1.64E-13 4.37E-13
 6.85E-13 1.01E-12 1.27E-12 1.30E-12 1.12E-12 9.80E-13
 1.00E-74 1.00E-74 4.86E-42 7.79E-27 2.62E-19 6.72E-15 1.64E-13 4.37E-13
 6.85E-13 1.01E-12 1.27E-12 1.30E-12 1.12E-12 9.80E-13
 1.00E-74 1.00E-74 4.86E-42 7.79E-27 2.62E-19 6.72E-15 1.64E-13 4.37E-13
 6.85E-13 1.01E-12 1.27E-12 1.30E-12 1.12E-12 9.80E-13
 1.00E-74 1.00E-74 4.87E-42 7.80E-27 2.62E-19 6.73E-15 1.64E-13 4.37E-13
 6.85E-13 1.01E-12 1.27E-12 1.30E-12 1.12E-12 9.80E-13
 1.00E-74 1.00E-74 4.94E-42 7.88E-27 2.64E-19 6.75E-15 1.65E-13 4.38E-13
 6.87E-13 1.02E-12 1.27E-12 1.30E-12 1.12E-12 9.82E-13
 1.00E-74 1.00E-74 5.64E-42 8.62E-27 2.80E-19 6.99E-15 1.69E-13 4.49E-13
 7.02E-13 1.04E-12 1.30E-12 1.32E-12 1.14E-12 9.99E-13
  16.7101    7  14 /pl=01:ss=15:pb= 1:sz=15/type=excit/ispb = t/isel =   22
 1.00E+10 1.00E+11 1.00E+12 1.00E+13 1.00E+14 1.00E+15 1.00E+16
 4.41E+00 6.62E+00 1.10E+01 2.21E+01 4.41E+01 1.10E+02 2.21E+02 3.31E+02
 4.41E+02 6.62E+02 1.10E+03 2.21E+03 4.41E+03 6.62E+03
 1.00E-74 1.00E-74 2.08E-42 2.94E-27 9.38E-20 2.36E-15 5.75E-14 1.54E-13
 2.43E-13 3.64E-13 4.65E-13 4.93E-13 4.43E-13 3.98E-13
 1.00E-74 1.00E-74 2.07E-42 2.94E-27 9.38E-20 2.36E-15 5.75E-14 1.54E-13
 2.43E-13 3.64E-13 4.65E-13 4.93E-13 4.43E-13 3.98E-13
 1.00E-74 1.00E-74 2.07E-42 2.94E-27 9.38E-20 2.36E-15 5.75E-14 1.54E-13
 2.43E-13 3.64E-13 4.65E-13 4.93E-13 4.43E-13 3.98E-13
 1.00E-74 1.00E-74 2.07E-42 2.94E-27 9.38E-20 2.36E-15 5.75E-14 1.54E-13
 2.43E-13 3.64E-13 4.65E-13 4.93E-13 4.43E-13 3.98E-13
 1.00E-74 1.00E-74 2.07E-42 2.94E-27 9.38E-20 2.36E-15 5.75E-14 1.54E-13
 2.43E-13 3.64E-13 4.65E-13 4.93E-13 4.43E-13 3.98E-13
 1.00E-74 1.00E-74 2.07E-42 2.93E-27 9.36E-20 2.36E-15 5.74E-14 1.54E-13
 2.43E-13 3.63E-13 4.64E-13 4.93E-13 4.42E-13 3.97E-13
 1.00E-74 1.00E-74 2.05E-42 2.88E-27 9.14E-20 2.30E-15 5.62E-14 1.51E-13
 2.38E-13 3.57E-13 4.58E-13 4.87E-13 4.39E-13 3.95E-13
  17.7151    7  14 /pl=01:ss=15:pb= 1:sz=15/type=excit/ispb = t/isel =   23
 1.00E+10 1.00E+11 1.00E+12 1.00E+13 1.00E+14 1.00E+15 1.00E+16
 4.41E+00 6.62E+00 1.10E+01 2.21E+01 4.41E+01 1.10E+02 2.21E+02 3.31E+02
 4.41E+02 6.62E+02 1.10E+03 2.21E+03 4.41E+03 6.62E+03
 1.00E-74 1.00E-74 1.47E-38 6.32E-25 3.55E-18 3.28E-14 5.97E-13 1.48E-12
 2.28E-12 3.42E-12 4.60E-12 5.57E-12 5.97E-12 5.96E-12
 1.00E-74 1.00E-74 1.47E-38 6.32E-25 3.55E-18 3.28E-14 5.97E-13 1.48E-12
 2.28E-12 3.42E-12 4.60E-12 5.57E-12 5.97E-12 5.96E-12
 1.00E-74 1.00E-74 1.47E-38 6.32E-25 3.55E-18 3.28E-14 5.97E-13 1.48E-12
 2.28E-12 3.42E-12 4.60E-12 5.57E-12 5.97E-12 5.96E-12
 1.00E-74 1.00E-74 1.47E-38 6.32E-25 3.55E-18 3.28E-14 5.97E-13 1.48E-12
 2.28E-12 3.42E-12 4.60E-12 5.57E-12 5.97E-12 5.96E-12
 1.00E-74 1.00E-74 1.47E-38 6.32E-25 3.55E-18 3.28E-14 5.97E-13 1.48E-12
 2.28E-12 3.42E-12 4.60E-12 5.57E-12 5.97E-12 5.96E-12
 1.00E-74 1.00E-74 1.48E-38 6.34E-25 3.55E-18 3.28E-14 5.97E-13 1.48E-12
 2.28E-12 3.42E-12 4.60E-12 5.57E-12 5.97E-12 5.95E-12
 1.00E-74 1.00E-74 1.56E-38 6.52E-25 3.59E-18 3.28E-14 5.95E-13 1.47E-12
 2.27E-12 3.40E-12 4.58E-12 5.54E-12 5.94E-12 5.93E-12
  17.7245    7  14 /pl=01:ss=15:pb= 1:sz=15/type=excit/ispb = t/isel =   24
 1.00E+10 1.00E+11 1.00E+12 1.00E+13 1.00E+14 1.00E+15 1.00E+16
 4.41E+00 6.62E+00 1.10E+01 2.21E+01 4.41E+01 1.10E+02 2.21E+02 3.31E+02
 4.41E+02 6.62E+02 1.10E+03 2.21E+03 4.41E+03 6.62E+03
 1.00E-74 1.00E-74 7.64E-39 3.22E-25 1.79E-18 1.65E-14 2.99E-13 7.42E-13
 1.14E-12 1.71E-12 2.31E-12 2.80E-12 2.99E-12 2.99E-12
 1.00E-74 1.00E-74 7.64E-39 3.22E-25 1.79E-18 1.65E-14 2.99E-13 7.42E-13
 1.14E-12 1.71E-12 2.31E-12 2.80E-12 2.99E-12 2.99E-12
 1.00E-74 1.00E-74 7.64E-39 3.22E-25 1.79E-18 1.65E-14 2.99E-13 7.42E-13
 1.14E-12 1.71E-12 2.31E-12 2.80E-12 2.99E-12 2.99E-12
 1.00E-74 1.00E-74 7.64E-39 3.22E-25 1.79E-18 1.65E-14 2.99E-13 7.42E-13
 1.14E-12 1.71E-12 2.31E-12 2.80E-12 2.99E-12 2.99E-12
 1.00E-74 1.00E-74 7.65E-39 3.22E-25 1.79E-18 1.65E-14 2.99E-13 7.42E-13
 1.14E-12 1.71E-12 2.31E-12 2.80E-12 2.99E-12 2.99E-12
 1.00E-74 1.00E-74 7.70E-39 3.23E-25 1.79E-18 1.65E-14 2.99E-13 7.42E-13
 1.14E-12 1.71E-12 2.31E-12 2.80E-12 2.99E-12 2.98E-12
 1.00E-74 1.00E-74 8.20E-39 3.36E-25 1.83E-18 1.66E-14 3.00E-13 7.42E-13
 1.14E-12 1.71E-12 2.30E-12 2.79E-12 2.98E-12 2.97E-12
  18.5281    7  14 /pl=01:ss=15:pb= 1:sz=15/type=excit/ispb = t/isel =   25
 1.00E+10 1.00E+11 1.00E+12 1.00E+13 1.00E+14 1.00E+15 1.00E+16
 4.41E+00 6.62E+00 1.10E+01 2.21E+01 4.41E+01 1.10E+02 2.21E+02 3.31E+02
 4.41E+02 6.62E+02 1.10E+03 2.21E+03 4.41E+03 6.62E+03
 1.00E-74 1.00E-74 1.07E-38 4.85E-25 2.75E-18 2.42E-14 4.15E-13 9.82E-13
 1.45E-12 2.03E-12 2.44E-12 2.42E-12 2.05E-12 1.79E-12
 1.00E-74 1.00E-74 1.07E-38 4.85E-25 2.75E-18 2.42E-14 4.15E-13 9.82E-13
 1.45E-12 2.03E-12 2.44E-12 2.42E-12 2.05E-12 1.79E-12
 1.00E-74 1.00E-74 1.07E-38 4.85E-25 2.75E-18 2.42E-14 4.15E-13 9.82E-13
 1.45E-12 2.03E-12 2.44E-12 2.42E-12 2.05E-12 1.79E-12
 1.00E-74 1.00E-74 1.07E-38 4.86E-25 2.75E-18 2.42E-14 4.15E-13 9.82E-13
 1.45E-12 2.03E-12 2.44E-12 2.42E-12 2.05E-12 1.79E-12
 1.00E-74 1.00E-74 1.07E-38 4.86E-25 2.75E-18 2.42E-14 4.15E-13 9.83E-13
 1.45E-12 2.03E-12 2.44E-12 2.42E-12 2.05E-12 1.79E-12
 1.00E-74 1.00E-74 1.09E-38 4.92E-25 2.77E-18 2.43E-14 4.16E-13 9.86E-13
 1.46E-12 2.04E-12 2.44E-12 2.42E-12 2.06E-12 1.79E-12
 1.00E-74 1.00E-74 1.26E-38 5.46E-25 2.97E-18 2.54E-14 4.30E-13 1.01E-12
 1.50E-12 2.09E-12 2.50E-12 2.48E-12 2.10E-12 1.83E-12
  18.6085    7  14 /pl=01:ss=15:pb= 1:sz=15/type=excit/ispb = t/isel =   26
 1.00E+10 1.00E+11 1.00E+12 1.00E+13 1.00E+14 1.00E+15 1.00E+16
 4.41E+00 6.62E+00 1.10E+01 2.21E+01 4.41E+01 1.10E+02 2.21E+02 3.31E+02
 4.41E+02 6.62E+02 1.10E+03 2.21E+03 4.41E+03 6.62E+03
 1.00E-74 1.00E-74 1.90E-38 8.67E-25 4.92E-18 4.35E-14 7.44E-13 1.76E-12
 2.61E-12 3.65E-12 4.38E-12 4.34E-12 3.69E-12 3.22E-12
 1.00E-74 1.00E-74 1.90E-38 8.67E-25 4.92E-18 4.35E-14 7.44E-13 1.76E-12
 2.61E-12 3.65E-12 4.38E-12 4.34E-12 3.69E-12 3.22E-12
 1.00E-74 1.00E-74 1.90E-38 8.67E-25 4.92E-18 4.35E-14 7.44E-13 1.76E-12
 2.61E-12 3.65E-12 4.38E-12 4.34E-12 3.69E-12 3.22E-12
 1.00E-74 1.00E-74 1.90E-38 8.67E-25 4.92E-18 4.35E-14 7.44E-13 1.76E-12
 2.61E-12 3.65E-12 4.38E-12 4.34E-12 3.69E-12 3.22E-12
 1.00E-74 1.00E-74 1.90E-38 8.68E-25 4.92E-18 4.35E-14 7.45E-13 1.77E-12
 2.61E-12 3.65E-12 4.38E-12 4.35E-12 3.69E-12 3.22E-12
 1.00E-74 1.00E-74 1.93E-38 8.75E-25 4.95E-18 4.36E-14 7.46E-13 1.77E-12
 2.61E-12 3.66E-12 4.39E-12 4.35E-12 3.69E-12 3.22E-12
 1.00E-74 1.00E-74 2.18E-38 9.49E-25 5.21E-18 4.49E-14 7.63E-13 1.80E-12
 2.66E-12 3.72E-12 4.46E-12 4.42E-12 3.75E-12 3.27E-12
  18.6118    7  14 /pl=01:ss=15:pb= 1:sz=15/type=excit/ispb = t/isel =   27
 1.00E+10 1.00E+11 1.00E+12 1.00E+13 1.00E+14 1.00E+15 1.00E+16
 4.41E+00 6.62E+00 1.10E+01 2.21E+01 4.41E+01 1.10E+02 2.21E+02 3.31E+02
 4.41E+02 6.62E+02 1.10E+03 2.21E+03 4.41E+03 6.62E+03
 1.00E-74 1.00E-74 2.11E-39 9.59E-26 5.42E-19 4.78E-15 8.19E-14 1.94E-13
 2.87E-13 4.01E-13 4.81E-13 4.78E-13 4.05E-13 3.53E-13
 1.00E-74 1.00E-74 2.11E-39 9.59E-26 5.42E-19 4.78E-15 8.19E-14 1.94E-13
 2.87E-13 4.01E-13 4.81E-13 4.78E-13 4.05E-13 3.53E-13
 1.00E-74 1.00E-74 2.11E-39 9.59E-26 5.43E-19 4.78E-15 8.19E-14 1.94E-13
 2.87E-13 4.01E-13 4.81E-13 4.78E-13 4.05E-13 3.53E-13
 1.00E-74 1.00E-74 2.11E-39 9.59E-26 5.43E-19 4.78E-15 8.19E-14 1.94E-13
 2.87E-13 4.01E-13 4.81E-13 4.78E-13 4.05E-13 3.54E-13
 1.00E-74 1.00E-74 2.11E-39 9.60E-26 5.43E-19 4.78E-15 8.19E-14 1.94E-13
 2.87E-13 4.01E-13 4.81E-13 4.78E-13 4.05E-13 3.54E-13
 1.00E-74 1.00E-74 2.15E-39 9.71E-26 5.47E-19 4.81E-15 8.22E-14 1.95E-13
 2.88E-13 4.02E-13 4.83E-13 4.79E-13 4.06E-13 3.54E-13
 1.00E-74 1.00E-74 2.50E-39 1.08E-25 5.87E-19 5.02E-15 8.50E-14 2.00E-13
 2.96E-13 4.12E-13 4.94E-13 4.90E-13 4.15E-13 3.62E-13
  18.6788    7  14 /pl=01:ss=15:pb= 1:sz=15/type=excit/ispb = t/isel =   28
 1.00E+10 1.00E+11 1.00E+12 1.00E+13 1.00E+14 1.00E+15 1.00E+16
 4.41E+00 6.62E+00 1.10E+01 2.21E+01 4.41E+01 1.10E+02 2.21E+02 3.31E+02
 4.41E+02 6.62E+02 1.10E+03 2.21E+03 4.41E+03 6.62E+03
 1.00E-74 1.00E-74 5.42E-39 1.93E-25 9.74E-19 8.22E-15 1.41E-13 3.37E-13
 5.02E-13 7.13E-13 8.75E-13 9.06E-13 8.09E-13 7.27E-13
 1.00E-74 1.00E-74 5.42E-39 1.93E-25 9.74E-19 8.22E-15 1.41E-13 3.37E-13
 5.02E-13 7.13E-13 8.75E-13 9.06E-13 8.09E-13 7.27E-13
 1.00E-74 1.00E-74 5.42E-39 1.93E-25 9.74E-19 8.22E-15 1.41E-13 3.37E-13
 5.02E-13 7.13E-13 8.75E-13 9.06E-13 8.09E-13 7.27E-13
 1.00E-74 1.00E-74 5.42E-39 1.93E-25 9.74E-19 8.22E-15 1.41E-13 3.37E-13
 5.02E-13 7.13E-13 8.75E-13 9.06E-13 8.09E-13 7.27E-13
 1.00E-74 1.00E-74 5.42E-39 1.93E-25 9.74E-19 8.22E-15 1.41E-13 3.37E-13
 5.02E-13 7.13E-13 8.75E-13 9.06E-13 8.09E-13 7.27E-13
 1.00E-74 1.00E-74 5.42E-39 1.92E-25 9.72E-19 8.21E-15 1.41E-13 3.36E-13
 5.01E-13 7.12E-13 8.74E-13 9.05E-13 8.09E-13 7.27E-13
 1.00E-74 1.00E-74 5.43E-39 1.91E-25 9.57E-19 8.06E-15 1.38E-13 3.31E-13
 4.94E-13 7.02E-13 8.64E-13 8.97E-13 8.03E-13 7.23E-13
  18.7638    7  14 /pl=01:ss=15:pb= 1:sz=15/type=excit/ispb = t/isel =   29
 1.00E+10 1.00E+11 1.00E+12 1.00E+13 1.00E+14 1.00E+15 1.00E+16
 4.41E+00 6.62E+00 1.10E+01 2.21E+01 4.41E+01 1.10E+02 2.21E+02 3.31E+02
 4.41E+02 6.62E+02 1.10E+03 2.21E+03 4.41E+03 6.62E+03
 1.00E-74 1.00E-74 1.07E-38 3.80E-25 1.92E-18 1.62E-14 2.79E-13 6.65E-13
 9.92E-13 1.41E-12 1.73E-12 1.79E-12 1.60E-12 1.44E-12
 1.00E-74 1.00E-74 1.07E-38 3.80E-25 1.92E-18 1.62E-14 2.79E-13 6.65E-13
 9.92E-13 1.41E-12 1.73E-12 1.79E-12 1.60E-12 1.44E-12
 1.00E-74 1.00E-74 1.07E-38 3.80E-25 1.92E-18 1.62E-14 2.79E-13 6.65E-13
 9.92E-13 1.41E-12 1.73E-12 1.79E-12 1.60E-12 1.44E-12
 1.00E-74 1.00E-74 1.07E-38 3.80E-25 1.92E-18 1.62E-14 2.79E-13 6.65E-13
 9.92E-13 1.41E-12 1.73E-12 1.79E-12 1.60E-12 1.44E-12
 1.00E-74 1.00E-74 1.07E-38 3.80E-25 1.92E-18 1.62E-14 2.79E-13 6.65E-13
 9.92E-13 1.41E-12 1.73E-12 1.79E-12 1.60E-12 1.44E-12
 1.00E-74 1.00E-74 1.07E-38 3.80E-25 1.92E-18 1.62E-14 2.78E-13 6.64E-13
 9.90E-13 1.41E-12 1.72E-12 1.79E-12 1.60E-12 1.44E-12
 1.00E-74 1.00E-74 1.07E-38 3.77E-25 1.89E-18 1.59E-14 2.73E-13 6.54E-13
 9.76E-13 1.39E-12 1.71E-12 1.77E-12 1.59E-12 1.43E-12
  23.4719    7  14 /pl=01:ss=15:pb= 1:sz=15/type=excit/ispb = t/isel =   30
 1.00E+10 1.00E+11 1.00E+12 1.00E+13 1.00E+14 1.00E+15 1.00E+16
 4.41E+00 6.62E+00 1.10E+01 2.21E+01 4.41E+01 1.10E+02 2.21E+02 3.31E+02
 4.41E+02 6.62E+02 1.10E+03 2.21E+03 4.41E+03 6.62E+03
 1.00E-74 1.00E-74 4.23E-31 7.55E-21 8.56E-16 7.66E-13 6.64E-12 1.32E-11
 1.83E-11 2.50E-11 3.19E-11 3.78E-11 4.02E-11 4.02E-11
 1.00E-74 1.00E-74 4.23E-31 7.55E-21 8.56E-16 7.66E-13 6.64E-12 1.32E-11
 1.83E-11 2.50E-11 3.19E-11 3.78E-11 4.02E-11 4.02E-11
 1.00E-74 8.13E-45 4.23E-31 7.55E-21 8.56E-16 7.66E-13 6.64E-12 1.32E-11
 1.83E-11 2.50E-11 3.19E-11 3.78E-11 4.02E-11 4.02E-11
 1.00E-74 7.52E-45 4.23E-31 7.55E-21 8.56E-16 7.66E-13 6.64E-12 1.32E-11
 1.83E-11 2.50E-11 3.19E-11 3.78E-11 4.02E-11 4.02E-11
 1.00E-74 7.46E-45 4.24E-31 7.55E-21 8.56E-16 7.66E-13 6.64E-12 1.32E-11
 1.83E-11 2.50E-11 3.19E-11 3.78E-11 4.02E-11 4.02E-11
 1.00E-74 7.53E-45 4.26E-31 7.58E-21 8.58E-16 7.66E-13 6.64E-12 1.32E-11
 1.83E-11 2.50E-11 3.19E-11 3.77E-11 4.01E-11 4.01E-11
 1.00E-74 8.18E-45 4.54E-31 7.87E-21 8.73E-16 7.70E-13 6.65E-12 1.32E-11
 1.83E-11 2.50E-11 3.18E-11 3.76E-11 4.00E-11 4.00E-11
  23.5115    7  14 /pl=01:ss=15:pb= 1:sz=15/type=excit/ispb = t/isel =   31
 1.00E+10 1.00E+11 1.00E+12 1.00E+13 1.00E+14 1.00E+15 1.00E+16
 4.41E+00 6.62E+00 1.10E+01 2.21E+01 4.41E+01 1.10E+02 2.21E+02 3.31E+02
 4.41E+02 6.62E+02 1.10E+03 2.21E+03 4.41E+03 6.62E+03
 1.00E-74 1.00E-74 2.30E-31 3.93E-21 4.37E-16 3.87E-13 3.35E-12 6.63E-12
 9.18E-12 1.26E-11 1.60E-11 1.89E-11 2.02E-11 2.01E-11
 1.00E-74 1.00E-74 2.30E-31 3.93E-21 4.37E-16 3.87E-13 3.35E-12 6.63E-12
 9.18E-12 1.26E-11 1.60E-11 1.89E-11 2.02E-11 2.01E-11
 1.00E-74 4.04E-45 2.30E-31 3.93E-21 4.37E-16 3.87E-13 3.35E-12 6.63E-12
 9.18E-12 1.26E-11 1.60E-11 1.89E-11 2.02E-11 2.01E-11
 1.00E-74 4.24E-45 2.30E-31 3.93E-21 4.37E-16 3.87E-13 3.35E-12 6.63E-12
 9.18E-12 1.26E-11 1.60E-11 1.89E-11 2.02E-11 2.01E-11
 1.00E-74 4.30E-45 2.31E-31 3.93E-21 4.37E-16 3.88E-13 3.35E-12 6.63E-12
 9.18E-12 1.26E-11 1.60E-11 1.89E-11 2.02E-11 2.01E-11
 1.00E-74 4.34E-45 2.33E-31 3.95E-21 4.38E-16 3.88E-13 3.35E-12 6.63E-12
 9.19E-12 1.26E-11 1.60E-11 1.89E-11 2.01E-11 2.01E-11
 1.00E-74 4.79E-45 2.51E-31 4.15E-21 4.50E-16 3.92E-13 3.37E-12 6.65E-12
 9.21E-12 1.26E-11 1.60E-11 1.88E-11 2.01E-11 2.01E-11
  24.8270    7  14 /pl=01:ss=15:pb= 1:sz=15/type=excit/ispb = t/isel =   32
 1.00E+10 1.00E+11 1.00E+12 1.00E+13 1.00E+14 1.00E+15 1.00E+16
 4.41E+00 6.62E+00 1.10E+01 2.21E+01 4.41E+01 1.10E+02 2.21E+02 3.31E+02
 4.41E+02 6.62E+02 1.10E+03 2.21E+03 4.41E+03 6.62E+03
 1.00E-74 1.00E-74 4.11E-31 8.48E-21 1.02E-15 8.99E-13 7.17E-12 1.32E-11
 1.73E-11 2.14E-11 2.36E-11 2.21E-11 1.84E-11 1.60E-11
 1.00E-74 1.00E-74 4.11E-31 8.48E-21 1.02E-15 8.99E-13 7.17E-12 1.32E-11
 1.73E-11 2.14E-11 2.36E-11 2.21E-11 1.84E-11 1.60E-11
 1.00E-74 5.16E-45 4.11E-31 8.48E-21 1.02E-15 8.99E-13 7.17E-12 1.32E-11
 1.73E-11 2.14E-11 2.36E-11 2.21E-11 1.84E-11 1.60E-11
 1.00E-74 6.19E-45 4.11E-31 8.48E-21 1.02E-15 8.99E-13 7.17E-12 1.32E-11
 1.73E-11 2.14E-11 2.36E-11 2.21E-11 1.84E-11 1.60E-11
 1.00E-74 5.93E-45 4.11E-31 8.49E-21 1.02E-15 8.99E-13 7.17E-12 1.32E-11
 1.73E-11 2.14E-11 2.36E-11 2.21E-11 1.84E-11 1.60E-11
 1.00E-74 6.06E-45 4.17E-31 8.57E-21 1.03E-15 9.03E-13 7.19E-12 1.32E-11
 1.73E-11 2.15E-11 2.37E-11 2.22E-11 1.84E-11 1.60E-11
 1.00E-74 7.11E-45 4.73E-31 9.34E-21 1.09E-15 9.34E-13 7.37E-12 1.35E-11
 1.77E-11 2.19E-11 2.41E-11 2.26E-11 1.88E-11 1.63E-11
  24.9634    7  14 /pl=01:ss=15:pb= 1:sz=15/type=excit/ispb = t/isel =   33
 1.00E+10 1.00E+11 1.00E+12 1.00E+13 1.00E+14 1.00E+15 1.00E+16
 4.41E+00 6.62E+00 1.10E+01 2.21E+01 4.41E+01 1.10E+02 2.21E+02 3.31E+02
 4.41E+02 6.62E+02 1.10E+03 2.21E+03 4.41E+03 6.62E+03
 1.00E-74 1.00E-74 7.19E-31 1.50E-20 1.83E-15 1.61E-12 1.28E-11 2.37E-11
 3.10E-11 3.85E-11 4.23E-11 3.97E-11 3.30E-11 2.87E-11
 1.00E-74 1.00E-74 7.19E-31 1.50E-20 1.83E-15 1.61E-12 1.28E-11 2.37E-11
 3.10E-11 3.85E-11 4.23E-11 3.97E-11 3.30E-11 2.87E-11
 1.00E-74 1.22E-44 7.19E-31 1.50E-20 1.83E-15 1.61E-12 1.28E-11 2.37E-11
 3.10E-11 3.85E-11 4.23E-11 3.97E-11 3.30E-11 2.87E-11
 1.00E-74 1.04E-44 7.19E-31 1.50E-20 1.83E-15 1.61E-12 1.28E-11 2.37E-11
 3.10E-11 3.85E-11 4.23E-11 3.97E-11 3.30E-11 2.87E-11
 1.00E-74 1.02E-44 7.20E-31 1.50E-20 1.83E-15 1.61E-12 1.28E-11 2.37E-11
 3.10E-11 3.85E-11 4.23E-11 3.97E-11 3.30E-11 2.87E-11
 1.00E-74 1.04E-44 7.28E-31 1.52E-20 1.84E-15 1.61E-12 1.29E-11 2.37E-11
 3.10E-11 3.86E-11 4.24E-11 3.98E-11 3.31E-11 2.87E-11
 1.00E-74 1.18E-44 8.06E-31 1.62E-20 1.91E-15 1.65E-12 1.31E-11 2.41E-11
 3.14E-11 3.91E-11 4.29E-11 4.03E-11 3.36E-11 2.91E-11
  24.9774    7  14 /pl=01:ss=15:pb= 1:sz=15/type=excit/ispb = t/isel =   34
 1.00E+10 1.00E+11 1.00E+12 1.00E+13 1.00E+14 1.00E+15 1.00E+16
 4.41E+00 6.62E+00 1.10E+01 2.21E+01 4.41E+01 1.10E+02 2.21E+02 3.31E+02
 4.41E+02 6.62E+02 1.10E+03 2.21E+03 4.41E+03 6.62E+03
 1.00E-74 1.00E-74 8.07E-32 1.67E-21 2.01E-16 1.77E-13 1.41E-12 2.59E-12
 3.39E-12 4.21E-12 4.64E-12 4.35E-12 3.62E-12 3.14E-12
 1.00E-74 1.00E-74 8.07E-32 1.67E-21 2.01E-16 1.77E-13 1.41E-12 2.59E-12
 3.39E-12 4.21E-12 4.64E-12 4.35E-12 3.62E-12 3.14E-12
 1.00E-74 1.01E-45 8.07E-32 1.67E-21 2.01E-16 1.77E-13 1.41E-12 2.59E-12
 3.39E-12 4.21E-12 4.64E-12 4.35E-12 3.62E-12 3.14E-12
 1.00E-74 1.22E-45 8.07E-32 1.67E-21 2.01E-16 1.77E-13 1.41E-12 2.59E-12
 3.39E-12 4.21E-12 4.64E-12 4.35E-12 3.62E-12 3.14E-12
 1.00E-74 1.17E-45 8.08E-32 1.67E-21 2.01E-16 1.77E-13 1.41E-12 2.59E-12
 3.39E-12 4.21E-12 4.64E-12 4.35E-12 3.62E-12 3.14E-12
 1.00E-74 1.19E-45 8.20E-32 1.68E-21 2.02E-16 1.77E-13 1.41E-12 2.60E-12
 3.40E-12 4.22E-12 4.65E-12 4.36E-12 3.62E-12 3.15E-12
 1.00E-74 1.40E-45 9.30E-32 1.84E-21 2.14E-16 1.83E-13 1.45E-12 2.66E-12
 3.47E-12 4.31E-12 4.74E-12 4.44E-12 3.70E-12 3.21E-12
  25.4915    7  14 /pl=01:ss=15:pb= 1:sz=15/type=excit/ispb = t/isel =   35
 1.00E+10 1.00E+11 1.00E+12 1.00E+13 1.00E+14 1.00E+15 1.00E+16
 4.41E+00 6.62E+00 1.10E+01 2.21E+01 4.41E+01 1.10E+02 2.21E+02 3.31E+02
 4.41E+02 6.62E+02 1.10E+03 2.21E+03 4.41E+03 6.62E+03
 1.00E-74 1.00E-74 4.26E-31 4.87E-21 4.39E-16 3.28E-13 2.55E-12 4.71E-12
 6.21E-12 7.81E-12 8.77E-12 8.53E-12 7.44E-12 6.65E-12
 1.00E-74 1.39E-44 4.26E-31 4.87E-21 4.39E-16 3.28E-13 2.55E-12 4.71E-12
 6.21E-12 7.81E-12 8.77E-12 8.53E-12 7.44E-12 6.65E-12
 1.00E-74 1.37E-44 4.26E-31 4.87E-21 4.39E-16 3.28E-13 2.55E-12 4.71E-12
 6.21E-12 7.81E-12 8.77E-12 8.53E-12 7.44E-12 6.65E-12
 1.00E-74 1.36E-44 4.26E-31 4.87E-21 4.39E-16 3.28E-13 2.55E-12 4.71E-12
 6.21E-12 7.81E-12 8.77E-12 8.53E-12 7.44E-12 6.65E-12
 1.00E-74 1.35E-44 4.26E-31 4.87E-21 4.39E-16 3.28E-13 2.55E-12 4.71E-12
 6.21E-12 7.81E-12 8.77E-12 8.53E-12 7.44E-12 6.65E-12
 1.00E-74 1.36E-44 4.27E-31 4.86E-21 4.38E-16 3.28E-13 2.54E-12 4.71E-12
 6.20E-12 7.80E-12 8.76E-12 8.53E-12 7.43E-12 6.65E-12
 1.00E-74 1.37E-44 4.28E-31 4.83E-21 4.32E-16 3.22E-13 2.50E-12 4.64E-12
 6.11E-12 7.70E-12 8.66E-12 8.45E-12 7.39E-12 6.61E-12
  25.6502    7  14 /pl=01:ss=15:pb= 1:sz=15/type=excit/ispb = t/isel =   36
 1.00E+10 1.00E+11 1.00E+12 1.00E+13 1.00E+14 1.00E+15 1.00E+16
 4.41E+00 6.62E+00 1.10E+01 2.21E+01 4.41E+01 1.10E+02 2.21E+02 3.31E+02
 4.41E+02 6.62E+02 1.10E+03 2.21E+03 4.41E+03 6.62E+03
 1.00E-74 1.00E-74 8.40E-31 9.59E-21 8.64E-16 6.47E-13 5.02E-12 9.28E-12
 1.22E-11 1.54E-11 1.73E-11 1.68E-11 1.47E-11 1.31E-11
 1.00E-74 2.75E-44 8.40E-31 9.59E-21 8.64E-16 6.47E-13 5.02E-12 9.28E-12
 1.22E-11 1.54E-11 1.73E-11 1.68E-11 1.47E-11 1.31E-11
 1.00E-74 2.69E-44 8.40E-31 9.59E-21 8.64E-16 6.47E-13 5.02E-12 9.28E-12
 1.22E-11 1.54E-11 1.73E-11 1.68E-11 1.47E-11 1.31E-11
 1.00E-74 2.67E-44 8.40E-31 9.59E-21 8.64E-16 6.47E-13 5.02E-12 9.28E-12
 1.22E-11 1.54E-11 1.73E-11 1.68E-11 1.47E-11 1.31E-11
 1.00E-74 2.67E-44 8.40E-31 9.59E-21 8.64E-16 6.46E-13 5.02E-12 9.28E-12
 1.22E-11 1.54E-11 1.73E-11 1.68E-11 1.47E-11 1.31E-11
 1.00E-74 2.67E-44 8.40E-31 9.58E-21 8.63E-16 6.45E-13 5.01E-12 9.27E-12
 1.22E-11 1.54E-11 1.72E-11 1.68E-11 1.46E-11 1.31E-11
 1.00E-74 2.69E-44 8.44E-31 9.52E-21 8.50E-16 6.34E-13 4.93E-12 9.13E-12
 1.20E-11 1.52E-11 1.71E-11 1.67E-11 1.46E-11 1.30E-11
  40.8410    7  14 /pl=01:ss=15:pb= 1:sz=15/type=excit/ispb = t/isel =   37
 1.00E+10 1.00E+11 1.00E+12 1.00E+13 1.00E+14 1.00E+15 1.00E+16
 4.41E+00 6.62E+00 1.10E+01 2.21E+01 4.41E+01 1.10E+02 2.21E+02 3.31E+02
 4.41E+02 6.62E+02 1.10E+03 2.21E+03 4.41E+03 6.62E+03
 1.00E-74 1.00E-74 1.70E-44 1.42E-28 1.27E-20 5.89E-16 1.79E-14 5.21E-14
 8.69E-14 1.40E-13 2.00E-13 2.55E-13 2.77E-13 2.79E-13
 1.00E-74 1.00E-74 1.27E-44 1.42E-28 1.27E-20 5.89E-16 1.79E-14 5.21E-14
 8.69E-14 1.40E-13 2.00E-13 2.55E-13 2.77E-13 2.79E-13
 1.00E-74 1.00E-74 1.30E-44 1.42E-28 1.27E-20 5.89E-16 1.79E-14 5.21E-14
 8.69E-14 1.40E-13 2.00E-13 2.55E-13 2.77E-13 2.79E-13
 1.00E-74 1.00E-74 1.30E-44 1.42E-28 1.27E-20 5.89E-16 1.79E-14 5.21E-14
 8.69E-14 1.40E-13 2.00E-13 2.55E-13 2.77E-13 2.79E-13
 1.00E-74 1.00E-74 1.30E-44 1.42E-28 1.27E-20 5.89E-16 1.79E-14 5.21E-14
 8.69E-14 1.40E-13 2.00E-13 2.55E-13 2.77E-13 2.79E-13
 1.00E-74 1.00E-74 1.31E-44 1.43E-28 1.27E-20 5.89E-16 1.79E-14 5.21E-14
 8.68E-14 1.40E-13 2.00E-13 2.54E-13 2.77E-13 2.79E-13
 1.00E-74 1.00E-74 1.38E-44 1.47E-28 1.28E-20 5.90E-16 1.78E-14 5.19E-14
 8.64E-14 1.39E-13 1.99E-13 2.53E-13 2.75E-13 2.77E-13
  47.5717    7  14 /pl=01:ss=15:pb= 1:sz=15/type=excit/ispb = t/isel =   38
 1.00E+10 1.00E+11 1.00E+12 1.00E+13 1.00E+14 1.00E+15 1.00E+16
 4.41E+00 6.62E+00 1.10E+01 2.21E+01 4.41E+01 1.10E+02 2.21E+02 3.31E+02
 4.41E+02 6.62E+02 1.10E+03 2.21E+03 4.41E+03 6.62E+03
 1.00E-74 1.00E-74 1.28E-42 2.01E-27 6.83E-20 1.81E-15 4.59E-14 1.27E-13
 2.04E-13 3.22E-13 4.48E-13 5.57E-13 6.00E-13 6.02E-13
 1.00E-74 1.00E-74 1.28E-42 2.01E-27 6.83E-20 1.81E-15 4.59E-14 1.27E-13
 2.04E-13 3.22E-13 4.48E-13 5.57E-13 6.00E-13 6.02E-13
 1.00E-74 1.00E-74 1.28E-42 2.01E-27 6.83E-20 1.81E-15 4.59E-14 1.27E-13
 2.04E-13 3.22E-13 4.48E-13 5.57E-13 6.00E-13 6.02E-13
 1.00E-74 1.00E-74 1.28E-42 2.01E-27 6.83E-20 1.81E-15 4.59E-14 1.27E-13
 2.04E-13 3.22E-13 4.48E-13 5.57E-13 6.00E-13 6.02E-13
 1.00E-74 1.00E-74 1.28E-42 2.01E-27 6.83E-20 1.81E-15 4.59E-14 1.27E-13
 2.04E-13 3.22E-13 4.48E-13 5.57E-13 6.00E-13 6.02E-13
 1.00E-74 1.00E-74 1.29E-42 2.02E-27 6.84E-20 1.81E-15 4.59E-14 1.27E-13
 2.04E-13 3.21E-13 4.48E-13 5.56E-13 6.00E-13 6.01E-13
 1.00E-74 1.00E-74 1.36E-42 2.08E-27 6.91E-20 1.81E-15 4.57E-14 1.26E-13
 2.03E-13 3.20E-13 4.46E-13 5.53E-13 5.97E-13 5.98E-13
  47.6067    7  14 /pl=01:ss=15:pb= 1:sz=15/type=excit/ispb = t/isel =   39
 1.00E+10 1.00E+11 1.00E+12 1.00E+13 1.00E+14 1.00E+15 1.00E+16
 4.41E+00 6.62E+00 1.10E+01 2.21E+01 4.41E+01 1.10E+02 2.21E+02 3.31E+02
 4.41E+02 6.62E+02 1.10E+03 2.21E+03 4.41E+03 6.62E+03
 1.00E-74 1.00E-74 6.43E-43 1.01E-27 3.41E-20 9.03E-16 2.29E-14 6.31E-14
 1.02E-13 1.61E-13 2.23E-13 2.78E-13 2.99E-13 3.00E-13
 1.00E-74 1.00E-74 6.50E-43 1.01E-27 3.41E-20 9.03E-16 2.29E-14 6.31E-14
 1.02E-13 1.61E-13 2.23E-13 2.78E-13 2.99E-13 3.00E-13
 1.00E-74 1.00E-74 6.50E-43 1.01E-27 3.41E-20 9.03E-16 2.29E-14 6.31E-14
 1.02E-13 1.61E-13 2.23E-13 2.78E-13 2.99E-13 3.00E-13
 1.00E-74 1.00E-74 6.50E-43 1.01E-27 3.41E-20 9.03E-16 2.29E-14 6.31E-14
 1.02E-13 1.61E-13 2.23E-13 2.78E-13 2.99E-13 3.00E-13
 1.00E-74 1.00E-74 6.51E-43 1.01E-27 3.41E-20 9.03E-16 2.29E-14 6.31E-14
 1.02E-13 1.61E-13 2.23E-13 2.78E-13 2.99E-13 3.00E-13
 1.00E-74 1.00E-74 6.55E-43 1.01E-27 3.42E-20 9.04E-16 2.29E-14 6.31E-14
 1.02E-13 1.61E-13 2.23E-13 2.78E-13 2.99E-13 2.99E-13
 1.00E-74 1.00E-74 6.96E-43 1.05E-27 3.48E-20 9.08E-16 2.29E-14 6.30E-14
 1.02E-13 1.60E-13 2.22E-13 2.76E-13 2.97E-13 2.98E-13
  49.2682    7  14 /pl=01:ss=15:pb= 1:sz=15/type=excit/ispb = t/isel =   40
 1.00E+10 1.00E+11 1.00E+12 1.00E+13 1.00E+14 1.00E+15 1.00E+16
 4.41E+00 6.62E+00 1.10E+01 2.21E+01 4.41E+01 1.10E+02 2.21E+02 3.31E+02
 4.41E+02 6.62E+02 1.10E+03 2.21E+03 4.41E+03 6.62E+03
 1.00E-74 1.00E-74 1.67E-42 2.70E-27 9.08E-20 2.33E-15 5.68E-14 1.51E-13
 2.37E-13 3.51E-13 4.39E-13 4.50E-13 3.88E-13 3.39E-13
 1.00E-74 1.00E-74 1.68E-42 2.70E-27 9.08E-20 2.33E-15 5.68E-14 1.51E-13
 2.37E-13 3.51E-13 4.39E-13 4.50E-13 3.88E-13 3.39E-13
 1.00E-74 1.00E-74 1.68E-42 2.70E-27 9.08E-20 2.33E-15 5.68E-14 1.51E-13
 2.37E-13 3.51E-13 4.39E-13 4.50E-13 3.88E-13 3.39E-13
 1.00E-74 1.00E-74 1.68E-42 2.70E-27 9.08E-20 2.33E-15 5.68E-14 1.51E-13
 2.37E-13 3.51E-13 4.39E-13 4.50E-13 3.88E-13 3.39E-13
 1.00E-74 1.00E-74 1.69E-42 2.70E-27 9.08E-20 2.33E-15 5.68E-14 1.51E-13
 2.37E-13 3.51E-13 4.39E-13 4.50E-13 3.88E-13 3.39E-13
 1.00E-74 1.00E-74 1.71E-42 2.73E-27 9.14E-20 2.34E-15 5.70E-14 1.52E-13
 2.38E-13 3.52E-13 4.40E-13 4.51E-13 3.89E-13 3.40E-13
 1.00E-74 1.00E-74 1.95E-42 2.98E-27 9.70E-20 2.42E-15 5.85E-14 1.55E-13
 2.43E-13 3.59E-13 4.48E-13 4.59E-13 3.95E-13 3.46E-13
  49.8219    7  14 /pl=01:ss=15:pb= 1:sz=15/type=excit/ispb = t/isel =   41
 1.00E+10 1.00E+11 1.00E+12 1.00E+13 1.00E+14 1.00E+15 1.00E+16
 4.41E+00 6.62E+00 1.10E+01 2.21E+01 4.41E+01 1.10E+02 2.21E+02 3.31E+02
 4.41E+02 6.62E+02 1.10E+03 2.21E+03 4.41E+03 6.62E+03
 1.00E-74 1.00E-74 1.41E-42 2.00E-27 6.39E-20 1.61E-15 3.92E-14 1.05E-13
 1.66E-13 2.48E-13 3.17E-13 3.36E-13 3.01E-13 2.71E-13
 1.00E-74 1.00E-74 1.41E-42 2.00E-27 6.39E-20 1.61E-15 3.92E-14 1.05E-13
 1.66E-13 2.48E-13 3.17E-13 3.36E-13 3.01E-13 2.71E-13
 1.00E-74 1.00E-74 1.41E-42 2.00E-27 6.39E-20 1.61E-15 3.92E-14 1.05E-13
 1.66E-13 2.48E-13 3.17E-13 3.36E-13 3.01E-13 2.71E-13
 1.00E-74 1.00E-74 1.41E-42 2.00E-27 6.39E-20 1.61E-15 3.92E-14 1.05E-13
 1.66E-13 2.48E-13 3.17E-13 3.36E-13 3.01E-13 2.71E-13
 1.00E-74 1.00E-74 1.41E-42 2.00E-27 6.38E-20 1.61E-15 3.92E-14 1.05E-13
 1.66E-13 2.48E-13 3.17E-13 3.36E-13 3.01E-13 2.71E-13
 1.00E-74 1.00E-74 1.41E-42 2.00E-27 6.37E-20 1.60E-15 3.91E-14 1.05E-13
 1.65E-13 2.47E-13 3.16E-13 3.35E-13 3.01E-13 2.71E-13
 1.00E-74 1.00E-74 1.40E-42 1.96E-27 6.22E-20 1.57E-15 3.82E-14 1.03E-13
 1.62E-13 2.43E-13 3.12E-13 3.32E-13 2.98E-13 2.69E-13
  68.3461    7  14 /pl=01:ss=15:pb= 1:sz=15/type=excit/ispb = t/isel =   42
 1.00E+10 1.00E+11 1.00E+12 1.00E+13 1.00E+14 1.00E+15 1.00E+16
 4.41E+00 6.62E+00 1.10E+01 2.21E+01 4.41E+01 1.10E+02 2.21E+02 3.31E+02
 4.41E+02 6.62E+02 1.10E+03 2.21E+03 4.41E+03 6.62E+03
 1.00E-74 1.00E-74 4.23E-39 1.81E-25 1.02E-18 9.42E-15 1.71E-13 4.25E-13
 6.54E-13 9.82E-13 1.32E-12 1.60E-12 1.71E-12 1.71E-12
 1.00E-74 1.00E-74 4.23E-39 1.81E-25 1.02E-18 9.42E-15 1.71E-13 4.25E-13
 6.54E-13 9.82E-13 1.32E-12 1.60E-12 1.71E-12 1.71E-12
 1.00E-74 1.00E-74 4.23E-39 1.81E-25 1.02E-18 9.42E-15 1.71E-13 4.25E-13
 6.54E-13 9.82E-13 1.32E-12 1.60E-12 1.71E-12 1.71E-12
 1.00E-74 1.00E-74 4.23E-39 1.81E-25 1.02E-18 9.42E-15 1.71E-13 4.25E-13
 6.54E-13 9.82E-13 1.32E-12 1.60E-12 1.71E-12 1.71E-12
 1.00E-74 1.00E-74 4.24E-39 1.81E-25 1.02E-18 9.42E-15 1.71E-13 4.25E-13
 6.54E-13 9.82E-13 1.32E-12 1.60E-12 1.71E-12 1.71E-12
 1.00E-74 1.00E-74 4.26E-39 1.82E-25 1.02E-18 9.43E-15 1.71E-13 4.25E-13
 6.54E-13 9.82E-13 1.32E-12 1.60E-12 1.71E-12 1.71E-12
 1.00E-74 1.00E-74 4.48E-39 1.87E-25 1.03E-18 9.43E-15 1.71E-13 4.23E-13
 6.52E-13 9.77E-13 1.31E-12 1.59E-12 1.71E-12 1.70E-12
  68.4874    7  14 /pl=01:ss=15:pb= 1:sz=15/type=excit/ispb = t/isel =   43
 1.00E+10 1.00E+11 1.00E+12 1.00E+13 1.00E+14 1.00E+15 1.00E+16
 4.41E+00 6.62E+00 1.10E+01 2.21E+01 4.41E+01 1.10E+02 2.21E+02 3.31E+02
 4.41E+02 6.62E+02 1.10E+03 2.21E+03 4.41E+03 6.62E+03
 1.00E-74 1.00E-74 2.19E-39 9.21E-26 5.12E-19 4.72E-15 8.56E-14 2.12E-13
 3.27E-13 4.90E-13 6.60E-13 8.02E-13 8.55E-13 8.54E-13
 1.00E-74 1.00E-74 2.19E-39 9.21E-26 5.12E-19 4.72E-15 8.56E-14 2.12E-13
 3.27E-13 4.90E-13 6.60E-13 8.02E-13 8.55E-13 8.54E-13
 1.00E-74 1.00E-74 2.19E-39 9.21E-26 5.12E-19 4.72E-15 8.56E-14 2.12E-13
 3.27E-13 4.90E-13 6.60E-13 8.02E-13 8.55E-13 8.54E-13
 1.00E-74 1.00E-74 2.19E-39 9.21E-26 5.12E-19 4.72E-15 8.56E-14 2.12E-13
 3.27E-13 4.90E-13 6.60E-13 8.02E-13 8.55E-13 8.54E-13
 1.00E-74 1.00E-74 2.19E-39 9.22E-26 5.12E-19 4.72E-15 8.56E-14 2.12E-13
 3.27E-13 4.90E-13 6.60E-13 8.02E-13 8.55E-13 8.54E-13
 1.00E-74 1.00E-74 2.20E-39 9.25E-26 5.13E-19 4.72E-15 8.57E-14 2.12E-13
 3.27E-13 4.90E-13 6.60E-13 8.02E-13 8.55E-13 8.54E-13
 1.00E-74 1.00E-74 2.35E-39 9.61E-26 5.23E-19 4.75E-15 8.58E-14 2.12E-13
 3.26E-13 4.89E-13 6.58E-13 7.99E-13 8.52E-13 8.51E-13
  71.2835    7  14 /pl=01:ss=15:pb= 1:sz=15/type=excit/ispb = t/isel =   44
 1.00E+10 1.00E+11 1.00E+12 1.00E+13 1.00E+14 1.00E+15 1.00E+16
 4.41E+00 6.62E+00 1.10E+01 2.21E+01 4.41E+01 1.10E+02 2.21E+02 3.31E+02
 4.41E+02 6.62E+02 1.10E+03 2.21E+03 4.41E+03 6.62E+03
 1.00E-74 1.00E-74 3.47E-39 1.57E-25 8.91E-19 7.85E-15 1.35E-13 3.19E-13
 4.71E-13 6.58E-13 7.90E-13 7.85E-13 6.65E-13 5.81E-13
 1.00E-74 1.00E-74 3.47E-39 1.57E-25 8.91E-19 7.85E-15 1.35E-13 3.19E-13
 4.71E-13 6.58E-13 7.90E-13 7.85E-13 6.65E-13 5.81E-13
 1.00E-74 1.00E-74 3.47E-39 1.57E-25 8.91E-19 7.85E-15 1.35E-13 3.19E-13
 4.71E-13 6.58E-13 7.90E-13 7.85E-13 6.65E-13 5.81E-13
 1.00E-74 1.00E-74 3.47E-39 1.57E-25 8.91E-19 7.85E-15 1.35E-13 3.19E-13
 4.71E-13 6.58E-13 7.90E-13 7.85E-13 6.65E-13 5.81E-13
 1.00E-74 1.00E-74 3.47E-39 1.58E-25 8.92E-19 7.86E-15 1.35E-13 3.19E-13
 4.71E-13 6.59E-13 7.91E-13 7.85E-13 6.65E-13 5.81E-13
 1.00E-74 1.00E-74 3.53E-39 1.59E-25 8.99E-19 7.90E-15 1.35E-13 3.20E-13
 4.72E-13 6.60E-13 7.93E-13 7.87E-13 6.67E-13 5.82E-13
 1.00E-74 1.00E-74 4.10E-39 1.77E-25 9.64E-19 8.25E-15 1.40E-13 3.29E-13
 4.85E-13 6.77E-13 8.12E-13 8.05E-13 6.82E-13 5.95E-13
  71.6011    7  14 /pl=01:ss=15:pb= 1:sz=15/type=excit/ispb = t/isel =   45
 1.00E+10 1.00E+11 1.00E+12 1.00E+13 1.00E+14 1.00E+15 1.00E+16
 4.41E+00 6.62E+00 1.10E+01 2.21E+01 4.41E+01 1.10E+02 2.21E+02 3.31E+02
 4.41E+02 6.62E+02 1.10E+03 2.21E+03 4.41E+03 6.62E+03
 1.00E-74 1.00E-74 6.16E-39 2.81E-25 1.59E-18 1.41E-14 2.41E-13 5.72E-13
 8.45E-13 1.18E-12 1.42E-12 1.41E-12 1.20E-12 1.04E-12
 1.00E-74 1.00E-74 6.16E-39 2.81E-25 1.59E-18 1.41E-14 2.41E-13 5.72E-13
 8.45E-13 1.18E-12 1.42E-12 1.41E-12 1.20E-12 1.04E-12
 1.00E-74 1.00E-74 6.16E-39 2.81E-25 1.59E-18 1.41E-14 2.41E-13 5.72E-13
 8.45E-13 1.18E-12 1.42E-12 1.41E-12 1.20E-12 1.04E-12
 1.00E-74 1.00E-74 6.17E-39 2.81E-25 1.59E-18 1.41E-14 2.41E-13 5.72E-13
 8.45E-13 1.18E-12 1.42E-12 1.41E-12 1.20E-12 1.04E-12
 1.00E-74 1.00E-74 6.17E-39 2.81E-25 1.60E-18 1.41E-14 2.41E-13 5.72E-13
 8.45E-13 1.18E-12 1.42E-12 1.41E-12 1.20E-12 1.04E-12
 1.00E-74 1.00E-74 6.26E-39 2.84E-25 1.60E-18 1.41E-14 2.42E-13 5.73E-13
 8.47E-13 1.18E-12 1.42E-12 1.41E-12 1.20E-12 1.04E-12
 1.00E-74 1.00E-74 7.05E-39 3.08E-25 1.69E-18 1.46E-14 2.47E-13 5.84E-13
 8.62E-13 1.20E-12 1.44E-12 1.43E-12 1.22E-12 1.06E-12
  73.5656    7  14 /pl=01:ss=15:pb= 1:sz=15/type=excit/ispb = t/isel =   46
 1.00E+10 1.00E+11 1.00E+12 1.00E+13 1.00E+14 1.00E+15 1.00E+16
 4.41E+00 6.62E+00 1.10E+01 2.21E+01 4.41E+01 1.10E+02 2.21E+02 3.31E+02
 4.41E+02 6.62E+02 1.10E+03 2.21E+03 4.41E+03 6.62E+03
 1.00E-74 1.00E-74 3.80E-39 1.35E-25 6.82E-19 5.76E-15 9.89E-14 2.36E-13
 3.52E-13 4.99E-13 6.13E-13 6.35E-13 5.67E-13 5.10E-13
 1.00E-74 1.00E-74 3.80E-39 1.35E-25 6.82E-19 5.76E-15 9.89E-14 2.36E-13
 3.52E-13 4.99E-13 6.13E-13 6.35E-13 5.67E-13 5.10E-13
 1.00E-74 1.00E-74 3.80E-39 1.35E-25 6.82E-19 5.76E-15 9.89E-14 2.36E-13
 3.52E-13 4.99E-13 6.13E-13 6.35E-13 5.67E-13 5.10E-13
 1.00E-74 1.00E-74 3.80E-39 1.35E-25 6.82E-19 5.76E-15 9.89E-14 2.36E-13
 3.52E-13 4.99E-13 6.13E-13 6.35E-13 5.67E-13 5.10E-13
 1.00E-74 1.00E-74 3.80E-39 1.35E-25 6.82E-19 5.76E-15 9.89E-14 2.36E-13
 3.52E-13 4.99E-13 6.13E-13 6.35E-13 5.67E-13 5.10E-13
 1.00E-74 1.00E-74 3.80E-39 1.35E-25 6.81E-19 5.75E-15 9.87E-14 2.36E-13
 3.51E-13 4.99E-13 6.12E-13 6.34E-13 5.67E-13 5.09E-13
 1.00E-74 1.00E-74 3.81E-39 1.34E-25 6.70E-19 5.65E-15 9.70E-14 2.32E-13
 3.46E-13 4.92E-13 6.05E-13 6.29E-13 5.63E-13 5.06E-13
  73.9558    7  14 /pl=01:ss=15:pb= 1:sz=15/type=excit/ispb = t/isel =   47
 1.00E+10 1.00E+11 1.00E+12 1.00E+13 1.00E+14 1.00E+15 1.00E+16
 4.41E+00 6.62E+00 1.10E+01 2.21E+01 4.41E+01 1.10E+02 2.21E+02 3.31E+02
 4.41E+02 6.62E+02 1.10E+03 2.21E+03 4.41E+03 6.62E+03
 1.00E-74 1.00E-74 7.45E-39 2.65E-25 1.34E-18 1.13E-14 1.94E-13 4.64E-13
 6.91E-13 9.81E-13 1.20E-12 1.25E-12 1.11E-12 1.00E-12
 1.00E-74 1.00E-74 7.45E-39 2.65E-25 1.34E-18 1.13E-14 1.94E-13 4.64E-13
 6.91E-13 9.81E-13 1.20E-12 1.25E-12 1.11E-12 1.00E-12
 1.00E-74 1.00E-74 7.45E-39 2.65E-25 1.34E-18 1.13E-14 1.94E-13 4.64E-13
 6.91E-13 9.81E-13 1.20E-12 1.25E-12 1.11E-12 1.00E-12
 1.00E-74 1.00E-74 7.45E-39 2.65E-25 1.34E-18 1.13E-14 1.94E-13 4.64E-13
 6.91E-13 9.81E-13 1.20E-12 1.25E-12 1.11E-12 1.00E-12
 1.00E-74 1.00E-74 7.45E-39 2.65E-25 1.34E-18 1.13E-14 1.94E-13 4.64E-13
 6.91E-13 9.80E-13 1.20E-12 1.25E-12 1.11E-12 1.00E-12
 1.00E-74 1.00E-74 7.46E-39 2.65E-25 1.34E-18 1.13E-14 1.94E-13 4.63E-13
 6.90E-13 9.79E-13 1.20E-12 1.25E-12 1.11E-12 1.00E-12
 1.00E-74 1.00E-74 7.47E-39 2.63E-25 1.32E-18 1.11E-14 1.91E-13 4.56E-13
 6.80E-13 9.66E-13 1.19E-12 1.23E-12 1.10E-12 9.94E-13
  148.967    7  14 /pl=01:ss=15:pb= 1:sz=15/type=excit/ispb = t/isel =   48
 1.00E+10 1.00E+11 1.00E+12 1.00E+13 1.00E+14 1.00E+15 1.00E+16
 4.41E+00 6.62E+00 1.10E+01 2.21E+01 4.41E+01 1.10E+02 2.21E+02 3.31E+02
 4.41E+02 6.62E+02 1.10E+03 2.21E+03 4.41E+03 6.62E+03
 1.00E-74 1.00E-74 5.39E-43 8.45E-28 2.86E-20 7.60E-16 1.92E-14 5.31E-14
 8.57E-14 1.35E-13 1.88E-13 2.34E-13 2.52E-13 2.52E-13
 1.00E-74 1.00E-74 5.39E-43 8.45E-28 2.86E-20 7.60E-16 1.92E-14 5.31E-14
 8.57E-14 1.35E-13 1.88E-13 2.34E-13 2.52E-13 2.52E-13
 1.00E-74 1.00E-74 5.39E-43 8.45E-28 2.86E-20 7.60E-16 1.92E-14 5.31E-14
 8.57E-14 1.35E-13 1.88E-13 2.34E-13 2.52E-13 2.52E-13
 1.00E-74 1.00E-74 5.39E-43 8.45E-28 2.86E-20 7.60E-16 1.92E-14 5.31E-14
 8.57E-14 1.35E-13 1.88E-13 2.34E-13 2.52E-13 2.52E-13
 1.00E-74 1.00E-74 5.39E-43 8.45E-28 2.86E-20 7.60E-16 1.92E-14 5.31E-14
 8.57E-14 1.35E-13 1.88E-13 2.34E-13 2.52E-13 2.52E-13
 1.00E-74 1.00E-74 5.42E-43 8.47E-28 2.87E-20 7.60E-16 1.92E-14 5.31E-14
 8.56E-14 1.35E-13 1.88E-13 2.33E-13 2.52E-13 2.52E-13
 1.00E-74 1.00E-74 5.70E-43 8.71E-28 2.90E-20 7.60E-16 1.92E-14 5.29E-14
 8.52E-14 1.34E-13 1.87E-13 2.32E-13 2.50E-13 2.51E-13
  353.152    7  14 /pl=01:ss=15:pb= 1:sz=15/type=excit/ispb = t/isel =   49
 1.00E+10 1.00E+11 1.00E+12 1.00E+13 1.00E+14 1.00E+15 1.00E+16
 4.41E+00 6.62E+00 1.10E+01 2.21E+01 4.41E+01 1.10E+02 2.21E+02 3.31E+02
 4.41E+02 6.62E+02 1.10E+03 2.21E+03 4.41E+03 6.62E+03
 4.26E-12 4.96E-11 3.24E-10 1.16E-09 1.92E-09 2.17E-09 2.01E-09 1.86E-09
 1.75E-09 1.59E-09 1.37E-09 1.10E-09 8.68E-10 7.48E-10
 4.26E-12 4.96E-11 3.24E-10 1.16E-09 1.92E-09 2.17E-09 2.01E-09 1.86E-09
 1.75E-09 1.59E-09 1.37E-09 1.10E-09 8.68E-10 7.48E-10
 4.26E-12 4.96E-11 3.24E-10 1.16E-09 1.92E-09 2.17E-09 2.01E-09 1.86E-09
 1.75E-09 1.59E-09 1.37E-09 1.10E-09 8.68E-10 7.48E-10
 4.26E-12 4.96E-11 3.24E-10 1.16E-09 1.92E-09 2.17E-09 2.01E-09 1.86E-09
 1.75E-09 1.59E-09 1.37E-09 1.10E-09 8.68E-10 7.48E-10
 4.26E-12 4.96E-11 3.24E-10 1.16E-09 1.91E-09 2.17E-09 2.01E-09 1.86E-09
 1.75E-09 1.59E-09 1.37E-09 1.10E-09 8.68E-10 7.48E-10
 4.24E-12 4.94E-11 3.24E-10 1.16E-09 1.91E-09 2.17E-09 2.01E-09 1.86E-09
 1.75E-09 1.58E-09 1.37E-09 1.10E-09 8.67E-10 7.48E-10
 4.10E-12 4.80E-11 3.15E-10 1.12E-09 1.85E-09 2.10E-09 1.95E-09 1.82E-09
 1.71E-09 1.55E-09 1.34E-09 1.09E-09 8.57E-10 7.41E-10
  386.251    7  14 /pl=01:ss=15:pb= 1:sz=15/type=excit/ispb = t/isel =   50
 1.00E+10 1.00E+11 1.00E+12 1.00E+13 1.00E+14 1.00E+15 1.00E+16
 4.41E+00 6.62E+00 1.10E+01 2.21E+01 4.41E+01 1.10E+02 2.21E+02 3.31E+02
 4.41E+02 6.62E+02 1.10E+03 2.21E+03 4.41E+03 6.62E+03
 4.26E-12 3.96E-11 2.16E-10 6.77E-10 1.05E-09 1.15E-09 1.05E-09 9.67E-10
 9.06E-10 8.16E-10 7.04E-10 5.64E-10 4.43E-10 3.82E-10
 4.26E-12 3.96E-11 2.16E-10 6.77E-10 1.05E-09 1.15E-09 1.05E-09 9.67E-10
 9.06E-10 8.16E-10 7.04E-10 5.64E-10 4.43E-10 3.82E-10
 4.26E-12 3.96E-11 2.16E-10 6.77E-10 1.05E-09 1.15E-09 1.05E-09 9.67E-10
 9.06E-10 8.16E-10 7.04E-10 5.64E-10 4.43E-10 3.82E-10
 4.26E-12 3.96E-11 2.16E-10 6.77E-10 1.05E-09 1.15E-09 1.05E-09 9.67E-10
 9.06E-10 8.16E-10 7.04E-10 5.64E-10 4.43E-10 3.82E-10
 4.26E-12 3.96E-11 2.16E-10 6.76E-10 1.05E-09 1.15E-09 1.05E-09 9.67E-10
 9.05E-10 8.16E-10 7.04E-10 5.63E-10 4.43E-10 3.82E-10
 4.24E-12 3.94E-11 2.15E-10 6.74E-10 1.04E-09 1.14E-09 1.05E-09 9.64E-10
 9.03E-10 8.14E-10 7.02E-10 5.63E-10 4.42E-10 3.81E-10
 4.05E-12 3.79E-11 2.08E-10 6.52E-10 1.01E-09 1.11E-09 1.02E-09 9.39E-10
 8.81E-10 7.97E-10 6.89E-10 5.54E-10 4.37E-10 3.78E-10
c-------------------------------------------------------------------------------
 
C  root partition information
C  ==========================
C
C  nuclear charge : 18
C  ion charge+1   : 16
C
C  population calculation information
C  ----------------------------------
C
C  population processing code: adas810
C
C  adf04 source file    : adf04_copmm#18_ic_40#ar15.dat
C  adf18/a17_p208 file  : NULL
C
C  meta. ion. coeff. selector  : 
 
C  options  : lnorm =T  lpsel =F  lzsel =T  liosel=F
C           : lhsel =F  lrsel =F  lisel =F  lnsel =F
 
C  energy levels
C  -------------
C
C   lv      configuration    (2S+1)L(w-1/2)      energy (cm^-1)
C  ---   ------------------- --------------      --------------
c    1   12                     (2)0(  0.5)             0.0
c    2   13                     (2)1(  0.5)        258898.9
c    3   13                     (2)1(  1.5)        283164.2
c    4   14                     (2)0(  0.5)       4181773.6
c    5   15                     (2)1(  0.5)       4253243.8
c    6   15                     (2)1(  1.5)       4260415.8
c    7   16                     (2)2(  1.5)       4286776.6
c    8   16                     (2)2(  2.5)       4289028.1
c    9   17                     (2)0(  0.5)       5612574.6
c   10   18                     (2)1(  0.5)       5641896.2
c   11   18                     (2)1(  1.5)       5644915.7
c   12   19                     (2)2(  1.5)       5656093.0
c   13   19                     (2)2(  2.5)       5657041.8
c   14   1B                     (2)0(  0.5)       6267563.4
c   15   1C                     (2)1(  0.5)       6282319.1
c   16   1C                     (2)1(  1.5)       6283863.4
c   17   1D                     (2)2(  1.5)       6289635.6
c   18   1D                     (2)2(  2.5)       6290121.9
c   19   1G                     (2)0(  0.5)       6620835.8
c   20   1H                     (2)1(  0.5)       6629399.4
c   21   1H                     (2)1(  1.5)       6630291.9
c   22   1I                     (2)2(  1.5)       6633686.9
c   23   1I                     (2)2(  2.5)       6633968.1
c   24   1M                     (2)0(  0.5)       6832974.6
c   25   1N                     (2)1(  0.5)       6838341.6
c   26   1N                     (2)1(  1.5)       6838903.0
c   27   1O                     (2)2(  1.5)       6841092.9
c   28   1O                     (2)2(  2.5)       6841269.9
c   29   11522                  (2)0(  0.5)      24912918.4
c   30   11512513               (4)1(  0.5)      24932072.7
c   31   11512513               (4)1(  1.5)      24941106.8
c   32   11512513               (4)1(  2.5)      24958141.6
c   33   11512513               (2)1(  0.5)      25111456.1
c   34   11512513               (2)1(  1.5)      25124903.4
c   35   11512513               (2)1(  0.5)      25199555.3
c   36   11512513               (2)1(  1.5)      25206001.1
c   37   11512514               (4)0(  1.5)      29157024.8
c   38   11512514               (2)0(  0.5)      29216792.3
c   39   11512515               (4)1(  0.5)      29233989.7
c   40   11512515               (4)1(  1.5)      29236388.1
c   41   11512515               (4)1(  2.5)      29241445.1
c   42   11512515               (2)1(  1.5)      29269534.9
c   43   11512515               (2)1(  0.5)      29271920.2
c   44   11512514               (2)0(  0.5)      29317800.1
c   45   11512515               (2)1(  0.5)      29383494.2
c   46   11512515               (2)1(  1.5)      29391671.4
c   47   11512517               (4)0(  1.5)      30639449.4
c   48   11512517               (2)0(  0.5)      30660790.9
c   49   11512518               (4)1(  0.5)      30669773.9
c   50   11512518               (4)1(  1.5)      30670759.0
c   51   11512518               (4)1(  2.5)      30672879.4
c   52   11512518               (2)1(  1.5)      30683525.3
c   53   11512518               (2)1(  0.5)      30684509.2
c   54   11512517               (2)0(  0.5)      30786998.2
c   55   11512518               (2)1(  0.5)      30813787.6
c   56   11512518               (2)1(  1.5)      30817192.2
c   57   1151251B               (4)0(  1.5)      31310164.0
c   58   1151251B               (2)0(  0.5)      31320368.5
c   59   1151251C               (4)1(  0.5)      31325278.2
c   60   1151251C               (4)1(  1.5)      31325776.1
c   61   1151251C               (4)1(  2.5)      31326856.6
c   62   1151251C               (2)1(  1.5)      31332081.4
c   63   1151251C               (2)1(  0.5)      31332579.1
c   64   1151251B               (2)0(  0.5)      31454042.9
c   65   1151251C               (2)1(  0.5)      31467600.7
c   66   1151251C               (2)1(  1.5)      31469330.5
c   67   1151251G               (4)0(  1.5)      31670054.8
c   68   1151251G               (2)0(  0.5)      31675757.2
c   69   1151251H               (4)1(  0.5)      31678671.2
c   70   1151251H               (4)1(  1.5)      31678957.3
c   71   1151251H               (4)1(  2.5)      31679580.4
c   72   1151251H               (2)1(  1.5)      31682540.6
c   73   1151251H               (2)1(  0.5)      31682826.6
c   74   1151251G               (2)0(  0.5)      31812613.4
c   75   1151251H               (2)1(  0.5)      31820293.3
c   76   1151251H               (2)1(  1.5)      31821289.4
c   77   1151251M               (4)0(  1.5)      31885365.4
c   78   1151251M               (2)0(  0.5)      31888889.3
c   79   1151251N               (4)1(  0.5)      31890739.1
c   80   1151251N               (4)1(  1.5)      31890918.5
c   81   1151251N               (4)1(  2.5)      31891309.9
c   82   1151251N               (2)1(  1.5)      31893153.3
c   83   1151251N               (2)1(  0.5)      31893332.6
c   84   1151251M               (2)0(  0.5)      32027214.2
c   85   1151251N               (2)1(  0.5)      32032018.6
c   86   1151251N               (2)1(  1.5)      32032643.8
 
 
 
c-------------------------------------------------------------------------------
 
C  superstage partition information
C  ================================
C
C  element symbol   : AR
C  parent template  : 
C  partition level  :  1
C  superstage label : 15
C
C  tabulation       : photon emissivity coefft (te,ne)
C  units            : ph. emis coef(cm^3 s^-1); te (ev); ne (cm^-3)
C
C  photon emissivity atomic transitions
C  ------------------------------------
C  
C   isel  wvlen(A)            transition                type  ispb nspb
C                                                             ispp nspp sz    tg pr wr
C  ----- ---------- ----------------------------------- ----- ---- ---- --    -- -- --
C      1   3.25908   52(2)1(  1.5)-  1(2)0(  0.5)       excit   1    1  15    48 43  1
C      2   3.40232   46(2)1(  1.5)-  1(2)0(  0.5)       excit   1    1  15    43 41  2
C      3   3.41624   43(2)1(  0.5)-  1(2)0(  0.5)       excit   1    1  15    40 38  3
C      4   3.41652   42(2)1(  1.5)-  1(2)0(  0.5)       excit   1    1  15    39 23  4
C      5   3.96731   36(2)1(  1.5)-  1(2)0(  0.5)       excit   1    1  15    34 33  5
C      6   3.96832   35(2)1(  0.5)-  1(2)0(  0.5)       excit   1    1  15    33 25  6
C      7   3.98011   34(2)1(  1.5)-  1(2)0(  0.5)       excit   1    1  15    32  9  7
C      8   3.98225   33(2)1(  0.5)-  1(2)0(  0.5)       excit   1    1  15    31 13  8
C      9   4.05613   29(2)0(  0.5)-  2(2)1(  0.5)       excit   1    1  15   101 48  9
C     10   4.06013   29(2)0(  0.5)-  3(2)1(  1.5)       excit   1    1  15   184 34 10
C     11   14.6222   26(2)1(  1.5)-  1(2)0(  0.5)       excit   1    1  15    25 35 11
C     12   14.6234   25(2)1(  0.5)-  1(2)0(  0.5)       excit   1    1  15    24 49 12
C     13   15.0823   21(2)1(  1.5)-  1(2)0(  0.5)       excit   1    1  15    20 26 13
C     14   15.0843   20(2)1(  0.5)-  1(2)0(  0.5)       excit   1    1  15    19 40 14
C     15   15.2483   28(2)2(  2.5)-  3(2)1(  1.5)       excit   1    1  15   183 45 15
C     16   15.6868   22(2)2(  1.5)-  2(2)1(  0.5)       excit   1    1  15    96 44 16
C     17   15.7460   23(2)2(  2.5)-  3(2)1(  1.5)       excit   1    1  15   178 32 17
C     18   15.9138   16(2)1(  1.5)-  1(2)0(  0.5)       excit   1    1  15    15 16 18
C     19   15.9177   15(2)1(  0.5)-  1(2)0(  0.5)       excit   1    1  15    14 22 19
C     20   16.5817   17(2)2(  1.5)-  2(2)1(  0.5)       excit   1    1  15    92 29 20
C     21   16.6474   18(2)2(  2.5)-  3(2)1(  1.5)       excit   1    1  15   173 20 21
C     22   16.7101   14(2)0(  0.5)-  3(2)1(  1.5)       excit   1    1  15   169 36 22
C     23   17.7151   11(2)1(  1.5)-  1(2)0(  0.5)       excit   1    1  15    10 10 23
C     24   17.7245   10(2)1(  0.5)-  1(2)0(  0.5)       excit   1    1  15     9 14 24
C     25   18.5281   12(2)2(  1.5)-  2(2)1(  0.5)       excit   1    1  15    88 15 25
C     26   18.6085   13(2)2(  2.5)-  3(2)1(  1.5)       excit   1    1  15   168 12 26
C     27   18.6118   12(2)2(  1.5)-  3(2)1(  1.5)       excit   1    1  15   167 37 27
C     28   18.6788    9(2)0(  0.5)-  2(2)1(  0.5)       excit   1    1  15    85 24 28
C     29   18.7638    9(2)0(  0.5)-  3(2)1(  1.5)       excit   1    1  15   164 17 29
C     30   23.4719    6(2)1(  1.5)-  1(2)0(  0.5)       excit   1    1  15     5  4 30
C     31   23.5115    5(2)1(  0.5)-  1(2)0(  0.5)       excit   1    1  15     4  6 31
C     32   24.8270    7(2)2(  1.5)-  2(2)1(  0.5)       excit   1    1  15    84  5 32
C     33   24.9634    8(2)2(  2.5)-  3(2)1(  1.5)       excit   1    1  15   163  3 33
C     34   24.9774    7(2)2(  1.5)-  3(2)1(  1.5)       excit   1    1  15   162 11 34
C     35   25.4915    4(2)0(  0.5)-  2(2)1(  0.5)       excit   1    1  15    81  8 35
C     36   25.6502    4(2)0(  0.5)-  3(2)1(  1.5)       excit   1    1  15   159  7 36
C     37   40.8410   21(2)1(  1.5)-  4(2)0(  0.5)       excit   1    1  15   258 47 37
C     38   47.5717   16(2)1(  1.5)-  4(2)0(  0.5)       excit   1    1  15   253 31 38
C     39   47.6067   15(2)1(  0.5)-  4(2)0(  0.5)       excit   1    1  15   252 46 39
C     40   49.2682   18(2)2(  2.5)-  6(2)1(  1.5)       excit   1    1  15   405 39 40
C     41   49.8219   14(2)0(  0.5)-  6(2)1(  1.5)       excit   1    1  15   401 42 41
C     42   68.3461   11(2)1(  1.5)-  4(2)0(  0.5)       excit   1    1  15   248 18 42
C     43   68.4874   10(2)1(  0.5)-  4(2)0(  0.5)       excit   1    1  15   247 27 43
C     44   71.2835   12(2)2(  1.5)-  5(2)1(  0.5)       excit   1    1  15   323 28 44
C     45   71.6011   13(2)2(  2.5)-  6(2)1(  1.5)       excit   1    1  15   400 19 45
C     46   73.5656    9(2)0(  0.5)-  5(2)1(  0.5)       excit   1    1  15   320 30 46
C     47   73.9558    9(2)0(  0.5)-  6(2)1(  1.5)       excit   1    1  15   396 21 47
C     48   148.967   16(2)1(  1.5)-  9(2)0(  0.5)       excit   1    1  15   615 50 48
C     49   353.152    3(2)1(  1.5)-  1(2)0(  0.5)       excit   1    1  15     2  1 49
C     50   386.251    2(2)1(  0.5)-  1(2)0(  0.5)       excit   1    1  15     1  2 50
c-------------------------------------------------------------------------------
                                                                                
C  code     : adas810
C  producer : Adam Foster
C  date     : 13/05/09
                                                                                
c-------------------------------------------------------------------------------
