    7    /Ar: 0 photon emissivity coefficients/
--------------------------------------------------------------------------------
    1    1    1    1    1    1    1    1    1    1    1    1    1    1
    1    1    1    1    1
--------------------------------------------------------------------------------
//#01/p00/ 00/p01/ 01/p02/ 02/p03/ 03/p04/ 04/p05/ 05/p06/ 06/p07/ 07/p08/ 08/  
      p09/ 09/p10/ 10/p11/ 11/p12/ 12/p13/ 13/p14/ 14/p15/ 15/p16/ 16/p17/ 17/  
      p18/ 18/                                                                  
--------------------------------------------------------------------------------
  371.128    7  14 /pl=01:ss= 0:pb= 1:sz= 0/type=excit/ispb = t/isel =    1
 1.00E+10 1.00E+11 1.00E+12 1.00E+13 1.00E+14 1.00E+15 1.00E+16
 1.72E-02 2.59E-02 4.31E-02 8.62E-02 1.72E-01 4.31E-01 8.62E-01 1.29E+00
 1.72E+00 2.59E+00 4.31E+00 8.62E+00 1.72E+01 2.59E+01
 1.00E-74 1.00E-74 1.00E-74 1.00E-74 1.00E-74 1.00E-74 6.34E-60 2.73E-54
 1.83E-51 1.26E-48 2.47E-46 1.42E-44 1.18E-43 2.51E-43
 1.00E-74 1.00E-74 1.00E-74 1.00E-74 1.00E-74 1.00E-74 6.34E-61 2.73E-55
 1.83E-52 1.26E-49 2.47E-47 1.42E-45 1.18E-44 2.51E-44
 1.00E-74 1.00E-74 1.00E-74 1.00E-74 1.00E-74 1.00E-74 6.34E-62 2.73E-56
 1.83E-53 1.26E-50 2.47E-48 1.42E-46 1.18E-45 2.51E-45
 1.00E-74 1.00E-74 1.00E-74 1.00E-74 1.00E-74 1.00E-74 6.34E-63 2.73E-57
 1.83E-54 1.26E-51 2.47E-49 1.42E-47 1.18E-46 2.50E-46
 1.00E-74 1.00E-74 1.00E-74 1.00E-74 1.00E-74 1.00E-74 6.36E-64 2.74E-58
 1.83E-55 1.26E-52 2.48E-50 1.42E-48 1.17E-47 2.49E-47
 1.00E-74 1.00E-74 1.00E-74 1.00E-74 1.00E-74 1.00E-74 6.68E-65 2.88E-59
 1.93E-56 1.32E-53 2.59E-51 1.45E-49 1.15E-48 2.39E-48
 1.00E-74 1.00E-74 1.00E-74 1.00E-74 1.00E-74 1.00E-74 1.98E-65 8.85E-60
 6.06E-57 4.26E-54 8.15E-52 3.87E-50 2.39E-49 4.26E-49
  379.774    7  14 /pl=01:ss= 0:pb= 1:sz= 0/type=excit/ispb = t/isel =    2
 1.00E+10 1.00E+11 1.00E+12 1.00E+13 1.00E+14 1.00E+15 1.00E+16
 1.72E-02 2.59E-02 4.31E-02 8.62E-02 1.72E-01 4.31E-01 8.62E-01 1.29E+00
 1.72E+00 2.59E+00 4.31E+00 8.62E+00 1.72E+01 2.59E+01
 1.00E-74 1.00E-74 1.00E-74 1.00E-74 1.00E-74 1.00E-74 1.50E-59 4.82E-54
 2.78E-51 1.65E-48 2.89E-46 1.51E-44 1.20E-43 2.53E-43
 1.00E-74 1.00E-74 1.00E-74 1.00E-74 1.00E-74 1.00E-74 1.50E-60 4.82E-55
 2.78E-52 1.65E-49 2.89E-47 1.51E-45 1.20E-44 2.53E-44
 1.00E-74 1.00E-74 1.00E-74 1.00E-74 1.00E-74 1.00E-74 1.50E-61 4.82E-56
 2.78E-53 1.65E-50 2.89E-48 1.51E-46 1.20E-45 2.53E-45
 1.00E-74 1.00E-74 1.00E-74 1.00E-74 1.00E-74 1.00E-74 1.50E-62 4.82E-57
 2.78E-54 1.65E-51 2.89E-49 1.51E-47 1.20E-46 2.52E-46
 1.00E-74 1.00E-74 1.00E-74 1.00E-74 1.00E-74 1.00E-74 1.51E-63 4.84E-58
 2.79E-55 1.66E-52 2.89E-50 1.51E-48 1.20E-47 2.51E-47
 1.00E-74 1.00E-74 1.00E-74 1.00E-74 1.00E-74 1.00E-74 1.58E-64 5.09E-59
 2.94E-56 1.74E-53 3.03E-51 1.55E-49 1.18E-48 2.42E-48
 1.00E-74 1.00E-74 1.00E-74 1.00E-74 1.00E-74 1.00E-74 4.76E-65 1.58E-59
 9.37E-57 5.69E-54 9.66E-52 4.20E-50 2.49E-49 4.36E-49
  411.389    7  14 /pl=01:ss= 0:pb= 1:sz= 0/type=excit/ispb = t/isel =    3
 1.00E+10 1.00E+11 1.00E+12 1.00E+13 1.00E+14 1.00E+15 1.00E+16
 1.72E-02 2.59E-02 4.31E-02 8.62E-02 1.72E-01 4.31E-01 8.62E-01 1.29E+00
 1.72E+00 2.59E+00 4.31E+00 8.62E+00 1.72E+01 2.59E+01
 1.00E-74 1.00E-74 1.00E-74 1.00E-74 1.00E-74 1.00E-74 9.69E-65 1.14E-59
 3.98E-57 1.40E-54 1.54E-52 5.21E-51 2.92E-50 5.00E-50
 1.00E-74 1.00E-74 1.00E-74 1.00E-74 1.00E-74 1.00E-74 9.69E-65 1.14E-59
 3.98E-57 1.40E-54 1.54E-52 5.21E-51 2.92E-50 5.00E-50
 1.00E-74 1.00E-74 1.00E-74 1.00E-74 1.00E-74 1.00E-74 9.69E-65 1.14E-59
 3.98E-57 1.40E-54 1.54E-52 5.22E-51 2.93E-50 5.01E-50
 1.00E-74 1.00E-74 1.00E-74 1.00E-74 1.00E-74 1.00E-74 9.74E-65 1.15E-59
 4.01E-57 1.41E-54 1.56E-52 5.26E-51 2.96E-50 5.06E-50
 1.00E-74 1.00E-74 1.00E-74 1.00E-74 1.00E-74 1.00E-74 1.02E-64 1.22E-59
 4.25E-57 1.51E-54 1.67E-52 5.72E-51 3.24E-50 5.58E-50
 1.00E-74 1.00E-74 1.00E-74 1.00E-74 1.00E-74 1.00E-74 1.52E-64 1.86E-59
 6.64E-57 2.43E-54 2.81E-52 1.01E-50 5.89E-50 1.03E-49
 1.00E-74 1.00E-74 1.00E-74 1.00E-74 1.00E-74 1.00E-74 6.00E-64 7.69E-59
 2.83E-56 1.07E-53 1.24E-51 4.02E-50 2.01E-49 3.27E-49
  663.319    7  14 /pl=01:ss= 0:pb= 1:sz= 0/type=excit/ispb = t/isel =    4
 1.00E+10 1.00E+11 1.00E+12 1.00E+13 1.00E+14 1.00E+15 1.00E+16
 1.72E-02 2.59E-02 4.31E-02 8.62E-02 1.72E-01 4.31E-01 8.62E-01 1.29E+00
 1.72E+00 2.59E+00 4.31E+00 8.62E+00 1.72E+01 2.59E+01
 1.00E-74 1.00E-74 1.00E-74 1.00E-74 1.00E-74 8.84E-40 1.38E-24 1.64E-19
 5.69E-17 2.00E-14 2.21E-12 7.46E-11 4.18E-10 7.15E-10
 1.00E-74 1.00E-74 1.00E-74 1.00E-74 1.00E-74 8.84E-40 1.39E-24 1.64E-19
 5.69E-17 2.00E-14 2.21E-12 7.46E-11 4.18E-10 7.15E-10
 1.00E-74 1.00E-74 1.00E-74 1.00E-74 1.00E-74 8.84E-40 1.39E-24 1.64E-19
 5.70E-17 2.01E-14 2.21E-12 7.46E-11 4.19E-10 7.16E-10
 1.00E-74 1.00E-74 1.00E-74 1.00E-74 1.00E-74 8.88E-40 1.39E-24 1.65E-19
 5.73E-17 2.02E-14 2.23E-12 7.53E-11 4.23E-10 7.23E-10
 1.00E-74 1.00E-74 1.00E-74 1.00E-74 1.00E-74 9.27E-40 1.46E-24 1.74E-19
 6.08E-17 2.15E-14 2.39E-12 8.17E-11 4.64E-10 7.98E-10
 1.00E-74 1.00E-74 1.00E-74 1.00E-74 1.00E-74 1.31E-39 2.17E-24 2.66E-19
 9.50E-17 3.48E-14 4.03E-12 1.44E-10 8.42E-10 1.47E-09
 1.00E-74 1.00E-74 1.00E-74 1.00E-74 1.00E-74 4.84E-39 8.59E-24 1.10E-18
 4.04E-16 1.53E-13 1.78E-11 5.75E-10 2.88E-09 4.68E-09
  1083.17    7  14 /pl=01:ss= 0:pb= 1:sz= 0/type=excit/ispb = t/isel =    5
 1.00E+10 1.00E+11 1.00E+12 1.00E+13 1.00E+14 1.00E+15 1.00E+16
 1.72E-02 2.59E-02 4.31E-02 8.62E-02 1.72E-01 4.31E-01 8.62E-01 1.29E+00
 1.72E+00 2.59E+00 4.31E+00 8.62E+00 1.72E+01 2.59E+01
 1.00E-74 1.00E-74 1.00E-74 1.00E-74 7.72E-38 1.81E-20 1.27E-14 1.21E-12
 1.22E-11 1.29E-10 9.04E-10 4.27E-09 9.90E-09 1.32E-08
 1.00E-74 1.00E-74 1.00E-74 1.00E-74 7.72E-38 1.81E-20 1.27E-14 1.21E-12
 1.22E-11 1.29E-10 9.04E-10 4.27E-09 9.90E-09 1.32E-08
 1.00E-74 1.00E-74 1.00E-74 1.00E-74 7.72E-38 1.81E-20 1.27E-14 1.21E-12
 1.22E-11 1.29E-10 9.04E-10 4.27E-09 9.90E-09 1.32E-08
 1.00E-74 1.00E-74 1.00E-74 1.00E-74 7.72E-38 1.81E-20 1.27E-14 1.21E-12
 1.22E-11 1.29E-10 9.04E-10 4.27E-09 9.89E-09 1.32E-08
 1.00E-74 1.00E-74 1.00E-74 1.00E-74 7.72E-38 1.81E-20 1.27E-14 1.20E-12
 1.22E-11 1.28E-10 9.03E-10 4.26E-09 9.82E-09 1.31E-08
 1.00E-74 1.00E-74 1.00E-74 1.00E-74 7.70E-38 1.80E-20 1.26E-14 1.20E-12
 1.21E-11 1.28E-10 8.92E-10 4.12E-09 9.20E-09 1.20E-08
 1.00E-74 1.00E-74 1.00E-74 1.00E-74 7.50E-38 1.75E-20 1.22E-14 1.15E-12
 1.16E-11 1.20E-10 7.99E-10 3.11E-09 5.59E-09 6.58E-09
  3792.20    7  14 /pl=01:ss= 0:pb= 1:sz= 0/type=excit/ispb = t/isel =    6
 1.00E+10 1.00E+11 1.00E+12 1.00E+13 1.00E+14 1.00E+15 1.00E+16
 1.72E-02 2.59E-02 4.31E-02 8.62E-02 1.72E-01 4.31E-01 8.62E-01 1.29E+00
 1.72E+00 2.59E+00 4.31E+00 8.62E+00 1.72E+01 2.59E+01
 1.00E-74 1.00E-74 1.00E-74 1.00E-74 1.00E-74 1.00E-74 6.34E-60 2.73E-54
 1.83E-51 1.26E-48 2.47E-46 1.42E-44 1.18E-43 2.51E-43
 1.00E-74 1.00E-74 1.00E-74 1.00E-74 1.00E-74 1.00E-74 6.34E-61 2.73E-55
 1.83E-52 1.26E-49 2.47E-47 1.42E-45 1.18E-44 2.51E-44
 1.00E-74 1.00E-74 1.00E-74 1.00E-74 1.00E-74 1.00E-74 6.34E-62 2.73E-56
 1.83E-53 1.26E-50 2.47E-48 1.42E-46 1.18E-45 2.51E-45
 1.00E-74 1.00E-74 1.00E-74 1.00E-74 1.00E-74 1.00E-74 6.34E-63 2.73E-57
 1.83E-54 1.26E-51 2.47E-49 1.42E-47 1.18E-46 2.50E-46
 1.00E-74 1.00E-74 1.00E-74 1.00E-74 1.00E-74 1.00E-74 6.36E-64 2.74E-58
 1.83E-55 1.26E-52 2.48E-50 1.42E-48 1.17E-47 2.49E-47
 1.00E-74 1.00E-74 1.00E-74 1.00E-74 1.00E-74 1.00E-74 6.68E-65 2.88E-59
 1.93E-56 1.32E-53 2.59E-51 1.45E-49 1.15E-48 2.39E-48
 1.00E-74 1.00E-74 1.00E-74 1.00E-74 1.00E-74 1.00E-74 1.98E-65 8.85E-60
 6.06E-57 4.26E-54 8.15E-52 3.87E-50 2.39E-49 4.26E-49
  4941.79    7  14 /pl=01:ss= 0:pb= 1:sz= 0/type=excit/ispb = t/isel =    7
 1.00E+10 1.00E+11 1.00E+12 1.00E+13 1.00E+14 1.00E+15 1.00E+16
 1.72E-02 2.59E-02 4.31E-02 8.62E-02 1.72E-01 4.31E-01 8.62E-01 1.29E+00
 1.72E+00 2.59E+00 4.31E+00 8.62E+00 1.72E+01 2.59E+01
 1.00E-74 1.00E-74 1.00E-74 1.00E-74 1.00E-74 1.00E-74 1.50E-59 4.82E-54
 2.78E-51 1.65E-48 2.89E-46 1.51E-44 1.20E-43 2.53E-43
 1.00E-74 1.00E-74 1.00E-74 1.00E-74 1.00E-74 1.00E-74 1.50E-60 4.82E-55
 2.78E-52 1.65E-49 2.89E-47 1.51E-45 1.20E-44 2.53E-44
 1.00E-74 1.00E-74 1.00E-74 1.00E-74 1.00E-74 1.00E-74 1.50E-61 4.82E-56
 2.78E-53 1.65E-50 2.89E-48 1.51E-46 1.20E-45 2.53E-45
 1.00E-74 1.00E-74 1.00E-74 1.00E-74 1.00E-74 1.00E-74 1.50E-62 4.82E-57
 2.78E-54 1.65E-51 2.89E-49 1.51E-47 1.20E-46 2.52E-46
 1.00E-74 1.00E-74 1.00E-74 1.00E-74 1.00E-74 1.00E-74 1.51E-63 4.84E-58
 2.79E-55 1.66E-52 2.89E-50 1.51E-48 1.20E-47 2.51E-47
 1.00E-74 1.00E-74 1.00E-74 1.00E-74 1.00E-74 1.00E-74 1.58E-64 5.09E-59
 2.94E-56 1.74E-53 3.03E-51 1.55E-49 1.18E-48 2.42E-48
 1.00E-74 1.00E-74 1.00E-74 1.00E-74 1.00E-74 1.00E-74 4.76E-65 1.58E-59
 9.37E-57 5.69E-54 9.66E-52 4.20E-50 2.49E-49 4.36E-49
c-------------------------------------------------------------------------------
 
C  root partition information
C  ==========================
C
C  nuclear charge : 18
C  ion charge+1   :  1
C
C  population calculation information
C  ----------------------------------
C
C  population processing code: adas810
C
C  adf04 source file    : adf04_copmm#18_ca_40#ar0_t3.dat
C  adf18/a17_p208 file  : NULL
C
C  meta. ion. coeff. selector  : 
 
C  options  : lnorm =T  lpsel =F  lzsel =T  liosel=F
C           : lhsel =F  lrsel =F  lisel =F  lnsel =F
 
C  energy levels
C  -------------
C
C   lv      configuration    (2S+1)L(w-1/2)      energy (cm^-1)
C  ---   ------------------- --------------      --------------
c    1   24565                  (0)0(  0.0)             0.0
c    2   24555517               (0)0(  5.5)         92322.0
c    3   14565517               (0)0(  1.5)        243079.0
c    4   1456551B               (0)0(  1.5)        263314.6
c    5   1456551G               (0)0(  1.5)        269448.9
 
 
 
c-------------------------------------------------------------------------------
 
C  superstage partition information
C  ================================
C
C  element symbol   : Ar
C  parent template  : 
C  partition level  :  1
C  superstage label :  0
C
C  tabulation       : photon emissivity coefft (te,ne)
C  units            : ph. emis coef(cm^3 s^-1); te (ev); ne (cm^-3)
C
C  photon emissivity atomic transitions
C  ------------------------------------
C  
C   isel  wvlen(A)            transition                type  ispb nspb
C                                                             ispp nspp sz    tg pr wr
C  ----- ---------- ----------------------------------- ----- ---- ---- --    -- -- --
C      1   371.128    5(0)0(  1.5)-  1(0)0(  0.0)       excit   1    1   0     4  6  1
C      2   379.774    4(0)0(  1.5)-  1(0)0(  0.0)       excit   1    1   0     3  4  2
C      3   411.389    3(0)0(  1.5)-  1(0)0(  0.0)       excit   1    1   0     2  7  3
C      4   663.319    3(0)0(  1.5)-  2(0)0(  5.5)       excit   1    1   0     5  2  4
C      5   1083.17    2(0)0(  5.5)-  1(0)0(  0.0)       excit   1    1   0     1  1  5
C      6   3792.20    5(0)0(  1.5)-  3(0)0(  1.5)       excit   1    1   0     7  5  6
C      7   4941.79    4(0)0(  1.5)-  3(0)0(  1.5)       excit   1    1   0     6  3  7
c-------------------------------------------------------------------------------
                                                                                
C  code     : adas810
C  producer : Adam Foster
C  date     : 13/05/09
                                                                                
c-------------------------------------------------------------------------------
