   50    /Ar:17 photon emissivity coefficients/
--------------------------------------------------------------------------------
    1    1    1    1    1    1    1    1    1    1    1    1    1    1
    1    1    1    1    1
--------------------------------------------------------------------------------
//#01/p00/ 00/p01/ 01/p02/ 02/p03/ 03/p04/ 04/p05/ 05/p06/ 06/p07/ 07/p08/ 08/  
      p09/ 09/p10/ 10/p11/ 11/p12/ 12/p13/ 13/p14/ 14/p15/ 15/p16/ 16/p17/ 17/  
      p18/ 18/                                                                  
--------------------------------------------------------------------------------
  2.88020    7  14 /pl=01:ss=17:pb= 1:sz=17/type=excit/ispb = t/isel =    1
 1.00E+10 1.00E+11 1.00E+12 1.00E+13 1.00E+14 1.00E+15 1.00E+16
 5.58E+00 8.38E+00 1.40E+01 2.79E+01 5.58E+01 1.40E+02 2.79E+02 4.19E+02
 5.58E+02 8.38E+02 1.40E+03 2.79E+03 5.58E+03 8.38E+03
 1.00E-74 1.00E-74 1.00E-74 1.00E-74 1.00E-74 2.58E-29 9.04E-23 1.26E-20
 1.42E-19 1.53E-18 9.33E-18 3.16E-17 5.02E-17 5.46E-17
 1.00E-74 1.00E-74 1.00E-74 1.00E-74 1.00E-74 2.58E-29 9.04E-23 1.26E-20
 1.42E-19 1.53E-18 9.33E-18 3.16E-17 5.02E-17 5.46E-17
 1.00E-74 1.00E-74 1.00E-74 1.00E-74 1.00E-74 2.58E-29 9.04E-23 1.26E-20
 1.42E-19 1.53E-18 9.33E-18 3.16E-17 5.02E-17 5.46E-17
 1.00E-74 1.00E-74 1.00E-74 1.00E-74 5.37E-49 2.58E-29 9.04E-23 1.26E-20
 1.42E-19 1.53E-18 9.33E-18 3.16E-17 5.02E-17 5.46E-17
 1.00E-74 1.00E-74 1.00E-74 1.00E-74 3.22E-49 2.58E-29 9.04E-23 1.26E-20
 1.42E-19 1.53E-18 9.33E-18 3.16E-17 5.02E-17 5.46E-17
 1.00E-74 1.00E-74 1.00E-74 1.00E-74 3.38E-49 2.58E-29 9.05E-23 1.26E-20
 1.43E-19 1.53E-18 9.33E-18 3.16E-17 5.03E-17 5.46E-17
 1.00E-74 1.00E-74 1.00E-74 1.00E-74 3.42E-49 2.61E-29 9.13E-23 1.27E-20
 1.44E-19 1.54E-18 9.38E-18 3.17E-17 5.04E-17 5.48E-17
  2.88026    7  14 /pl=01:ss=17:pb= 1:sz=17/type=excit/ispb = t/isel =    2
 1.00E+10 1.00E+11 1.00E+12 1.00E+13 1.00E+14 1.00E+15 1.00E+16
 5.58E+00 8.38E+00 1.40E+01 2.79E+01 5.58E+01 1.40E+02 2.79E+02 4.19E+02
 5.58E+02 8.38E+02 1.40E+03 2.79E+03 5.58E+03 8.38E+03
 1.00E-74 1.00E-74 1.00E-74 1.00E-74 1.00E-74 3.32E-26 1.17E-19 1.63E-17
 1.85E-16 1.99E-15 1.23E-14 4.25E-14 7.09E-14 8.02E-14
 1.00E-74 1.00E-74 1.00E-74 1.00E-74 1.00E-74 3.32E-26 1.17E-19 1.63E-17
 1.85E-16 1.99E-15 1.23E-14 4.25E-14 7.09E-14 8.02E-14
 1.00E-74 1.00E-74 1.00E-74 1.00E-74 1.00E-74 3.32E-26 1.17E-19 1.63E-17
 1.85E-16 1.99E-15 1.23E-14 4.25E-14 7.09E-14 8.02E-14
 1.00E-74 1.00E-74 1.00E-74 1.00E-74 2.89E-46 3.32E-26 1.17E-19 1.63E-17
 1.85E-16 1.99E-15 1.23E-14 4.25E-14 7.09E-14 8.02E-14
 1.00E-74 1.00E-74 1.00E-74 1.00E-74 4.33E-46 3.32E-26 1.17E-19 1.63E-17
 1.85E-16 1.99E-15 1.23E-14 4.25E-14 7.09E-14 8.02E-14
 1.00E-74 1.00E-74 1.00E-74 1.00E-74 4.30E-46 3.32E-26 1.17E-19 1.63E-17
 1.86E-16 1.99E-15 1.23E-14 4.25E-14 7.09E-14 8.02E-14
 1.00E-74 1.00E-74 1.00E-74 1.00E-74 4.32E-46 3.33E-26 1.17E-19 1.64E-17
 1.86E-16 2.00E-15 1.23E-14 4.26E-14 7.10E-14 8.03E-14
  2.91674    7  14 /pl=01:ss=17:pb= 1:sz=17/type=excit/ispb = t/isel =    3
 1.00E+10 1.00E+11 1.00E+12 1.00E+13 1.00E+14 1.00E+15 1.00E+16
 5.58E+00 8.38E+00 1.40E+01 2.79E+01 5.58E+01 1.40E+02 2.79E+02 4.19E+02
 5.58E+02 8.38E+02 1.40E+03 2.79E+03 5.58E+03 8.38E+03
 1.00E-74 1.00E-74 1.00E-74 1.00E-74 1.00E-74 6.34E-29 1.83E-22 2.40E-20
 2.63E-19 2.73E-18 1.63E-17 5.40E-17 8.51E-17 9.24E-17
 1.00E-74 1.00E-74 1.00E-74 1.00E-74 1.00E-74 6.34E-29 1.83E-22 2.40E-20
 2.63E-19 2.73E-18 1.63E-17 5.40E-17 8.51E-17 9.24E-17
 1.00E-74 1.00E-74 1.00E-74 1.00E-74 1.00E-74 6.34E-29 1.83E-22 2.40E-20
 2.63E-19 2.73E-18 1.63E-17 5.40E-17 8.51E-17 9.24E-17
 1.00E-74 1.00E-74 1.00E-74 1.00E-74 1.77E-48 6.34E-29 1.83E-22 2.40E-20
 2.63E-19 2.73E-18 1.63E-17 5.40E-17 8.51E-17 9.24E-17
 1.00E-74 1.00E-74 1.00E-74 1.00E-74 1.50E-48 6.34E-29 1.83E-22 2.40E-20
 2.63E-19 2.73E-18 1.63E-17 5.40E-17 8.51E-17 9.24E-17
 1.00E-74 1.00E-74 1.00E-74 1.00E-74 1.47E-48 6.34E-29 1.83E-22 2.40E-20
 2.63E-19 2.73E-18 1.63E-17 5.40E-17 8.51E-17 9.24E-17
 1.00E-74 1.00E-74 1.00E-74 1.00E-74 1.48E-48 6.36E-29 1.84E-22 2.40E-20
 2.63E-19 2.73E-18 1.63E-17 5.40E-17 8.52E-17 9.24E-17
  2.91685    7  14 /pl=01:ss=17:pb= 1:sz=17/type=excit/ispb = t/isel =    4
 1.00E+10 1.00E+11 1.00E+12 1.00E+13 1.00E+14 1.00E+15 1.00E+16
 5.58E+00 8.38E+00 1.40E+01 2.79E+01 5.58E+01 1.40E+02 2.79E+02 4.19E+02
 5.58E+02 8.38E+02 1.40E+03 2.79E+03 5.58E+03 8.38E+03
 1.00E-74 1.00E-74 1.00E-74 1.00E-74 1.00E-74 8.98E-26 2.61E-19 3.42E-17
 3.76E-16 3.92E-15 2.35E-14 8.01E-14 1.32E-13 1.49E-13
 1.00E-74 1.00E-74 1.00E-74 1.00E-74 1.00E-74 8.98E-26 2.61E-19 3.42E-17
 3.76E-16 3.92E-15 2.35E-14 8.01E-14 1.32E-13 1.49E-13
 1.00E-74 1.00E-74 1.00E-74 1.00E-74 1.00E-74 8.98E-26 2.61E-19 3.42E-17
 3.76E-16 3.92E-15 2.35E-14 8.01E-14 1.32E-13 1.49E-13
 1.00E-74 1.00E-74 1.00E-74 1.00E-74 2.02E-45 8.98E-26 2.61E-19 3.42E-17
 3.76E-16 3.92E-15 2.35E-14 8.01E-14 1.32E-13 1.49E-13
 1.00E-74 1.00E-74 1.00E-74 1.00E-74 2.07E-45 8.98E-26 2.61E-19 3.42E-17
 3.76E-16 3.92E-15 2.35E-14 8.01E-14 1.32E-13 1.49E-13
 1.00E-74 1.00E-74 1.00E-74 1.00E-74 2.06E-45 8.98E-26 2.61E-19 3.42E-17
 3.76E-16 3.92E-15 2.35E-14 8.01E-14 1.32E-13 1.49E-13
 1.00E-74 1.00E-74 1.00E-74 1.00E-74 2.06E-45 8.99E-26 2.61E-19 3.42E-17
 3.76E-16 3.93E-15 2.36E-14 8.02E-14 1.32E-13 1.49E-13
  2.98650    7  14 /pl=01:ss=17:pb= 1:sz=17/type=excit/ispb = t/isel =    5
 1.00E+10 1.00E+11 1.00E+12 1.00E+13 1.00E+14 1.00E+15 1.00E+16
 5.58E+00 8.38E+00 1.40E+01 2.79E+01 5.58E+01 1.40E+02 2.79E+02 4.19E+02
 5.58E+02 8.38E+02 1.40E+03 2.79E+03 5.58E+03 8.38E+03
 1.00E-74 1.00E-74 1.00E-74 1.00E-74 1.00E-74 2.30E-28 4.66E-22 5.44E-20
 5.62E-19 5.51E-18 3.12E-17 1.00E-16 1.56E-16 1.68E-16
 1.00E-74 1.00E-74 1.00E-74 1.00E-74 1.00E-74 2.30E-28 4.66E-22 5.44E-20
 5.62E-19 5.51E-18 3.12E-17 1.00E-16 1.56E-16 1.68E-16
 1.00E-74 1.00E-74 1.00E-74 1.00E-74 1.57E-47 2.30E-28 4.66E-22 5.44E-20
 5.62E-19 5.51E-18 3.12E-17 1.00E-16 1.56E-16 1.68E-16
 1.00E-74 1.00E-74 1.00E-74 1.00E-74 1.57E-47 2.30E-28 4.66E-22 5.44E-20
 5.62E-19 5.51E-18 3.12E-17 1.00E-16 1.56E-16 1.68E-16
 1.00E-74 1.00E-74 1.00E-74 1.00E-74 1.57E-47 2.30E-28 4.66E-22 5.44E-20
 5.62E-19 5.51E-18 3.12E-17 1.00E-16 1.56E-16 1.68E-16
 1.00E-74 1.00E-74 1.00E-74 1.00E-74 1.56E-47 2.30E-28 4.66E-22 5.44E-20
 5.62E-19 5.51E-18 3.12E-17 1.00E-16 1.56E-16 1.68E-16
 1.00E-74 1.00E-74 1.00E-74 1.00E-74 1.56E-47 2.31E-28 4.66E-22 5.45E-20
 5.63E-19 5.51E-18 3.13E-17 1.00E-16 1.56E-16 1.68E-16
  2.98673    7  14 /pl=01:ss=17:pb= 1:sz=17/type=excit/ispb = t/isel =    6
 1.00E+10 1.00E+11 1.00E+12 1.00E+13 1.00E+14 1.00E+15 1.00E+16
 5.58E+00 8.38E+00 1.40E+01 2.79E+01 5.58E+01 1.40E+02 2.79E+02 4.19E+02
 5.58E+02 8.38E+02 1.40E+03 2.79E+03 5.58E+03 8.38E+03
 1.00E-74 1.00E-74 1.00E-74 1.00E-74 1.00E-74 3.91E-25 8.05E-19 9.37E-17
 9.69E-16 9.54E-15 5.47E-14 1.81E-13 2.93E-13 3.30E-13
 1.00E-74 1.00E-74 1.00E-74 1.00E-74 1.00E-74 3.91E-25 8.05E-19 9.37E-17
 9.69E-16 9.54E-15 5.47E-14 1.81E-13 2.93E-13 3.30E-13
 1.00E-74 1.00E-74 1.00E-74 1.00E-74 3.01E-44 3.91E-25 8.05E-19 9.37E-17
 9.69E-16 9.54E-15 5.47E-14 1.81E-13 2.93E-13 3.30E-13
 1.00E-74 1.00E-74 1.00E-74 1.00E-74 2.61E-44 3.91E-25 8.05E-19 9.37E-17
 9.69E-16 9.54E-15 5.47E-14 1.81E-13 2.93E-13 3.30E-13
 1.00E-74 1.00E-74 1.00E-74 1.00E-74 2.61E-44 3.91E-25 8.05E-19 9.37E-17
 9.69E-16 9.54E-15 5.47E-14 1.81E-13 2.93E-13 3.30E-13
 1.00E-74 1.00E-74 1.00E-74 1.00E-74 2.60E-44 3.91E-25 8.05E-19 9.37E-17
 9.69E-16 9.54E-15 5.47E-14 1.81E-13 2.93E-13 3.30E-13
 1.00E-74 1.00E-74 1.00E-74 1.00E-74 2.60E-44 3.91E-25 8.05E-19 9.37E-17
 9.69E-16 9.54E-15 5.47E-14 1.81E-13 2.93E-13 3.30E-13
  3.14918    7  14 /pl=01:ss=17:pb= 1:sz=17/type=excit/ispb = t/isel =    7
 1.00E+10 1.00E+11 1.00E+12 1.00E+13 1.00E+14 1.00E+15 1.00E+16
 5.58E+00 8.38E+00 1.40E+01 2.79E+01 5.58E+01 1.40E+02 2.79E+02 4.19E+02
 5.58E+02 8.38E+02 1.40E+03 2.79E+03 5.58E+03 8.38E+03
 1.00E-74 1.00E-74 1.00E-74 1.00E-74 2.84E-45 2.08E-27 1.93E-21 1.74E-19
 1.58E-18 1.36E-17 7.02E-17 2.09E-16 3.13E-16 3.32E-16
 1.00E-74 1.00E-74 1.00E-74 1.00E-74 1.42E-45 2.08E-27 1.93E-21 1.74E-19
 1.58E-18 1.36E-17 7.02E-17 2.09E-16 3.13E-16 3.32E-16
 1.00E-74 1.00E-74 1.00E-74 1.00E-74 1.45E-45 2.08E-27 1.93E-21 1.74E-19
 1.58E-18 1.36E-17 7.02E-17 2.09E-16 3.13E-16 3.32E-16
 1.00E-74 1.00E-74 1.00E-74 1.00E-74 1.46E-45 2.08E-27 1.93E-21 1.74E-19
 1.58E-18 1.36E-17 7.02E-17 2.09E-16 3.13E-16 3.32E-16
 1.00E-74 1.00E-74 1.00E-74 1.00E-74 1.46E-45 2.08E-27 1.93E-21 1.74E-19
 1.58E-18 1.36E-17 7.02E-17 2.09E-16 3.13E-16 3.32E-16
 1.00E-74 1.00E-74 1.00E-74 1.00E-74 1.46E-45 2.08E-27 1.93E-21 1.74E-19
 1.58E-18 1.36E-17 7.02E-17 2.09E-16 3.13E-16 3.32E-16
 1.00E-74 1.00E-74 1.00E-74 1.00E-74 1.46E-45 2.08E-27 1.93E-21 1.74E-19
 1.58E-18 1.36E-17 7.02E-17 2.09E-16 3.13E-16 3.32E-16
  3.14978    7  14 /pl=01:ss=17:pb= 1:sz=17/type=excit/ispb = t/isel =    8
 1.00E+10 1.00E+11 1.00E+12 1.00E+13 1.00E+14 1.00E+15 1.00E+16
 5.58E+00 8.38E+00 1.40E+01 2.79E+01 5.58E+01 1.40E+02 2.79E+02 4.19E+02
 5.58E+02 8.38E+02 1.40E+03 2.79E+03 5.58E+03 8.38E+03
 1.00E-74 1.00E-74 1.00E-74 1.00E-74 2.47E-42 5.18E-24 4.95E-18 4.51E-16
 4.13E-15 3.60E-14 1.87E-13 5.77E-13 9.11E-13 1.02E-12
 1.00E-74 1.00E-74 1.00E-74 1.00E-74 3.45E-42 5.18E-24 4.95E-18 4.51E-16
 4.13E-15 3.60E-14 1.87E-13 5.77E-13 9.11E-13 1.02E-12
 1.00E-74 1.00E-74 1.00E-74 1.00E-74 3.48E-42 5.18E-24 4.95E-18 4.51E-16
 4.13E-15 3.60E-14 1.87E-13 5.77E-13 9.11E-13 1.02E-12
 1.00E-74 1.00E-74 1.00E-74 1.00E-74 3.48E-42 5.18E-24 4.95E-18 4.51E-16
 4.13E-15 3.60E-14 1.87E-13 5.77E-13 9.11E-13 1.02E-12
 1.00E-74 1.00E-74 1.00E-74 1.00E-74 3.48E-42 5.18E-24 4.95E-18 4.51E-16
 4.13E-15 3.60E-14 1.87E-13 5.77E-13 9.11E-13 1.02E-12
 1.00E-74 1.00E-74 1.00E-74 1.00E-74 3.48E-42 5.18E-24 4.95E-18 4.51E-16
 4.13E-15 3.60E-14 1.87E-13 5.77E-13 9.11E-13 1.02E-12
 1.00E-74 1.00E-74 1.00E-74 1.00E-74 3.48E-42 5.18E-24 4.95E-18 4.51E-16
 4.13E-15 3.60E-14 1.87E-13 5.77E-13 9.11E-13 1.02E-12
  3.73175    7  14 /pl=01:ss=17:pb= 1:sz=17/type=excit/ispb = t/isel =    9
 1.00E+10 1.00E+11 1.00E+12 1.00E+13 1.00E+14 1.00E+15 1.00E+16
 5.58E+00 8.38E+00 1.40E+01 2.79E+01 5.58E+01 1.40E+02 2.79E+02 4.19E+02
 5.58E+02 8.38E+02 1.40E+03 2.79E+03 5.58E+03 8.38E+03
 1.00E-74 1.00E-74 1.00E-74 1.00E-74 1.36E-36 2.74E-21 2.88E-16 1.26E-14
 8.06E-14 4.90E-13 1.93E-12 4.84E-12 6.94E-12 7.52E-12
 1.00E-74 1.00E-74 1.00E-74 1.00E-74 1.36E-36 2.74E-21 2.88E-16 1.26E-14
 8.06E-14 4.90E-13 1.93E-12 4.84E-12 6.94E-12 7.52E-12
 1.00E-74 1.00E-74 1.00E-74 1.00E-74 1.36E-36 2.74E-21 2.88E-16 1.26E-14
 8.06E-14 4.90E-13 1.93E-12 4.84E-12 6.94E-12 7.52E-12
 1.00E-74 1.00E-74 1.00E-74 1.00E-74 1.36E-36 2.74E-21 2.88E-16 1.26E-14
 8.06E-14 4.90E-13 1.93E-12 4.84E-12 6.94E-12 7.52E-12
 1.00E-74 1.00E-74 1.00E-74 1.00E-74 1.36E-36 2.74E-21 2.88E-16 1.26E-14
 8.06E-14 4.90E-13 1.93E-12 4.84E-12 6.94E-12 7.52E-12
 1.00E-74 1.00E-74 1.00E-74 1.00E-74 1.36E-36 2.74E-21 2.88E-16 1.26E-14
 8.06E-14 4.90E-13 1.93E-12 4.84E-12 6.94E-12 7.52E-12
 1.00E-74 1.00E-74 1.00E-74 1.00E-74 1.36E-36 2.74E-21 2.88E-16 1.26E-14
 8.06E-14 4.90E-13 1.93E-12 4.84E-12 6.94E-12 7.52E-12
  12.5824    7  14 /pl=01:ss=17:pb= 1:sz=17/type=excit/ispb = t/isel =   10
 1.00E+10 1.00E+11 1.00E+12 1.00E+13 1.00E+14 1.00E+15 1.00E+16
 5.58E+00 8.38E+00 1.40E+01 2.79E+01 5.58E+01 1.40E+02 2.79E+02 4.19E+02
 5.58E+02 8.38E+02 1.40E+03 2.79E+03 5.58E+03 8.38E+03
 1.00E-74 1.00E-74 1.00E-74 1.00E-74 1.00E-74 4.85E-27 1.71E-20 2.39E-18
 2.71E-17 2.91E-16 1.80E-15 6.21E-15 1.04E-14 1.17E-14
 1.00E-74 1.00E-74 1.00E-74 1.00E-74 1.00E-74 4.85E-27 1.71E-20 2.39E-18
 2.71E-17 2.91E-16 1.80E-15 6.21E-15 1.04E-14 1.17E-14
 1.00E-74 1.00E-74 1.00E-74 1.00E-74 1.00E-74 4.85E-27 1.71E-20 2.39E-18
 2.71E-17 2.91E-16 1.80E-15 6.21E-15 1.04E-14 1.17E-14
 1.00E-74 1.00E-74 1.00E-74 1.00E-74 4.22E-47 4.85E-27 1.71E-20 2.39E-18
 2.71E-17 2.91E-16 1.80E-15 6.21E-15 1.04E-14 1.17E-14
 1.00E-74 1.00E-74 1.00E-74 1.00E-74 6.33E-47 4.85E-27 1.71E-20 2.39E-18
 2.71E-17 2.91E-16 1.80E-15 6.21E-15 1.04E-14 1.17E-14
 1.00E-74 1.00E-74 1.00E-74 1.00E-74 6.28E-47 4.85E-27 1.71E-20 2.39E-18
 2.71E-17 2.91E-16 1.80E-15 6.21E-15 1.04E-14 1.17E-14
 1.00E-74 1.00E-74 1.00E-74 1.00E-74 6.31E-47 4.87E-27 1.71E-20 2.39E-18
 2.72E-17 2.92E-16 1.80E-15 6.22E-15 1.04E-14 1.17E-14
  12.6219    7  14 /pl=01:ss=17:pb= 1:sz=17/type=excit/ispb = t/isel =   11
 1.00E+10 1.00E+11 1.00E+12 1.00E+13 1.00E+14 1.00E+15 1.00E+16
 5.58E+00 8.38E+00 1.40E+01 2.79E+01 5.58E+01 1.40E+02 2.79E+02 4.19E+02
 5.58E+02 8.38E+02 1.40E+03 2.79E+03 5.58E+03 8.38E+03
 1.00E-74 1.00E-74 1.00E-74 1.00E-74 1.00E-74 3.65E-27 1.28E-20 1.78E-18
 2.02E-17 2.16E-16 1.32E-15 4.47E-15 7.11E-15 7.73E-15
 1.00E-74 1.00E-74 1.00E-74 1.00E-74 1.00E-74 3.65E-27 1.28E-20 1.78E-18
 2.02E-17 2.16E-16 1.32E-15 4.47E-15 7.11E-15 7.73E-15
 1.00E-74 1.00E-74 1.00E-74 1.00E-74 1.00E-74 3.65E-27 1.28E-20 1.78E-18
 2.02E-17 2.16E-16 1.32E-15 4.47E-15 7.11E-15 7.73E-15
 1.00E-74 1.00E-74 1.00E-74 1.00E-74 7.60E-47 3.65E-27 1.28E-20 1.78E-18
 2.02E-17 2.16E-16 1.32E-15 4.47E-15 7.11E-15 7.73E-15
 1.00E-74 1.00E-74 1.00E-74 1.00E-74 4.56E-47 3.65E-27 1.28E-20 1.78E-18
 2.02E-17 2.16E-16 1.32E-15 4.47E-15 7.11E-15 7.73E-15
 1.00E-74 1.00E-74 1.00E-74 1.00E-74 4.78E-47 3.66E-27 1.28E-20 1.78E-18
 2.02E-17 2.16E-16 1.32E-15 4.47E-15 7.11E-15 7.73E-15
 1.00E-74 1.00E-74 1.00E-74 1.00E-74 4.85E-47 3.70E-27 1.29E-20 1.80E-18
 2.03E-17 2.17E-16 1.33E-15 4.49E-15 7.13E-15 7.75E-15
  12.6246    7  14 /pl=01:ss=17:pb= 1:sz=17/type=excit/ispb = t/isel =   12
 1.00E+10 1.00E+11 1.00E+12 1.00E+13 1.00E+14 1.00E+15 1.00E+16
 5.58E+00 8.38E+00 1.40E+01 2.79E+01 5.58E+01 1.40E+02 2.79E+02 4.19E+02
 5.58E+02 8.38E+02 1.40E+03 2.79E+03 5.58E+03 8.38E+03
 1.00E-74 1.00E-74 1.00E-74 1.00E-74 1.00E-74 2.62E-27 9.19E-21 1.28E-18
 1.45E-17 1.55E-16 9.41E-16 3.14E-15 4.89E-15 5.23E-15
 1.00E-74 1.00E-74 1.00E-74 1.00E-74 1.00E-74 2.62E-27 9.19E-21 1.28E-18
 1.45E-17 1.55E-16 9.41E-16 3.14E-15 4.89E-15 5.23E-15
 1.00E-74 1.00E-74 1.00E-74 1.00E-74 1.00E-74 2.62E-27 9.19E-21 1.28E-18
 1.45E-17 1.55E-16 9.41E-16 3.14E-15 4.89E-15 5.23E-15
 1.00E-74 1.00E-74 1.00E-74 1.00E-74 3.38E-47 2.62E-27 9.19E-21 1.28E-18
 1.45E-17 1.55E-16 9.41E-16 3.14E-15 4.89E-15 5.23E-15
 1.00E-74 1.00E-74 1.00E-74 1.00E-74 3.38E-47 2.62E-27 9.19E-21 1.28E-18
 1.45E-17 1.55E-16 9.41E-16 3.14E-15 4.89E-15 5.23E-15
 1.00E-74 1.00E-74 1.00E-74 1.00E-74 3.40E-47 2.61E-27 9.17E-21 1.28E-18
 1.45E-17 1.55E-16 9.40E-16 3.14E-15 4.89E-15 5.22E-15
 1.00E-74 1.00E-74 1.00E-74 1.00E-74 3.24E-47 2.53E-27 8.93E-21 1.25E-18
 1.42E-17 1.52E-16 9.27E-16 3.11E-15 4.85E-15 5.19E-15
  13.3119    7  14 /pl=01:ss=17:pb= 1:sz=17/type=excit/ispb = t/isel =   13
 1.00E+10 1.00E+11 1.00E+12 1.00E+13 1.00E+14 1.00E+15 1.00E+16
 5.58E+00 8.38E+00 1.40E+01 2.79E+01 5.58E+01 1.40E+02 2.79E+02 4.19E+02
 5.58E+02 8.38E+02 1.40E+03 2.79E+03 5.58E+03 8.38E+03
 1.00E-74 1.00E-74 1.00E-74 1.00E-74 1.00E-74 1.30E-26 3.78E-20 4.96E-18
 5.46E-17 5.69E-16 3.41E-15 1.16E-14 1.92E-14 2.17E-14
 1.00E-74 1.00E-74 1.00E-74 1.00E-74 1.00E-74 1.30E-26 3.78E-20 4.96E-18
 5.46E-17 5.69E-16 3.41E-15 1.16E-14 1.92E-14 2.17E-14
 1.00E-74 1.00E-74 1.00E-74 1.00E-74 1.00E-74 1.30E-26 3.78E-20 4.96E-18
 5.46E-17 5.69E-16 3.41E-15 1.16E-14 1.92E-14 2.17E-14
 1.00E-74 1.00E-74 1.00E-74 1.00E-74 2.93E-46 1.30E-26 3.78E-20 4.96E-18
 5.46E-17 5.69E-16 3.41E-15 1.16E-14 1.92E-14 2.17E-14
 1.00E-74 1.00E-74 1.00E-74 1.00E-74 3.00E-46 1.30E-26 3.78E-20 4.96E-18
 5.46E-17 5.69E-16 3.41E-15 1.16E-14 1.92E-14 2.17E-14
 1.00E-74 1.00E-74 1.00E-74 1.00E-74 2.99E-46 1.30E-26 3.78E-20 4.96E-18
 5.46E-17 5.69E-16 3.41E-15 1.16E-14 1.92E-14 2.17E-14
 1.00E-74 1.00E-74 1.00E-74 1.00E-74 2.99E-46 1.30E-26 3.78E-20 4.96E-18
 5.46E-17 5.69E-16 3.42E-15 1.16E-14 1.92E-14 2.17E-14
  13.3552    7  14 /pl=01:ss=17:pb= 1:sz=17/type=excit/ispb = t/isel =   14
 1.00E+10 1.00E+11 1.00E+12 1.00E+13 1.00E+14 1.00E+15 1.00E+16
 5.58E+00 8.38E+00 1.40E+01 2.79E+01 5.58E+01 1.40E+02 2.79E+02 4.19E+02
 5.58E+02 8.38E+02 1.40E+03 2.79E+03 5.58E+03 8.38E+03
 1.00E-74 1.00E-74 1.00E-74 1.00E-74 1.00E-74 9.97E-27 2.88E-20 3.77E-18
 4.13E-17 4.29E-16 2.56E-15 8.49E-15 1.34E-14 1.45E-14
 1.00E-74 1.00E-74 1.00E-74 1.00E-74 1.00E-74 9.97E-27 2.88E-20 3.77E-18
 4.13E-17 4.29E-16 2.56E-15 8.49E-15 1.34E-14 1.45E-14
 1.00E-74 1.00E-74 1.00E-74 1.00E-74 1.00E-74 9.97E-27 2.88E-20 3.77E-18
 4.13E-17 4.29E-16 2.56E-15 8.49E-15 1.34E-14 1.45E-14
 1.00E-74 1.00E-74 1.00E-74 1.00E-74 2.78E-46 9.97E-27 2.88E-20 3.77E-18
 4.13E-17 4.29E-16 2.56E-15 8.49E-15 1.34E-14 1.45E-14
 1.00E-74 1.00E-74 1.00E-74 1.00E-74 2.37E-46 9.97E-27 2.88E-20 3.77E-18
 4.13E-17 4.29E-16 2.56E-15 8.49E-15 1.34E-14 1.45E-14
 1.00E-74 1.00E-74 1.00E-74 1.00E-74 2.31E-46 9.98E-27 2.88E-20 3.77E-18
 4.13E-17 4.29E-16 2.56E-15 8.50E-15 1.34E-14 1.45E-14
 1.00E-74 1.00E-74 1.00E-74 1.00E-74 2.33E-46 1.00E-26 2.89E-20 3.78E-18
 4.14E-17 4.30E-16 2.56E-15 8.50E-15 1.34E-14 1.45E-14
  13.3575    7  14 /pl=01:ss=17:pb= 1:sz=17/type=excit/ispb = t/isel =   15
 1.00E+10 1.00E+11 1.00E+12 1.00E+13 1.00E+14 1.00E+15 1.00E+16
 5.58E+00 8.38E+00 1.40E+01 2.79E+01 5.58E+01 1.40E+02 2.79E+02 4.19E+02
 5.58E+02 8.38E+02 1.40E+03 2.79E+03 5.58E+03 8.38E+03
 1.00E-74 1.00E-74 1.00E-74 1.00E-74 1.00E-74 4.46E-30 1.30E-23 1.70E-21
 1.87E-20 1.95E-19 1.17E-18 3.98E-18 6.57E-18 7.43E-18
 1.00E-74 1.00E-74 1.00E-74 1.00E-74 1.00E-74 4.46E-30 1.30E-23 1.70E-21
 1.87E-20 1.95E-19 1.17E-18 3.98E-18 6.57E-18 7.43E-18
 1.00E-74 1.00E-74 1.00E-74 1.00E-74 1.00E-74 4.46E-30 1.30E-23 1.70E-21
 1.87E-20 1.95E-19 1.17E-18 3.98E-18 6.57E-18 7.43E-18
 1.00E-74 1.00E-74 1.00E-74 1.00E-74 1.00E-49 4.46E-30 1.30E-23 1.70E-21
 1.87E-20 1.95E-19 1.17E-18 3.98E-18 6.57E-18 7.43E-18
 1.00E-74 1.00E-74 1.00E-74 1.00E-74 1.03E-49 4.46E-30 1.30E-23 1.70E-21
 1.87E-20 1.95E-19 1.17E-18 3.98E-18 6.57E-18 7.43E-18
 1.00E-74 1.00E-74 1.00E-74 1.00E-74 1.03E-49 4.46E-30 1.30E-23 1.70E-21
 1.87E-20 1.95E-19 1.17E-18 3.98E-18 6.57E-18 7.43E-18
 1.00E-74 1.00E-74 1.00E-74 1.00E-74 1.03E-49 4.47E-30 1.30E-23 1.70E-21
 1.87E-20 1.95E-19 1.17E-18 3.99E-18 6.57E-18 7.43E-18
  13.3604    7  14 /pl=01:ss=17:pb= 1:sz=17/type=excit/ispb = t/isel =   16
 1.00E+10 1.00E+11 1.00E+12 1.00E+13 1.00E+14 1.00E+15 1.00E+16
 5.58E+00 8.38E+00 1.40E+01 2.79E+01 5.58E+01 1.40E+02 2.79E+02 4.19E+02
 5.58E+02 8.38E+02 1.40E+03 2.79E+03 5.58E+03 8.38E+03
 1.00E-74 1.00E-74 1.00E-74 1.00E-74 1.00E-74 8.14E-27 2.36E-20 3.09E-18
 3.39E-17 3.51E-16 2.08E-15 6.83E-15 1.06E-14 1.13E-14
 1.00E-74 1.00E-74 1.00E-74 1.00E-74 1.00E-74 8.14E-27 2.36E-20 3.09E-18
 3.39E-17 3.51E-16 2.08E-15 6.83E-15 1.06E-14 1.13E-14
 1.00E-74 1.00E-74 1.00E-74 1.00E-74 1.98E-46 8.14E-27 2.36E-20 3.09E-18
 3.39E-17 3.51E-16 2.08E-15 6.83E-15 1.06E-14 1.13E-14
 1.00E-74 1.00E-74 1.00E-74 1.00E-74 1.78E-46 8.14E-27 2.36E-20 3.09E-18
 3.39E-17 3.51E-16 2.08E-15 6.83E-15 1.06E-14 1.13E-14
 1.00E-74 1.00E-74 1.00E-74 1.00E-74 1.88E-46 8.14E-27 2.36E-20 3.09E-18
 3.39E-17 3.51E-16 2.08E-15 6.83E-15 1.06E-14 1.13E-14
 1.00E-74 1.00E-74 1.00E-74 1.00E-74 1.87E-46 8.13E-27 2.36E-20 3.09E-18
 3.39E-17 3.51E-16 2.08E-15 6.83E-15 1.06E-14 1.13E-14
 1.00E-74 1.00E-74 1.00E-74 1.00E-74 1.84E-46 8.05E-27 2.34E-20 3.07E-18
 3.37E-17 3.49E-16 2.07E-15 6.81E-15 1.05E-14 1.13E-14
  14.9031    7  14 /pl=01:ss=17:pb= 1:sz=17/type=excit/ispb = t/isel =   17
 1.00E+10 1.00E+11 1.00E+12 1.00E+13 1.00E+14 1.00E+15 1.00E+16
 5.58E+00 8.38E+00 1.40E+01 2.79E+01 5.58E+01 1.40E+02 2.79E+02 4.19E+02
 5.58E+02 8.38E+02 1.40E+03 2.79E+03 5.58E+03 8.38E+03
 1.00E-74 1.00E-74 1.00E-74 1.00E-74 1.00E-74 5.57E-26 1.15E-19 1.34E-17
 1.38E-16 1.36E-15 7.81E-15 2.58E-14 4.18E-14 4.71E-14
 1.00E-74 1.00E-74 1.00E-74 1.00E-74 1.00E-74 5.57E-26 1.15E-19 1.34E-17
 1.38E-16 1.36E-15 7.81E-15 2.58E-14 4.18E-14 4.71E-14
 1.00E-74 1.00E-74 1.00E-74 1.00E-74 4.29E-45 5.57E-26 1.15E-19 1.34E-17
 1.38E-16 1.36E-15 7.81E-15 2.58E-14 4.18E-14 4.71E-14
 1.00E-74 1.00E-74 1.00E-74 1.00E-74 3.72E-45 5.57E-26 1.15E-19 1.34E-17
 1.38E-16 1.36E-15 7.81E-15 2.58E-14 4.18E-14 4.71E-14
 1.00E-74 1.00E-74 1.00E-74 1.00E-74 3.72E-45 5.57E-26 1.15E-19 1.34E-17
 1.38E-16 1.36E-15 7.81E-15 2.58E-14 4.18E-14 4.71E-14
 1.00E-74 1.00E-74 1.00E-74 1.00E-74 3.71E-45 5.57E-26 1.15E-19 1.34E-17
 1.38E-16 1.36E-15 7.81E-15 2.58E-14 4.18E-14 4.71E-14
 1.00E-74 1.00E-74 1.00E-74 1.00E-74 3.71E-45 5.58E-26 1.15E-19 1.34E-17
 1.38E-16 1.36E-15 7.81E-15 2.58E-14 4.18E-14 4.71E-14
  14.9545    7  14 /pl=01:ss=17:pb= 1:sz=17/type=excit/ispb = t/isel =   18
 1.00E+10 1.00E+11 1.00E+12 1.00E+13 1.00E+14 1.00E+15 1.00E+16
 5.58E+00 8.38E+00 1.40E+01 2.79E+01 5.58E+01 1.40E+02 2.79E+02 4.19E+02
 5.58E+02 8.38E+02 1.40E+03 2.79E+03 5.58E+03 8.38E+03
 1.00E-74 1.00E-74 1.00E-74 1.00E-74 1.00E-74 4.46E-26 9.03E-20 1.05E-17
 1.09E-16 1.07E-15 6.05E-15 1.95E-14 3.01E-14 3.26E-14
 1.00E-74 1.00E-74 1.00E-74 1.00E-74 1.00E-74 4.46E-26 9.03E-20 1.05E-17
 1.09E-16 1.07E-15 6.05E-15 1.95E-14 3.01E-14 3.26E-14
 1.00E-74 1.00E-74 1.00E-74 1.00E-74 3.04E-45 4.46E-26 9.03E-20 1.05E-17
 1.09E-16 1.07E-15 6.05E-15 1.95E-14 3.01E-14 3.26E-14
 1.00E-74 1.00E-74 1.00E-74 1.00E-74 3.04E-45 4.46E-26 9.03E-20 1.05E-17
 1.09E-16 1.07E-15 6.05E-15 1.95E-14 3.01E-14 3.26E-14
 1.00E-74 1.00E-74 1.00E-74 1.00E-74 3.04E-45 4.46E-26 9.03E-20 1.05E-17
 1.09E-16 1.07E-15 6.05E-15 1.95E-14 3.01E-14 3.26E-14
 1.00E-74 1.00E-74 1.00E-74 1.00E-74 3.03E-45 4.46E-26 9.03E-20 1.05E-17
 1.09E-16 1.07E-15 6.05E-15 1.95E-14 3.01E-14 3.26E-14
 1.00E-74 1.00E-74 1.00E-74 1.00E-74 3.03E-45 4.47E-26 9.04E-20 1.06E-17
 1.09E-16 1.07E-15 6.06E-15 1.95E-14 3.02E-14 3.26E-14
  14.9602    7  14 /pl=01:ss=17:pb= 1:sz=17/type=excit/ispb = t/isel =   19
 1.00E+10 1.00E+11 1.00E+12 1.00E+13 1.00E+14 1.00E+15 1.00E+16
 5.58E+00 8.38E+00 1.40E+01 2.79E+01 5.58E+01 1.40E+02 2.79E+02 4.19E+02
 5.58E+02 8.38E+02 1.40E+03 2.79E+03 5.58E+03 8.38E+03
 1.00E-74 1.00E-74 1.00E-74 1.00E-74 1.00E-74 1.92E-29 3.95E-23 4.60E-21
 4.76E-20 4.68E-19 2.69E-18 8.86E-18 1.44E-17 1.62E-17
 1.00E-74 1.00E-74 1.00E-74 1.00E-74 1.00E-74 1.92E-29 3.95E-23 4.60E-21
 4.76E-20 4.68E-19 2.69E-18 8.86E-18 1.44E-17 1.62E-17
 1.00E-74 1.00E-74 1.00E-74 1.00E-74 1.48E-48 1.92E-29 3.95E-23 4.60E-21
 4.76E-20 4.68E-19 2.69E-18 8.86E-18 1.44E-17 1.62E-17
 1.00E-74 1.00E-74 1.00E-74 1.00E-74 1.28E-48 1.92E-29 3.95E-23 4.60E-21
 4.76E-20 4.68E-19 2.69E-18 8.86E-18 1.44E-17 1.62E-17
 1.00E-74 1.00E-74 1.00E-74 1.00E-74 1.28E-48 1.92E-29 3.95E-23 4.60E-21
 4.76E-20 4.68E-19 2.69E-18 8.86E-18 1.44E-17 1.62E-17
 1.00E-74 1.00E-74 1.00E-74 1.00E-74 1.28E-48 1.92E-29 3.95E-23 4.60E-21
 4.76E-20 4.68E-19 2.69E-18 8.86E-18 1.44E-17 1.62E-17
 1.00E-74 1.00E-74 1.00E-74 1.00E-74 1.28E-48 1.92E-29 3.95E-23 4.60E-21
 4.76E-20 4.68E-19 2.69E-18 8.86E-18 1.44E-17 1.62E-17
  14.9674    7  14 /pl=01:ss=17:pb= 1:sz=17/type=excit/ispb = t/isel =   20
 1.00E+10 1.00E+11 1.00E+12 1.00E+13 1.00E+14 1.00E+15 1.00E+16
 5.58E+00 8.38E+00 1.40E+01 2.79E+01 5.58E+01 1.40E+02 2.79E+02 4.19E+02
 5.58E+02 8.38E+02 1.40E+03 2.79E+03 5.58E+03 8.38E+03
 1.00E-74 1.00E-74 1.00E-74 1.00E-74 1.00E-74 4.48E-26 9.20E-20 1.08E-17
 1.12E-16 1.09E-15 6.22E-15 1.98E-14 3.02E-14 3.22E-14
 1.00E-74 1.00E-74 1.00E-74 1.00E-74 3.95E-45 4.48E-26 9.20E-20 1.08E-17
 1.12E-16 1.09E-15 6.22E-15 1.98E-14 3.02E-14 3.22E-14
 1.00E-74 1.00E-74 1.00E-74 1.00E-74 3.16E-45 4.48E-26 9.20E-20 1.08E-17
 1.12E-16 1.09E-15 6.22E-15 1.98E-14 3.02E-14 3.22E-14
 1.00E-74 1.00E-74 1.00E-74 1.00E-74 2.96E-45 4.48E-26 9.20E-20 1.08E-17
 1.12E-16 1.09E-15 6.22E-15 1.98E-14 3.02E-14 3.22E-14
 1.00E-74 1.00E-74 1.00E-74 1.00E-74 2.97E-45 4.48E-26 9.20E-20 1.08E-17
 1.12E-16 1.09E-15 6.22E-15 1.98E-14 3.02E-14 3.22E-14
 1.00E-74 1.00E-74 1.00E-74 1.00E-74 2.97E-45 4.48E-26 9.20E-20 1.08E-17
 1.12E-16 1.09E-15 6.22E-15 1.98E-14 3.02E-14 3.22E-14
 1.00E-74 1.00E-74 1.00E-74 1.00E-74 2.95E-45 4.46E-26 9.18E-20 1.08E-17
 1.12E-16 1.09E-15 6.22E-15 1.98E-14 3.01E-14 3.22E-14
  20.0689    7  14 /pl=01:ss=17:pb= 1:sz=17/type=excit/ispb = t/isel =   21
 1.00E+10 1.00E+11 1.00E+12 1.00E+13 1.00E+14 1.00E+15 1.00E+16
 5.58E+00 8.38E+00 1.40E+01 2.79E+01 5.58E+01 1.40E+02 2.79E+02 4.19E+02
 5.58E+02 8.38E+02 1.40E+03 2.79E+03 5.58E+03 8.38E+03
 1.00E-74 1.00E-74 1.00E-74 1.00E-74 2.49E-46 1.83E-28 1.69E-22 1.52E-20
 1.39E-19 1.19E-18 6.16E-18 1.83E-17 2.74E-17 2.91E-17
 1.00E-74 1.00E-74 1.00E-74 1.00E-74 1.25E-46 1.83E-28 1.69E-22 1.52E-20
 1.39E-19 1.19E-18 6.16E-18 1.83E-17 2.74E-17 2.91E-17
 1.00E-74 1.00E-74 1.00E-74 1.00E-74 1.27E-46 1.83E-28 1.69E-22 1.52E-20
 1.39E-19 1.19E-18 6.16E-18 1.83E-17 2.74E-17 2.91E-17
 1.00E-74 1.00E-74 1.00E-74 1.00E-74 1.28E-46 1.83E-28 1.69E-22 1.52E-20
 1.39E-19 1.19E-18 6.16E-18 1.83E-17 2.74E-17 2.91E-17
 1.00E-74 1.00E-74 1.00E-74 1.00E-74 1.28E-46 1.83E-28 1.69E-22 1.52E-20
 1.39E-19 1.19E-18 6.16E-18 1.83E-17 2.74E-17 2.91E-17
 1.00E-74 1.00E-74 1.00E-74 1.00E-74 1.28E-46 1.83E-28 1.69E-22 1.52E-20
 1.39E-19 1.19E-18 6.16E-18 1.83E-17 2.74E-17 2.91E-17
 1.00E-74 1.00E-74 1.00E-74 1.00E-74 1.28E-46 1.83E-28 1.69E-22 1.52E-20
 1.39E-19 1.19E-18 6.16E-18 1.83E-17 2.74E-17 2.91E-17
  20.0934    7  14 /pl=01:ss=17:pb= 1:sz=17/type=excit/ispb = t/isel =   22
 1.00E+10 1.00E+11 1.00E+12 1.00E+13 1.00E+14 1.00E+15 1.00E+16
 5.58E+00 8.38E+00 1.40E+01 2.79E+01 5.58E+01 1.40E+02 2.79E+02 4.19E+02
 5.58E+02 8.38E+02 1.40E+03 2.79E+03 5.58E+03 8.38E+03
 1.00E-74 1.00E-74 1.00E-74 1.00E-74 3.32E-43 6.98E-25 6.66E-19 6.07E-17
 5.56E-16 4.84E-15 2.52E-14 7.77E-14 1.23E-13 1.37E-13
 1.00E-74 1.00E-74 1.00E-74 1.00E-74 4.65E-43 6.98E-25 6.66E-19 6.07E-17
 5.56E-16 4.84E-15 2.52E-14 7.77E-14 1.23E-13 1.37E-13
 1.00E-74 1.00E-74 1.00E-74 1.00E-74 4.68E-43 6.98E-25 6.66E-19 6.07E-17
 5.56E-16 4.84E-15 2.52E-14 7.77E-14 1.23E-13 1.37E-13
 1.00E-74 1.00E-74 1.00E-74 1.00E-74 4.69E-43 6.98E-25 6.66E-19 6.07E-17
 5.56E-16 4.84E-15 2.52E-14 7.77E-14 1.23E-13 1.37E-13
 1.00E-74 1.00E-74 1.00E-74 1.00E-74 4.69E-43 6.98E-25 6.66E-19 6.07E-17
 5.56E-16 4.84E-15 2.52E-14 7.77E-14 1.23E-13 1.37E-13
 1.00E-74 1.00E-74 1.00E-74 1.00E-74 4.69E-43 6.98E-25 6.66E-19 6.07E-17
 5.56E-16 4.84E-15 2.52E-14 7.77E-14 1.23E-13 1.37E-13
 1.00E-74 1.00E-74 1.00E-74 1.00E-74 4.69E-43 6.98E-25 6.66E-19 6.07E-17
 5.56E-16 4.84E-15 2.52E-14 7.77E-14 1.23E-13 1.37E-13
  20.1726    7  14 /pl=01:ss=17:pb= 1:sz=17/type=excit/ispb = t/isel =   23
 1.00E+10 1.00E+11 1.00E+12 1.00E+13 1.00E+14 1.00E+15 1.00E+16
 5.58E+00 8.38E+00 1.40E+01 2.79E+01 5.58E+01 1.40E+02 2.79E+02 4.19E+02
 5.58E+02 8.38E+02 1.40E+03 2.79E+03 5.58E+03 8.38E+03
 1.00E-74 1.00E-74 1.00E-74 1.00E-74 9.56E-43 7.00E-25 6.49E-19 5.83E-17
 5.31E-16 4.58E-15 2.36E-14 7.02E-14 1.05E-13 1.12E-13
 1.00E-74 1.00E-74 1.00E-74 1.00E-74 4.78E-43 7.00E-25 6.49E-19 5.83E-17
 5.31E-16 4.58E-15 2.36E-14 7.02E-14 1.05E-13 1.12E-13
 1.00E-74 1.00E-74 1.00E-74 1.00E-74 4.87E-43 7.00E-25 6.49E-19 5.83E-17
 5.31E-16 4.58E-15 2.36E-14 7.02E-14 1.05E-13 1.12E-13
 1.00E-74 1.00E-74 1.00E-74 1.00E-74 4.92E-43 7.00E-25 6.49E-19 5.83E-17
 5.31E-16 4.58E-15 2.36E-14 7.02E-14 1.05E-13 1.12E-13
 1.00E-74 1.00E-74 1.00E-74 1.00E-74 4.92E-43 7.00E-25 6.49E-19 5.83E-17
 5.31E-16 4.58E-15 2.36E-14 7.02E-14 1.05E-13 1.12E-13
 1.00E-74 1.00E-74 1.00E-74 1.00E-74 4.92E-43 7.00E-25 6.49E-19 5.83E-17
 5.31E-16 4.58E-15 2.36E-14 7.02E-14 1.05E-13 1.12E-13
 1.00E-74 1.00E-74 1.00E-74 1.00E-74 4.92E-43 7.00E-25 6.49E-19 5.83E-17
 5.31E-16 4.58E-15 2.36E-14 7.02E-14 1.05E-13 1.12E-13
  20.1974    7  14 /pl=01:ss=17:pb= 1:sz=17/type=excit/ispb = t/isel =   24
 1.00E+10 1.00E+11 1.00E+12 1.00E+13 1.00E+14 1.00E+15 1.00E+16
 5.58E+00 8.38E+00 1.40E+01 2.79E+01 5.58E+01 1.40E+02 2.79E+02 4.19E+02
 5.58E+02 8.38E+02 1.40E+03 2.79E+03 5.58E+03 8.38E+03
 1.00E-74 1.00E-74 1.00E-74 1.00E-74 1.15E-46 2.42E-28 2.31E-22 2.10E-20
 1.92E-19 1.68E-18 8.74E-18 2.69E-17 4.25E-17 4.74E-17
 1.00E-74 1.00E-74 1.00E-74 1.00E-74 1.61E-46 2.42E-28 2.31E-22 2.10E-20
 1.92E-19 1.68E-18 8.74E-18 2.69E-17 4.25E-17 4.74E-17
 1.00E-74 1.00E-74 1.00E-74 1.00E-74 1.62E-46 2.42E-28 2.31E-22 2.10E-20
 1.92E-19 1.68E-18 8.74E-18 2.69E-17 4.25E-17 4.74E-17
 1.00E-74 1.00E-74 1.00E-74 1.00E-74 1.62E-46 2.42E-28 2.31E-22 2.10E-20
 1.92E-19 1.68E-18 8.74E-18 2.69E-17 4.25E-17 4.74E-17
 1.00E-74 1.00E-74 1.00E-74 1.00E-74 1.62E-46 2.42E-28 2.31E-22 2.10E-20
 1.92E-19 1.68E-18 8.74E-18 2.69E-17 4.25E-17 4.74E-17
 1.00E-74 1.00E-74 1.00E-74 1.00E-74 1.62E-46 2.42E-28 2.31E-22 2.10E-20
 1.92E-19 1.68E-18 8.74E-18 2.69E-17 4.25E-17 4.74E-17
 1.00E-74 1.00E-74 1.00E-74 1.00E-74 1.62E-46 2.42E-28 2.31E-22 2.10E-20
 1.92E-19 1.68E-18 8.74E-18 2.69E-17 4.25E-17 4.74E-17
  20.2285    7  14 /pl=01:ss=17:pb= 1:sz=17/type=excit/ispb = t/isel =   25
 1.00E+10 1.00E+11 1.00E+12 1.00E+13 1.00E+14 1.00E+15 1.00E+16
 5.58E+00 8.38E+00 1.40E+01 2.79E+01 5.58E+01 1.40E+02 2.79E+02 4.19E+02
 5.58E+02 8.38E+02 1.40E+03 2.79E+03 5.58E+03 8.38E+03
 1.00E-74 1.00E-74 1.00E-74 1.00E-74 6.79E-43 9.71E-25 9.36E-19 8.58E-17
 7.89E-16 6.88E-15 3.56E-14 1.06E-13 1.57E-13 1.67E-13
 1.00E-74 1.00E-74 1.00E-74 1.00E-74 6.59E-43 9.71E-25 9.36E-19 8.58E-17
 7.89E-16 6.88E-15 3.56E-14 1.06E-13 1.57E-13 1.67E-13
 1.00E-74 1.00E-74 1.00E-74 1.00E-74 6.56E-43 9.71E-25 9.36E-19 8.58E-17
 7.89E-16 6.88E-15 3.56E-14 1.06E-13 1.57E-13 1.67E-13
 1.00E-74 1.00E-74 1.00E-74 1.00E-74 6.56E-43 9.71E-25 9.36E-19 8.58E-17
 7.89E-16 6.88E-15 3.56E-14 1.06E-13 1.57E-13 1.67E-13
 1.00E-74 1.00E-74 1.00E-74 1.00E-74 6.56E-43 9.71E-25 9.36E-19 8.58E-17
 7.89E-16 6.88E-15 3.56E-14 1.06E-13 1.57E-13 1.67E-13
 1.00E-74 1.00E-74 1.00E-74 1.00E-74 6.56E-43 9.71E-25 9.36E-19 8.58E-17
 7.88E-16 6.88E-15 3.56E-14 1.06E-13 1.57E-13 1.67E-13
 1.00E-74 1.00E-74 1.00E-74 1.00E-74 6.56E-43 9.70E-25 9.36E-19 8.58E-17
 7.88E-16 6.88E-15 3.56E-14 1.06E-13 1.57E-13 1.67E-13
  33.5743    7  14 /pl=01:ss=17:pb= 1:sz=17/type=excit/ispb = t/isel =   26
 1.00E+10 1.00E+11 1.00E+12 1.00E+13 1.00E+14 1.00E+15 1.00E+16
 5.58E+00 8.38E+00 1.40E+01 2.79E+01 5.58E+01 1.40E+02 2.79E+02 4.19E+02
 5.58E+02 8.38E+02 1.40E+03 2.79E+03 5.58E+03 8.38E+03
 1.00E-74 1.00E-74 1.00E-74 1.00E-74 1.00E-74 1.61E-27 5.68E-21 7.93E-19
 9.00E-18 9.67E-17 5.97E-16 2.06E-15 3.44E-15 3.89E-15
 1.00E-74 1.00E-74 1.00E-74 1.00E-74 1.00E-74 1.61E-27 5.68E-21 7.93E-19
 9.00E-18 9.67E-17 5.97E-16 2.06E-15 3.44E-15 3.89E-15
 1.00E-74 1.00E-74 1.00E-74 1.00E-74 1.00E-74 1.61E-27 5.68E-21 7.93E-19
 9.00E-18 9.67E-17 5.97E-16 2.06E-15 3.44E-15 3.89E-15
 1.00E-74 1.00E-74 1.00E-74 1.00E-74 1.40E-47 1.61E-27 5.68E-21 7.93E-19
 9.00E-18 9.67E-17 5.97E-16 2.06E-15 3.44E-15 3.89E-15
 1.00E-74 1.00E-74 1.00E-74 1.00E-74 2.10E-47 1.61E-27 5.68E-21 7.93E-19
 9.00E-18 9.67E-17 5.97E-16 2.06E-15 3.44E-15 3.89E-15
 1.00E-74 1.00E-74 1.00E-74 1.00E-74 2.09E-47 1.61E-27 5.68E-21 7.93E-19
 9.01E-18 9.67E-17 5.97E-16 2.06E-15 3.44E-15 3.89E-15
 1.00E-74 1.00E-74 1.00E-74 1.00E-74 2.10E-47 1.62E-27 5.69E-21 7.95E-19
 9.03E-18 9.69E-17 5.98E-16 2.07E-15 3.44E-15 3.90E-15
  33.6516    7  14 /pl=01:ss=17:pb= 1:sz=17/type=excit/ispb = t/isel =   27
 1.00E+10 1.00E+11 1.00E+12 1.00E+13 1.00E+14 1.00E+15 1.00E+16
 5.58E+00 8.38E+00 1.40E+01 2.79E+01 5.58E+01 1.40E+02 2.79E+02 4.19E+02
 5.58E+02 8.38E+02 1.40E+03 2.79E+03 5.58E+03 8.38E+03
 1.00E-74 1.00E-74 1.00E-74 1.00E-74 1.00E-74 1.33E-27 4.67E-21 6.51E-19
 7.36E-18 7.88E-17 4.82E-16 1.63E-15 2.60E-15 2.82E-15
 1.00E-74 1.00E-74 1.00E-74 1.00E-74 1.00E-74 1.33E-27 4.67E-21 6.51E-19
 7.36E-18 7.88E-17 4.82E-16 1.63E-15 2.60E-15 2.82E-15
 1.00E-74 1.00E-74 1.00E-74 1.00E-74 1.00E-74 1.33E-27 4.67E-21 6.51E-19
 7.36E-18 7.88E-17 4.82E-16 1.63E-15 2.60E-15 2.82E-15
 1.00E-74 1.00E-74 1.00E-74 1.00E-74 2.77E-47 1.33E-27 4.67E-21 6.51E-19
 7.36E-18 7.88E-17 4.82E-16 1.63E-15 2.60E-15 2.82E-15
 1.00E-74 1.00E-74 1.00E-74 1.00E-74 1.66E-47 1.33E-27 4.67E-21 6.51E-19
 7.36E-18 7.88E-17 4.82E-16 1.63E-15 2.60E-15 2.82E-15
 1.00E-74 1.00E-74 1.00E-74 1.00E-74 1.75E-47 1.34E-27 4.68E-21 6.52E-19
 7.37E-18 7.89E-17 4.82E-16 1.63E-15 2.60E-15 2.82E-15
 1.00E-74 1.00E-74 1.00E-74 1.00E-74 1.77E-47 1.35E-27 4.72E-21 6.57E-19
 7.42E-18 7.94E-17 4.85E-16 1.64E-15 2.61E-15 2.83E-15
  33.6710    7  14 /pl=01:ss=17:pb= 1:sz=17/type=excit/ispb = t/isel =   28
 1.00E+10 1.00E+11 1.00E+12 1.00E+13 1.00E+14 1.00E+15 1.00E+16
 5.58E+00 8.38E+00 1.40E+01 2.79E+01 5.58E+01 1.40E+02 2.79E+02 4.19E+02
 5.58E+02 8.38E+02 1.40E+03 2.79E+03 5.58E+03 8.38E+03
 1.00E-74 1.00E-74 1.00E-74 1.00E-74 1.00E-74 1.79E-27 6.28E-21 8.77E-19
 9.91E-18 1.06E-16 6.44E-16 2.15E-15 3.34E-15 3.57E-15
 1.00E-74 1.00E-74 1.00E-74 1.00E-74 1.00E-74 1.79E-27 6.28E-21 8.77E-19
 9.91E-18 1.06E-16 6.44E-16 2.15E-15 3.34E-15 3.57E-15
 1.00E-74 1.00E-74 1.00E-74 1.00E-74 1.00E-74 1.79E-27 6.28E-21 8.77E-19
 9.91E-18 1.06E-16 6.44E-16 2.15E-15 3.34E-15 3.57E-15
 1.00E-74 1.00E-74 1.00E-74 1.00E-74 2.31E-47 1.79E-27 6.28E-21 8.77E-19
 9.91E-18 1.06E-16 6.44E-16 2.15E-15 3.34E-15 3.57E-15
 1.00E-74 1.00E-74 1.00E-74 1.00E-74 2.31E-47 1.79E-27 6.28E-21 8.76E-19
 9.91E-18 1.06E-16 6.43E-16 2.15E-15 3.34E-15 3.57E-15
 1.00E-74 1.00E-74 1.00E-74 1.00E-74 2.32E-47 1.79E-27 6.27E-21 8.74E-19
 9.89E-18 1.06E-16 6.43E-16 2.15E-15 3.34E-15 3.57E-15
 1.00E-74 1.00E-74 1.00E-74 1.00E-74 2.21E-47 1.73E-27 6.11E-21 8.55E-19
 9.70E-18 1.04E-16 6.34E-16 2.12E-15 3.32E-15 3.55E-15
  33.7294    7  14 /pl=01:ss=17:pb= 1:sz=17/type=excit/ispb = t/isel =   29
 1.00E+10 1.00E+11 1.00E+12 1.00E+13 1.00E+14 1.00E+15 1.00E+16
 5.58E+00 8.38E+00 1.40E+01 2.79E+01 5.58E+01 1.40E+02 2.79E+02 4.19E+02
 5.58E+02 8.38E+02 1.40E+03 2.79E+03 5.58E+03 8.38E+03
 1.00E-74 1.00E-74 1.00E-74 1.00E-74 1.00E-74 1.37E-28 4.82E-22 6.74E-20
 7.65E-19 8.22E-18 5.07E-17 1.75E-16 2.93E-16 3.31E-16
 1.00E-74 1.00E-74 1.00E-74 1.00E-74 1.00E-74 1.37E-28 4.82E-22 6.74E-20
 7.65E-19 8.22E-18 5.07E-17 1.75E-16 2.93E-16 3.31E-16
 1.00E-74 1.00E-74 1.00E-74 1.00E-74 1.00E-74 1.37E-28 4.82E-22 6.74E-20
 7.65E-19 8.22E-18 5.07E-17 1.75E-16 2.93E-16 3.31E-16
 1.00E-74 1.00E-74 1.00E-74 1.00E-74 1.19E-48 1.37E-28 4.82E-22 6.74E-20
 7.65E-19 8.22E-18 5.07E-17 1.75E-16 2.93E-16 3.31E-16
 1.00E-74 1.00E-74 1.00E-74 1.00E-74 1.79E-48 1.37E-28 4.82E-22 6.74E-20
 7.65E-19 8.22E-18 5.07E-17 1.75E-16 2.93E-16 3.31E-16
 1.00E-74 1.00E-74 1.00E-74 1.00E-74 1.77E-48 1.37E-28 4.83E-22 6.74E-20
 7.66E-19 8.22E-18 5.08E-17 1.75E-16 2.93E-16 3.31E-16
 1.00E-74 1.00E-74 1.00E-74 1.00E-74 1.78E-48 1.38E-28 4.84E-22 6.76E-20
 7.67E-19 8.23E-18 5.08E-17 1.76E-16 2.93E-16 3.31E-16
  39.3250    7  14 /pl=01:ss=17:pb= 1:sz=17/type=excit/ispb = t/isel =   30
 1.00E+10 1.00E+11 1.00E+12 1.00E+13 1.00E+14 1.00E+15 1.00E+16
 5.58E+00 8.38E+00 1.40E+01 2.79E+01 5.58E+01 1.40E+02 2.79E+02 4.19E+02
 5.58E+02 8.38E+02 1.40E+03 2.79E+03 5.58E+03 8.38E+03
 1.00E-74 1.00E-74 1.00E-74 1.00E-74 1.00E-74 4.29E-27 1.25E-20 1.63E-18
 1.80E-17 1.87E-16 1.13E-15 3.83E-15 6.31E-15 7.14E-15
 1.00E-74 1.00E-74 1.00E-74 1.00E-74 1.00E-74 4.29E-27 1.25E-20 1.63E-18
 1.80E-17 1.87E-16 1.13E-15 3.83E-15 6.31E-15 7.14E-15
 1.00E-74 1.00E-74 1.00E-74 1.00E-74 1.00E-74 4.29E-27 1.25E-20 1.63E-18
 1.80E-17 1.87E-16 1.13E-15 3.83E-15 6.31E-15 7.14E-15
 1.00E-74 1.00E-74 1.00E-74 1.00E-74 9.64E-47 4.29E-27 1.25E-20 1.63E-18
 1.80E-17 1.87E-16 1.13E-15 3.83E-15 6.31E-15 7.14E-15
 1.00E-74 1.00E-74 1.00E-74 1.00E-74 9.88E-47 4.29E-27 1.25E-20 1.63E-18
 1.80E-17 1.87E-16 1.13E-15 3.83E-15 6.31E-15 7.14E-15
 1.00E-74 1.00E-74 1.00E-74 1.00E-74 9.86E-47 4.29E-27 1.25E-20 1.63E-18
 1.80E-17 1.87E-16 1.13E-15 3.83E-15 6.31E-15 7.14E-15
 1.00E-74 1.00E-74 1.00E-74 1.00E-74 9.87E-47 4.29E-27 1.25E-20 1.64E-18
 1.80E-17 1.88E-16 1.13E-15 3.83E-15 6.31E-15 7.14E-15
  39.4225    7  14 /pl=01:ss=17:pb= 1:sz=17/type=excit/ispb = t/isel =   31
 1.00E+10 1.00E+11 1.00E+12 1.00E+13 1.00E+14 1.00E+15 1.00E+16
 5.58E+00 8.38E+00 1.40E+01 2.79E+01 5.58E+01 1.40E+02 2.79E+02 4.19E+02
 5.58E+02 8.38E+02 1.40E+03 2.79E+03 5.58E+03 8.38E+03
 1.00E-74 1.00E-74 1.00E-74 1.00E-74 1.00E-74 3.59E-27 1.04E-20 1.36E-18
 1.49E-17 1.54E-16 9.20E-16 3.05E-15 4.81E-15 5.23E-15
 1.00E-74 1.00E-74 1.00E-74 1.00E-74 1.00E-74 3.59E-27 1.04E-20 1.36E-18
 1.49E-17 1.54E-16 9.20E-16 3.05E-15 4.81E-15 5.23E-15
 1.00E-74 1.00E-74 1.00E-74 1.00E-74 1.00E-74 3.59E-27 1.04E-20 1.36E-18
 1.49E-17 1.54E-16 9.20E-16 3.05E-15 4.81E-15 5.23E-15
 1.00E-74 1.00E-74 1.00E-74 1.00E-74 1.00E-46 3.59E-27 1.04E-20 1.36E-18
 1.49E-17 1.54E-16 9.20E-16 3.05E-15 4.81E-15 5.23E-15
 1.00E-74 1.00E-74 1.00E-74 1.00E-74 8.50E-47 3.59E-27 1.04E-20 1.36E-18
 1.49E-17 1.54E-16 9.20E-16 3.05E-15 4.82E-15 5.23E-15
 1.00E-74 1.00E-74 1.00E-74 1.00E-74 8.30E-47 3.59E-27 1.04E-20 1.36E-18
 1.49E-17 1.54E-16 9.20E-16 3.05E-15 4.82E-15 5.23E-15
 1.00E-74 1.00E-74 1.00E-74 1.00E-74 8.37E-47 3.60E-27 1.04E-20 1.36E-18
 1.49E-17 1.55E-16 9.21E-16 3.06E-15 4.82E-15 5.23E-15
  39.4685    7  14 /pl=01:ss=17:pb= 1:sz=17/type=excit/ispb = t/isel =   32
 1.00E+10 1.00E+11 1.00E+12 1.00E+13 1.00E+14 1.00E+15 1.00E+16
 5.58E+00 8.38E+00 1.40E+01 2.79E+01 5.58E+01 1.40E+02 2.79E+02 4.19E+02
 5.58E+02 8.38E+02 1.40E+03 2.79E+03 5.58E+03 8.38E+03
 1.00E-74 1.00E-74 1.00E-74 1.00E-74 1.00E-74 5.66E-27 1.64E-20 2.15E-18
 2.36E-17 2.44E-16 1.45E-15 4.75E-15 7.34E-15 7.85E-15
 1.00E-74 1.00E-74 1.00E-74 1.00E-74 1.00E-74 5.66E-27 1.64E-20 2.15E-18
 2.36E-17 2.44E-16 1.45E-15 4.75E-15 7.34E-15 7.85E-15
 1.00E-74 1.00E-74 1.00E-74 1.00E-74 1.37E-46 5.66E-27 1.64E-20 2.15E-18
 2.36E-17 2.44E-16 1.45E-15 4.75E-15 7.34E-15 7.85E-15
 1.00E-74 1.00E-74 1.00E-74 1.00E-74 1.24E-46 5.66E-27 1.64E-20 2.15E-18
 2.36E-17 2.44E-16 1.45E-15 4.75E-15 7.34E-15 7.85E-15
 1.00E-74 1.00E-74 1.00E-74 1.00E-74 1.31E-46 5.66E-27 1.64E-20 2.15E-18
 2.36E-17 2.44E-16 1.45E-15 4.75E-15 7.34E-15 7.85E-15
 1.00E-74 1.00E-74 1.00E-74 1.00E-74 1.30E-46 5.66E-27 1.64E-20 2.15E-18
 2.36E-17 2.44E-16 1.45E-15 4.75E-15 7.34E-15 7.85E-15
 1.00E-74 1.00E-74 1.00E-74 1.00E-74 1.28E-46 5.60E-27 1.63E-20 2.14E-18
 2.34E-17 2.43E-16 1.44E-15 4.74E-15 7.32E-15 7.83E-15
  39.5380    7  14 /pl=01:ss=17:pb= 1:sz=17/type=excit/ispb = t/isel =   33
 1.00E+10 1.00E+11 1.00E+12 1.00E+13 1.00E+14 1.00E+15 1.00E+16
 5.58E+00 8.38E+00 1.40E+01 2.79E+01 5.58E+01 1.40E+02 2.79E+02 4.19E+02
 5.58E+02 8.38E+02 1.40E+03 2.79E+03 5.58E+03 8.38E+03
 1.00E-74 1.00E-74 1.00E-74 1.00E-74 1.00E-74 4.04E-28 1.17E-21 1.54E-19
 1.69E-18 1.77E-17 1.06E-16 3.61E-16 5.94E-16 6.72E-16
 1.00E-74 1.00E-74 1.00E-74 1.00E-74 1.00E-74 4.04E-28 1.17E-21 1.54E-19
 1.69E-18 1.77E-17 1.06E-16 3.61E-16 5.94E-16 6.72E-16
 1.00E-74 1.00E-74 1.00E-74 1.00E-74 1.00E-74 4.04E-28 1.17E-21 1.54E-19
 1.69E-18 1.77E-17 1.06E-16 3.61E-16 5.94E-16 6.72E-16
 1.00E-74 1.00E-74 1.00E-74 1.00E-74 9.08E-48 4.04E-28 1.17E-21 1.54E-19
 1.69E-18 1.77E-17 1.06E-16 3.61E-16 5.94E-16 6.72E-16
 1.00E-74 1.00E-74 1.00E-74 1.00E-74 9.31E-48 4.04E-28 1.17E-21 1.54E-19
 1.69E-18 1.77E-17 1.06E-16 3.61E-16 5.94E-16 6.72E-16
 1.00E-74 1.00E-74 1.00E-74 1.00E-74 9.28E-48 4.04E-28 1.17E-21 1.54E-19
 1.69E-18 1.77E-17 1.06E-16 3.61E-16 5.94E-16 6.72E-16
 1.00E-74 1.00E-74 1.00E-74 1.00E-74 9.29E-48 4.04E-28 1.17E-21 1.54E-19
 1.69E-18 1.77E-17 1.06E-16 3.61E-16 5.95E-16 6.72E-16
  57.4428    7  14 /pl=01:ss=17:pb= 1:sz=17/type=excit/ispb = t/isel =   34
 1.00E+10 1.00E+11 1.00E+12 1.00E+13 1.00E+14 1.00E+15 1.00E+16
 5.58E+00 8.38E+00 1.40E+01 2.79E+01 5.58E+01 1.40E+02 2.79E+02 4.19E+02
 5.58E+02 8.38E+02 1.40E+03 2.79E+03 5.58E+03 8.38E+03
 1.00E-74 1.00E-74 1.00E-74 1.00E-74 1.00E-74 1.76E-26 3.62E-20 4.22E-18
 4.36E-17 4.30E-16 2.46E-15 8.13E-15 1.32E-14 1.49E-14
 1.00E-74 1.00E-74 1.00E-74 1.00E-74 1.00E-74 1.76E-26 3.62E-20 4.22E-18
 4.36E-17 4.30E-16 2.46E-15 8.13E-15 1.32E-14 1.49E-14
 1.00E-74 1.00E-74 1.00E-74 1.00E-74 1.35E-45 1.76E-26 3.62E-20 4.22E-18
 4.36E-17 4.30E-16 2.46E-15 8.13E-15 1.32E-14 1.49E-14
 1.00E-74 1.00E-74 1.00E-74 1.00E-74 1.17E-45 1.76E-26 3.62E-20 4.22E-18
 4.36E-17 4.30E-16 2.46E-15 8.13E-15 1.32E-14 1.49E-14
 1.00E-74 1.00E-74 1.00E-74 1.00E-74 1.17E-45 1.76E-26 3.62E-20 4.22E-18
 4.36E-17 4.30E-16 2.46E-15 8.13E-15 1.32E-14 1.49E-14
 1.00E-74 1.00E-74 1.00E-74 1.00E-74 1.17E-45 1.76E-26 3.62E-20 4.22E-18
 4.36E-17 4.30E-16 2.46E-15 8.13E-15 1.32E-14 1.49E-14
 1.00E-74 1.00E-74 1.00E-74 1.00E-74 1.17E-45 1.76E-26 3.62E-20 4.22E-18
 4.36E-17 4.30E-16 2.46E-15 8.13E-15 1.32E-14 1.49E-14
  57.6095    7  14 /pl=01:ss=17:pb= 1:sz=17/type=excit/ispb = t/isel =   35
 1.00E+10 1.00E+11 1.00E+12 1.00E+13 1.00E+14 1.00E+15 1.00E+16
 5.58E+00 8.38E+00 1.40E+01 2.79E+01 5.58E+01 1.40E+02 2.79E+02 4.19E+02
 5.58E+02 8.38E+02 1.40E+03 2.79E+03 5.58E+03 8.38E+03
 1.00E-74 1.00E-74 1.00E-74 1.00E-74 1.00E-74 1.52E-26 3.08E-20 3.60E-18
 3.72E-17 3.65E-16 2.07E-15 6.65E-15 1.03E-14 1.11E-14
 1.00E-74 1.00E-74 1.00E-74 1.00E-74 1.00E-74 1.52E-26 3.08E-20 3.60E-18
 3.72E-17 3.65E-16 2.07E-15 6.65E-15 1.03E-14 1.11E-14
 1.00E-74 1.00E-74 1.00E-74 1.00E-74 1.04E-45 1.52E-26 3.08E-20 3.60E-18
 3.72E-17 3.65E-16 2.07E-15 6.65E-15 1.03E-14 1.11E-14
 1.00E-74 1.00E-74 1.00E-74 1.00E-74 1.04E-45 1.52E-26 3.08E-20 3.60E-18
 3.72E-17 3.65E-16 2.07E-15 6.65E-15 1.03E-14 1.11E-14
 1.00E-74 1.00E-74 1.00E-74 1.00E-74 1.04E-45 1.52E-26 3.08E-20 3.60E-18
 3.72E-17 3.65E-16 2.07E-15 6.65E-15 1.03E-14 1.11E-14
 1.00E-74 1.00E-74 1.00E-74 1.00E-74 1.03E-45 1.52E-26 3.08E-20 3.60E-18
 3.72E-17 3.65E-16 2.07E-15 6.65E-15 1.03E-14 1.11E-14
 1.00E-74 1.00E-74 1.00E-74 1.00E-74 1.03E-45 1.53E-26 3.09E-20 3.60E-18
 3.72E-17 3.65E-16 2.07E-15 6.65E-15 1.03E-14 1.11E-14
  57.8021    7  14 /pl=01:ss=17:pb= 1:sz=17/type=excit/ispb = t/isel =   36
 1.00E+10 1.00E+11 1.00E+12 1.00E+13 1.00E+14 1.00E+15 1.00E+16
 5.58E+00 8.38E+00 1.40E+01 2.79E+01 5.58E+01 1.40E+02 2.79E+02 4.19E+02
 5.58E+02 8.38E+02 1.40E+03 2.79E+03 5.58E+03 8.38E+03
 1.00E-74 1.00E-74 1.00E-74 1.00E-74 1.00E-74 3.16E-26 6.49E-20 7.62E-18
 7.90E-17 7.73E-16 4.39E-15 1.40E-14 2.13E-14 2.28E-14
 1.00E-74 1.00E-74 1.00E-74 1.00E-74 2.79E-45 3.16E-26 6.49E-20 7.62E-18
 7.90E-17 7.73E-16 4.39E-15 1.40E-14 2.13E-14 2.28E-14
 1.00E-74 1.00E-74 1.00E-74 1.00E-74 2.23E-45 3.16E-26 6.49E-20 7.62E-18
 7.90E-17 7.73E-16 4.39E-15 1.40E-14 2.13E-14 2.28E-14
 1.00E-74 1.00E-74 1.00E-74 1.00E-74 2.09E-45 3.16E-26 6.49E-20 7.62E-18
 7.90E-17 7.73E-16 4.39E-15 1.40E-14 2.13E-14 2.28E-14
 1.00E-74 1.00E-74 1.00E-74 1.00E-74 2.09E-45 3.16E-26 6.49E-20 7.62E-18
 7.90E-17 7.73E-16 4.39E-15 1.40E-14 2.13E-14 2.28E-14
 1.00E-74 1.00E-74 1.00E-74 1.00E-74 2.09E-45 3.16E-26 6.49E-20 7.62E-18
 7.90E-17 7.72E-16 4.39E-15 1.40E-14 2.13E-14 2.27E-14
 1.00E-74 1.00E-74 1.00E-74 1.00E-74 2.08E-45 3.15E-26 6.48E-20 7.61E-18
 7.89E-17 7.72E-16 4.39E-15 1.40E-14 2.13E-14 2.27E-14
  57.8983    7  14 /pl=01:ss=17:pb= 1:sz=17/type=excit/ispb = t/isel =   37
 1.00E+10 1.00E+11 1.00E+12 1.00E+13 1.00E+14 1.00E+15 1.00E+16
 5.58E+00 8.38E+00 1.40E+01 2.79E+01 5.58E+01 1.40E+02 2.79E+02 4.19E+02
 5.58E+02 8.38E+02 1.40E+03 2.79E+03 5.58E+03 8.38E+03
 1.00E-74 1.00E-74 1.00E-74 1.00E-74 1.00E-74 2.07E-27 4.25E-21 4.95E-19
 5.12E-18 5.04E-17 2.89E-16 9.54E-16 1.55E-15 1.74E-15
 1.00E-74 1.00E-74 1.00E-74 1.00E-74 1.00E-74 2.07E-27 4.25E-21 4.95E-19
 5.12E-18 5.04E-17 2.89E-16 9.54E-16 1.55E-15 1.74E-15
 1.00E-74 1.00E-74 1.00E-74 1.00E-74 1.59E-46 2.07E-27 4.25E-21 4.95E-19
 5.12E-18 5.04E-17 2.89E-16 9.54E-16 1.55E-15 1.74E-15
 1.00E-74 1.00E-74 1.00E-74 1.00E-74 1.38E-46 2.07E-27 4.25E-21 4.95E-19
 5.12E-18 5.04E-17 2.89E-16 9.54E-16 1.55E-15 1.74E-15
 1.00E-74 1.00E-74 1.00E-74 1.00E-74 1.38E-46 2.07E-27 4.25E-21 4.95E-19
 5.12E-18 5.04E-17 2.89E-16 9.54E-16 1.55E-15 1.74E-15
 1.00E-74 1.00E-74 1.00E-74 1.00E-74 1.38E-46 2.07E-27 4.25E-21 4.95E-19
 5.12E-18 5.04E-17 2.89E-16 9.54E-16 1.55E-15 1.74E-15
 1.00E-74 1.00E-74 1.00E-74 1.00E-74 1.38E-46 2.07E-27 4.26E-21 4.95E-19
 5.12E-18 5.04E-17 2.89E-16 9.54E-16 1.55E-15 1.74E-15
  58.0063    7  14 /pl=01:ss=17:pb= 1:sz=17/type=excit/ispb = t/isel =   38
 1.00E+10 1.00E+11 1.00E+12 1.00E+13 1.00E+14 1.00E+15 1.00E+16
 5.58E+00 8.38E+00 1.40E+01 2.79E+01 5.58E+01 1.40E+02 2.79E+02 4.19E+02
 5.58E+02 8.38E+02 1.40E+03 2.79E+03 5.58E+03 8.38E+03
 1.00E-74 1.00E-74 1.00E-74 1.00E-74 1.00E-74 5.65E-30 1.16E-23 1.36E-21
 1.41E-20 1.38E-19 7.86E-19 2.50E-18 3.81E-18 4.07E-18
 1.00E-74 1.00E-74 1.00E-74 1.00E-74 4.99E-49 5.65E-30 1.16E-23 1.36E-21
 1.41E-20 1.38E-19 7.86E-19 2.50E-18 3.81E-18 4.07E-18
 1.00E-74 1.00E-74 1.00E-74 1.00E-74 3.99E-49 5.65E-30 1.16E-23 1.36E-21
 1.41E-20 1.38E-19 7.86E-19 2.50E-18 3.81E-18 4.07E-18
 1.00E-74 1.00E-74 1.00E-74 1.00E-74 3.74E-49 5.65E-30 1.16E-23 1.36E-21
 1.41E-20 1.38E-19 7.86E-19 2.50E-18 3.81E-18 4.07E-18
 1.00E-74 1.00E-74 1.00E-74 1.00E-74 3.75E-49 5.65E-30 1.16E-23 1.36E-21
 1.41E-20 1.38E-19 7.85E-19 2.50E-18 3.81E-18 4.07E-18
 1.00E-74 1.00E-74 1.00E-74 1.00E-74 3.74E-49 5.65E-30 1.16E-23 1.36E-21
 1.41E-20 1.38E-19 7.85E-19 2.50E-18 3.81E-18 4.07E-18
 1.00E-74 1.00E-74 1.00E-74 1.00E-74 3.73E-49 5.63E-30 1.16E-23 1.36E-21
 1.41E-20 1.38E-19 7.85E-19 2.50E-18 3.80E-18 4.07E-18
  80.5918    7  14 /pl=01:ss=17:pb= 1:sz=17/type=excit/ispb = t/isel =   39
 1.00E+10 1.00E+11 1.00E+12 1.00E+13 1.00E+14 1.00E+15 1.00E+16
 5.58E+00 8.38E+00 1.40E+01 2.79E+01 5.58E+01 1.40E+02 2.79E+02 4.19E+02
 5.58E+02 8.38E+02 1.40E+03 2.79E+03 5.58E+03 8.38E+03
 1.00E-74 1.00E-74 1.00E-74 1.00E-74 1.00E-74 7.53E-28 2.65E-21 3.70E-19
 4.20E-18 4.52E-17 2.79E-16 9.64E-16 1.61E-15 1.82E-15
 1.00E-74 1.00E-74 1.00E-74 1.00E-74 1.00E-74 7.53E-28 2.65E-21 3.70E-19
 4.20E-18 4.52E-17 2.79E-16 9.64E-16 1.61E-15 1.82E-15
 1.00E-74 1.00E-74 1.00E-74 1.00E-74 1.00E-74 7.53E-28 2.65E-21 3.70E-19
 4.20E-18 4.52E-17 2.79E-16 9.64E-16 1.61E-15 1.82E-15
 1.00E-74 1.00E-74 1.00E-74 1.00E-74 6.54E-48 7.53E-28 2.65E-21 3.70E-19
 4.20E-18 4.52E-17 2.79E-16 9.64E-16 1.61E-15 1.82E-15
 1.00E-74 1.00E-74 1.00E-74 1.00E-74 9.82E-48 7.53E-28 2.65E-21 3.70E-19
 4.20E-18 4.52E-17 2.79E-16 9.64E-16 1.61E-15 1.82E-15
 1.00E-74 1.00E-74 1.00E-74 1.00E-74 9.75E-48 7.53E-28 2.65E-21 3.71E-19
 4.21E-18 4.52E-17 2.79E-16 9.64E-16 1.61E-15 1.82E-15
 1.00E-74 1.00E-74 1.00E-74 1.00E-74 9.80E-48 7.56E-28 2.66E-21 3.71E-19
 4.21E-18 4.52E-17 2.79E-16 9.65E-16 1.61E-15 1.82E-15
  80.7510    7  14 /pl=01:ss=17:pb= 1:sz=17/type=excit/ispb = t/isel =   40
 1.00E+10 1.00E+11 1.00E+12 1.00E+13 1.00E+14 1.00E+15 1.00E+16
 5.58E+00 8.38E+00 1.40E+01 2.79E+01 5.58E+01 1.40E+02 2.79E+02 4.19E+02
 5.58E+02 8.38E+02 1.40E+03 2.79E+03 5.58E+03 8.38E+03
 1.00E-74 1.00E-74 1.00E-74 1.00E-74 1.00E-74 6.11E-28 2.14E-21 2.98E-19
 3.37E-18 3.61E-17 2.21E-16 7.47E-16 1.19E-15 1.29E-15
 1.00E-74 1.00E-74 1.00E-74 1.00E-74 1.00E-74 6.11E-28 2.14E-21 2.98E-19
 3.37E-18 3.61E-17 2.21E-16 7.47E-16 1.19E-15 1.29E-15
 1.00E-74 1.00E-74 1.00E-74 1.00E-74 1.00E-74 6.11E-28 2.14E-21 2.98E-19
 3.37E-18 3.61E-17 2.21E-16 7.47E-16 1.19E-15 1.29E-15
 1.00E-74 1.00E-74 1.00E-74 1.00E-74 1.27E-47 6.11E-28 2.14E-21 2.98E-19
 3.37E-18 3.61E-17 2.21E-16 7.47E-16 1.19E-15 1.29E-15
 1.00E-74 1.00E-74 1.00E-74 1.00E-74 7.63E-48 6.11E-28 2.14E-21 2.98E-19
 3.37E-18 3.61E-17 2.21E-16 7.47E-16 1.19E-15 1.29E-15
 1.00E-74 1.00E-74 1.00E-74 1.00E-74 8.01E-48 6.12E-28 2.14E-21 2.99E-19
 3.37E-18 3.61E-17 2.21E-16 7.48E-16 1.19E-15 1.29E-15
 1.00E-74 1.00E-74 1.00E-74 1.00E-74 8.11E-48 6.19E-28 2.16E-21 3.01E-19
 3.40E-18 3.64E-17 2.22E-16 7.51E-16 1.19E-15 1.30E-15
  80.8628    7  14 /pl=01:ss=17:pb= 1:sz=17/type=excit/ispb = t/isel =   41
 1.00E+10 1.00E+11 1.00E+12 1.00E+13 1.00E+14 1.00E+15 1.00E+16
 5.58E+00 8.38E+00 1.40E+01 2.79E+01 5.58E+01 1.40E+02 2.79E+02 4.19E+02
 5.58E+02 8.38E+02 1.40E+03 2.79E+03 5.58E+03 8.38E+03
 1.00E-74 1.00E-74 1.00E-74 1.00E-74 1.00E-74 1.27E-27 4.43E-21 6.18E-19
 6.99E-18 7.47E-17 4.54E-16 1.51E-15 2.36E-15 2.52E-15
 1.00E-74 1.00E-74 1.00E-74 1.00E-74 1.00E-74 1.27E-27 4.43E-21 6.18E-19
 6.99E-18 7.47E-17 4.54E-16 1.51E-15 2.36E-15 2.52E-15
 1.00E-74 1.00E-74 1.00E-74 1.00E-74 1.00E-74 1.27E-27 4.43E-21 6.18E-19
 6.99E-18 7.47E-17 4.54E-16 1.51E-15 2.36E-15 2.52E-15
 1.00E-74 1.00E-74 1.00E-74 1.00E-74 1.63E-47 1.26E-27 4.43E-21 6.18E-19
 6.99E-18 7.47E-17 4.54E-16 1.51E-15 2.36E-15 2.52E-15
 1.00E-74 1.00E-74 1.00E-74 1.00E-74 1.63E-47 1.26E-27 4.43E-21 6.18E-19
 6.99E-18 7.47E-17 4.54E-16 1.51E-15 2.36E-15 2.52E-15
 1.00E-74 1.00E-74 1.00E-74 1.00E-74 1.64E-47 1.26E-27 4.42E-21 6.16E-19
 6.97E-18 7.45E-17 4.53E-16 1.51E-15 2.36E-15 2.52E-15
 1.00E-74 1.00E-74 1.00E-74 1.00E-74 1.56E-47 1.22E-27 4.31E-21 6.03E-19
 6.84E-18 7.33E-17 4.47E-16 1.50E-15 2.34E-15 2.50E-15
  80.9692    7  14 /pl=01:ss=17:pb= 1:sz=17/type=excit/ispb = t/isel =   42
 1.00E+10 1.00E+11 1.00E+12 1.00E+13 1.00E+14 1.00E+15 1.00E+16
 5.58E+00 8.38E+00 1.40E+01 2.79E+01 5.58E+01 1.40E+02 2.79E+02 4.19E+02
 5.58E+02 8.38E+02 1.40E+03 2.79E+03 5.58E+03 8.38E+03
 1.00E-74 1.00E-74 1.00E-74 1.00E-74 1.00E-74 1.64E-28 5.79E-22 8.09E-20
 9.18E-19 9.86E-18 6.09E-17 2.11E-16 3.51E-16 3.97E-16
 1.00E-74 1.00E-74 1.00E-74 1.00E-74 1.00E-74 1.64E-28 5.79E-22 8.09E-20
 9.18E-19 9.86E-18 6.09E-17 2.11E-16 3.51E-16 3.97E-16
 1.00E-74 1.00E-74 1.00E-74 1.00E-74 1.00E-74 1.64E-28 5.79E-22 8.09E-20
 9.18E-19 9.86E-18 6.09E-17 2.11E-16 3.51E-16 3.97E-16
 1.00E-74 1.00E-74 1.00E-74 1.00E-74 1.43E-48 1.64E-28 5.79E-22 8.09E-20
 9.18E-19 9.86E-18 6.09E-17 2.11E-16 3.51E-16 3.97E-16
 1.00E-74 1.00E-74 1.00E-74 1.00E-74 2.14E-48 1.64E-28 5.79E-22 8.09E-20
 9.18E-19 9.86E-18 6.09E-17 2.11E-16 3.51E-16 3.97E-16
 1.00E-74 1.00E-74 1.00E-74 1.00E-74 2.13E-48 1.65E-28 5.79E-22 8.09E-20
 9.19E-19 9.86E-18 6.09E-17 2.11E-16 3.51E-16 3.97E-16
 1.00E-74 1.00E-74 1.00E-74 1.00E-74 2.14E-48 1.65E-28 5.81E-22 8.11E-20
 9.21E-19 9.88E-18 6.10E-17 2.11E-16 3.51E-16 3.97E-16
  124.183    7  14 /pl=01:ss=17:pb= 1:sz=17/type=excit/ispb = t/isel =   43
 1.00E+10 1.00E+11 1.00E+12 1.00E+13 1.00E+14 1.00E+15 1.00E+16
 5.58E+00 8.38E+00 1.40E+01 2.79E+01 5.58E+01 1.40E+02 2.79E+02 4.19E+02
 5.58E+02 8.38E+02 1.40E+03 2.79E+03 5.58E+03 8.38E+03
 1.00E-74 1.00E-74 1.00E-74 1.00E-74 1.00E-74 1.92E-27 5.58E-21 7.33E-19
 8.06E-18 8.40E-17 5.04E-16 1.72E-15 2.83E-15 3.20E-15
 1.00E-74 1.00E-74 1.00E-74 1.00E-74 1.00E-74 1.92E-27 5.58E-21 7.33E-19
 8.06E-18 8.40E-17 5.04E-16 1.72E-15 2.83E-15 3.20E-15
 1.00E-74 1.00E-74 1.00E-74 1.00E-74 1.00E-74 1.92E-27 5.58E-21 7.33E-19
 8.06E-18 8.40E-17 5.04E-16 1.72E-15 2.83E-15 3.20E-15
 1.00E-74 1.00E-74 1.00E-74 1.00E-74 4.32E-47 1.92E-27 5.58E-21 7.33E-19
 8.06E-18 8.40E-17 5.04E-16 1.72E-15 2.83E-15 3.20E-15
 1.00E-74 1.00E-74 1.00E-74 1.00E-74 4.43E-47 1.92E-27 5.58E-21 7.33E-19
 8.06E-18 8.40E-17 5.04E-16 1.72E-15 2.83E-15 3.20E-15
 1.00E-74 1.00E-74 1.00E-74 1.00E-74 4.42E-47 1.92E-27 5.58E-21 7.33E-19
 8.06E-18 8.40E-17 5.04E-16 1.72E-15 2.83E-15 3.20E-15
 1.00E-74 1.00E-74 1.00E-74 1.00E-74 4.42E-47 1.92E-27 5.59E-21 7.33E-19
 8.06E-18 8.41E-17 5.05E-16 1.72E-15 2.83E-15 3.20E-15
  124.476    7  14 /pl=01:ss=17:pb= 1:sz=17/type=excit/ispb = t/isel =   44
 1.00E+10 1.00E+11 1.00E+12 1.00E+13 1.00E+14 1.00E+15 1.00E+16
 5.58E+00 8.38E+00 1.40E+01 2.79E+01 5.58E+01 1.40E+02 2.79E+02 4.19E+02
 5.58E+02 8.38E+02 1.40E+03 2.79E+03 5.58E+03 8.38E+03
 1.00E-74 1.00E-74 1.00E-74 1.00E-74 1.00E-74 1.57E-27 4.53E-21 5.92E-19
 6.49E-18 6.74E-17 4.02E-16 1.33E-15 2.10E-15 2.28E-15
 1.00E-74 1.00E-74 1.00E-74 1.00E-74 1.00E-74 1.57E-27 4.53E-21 5.92E-19
 6.49E-18 6.74E-17 4.02E-16 1.33E-15 2.10E-15 2.28E-15
 1.00E-74 1.00E-74 1.00E-74 1.00E-74 1.00E-74 1.57E-27 4.53E-21 5.92E-19
 6.49E-18 6.74E-17 4.02E-16 1.33E-15 2.10E-15 2.28E-15
 1.00E-74 1.00E-74 1.00E-74 1.00E-74 4.37E-47 1.57E-27 4.53E-21 5.92E-19
 6.49E-18 6.74E-17 4.02E-16 1.33E-15 2.10E-15 2.28E-15
 1.00E-74 1.00E-74 1.00E-74 1.00E-74 3.72E-47 1.57E-27 4.53E-21 5.92E-19
 6.49E-18 6.74E-17 4.02E-16 1.33E-15 2.10E-15 2.28E-15
 1.00E-74 1.00E-74 1.00E-74 1.00E-74 3.63E-47 1.57E-27 4.53E-21 5.92E-19
 6.50E-18 6.74E-17 4.02E-16 1.33E-15 2.10E-15 2.28E-15
 1.00E-74 1.00E-74 1.00E-74 1.00E-74 3.66E-47 1.57E-27 4.54E-21 5.94E-19
 6.51E-18 6.75E-17 4.02E-16 1.34E-15 2.11E-15 2.29E-15
  124.936    7  14 /pl=01:ss=17:pb= 1:sz=17/type=excit/ispb = t/isel =   45
 1.00E+10 1.00E+11 1.00E+12 1.00E+13 1.00E+14 1.00E+15 1.00E+16
 5.58E+00 8.38E+00 1.40E+01 2.79E+01 5.58E+01 1.40E+02 2.79E+02 4.19E+02
 5.58E+02 8.38E+02 1.40E+03 2.79E+03 5.58E+03 8.38E+03
 1.00E-74 1.00E-74 1.00E-74 1.00E-74 1.00E-74 4.03E-27 1.17E-20 1.53E-18
 1.68E-17 1.74E-16 1.03E-15 3.38E-15 5.22E-15 5.58E-15
 1.00E-74 1.00E-74 1.00E-74 1.00E-74 1.00E-74 4.03E-27 1.17E-20 1.53E-18
 1.68E-17 1.74E-16 1.03E-15 3.38E-15 5.22E-15 5.58E-15
 1.00E-74 1.00E-74 1.00E-74 1.00E-74 9.78E-47 4.03E-27 1.17E-20 1.53E-18
 1.68E-17 1.74E-16 1.03E-15 3.38E-15 5.22E-15 5.58E-15
 1.00E-74 1.00E-74 1.00E-74 1.00E-74 8.80E-47 4.03E-27 1.17E-20 1.53E-18
 1.68E-17 1.74E-16 1.03E-15 3.38E-15 5.22E-15 5.58E-15
 1.00E-74 1.00E-74 1.00E-74 1.00E-74 9.29E-47 4.03E-27 1.17E-20 1.53E-18
 1.68E-17 1.74E-16 1.03E-15 3.38E-15 5.22E-15 5.58E-15
 1.00E-74 1.00E-74 1.00E-74 1.00E-74 9.26E-47 4.02E-27 1.17E-20 1.53E-18
 1.68E-17 1.74E-16 1.03E-15 3.38E-15 5.22E-15 5.58E-15
 1.00E-74 1.00E-74 1.00E-74 1.00E-74 9.12E-47 3.98E-27 1.16E-20 1.52E-18
 1.67E-17 1.73E-16 1.03E-15 3.37E-15 5.21E-15 5.57E-15
  125.081    7  14 /pl=01:ss=17:pb= 1:sz=17/type=excit/ispb = t/isel =   46
 1.00E+10 1.00E+11 1.00E+12 1.00E+13 1.00E+14 1.00E+15 1.00E+16
 5.58E+00 8.38E+00 1.40E+01 2.79E+01 5.58E+01 1.40E+02 2.79E+02 4.19E+02
 5.58E+02 8.38E+02 1.40E+03 2.79E+03 5.58E+03 8.38E+03
 1.00E-74 1.00E-74 1.00E-74 1.00E-74 1.00E-74 5.09E-28 1.48E-21 1.94E-19
 2.13E-18 2.22E-17 1.33E-16 4.54E-16 7.48E-16 8.46E-16
 1.00E-74 1.00E-74 1.00E-74 1.00E-74 1.00E-74 5.09E-28 1.48E-21 1.94E-19
 2.13E-18 2.22E-17 1.33E-16 4.54E-16 7.48E-16 8.46E-16
 1.00E-74 1.00E-74 1.00E-74 1.00E-74 1.00E-74 5.09E-28 1.48E-21 1.94E-19
 2.13E-18 2.22E-17 1.33E-16 4.54E-16 7.48E-16 8.46E-16
 1.00E-74 1.00E-74 1.00E-74 1.00E-74 1.14E-47 5.09E-28 1.48E-21 1.94E-19
 2.13E-18 2.22E-17 1.33E-16 4.54E-16 7.48E-16 8.46E-16
 1.00E-74 1.00E-74 1.00E-74 1.00E-74 1.17E-47 5.09E-28 1.48E-21 1.94E-19
 2.13E-18 2.22E-17 1.33E-16 4.54E-16 7.48E-16 8.46E-16
 1.00E-74 1.00E-74 1.00E-74 1.00E-74 1.17E-47 5.09E-28 1.48E-21 1.94E-19
 2.13E-18 2.22E-17 1.33E-16 4.54E-16 7.49E-16 8.46E-16
 1.00E-74 1.00E-74 1.00E-74 1.00E-74 1.17E-47 5.09E-28 1.48E-21 1.94E-19
 2.13E-18 2.22E-17 1.33E-16 4.54E-16 7.49E-16 8.47E-16
  228.732    7  14 /pl=01:ss=17:pb= 1:sz=17/type=excit/ispb = t/isel =   47
 1.00E+10 1.00E+11 1.00E+12 1.00E+13 1.00E+14 1.00E+15 1.00E+16
 5.58E+00 8.38E+00 1.40E+01 2.79E+01 5.58E+01 1.40E+02 2.79E+02 4.19E+02
 5.58E+02 8.38E+02 1.40E+03 2.79E+03 5.58E+03 8.38E+03
 1.00E-74 1.00E-74 1.00E-74 1.00E-74 1.00E-74 4.10E-28 1.44E-21 2.01E-19
 2.29E-18 2.46E-17 1.52E-16 5.24E-16 8.74E-16 9.89E-16
 1.00E-74 1.00E-74 1.00E-74 1.00E-74 1.00E-74 4.10E-28 1.44E-21 2.01E-19
 2.29E-18 2.46E-17 1.52E-16 5.24E-16 8.74E-16 9.89E-16
 1.00E-74 1.00E-74 1.00E-74 1.00E-74 1.00E-74 4.10E-28 1.44E-21 2.01E-19
 2.29E-18 2.46E-17 1.52E-16 5.24E-16 8.74E-16 9.89E-16
 1.00E-74 1.00E-74 1.00E-74 1.00E-74 3.56E-48 4.10E-28 1.44E-21 2.01E-19
 2.29E-18 2.46E-17 1.52E-16 5.24E-16 8.74E-16 9.89E-16
 1.00E-74 1.00E-74 1.00E-74 1.00E-74 5.34E-48 4.10E-28 1.44E-21 2.01E-19
 2.29E-18 2.46E-17 1.52E-16 5.24E-16 8.74E-16 9.89E-16
 1.00E-74 1.00E-74 1.00E-74 1.00E-74 5.30E-48 4.10E-28 1.44E-21 2.02E-19
 2.29E-18 2.46E-17 1.52E-16 5.24E-16 8.74E-16 9.89E-16
 1.00E-74 1.00E-74 1.00E-74 1.00E-74 5.33E-48 4.11E-28 1.45E-21 2.02E-19
 2.29E-18 2.46E-17 1.52E-16 5.25E-16 8.75E-16 9.90E-16
  229.186    7  14 /pl=01:ss=17:pb= 1:sz=17/type=excit/ispb = t/isel =   48
 1.00E+10 1.00E+11 1.00E+12 1.00E+13 1.00E+14 1.00E+15 1.00E+16
 5.58E+00 8.38E+00 1.40E+01 2.79E+01 5.58E+01 1.40E+02 2.79E+02 4.19E+02
 5.58E+02 8.38E+02 1.40E+03 2.79E+03 5.58E+03 8.38E+03
 1.00E-74 1.00E-74 1.00E-74 1.00E-74 1.00E-74 3.17E-28 1.11E-21 1.55E-19
 1.75E-18 1.88E-17 1.15E-16 3.88E-16 6.18E-16 6.72E-16
 1.00E-74 1.00E-74 1.00E-74 1.00E-74 1.00E-74 3.17E-28 1.11E-21 1.55E-19
 1.75E-18 1.88E-17 1.15E-16 3.88E-16 6.18E-16 6.72E-16
 1.00E-74 1.00E-74 1.00E-74 1.00E-74 1.00E-74 3.17E-28 1.11E-21 1.55E-19
 1.75E-18 1.88E-17 1.15E-16 3.88E-16 6.18E-16 6.72E-16
 1.00E-74 1.00E-74 1.00E-74 1.00E-74 6.60E-48 3.17E-28 1.11E-21 1.55E-19
 1.75E-18 1.88E-17 1.15E-16 3.88E-16 6.18E-16 6.72E-16
 1.00E-74 1.00E-74 1.00E-74 1.00E-74 3.96E-48 3.17E-28 1.11E-21 1.55E-19
 1.75E-18 1.88E-17 1.15E-16 3.88E-16 6.18E-16 6.72E-16
 1.00E-74 1.00E-74 1.00E-74 1.00E-74 4.16E-48 3.18E-28 1.11E-21 1.55E-19
 1.75E-18 1.88E-17 1.15E-16 3.88E-16 6.18E-16 6.72E-16
 1.00E-74 1.00E-74 1.00E-74 1.00E-74 4.21E-48 3.21E-28 1.12E-21 1.56E-19
 1.76E-18 1.89E-17 1.15E-16 3.90E-16 6.20E-16 6.74E-16
  230.089    7  14 /pl=01:ss=17:pb= 1:sz=17/type=excit/ispb = t/isel =   49
 1.00E+10 1.00E+11 1.00E+12 1.00E+13 1.00E+14 1.00E+15 1.00E+16
 5.58E+00 8.38E+00 1.40E+01 2.79E+01 5.58E+01 1.40E+02 2.79E+02 4.19E+02
 5.58E+02 8.38E+02 1.40E+03 2.79E+03 5.58E+03 8.38E+03
 1.00E-74 1.00E-74 1.00E-74 1.00E-74 1.00E-74 9.45E-28 3.31E-21 4.61E-19
 5.22E-18 5.58E-17 3.39E-16 1.13E-15 1.76E-15 1.88E-15
 1.00E-74 1.00E-74 1.00E-74 1.00E-74 1.00E-74 9.45E-28 3.31E-21 4.61E-19
 5.22E-18 5.58E-17 3.39E-16 1.13E-15 1.76E-15 1.88E-15
 1.00E-74 1.00E-74 1.00E-74 1.00E-74 1.00E-74 9.45E-28 3.31E-21 4.61E-19
 5.22E-18 5.58E-17 3.39E-16 1.13E-15 1.76E-15 1.88E-15
 1.00E-74 1.00E-74 1.00E-74 1.00E-74 1.21E-47 9.45E-28 3.31E-21 4.61E-19
 5.22E-18 5.58E-17 3.39E-16 1.13E-15 1.76E-15 1.88E-15
 1.00E-74 1.00E-74 1.00E-74 1.00E-74 1.21E-47 9.44E-28 3.31E-21 4.61E-19
 5.22E-18 5.57E-17 3.39E-16 1.13E-15 1.76E-15 1.88E-15
 1.00E-74 1.00E-74 1.00E-74 1.00E-74 1.22E-47 9.41E-28 3.30E-21 4.60E-19
 5.21E-18 5.57E-17 3.38E-16 1.13E-15 1.76E-15 1.88E-15
 1.00E-74 1.00E-74 1.00E-74 1.00E-74 1.17E-47 9.10E-28 3.22E-21 4.50E-19
 5.11E-18 5.47E-17 3.34E-16 1.12E-15 1.75E-15 1.87E-15
  230.287    7  14 /pl=01:ss=17:pb= 1:sz=17/type=excit/ispb = t/isel =   50
 1.00E+10 1.00E+11 1.00E+12 1.00E+13 1.00E+14 1.00E+15 1.00E+16
 5.58E+00 8.38E+00 1.40E+01 2.79E+01 5.58E+01 1.40E+02 2.79E+02 4.19E+02
 5.58E+02 8.38E+02 1.40E+03 2.79E+03 5.58E+03 8.38E+03
 1.00E-74 1.00E-74 1.00E-74 1.00E-74 1.00E-74 1.66E-28 5.85E-22 8.17E-20
 9.27E-19 9.96E-18 6.15E-17 2.13E-16 3.55E-16 4.01E-16
 1.00E-74 1.00E-74 1.00E-74 1.00E-74 1.00E-74 1.66E-28 5.85E-22 8.17E-20
 9.27E-19 9.96E-18 6.15E-17 2.13E-16 3.55E-16 4.01E-16
 1.00E-74 1.00E-74 1.00E-74 1.00E-74 1.00E-74 1.66E-28 5.85E-22 8.17E-20
 9.27E-19 9.96E-18 6.15E-17 2.13E-16 3.55E-16 4.01E-16
 1.00E-74 1.00E-74 1.00E-74 1.00E-74 1.44E-48 1.66E-28 5.85E-22 8.17E-20
 9.27E-19 9.96E-18 6.15E-17 2.13E-16 3.55E-16 4.01E-16
 1.00E-74 1.00E-74 1.00E-74 1.00E-74 2.17E-48 1.66E-28 5.85E-22 8.17E-20
 9.27E-19 9.96E-18 6.15E-17 2.13E-16 3.55E-16 4.01E-16
 1.00E-74 1.00E-74 1.00E-74 1.00E-74 2.15E-48 1.66E-28 5.85E-22 8.17E-20
 9.28E-19 9.96E-18 6.15E-17 2.13E-16 3.55E-16 4.01E-16
 1.00E-74 1.00E-74 1.00E-74 1.00E-74 2.16E-48 1.67E-28 5.86E-22 8.19E-20
 9.30E-19 9.98E-18 6.16E-17 2.13E-16 3.55E-16 4.01E-16
c-------------------------------------------------------------------------------
 
C  root partition information
C  ==========================
C
C  nuclear charge : 18
C  ion charge+1   : 18
C
C  population calculation information
C  ----------------------------------
C
C  population processing code: adas810
C
C  adf04 source file    : adf04_copmm#18_ca_40#ar17_t3.dat
C  adf18/a17_p208 file  : NULL
C
C  meta. ion. coeff. selector  : 
 
C  options  : lnorm =T  lpsel =F  lzsel =T  liosel=F
C           : lhsel =F  lrsel =F  lisel =F  lnsel =F
 
C  energy levels
C  -------------
C
C   lv      configuration    (2S+1)L(w-1/2)      energy (cm^-1)
C  ---   ------------------- --------------      --------------
c    1   11                     (0)0(  0.5)             0.0
c    2   12                     (0)0(  0.5)      26771469.0
c    3   13                     (0)0(  2.5)      26797092.7
c    4   14                     (0)0(  0.5)      31740613.6
c    5   15                     (0)0(  2.5)      31748218.4
c    6   16                     (0)0(  4.5)      31754308.8
c    7   17                     (0)0(  0.5)      33478259.2
c    8   18                     (0)0(  2.5)      33481474.5
c    9   19                     (0)0(  4.5)      33484042.4
c   10   1B                     (0)0(  0.5)      34281887.1
c   11   1C                     (0)0(  2.5)      34283522.2
c   12   1D                     (0)0(  4.5)      34284839.0
c   13   1G                     (0)0(  0.5)      34718136.6
c   14   1H                     (0)0(  2.5)      34719080.3
c   15   1I                     (0)0(  4.5)      34719848.5
 
 
 
c-------------------------------------------------------------------------------
 
C  superstage partition information
C  ================================
C
C  element symbol   : Ar
C  parent template  : 
C  partition level  :  1
C  superstage label : 17
C
C  tabulation       : photon emissivity coefft (te,ne)
C  units            : ph. emis coef(cm^3 s^-1); te (ev); ne (cm^-3)
C
C  photon emissivity atomic transitions
C  ------------------------------------
C  
C   isel  wvlen(A)            transition                type  ispb nspb
C                                                             ispp nspp sz    tg pr wr
C  ----- ---------- ----------------------------------- ----- ---- ---- --    -- -- --
C      1   2.88020   15(0)0(  4.5)-  1(0)0(  0.5)       excit   1    1  17    14 45  1
C      2   2.88026   14(0)0(  2.5)-  1(0)0(  0.5)       excit   1    1  17    13  8  2
C      3   2.91674   12(0)0(  4.5)-  1(0)0(  0.5)       excit   1    1  17    11 44  3
C      4   2.91685   11(0)0(  2.5)-  1(0)0(  0.5)       excit   1    1  17    10  5  4
C      5   2.98650    9(0)0(  4.5)-  1(0)0(  0.5)       excit   1    1  17     8 43  5
C      6   2.98673    8(0)0(  2.5)-  1(0)0(  0.5)       excit   1    1  17     7  3  6
C      7   3.14918    6(0)0(  4.5)-  1(0)0(  0.5)       excit   1    1  17     5 41  7
C      8   3.14978    5(0)0(  2.5)-  1(0)0(  0.5)       excit   1    1  17     4  2  8
C      9   3.73175    3(0)0(  2.5)-  1(0)0(  0.5)       excit   1    1  17     2  1  9
C     10   12.5824   14(0)0(  2.5)-  2(0)0(  0.5)       excit   1    1  17    26 16 10
C     11   12.6219   15(0)0(  4.5)-  3(0)0(  2.5)       excit   1    1  17    39 20 11
C     12   12.6246   13(0)0(  0.5)-  3(0)0(  2.5)       excit   1    1  17    37 24 12
C     13   13.3119   11(0)0(  2.5)-  2(0)0(  0.5)       excit   1    1  17    23 13 13
C     14   13.3552   12(0)0(  4.5)-  3(0)0(  2.5)       excit   1    1  17    36 15 14
C     15   13.3575   11(0)0(  2.5)-  3(0)0(  2.5)       excit   1    1  17    35 49 15
C     16   13.3604   10(0)0(  0.5)-  3(0)0(  2.5)       excit   1    1  17    34 17 16
C     17   14.9031    8(0)0(  2.5)-  2(0)0(  0.5)       excit   1    1  17    20  9 17
C     18   14.9545    9(0)0(  4.5)-  3(0)0(  2.5)       excit   1    1  17    33 10 18
C     19   14.9602    8(0)0(  2.5)-  3(0)0(  2.5)       excit   1    1  17    32 48 19
C     20   14.9674    7(0)0(  0.5)-  3(0)0(  2.5)       excit   1    1  17    31 11 20
C     21   20.0689    6(0)0(  4.5)-  2(0)0(  0.5)       excit   1    1  17    18 47 21
C     22   20.0934    5(0)0(  2.5)-  2(0)0(  0.5)       excit   1    1  17    17  6 22
C     23   20.1726    6(0)0(  4.5)-  3(0)0(  2.5)       excit   1    1  17    30  7 23
C     24   20.1974    5(0)0(  2.5)-  3(0)0(  2.5)       excit   1    1  17    29 46 24
C     25   20.2285    4(0)0(  0.5)-  3(0)0(  2.5)       excit   1    1  17    28  4 25
C     26   33.5743   14(0)0(  2.5)-  4(0)0(  0.5)       excit   1    1  17    49 25 26
C     27   33.6516   15(0)0(  4.5)-  5(0)0(  2.5)       excit   1    1  17    60 28 27
C     28   33.6710   13(0)0(  0.5)-  5(0)0(  2.5)       excit   1    1  17    58 26 28
C     29   33.7294   14(0)0(  2.5)-  6(0)0(  4.5)       excit   1    1  17    68 42 29
C     30   39.3250   11(0)0(  2.5)-  4(0)0(  0.5)       excit   1    1  17    46 21 30
C     31   39.4225   12(0)0(  4.5)-  5(0)0(  2.5)       excit   1    1  17    57 23 31
C     32   39.4685   10(0)0(  0.5)-  5(0)0(  2.5)       excit   1    1  17    55 19 32
C     33   39.5380   11(0)0(  2.5)-  6(0)0(  4.5)       excit   1    1  17    65 37 33
C     34   57.4428    8(0)0(  2.5)-  4(0)0(  0.5)       excit   1    1  17    43 14 34
C     35   57.6095    9(0)0(  4.5)-  5(0)0(  2.5)       excit   1    1  17    54 18 35
C     36   57.8021    7(0)0(  0.5)-  5(0)0(  2.5)       excit   1    1  17    52 12 36
C     37   57.8983    8(0)0(  2.5)-  6(0)0(  4.5)       excit   1    1  17    62 33 37
C     38   58.0063    7(0)0(  0.5)-  6(0)0(  4.5)       excit   1    1  17    61 50 38
C     39   80.5918   14(0)0(  2.5)-  7(0)0(  0.5)       excit   1    1  17    76 32 39
C     40   80.7510   15(0)0(  4.5)-  8(0)0(  2.5)       excit   1    1  17    84 34 40
C     41   80.8628   13(0)0(  0.5)-  8(0)0(  2.5)       excit   1    1  17    82 29 41
C     42   80.9692   14(0)0(  2.5)-  9(0)0(  4.5)       excit   1    1  17    89 40 42
C     43   124.183   11(0)0(  2.5)-  7(0)0(  0.5)       excit   1    1  17    73 27 43
C     44   124.476   12(0)0(  4.5)-  8(0)0(  2.5)       excit   1    1  17    81 30 44
C     45   124.936   10(0)0(  0.5)-  8(0)0(  2.5)       excit   1    1  17    79 22 45
C     46   125.081   11(0)0(  2.5)-  9(0)0(  4.5)       excit   1    1  17    86 36 46
C     47   228.732   14(0)0(  2.5)- 10(0)0(  0.5)       excit   1    1  17    94 35 47
C     48   229.186   15(0)0(  4.5)- 11(0)0(  2.5)       excit   1    1  17    99 38 48
C     49   230.089   13(0)0(  0.5)- 11(0)0(  2.5)       excit   1    1  17    97 31 49
C     50   230.287   14(0)0(  2.5)- 12(0)0(  4.5)       excit   1    1  17   101 39 50
c-------------------------------------------------------------------------------
                                                                                
C  code     : adas810
C  producer : Adam Foster
C  date     : 13/05/09
                                                                                
c-------------------------------------------------------------------------------
