   50    /Ar: 2 photon emissivity coefficients/
--------------------------------------------------------------------------------
    1    1    1    1    1    1    1    1    1    1    1    1    1    1
    1    1    1    1    1
--------------------------------------------------------------------------------
//#01/p00/ 00/p01/ 01/p02/ 02/p03/ 03/p04/ 04/p05/ 05/p06/ 06/p07/ 07/p08/ 08/  
      p09/ 09/p10/ 10/p11/ 11/p12/ 12/p13/ 13/p14/ 14/p15/ 15/p16/ 16/p17/ 17/  
      p18/ 18/                                                                  
--------------------------------------------------------------------------------
  239.197    7  14 /pl=01:ss= 2:pb= 1:sz= 2/type=excit/ispb = t/isel =    1
 1.00E+10 1.00E+11 1.00E+12 1.00E+13 1.00E+14 1.00E+15 1.00E+16
 1.55E-01 2.33E-01 3.88E-01 7.75E-01 1.55E+00 3.88E+00 7.75E+00 1.16E+01
 1.55E+01 2.33E+01 3.88E+01 7.75E+01 1.55E+02 2.33E+02
 1.00E-74 1.00E-74 1.00E-74 1.05E-38 2.78E-24 1.09E-15 6.82E-13 5.37E-12
 1.45E-11 3.70E-11 7.22E-11 1.06E-10 1.16E-10 1.15E-10
 1.00E-74 1.00E-74 1.00E-74 1.05E-38 2.78E-24 1.09E-15 6.82E-13 5.37E-12
 1.45E-11 3.70E-11 7.22E-11 1.06E-10 1.16E-10 1.15E-10
 1.00E-74 1.00E-74 1.00E-74 1.05E-38 2.78E-24 1.09E-15 6.81E-13 5.36E-12
 1.45E-11 3.69E-11 7.21E-11 1.06E-10 1.16E-10 1.15E-10
 1.00E-74 1.00E-74 1.00E-74 1.07E-38 2.80E-24 1.08E-15 6.74E-13 5.29E-12
 1.43E-11 3.65E-11 7.12E-11 1.05E-10 1.15E-10 1.14E-10
 1.00E-74 1.00E-74 1.00E-74 1.23E-38 2.97E-24 1.04E-15 6.18E-13 4.79E-12
 1.28E-11 3.27E-11 6.38E-11 9.46E-11 1.05E-10 1.05E-10
 1.00E-74 1.00E-74 1.00E-74 2.59E-38 4.79E-24 1.16E-15 5.66E-13 4.03E-12
 1.03E-11 2.48E-11 4.63E-11 6.60E-11 7.16E-11 7.11E-11
 1.00E-74 1.00E-74 1.00E-74 1.37E-37 2.47E-23 4.72E-15 1.56E-12 8.39E-12
 1.74E-11 3.24E-11 4.75E-11 5.59E-11 5.44E-11 5.13E-11
  276.619    7  14 /pl=01:ss= 2:pb= 1:sz= 2/type=excit/ispb = t/isel =    2
 1.00E+10 1.00E+11 1.00E+12 1.00E+13 1.00E+14 1.00E+15 1.00E+16
 1.55E-01 2.33E-01 3.88E-01 7.75E-01 1.55E+00 3.88E+00 7.75E+00 1.16E+01
 1.55E+01 2.33E+01 3.88E+01 7.75E+01 1.55E+02 2.33E+02
 1.00E-74 1.00E-74 1.00E-74 3.17E-34 8.30E-22 2.31E-14 6.72E-12 4.19E-11
 1.01E-10 2.33E-10 4.18E-10 5.71E-10 5.94E-10 5.73E-10
 1.00E-74 1.00E-74 1.00E-74 3.17E-34 8.31E-22 2.31E-14 6.72E-12 4.19E-11
 1.01E-10 2.33E-10 4.18E-10 5.71E-10 5.94E-10 5.73E-10
 1.00E-74 1.00E-74 1.00E-74 3.17E-34 8.31E-22 2.31E-14 6.73E-12 4.19E-11
 1.01E-10 2.33E-10 4.18E-10 5.71E-10 5.94E-10 5.73E-10
 1.00E-74 1.00E-74 1.00E-74 3.21E-34 8.37E-22 2.31E-14 6.73E-12 4.19E-11
 1.01E-10 2.33E-10 4.18E-10 5.70E-10 5.93E-10 5.73E-10
 1.00E-74 1.00E-74 1.00E-74 3.54E-34 8.97E-22 2.39E-14 6.80E-12 4.20E-11
 1.01E-10 2.31E-10 4.13E-10 5.64E-10 5.88E-10 5.68E-10
 1.00E-74 1.00E-74 1.00E-74 6.71E-34 1.47E-21 3.13E-14 7.56E-12 4.35E-11
 1.00E-10 2.19E-10 3.78E-10 5.08E-10 5.32E-10 5.18E-10
 1.00E-74 1.00E-74 1.00E-74 2.67E-33 5.58E-21 8.80E-14 1.39E-11 5.94E-11
 1.11E-10 1.88E-10 2.60E-10 3.02E-10 3.01E-10 2.91E-10
  322.916    7  14 /pl=01:ss= 2:pb= 1:sz= 2/type=excit/ispb = t/isel =    3
 1.00E+10 1.00E+11 1.00E+12 1.00E+13 1.00E+14 1.00E+15 1.00E+16
 1.55E-01 2.33E-01 3.88E-01 7.75E-01 1.55E+00 3.88E+00 7.75E+00 1.16E+01
 1.55E+01 2.33E+01 3.88E+01 7.75E+01 1.55E+02 2.33E+02
 1.00E-74 1.00E-74 1.00E-74 2.16E-31 9.03E-21 1.68E-14 1.73E-12 7.55E-12
 1.53E-11 2.98E-11 4.86E-11 6.62E-11 7.36E-11 7.45E-11
 1.00E-74 1.00E-74 1.00E-74 2.22E-31 9.27E-21 1.72E-14 1.77E-12 7.71E-12
 1.56E-11 3.04E-11 4.94E-11 6.69E-11 7.42E-11 7.50E-11
 1.00E-74 1.00E-74 1.00E-74 2.66E-31 1.11E-20 2.05E-14 2.09E-12 9.03E-12
 1.81E-11 3.49E-11 5.57E-11 7.35E-11 7.93E-11 7.90E-11
 1.00E-74 1.00E-74 1.00E-74 3.90E-31 1.59E-20 2.89E-14 2.94E-12 1.27E-11
 2.56E-11 4.91E-11 7.72E-11 9.82E-11 1.01E-10 9.71E-11
 1.00E-74 1.00E-74 1.00E-74 5.03E-31 1.77E-20 2.91E-14 2.88E-12 1.24E-11
 2.50E-11 4.80E-11 7.59E-11 9.70E-11 9.93E-11 9.56E-11
 1.00E-74 1.00E-74 4.29E-52 1.09E-30 3.40E-20 4.50E-14 3.89E-12 1.57E-11
 3.01E-11 5.47E-11 8.13E-11 9.66E-11 9.23E-11 8.51E-11
 1.00E-74 1.00E-74 9.43E-52 2.02E-30 7.75E-20 1.20E-13 9.35E-12 3.24E-11
 5.48E-11 8.51E-11 1.11E-10 1.22E-10 1.17E-10 1.10E-10
  339.582    7  14 /pl=01:ss= 2:pb= 1:sz= 2/type=excit/ispb = t/isel =    4
 1.00E+10 1.00E+11 1.00E+12 1.00E+13 1.00E+14 1.00E+15 1.00E+16
 1.55E-01 2.33E-01 3.88E-01 7.75E-01 1.55E+00 3.88E+00 7.75E+00 1.16E+01
 1.55E+01 2.33E+01 3.88E+01 7.75E+01 1.55E+02 2.33E+02
 1.00E-74 1.00E-74 1.00E-74 5.42E-30 6.99E-20 6.59E-14 5.44E-12 2.21E-11
 4.30E-11 8.07E-11 1.27E-10 1.68E-10 1.83E-10 1.83E-10
 1.00E-74 1.00E-74 1.00E-74 5.44E-30 7.03E-20 6.62E-14 5.46E-12 2.22E-11
 4.32E-11 8.10E-11 1.28E-10 1.69E-10 1.83E-10 1.83E-10
 1.00E-74 1.00E-74 1.00E-74 5.69E-30 7.37E-20 6.93E-14 5.70E-12 2.31E-11
 4.48E-11 8.38E-11 1.31E-10 1.72E-10 1.86E-10 1.86E-10
 1.00E-74 1.00E-74 1.00E-74 7.26E-30 9.38E-20 8.67E-14 7.03E-12 2.82E-11
 5.44E-11 1.00E-10 1.54E-10 1.96E-10 2.05E-10 2.01E-10
 1.00E-74 1.00E-74 6.21E-50 1.16E-29 1.32E-19 1.10E-13 8.66E-12 3.44E-11
 6.63E-11 1.22E-10 1.86E-10 2.33E-10 2.37E-10 2.28E-10
 1.00E-74 1.00E-74 1.38E-49 2.36E-29 2.27E-19 1.49E-13 1.02E-11 3.82E-11
 7.08E-11 1.25E-10 1.82E-10 2.16E-10 2.11E-10 1.99E-10
 1.00E-74 1.00E-74 2.18E-49 4.17E-29 4.78E-19 3.59E-13 2.20E-11 7.01E-11
 1.14E-10 1.70E-10 2.15E-10 2.33E-10 2.23E-10 2.09E-10
  341.324    7  14 /pl=01:ss= 2:pb= 1:sz= 2/type=excit/ispb = t/isel =    5
 1.00E+10 1.00E+11 1.00E+12 1.00E+13 1.00E+14 1.00E+15 1.00E+16
 1.55E-01 2.33E-01 3.88E-01 7.75E-01 1.55E+00 3.88E+00 7.75E+00 1.16E+01
 1.55E+01 2.33E+01 3.88E+01 7.75E+01 1.55E+02 2.33E+02
 1.00E-74 1.00E-74 1.00E-74 4.98E-30 5.45E-20 4.60E-14 3.63E-12 1.43E-11
 2.75E-11 4.97E-11 7.36E-11 8.60E-11 8.02E-11 7.25E-11
 1.00E-74 1.00E-74 1.00E-74 4.98E-30 5.45E-20 4.60E-14 3.62E-12 1.43E-11
 2.74E-11 4.97E-11 7.35E-11 8.60E-11 8.02E-11 7.25E-11
 1.00E-74 1.00E-74 3.49E-50 5.00E-30 5.44E-20 4.57E-14 3.60E-12 1.42E-11
 2.73E-11 4.94E-11 7.32E-11 8.57E-11 8.00E-11 7.24E-11
 1.00E-74 1.00E-74 3.49E-50 5.05E-30 5.32E-20 4.37E-14 3.43E-12 1.36E-11
 2.61E-11 4.74E-11 7.05E-11 8.33E-11 7.83E-11 7.11E-11
 1.00E-74 1.00E-74 3.56E-50 4.82E-30 4.53E-20 3.39E-14 2.59E-12 1.02E-11
 1.97E-11 3.61E-11 5.48E-11 6.71E-11 6.57E-11 6.11E-11
 1.00E-74 1.00E-74 5.44E-50 7.19E-30 6.08E-20 3.71E-14 2.48E-12 9.16E-12
 1.69E-11 2.95E-11 4.27E-11 5.01E-11 4.81E-11 4.46E-11
 1.00E-74 1.00E-74 7.92E-50 1.19E-29 1.21E-19 8.49E-14 5.07E-12 1.61E-11
 2.60E-11 3.87E-11 4.86E-11 5.27E-11 5.04E-11 4.74E-11
  377.994    7  14 /pl=01:ss= 2:pb= 1:sz= 2/type=excit/ispb = t/isel =    6
 1.00E+10 1.00E+11 1.00E+12 1.00E+13 1.00E+14 1.00E+15 1.00E+16
 1.55E-01 2.33E-01 3.88E-01 7.75E-01 1.55E+00 3.88E+00 7.75E+00 1.16E+01
 1.55E+01 2.33E+01 3.88E+01 7.75E+01 1.55E+02 2.33E+02
 1.00E-74 1.00E-74 1.15E-45 1.96E-27 2.42E-18 6.03E-13 3.27E-11 1.16E-10
 2.12E-10 3.74E-10 5.57E-10 7.04E-10 7.39E-10 7.28E-10
 1.00E-74 1.00E-74 1.10E-45 1.96E-27 2.42E-18 6.03E-13 3.27E-11 1.17E-10
 2.12E-10 3.74E-10 5.58E-10 7.04E-10 7.39E-10 7.28E-10
 1.00E-74 1.00E-74 1.10E-45 1.97E-27 2.43E-18 6.06E-13 3.28E-11 1.17E-10
 2.13E-10 3.74E-10 5.58E-10 7.04E-10 7.39E-10 7.28E-10
 1.00E-74 1.00E-74 1.15E-45 2.06E-27 2.56E-18 6.32E-13 3.39E-11 1.20E-10
 2.18E-10 3.82E-10 5.67E-10 7.12E-10 7.44E-10 7.32E-10
 1.00E-74 1.00E-74 1.57E-45 2.71E-27 3.27E-18 7.63E-13 3.93E-11 1.36E-10
 2.45E-10 4.22E-10 6.17E-10 7.58E-10 7.77E-10 7.57E-10
 1.00E-74 1.00E-74 3.82E-45 5.96E-27 6.11E-18 1.11E-12 5.02E-11 1.64E-10
 2.84E-10 4.70E-10 6.61E-10 7.83E-10 7.82E-10 7.52E-10
 1.00E-74 1.00E-74 6.45E-45 1.05E-26 1.13E-17 2.11E-12 8.13E-11 2.23E-10
 3.36E-10 4.67E-10 5.59E-10 5.93E-10 5.72E-10 5.47E-10
  382.966    7  14 /pl=01:ss= 2:pb= 1:sz= 2/type=excit/ispb = t/isel =    7
 1.00E+10 1.00E+11 1.00E+12 1.00E+13 1.00E+14 1.00E+15 1.00E+16
 1.55E-01 2.33E-01 3.88E-01 7.75E-01 1.55E+00 3.88E+00 7.75E+00 1.16E+01
 1.55E+01 2.33E+01 3.88E+01 7.75E+01 1.55E+02 2.33E+02
 1.00E-74 1.00E-74 7.31E-45 7.07E-27 6.00E-18 1.12E-12 5.47E-11 1.85E-10
 3.29E-10 5.55E-10 7.81E-10 8.91E-10 8.30E-10 7.60E-10
 1.00E-74 1.00E-74 7.33E-45 7.07E-27 6.01E-18 1.12E-12 5.47E-11 1.85E-10
 3.29E-10 5.54E-10 7.80E-10 8.91E-10 8.30E-10 7.60E-10
 1.00E-74 1.00E-74 7.35E-45 7.08E-27 6.01E-18 1.12E-12 5.46E-11 1.85E-10
 3.28E-10 5.53E-10 7.79E-10 8.90E-10 8.29E-10 7.59E-10
 1.00E-74 1.00E-74 7.60E-45 7.24E-27 6.08E-18 1.12E-12 5.44E-11 1.84E-10
 3.25E-10 5.49E-10 7.72E-10 8.82E-10 8.23E-10 7.54E-10
 1.00E-74 1.00E-74 9.49E-45 8.50E-27 6.68E-18 1.16E-12 5.46E-11 1.83E-10
 3.23E-10 5.43E-10 7.63E-10 8.73E-10 8.17E-10 7.50E-10
 1.00E-74 1.00E-74 1.36E-44 1.20E-26 8.67E-18 1.29E-12 5.55E-11 1.78E-10
 3.06E-10 5.03E-10 6.99E-10 8.09E-10 7.78E-10 7.25E-10
 1.00E-74 1.00E-74 1.59E-44 1.48E-26 1.21E-17 1.93E-12 7.14E-11 1.94E-10
 2.91E-10 4.03E-10 4.84E-10 5.17E-10 5.04E-10 4.83E-10
  391.438    7  14 /pl=01:ss= 2:pb= 1:sz= 2/type=excit/ispb = t/isel =    8
 1.00E+10 1.00E+11 1.00E+12 1.00E+13 1.00E+14 1.00E+15 1.00E+16
 1.55E-01 2.33E-01 3.88E-01 7.75E-01 1.55E+00 3.88E+00 7.75E+00 1.16E+01
 1.55E+01 2.33E+01 3.88E+01 7.75E+01 1.55E+02 2.33E+02
 1.00E-74 1.00E-74 1.00E-74 7.43E-38 5.03E-24 7.91E-16 3.55E-13 2.49E-12
 6.33E-12 1.53E-11 2.80E-11 3.80E-11 3.77E-11 3.45E-11
 1.00E-74 1.00E-74 1.00E-74 7.43E-38 5.03E-24 7.91E-16 3.55E-13 2.49E-12
 6.33E-12 1.53E-11 2.80E-11 3.80E-11 3.77E-11 3.45E-11
 1.00E-74 1.00E-74 1.00E-74 7.43E-38 5.03E-24 7.91E-16 3.55E-13 2.49E-12
 6.33E-12 1.53E-11 2.81E-11 3.80E-11 3.77E-11 3.45E-11
 1.00E-74 1.00E-74 1.00E-74 7.46E-38 5.05E-24 7.94E-16 3.56E-13 2.50E-12
 6.35E-12 1.53E-11 2.81E-11 3.81E-11 3.78E-11 3.46E-11
 1.00E-74 1.00E-74 1.00E-74 7.86E-38 5.23E-24 8.16E-16 3.65E-13 2.56E-12
 6.49E-12 1.56E-11 2.87E-11 3.88E-11 3.85E-11 3.54E-11
 1.00E-74 1.00E-74 1.00E-74 1.40E-37 7.93E-24 1.05E-15 4.31E-13 2.91E-12
 7.23E-12 1.69E-11 3.06E-11 4.15E-11 4.20E-11 3.92E-11
 1.00E-74 1.00E-74 1.00E-74 6.90E-37 3.72E-23 3.72E-15 1.03E-12 5.26E-12
 1.07E-11 1.97E-11 2.88E-11 3.44E-11 3.43E-11 3.27E-11
  526.592    7  14 /pl=01:ss= 2:pb= 1:sz= 2/type=excit/ispb = t/isel =    9
 1.00E+10 1.00E+11 1.00E+12 1.00E+13 1.00E+14 1.00E+15 1.00E+16
 1.55E-01 2.33E-01 3.88E-01 7.75E-01 1.55E+00 3.88E+00 7.75E+00 1.16E+01
 1.55E+01 2.33E+01 3.88E+01 7.75E+01 1.55E+02 2.33E+02
 1.00E-74 1.00E-74 2.59E-34 2.83E-21 8.44E-15 6.29E-11 1.19E-09 3.05E-09
 4.78E-09 7.28E-09 9.77E-09 1.14E-08 1.14E-08 1.10E-08
 1.00E-74 1.00E-74 2.59E-34 2.83E-21 8.44E-15 6.29E-11 1.19E-09 3.05E-09
 4.78E-09 7.28E-09 9.77E-09 1.14E-08 1.14E-08 1.10E-08
 1.00E-74 1.00E-74 2.59E-34 2.83E-21 8.44E-15 6.29E-11 1.19E-09 3.05E-09
 4.78E-09 7.27E-09 9.76E-09 1.13E-08 1.14E-08 1.10E-08
 1.00E-74 1.00E-74 2.59E-34 2.83E-21 8.45E-15 6.30E-11 1.19E-09 3.04E-09
 4.75E-09 7.23E-09 9.69E-09 1.13E-08 1.14E-08 1.09E-08
 1.00E-74 1.00E-74 2.62E-34 2.85E-21 8.54E-15 6.36E-11 1.18E-09 3.00E-09
 4.66E-09 7.03E-09 9.39E-09 1.09E-08 1.10E-08 1.07E-08
 1.00E-74 1.00E-74 2.86E-34 3.05E-21 9.17E-15 6.72E-11 1.16E-09 2.79E-09
 4.20E-09 6.11E-09 7.94E-09 9.15E-09 9.37E-09 9.18E-09
 1.00E-74 1.37E-51 3.88E-34 4.09E-21 1.21E-14 8.08E-11 1.11E-09 2.19E-09
 2.83E-09 3.40E-09 3.73E-09 3.89E-09 3.98E-09 4.00E-09
  576.350    7  14 /pl=01:ss= 2:pb= 1:sz= 2/type=excit/ispb = t/isel =   10
 1.00E+10 1.00E+11 1.00E+12 1.00E+13 1.00E+14 1.00E+15 1.00E+16
 1.55E-01 2.33E-01 3.88E-01 7.75E-01 1.55E+00 3.88E+00 7.75E+00 1.16E+01
 1.55E+01 2.33E+01 3.88E+01 7.75E+01 1.55E+02 2.33E+02
 1.00E-74 1.00E-74 1.18E-30 9.26E-19 6.96E-13 1.85E-09 2.21E-08 4.76E-08
 6.77E-08 9.36E-08 1.16E-07 1.27E-07 1.23E-07 1.17E-07
 1.00E-74 1.41E-46 1.18E-30 9.26E-19 6.96E-13 1.85E-09 2.21E-08 4.76E-08
 6.77E-08 9.36E-08 1.16E-07 1.27E-07 1.23E-07 1.17E-07
 1.00E-74 1.34E-46 1.18E-30 9.26E-19 6.96E-13 1.85E-09 2.21E-08 4.76E-08
 6.77E-08 9.36E-08 1.16E-07 1.26E-07 1.23E-07 1.17E-07
 1.00E-74 1.32E-46 1.18E-30 9.26E-19 6.96E-13 1.85E-09 2.21E-08 4.76E-08
 6.77E-08 9.36E-08 1.16E-07 1.26E-07 1.23E-07 1.17E-07
 1.00E-74 1.31E-46 1.17E-30 9.25E-19 6.95E-13 1.85E-09 2.21E-08 4.75E-08
 6.75E-08 9.32E-08 1.15E-07 1.26E-07 1.22E-07 1.16E-07
 1.00E-74 1.28E-46 1.15E-30 9.12E-19 6.88E-13 1.83E-09 2.18E-08 4.66E-08
 6.57E-08 8.97E-08 1.09E-07 1.19E-07 1.15E-07 1.10E-07
 1.00E-74 1.03E-46 9.65E-31 8.01E-19 6.23E-13 1.70E-09 1.92E-08 3.68E-08
 4.72E-08 5.67E-08 6.22E-08 6.43E-08 6.42E-08 6.34E-08
  610.401    7  14 /pl=01:ss= 2:pb= 1:sz= 2/type=excit/ispb = t/isel =   11
 1.00E+10 1.00E+11 1.00E+12 1.00E+13 1.00E+14 1.00E+15 1.00E+16
 1.55E-01 2.33E-01 3.88E-01 7.75E-01 1.55E+00 3.88E+00 7.75E+00 1.16E+01
 1.55E+01 2.33E+01 3.88E+01 7.75E+01 1.55E+02 2.33E+02
 1.00E-74 1.00E-74 1.00E-74 3.28E-29 1.45E-18 2.76E-12 2.86E-10 1.24E-09
 2.49E-09 4.73E-09 7.26E-09 8.77E-09 8.24E-09 7.50E-09
 1.00E-74 1.00E-74 1.00E-74 3.28E-29 1.45E-18 2.76E-12 2.86E-10 1.24E-09
 2.49E-09 4.73E-09 7.26E-09 8.77E-09 8.24E-09 7.50E-09
 1.00E-74 1.00E-74 1.00E-74 3.28E-29 1.45E-18 2.76E-12 2.86E-10 1.24E-09
 2.49E-09 4.73E-09 7.26E-09 8.77E-09 8.24E-09 7.50E-09
 1.00E-74 1.00E-74 1.00E-74 3.29E-29 1.45E-18 2.77E-12 2.87E-10 1.24E-09
 2.49E-09 4.73E-09 7.26E-09 8.76E-09 8.24E-09 7.50E-09
 1.00E-74 1.00E-74 1.00E-74 3.37E-29 1.48E-18 2.80E-12 2.89E-10 1.25E-09
 2.50E-09 4.73E-09 7.24E-09 8.73E-09 8.22E-09 7.48E-09
 1.00E-74 1.00E-74 1.59E-50 4.13E-29 1.72E-18 3.10E-12 3.10E-10 1.31E-09
 2.58E-09 4.79E-09 7.20E-09 8.58E-09 8.08E-09 7.37E-09
 1.00E-74 1.00E-74 3.45E-50 8.65E-29 3.38E-18 5.42E-12 4.57E-10 1.65E-09
 2.85E-09 4.50E-09 5.89E-09 6.57E-09 6.30E-09 5.94E-09
  679.543    7  14 /pl=01:ss= 2:pb= 1:sz= 2/type=excit/ispb = t/isel =   12
 1.00E+10 1.00E+11 1.00E+12 1.00E+13 1.00E+14 1.00E+15 1.00E+16
 1.55E-01 2.33E-01 3.88E-01 7.75E-01 1.55E+00 3.88E+00 7.75E+00 1.16E+01
 1.55E+01 2.33E+01 3.88E+01 7.75E+01 1.55E+02 2.33E+02
 1.00E-74 4.57E-41 1.49E-27 1.74E-17 1.58E-12 1.18E-09 9.24E-09 1.77E-08
 2.41E-08 3.20E-08 3.85E-08 4.07E-08 3.79E-08 3.51E-08
 1.00E-74 4.57E-41 1.49E-27 1.74E-17 1.58E-12 1.18E-09 9.24E-09 1.77E-08
 2.41E-08 3.20E-08 3.85E-08 4.07E-08 3.79E-08 3.51E-08
 1.00E-74 4.57E-41 1.49E-27 1.74E-17 1.58E-12 1.18E-09 9.24E-09 1.77E-08
 2.41E-08 3.20E-08 3.85E-08 4.07E-08 3.79E-08 3.51E-08
 1.00E-74 4.57E-41 1.49E-27 1.74E-17 1.58E-12 1.18E-09 9.24E-09 1.77E-08
 2.41E-08 3.20E-08 3.84E-08 4.06E-08 3.78E-08 3.51E-08
 1.00E-74 4.55E-41 1.48E-27 1.73E-17 1.58E-12 1.18E-09 9.22E-09 1.76E-08
 2.40E-08 3.18E-08 3.81E-08 4.03E-08 3.75E-08 3.48E-08
 1.00E-74 4.30E-41 1.42E-27 1.68E-17 1.54E-12 1.16E-09 9.06E-09 1.71E-08
 2.31E-08 3.02E-08 3.57E-08 3.74E-08 3.50E-08 3.26E-08
 1.00E-74 2.80E-41 9.97E-28 1.29E-17 1.27E-12 1.01E-09 7.58E-09 1.29E-08
 1.57E-08 1.79E-08 1.88E-08 1.88E-08 1.81E-08 1.76E-08
  680.203    7  14 /pl=01:ss= 2:pb= 1:sz= 2/type=excit/ispb = t/isel =   13
 1.00E+10 1.00E+11 1.00E+12 1.00E+13 1.00E+14 1.00E+15 1.00E+16
 1.55E-01 2.33E-01 3.88E-01 7.75E-01 1.55E+00 3.88E+00 7.75E+00 1.16E+01
 1.55E+01 2.33E+01 3.88E+01 7.75E+01 1.55E+02 2.33E+02
 1.00E-74 1.00E-74 1.00E-74 1.70E-31 1.61E-20 4.84E-14 5.80E-12 2.64E-11
 5.41E-11 1.06E-10 1.68E-10 2.11E-10 2.06E-10 1.91E-10
 1.00E-74 1.00E-74 1.00E-74 1.75E-31 1.65E-20 4.95E-14 5.92E-12 2.69E-11
 5.51E-11 1.08E-10 1.70E-10 2.13E-10 2.08E-10 1.93E-10
 1.00E-74 1.00E-74 1.00E-74 2.15E-31 1.99E-20 5.85E-14 6.90E-12 3.12E-11
 6.35E-11 1.23E-10 1.92E-10 2.36E-10 2.26E-10 2.07E-10
 1.00E-74 1.00E-74 1.00E-74 3.63E-31 3.18E-20 9.02E-14 1.05E-11 4.73E-11
 9.64E-11 1.86E-10 2.88E-10 3.46E-10 3.21E-10 2.87E-10
 1.00E-74 1.00E-74 1.00E-74 6.74E-31 5.35E-20 1.41E-13 1.60E-11 7.14E-11
 1.45E-10 2.79E-10 4.34E-10 5.24E-10 4.91E-10 4.43E-10
 1.00E-74 1.00E-74 1.00E-74 1.79E-30 1.32E-19 2.91E-13 2.96E-11 1.26E-10
 2.48E-10 4.60E-10 6.93E-10 8.20E-10 7.67E-10 6.94E-10
 1.00E-74 1.00E-74 2.96E-52 3.43E-30 3.13E-19 8.15E-13 7.54E-11 2.76E-10
 4.82E-10 7.69E-10 1.02E-09 1.15E-09 1.11E-09 1.04E-09
  703.627    7  14 /pl=01:ss= 2:pb= 1:sz= 2/type=excit/ispb = t/isel =   14
 1.00E+10 1.00E+11 1.00E+12 1.00E+13 1.00E+14 1.00E+15 1.00E+16
 1.55E-01 2.33E-01 3.88E-01 7.75E-01 1.55E+00 3.88E+00 7.75E+00 1.16E+01
 1.55E+01 2.33E+01 3.88E+01 7.75E+01 1.55E+02 2.33E+02
 1.00E-74 1.00E-74 1.00E-74 5.79E-41 1.85E-25 2.90E-16 2.77E-13 2.50E-12
 7.21E-12 1.96E-11 3.96E-11 5.79E-11 5.88E-11 5.41E-11
 1.00E-74 1.00E-74 1.00E-74 5.81E-41 1.86E-25 2.90E-16 2.78E-13 2.51E-12
 7.22E-12 1.96E-11 3.97E-11 5.80E-11 5.88E-11 5.42E-11
 1.00E-74 1.00E-74 1.00E-74 5.98E-41 1.90E-25 2.95E-16 2.82E-13 2.54E-12
 7.31E-12 1.98E-11 4.01E-11 5.86E-11 5.94E-11 5.47E-11
 1.00E-74 1.00E-74 1.00E-74 7.59E-41 2.28E-25 3.41E-16 3.19E-13 2.85E-12
 8.15E-12 2.20E-11 4.41E-11 6.39E-11 6.45E-11 5.93E-11
 1.00E-74 1.00E-74 1.00E-74 2.28E-40 5.51E-25 6.79E-16 5.83E-13 5.01E-12
 1.40E-11 3.67E-11 7.15E-11 1.00E-10 9.93E-11 9.11E-11
 1.00E-74 1.00E-74 1.00E-74 2.30E-39 4.22E-24 3.46E-15 2.34E-12 1.80E-11
 4.72E-11 1.14E-10 2.07E-10 2.72E-10 2.60E-10 2.35E-10
 1.00E-74 1.00E-74 1.00E-74 2.54E-38 5.79E-23 4.95E-14 2.68E-11 1.67E-10
 3.72E-10 7.29E-10 1.09E-09 1.25E-09 1.14E-09 1.01E-09
  716.744    7  14 /pl=01:ss= 2:pb= 1:sz= 2/type=excit/ispb = t/isel =   15
 1.00E+10 1.00E+11 1.00E+12 1.00E+13 1.00E+14 1.00E+15 1.00E+16
 1.55E-01 2.33E-01 3.88E-01 7.75E-01 1.55E+00 3.88E+00 7.75E+00 1.16E+01
 1.55E+01 2.33E+01 3.88E+01 7.75E+01 1.55E+02 2.33E+02
 1.00E-74 1.00E-74 1.00E-74 9.27E-31 4.90E-20 1.04E-13 1.11E-11 4.88E-11
 9.83E-11 1.89E-10 2.95E-10 3.65E-10 3.56E-10 3.30E-10
 1.00E-74 1.00E-74 1.00E-74 9.42E-31 4.96E-20 1.05E-13 1.12E-11 4.92E-11
 9.91E-11 1.90E-10 2.97E-10 3.67E-10 3.58E-10 3.31E-10
 1.00E-74 1.00E-74 1.00E-74 1.08E-30 5.55E-20 1.15E-13 1.22E-11 5.30E-11
 1.06E-10 2.03E-10 3.15E-10 3.85E-10 3.72E-10 3.42E-10
 1.00E-74 1.00E-74 1.00E-74 1.81E-30 8.75E-20 1.73E-13 1.78E-11 7.63E-11
 1.52E-10 2.86E-10 4.36E-10 5.15E-10 4.78E-10 4.30E-10
 1.00E-74 1.00E-74 1.00E-74 3.63E-30 1.59E-19 2.90E-13 2.92E-11 1.25E-10
 2.49E-10 4.68E-10 7.15E-10 8.50E-10 7.90E-10 7.11E-10
 1.00E-74 1.00E-74 2.75E-51 9.34E-30 3.78E-19 5.83E-13 5.27E-11 2.15E-10
 4.15E-10 7.56E-10 1.12E-09 1.32E-09 1.23E-09 1.11E-09
 1.00E-74 1.00E-74 4.77E-51 1.76E-29 8.85E-19 1.61E-12 1.32E-10 4.65E-10
 7.95E-10 1.24E-09 1.63E-09 1.81E-09 1.74E-09 1.63E-09
  717.590    7  14 /pl=01:ss= 2:pb= 1:sz= 2/type=excit/ispb = t/isel =   16
 1.00E+10 1.00E+11 1.00E+12 1.00E+13 1.00E+14 1.00E+15 1.00E+16
 1.55E-01 2.33E-01 3.88E-01 7.75E-01 1.55E+00 3.88E+00 7.75E+00 1.16E+01
 1.55E+01 2.33E+01 3.88E+01 7.75E+01 1.55E+02 2.33E+02
 1.00E-74 1.00E-74 1.00E-74 4.11E-31 2.18E-20 4.69E-14 5.06E-12 2.24E-11
 4.54E-11 8.79E-11 1.38E-10 1.70E-10 1.64E-10 1.51E-10
 1.00E-74 1.00E-74 1.00E-74 4.00E-31 2.13E-20 4.58E-14 4.95E-12 2.19E-11
 4.46E-11 8.64E-11 1.36E-10 1.68E-10 1.62E-10 1.49E-10
 1.00E-74 1.00E-74 1.00E-74 3.20E-31 1.72E-20 3.77E-14 4.13E-12 1.85E-11
 3.79E-11 7.43E-11 1.19E-10 1.50E-10 1.48E-10 1.37E-10
 1.00E-74 1.00E-74 1.00E-74 1.60E-31 8.46E-21 1.84E-14 2.05E-12 9.30E-12
 1.93E-11 3.86E-11 6.35E-11 8.43E-11 8.80E-11 8.48E-11
 1.00E-74 1.00E-74 1.00E-74 1.18E-31 5.32E-21 1.02E-14 1.06E-12 4.67E-12
 9.49E-12 1.85E-11 2.96E-11 3.82E-11 3.92E-11 3.76E-11
 1.00E-74 1.00E-74 5.20E-53 2.39E-31 9.62E-21 1.48E-14 1.34E-12 5.50E-12
 1.07E-11 1.95E-11 2.92E-11 3.48E-11 3.31E-11 3.04E-11
 1.00E-74 1.00E-74 1.25E-52 4.41E-31 2.19E-20 3.95E-14 3.23E-12 1.14E-11
 1.94E-11 3.04E-11 3.98E-11 4.43E-11 4.26E-11 4.00E-11
  787.000    7  14 /pl=01:ss= 2:pb= 1:sz= 2/type=excit/ispb = t/isel =   17
 1.00E+10 1.00E+11 1.00E+12 1.00E+13 1.00E+14 1.00E+15 1.00E+16
 1.55E-01 2.33E-01 3.88E-01 7.75E-01 1.55E+00 3.88E+00 7.75E+00 1.16E+01
 1.55E+01 2.33E+01 3.88E+01 7.75E+01 1.55E+02 2.33E+02
 1.00E-74 1.00E-74 1.00E-74 1.16E-29 2.28E-19 2.73E-13 2.41E-11 9.94E-11
 1.95E-10 3.63E-10 5.55E-10 6.77E-10 6.55E-10 6.03E-10
 1.00E-74 1.00E-74 1.00E-74 1.16E-29 2.29E-19 2.74E-13 2.41E-11 9.96E-11
 1.95E-10 3.63E-10 5.56E-10 6.78E-10 6.56E-10 6.03E-10
 1.00E-74 1.00E-74 1.00E-74 1.22E-29 2.38E-19 2.81E-13 2.47E-11 1.02E-10
 1.99E-10 3.70E-10 5.64E-10 6.86E-10 6.62E-10 6.08E-10
 1.00E-74 1.00E-74 1.00E-74 1.70E-29 3.12E-19 3.49E-13 2.97E-11 1.20E-10
 2.33E-10 4.27E-10 6.40E-10 7.62E-10 7.21E-10 6.56E-10
 1.00E-74 1.00E-74 1.05E-49 4.14E-29 6.70E-19 6.69E-13 5.43E-11 2.15E-10
 4.11E-10 7.37E-10 1.08E-09 1.23E-09 1.12E-09 9.92E-10
 1.00E-74 1.00E-74 2.64E-49 1.15E-28 1.74E-18 1.49E-12 1.10E-10 4.19E-10
 7.79E-10 1.37E-09 1.96E-09 2.25E-09 2.07E-09 1.86E-09
 1.00E-74 1.00E-74 4.21E-49 2.12E-28 3.95E-18 3.97E-12 2.67E-10 8.79E-10
 1.45E-09 2.20E-09 2.80E-09 3.06E-09 2.92E-09 2.73E-09
  789.797    7  14 /pl=01:ss= 2:pb= 1:sz= 2/type=excit/ispb = t/isel =   18
 1.00E+10 1.00E+11 1.00E+12 1.00E+13 1.00E+14 1.00E+15 1.00E+16
 1.55E-01 2.33E-01 3.88E-01 7.75E-01 1.55E+00 3.88E+00 7.75E+00 1.16E+01
 1.55E+01 2.33E+01 3.88E+01 7.75E+01 1.55E+02 2.33E+02
 1.00E-74 1.00E-74 1.00E-74 6.24E-30 1.25E-19 1.52E-13 1.37E-11 5.65E-11
 1.11E-10 2.07E-10 3.14E-10 3.76E-10 3.54E-10 3.22E-10
 1.00E-74 1.00E-74 1.00E-74 6.20E-30 1.24E-19 1.51E-13 1.36E-11 5.62E-11
 1.10E-10 2.06E-10 3.12E-10 3.74E-10 3.53E-10 3.21E-10
 1.00E-74 1.00E-74 1.00E-74 5.79E-30 1.16E-19 1.42E-13 1.28E-11 5.32E-11
 1.05E-10 1.96E-10 2.98E-10 3.60E-10 3.42E-10 3.12E-10
 1.00E-74 1.00E-74 8.88E-51 3.83E-30 7.67E-20 9.39E-14 8.55E-12 3.59E-11
 7.14E-11 1.36E-10 2.13E-10 2.68E-10 2.66E-10 2.49E-10
 1.00E-74 1.00E-74 5.33E-51 2.24E-30 3.93E-20 4.30E-14 3.74E-12 1.55E-11
 3.06E-11 5.79E-11 9.10E-11 1.17E-10 1.20E-10 1.16E-10
 1.00E-74 1.00E-74 8.17E-51 3.40E-30 5.09E-20 4.36E-14 3.26E-12 1.25E-11
 2.35E-11 4.19E-11 6.17E-11 7.34E-11 7.11E-11 6.63E-11
 1.00E-74 1.00E-74 1.24E-50 5.83E-30 1.05E-19 1.03E-13 6.89E-12 2.27E-11
 3.75E-11 5.67E-11 7.23E-11 7.91E-11 7.57E-11 7.11E-11
  907.276    7  14 /pl=01:ss= 2:pb= 1:sz= 2/type=excit/ispb = t/isel =   19
 1.00E+10 1.00E+11 1.00E+12 1.00E+13 1.00E+14 1.00E+15 1.00E+16
 1.55E-01 2.33E-01 3.88E-01 7.75E-01 1.55E+00 3.88E+00 7.75E+00 1.16E+01
 1.55E+01 2.33E+01 3.88E+01 7.75E+01 1.55E+02 2.33E+02
 1.00E-74 1.00E-74 1.00E-74 9.17E-31 1.83E-20 2.24E-14 2.01E-12 8.31E-12
 1.63E-11 3.04E-11 4.61E-11 5.52E-11 5.20E-11 4.73E-11
 1.00E-74 1.00E-74 1.00E-74 9.11E-31 1.82E-20 2.22E-14 2.00E-12 8.26E-12
 1.62E-11 3.02E-11 4.59E-11 5.50E-11 5.19E-11 4.71E-11
 1.00E-74 1.00E-74 1.00E-74 8.51E-31 1.70E-20 2.09E-14 1.88E-12 7.82E-12
 1.54E-11 2.88E-11 4.39E-11 5.30E-11 5.03E-11 4.59E-11
 1.00E-74 1.00E-74 1.31E-51 5.63E-31 1.13E-20 1.38E-14 1.26E-12 5.28E-12
 1.05E-11 2.00E-11 3.13E-11 3.94E-11 3.91E-11 3.66E-11
 1.00E-74 1.00E-74 7.84E-52 3.29E-31 5.78E-21 6.32E-15 5.50E-13 2.28E-12
 4.50E-12 8.52E-12 1.34E-11 1.72E-11 1.77E-11 1.70E-11
 1.00E-74 1.00E-74 1.20E-51 5.01E-31 7.49E-21 6.40E-15 4.79E-13 1.84E-12
 3.46E-12 6.16E-12 9.06E-12 1.08E-11 1.04E-11 9.74E-12
 1.00E-74 1.00E-74 1.82E-51 8.57E-31 1.54E-20 1.52E-14 1.01E-12 3.33E-12
 5.51E-12 8.34E-12 1.06E-11 1.16E-11 1.11E-11 1.05E-11
  933.867    7  14 /pl=01:ss= 2:pb= 1:sz= 2/type=excit/ispb = t/isel =   20
 1.00E+10 1.00E+11 1.00E+12 1.00E+13 1.00E+14 1.00E+15 1.00E+16
 1.55E-01 2.33E-01 3.88E-01 7.75E-01 1.55E+00 3.88E+00 7.75E+00 1.16E+01
 1.55E+01 2.33E+01 3.88E+01 7.75E+01 1.55E+02 2.33E+02
 1.00E-74 1.00E-74 1.00E-74 5.55E-39 1.47E-24 5.78E-16 3.61E-13 2.84E-12
 7.67E-12 1.96E-11 3.82E-11 5.61E-11 6.14E-11 6.08E-11
 1.00E-74 1.00E-74 1.00E-74 5.55E-39 1.47E-24 5.78E-16 3.61E-13 2.84E-12
 7.66E-12 1.96E-11 3.82E-11 5.61E-11 6.14E-11 6.08E-11
 1.00E-74 1.00E-74 1.00E-74 5.56E-39 1.47E-24 5.78E-16 3.61E-13 2.84E-12
 7.65E-12 1.95E-11 3.82E-11 5.61E-11 6.13E-11 6.07E-11
 1.00E-74 1.00E-74 1.00E-74 5.66E-39 1.48E-24 5.74E-16 3.57E-13 2.80E-12
 7.55E-12 1.93E-11 3.77E-11 5.54E-11 6.07E-11 6.02E-11
 1.00E-74 1.00E-74 1.00E-74 6.51E-39 1.57E-24 5.51E-16 3.27E-13 2.54E-12
 6.79E-12 1.73E-11 3.38E-11 5.00E-11 5.55E-11 5.54E-11
 1.00E-74 1.00E-74 1.00E-74 1.37E-38 2.54E-24 6.16E-16 3.00E-13 2.13E-12
 5.45E-12 1.31E-11 2.45E-11 3.50E-11 3.79E-11 3.76E-11
 1.00E-74 1.00E-74 1.00E-74 7.27E-38 1.31E-23 2.50E-15 8.28E-13 4.44E-12
 9.22E-12 1.72E-11 2.51E-11 2.96E-11 2.88E-11 2.71E-11
  961.659    7  14 /pl=01:ss= 2:pb= 1:sz= 2/type=excit/ispb = t/isel =   21
 1.00E+10 1.00E+11 1.00E+12 1.00E+13 1.00E+14 1.00E+15 1.00E+16
 1.55E-01 2.33E-01 3.88E-01 7.75E-01 1.55E+00 3.88E+00 7.75E+00 1.16E+01
 1.55E+01 2.33E+01 3.88E+01 7.75E+01 1.55E+02 2.33E+02
 1.00E-74 1.00E-74 1.00E-74 7.77E-28 2.42E-18 9.64E-13 5.98E-11 2.19E-10
 4.04E-10 7.14E-10 1.04E-09 1.24E-09 1.18E-09 1.08E-09
 1.00E-74 1.00E-74 5.02E-47 7.78E-28 2.42E-18 9.65E-13 5.98E-11 2.19E-10
 4.04E-10 7.14E-10 1.04E-09 1.24E-09 1.18E-09 1.08E-09
 1.00E-74 1.00E-74 6.02E-47 7.90E-28 2.45E-18 9.72E-13 6.01E-11 2.20E-10
 4.06E-10 7.17E-10 1.05E-09 1.24E-09 1.19E-09 1.09E-09
 1.00E-74 1.00E-74 7.22E-47 9.05E-28 2.72E-18 1.05E-12 6.37E-11 2.32E-10
 4.25E-10 7.46E-10 1.08E-09 1.27E-09 1.21E-09 1.11E-09
 1.00E-74 1.00E-74 1.81E-46 1.95E-27 5.09E-18 1.72E-12 9.75E-11 3.42E-10
 6.15E-10 1.04E-09 1.46E-09 1.65E-09 1.50E-09 1.35E-09
 1.00E-74 1.00E-74 7.08E-46 7.76E-27 1.91E-17 5.60E-12 2.88E-10 9.60E-10
 1.67E-09 2.74E-09 3.70E-09 4.01E-09 3.55E-09 3.12E-09
 1.00E-74 1.00E-74 1.14E-45 1.44E-26 4.28E-17 1.46E-11 6.91E-10 2.02E-09
 3.16E-09 4.52E-09 5.53E-09 5.91E-09 5.66E-09 5.34E-09
  975.139    7  14 /pl=01:ss= 2:pb= 1:sz= 2/type=excit/ispb = t/isel =   22
 1.00E+10 1.00E+11 1.00E+12 1.00E+13 1.00E+14 1.00E+15 1.00E+16
 1.55E-01 2.33E-01 3.88E-01 7.75E-01 1.55E+00 3.88E+00 7.75E+00 1.16E+01
 1.55E+01 2.33E+01 3.88E+01 7.75E+01 1.55E+02 2.33E+02
 1.00E-74 1.00E-74 6.78E-47 7.05E-28 2.07E-18 8.53E-13 5.46E-11 2.03E-10
 3.76E-10 6.63E-10 9.65E-10 1.12E-09 1.05E-09 9.48E-10
 1.00E-74 1.00E-74 6.61E-47 7.04E-28 2.06E-18 8.52E-13 5.45E-11 2.02E-10
 3.75E-10 6.62E-10 9.64E-10 1.12E-09 1.05E-09 9.48E-10
 1.00E-74 1.00E-74 6.51E-47 6.95E-28 2.04E-18 8.42E-13 5.39E-11 2.00E-10
 3.71E-10 6.55E-10 9.54E-10 1.11E-09 1.04E-09 9.42E-10
 1.00E-74 1.00E-74 5.68E-47 6.21E-28 1.84E-18 7.57E-13 4.83E-11 1.80E-10
 3.34E-10 5.92E-10 8.69E-10 1.03E-09 9.72E-10 8.89E-10
 1.00E-74 1.00E-74 3.48E-47 3.85E-28 1.12E-18 4.38E-13 2.73E-11 1.01E-10
 1.89E-10 3.38E-10 5.08E-10 6.27E-10 6.27E-10 5.94E-10
 1.00E-74 1.00E-74 3.85E-47 3.76E-28 9.29E-19 2.83E-13 1.52E-11 5.26E-11
 9.40E-11 1.60E-10 2.30E-10 2.76E-10 2.74E-10 2.61E-10
 1.00E-74 1.00E-74 5.24E-47 5.34E-28 1.44E-18 4.60E-13 2.12E-11 6.18E-11
 9.61E-11 1.37E-10 1.68E-10 1.80E-10 1.74E-10 1.65E-10
  1020.69    7  14 /pl=01:ss= 2:pb= 1:sz= 2/type=excit/ispb = t/isel =   23
 1.00E+10 1.00E+11 1.00E+12 1.00E+13 1.00E+14 1.00E+15 1.00E+16
 1.55E-01 2.33E-01 3.88E-01 7.75E-01 1.55E+00 3.88E+00 7.75E+00 1.16E+01
 1.55E+01 2.33E+01 3.88E+01 7.75E+01 1.55E+02 2.33E+02
 1.00E-74 1.00E-74 1.00E-74 5.53E-32 4.28E-21 1.14E-14 1.33E-12 6.06E-12
 1.25E-11 2.46E-11 3.89E-11 4.77E-11 4.48E-11 4.04E-11
 1.00E-74 1.00E-74 1.00E-74 5.47E-32 4.22E-21 1.13E-14 1.31E-12 5.99E-12
 1.24E-11 2.43E-11 3.86E-11 4.74E-11 4.46E-11 4.03E-11
 1.00E-74 1.00E-74 1.00E-74 4.93E-32 3.75E-21 1.00E-14 1.18E-12 5.41E-12
 1.12E-11 2.22E-11 3.56E-11 4.44E-11 4.25E-11 3.87E-11
 1.00E-74 1.00E-74 1.00E-74 3.31E-32 2.40E-21 6.28E-15 7.39E-13 3.41E-12
 7.10E-12 1.42E-11 2.33E-11 3.03E-11 3.05E-11 2.87E-11
 1.00E-74 1.00E-74 1.00E-74 3.51E-32 2.29E-21 5.39E-15 5.96E-13 2.65E-12
 5.41E-12 1.05E-11 1.66E-11 2.06E-11 2.02E-11 1.87E-11
 1.00E-74 1.00E-74 1.00E-74 8.43E-32 5.06E-21 9.88E-15 9.69E-13 4.06E-12
 7.96E-12 1.47E-11 2.21E-11 2.62E-11 2.46E-11 2.24E-11
 1.00E-74 1.00E-74 2.06E-53 1.59E-31 1.19E-20 2.73E-14 2.43E-12 8.77E-12
 1.52E-11 2.41E-11 3.19E-11 3.57E-11 3.44E-11 3.23E-11
  1114.97    7  14 /pl=01:ss= 2:pb= 1:sz= 2/type=excit/ispb = t/isel =   24
 1.00E+10 1.00E+11 1.00E+12 1.00E+13 1.00E+14 1.00E+15 1.00E+16
 1.55E-01 2.33E-01 3.88E-01 7.75E-01 1.55E+00 3.88E+00 7.75E+00 1.16E+01
 1.55E+01 2.33E+01 3.88E+01 7.75E+01 1.55E+02 2.33E+02
 1.00E-74 1.00E-74 1.00E-74 1.10E-31 4.57E-21 8.50E-15 8.75E-13 3.82E-12
 7.74E-12 1.51E-11 2.46E-11 3.35E-11 3.73E-11 3.77E-11
 1.00E-74 1.00E-74 1.00E-74 1.12E-31 4.70E-21 8.71E-15 8.96E-13 3.91E-12
 7.90E-12 1.54E-11 2.50E-11 3.39E-11 3.76E-11 3.80E-11
 1.00E-74 1.00E-74 1.00E-74 1.35E-31 5.63E-21 1.04E-14 1.06E-12 4.57E-12
 9.18E-12 1.77E-11 2.82E-11 3.72E-11 4.01E-11 4.00E-11
 1.00E-74 1.00E-74 1.00E-74 1.97E-31 8.05E-21 1.46E-14 1.49E-12 6.46E-12
 1.30E-11 2.49E-11 3.91E-11 4.97E-11 5.09E-11 4.92E-11
 1.00E-74 1.00E-74 1.00E-74 2.55E-31 8.96E-21 1.47E-14 1.46E-12 6.29E-12
 1.26E-11 2.43E-11 3.84E-11 4.91E-11 5.03E-11 4.84E-11
 1.00E-74 1.00E-74 2.17E-52 5.52E-31 1.72E-20 2.28E-14 1.97E-12 7.93E-12
 1.52E-11 2.77E-11 4.12E-11 4.89E-11 4.67E-11 4.31E-11
 1.00E-74 1.00E-74 4.78E-52 1.02E-30 3.92E-20 6.09E-14 4.73E-12 1.64E-11
 2.78E-11 4.31E-11 5.60E-11 6.20E-11 5.95E-11 5.58E-11
  1125.30    7  14 /pl=01:ss= 2:pb= 1:sz= 2/type=excit/ispb = t/isel =   25
 1.00E+10 1.00E+11 1.00E+12 1.00E+13 1.00E+14 1.00E+15 1.00E+16
 1.55E-01 2.33E-01 3.88E-01 7.75E-01 1.55E+00 3.88E+00 7.75E+00 1.16E+01
 1.55E+01 2.33E+01 3.88E+01 7.75E+01 1.55E+02 2.33E+02
 1.00E-74 1.00E-74 1.00E-74 5.98E-31 2.29E-20 4.01E-14 4.05E-12 1.76E-11
 3.56E-11 6.81E-11 1.07E-10 1.29E-10 1.21E-10 1.10E-10
 1.00E-74 1.00E-74 1.00E-74 5.97E-31 2.28E-20 4.00E-14 4.05E-12 1.76E-11
 3.56E-11 6.80E-11 1.06E-10 1.29E-10 1.21E-10 1.10E-10
 1.00E-74 1.00E-74 1.00E-74 5.87E-31 2.23E-20 3.90E-14 3.96E-12 1.72E-11
 3.49E-11 6.68E-11 1.05E-10 1.28E-10 1.20E-10 1.09E-10
 1.00E-74 1.00E-74 1.00E-74 4.87E-31 1.77E-20 3.05E-14 3.11E-12 1.37E-11
 2.79E-11 5.43E-11 8.69E-11 1.10E-10 1.07E-10 9.92E-11
 1.00E-74 1.00E-74 1.00E-74 4.16E-31 1.33E-20 2.06E-14 2.01E-12 8.62E-12
 1.73E-11 3.33E-11 5.26E-11 6.66E-11 6.66E-11 6.29E-11
 1.00E-74 1.00E-74 5.18E-52 8.38E-31 2.44E-20 3.10E-14 2.64E-12 1.06E-11
 2.03E-11 3.67E-11 5.45E-11 6.44E-11 6.10E-11 5.59E-11
 1.00E-74 1.00E-74 8.06E-52 1.53E-30 5.51E-20 8.22E-14 6.31E-12 2.17E-11
 3.68E-11 5.69E-11 7.38E-11 8.16E-11 7.83E-11 7.34E-11
  1160.70    7  14 /pl=01:ss= 2:pb= 1:sz= 2/type=excit/ispb = t/isel =   26
 1.00E+10 1.00E+11 1.00E+12 1.00E+13 1.00E+14 1.00E+15 1.00E+16
 1.55E-01 2.33E-01 3.88E-01 7.75E-01 1.55E+00 3.88E+00 7.75E+00 1.16E+01
 1.55E+01 2.33E+01 3.88E+01 7.75E+01 1.55E+02 2.33E+02
 1.00E-74 1.00E-74 3.68E-48 3.82E-29 1.12E-19 4.63E-14 2.96E-12 1.10E-11
 2.04E-11 3.59E-11 5.23E-11 6.08E-11 5.67E-11 5.14E-11
 1.00E-74 1.00E-74 3.59E-48 3.82E-29 1.12E-19 4.62E-14 2.95E-12 1.10E-11
 2.04E-11 3.59E-11 5.23E-11 6.08E-11 5.67E-11 5.14E-11
 1.00E-74 1.00E-74 3.53E-48 3.77E-29 1.11E-19 4.57E-14 2.92E-12 1.08E-11
 2.01E-11 3.55E-11 5.17E-11 6.03E-11 5.63E-11 5.11E-11
 1.00E-74 1.00E-74 3.08E-48 3.37E-29 9.98E-20 4.10E-14 2.62E-12 9.74E-12
 1.81E-11 3.21E-11 4.71E-11 5.56E-11 5.27E-11 4.82E-11
 1.00E-74 1.00E-74 1.89E-48 2.09E-29 6.09E-20 2.37E-14 1.48E-12 5.49E-12
 1.02E-11 1.83E-11 2.75E-11 3.40E-11 3.40E-11 3.22E-11
 1.00E-74 1.00E-74 2.09E-48 2.04E-29 5.04E-20 1.54E-14 8.25E-13 2.85E-12
 5.10E-12 8.69E-12 1.25E-11 1.49E-11 1.49E-11 1.41E-11
 1.00E-74 1.00E-74 2.84E-48 2.90E-29 7.79E-20 2.49E-14 1.15E-12 3.35E-12
 5.21E-12 7.44E-12 9.11E-12 9.77E-12 9.43E-12 8.96E-12
  1342.47    7  14 /pl=01:ss= 2:pb= 1:sz= 2/type=excit/ispb = t/isel =   27
 1.00E+10 1.00E+11 1.00E+12 1.00E+13 1.00E+14 1.00E+15 1.00E+16
 1.55E-01 2.33E-01 3.88E-01 7.75E-01 1.55E+00 3.88E+00 7.75E+00 1.16E+01
 1.55E+01 2.33E+01 3.88E+01 7.75E+01 1.55E+02 2.33E+02
 1.00E-74 1.00E-74 1.00E-74 2.89E-30 3.73E-20 3.52E-14 2.91E-12 1.18E-11
 2.30E-11 4.31E-11 6.80E-11 8.99E-11 9.79E-11 9.79E-11
 1.00E-74 1.00E-74 1.00E-74 2.91E-30 3.75E-20 3.54E-14 2.92E-12 1.18E-11
 2.31E-11 4.33E-11 6.82E-11 9.01E-11 9.80E-11 9.80E-11
 1.00E-74 1.00E-74 1.00E-74 3.04E-30 3.94E-20 3.70E-14 3.04E-12 1.23E-11
 2.40E-11 4.48E-11 7.01E-11 9.20E-11 9.95E-11 9.92E-11
 1.00E-74 1.00E-74 1.00E-74 3.88E-30 5.01E-20 4.63E-14 3.75E-12 1.50E-11
 2.91E-11 5.36E-11 8.24E-11 1.05E-10 1.10E-10 1.07E-10
 1.00E-74 1.00E-74 3.32E-50 6.21E-30 7.05E-20 5.88E-14 4.63E-12 1.84E-11
 3.54E-11 6.52E-11 9.95E-11 1.24E-10 1.27E-10 1.22E-10
 1.00E-74 1.00E-74 7.38E-50 1.26E-29 1.21E-19 7.97E-14 5.47E-12 2.04E-11
 3.78E-11 6.65E-11 9.70E-11 1.15E-10 1.13E-10 1.06E-10
 1.00E-74 1.00E-74 1.16E-49 2.23E-29 2.55E-19 1.92E-13 1.17E-11 3.75E-11
 6.10E-11 9.09E-11 1.15E-10 1.24E-10 1.19E-10 1.12E-10
  1361.52    7  14 /pl=01:ss= 2:pb= 1:sz= 2/type=excit/ispb = t/isel =   28
 1.00E+10 1.00E+11 1.00E+12 1.00E+13 1.00E+14 1.00E+15 1.00E+16
 1.55E-01 2.33E-01 3.88E-01 7.75E-01 1.55E+00 3.88E+00 7.75E+00 1.16E+01
 1.55E+01 2.33E+01 3.88E+01 7.75E+01 1.55E+02 2.33E+02
 1.00E-74 1.00E-74 1.00E-74 6.94E-40 6.22E-25 4.55E-16 3.38E-13 2.81E-12
 7.75E-12 2.02E-11 3.96E-11 5.63E-11 5.68E-11 5.24E-11
 1.00E-74 1.00E-74 1.00E-74 6.94E-40 6.22E-25 4.55E-16 3.38E-13 2.81E-12
 7.75E-12 2.02E-11 3.96E-11 5.63E-11 5.68E-11 5.24E-11
 1.00E-74 1.00E-74 1.00E-74 6.93E-40 6.21E-25 4.54E-16 3.37E-13 2.80E-12
 7.73E-12 2.01E-11 3.95E-11 5.62E-11 5.68E-11 5.24E-11
 1.00E-74 1.00E-74 1.00E-74 6.82E-40 6.08E-25 4.44E-16 3.30E-13 2.74E-12
 7.58E-12 1.98E-11 3.89E-11 5.56E-11 5.65E-11 5.23E-11
 1.00E-74 1.00E-74 1.00E-74 6.54E-40 5.50E-25 3.80E-16 2.79E-13 2.32E-12
 6.43E-12 1.69E-11 3.37E-11 4.96E-11 5.24E-11 4.98E-11
 1.00E-74 1.00E-74 1.00E-74 1.18E-39 7.44E-25 3.55E-16 2.15E-13 1.66E-12
 4.41E-12 1.11E-11 2.14E-11 3.13E-11 3.42E-11 3.37E-11
 1.00E-74 1.00E-74 1.00E-74 6.59E-39 4.35E-24 1.76E-15 7.45E-13 4.32E-12
 9.31E-12 1.79E-11 2.67E-11 3.15E-11 3.02E-11 2.81E-11
  1370.12    7  14 /pl=01:ss= 2:pb= 1:sz= 2/type=excit/ispb = t/isel =   29
 1.00E+10 1.00E+11 1.00E+12 1.00E+13 1.00E+14 1.00E+15 1.00E+16
 1.55E-01 2.33E-01 3.88E-01 7.75E-01 1.55E+00 3.88E+00 7.75E+00 1.16E+01
 1.55E+01 2.33E+01 3.88E+01 7.75E+01 1.55E+02 2.33E+02
 1.00E-74 1.00E-74 1.00E-74 2.50E-29 2.74E-19 2.31E-13 1.82E-11 7.19E-11
 1.38E-10 2.50E-10 3.69E-10 4.32E-10 4.03E-10 3.64E-10
 1.00E-74 1.00E-74 1.00E-74 2.50E-29 2.74E-19 2.31E-13 1.82E-11 7.19E-11
 1.38E-10 2.49E-10 3.69E-10 4.32E-10 4.03E-10 3.64E-10
 1.00E-74 1.00E-74 1.75E-49 2.51E-29 2.73E-19 2.30E-13 1.81E-11 7.14E-11
 1.37E-10 2.48E-10 3.67E-10 4.30E-10 4.01E-10 3.63E-10
 1.00E-74 1.00E-74 1.75E-49 2.54E-29 2.67E-19 2.19E-13 1.72E-11 6.81E-11
 1.31E-10 2.38E-10 3.54E-10 4.18E-10 3.93E-10 3.57E-10
 1.00E-74 1.00E-74 1.79E-49 2.42E-29 2.27E-19 1.70E-13 1.30E-11 5.14E-11
 9.89E-11 1.81E-10 2.75E-10 3.37E-10 3.30E-10 3.07E-10
 1.00E-74 1.00E-74 2.73E-49 3.61E-29 3.05E-19 1.86E-13 1.24E-11 4.60E-11
 8.48E-11 1.48E-10 2.14E-10 2.52E-10 2.41E-10 2.24E-10
 1.00E-74 1.00E-74 3.97E-49 5.98E-29 6.07E-19 4.26E-13 2.54E-11 8.06E-11
 1.31E-10 1.94E-10 2.44E-10 2.65E-10 2.53E-10 2.38E-10
  1926.57    7  14 /pl=01:ss= 2:pb= 1:sz= 2/type=excit/ispb = t/isel =   30
 1.00E+10 1.00E+11 1.00E+12 1.00E+13 1.00E+14 1.00E+15 1.00E+16
 1.55E-01 2.33E-01 3.88E-01 7.75E-01 1.55E+00 3.88E+00 7.75E+00 1.16E+01
 1.55E+01 2.33E+01 3.88E+01 7.75E+01 1.55E+02 2.33E+02
 1.00E-74 1.00E-74 1.00E-74 8.42E-32 4.45E-21 9.46E-15 1.01E-12 4.43E-12
 8.93E-12 1.71E-11 2.68E-11 3.32E-11 3.24E-11 3.00E-11
 1.00E-74 1.00E-74 1.00E-74 8.56E-32 4.51E-21 9.56E-15 1.02E-12 4.47E-12
 9.00E-12 1.73E-11 2.70E-11 3.33E-11 3.25E-11 3.01E-11
 1.00E-74 1.00E-74 1.00E-74 9.77E-32 5.04E-21 1.05E-14 1.11E-12 4.82E-12
 9.67E-12 1.84E-11 2.86E-11 3.50E-11 3.38E-11 3.11E-11
 1.00E-74 1.00E-74 1.00E-74 1.65E-31 7.95E-21 1.57E-14 1.61E-12 6.93E-12
 1.38E-11 2.60E-11 3.96E-11 4.68E-11 4.35E-11 3.91E-11
 1.00E-74 1.00E-74 1.00E-74 3.30E-31 1.44E-20 2.64E-14 2.65E-12 1.13E-11
 2.26E-11 4.25E-11 6.49E-11 7.72E-11 7.18E-11 6.45E-11
 1.00E-74 1.00E-74 2.50E-52 8.48E-31 3.44E-20 5.29E-14 4.79E-12 1.95E-11
 3.77E-11 6.87E-11 1.02E-10 1.20E-10 1.12E-10 1.01E-10
 1.00E-74 1.00E-74 4.33E-52 1.60E-30 8.04E-20 1.46E-13 1.20E-11 4.22E-11
 7.22E-11 1.13E-10 1.48E-10 1.64E-10 1.58E-10 1.48E-10
  1932.70    7  14 /pl=01:ss= 2:pb= 1:sz= 2/type=excit/ispb = t/isel =   31
 1.00E+10 1.00E+11 1.00E+12 1.00E+13 1.00E+14 1.00E+15 1.00E+16
 1.55E-01 2.33E-01 3.88E-01 7.75E-01 1.55E+00 3.88E+00 7.75E+00 1.16E+01
 1.55E+01 2.33E+01 3.88E+01 7.75E+01 1.55E+02 2.33E+02
 1.00E-74 1.00E-74 1.00E-74 1.30E-31 6.89E-21 1.48E-14 1.59E-12 7.05E-12
 1.43E-11 2.77E-11 4.35E-11 5.37E-11 5.18E-11 4.76E-11
 1.00E-74 1.00E-74 1.00E-74 1.26E-31 6.71E-21 1.44E-14 1.56E-12 6.91E-12
 1.41E-11 2.72E-11 4.28E-11 5.30E-11 5.12E-11 4.71E-11
 1.00E-74 1.00E-74 1.00E-74 1.01E-31 5.43E-21 1.19E-14 1.30E-12 5.83E-12
 1.20E-11 2.34E-11 3.74E-11 4.73E-11 4.66E-11 4.33E-11
 1.00E-74 1.00E-74 1.00E-74 5.05E-32 2.67E-21 5.82E-15 6.47E-13 2.93E-12
 6.08E-12 1.22E-11 2.00E-11 2.66E-11 2.78E-11 2.68E-11
 1.00E-74 1.00E-74 1.00E-74 3.72E-32 1.68E-21 3.20E-15 3.34E-13 1.47E-12
 2.99E-12 5.83E-12 9.34E-12 1.20E-11 1.23E-11 1.19E-11
 1.00E-74 1.00E-74 1.64E-53 7.55E-32 3.03E-21 4.67E-15 4.24E-13 1.74E-12
 3.36E-12 6.16E-12 9.22E-12 1.10E-11 1.04E-11 9.58E-12
 1.00E-74 1.00E-74 3.93E-53 1.39E-31 6.89E-21 1.25E-14 1.02E-12 3.59E-12
 6.13E-12 9.60E-12 1.26E-11 1.40E-11 1.34E-11 1.26E-11
  1979.29    7  14 /pl=01:ss= 2:pb= 1:sz= 2/type=excit/ispb = t/isel =   32
 1.00E+10 1.00E+11 1.00E+12 1.00E+13 1.00E+14 1.00E+15 1.00E+16
 1.55E-01 2.33E-01 3.88E-01 7.75E-01 1.55E+00 3.88E+00 7.75E+00 1.16E+01
 1.55E+01 2.33E+01 3.88E+01 7.75E+01 1.55E+02 2.33E+02
 1.00E-74 1.00E-74 1.00E-74 2.00E-34 5.24E-22 1.46E-14 4.25E-12 2.65E-11
 6.40E-11 1.47E-10 2.64E-10 3.61E-10 3.75E-10 3.62E-10
 1.00E-74 1.00E-74 1.00E-74 2.00E-34 5.24E-22 1.46E-14 4.25E-12 2.65E-11
 6.40E-11 1.47E-10 2.64E-10 3.61E-10 3.75E-10 3.62E-10
 1.00E-74 1.00E-74 1.00E-74 2.00E-34 5.25E-22 1.46E-14 4.25E-12 2.65E-11
 6.40E-11 1.47E-10 2.64E-10 3.61E-10 3.75E-10 3.62E-10
 1.00E-74 1.00E-74 1.00E-74 2.02E-34 5.28E-22 1.46E-14 4.25E-12 2.65E-11
 6.40E-11 1.47E-10 2.64E-10 3.60E-10 3.75E-10 3.62E-10
 1.00E-74 1.00E-74 1.00E-74 2.23E-34 5.66E-22 1.51E-14 4.30E-12 2.65E-11
 6.38E-11 1.46E-10 2.61E-10 3.56E-10 3.71E-10 3.59E-10
 1.00E-74 1.00E-74 1.00E-74 4.24E-34 9.30E-22 1.97E-14 4.78E-12 2.74E-11
 6.33E-11 1.38E-10 2.38E-10 3.21E-10 3.36E-10 3.27E-10
 1.00E-74 1.00E-74 1.00E-74 1.68E-33 3.52E-21 5.55E-14 8.76E-12 3.75E-11
 7.02E-11 1.19E-10 1.64E-10 1.91E-10 1.90E-10 1.84E-10
  2151.25    7  14 /pl=01:ss= 2:pb= 1:sz= 2/type=excit/ispb = t/isel =   33
 1.00E+10 1.00E+11 1.00E+12 1.00E+13 1.00E+14 1.00E+15 1.00E+16
 1.55E-01 2.33E-01 3.88E-01 7.75E-01 1.55E+00 3.88E+00 7.75E+00 1.16E+01
 1.55E+01 2.33E+01 3.88E+01 7.75E+01 1.55E+02 2.33E+02
 1.00E-74 1.00E-74 2.00E-38 2.66E-23 8.31E-16 2.31E-11 6.48E-10 1.86E-09
 3.05E-09 4.78E-09 6.39E-09 7.01E-09 6.40E-09 5.78E-09
 1.00E-74 1.00E-74 2.00E-38 2.66E-23 8.31E-16 2.31E-11 6.48E-10 1.86E-09
 3.04E-09 4.78E-09 6.39E-09 7.01E-09 6.40E-09 5.78E-09
 1.00E-74 1.00E-74 2.00E-38 2.65E-23 8.30E-16 2.31E-11 6.47E-10 1.85E-09
 3.04E-09 4.78E-09 6.38E-09 7.00E-09 6.40E-09 5.77E-09
 1.00E-74 1.00E-74 1.97E-38 2.62E-23 8.23E-16 2.29E-11 6.41E-10 1.83E-09
 3.00E-09 4.71E-09 6.29E-09 6.92E-09 6.33E-09 5.72E-09
 1.00E-74 1.00E-74 1.72E-38 2.38E-23 7.64E-16 2.14E-11 5.90E-10 1.68E-09
 2.74E-09 4.29E-09 5.74E-09 6.37E-09 5.90E-09 5.37E-09
 1.00E-74 1.00E-74 1.09E-38 1.56E-23 5.27E-16 1.46E-11 3.78E-10 1.03E-09
 1.65E-09 2.54E-09 3.39E-09 3.87E-09 3.79E-09 3.58E-09
 1.00E-74 1.00E-74 8.94E-39 1.21E-23 3.98E-16 1.05E-11 2.23E-10 5.07E-10
 7.02E-10 9.02E-10 1.04E-09 1.10E-09 1.11E-09 1.09E-09
  2243.95    7  14 /pl=01:ss= 2:pb= 1:sz= 2/type=excit/ispb = t/isel =   34
 1.00E+10 1.00E+11 1.00E+12 1.00E+13 1.00E+14 1.00E+15 1.00E+16
 1.55E-01 2.33E-01 3.88E-01 7.75E-01 1.55E+00 3.88E+00 7.75E+00 1.16E+01
 1.55E+01 2.33E+01 3.88E+01 7.75E+01 1.55E+02 2.33E+02
 1.00E-74 1.00E-74 7.24E-46 1.24E-27 1.53E-18 3.80E-13 2.06E-11 7.35E-11
 1.34E-10 2.36E-10 3.52E-10 4.44E-10 4.66E-10 4.59E-10
 1.00E-74 1.00E-74 6.93E-46 1.24E-27 1.53E-18 3.80E-13 2.06E-11 7.35E-11
 1.34E-10 2.36E-10 3.52E-10 4.44E-10 4.66E-10 4.59E-10
 1.00E-74 1.00E-74 6.96E-46 1.24E-27 1.54E-18 3.82E-13 2.07E-11 7.37E-11
 1.34E-10 2.36E-10 3.52E-10 4.44E-10 4.66E-10 4.59E-10
 1.00E-74 1.00E-74 7.25E-46 1.30E-27 1.61E-18 3.99E-13 2.14E-11 7.57E-11
 1.37E-10 2.41E-10 3.58E-10 4.49E-10 4.69E-10 4.61E-10
 1.00E-74 1.00E-74 9.89E-46 1.71E-27 2.07E-18 4.81E-13 2.48E-11 8.61E-11
 1.54E-10 2.66E-10 3.89E-10 4.78E-10 4.90E-10 4.78E-10
 1.00E-74 1.00E-74 2.41E-45 3.76E-27 3.85E-18 7.02E-13 3.17E-11 1.03E-10
 1.79E-10 2.96E-10 4.17E-10 4.94E-10 4.93E-10 4.74E-10
 1.00E-74 1.00E-74 4.07E-45 6.60E-27 7.14E-18 1.33E-12 5.13E-11 1.41E-10
 2.12E-10 2.95E-10 3.53E-10 3.74E-10 3.61E-10 3.45E-10
  2386.15    7  14 /pl=01:ss= 2:pb= 1:sz= 2/type=excit/ispb = t/isel =   35
 1.00E+10 1.00E+11 1.00E+12 1.00E+13 1.00E+14 1.00E+15 1.00E+16
 1.55E-01 2.33E-01 3.88E-01 7.75E-01 1.55E+00 3.88E+00 7.75E+00 1.16E+01
 1.55E+01 2.33E+01 3.88E+01 7.75E+01 1.55E+02 2.33E+02
 1.00E-74 1.00E-74 1.00E-74 4.81E-32 3.72E-21 9.92E-15 1.15E-12 5.27E-12
 1.09E-11 2.14E-11 3.38E-11 4.14E-11 3.90E-11 3.52E-11
 1.00E-74 1.00E-74 1.00E-74 4.76E-32 3.67E-21 9.79E-15 1.14E-12 5.21E-12
 1.07E-11 2.12E-11 3.35E-11 4.12E-11 3.88E-11 3.50E-11
 1.00E-74 1.00E-74 1.00E-74 4.29E-32 3.26E-21 8.72E-15 1.02E-12 4.70E-12
 9.75E-12 1.93E-11 3.10E-11 3.86E-11 3.70E-11 3.36E-11
 1.00E-74 1.00E-74 1.00E-74 2.87E-32 2.09E-21 5.46E-15 6.42E-13 2.96E-12
 6.17E-12 1.24E-11 2.03E-11 2.64E-11 2.66E-11 2.50E-11
 1.00E-74 1.00E-74 1.00E-74 3.06E-32 1.99E-21 4.68E-15 5.18E-13 2.31E-12
 4.70E-12 9.12E-12 1.44E-11 1.79E-11 1.75E-11 1.63E-11
 1.00E-74 1.00E-74 1.00E-74 7.33E-32 4.40E-21 8.59E-15 8.42E-13 3.53E-12
 6.92E-12 1.28E-11 1.92E-11 2.28E-11 2.14E-11 1.95E-11
 1.00E-74 1.00E-74 1.79E-53 1.39E-31 1.03E-20 2.38E-14 2.11E-12 7.63E-12
 1.32E-11 2.10E-11 2.77E-11 3.10E-11 2.99E-11 2.81E-11
  2431.34    7  14 /pl=01:ss= 2:pb= 1:sz= 2/type=excit/ispb = t/isel =   36
 1.00E+10 1.00E+11 1.00E+12 1.00E+13 1.00E+14 1.00E+15 1.00E+16
 1.55E-01 2.33E-01 3.88E-01 7.75E-01 1.55E+00 3.88E+00 7.75E+00 1.16E+01
 1.55E+01 2.33E+01 3.88E+01 7.75E+01 1.55E+02 2.33E+02
 1.00E-74 1.00E-74 3.33E-44 3.22E-26 2.74E-17 5.12E-12 2.49E-10 8.44E-10
 1.50E-09 2.53E-09 3.56E-09 4.06E-09 3.78E-09 3.46E-09
 1.00E-74 1.00E-74 3.34E-44 3.22E-26 2.74E-17 5.12E-12 2.49E-10 8.44E-10
 1.50E-09 2.53E-09 3.56E-09 4.06E-09 3.78E-09 3.46E-09
 1.00E-74 1.00E-74 3.35E-44 3.23E-26 2.74E-17 5.12E-12 2.49E-10 8.43E-10
 1.49E-09 2.52E-09 3.55E-09 4.05E-09 3.78E-09 3.46E-09
 1.00E-74 1.00E-74 3.46E-44 3.30E-26 2.77E-17 5.12E-12 2.48E-10 8.37E-10
 1.48E-09 2.50E-09 3.52E-09 4.02E-09 3.75E-09 3.44E-09
 1.00E-74 1.00E-74 4.32E-44 3.87E-26 3.04E-17 5.27E-12 2.49E-10 8.34E-10
 1.47E-09 2.47E-09 3.47E-09 3.98E-09 3.72E-09 3.41E-09
 1.00E-74 1.00E-74 6.21E-44 5.45E-26 3.95E-17 5.89E-12 2.53E-10 8.11E-10
 1.40E-09 2.29E-09 3.19E-09 3.69E-09 3.54E-09 3.30E-09
 1.00E-74 1.00E-74 7.23E-44 6.76E-26 5.50E-17 8.79E-12 3.25E-10 8.82E-10
 1.33E-09 1.84E-09 2.20E-09 2.35E-09 2.29E-09 2.20E-09
  2432.00    7  14 /pl=01:ss= 2:pb= 1:sz= 2/type=excit/ispb = t/isel =   37
 1.00E+10 1.00E+11 1.00E+12 1.00E+13 1.00E+14 1.00E+15 1.00E+16
 1.55E-01 2.33E-01 3.88E-01 7.75E-01 1.55E+00 3.88E+00 7.75E+00 1.16E+01
 1.55E+01 2.33E+01 3.88E+01 7.75E+01 1.55E+02 2.33E+02
 1.00E-74 1.00E-74 1.00E-74 8.86E-37 6.00E-23 9.44E-15 4.23E-12 2.97E-11
 7.55E-11 1.82E-10 3.35E-10 4.53E-10 4.49E-10 4.12E-10
 1.00E-74 1.00E-74 1.00E-74 8.86E-37 6.00E-23 9.44E-15 4.23E-12 2.97E-11
 7.55E-11 1.82E-10 3.35E-10 4.53E-10 4.49E-10 4.12E-10
 1.00E-74 1.00E-74 1.00E-74 8.86E-37 6.00E-23 9.44E-15 4.23E-12 2.97E-11
 7.55E-11 1.82E-10 3.35E-10 4.53E-10 4.49E-10 4.12E-10
 1.00E-74 1.00E-74 1.00E-74 8.91E-37 6.02E-23 9.47E-15 4.24E-12 2.98E-11
 7.57E-11 1.83E-10 3.35E-10 4.54E-10 4.50E-10 4.13E-10
 1.00E-74 1.00E-74 1.00E-74 9.38E-37 6.24E-23 9.73E-15 4.35E-12 3.05E-11
 7.75E-11 1.87E-10 3.42E-10 4.63E-10 4.60E-10 4.22E-10
 1.00E-74 1.00E-74 1.00E-74 1.67E-36 9.46E-23 1.25E-14 5.14E-12 3.47E-11
 8.62E-11 2.02E-10 3.65E-10 4.95E-10 5.01E-10 4.68E-10
 1.00E-74 1.00E-74 1.00E-74 8.23E-36 4.44E-22 4.44E-14 1.23E-11 6.27E-11
 1.28E-10 2.35E-10 3.44E-10 4.11E-10 4.09E-10 3.90E-10
  2564.06    7  14 /pl=01:ss= 2:pb= 1:sz= 2/type=excit/ispb = t/isel =   38
 1.00E+10 1.00E+11 1.00E+12 1.00E+13 1.00E+14 1.00E+15 1.00E+16
 1.55E-01 2.33E-01 3.88E-01 7.75E-01 1.55E+00 3.88E+00 7.75E+00 1.16E+01
 1.55E+01 2.33E+01 3.88E+01 7.75E+01 1.55E+02 2.33E+02
 1.00E-74 1.00E-74 1.00E-74 2.14E-30 4.26E-20 5.21E-14 4.67E-12 1.94E-11
 3.80E-11 7.07E-11 1.07E-10 1.29E-10 1.21E-10 1.10E-10
 1.00E-74 1.00E-74 1.00E-74 2.12E-30 4.23E-20 5.18E-14 4.65E-12 1.92E-11
 3.78E-11 7.04E-11 1.07E-10 1.28E-10 1.21E-10 1.10E-10
 1.00E-74 1.00E-74 1.00E-74 1.98E-30 3.97E-20 4.87E-14 4.38E-12 1.82E-11
 3.58E-11 6.69E-11 1.02E-10 1.23E-10 1.17E-10 1.07E-10
 1.00E-74 1.00E-74 3.04E-51 1.31E-30 2.63E-20 3.21E-14 2.93E-12 1.23E-11
 2.44E-11 4.65E-11 7.28E-11 9.16E-11 9.10E-11 8.52E-11
 1.00E-74 1.00E-74 1.82E-51 7.67E-31 1.35E-20 1.47E-14 1.28E-12 5.31E-12
 1.05E-11 1.98E-11 3.12E-11 4.00E-11 4.11E-11 3.96E-11
 1.00E-74 1.00E-74 2.80E-51 1.17E-30 1.74E-20 1.49E-14 1.12E-12 4.29E-12
 8.06E-12 1.43E-11 2.11E-11 2.51E-11 2.43E-11 2.27E-11
 1.00E-74 1.00E-74 4.24E-51 2.00E-30 3.59E-20 3.53E-14 2.36E-12 7.76E-12
 1.28E-11 1.94E-11 2.47E-11 2.71E-11 2.59E-11 2.43E-11
  3048.74    7  14 /pl=01:ss= 2:pb= 1:sz= 2/type=excit/ispb = t/isel =   39
 1.00E+10 1.00E+11 1.00E+12 1.00E+13 1.00E+14 1.00E+15 1.00E+16
 1.55E-01 2.33E-01 3.88E-01 7.75E-01 1.55E+00 3.88E+00 7.75E+00 1.16E+01
 1.55E+01 2.33E+01 3.88E+01 7.75E+01 1.55E+02 2.33E+02
 1.00E-74 1.00E-74 1.00E-74 5.67E-31 2.17E-20 3.81E-14 3.85E-12 1.67E-11
 3.38E-11 6.46E-11 1.01E-10 1.23E-10 1.15E-10 1.04E-10
 1.00E-74 1.00E-74 1.00E-74 5.67E-31 2.17E-20 3.80E-14 3.84E-12 1.67E-11
 3.38E-11 6.45E-11 1.01E-10 1.22E-10 1.15E-10 1.04E-10
 1.00E-74 1.00E-74 1.00E-74 5.57E-31 2.11E-20 3.70E-14 3.75E-12 1.63E-11
 3.31E-11 6.34E-11 9.95E-11 1.21E-10 1.14E-10 1.04E-10
 1.00E-74 1.00E-74 1.00E-74 4.63E-31 1.68E-20 2.89E-14 2.96E-12 1.30E-11
 2.65E-11 5.15E-11 8.24E-11 1.04E-10 1.02E-10 9.41E-11
 1.00E-74 1.00E-74 1.00E-74 3.95E-31 1.27E-20 1.96E-14 1.91E-12 8.18E-12
 1.64E-11 3.16E-11 4.99E-11 6.32E-11 6.32E-11 5.97E-11
 1.00E-74 1.00E-74 4.92E-52 7.95E-31 2.32E-20 2.94E-14 2.50E-12 1.00E-11
 1.92E-11 3.48E-11 5.17E-11 6.11E-11 5.79E-11 5.30E-11
 1.00E-74 1.00E-74 7.65E-52 1.45E-30 5.23E-20 7.80E-14 5.98E-12 2.06E-11
 3.49E-11 5.40E-11 7.00E-11 7.74E-11 7.43E-11 6.97E-11
  3323.36    7  14 /pl=01:ss= 2:pb= 1:sz= 2/type=excit/ispb = t/isel =   40
 1.00E+10 1.00E+11 1.00E+12 1.00E+13 1.00E+14 1.00E+15 1.00E+16
 1.55E-01 2.33E-01 3.88E-01 7.75E-01 1.55E+00 3.88E+00 7.75E+00 1.16E+01
 1.55E+01 2.33E+01 3.88E+01 7.75E+01 1.55E+02 2.33E+02
 1.00E-74 1.00E-74 1.50E-38 1.99E-23 6.23E-16 1.74E-11 4.86E-10 1.39E-09
 2.28E-09 3.59E-09 4.79E-09 5.26E-09 4.80E-09 4.33E-09
 1.00E-74 1.00E-74 1.50E-38 1.99E-23 6.23E-16 1.73E-11 4.86E-10 1.39E-09
 2.28E-09 3.59E-09 4.79E-09 5.26E-09 4.80E-09 4.33E-09
 1.00E-74 1.00E-74 1.50E-38 1.99E-23 6.22E-16 1.73E-11 4.85E-10 1.39E-09
 2.28E-09 3.58E-09 4.78E-09 5.25E-09 4.80E-09 4.33E-09
 1.00E-74 1.00E-74 1.47E-38 1.97E-23 6.17E-16 1.72E-11 4.81E-10 1.38E-09
 2.25E-09 3.54E-09 4.72E-09 5.19E-09 4.75E-09 4.29E-09
 1.00E-74 1.00E-74 1.29E-38 1.78E-23 5.73E-16 1.60E-11 4.43E-10 1.26E-09
 2.05E-09 3.22E-09 4.31E-09 4.78E-09 4.42E-09 4.02E-09
 1.00E-74 1.00E-74 8.17E-39 1.17E-23 3.96E-16 1.10E-11 2.83E-10 7.75E-10
 1.24E-09 1.90E-09 2.54E-09 2.90E-09 2.84E-09 2.68E-09
 1.00E-74 1.00E-74 6.70E-39 9.05E-24 2.98E-16 7.85E-12 1.67E-10 3.80E-10
 5.26E-10 6.77E-10 7.77E-10 8.25E-10 8.30E-10 8.20E-10
  5029.07    7  14 /pl=01:ss= 2:pb= 1:sz= 2/type=excit/ispb = t/isel =   41
 1.00E+10 1.00E+11 1.00E+12 1.00E+13 1.00E+14 1.00E+15 1.00E+16
 1.55E-01 2.33E-01 3.88E-01 7.75E-01 1.55E+00 3.88E+00 7.75E+00 1.16E+01
 1.55E+01 2.33E+01 3.88E+01 7.75E+01 1.55E+02 2.33E+02
 1.00E-74 1.00E-74 1.00E-74 8.37E-32 4.44E-21 9.54E-15 1.03E-12 4.55E-12
 9.25E-12 1.79E-11 2.81E-11 3.47E-11 3.34E-11 3.07E-11
 1.00E-74 1.00E-74 1.00E-74 8.14E-32 4.33E-21 9.31E-15 1.01E-12 4.46E-12
 9.07E-12 1.76E-11 2.76E-11 3.42E-11 3.31E-11 3.04E-11
 1.00E-74 1.00E-74 1.00E-74 6.51E-32 3.51E-21 7.66E-15 8.41E-13 3.76E-12
 7.71E-12 1.51E-11 2.41E-11 3.05E-11 3.01E-11 2.80E-11
 1.00E-74 1.00E-74 1.00E-74 3.26E-32 1.72E-21 3.75E-15 4.17E-13 1.89E-12
 3.93E-12 7.85E-12 1.29E-11 1.72E-11 1.79E-11 1.73E-11
 1.00E-74 1.00E-74 1.00E-74 2.40E-32 1.08E-21 2.07E-15 2.16E-13 9.50E-13
 1.93E-12 3.76E-12 6.03E-12 7.77E-12 7.97E-12 7.65E-12
 1.00E-74 1.00E-74 1.06E-53 4.87E-32 1.96E-21 3.01E-15 2.74E-13 1.12E-12
 2.17E-12 3.98E-12 5.95E-12 7.08E-12 6.73E-12 6.18E-12
 1.00E-74 1.00E-74 2.54E-53 8.98E-32 4.45E-21 8.03E-15 6.58E-13 2.32E-12
 3.96E-12 6.19E-12 8.10E-12 9.01E-12 8.67E-12 8.13E-12
  5427.47    7  14 /pl=01:ss= 2:pb= 1:sz= 2/type=excit/ispb = t/isel =   42
 1.00E+10 1.00E+11 1.00E+12 1.00E+13 1.00E+14 1.00E+15 1.00E+16
 1.55E-01 2.33E-01 3.88E-01 7.75E-01 1.55E+00 3.88E+00 7.75E+00 1.16E+01
 1.55E+01 2.33E+01 3.88E+01 7.75E+01 1.55E+02 2.33E+02
 1.00E-74 1.00E-74 1.00E-74 1.93E-30 2.49E-20 2.34E-14 1.93E-12 7.85E-12
 1.53E-11 2.87E-11 4.52E-11 5.98E-11 6.51E-11 6.52E-11
 1.00E-74 1.00E-74 1.00E-74 1.94E-30 2.50E-20 2.35E-14 1.94E-12 7.88E-12
 1.54E-11 2.88E-11 4.54E-11 6.00E-11 6.52E-11 6.52E-11
 1.00E-74 1.00E-74 1.00E-74 2.02E-30 2.62E-20 2.46E-14 2.03E-12 8.20E-12
 1.59E-11 2.98E-11 4.67E-11 6.12E-11 6.62E-11 6.60E-11
 1.00E-74 1.00E-74 1.00E-74 2.58E-30 3.33E-20 3.08E-14 2.50E-12 1.00E-11
 1.93E-11 3.57E-11 5.48E-11 6.96E-11 7.29E-11 7.14E-11
 1.00E-74 1.00E-74 2.21E-50 4.13E-30 4.69E-20 3.92E-14 3.08E-12 1.22E-11
 2.36E-11 4.34E-11 6.62E-11 8.27E-11 8.44E-11 8.12E-11
 1.00E-74 1.00E-74 4.91E-50 8.39E-30 8.07E-20 5.30E-14 3.64E-12 1.36E-11
 2.52E-11 4.43E-11 6.46E-11 7.68E-11 7.51E-11 7.07E-11
 1.00E-74 1.00E-74 7.74E-50 1.48E-29 1.70E-19 1.28E-13 7.81E-12 2.49E-11
 4.06E-11 6.05E-11 7.63E-11 8.28E-11 7.91E-11 7.43E-11
  5604.34    7  14 /pl=01:ss= 2:pb= 1:sz= 2/type=excit/ispb = t/isel =   43
 1.00E+10 1.00E+11 1.00E+12 1.00E+13 1.00E+14 1.00E+15 1.00E+16
 1.55E-01 2.33E-01 3.88E-01 7.75E-01 1.55E+00 3.88E+00 7.75E+00 1.16E+01
 1.55E+01 2.33E+01 3.88E+01 7.75E+01 1.55E+02 2.33E+02
 1.00E-74 1.00E-74 1.00E-74 4.57E-32 3.53E-21 9.42E-15 1.10E-12 5.00E-12
 1.03E-11 2.03E-11 3.21E-11 3.94E-11 3.70E-11 3.34E-11
 1.00E-74 1.00E-74 1.00E-74 4.52E-32 3.49E-21 9.30E-15 1.08E-12 4.95E-12
 1.02E-11 2.01E-11 3.19E-11 3.91E-11 3.69E-11 3.33E-11
 1.00E-74 1.00E-74 1.00E-74 4.07E-32 3.10E-21 8.28E-15 9.73E-13 4.47E-12
 9.26E-12 1.84E-11 2.94E-11 3.67E-11 3.51E-11 3.19E-11
 1.00E-74 1.00E-74 1.00E-74 2.73E-32 1.98E-21 5.19E-15 6.10E-13 2.81E-12
 5.86E-12 1.18E-11 1.93E-11 2.50E-11 2.52E-11 2.37E-11
 1.00E-74 1.00E-74 1.00E-74 2.90E-32 1.89E-21 4.45E-15 4.92E-13 2.19E-12
 4.47E-12 8.67E-12 1.37E-11 1.70E-11 1.67E-11 1.55E-11
 1.00E-74 1.00E-74 1.00E-74 6.96E-32 4.18E-21 8.16E-15 8.00E-13 3.36E-12
 6.57E-12 1.22E-11 1.83E-11 2.16E-11 2.03E-11 1.85E-11
 1.00E-74 1.00E-74 1.70E-53 1.32E-31 9.79E-21 2.26E-14 2.00E-12 7.25E-12
 1.26E-11 1.99E-11 2.63E-11 2.95E-11 2.84E-11 2.67E-11
  5909.68    7  14 /pl=01:ss= 2:pb= 1:sz= 2/type=excit/ispb = t/isel =   44
 1.00E+10 1.00E+11 1.00E+12 1.00E+13 1.00E+14 1.00E+15 1.00E+16
 1.55E-01 2.33E-01 3.88E-01 7.75E-01 1.55E+00 3.88E+00 7.75E+00 1.16E+01
 1.55E+01 2.33E+01 3.88E+01 7.75E+01 1.55E+02 2.33E+02
 1.00E-74 1.00E-74 1.00E-74 3.36E-29 3.68E-19 3.10E-13 2.45E-11 9.67E-11
 1.85E-10 3.35E-10 4.96E-10 5.81E-10 5.41E-10 4.89E-10
 1.00E-74 1.00E-74 1.00E-74 3.36E-29 3.68E-19 3.10E-13 2.45E-11 9.66E-11
 1.85E-10 3.35E-10 4.96E-10 5.80E-10 5.41E-10 4.89E-10
 1.00E-74 1.00E-74 2.35E-49 3.37E-29 3.67E-19 3.08E-13 2.43E-11 9.60E-11
 1.84E-10 3.33E-10 4.94E-10 5.78E-10 5.40E-10 4.88E-10
 1.00E-74 1.00E-74 2.35E-49 3.41E-29 3.59E-19 2.95E-13 2.31E-11 9.15E-11
 1.76E-10 3.19E-10 4.76E-10 5.62E-10 5.28E-10 4.80E-10
 1.00E-74 1.00E-74 2.40E-49 3.25E-29 3.05E-19 2.29E-13 1.75E-11 6.91E-11
 1.33E-10 2.44E-10 3.70E-10 4.53E-10 4.43E-10 4.12E-10
 1.00E-74 1.00E-74 3.67E-49 4.85E-29 4.10E-19 2.50E-13 1.67E-11 6.18E-11
 1.14E-10 1.99E-10 2.88E-10 3.38E-10 3.24E-10 3.01E-10
 1.00E-74 1.00E-74 5.34E-49 8.03E-29 8.16E-19 5.73E-13 3.42E-11 1.08E-10
 1.76E-10 2.61E-10 3.28E-10 3.56E-10 3.40E-10 3.20E-10
  5921.15    7  14 /pl=01:ss= 2:pb= 1:sz= 2/type=excit/ispb = t/isel =   45
 1.00E+10 1.00E+11 1.00E+12 1.00E+13 1.00E+14 1.00E+15 1.00E+16
 1.55E-01 2.33E-01 3.88E-01 7.75E-01 1.55E+00 3.88E+00 7.75E+00 1.16E+01
 1.55E+01 2.33E+01 3.88E+01 7.75E+01 1.55E+02 2.33E+02
 1.00E-74 1.00E-74 1.00E-74 9.72E-40 8.71E-25 6.37E-16 4.73E-13 3.93E-12
 1.09E-11 2.83E-11 5.54E-11 7.88E-11 7.96E-11 7.34E-11
 1.00E-74 1.00E-74 1.00E-74 9.72E-40 8.71E-25 6.37E-16 4.73E-13 3.93E-12
 1.08E-11 2.83E-11 5.54E-11 7.88E-11 7.96E-11 7.34E-11
 1.00E-74 1.00E-74 1.00E-74 9.70E-40 8.69E-25 6.36E-16 4.72E-13 3.92E-12
 1.08E-11 2.82E-11 5.53E-11 7.87E-11 7.95E-11 7.34E-11
 1.00E-74 1.00E-74 1.00E-74 9.54E-40 8.51E-25 6.21E-16 4.62E-13 3.84E-12
 1.06E-11 2.77E-11 5.45E-11 7.79E-11 7.91E-11 7.33E-11
 1.00E-74 1.00E-74 1.00E-74 9.16E-40 7.70E-25 5.32E-16 3.90E-13 3.25E-12
 9.00E-12 2.37E-11 4.72E-11 6.95E-11 7.33E-11 6.97E-11
 1.00E-74 1.00E-74 1.00E-74 1.65E-39 1.04E-24 4.97E-16 3.02E-13 2.32E-12
 6.17E-12 1.55E-11 3.00E-11 4.39E-11 4.79E-11 4.72E-11
 1.00E-74 1.00E-74 1.00E-74 9.23E-39 6.09E-24 2.46E-15 1.04E-12 6.05E-12
 1.30E-11 2.50E-11 3.74E-11 4.41E-11 4.23E-11 3.93E-11
  6107.69    7  14 /pl=01:ss= 2:pb= 1:sz= 2/type=excit/ispb = t/isel =   46
 1.00E+10 1.00E+11 1.00E+12 1.00E+13 1.00E+14 1.00E+15 1.00E+16
 1.55E-01 2.33E-01 3.88E-01 7.75E-01 1.55E+00 3.88E+00 7.75E+00 1.16E+01
 1.55E+01 2.33E+01 3.88E+01 7.75E+01 1.55E+02 2.33E+02
 1.00E-74 1.00E-74 1.00E-74 4.73E-29 1.47E-19 5.87E-14 3.64E-12 1.33E-11
 2.46E-11 4.35E-11 6.36E-11 7.53E-11 7.21E-11 6.60E-11
 1.00E-74 1.00E-74 3.05E-48 4.74E-29 1.48E-19 5.87E-14 3.64E-12 1.33E-11
 2.46E-11 4.35E-11 6.36E-11 7.53E-11 7.21E-11 6.60E-11
 1.00E-74 1.00E-74 3.67E-48 4.81E-29 1.49E-19 5.92E-14 3.66E-12 1.34E-11
 2.47E-11 4.36E-11 6.38E-11 7.55E-11 7.22E-11 6.61E-11
 1.00E-74 1.00E-74 4.40E-48 5.51E-29 1.65E-19 6.37E-14 3.88E-12 1.41E-11
 2.59E-11 4.54E-11 6.60E-11 7.76E-11 7.38E-11 6.75E-11
 1.00E-74 1.00E-74 1.10E-47 1.19E-28 3.10E-19 1.05E-13 5.94E-12 2.08E-11
 3.74E-11 6.36E-11 8.91E-11 1.00E-10 9.16E-11 8.21E-11
 1.00E-74 1.00E-74 4.31E-47 4.73E-28 1.16E-18 3.41E-13 1.75E-11 5.85E-11
 1.02E-10 1.67E-10 2.25E-10 2.44E-10 2.16E-10 1.90E-10
 1.00E-74 1.00E-74 6.96E-47 8.80E-28 2.61E-18 8.90E-13 4.21E-11 1.23E-10
 1.92E-10 2.75E-10 3.37E-10 3.60E-10 3.45E-10 3.25E-10
  6458.32    7  14 /pl=01:ss= 2:pb= 1:sz= 2/type=excit/ispb = t/isel =   47
 1.00E+10 1.00E+11 1.00E+12 1.00E+13 1.00E+14 1.00E+15 1.00E+16
 1.55E-01 2.33E-01 3.88E-01 7.75E-01 1.55E+00 3.88E+00 7.75E+00 1.16E+01
 1.55E+01 2.33E+01 3.88E+01 7.75E+01 1.55E+02 2.33E+02
 1.00E-74 1.00E-74 1.00E-74 5.90E-30 6.46E-20 5.45E-14 4.30E-12 1.70E-11
 3.25E-11 5.89E-11 8.72E-11 1.02E-10 9.50E-11 8.59E-11
 1.00E-74 1.00E-74 1.00E-74 5.90E-30 6.46E-20 5.45E-14 4.29E-12 1.70E-11
 3.25E-11 5.89E-11 8.71E-11 1.02E-10 9.50E-11 8.59E-11
 1.00E-74 1.00E-74 4.13E-50 5.92E-30 6.45E-20 5.42E-14 4.27E-12 1.69E-11
 3.23E-11 5.85E-11 8.67E-11 1.02E-10 9.47E-11 8.57E-11
 1.00E-74 1.00E-74 4.13E-50 5.99E-30 6.30E-20 5.17E-14 4.06E-12 1.61E-11
 3.09E-11 5.61E-11 8.36E-11 9.87E-11 9.28E-11 8.43E-11
 1.00E-74 1.00E-74 4.22E-50 5.71E-30 5.36E-20 4.02E-14 3.07E-12 1.21E-11
 2.33E-11 4.28E-11 6.49E-11 7.95E-11 7.78E-11 7.23E-11
 1.00E-74 1.00E-74 6.45E-50 8.52E-30 7.20E-20 4.39E-14 2.93E-12 1.09E-11
 2.00E-11 3.49E-11 5.06E-11 5.94E-11 5.70E-11 5.28E-11
 1.00E-74 1.00E-74 9.38E-50 1.41E-29 1.43E-19 1.01E-13 6.00E-12 1.90E-11
 3.08E-11 4.58E-11 5.76E-11 6.24E-11 5.97E-11 5.61E-11
  6476.68    7  14 /pl=01:ss= 2:pb= 1:sz= 2/type=excit/ispb = t/isel =   48
 1.00E+10 1.00E+11 1.00E+12 1.00E+13 1.00E+14 1.00E+15 1.00E+16
 1.55E-01 2.33E-01 3.88E-01 7.75E-01 1.55E+00 3.88E+00 7.75E+00 1.16E+01
 1.55E+01 2.33E+01 3.88E+01 7.75E+01 1.55E+02 2.33E+02
 1.00E-74 1.00E-74 1.00E-74 3.10E-39 8.22E-25 3.23E-16 2.02E-13 1.59E-12
 4.29E-12 1.10E-11 2.14E-11 3.14E-11 3.43E-11 3.40E-11
 1.00E-74 1.00E-74 1.00E-74 3.10E-39 8.22E-25 3.23E-16 2.02E-13 1.59E-12
 4.29E-12 1.09E-11 2.14E-11 3.14E-11 3.43E-11 3.40E-11
 1.00E-74 1.00E-74 1.00E-74 3.11E-39 8.23E-25 3.23E-16 2.02E-13 1.59E-12
 4.28E-12 1.09E-11 2.13E-11 3.14E-11 3.43E-11 3.40E-11
 1.00E-74 1.00E-74 1.00E-74 3.16E-39 8.28E-25 3.21E-16 1.99E-13 1.57E-12
 4.22E-12 1.08E-11 2.11E-11 3.10E-11 3.40E-11 3.37E-11
 1.00E-74 1.00E-74 1.00E-74 3.64E-39 8.79E-25 3.08E-16 1.83E-13 1.42E-12
 3.80E-12 9.67E-12 1.89E-11 2.80E-11 3.10E-11 3.10E-11
 1.00E-74 1.00E-74 1.00E-74 7.66E-39 1.42E-24 3.45E-16 1.68E-13 1.19E-12
 3.05E-12 7.35E-12 1.37E-11 1.95E-11 2.12E-11 2.10E-11
 1.00E-74 1.00E-74 1.00E-74 4.07E-38 7.30E-24 1.40E-15 4.63E-13 2.48E-12
 5.16E-12 9.60E-12 1.41E-11 1.66E-11 1.61E-11 1.52E-11
  6695.55    7  14 /pl=01:ss= 2:pb= 1:sz= 2/type=excit/ispb = t/isel =   49
 1.00E+10 1.00E+11 1.00E+12 1.00E+13 1.00E+14 1.00E+15 1.00E+16
 1.55E-01 2.33E-01 3.88E-01 7.75E-01 1.55E+00 3.88E+00 7.75E+00 1.16E+01
 1.55E+01 2.33E+01 3.88E+01 7.75E+01 1.55E+02 2.33E+02
 1.00E-74 1.00E-74 4.27E-47 4.44E-28 1.30E-18 5.37E-13 3.44E-11 1.28E-10
 2.37E-10 4.17E-10 6.08E-10 7.07E-10 6.59E-10 5.97E-10
 1.00E-74 1.00E-74 4.16E-47 4.43E-28 1.30E-18 5.37E-13 3.43E-11 1.27E-10
 2.36E-10 4.17E-10 6.07E-10 7.06E-10 6.59E-10 5.97E-10
 1.00E-74 1.00E-74 4.10E-47 4.38E-28 1.28E-18 5.31E-13 3.39E-11 1.26E-10
 2.34E-10 4.12E-10 6.01E-10 7.00E-10 6.54E-10 5.93E-10
 1.00E-74 1.00E-74 3.57E-47 3.91E-28 1.16E-18 4.77E-13 3.04E-11 1.13E-10
 2.10E-10 3.73E-10 5.48E-10 6.46E-10 6.12E-10 5.60E-10
 1.00E-74 1.00E-74 2.19E-47 2.43E-28 7.07E-19 2.76E-13 1.72E-11 6.38E-11
 1.19E-10 2.13E-10 3.20E-10 3.95E-10 3.95E-10 3.74E-10
 1.00E-74 1.00E-74 2.42E-47 2.37E-28 5.85E-19 1.78E-13 9.58E-12 3.31E-11
 5.92E-11 1.01E-10 1.45E-10 1.74E-10 1.73E-10 1.64E-10
 1.00E-74 1.00E-74 3.30E-47 3.36E-28 9.04E-19 2.90E-13 1.34E-11 3.89E-11
 6.05E-11 8.64E-11 1.06E-10 1.14E-10 1.09E-10 1.04E-10
  8695.27    7  14 /pl=01:ss= 2:pb= 1:sz= 2/type=excit/ispb = t/isel =   50
 1.00E+10 1.00E+11 1.00E+12 1.00E+13 1.00E+14 1.00E+15 1.00E+16
 1.55E-01 2.33E-01 3.88E-01 7.75E-01 1.55E+00 3.88E+00 7.75E+00 1.16E+01
 1.55E+01 2.33E+01 3.88E+01 7.75E+01 1.55E+02 2.33E+02
 1.00E-74 1.00E-74 2.53E-47 2.63E-28 7.71E-19 3.19E-13 2.04E-11 7.57E-11
 1.40E-10 2.48E-10 3.60E-10 4.19E-10 3.91E-10 3.54E-10
 1.00E-74 1.00E-74 2.47E-47 2.63E-28 7.71E-19 3.18E-13 2.04E-11 7.56E-11
 1.40E-10 2.47E-10 3.60E-10 4.19E-10 3.91E-10 3.54E-10
 1.00E-74 1.00E-74 2.43E-47 2.60E-28 7.62E-19 3.15E-13 2.01E-11 7.47E-11
 1.39E-10 2.45E-10 3.57E-10 4.15E-10 3.88E-10 3.52E-10
 1.00E-74 1.00E-74 2.12E-47 2.32E-28 6.87E-19 2.83E-13 1.80E-11 6.71E-11
 1.25E-10 2.21E-10 3.25E-10 3.83E-10 3.63E-10 3.32E-10
 1.00E-74 1.00E-74 1.30E-47 1.44E-28 4.19E-19 1.64E-13 1.02E-11 3.79E-11
 7.06E-11 1.26E-10 1.90E-10 2.34E-10 2.34E-10 2.22E-10
 1.00E-74 1.00E-74 1.44E-47 1.40E-28 3.47E-19 1.06E-13 5.68E-12 1.97E-11
 3.51E-11 5.99E-11 8.61E-11 1.03E-10 1.02E-10 9.75E-11
 1.00E-74 1.00E-74 1.96E-47 2.00E-28 5.37E-19 1.72E-13 7.93E-12 2.31E-11
 3.59E-11 5.13E-11 6.27E-11 6.73E-11 6.49E-11 6.18E-11
c-------------------------------------------------------------------------------
 
C  root partition information
C  ==========================
C
C  nuclear charge : 18
C  ion charge+1   :  3
C
C  population calculation information
C  ----------------------------------
C
C  population processing code: adas810
C
C  adf04 source file    : adf04_copmm#18_ca_40#ar2_t3.dat
C  adf18/a17_p208 file  : NULL
C
C  meta. ion. coeff. selector  : 
 
C  options  : lnorm =T  lpsel =F  lzsel =T  liosel=F
C           : lhsel =F  lrsel =F  lisel =F  lnsel =F
 
C  energy levels
C  -------------
C
C   lv      configuration    (2S+1)L(w-1/2)      energy (cm^-1)
C  ---   ------------------- --------------      --------------
c    1   24545                  (0)0(  7.0)             0.0
c    2   14555                  (0)0(  5.5)        147157.7
c    3   24535516               (0)0( 98.5)        173505.6
c    4   24535517               (0)0( 19.5)        189900.3
c    5   24535518               (0)0( 59.5)        219990.3
c    6   24535519               (0)0( 98.5)        261119.8
c    7   2453551B               (0)0( 19.5)        264554.6
c    8   2453551C               (0)0( 59.5)        276055.1
c    9   2453551A               (0)0(139.5)        277492.6
c   10   2453551D               (0)0( 98.5)        292976.5
c   11   2453551G               (0)0( 19.5)        294479.9
c   12   2453551H               (0)0( 59.5)        300120.4
c   13   2453551E               (0)0(139.5)        300570.4
c   14   2453551I               (0)0( 98.5)        308855.5
c   15   2453551M               (0)0( 19.5)        309678.5
c   16   14545516               (0)0(149.5)        310984.4
c   17   2453551N               (0)0( 59.5)        312860.9
c   18   2453551J               (0)0(139.5)        313025.5
c   19   2453551O               (0)0( 98.5)        317963.7
c   20   2453551P               (0)0(139.5)        320520.6
c   21   14545518               (0)0( 89.5)        361507.5
c   22   14545519               (0)0(149.5)        402626.0
c   23   1454551C               (0)0( 89.5)        418066.0
c   24   1454551D               (0)0(149.5)        434954.6
c   25   1454551H               (0)0( 89.5)        442263.1
c   26   1454551I               (0)0(149.5)        450976.2
c   27   1454551N               (0)0( 89.5)        455058.5
c   28   1454551O               (0)0(149.5)        460150.3
 
 
 
c-------------------------------------------------------------------------------
 
C  superstage partition information
C  ================================
C
C  element symbol   : Ar
C  parent template  : 
C  partition level  :  1
C  superstage label :  2
C
C  tabulation       : photon emissivity coefft (te,ne)
C  units            : ph. emis coef(cm^3 s^-1); te (ev); ne (cm^-3)
C
C  photon emissivity atomic transitions
C  ------------------------------------
C  
C   isel  wvlen(A)            transition                type  ispb nspb
C                                                             ispp nspp sz    tg pr wr
C  ----- ---------- ----------------------------------- ----- ---- ---- --    -- -- --
C      1   239.197   23(0)0( 89.5)-  1(0)0(  7.0)       excit   1    1   2    22 29  1
C      2   276.619   21(0)0( 89.5)-  1(0)0(  7.0)       excit   1    1   2    20 14  2
C      3   322.916   15(0)0( 19.5)-  1(0)0(  7.0)       excit   1    1   2    14 35  3
C      4   339.582   11(0)0( 19.5)-  1(0)0(  7.0)       excit   1    1   2    10 24  4
C      5   341.324   10(0)0( 98.5)-  1(0)0(  7.0)       excit   1    1   2     8 32  5
C      6   377.994    7(0)0( 19.5)-  1(0)0(  7.0)       excit   1    1   2     6 11  6
C      7   382.966    6(0)0( 98.5)-  1(0)0(  7.0)       excit   1    1   2     4 10  7
C      8   391.438   22(0)0(149.5)-  2(0)0(  5.5)       excit   1    1   2   153 46  8
C      9   526.592    4(0)0( 19.5)-  1(0)0(  7.0)       excit   1    1   2     2  3  9
C     10   576.350    3(0)0( 98.5)-  1(0)0(  7.0)       excit   1    1   2     1  1 10
C     11   610.401   16(0)0(149.5)-  2(0)0(  5.5)       excit   1    1   2   151  4 11
C     12   679.543    2(0)0(  5.5)-  1(0)0(  7.0)       excit   1    1   2    18  2 12
C     13   680.203   20(0)0(139.5)-  3(0)0( 98.5)       excit   1    1   2    43 23 13
C     14   703.627   26(0)0(149.5)- 14(0)0( 98.5)       excit   1    1   2   140 39 14
C     15   716.744   18(0)0(139.5)-  3(0)0( 98.5)       excit   1    1   2    39 22 15
C     16   717.590   17(0)0( 59.5)-  3(0)0( 98.5)       excit   1    1   2    41 25 16
C     17   787.000   13(0)0(139.5)-  3(0)0( 98.5)       excit   1    1   2    35 13 17
C     18   789.797   12(0)0( 59.5)-  3(0)0( 98.5)       excit   1    1   2    37 20 18
C     19   907.276   12(0)0( 59.5)-  4(0)0( 19.5)       excit   1    1   2    50 41 19
C     20   933.867   23(0)0( 89.5)- 16(0)0(149.5)       excit   1    1   2   162 37 20
C     21   961.659    9(0)0(139.5)-  3(0)0( 98.5)       excit   1    1   2    31  8 21
C     22   975.139    8(0)0( 59.5)-  3(0)0( 98.5)       excit   1    1   2    33  9 22
C     23   1020.69   19(0)0( 98.5)-  5(0)0( 59.5)       excit   1    1   2    67 43 23
C     24   1114.97   15(0)0( 19.5)-  5(0)0( 59.5)       excit   1    1   2    65 47 24
C     25   1125.30   14(0)0( 98.5)-  5(0)0( 59.5)       excit   1    1   2    63 26 25
C     26   1160.70    8(0)0( 59.5)-  4(0)0( 19.5)       excit   1    1   2    47 38 26
C     27   1342.47   11(0)0( 19.5)-  5(0)0( 59.5)       excit   1    1   2    61 31 27
C     28   1361.52   24(0)0(149.5)- 21(0)0( 89.5)       excit   1    1   2   170 40 28
C     29   1370.12   10(0)0( 98.5)-  5(0)0( 59.5)       excit   1    1   2    59 18 29
C     30   1926.57   18(0)0(139.5)-  6(0)0( 98.5)       excit   1    1   2    77 50 30
C     31   1932.70   17(0)0( 59.5)-  6(0)0( 98.5)       excit   1    1   2    79 42 31
C     32   1979.29   21(0)0( 89.5)- 16(0)0(149.5)       excit   1    1   2   160 21 32
C     33   2151.25    5(0)0( 59.5)-  3(0)0( 98.5)       excit   1    1   2    29  5 33
C     34   2243.95    7(0)0( 19.5)-  5(0)0( 59.5)       excit   1    1   2    57 16 34
C     35   2386.15   19(0)0( 98.5)-  8(0)0( 59.5)       excit   1    1   2   107 44 35
C     36   2431.34    6(0)0( 98.5)-  5(0)0( 59.5)       excit   1    1   2    55  7 36
C     37   2432.00   22(0)0(149.5)- 21(0)0( 89.5)       excit   1    1   2   168 17 37
C     38   2564.06   12(0)0( 59.5)-  6(0)0( 98.5)       excit   1    1   2    75 27 38
C     39   3048.74   14(0)0( 98.5)-  8(0)0( 59.5)       excit   1    1   2   103 28 39
C     40   3323.36    5(0)0( 59.5)-  4(0)0( 19.5)       excit   1    1   2    44  6 40
C     41   5029.07   17(0)0( 59.5)- 10(0)0( 98.5)       excit   1    1   2   115 48 41
C     42   5427.47   11(0)0( 19.5)-  8(0)0( 59.5)       excit   1    1   2   101 36 42
C     43   5604.34   19(0)0( 98.5)- 12(0)0( 59.5)       excit   1    1   2   133 45 43
C     44   5909.68   10(0)0( 98.5)-  8(0)0( 59.5)       excit   1    1   2    99 15 44
C     45   5921.15   24(0)0(149.5)- 23(0)0( 89.5)       excit   1    1   2   181 33 45
C     46   6107.69    9(0)0(139.5)-  6(0)0( 98.5)       excit   1    1   2    69 34 46
C     47   6458.32   10(0)0( 98.5)-  9(0)0(139.5)       excit   1    1   2    82 30 47
C     48   6476.68   23(0)0( 89.5)- 22(0)0(149.5)       excit   1    1   2   175 49 48
C     49   6695.55    8(0)0( 59.5)-  6(0)0( 98.5)       excit   1    1   2    71 12 49
C     50   8695.27    8(0)0( 59.5)-  7(0)0( 19.5)       excit   1    1   2    90 19 50
c-------------------------------------------------------------------------------
                                                                                
C  code     : adas810
C  producer : Adam Foster
C  date     : 13/05/09
                                                                                
c-------------------------------------------------------------------------------
