   50    /Ar:12 photon emissivity coefficients/
--------------------------------------------------------------------------------
    1    1    1    1    1    1    1    1    1    1    1    1    1    1
    1    1    1    1    1
--------------------------------------------------------------------------------
//#01/p00/ 00/p01/ 01/p02/ 02/p03/ 03/p04/ 04/p05/ 05/p06/ 06/p07/ 07/p08/ 08/  
      p09/ 09/p10/ 10/p11/ 11/p12/ 12/p13/ 13/p14/ 14/p15/ 15/p16/ 16/p17/ 17/  
      p18/ 18/                                                                  
--------------------------------------------------------------------------------
  18.8207    7  14 /pl=01:ss=12:pb= 1:sz=12/type=excit/ispb = t/isel =    1
 1.00E+10 1.00E+11 1.00E+12 1.00E+13 1.00E+14 1.00E+15 1.00E+16
 2.91E+00 4.37E+00 7.28E+00 1.46E+01 2.91E+01 7.28E+01 1.46E+02 2.18E+02
 2.91E+02 4.37E+02 7.28E+02 1.46E+03 2.91E+03 4.37E+03
 1.00E-74 1.00E-74 1.00E-74 7.13E-31 3.36E-21 1.69E-15 1.13E-13 4.27E-13
 8.09E-13 1.48E-12 2.34E-12 3.19E-12 3.64E-12 3.75E-12
 1.00E-74 1.00E-74 1.00E-74 7.13E-31 3.36E-21 1.69E-15 1.13E-13 4.27E-13
 8.09E-13 1.48E-12 2.34E-12 3.19E-12 3.64E-12 3.75E-12
 1.00E-74 1.00E-74 1.00E-74 7.13E-31 3.36E-21 1.69E-15 1.13E-13 4.27E-13
 8.09E-13 1.48E-12 2.34E-12 3.19E-12 3.64E-12 3.75E-12
 1.00E-74 1.00E-74 1.00E-74 7.13E-31 3.36E-21 1.69E-15 1.13E-13 4.27E-13
 8.09E-13 1.48E-12 2.34E-12 3.19E-12 3.64E-12 3.75E-12
 1.00E-74 1.00E-74 1.00E-74 7.12E-31 3.36E-21 1.69E-15 1.13E-13 4.27E-13
 8.09E-13 1.48E-12 2.34E-12 3.19E-12 3.64E-12 3.75E-12
 1.00E-74 1.00E-74 1.00E-74 7.08E-31 3.34E-21 1.68E-15 1.12E-13 4.25E-13
 8.06E-13 1.48E-12 2.33E-12 3.18E-12 3.64E-12 3.74E-12
 1.00E-74 1.00E-74 2.29E-50 6.71E-31 3.18E-21 1.61E-15 1.08E-13 4.10E-13
 7.79E-13 1.43E-12 2.27E-12 3.11E-12 3.57E-12 3.67E-12
  19.5088    7  14 /pl=01:ss=12:pb= 1:sz=12/type=excit/ispb = t/isel =    2
 1.00E+10 1.00E+11 1.00E+12 1.00E+13 1.00E+14 1.00E+15 1.00E+16
 2.91E+00 4.37E+00 7.28E+00 1.46E+01 2.91E+01 7.28E+01 1.46E+02 2.18E+02
 2.91E+02 4.37E+02 7.28E+02 1.46E+03 2.91E+03 4.37E+03
 1.00E-74 1.00E-74 1.00E-74 5.86E-30 1.24E-20 3.84E-15 2.17E-13 7.71E-13
 1.40E-12 2.45E-12 3.62E-12 4.47E-12 4.61E-12 4.48E-12
 1.00E-74 1.00E-74 1.00E-74 5.86E-30 1.24E-20 3.84E-15 2.17E-13 7.71E-13
 1.40E-12 2.45E-12 3.62E-12 4.47E-12 4.61E-12 4.48E-12
 1.00E-74 1.00E-74 1.00E-74 5.86E-30 1.24E-20 3.84E-15 2.17E-13 7.71E-13
 1.40E-12 2.45E-12 3.62E-12 4.47E-12 4.61E-12 4.48E-12
 1.00E-74 1.00E-74 1.00E-74 5.86E-30 1.24E-20 3.84E-15 2.17E-13 7.71E-13
 1.40E-12 2.45E-12 3.62E-12 4.47E-12 4.61E-12 4.48E-12
 1.00E-74 1.00E-74 1.77E-48 5.86E-30 1.24E-20 3.84E-15 2.17E-13 7.70E-13
 1.40E-12 2.45E-12 3.62E-12 4.47E-12 4.61E-12 4.48E-12
 1.00E-74 1.00E-74 8.83E-49 5.86E-30 1.24E-20 3.84E-15 2.17E-13 7.70E-13
 1.40E-12 2.45E-12 3.61E-12 4.47E-12 4.60E-12 4.47E-12
 1.00E-74 1.00E-74 9.18E-49 5.78E-30 1.23E-20 3.80E-15 2.15E-13 7.64E-13
 1.39E-12 2.43E-12 3.59E-12 4.44E-12 4.57E-12 4.44E-12
  19.7211    7  14 /pl=01:ss=12:pb= 1:sz=12/type=excit/ispb = t/isel =    3
 1.00E+10 1.00E+11 1.00E+12 1.00E+13 1.00E+14 1.00E+15 1.00E+16
 2.91E+00 4.37E+00 7.28E+00 1.46E+01 2.91E+01 7.28E+01 1.46E+02 2.18E+02
 2.91E+02 4.37E+02 7.28E+02 1.46E+03 2.91E+03 4.37E+03
 1.00E-74 1.00E-74 1.00E-74 1.13E-29 1.91E-20 5.23E-15 2.86E-13 1.01E-12
 1.86E-12 3.31E-12 5.09E-12 6.83E-12 7.77E-12 7.92E-12
 1.00E-74 1.00E-74 1.00E-74 1.13E-29 1.91E-20 5.23E-15 2.86E-13 1.01E-12
 1.86E-12 3.31E-12 5.09E-12 6.83E-12 7.77E-12 7.92E-12
 1.00E-74 1.00E-74 1.00E-74 1.13E-29 1.91E-20 5.23E-15 2.86E-13 1.01E-12
 1.86E-12 3.31E-12 5.09E-12 6.83E-12 7.77E-12 7.92E-12
 1.00E-74 1.00E-74 1.00E-74 1.13E-29 1.91E-20 5.23E-15 2.86E-13 1.01E-12
 1.86E-12 3.31E-12 5.09E-12 6.83E-12 7.77E-12 7.92E-12
 1.00E-74 1.00E-74 2.65E-48 1.13E-29 1.91E-20 5.23E-15 2.86E-13 1.01E-12
 1.86E-12 3.31E-12 5.09E-12 6.83E-12 7.77E-12 7.92E-12
 1.00E-74 1.00E-74 2.78E-48 1.13E-29 1.91E-20 5.22E-15 2.86E-13 1.01E-12
 1.86E-12 3.31E-12 5.08E-12 6.83E-12 7.76E-12 7.92E-12
 1.00E-74 1.00E-74 2.86E-48 1.13E-29 1.91E-20 5.19E-15 2.84E-13 1.01E-12
 1.84E-12 3.29E-12 5.05E-12 6.78E-12 7.72E-12 7.88E-12
  20.0556    7  14 /pl=01:ss=12:pb= 1:sz=12/type=excit/ispb = t/isel =    4
 1.00E+10 1.00E+11 1.00E+12 1.00E+13 1.00E+14 1.00E+15 1.00E+16
 2.91E+00 4.37E+00 7.28E+00 1.46E+01 2.91E+01 7.28E+01 1.46E+02 2.18E+02
 2.91E+02 4.37E+02 7.28E+02 1.46E+03 2.91E+03 4.37E+03
 1.00E-74 1.00E-74 1.00E-74 3.44E-29 4.05E-20 8.83E-15 4.46E-13 1.51E-12
 2.71E-12 4.67E-12 6.77E-12 8.32E-12 8.52E-12 8.27E-12
 1.00E-74 1.00E-74 1.00E-74 3.44E-29 4.05E-20 8.83E-15 4.46E-13 1.51E-12
 2.71E-12 4.67E-12 6.77E-12 8.32E-12 8.52E-12 8.27E-12
 1.00E-74 1.00E-74 1.00E-74 3.44E-29 4.05E-20 8.83E-15 4.46E-13 1.51E-12
 2.71E-12 4.67E-12 6.77E-12 8.32E-12 8.52E-12 8.27E-12
 1.00E-74 1.00E-74 2.87E-47 3.44E-29 4.05E-20 8.83E-15 4.46E-13 1.51E-12
 2.71E-12 4.67E-12 6.77E-12 8.32E-12 8.52E-12 8.27E-12
 1.00E-74 1.00E-74 1.72E-47 3.44E-29 4.05E-20 8.83E-15 4.46E-13 1.51E-12
 2.71E-12 4.67E-12 6.77E-12 8.32E-12 8.52E-12 8.27E-12
 1.00E-74 1.00E-74 1.78E-47 3.45E-29 4.06E-20 8.84E-15 4.46E-13 1.51E-12
 2.71E-12 4.67E-12 6.77E-12 8.32E-12 8.52E-12 8.27E-12
 1.00E-74 1.00E-74 1.79E-47 3.46E-29 4.06E-20 8.83E-15 4.45E-13 1.51E-12
 2.71E-12 4.66E-12 6.76E-12 8.30E-12 8.50E-12 8.25E-12
  20.3723    7  14 /pl=01:ss=12:pb= 1:sz=12/type=excit/ispb = t/isel =    5
 1.00E+10 1.00E+11 1.00E+12 1.00E+13 1.00E+14 1.00E+15 1.00E+16
 2.91E+00 4.37E+00 7.28E+00 1.46E+01 2.91E+01 7.28E+01 1.46E+02 2.18E+02
 2.91E+02 4.37E+02 7.28E+02 1.46E+03 2.91E+03 4.37E+03
 1.00E-74 1.00E-74 1.00E-74 8.38E-31 4.17E-21 2.14E-15 1.41E-13 5.24E-13
 9.71E-13 1.70E-12 2.42E-12 2.74E-12 2.47E-12 2.19E-12
 1.00E-74 1.00E-74 1.00E-74 8.38E-31 4.17E-21 2.14E-15 1.41E-13 5.24E-13
 9.71E-13 1.70E-12 2.42E-12 2.74E-12 2.47E-12 2.19E-12
 1.00E-74 1.00E-74 1.00E-74 8.38E-31 4.17E-21 2.14E-15 1.41E-13 5.24E-13
 9.71E-13 1.70E-12 2.42E-12 2.74E-12 2.47E-12 2.19E-12
 1.00E-74 1.00E-74 1.00E-74 8.38E-31 4.17E-21 2.14E-15 1.41E-13 5.25E-13
 9.71E-13 1.70E-12 2.42E-12 2.74E-12 2.47E-12 2.19E-12
 1.00E-74 1.00E-74 1.00E-74 8.39E-31 4.17E-21 2.14E-15 1.41E-13 5.25E-13
 9.72E-13 1.70E-12 2.42E-12 2.74E-12 2.47E-12 2.19E-12
 1.00E-74 1.00E-74 1.00E-74 8.47E-31 4.21E-21 2.15E-15 1.42E-13 5.27E-13
 9.75E-13 1.70E-12 2.43E-12 2.75E-12 2.48E-12 2.20E-12
 1.00E-74 1.00E-74 2.20E-50 9.26E-31 4.50E-21 2.26E-15 1.48E-13 5.46E-13
 1.01E-12 1.75E-12 2.50E-12 2.83E-12 2.55E-12 2.26E-12
  21.0377    7  14 /pl=01:ss=12:pb= 1:sz=12/type=excit/ispb = t/isel =    6
 1.00E+10 1.00E+11 1.00E+12 1.00E+13 1.00E+14 1.00E+15 1.00E+16
 2.91E+00 4.37E+00 7.28E+00 1.46E+01 2.91E+01 7.28E+01 1.46E+02 2.18E+02
 2.91E+02 4.37E+02 7.28E+02 1.46E+03 2.91E+03 4.37E+03
 1.00E-74 1.00E-74 1.00E-74 5.21E-28 2.28E-19 2.77E-14 1.15E-12 3.69E-12
 6.41E-12 1.07E-11 1.52E-11 1.84E-11 1.88E-11 1.82E-11
 1.00E-74 1.00E-74 1.00E-74 5.21E-28 2.28E-19 2.77E-14 1.15E-12 3.69E-12
 6.41E-12 1.07E-11 1.52E-11 1.84E-11 1.88E-11 1.82E-11
 1.00E-74 1.00E-74 2.08E-45 5.21E-28 2.28E-19 2.77E-14 1.15E-12 3.69E-12
 6.41E-12 1.07E-11 1.52E-11 1.84E-11 1.88E-11 1.82E-11
 1.00E-74 1.00E-74 1.98E-45 5.21E-28 2.28E-19 2.77E-14 1.15E-12 3.69E-12
 6.41E-12 1.07E-11 1.52E-11 1.84E-11 1.88E-11 1.82E-11
 1.00E-74 1.00E-74 1.95E-45 5.21E-28 2.28E-19 2.77E-14 1.15E-12 3.69E-12
 6.41E-12 1.07E-11 1.52E-11 1.84E-11 1.88E-11 1.82E-11
 1.00E-74 1.00E-74 1.96E-45 5.22E-28 2.28E-19 2.77E-14 1.15E-12 3.69E-12
 6.41E-12 1.07E-11 1.52E-11 1.84E-11 1.88E-11 1.82E-11
 1.00E-74 1.00E-74 1.98E-45 5.26E-28 2.30E-19 2.78E-14 1.15E-12 3.70E-12
 6.41E-12 1.07E-11 1.52E-11 1.84E-11 1.88E-11 1.82E-11
  21.2600    7  14 /pl=01:ss=12:pb= 1:sz=12/type=excit/ispb = t/isel =    7
 1.00E+10 1.00E+11 1.00E+12 1.00E+13 1.00E+14 1.00E+15 1.00E+16
 2.91E+00 4.37E+00 7.28E+00 1.46E+01 2.91E+01 7.28E+01 1.46E+02 2.18E+02
 2.91E+02 4.37E+02 7.28E+02 1.46E+03 2.91E+03 4.37E+03
 1.00E-74 1.00E-74 1.00E-74 1.47E-29 5.81E-21 7.25E-16 3.10E-14 1.01E-13
 1.75E-13 2.92E-13 4.13E-13 4.93E-13 4.97E-13 4.78E-13
 1.00E-74 1.00E-74 1.00E-74 1.47E-29 5.81E-21 7.25E-16 3.10E-14 1.01E-13
 1.75E-13 2.92E-13 4.13E-13 4.93E-13 4.97E-13 4.78E-13
 1.00E-74 1.00E-74 1.05E-46 1.47E-29 5.81E-21 7.25E-16 3.10E-14 1.01E-13
 1.75E-13 2.92E-13 4.13E-13 4.93E-13 4.97E-13 4.78E-13
 1.00E-74 1.00E-74 8.39E-47 1.47E-29 5.82E-21 7.25E-16 3.10E-14 1.01E-13
 1.75E-13 2.92E-13 4.13E-13 4.93E-13 4.97E-13 4.78E-13
 1.00E-74 1.00E-74 8.07E-47 1.47E-29 5.82E-21 7.26E-16 3.10E-14 1.01E-13
 1.75E-13 2.92E-13 4.13E-13 4.93E-13 4.97E-13 4.78E-13
 1.00E-74 1.00E-74 8.22E-47 1.50E-29 5.88E-21 7.29E-16 3.11E-14 1.01E-13
 1.76E-13 2.93E-13 4.14E-13 4.93E-13 4.97E-13 4.78E-13
 1.00E-74 1.00E-74 9.60E-47 1.71E-29 6.48E-21 7.68E-16 3.21E-14 1.03E-13
 1.79E-13 2.98E-13 4.20E-13 4.99E-13 5.02E-13 4.82E-13
  21.3847    7  14 /pl=01:ss=12:pb= 1:sz=12/type=excit/ispb = t/isel =    8
 1.00E+10 1.00E+11 1.00E+12 1.00E+13 1.00E+14 1.00E+15 1.00E+16
 2.91E+00 4.37E+00 7.28E+00 1.46E+01 2.91E+01 7.28E+01 1.46E+02 2.18E+02
 2.91E+02 4.37E+02 7.28E+02 1.46E+03 2.91E+03 4.37E+03
 1.00E-74 1.00E-74 1.00E-74 1.31E-29 2.44E-20 6.98E-15 3.80E-13 1.32E-12
 2.37E-12 4.02E-12 5.61E-12 6.28E-12 5.67E-12 5.06E-12
 1.00E-74 1.00E-74 1.00E-74 1.31E-29 2.44E-20 6.98E-15 3.80E-13 1.32E-12
 2.37E-12 4.02E-12 5.61E-12 6.28E-12 5.67E-12 5.06E-12
 1.00E-74 1.00E-74 1.00E-74 1.31E-29 2.44E-20 6.98E-15 3.80E-13 1.32E-12
 2.37E-12 4.02E-12 5.61E-12 6.28E-12 5.67E-12 5.06E-12
 1.00E-74 1.00E-74 1.00E-74 1.31E-29 2.44E-20 6.98E-15 3.80E-13 1.32E-12
 2.37E-12 4.02E-12 5.61E-12 6.28E-12 5.67E-12 5.06E-12
 1.00E-74 1.00E-74 3.98E-48 1.32E-29 2.45E-20 6.98E-15 3.80E-13 1.32E-12
 2.37E-12 4.02E-12 5.61E-12 6.28E-12 5.67E-12 5.06E-12
 1.00E-74 1.00E-74 2.79E-48 1.32E-29 2.46E-20 7.00E-15 3.80E-13 1.32E-12
 2.38E-12 4.03E-12 5.62E-12 6.29E-12 5.68E-12 5.06E-12
 1.00E-74 1.00E-74 2.94E-48 1.40E-29 2.56E-20 7.18E-15 3.88E-13 1.35E-12
 2.41E-12 4.08E-12 5.69E-12 6.37E-12 5.75E-12 5.12E-12
  21.6639    7  14 /pl=01:ss=12:pb= 1:sz=12/type=excit/ispb = t/isel =    9
 1.00E+10 1.00E+11 1.00E+12 1.00E+13 1.00E+14 1.00E+15 1.00E+16
 2.91E+00 4.37E+00 7.28E+00 1.46E+01 2.91E+01 7.28E+01 1.46E+02 2.18E+02
 2.91E+02 4.37E+02 7.28E+02 1.46E+03 2.91E+03 4.37E+03
 1.00E-74 1.00E-74 2.58E-44 1.36E-27 3.33E-19 2.91E-14 1.10E-12 3.48E-12
 6.00E-12 1.02E-11 1.50E-11 1.96E-11 2.20E-11 2.24E-11
 1.00E-74 1.00E-74 1.55E-44 1.36E-27 3.33E-19 2.91E-14 1.10E-12 3.48E-12
 6.00E-12 1.02E-11 1.50E-11 1.96E-11 2.20E-11 2.24E-11
 1.00E-74 1.00E-74 1.65E-44 1.36E-27 3.33E-19 2.91E-14 1.10E-12 3.48E-12
 6.00E-12 1.02E-11 1.50E-11 1.96E-11 2.20E-11 2.24E-11
 1.00E-74 1.00E-74 1.64E-44 1.36E-27 3.33E-19 2.91E-14 1.10E-12 3.48E-12
 6.00E-12 1.02E-11 1.50E-11 1.96E-11 2.20E-11 2.24E-11
 1.00E-74 1.00E-74 1.64E-44 1.36E-27 3.33E-19 2.91E-14 1.10E-12 3.48E-12
 6.00E-12 1.02E-11 1.50E-11 1.96E-11 2.20E-11 2.24E-11
 1.00E-74 1.00E-74 1.65E-44 1.36E-27 3.34E-19 2.91E-14 1.10E-12 3.49E-12
 6.00E-12 1.02E-11 1.50E-11 1.96E-11 2.20E-11 2.24E-11
 1.00E-74 1.00E-74 1.69E-44 1.38E-27 3.38E-19 2.93E-14 1.11E-12 3.49E-12
 6.01E-12 1.02E-11 1.50E-11 1.96E-11 2.20E-11 2.24E-11
  23.1367    7  14 /pl=01:ss=12:pb= 1:sz=12/type=excit/ispb = t/isel =   10
 1.00E+10 1.00E+11 1.00E+12 1.00E+13 1.00E+14 1.00E+15 1.00E+16
 2.91E+00 4.37E+00 7.28E+00 1.46E+01 2.91E+01 7.28E+01 1.46E+02 2.18E+02
 2.91E+02 4.37E+02 7.28E+02 1.46E+03 2.91E+03 4.37E+03
 1.00E-74 1.00E-74 8.40E-42 5.71E-26 3.98E-18 1.62E-13 4.69E-12 1.35E-11
 2.20E-11 3.48E-11 4.77E-11 5.65E-11 5.75E-11 5.57E-11
 1.00E-74 1.00E-74 8.41E-42 5.71E-26 3.98E-18 1.62E-13 4.69E-12 1.35E-11
 2.20E-11 3.48E-11 4.77E-11 5.65E-11 5.75E-11 5.57E-11
 1.00E-74 1.00E-74 8.42E-42 5.71E-26 3.98E-18 1.62E-13 4.69E-12 1.35E-11
 2.20E-11 3.48E-11 4.77E-11 5.65E-11 5.75E-11 5.57E-11
 1.00E-74 1.00E-74 8.42E-42 5.71E-26 3.98E-18 1.62E-13 4.69E-12 1.35E-11
 2.20E-11 3.48E-11 4.77E-11 5.65E-11 5.75E-11 5.57E-11
 1.00E-74 1.00E-74 8.42E-42 5.71E-26 3.98E-18 1.62E-13 4.69E-12 1.35E-11
 2.20E-11 3.48E-11 4.77E-11 5.65E-11 5.75E-11 5.57E-11
 1.00E-74 1.00E-74 8.43E-42 5.72E-26 3.99E-18 1.62E-13 4.69E-12 1.35E-11
 2.21E-11 3.49E-11 4.77E-11 5.65E-11 5.75E-11 5.57E-11
 1.00E-74 1.00E-74 8.55E-42 5.77E-26 4.01E-18 1.62E-13 4.70E-12 1.35E-11
 2.21E-11 3.49E-11 4.78E-11 5.66E-11 5.76E-11 5.58E-11
  23.5523    7  14 /pl=01:ss=12:pb= 1:sz=12/type=excit/ispb = t/isel =   11
 1.00E+10 1.00E+11 1.00E+12 1.00E+13 1.00E+14 1.00E+15 1.00E+16
 2.91E+00 4.37E+00 7.28E+00 1.46E+01 2.91E+01 7.28E+01 1.46E+02 2.18E+02
 2.91E+02 4.37E+02 7.28E+02 1.46E+03 2.91E+03 4.37E+03
 1.00E-74 1.00E-74 1.00E-74 1.53E-27 4.55E-19 4.34E-14 1.65E-12 5.08E-12
 8.58E-12 1.37E-11 1.84E-11 2.00E-11 1.79E-11 1.59E-11
 1.00E-74 1.00E-74 8.44E-45 1.53E-27 4.55E-19 4.34E-14 1.65E-12 5.08E-12
 8.58E-12 1.37E-11 1.84E-11 2.00E-11 1.79E-11 1.59E-11
 1.00E-74 1.00E-74 1.27E-44 1.53E-27 4.55E-19 4.34E-14 1.65E-12 5.08E-12
 8.58E-12 1.37E-11 1.84E-11 2.00E-11 1.79E-11 1.59E-11
 1.00E-74 1.00E-74 1.23E-44 1.53E-27 4.55E-19 4.34E-14 1.65E-12 5.08E-12
 8.58E-12 1.37E-11 1.84E-11 2.00E-11 1.79E-11 1.59E-11
 1.00E-74 1.00E-74 1.24E-44 1.53E-27 4.55E-19 4.34E-14 1.65E-12 5.08E-12
 8.58E-12 1.37E-11 1.84E-11 2.00E-11 1.79E-11 1.59E-11
 1.00E-74 1.00E-74 1.24E-44 1.54E-27 4.57E-19 4.35E-14 1.65E-12 5.09E-12
 8.59E-12 1.37E-11 1.84E-11 2.00E-11 1.79E-11 1.59E-11
 1.00E-74 1.00E-74 1.32E-44 1.61E-27 4.71E-19 4.43E-14 1.67E-12 5.15E-12
 8.68E-12 1.39E-11 1.86E-11 2.01E-11 1.80E-11 1.60E-11
  23.6882    7  14 /pl=01:ss=12:pb= 1:sz=12/type=excit/ispb = t/isel =   12
 1.00E+10 1.00E+11 1.00E+12 1.00E+13 1.00E+14 1.00E+15 1.00E+16
 2.91E+00 4.37E+00 7.28E+00 1.46E+01 2.91E+01 7.28E+01 1.46E+02 2.18E+02
 2.91E+02 4.37E+02 7.28E+02 1.46E+03 2.91E+03 4.37E+03
 1.00E-74 1.00E-74 9.34E-43 2.70E-27 1.34E-19 5.57E-15 1.78E-13 5.33E-13
 8.91E-13 1.43E-12 1.96E-12 2.27E-12 2.24E-12 2.13E-12
 1.00E-74 1.00E-74 9.25E-43 2.70E-27 1.34E-19 5.57E-15 1.78E-13 5.33E-13
 8.91E-13 1.43E-12 1.96E-12 2.27E-12 2.24E-12 2.13E-12
 1.00E-74 1.00E-74 9.25E-43 2.70E-27 1.34E-19 5.57E-15 1.78E-13 5.33E-13
 8.91E-13 1.43E-12 1.96E-12 2.27E-12 2.24E-12 2.13E-12
 1.00E-74 1.00E-74 9.25E-43 2.70E-27 1.34E-19 5.58E-15 1.78E-13 5.33E-13
 8.91E-13 1.43E-12 1.96E-12 2.27E-12 2.24E-12 2.13E-12
 1.00E-74 1.00E-74 9.26E-43 2.70E-27 1.34E-19 5.58E-15 1.78E-13 5.33E-13
 8.91E-13 1.43E-12 1.96E-12 2.27E-12 2.24E-12 2.13E-12
 1.00E-74 1.00E-74 9.36E-43 2.73E-27 1.35E-19 5.59E-15 1.78E-13 5.33E-13
 8.92E-13 1.43E-12 1.96E-12 2.27E-12 2.24E-12 2.13E-12
 1.00E-74 1.00E-74 1.03E-42 2.95E-27 1.43E-19 5.72E-15 1.80E-13 5.36E-13
 8.94E-13 1.43E-12 1.97E-12 2.28E-12 2.25E-12 2.14E-12
  27.7824    7  14 /pl=01:ss=12:pb= 1:sz=12/type=excit/ispb = t/isel =   13
 1.00E+10 1.00E+11 1.00E+12 1.00E+13 1.00E+14 1.00E+15 1.00E+16
 2.91E+00 4.37E+00 7.28E+00 1.46E+01 2.91E+01 7.28E+01 1.46E+02 2.18E+02
 2.91E+02 4.37E+02 7.28E+02 1.46E+03 2.91E+03 4.37E+03
 1.00E-74 1.00E-74 2.18E-36 3.15E-23 1.01E-16 6.62E-13 1.10E-11 2.67E-11
 4.11E-11 6.21E-11 8.51E-11 1.07E-10 1.19E-10 1.20E-10
 1.00E-74 1.00E-74 2.18E-36 3.15E-23 1.01E-16 6.62E-13 1.10E-11 2.67E-11
 4.11E-11 6.21E-11 8.51E-11 1.07E-10 1.19E-10 1.20E-10
 1.00E-74 1.00E-74 2.18E-36 3.15E-23 1.01E-16 6.62E-13 1.10E-11 2.67E-11
 4.11E-11 6.21E-11 8.51E-11 1.07E-10 1.19E-10 1.20E-10
 1.00E-74 1.00E-74 2.18E-36 3.15E-23 1.01E-16 6.62E-13 1.10E-11 2.67E-11
 4.11E-11 6.21E-11 8.51E-11 1.07E-10 1.19E-10 1.20E-10
 1.00E-74 1.00E-74 2.19E-36 3.15E-23 1.01E-16 6.62E-13 1.10E-11 2.67E-11
 4.11E-11 6.21E-11 8.51E-11 1.07E-10 1.19E-10 1.20E-10
 1.00E-74 1.00E-74 2.19E-36 3.16E-23 1.02E-16 6.63E-13 1.10E-11 2.67E-11
 4.11E-11 6.21E-11 8.51E-11 1.07E-10 1.19E-10 1.20E-10
 1.00E-74 1.00E-74 2.28E-36 3.25E-23 1.03E-16 6.70E-13 1.10E-11 2.69E-11
 4.13E-11 6.23E-11 8.53E-11 1.07E-10 1.19E-10 1.20E-10
  29.5724    7  14 /pl=01:ss=12:pb= 1:sz=12/type=excit/ispb = t/isel =   14
 1.00E+10 1.00E+11 1.00E+12 1.00E+13 1.00E+14 1.00E+15 1.00E+16
 2.91E+00 4.37E+00 7.28E+00 1.46E+01 2.91E+01 7.28E+01 1.46E+02 2.18E+02
 2.91E+02 4.37E+02 7.28E+02 1.46E+03 2.91E+03 4.37E+03
 1.00E-74 1.00E-74 4.18E-34 9.44E-22 1.20E-15 4.37E-12 5.77E-11 1.29E-10
 1.87E-10 2.63E-10 3.35E-10 3.82E-10 3.88E-10 3.78E-10
 1.00E-74 1.00E-74 4.18E-34 9.44E-22 1.20E-15 4.37E-12 5.77E-11 1.29E-10
 1.87E-10 2.63E-10 3.35E-10 3.82E-10 3.88E-10 3.78E-10
 1.00E-74 1.00E-74 4.18E-34 9.44E-22 1.20E-15 4.37E-12 5.77E-11 1.29E-10
 1.87E-10 2.63E-10 3.35E-10 3.82E-10 3.88E-10 3.78E-10
 1.00E-74 1.00E-74 4.18E-34 9.44E-22 1.20E-15 4.38E-12 5.77E-11 1.29E-10
 1.87E-10 2.63E-10 3.35E-10 3.82E-10 3.88E-10 3.78E-10
 1.00E-74 1.00E-74 4.18E-34 9.45E-22 1.20E-15 4.38E-12 5.77E-11 1.29E-10
 1.87E-10 2.64E-10 3.36E-10 3.82E-10 3.88E-10 3.78E-10
 1.00E-74 1.00E-74 4.21E-34 9.50E-22 1.20E-15 4.39E-12 5.79E-11 1.29E-10
 1.87E-10 2.64E-10 3.36E-10 3.82E-10 3.89E-10 3.79E-10
 1.00E-74 1.00E-74 4.46E-34 9.92E-22 1.24E-15 4.49E-12 5.89E-11 1.31E-10
 1.90E-10 2.67E-10 3.39E-10 3.85E-10 3.91E-10 3.80E-10
  30.2330    7  14 /pl=01:ss=12:pb= 1:sz=12/type=excit/ispb = t/isel =   15
 1.00E+10 1.00E+11 1.00E+12 1.00E+13 1.00E+14 1.00E+15 1.00E+16
 2.91E+00 4.37E+00 7.28E+00 1.46E+01 2.91E+01 7.28E+01 1.46E+02 2.18E+02
 2.91E+02 4.37E+02 7.28E+02 1.46E+03 2.91E+03 4.37E+03
 1.00E-74 1.00E-74 6.91E-37 2.91E-23 1.59E-16 1.38E-12 2.35E-11 5.59E-11
 8.29E-11 1.17E-10 1.43E-10 1.45E-10 1.26E-10 1.12E-10
 1.00E-74 1.00E-74 6.91E-37 2.91E-23 1.59E-16 1.38E-12 2.35E-11 5.59E-11
 8.29E-11 1.17E-10 1.43E-10 1.45E-10 1.26E-10 1.12E-10
 1.00E-74 1.00E-74 6.91E-37 2.91E-23 1.59E-16 1.38E-12 2.35E-11 5.59E-11
 8.29E-11 1.17E-10 1.43E-10 1.45E-10 1.26E-10 1.12E-10
 1.00E-74 1.00E-74 6.91E-37 2.91E-23 1.59E-16 1.38E-12 2.35E-11 5.59E-11
 8.29E-11 1.17E-10 1.43E-10 1.45E-10 1.26E-10 1.12E-10
 1.00E-74 1.00E-74 6.92E-37 2.91E-23 1.59E-16 1.38E-12 2.35E-11 5.59E-11
 8.29E-11 1.17E-10 1.43E-10 1.45E-10 1.26E-10 1.12E-10
 1.00E-74 1.00E-74 6.95E-37 2.92E-23 1.59E-16 1.38E-12 2.36E-11 5.59E-11
 8.30E-11 1.17E-10 1.43E-10 1.45E-10 1.26E-10 1.12E-10
 1.00E-74 1.00E-74 7.33E-37 3.04E-23 1.64E-16 1.40E-12 2.38E-11 5.65E-11
 8.37E-11 1.18E-10 1.44E-10 1.46E-10 1.27E-10 1.13E-10
  30.7291    7  14 /pl=01:ss=12:pb= 1:sz=12/type=excit/ispb = t/isel =   16
 1.00E+10 1.00E+11 1.00E+12 1.00E+13 1.00E+14 1.00E+15 1.00E+16
 2.91E+00 4.37E+00 7.28E+00 1.46E+01 2.91E+01 7.28E+01 1.46E+02 2.18E+02
 2.91E+02 4.37E+02 7.28E+02 1.46E+03 2.91E+03 4.37E+03
 1.00E-74 1.00E-74 1.22E-34 9.28E-23 6.84E-17 1.84E-13 2.25E-12 4.91E-12
 7.02E-12 9.61E-12 1.16E-11 1.18E-11 1.06E-11 9.55E-12
 1.00E-74 1.00E-74 1.22E-34 9.28E-23 6.84E-17 1.84E-13 2.25E-12 4.91E-12
 7.02E-12 9.61E-12 1.16E-11 1.18E-11 1.06E-11 9.55E-12
 1.00E-74 1.00E-74 1.22E-34 9.28E-23 6.84E-17 1.84E-13 2.25E-12 4.90E-12
 7.02E-12 9.61E-12 1.16E-11 1.18E-11 1.06E-11 9.55E-12
 1.00E-74 2.44E-50 1.22E-34 9.28E-23 6.84E-17 1.84E-13 2.25E-12 4.90E-12
 7.02E-12 9.61E-12 1.16E-11 1.18E-11 1.06E-11 9.55E-12
 1.00E-74 1.46E-50 1.21E-34 9.26E-23 6.82E-17 1.84E-13 2.25E-12 4.90E-12
 7.01E-12 9.60E-12 1.15E-11 1.18E-11 1.06E-11 9.55E-12
 1.00E-74 1.39E-50 1.19E-34 9.06E-23 6.69E-17 1.80E-13 2.22E-12 4.83E-12
 6.92E-12 9.49E-12 1.14E-11 1.17E-11 1.05E-11 9.49E-12
 1.00E-74 1.10E-50 9.68E-35 7.47E-23 5.57E-17 1.53E-13 1.92E-12 4.24E-12
 6.12E-12 8.49E-12 1.04E-11 1.08E-11 9.85E-12 8.97E-12
  32.0216    7  14 /pl=01:ss=12:pb= 1:sz=12/type=excit/ispb = t/isel =   17
 1.00E+10 1.00E+11 1.00E+12 1.00E+13 1.00E+14 1.00E+15 1.00E+16
 2.91E+00 4.37E+00 7.28E+00 1.46E+01 2.91E+01 7.28E+01 1.46E+02 2.18E+02
 2.91E+02 4.37E+02 7.28E+02 1.46E+03 2.91E+03 4.37E+03
 1.00E-74 1.00E-74 1.76E-33 8.73E-22 5.73E-16 1.51E-12 1.92E-11 4.29E-11
 6.23E-11 8.71E-11 1.07E-10 1.12E-10 1.03E-10 9.39E-11
 1.00E-74 1.00E-74 1.76E-33 8.73E-22 5.73E-16 1.51E-12 1.92E-11 4.29E-11
 6.23E-11 8.71E-11 1.07E-10 1.12E-10 1.03E-10 9.39E-11
 1.00E-74 1.00E-74 1.76E-33 8.73E-22 5.73E-16 1.51E-12 1.92E-11 4.29E-11
 6.23E-11 8.71E-11 1.07E-10 1.12E-10 1.03E-10 9.39E-11
 1.00E-74 1.00E-74 1.76E-33 8.73E-22 5.73E-16 1.51E-12 1.92E-11 4.29E-11
 6.23E-11 8.71E-11 1.07E-10 1.12E-10 1.03E-10 9.39E-11
 1.00E-74 1.00E-74 1.76E-33 8.72E-22 5.73E-16 1.51E-12 1.92E-11 4.29E-11
 6.23E-11 8.70E-11 1.07E-10 1.12E-10 1.03E-10 9.38E-11
 1.00E-74 5.79E-49 1.76E-33 8.69E-22 5.69E-16 1.50E-12 1.91E-11 4.26E-11
 6.19E-11 8.66E-11 1.06E-10 1.12E-10 1.02E-10 9.36E-11
 1.00E-74 5.79E-49 1.75E-33 8.41E-22 5.37E-16 1.41E-12 1.79E-11 4.02E-11
 5.86E-11 8.24E-11 1.02E-10 1.08E-10 9.94E-11 9.13E-11
  50.1330    7  14 /pl=01:ss=12:pb= 1:sz=12/type=excit/ispb = t/isel =   18
 1.00E+10 1.00E+11 1.00E+12 1.00E+13 1.00E+14 1.00E+15 1.00E+16
 2.91E+00 4.37E+00 7.28E+00 1.46E+01 2.91E+01 7.28E+01 1.46E+02 2.18E+02
 2.91E+02 4.37E+02 7.28E+02 1.46E+03 2.91E+03 4.37E+03
 1.00E-74 1.00E-74 1.00E-74 1.02E-30 2.09E-21 6.33E-16 3.49E-14 1.23E-13
 2.20E-13 3.76E-13 5.28E-13 5.92E-13 5.34E-13 4.75E-13
 1.00E-74 1.00E-74 1.00E-74 1.02E-30 2.09E-21 6.33E-16 3.49E-14 1.23E-13
 2.20E-13 3.76E-13 5.28E-13 5.92E-13 5.34E-13 4.75E-13
 1.00E-74 1.00E-74 1.00E-74 1.02E-30 2.09E-21 6.33E-16 3.49E-14 1.23E-13
 2.20E-13 3.76E-13 5.28E-13 5.92E-13 5.34E-13 4.75E-13
 1.00E-74 1.00E-74 1.00E-74 1.02E-30 2.09E-21 6.33E-16 3.49E-14 1.23E-13
 2.20E-13 3.76E-13 5.28E-13 5.92E-13 5.34E-13 4.75E-13
 1.00E-74 1.00E-74 2.47E-49 1.02E-30 2.09E-21 6.32E-16 3.49E-14 1.23E-13
 2.19E-13 3.75E-13 5.27E-13 5.92E-13 5.34E-13 4.75E-13
 1.00E-74 1.00E-74 1.73E-49 9.87E-31 2.03E-21 6.18E-16 3.42E-14 1.21E-13
 2.16E-13 3.71E-13 5.22E-13 5.88E-13 5.31E-13 4.73E-13
 1.00E-74 1.00E-74 1.33E-49 8.05E-31 1.69E-21 5.27E-16 2.99E-14 1.07E-13
 1.93E-13 3.36E-13 4.81E-13 5.53E-13 5.10E-13 4.59E-13
  53.4289    7  14 /pl=01:ss=12:pb= 1:sz=12/type=excit/ispb = t/isel =   19
 1.00E+10 1.00E+11 1.00E+12 1.00E+13 1.00E+14 1.00E+15 1.00E+16
 2.91E+00 4.37E+00 7.28E+00 1.46E+01 2.91E+01 7.28E+01 1.46E+02 2.18E+02
 2.91E+02 4.37E+02 7.28E+02 1.46E+03 2.91E+03 4.37E+03
 1.00E-74 1.00E-74 1.00E-74 1.80E-30 3.82E-21 1.18E-15 6.66E-14 2.37E-13
 4.31E-13 7.54E-13 1.11E-12 1.37E-12 1.41E-12 1.37E-12
 1.00E-74 1.00E-74 1.00E-74 1.80E-30 3.82E-21 1.18E-15 6.66E-14 2.37E-13
 4.31E-13 7.54E-13 1.11E-12 1.37E-12 1.41E-12 1.37E-12
 1.00E-74 1.00E-74 1.00E-74 1.80E-30 3.82E-21 1.18E-15 6.66E-14 2.37E-13
 4.31E-13 7.54E-13 1.11E-12 1.37E-12 1.41E-12 1.37E-12
 1.00E-74 1.00E-74 1.00E-74 1.80E-30 3.82E-21 1.18E-15 6.66E-14 2.37E-13
 4.31E-13 7.54E-13 1.11E-12 1.37E-12 1.41E-12 1.37E-12
 1.00E-74 1.00E-74 5.42E-49 1.80E-30 3.82E-21 1.18E-15 6.66E-14 2.37E-13
 4.31E-13 7.54E-13 1.11E-12 1.37E-12 1.41E-12 1.37E-12
 1.00E-74 1.00E-74 2.71E-49 1.80E-30 3.82E-21 1.18E-15 6.65E-14 2.37E-13
 4.31E-13 7.53E-13 1.11E-12 1.37E-12 1.41E-12 1.37E-12
 1.00E-74 1.00E-74 2.82E-49 1.78E-30 3.77E-21 1.17E-15 6.59E-14 2.35E-13
 4.28E-13 7.48E-13 1.10E-12 1.36E-12 1.40E-12 1.36E-12
  54.0584    7  14 /pl=01:ss=12:pb= 1:sz=12/type=excit/ispb = t/isel =   20
 1.00E+10 1.00E+11 1.00E+12 1.00E+13 1.00E+14 1.00E+15 1.00E+16
 2.91E+00 4.37E+00 7.28E+00 1.46E+01 2.91E+01 7.28E+01 1.46E+02 2.18E+02
 2.91E+02 4.37E+02 7.28E+02 1.46E+03 2.91E+03 4.37E+03
 1.00E-74 1.00E-74 1.00E-74 6.77E-30 7.59E-21 1.60E-15 7.86E-14 2.65E-13
 4.69E-13 7.83E-13 1.09E-12 1.21E-12 1.10E-12 9.83E-13
 1.00E-74 1.00E-74 1.00E-74 6.77E-30 7.59E-21 1.60E-15 7.86E-14 2.65E-13
 4.69E-13 7.83E-13 1.09E-12 1.21E-12 1.10E-12 9.83E-13
 1.00E-74 1.00E-74 1.00E-74 6.77E-30 7.59E-21 1.60E-15 7.86E-14 2.65E-13
 4.69E-13 7.83E-13 1.09E-12 1.21E-12 1.10E-12 9.83E-13
 1.00E-74 1.00E-74 3.87E-48 6.77E-30 7.59E-21 1.60E-15 7.86E-14 2.65E-13
 4.69E-13 7.83E-13 1.09E-12 1.21E-12 1.10E-12 9.83E-13
 1.00E-74 1.00E-74 3.87E-48 6.76E-30 7.58E-21 1.59E-15 7.85E-14 2.65E-13
 4.69E-13 7.83E-13 1.09E-12 1.21E-12 1.10E-12 9.83E-13
 1.00E-74 1.00E-74 3.83E-48 6.68E-30 7.51E-21 1.58E-15 7.80E-14 2.63E-13
 4.66E-13 7.79E-13 1.08E-12 1.21E-12 1.10E-12 9.81E-13
 1.00E-74 1.00E-74 3.48E-48 6.09E-30 6.91E-21 1.48E-15 7.36E-14 2.50E-13
 4.44E-13 7.48E-13 1.05E-12 1.18E-12 1.08E-12 9.67E-13
  57.1930    7  14 /pl=01:ss=12:pb= 1:sz=12/type=excit/ispb = t/isel =   21
 1.00E+10 1.00E+11 1.00E+12 1.00E+13 1.00E+14 1.00E+15 1.00E+16
 2.91E+00 4.37E+00 7.28E+00 1.46E+01 2.91E+01 7.28E+01 1.46E+02 2.18E+02
 2.91E+02 4.37E+02 7.28E+02 1.46E+03 2.91E+03 4.37E+03
 1.00E-74 1.00E-74 1.00E-74 1.11E-30 2.39E-21 7.48E-16 4.20E-14 1.49E-13
 2.70E-13 4.66E-13 6.71E-13 7.80E-13 7.37E-13 6.72E-13
 1.00E-74 1.00E-74 1.00E-74 1.11E-30 2.39E-21 7.48E-16 4.20E-14 1.49E-13
 2.70E-13 4.66E-13 6.71E-13 7.80E-13 7.37E-13 6.72E-13
 1.00E-74 1.00E-74 1.00E-74 1.11E-30 2.39E-21 7.48E-16 4.20E-14 1.49E-13
 2.70E-13 4.66E-13 6.71E-13 7.80E-13 7.37E-13 6.72E-13
 1.00E-74 1.00E-74 1.00E-74 1.11E-30 2.40E-21 7.48E-16 4.20E-14 1.49E-13
 2.70E-13 4.66E-13 6.71E-13 7.80E-13 7.37E-13 6.72E-13
 1.00E-74 1.00E-74 1.00E-74 1.11E-30 2.40E-21 7.49E-16 4.20E-14 1.49E-13
 2.71E-13 4.67E-13 6.72E-13 7.80E-13 7.38E-13 6.72E-13
 1.00E-74 1.00E-74 1.78E-49 1.14E-30 2.45E-21 7.60E-16 4.25E-14 1.51E-13
 2.73E-13 4.70E-13 6.76E-13 7.85E-13 7.41E-13 6.75E-13
 1.00E-74 1.00E-74 2.19E-49 1.38E-30 2.87E-21 8.59E-16 4.70E-14 1.64E-13
 2.96E-13 5.05E-13 7.20E-13 8.28E-13 7.77E-13 7.06E-13
  57.7406    7  14 /pl=01:ss=12:pb= 1:sz=12/type=excit/ispb = t/isel =   22
 1.00E+10 1.00E+11 1.00E+12 1.00E+13 1.00E+14 1.00E+15 1.00E+16
 2.91E+00 4.37E+00 7.28E+00 1.46E+01 2.91E+01 7.28E+01 1.46E+02 2.18E+02
 2.91E+02 4.37E+02 7.28E+02 1.46E+03 2.91E+03 4.37E+03
 1.00E-74 1.00E-74 1.00E-74 1.04E-29 1.23E-20 2.68E-15 1.35E-13 4.59E-13
 8.22E-13 1.41E-12 2.05E-12 2.52E-12 2.58E-12 2.51E-12
 1.00E-74 1.00E-74 1.00E-74 1.04E-29 1.23E-20 2.68E-15 1.35E-13 4.59E-13
 8.22E-13 1.41E-12 2.05E-12 2.52E-12 2.58E-12 2.51E-12
 1.00E-74 1.00E-74 1.00E-74 1.04E-29 1.23E-20 2.68E-15 1.35E-13 4.59E-13
 8.22E-13 1.41E-12 2.05E-12 2.52E-12 2.58E-12 2.51E-12
 1.00E-74 1.00E-74 8.70E-48 1.04E-29 1.23E-20 2.68E-15 1.35E-13 4.59E-13
 8.22E-13 1.41E-12 2.05E-12 2.52E-12 2.58E-12 2.51E-12
 1.00E-74 1.00E-74 5.22E-48 1.04E-29 1.23E-20 2.68E-15 1.35E-13 4.59E-13
 8.22E-13 1.41E-12 2.05E-12 2.52E-12 2.58E-12 2.51E-12
 1.00E-74 1.00E-74 5.40E-48 1.04E-29 1.23E-20 2.68E-15 1.35E-13 4.59E-13
 8.22E-13 1.41E-12 2.05E-12 2.52E-12 2.58E-12 2.51E-12
 1.00E-74 1.00E-74 5.42E-48 1.05E-29 1.23E-20 2.68E-15 1.35E-13 4.58E-13
 8.21E-13 1.41E-12 2.05E-12 2.51E-12 2.57E-12 2.50E-12
  57.8987    7  14 /pl=01:ss=12:pb= 1:sz=12/type=excit/ispb = t/isel =   23
 1.00E+10 1.00E+11 1.00E+12 1.00E+13 1.00E+14 1.00E+15 1.00E+16
 2.91E+00 4.37E+00 7.28E+00 1.46E+01 2.91E+01 7.28E+01 1.46E+02 2.18E+02
 2.91E+02 4.37E+02 7.28E+02 1.46E+03 2.91E+03 4.37E+03
 1.00E-74 1.00E-74 1.00E-74 3.29E-31 1.64E-21 8.41E-16 5.56E-14 2.06E-13
 3.82E-13 6.66E-13 9.52E-13 1.08E-12 9.71E-13 8.61E-13
 1.00E-74 1.00E-74 1.00E-74 3.29E-31 1.64E-21 8.41E-16 5.56E-14 2.06E-13
 3.82E-13 6.66E-13 9.52E-13 1.08E-12 9.71E-13 8.61E-13
 1.00E-74 1.00E-74 1.00E-74 3.29E-31 1.64E-21 8.41E-16 5.56E-14 2.06E-13
 3.82E-13 6.66E-13 9.52E-13 1.08E-12 9.71E-13 8.61E-13
 1.00E-74 1.00E-74 1.00E-74 3.29E-31 1.64E-21 8.41E-16 5.56E-14 2.06E-13
 3.82E-13 6.66E-13 9.53E-13 1.08E-12 9.71E-13 8.61E-13
 1.00E-74 1.00E-74 1.00E-74 3.30E-31 1.64E-21 8.42E-16 5.56E-14 2.06E-13
 3.82E-13 6.67E-13 9.53E-13 1.08E-12 9.71E-13 8.62E-13
 1.00E-74 1.00E-74 1.00E-74 3.33E-31 1.65E-21 8.46E-16 5.58E-14 2.07E-13
 3.83E-13 6.69E-13 9.56E-13 1.08E-12 9.74E-13 8.64E-13
 1.00E-74 1.00E-74 8.65E-51 3.64E-31 1.77E-21 8.89E-16 5.81E-14 2.14E-13
 3.96E-13 6.89E-13 9.83E-13 1.11E-12 1.00E-12 8.89E-13
  62.0661    7  14 /pl=01:ss=12:pb= 1:sz=12/type=excit/ispb = t/isel =   24
 1.00E+10 1.00E+11 1.00E+12 1.00E+13 1.00E+14 1.00E+15 1.00E+16
 2.91E+00 4.37E+00 7.28E+00 1.46E+01 2.91E+01 7.28E+01 1.46E+02 2.18E+02
 2.91E+02 4.37E+02 7.28E+02 1.46E+03 2.91E+03 4.37E+03
 1.00E-74 1.00E-74 1.00E-74 6.35E-30 7.65E-21 1.68E-15 8.47E-14 2.89E-13
 5.14E-13 8.71E-13 1.23E-12 1.43E-12 1.34E-12 1.22E-12
 1.00E-74 1.00E-74 1.00E-74 6.35E-30 7.65E-21 1.68E-15 8.47E-14 2.89E-13
 5.14E-13 8.71E-13 1.23E-12 1.43E-12 1.34E-12 1.22E-12
 1.00E-74 1.00E-74 1.00E-74 6.35E-30 7.65E-21 1.68E-15 8.47E-14 2.89E-13
 5.14E-13 8.71E-13 1.23E-12 1.43E-12 1.34E-12 1.22E-12
 1.00E-74 1.00E-74 1.00E-74 6.35E-30 7.65E-21 1.68E-15 8.47E-14 2.89E-13
 5.14E-13 8.71E-13 1.23E-12 1.43E-12 1.34E-12 1.22E-12
 1.00E-74 1.00E-74 3.11E-48 6.36E-30 7.66E-21 1.68E-15 8.47E-14 2.89E-13
 5.15E-13 8.71E-13 1.23E-12 1.43E-12 1.34E-12 1.22E-12
 1.00E-74 1.00E-74 3.11E-48 6.43E-30 7.73E-21 1.70E-15 8.51E-14 2.90E-13
 5.16E-13 8.74E-13 1.24E-12 1.43E-12 1.34E-12 1.23E-12
 1.00E-74 1.00E-74 3.57E-48 7.10E-30 8.36E-21 1.79E-15 8.89E-14 3.01E-13
 5.34E-13 9.00E-13 1.27E-12 1.46E-12 1.37E-12 1.25E-12
  62.2357    7  14 /pl=01:ss=12:pb= 1:sz=12/type=excit/ispb = t/isel =   25
 1.00E+10 1.00E+11 1.00E+12 1.00E+13 1.00E+14 1.00E+15 1.00E+16
 2.91E+00 4.37E+00 7.28E+00 1.46E+01 2.91E+01 7.28E+01 1.46E+02 2.18E+02
 2.91E+02 4.37E+02 7.28E+02 1.46E+03 2.91E+03 4.37E+03
 1.00E-74 1.00E-74 1.00E-74 1.26E-28 5.05E-20 5.88E-15 2.39E-13 7.60E-13
 1.30E-12 2.11E-12 2.87E-12 3.17E-12 2.89E-12 2.60E-12
 1.00E-74 1.00E-74 6.49E-46 1.26E-28 5.05E-20 5.88E-15 2.39E-13 7.60E-13
 1.30E-12 2.11E-12 2.87E-12 3.17E-12 2.89E-12 2.60E-12
 1.00E-74 1.00E-74 5.84E-46 1.26E-28 5.05E-20 5.88E-15 2.39E-13 7.60E-13
 1.30E-12 2.11E-12 2.87E-12 3.17E-12 2.89E-12 2.60E-12
 1.00E-74 1.00E-74 5.71E-46 1.26E-28 5.05E-20 5.88E-15 2.39E-13 7.60E-13
 1.30E-12 2.11E-12 2.87E-12 3.17E-12 2.89E-12 2.60E-12
 1.00E-74 1.00E-74 5.72E-46 1.26E-28 5.05E-20 5.88E-15 2.39E-13 7.60E-13
 1.30E-12 2.11E-12 2.87E-12 3.17E-12 2.89E-12 2.60E-12
 1.00E-74 1.00E-74 5.72E-46 1.25E-28 5.04E-20 5.87E-15 2.39E-13 7.59E-13
 1.30E-12 2.11E-12 2.87E-12 3.17E-12 2.89E-12 2.60E-12
 1.00E-74 1.00E-74 5.64E-46 1.23E-28 4.94E-20 5.76E-15 2.35E-13 7.48E-13
 1.28E-12 2.09E-12 2.84E-12 3.15E-12 2.87E-12 2.58E-12
  66.7058    7  14 /pl=01:ss=12:pb= 1:sz=12/type=excit/ispb = t/isel =   26
 1.00E+10 1.00E+11 1.00E+12 1.00E+13 1.00E+14 1.00E+15 1.00E+16
 2.91E+00 4.37E+00 7.28E+00 1.46E+01 2.91E+01 7.28E+01 1.46E+02 2.18E+02
 2.91E+02 4.37E+02 7.28E+02 1.46E+03 2.91E+03 4.37E+03
 1.00E-74 1.00E-74 1.00E-74 1.52E-28 6.65E-20 8.07E-15 3.34E-13 1.08E-12
 1.87E-12 3.11E-12 4.42E-12 5.36E-12 5.47E-12 5.30E-12
 1.00E-74 1.00E-74 1.00E-74 1.52E-28 6.65E-20 8.07E-15 3.34E-13 1.08E-12
 1.87E-12 3.11E-12 4.42E-12 5.36E-12 5.47E-12 5.30E-12
 1.00E-74 1.00E-74 6.05E-46 1.52E-28 6.65E-20 8.07E-15 3.34E-13 1.08E-12
 1.87E-12 3.11E-12 4.42E-12 5.36E-12 5.47E-12 5.30E-12
 1.00E-74 1.00E-74 5.75E-46 1.52E-28 6.65E-20 8.07E-15 3.34E-13 1.08E-12
 1.87E-12 3.11E-12 4.42E-12 5.36E-12 5.47E-12 5.30E-12
 1.00E-74 1.00E-74 5.69E-46 1.52E-28 6.65E-20 8.08E-15 3.34E-13 1.08E-12
 1.87E-12 3.11E-12 4.42E-12 5.36E-12 5.47E-12 5.30E-12
 1.00E-74 1.00E-74 5.69E-46 1.52E-28 6.65E-20 8.08E-15 3.34E-13 1.08E-12
 1.87E-12 3.11E-12 4.42E-12 5.36E-12 5.47E-12 5.30E-12
 1.00E-74 1.00E-74 5.77E-46 1.53E-28 6.69E-20 8.09E-15 3.35E-13 1.08E-12
 1.87E-12 3.11E-12 4.42E-12 5.35E-12 5.47E-12 5.30E-12
  66.9002    7  14 /pl=01:ss=12:pb= 1:sz=12/type=excit/ispb = t/isel =   27
 1.00E+10 1.00E+11 1.00E+12 1.00E+13 1.00E+14 1.00E+15 1.00E+16
 2.91E+00 4.37E+00 7.28E+00 1.46E+01 2.91E+01 7.28E+01 1.46E+02 2.18E+02
 2.91E+02 4.37E+02 7.28E+02 1.46E+03 2.91E+03 4.37E+03
 1.00E-74 1.00E-74 1.00E-74 4.95E-30 9.21E-21 2.63E-15 1.43E-13 4.98E-13
 8.93E-13 1.51E-12 2.11E-12 2.37E-12 2.14E-12 1.91E-12
 1.00E-74 1.00E-74 1.00E-74 4.95E-30 9.21E-21 2.63E-15 1.43E-13 4.98E-13
 8.93E-13 1.51E-12 2.11E-12 2.37E-12 2.14E-12 1.91E-12
 1.00E-74 1.00E-74 1.00E-74 4.95E-30 9.21E-21 2.63E-15 1.43E-13 4.98E-13
 8.93E-13 1.51E-12 2.11E-12 2.37E-12 2.14E-12 1.91E-12
 1.00E-74 1.00E-74 1.00E-74 4.95E-30 9.21E-21 2.63E-15 1.43E-13 4.98E-13
 8.93E-13 1.51E-12 2.11E-12 2.37E-12 2.14E-12 1.91E-12
 1.00E-74 1.00E-74 1.50E-48 4.96E-30 9.21E-21 2.63E-15 1.43E-13 4.98E-13
 8.93E-13 1.51E-12 2.11E-12 2.37E-12 2.14E-12 1.91E-12
 1.00E-74 1.00E-74 1.05E-48 4.98E-30 9.25E-21 2.64E-15 1.43E-13 4.99E-13
 8.95E-13 1.52E-12 2.12E-12 2.37E-12 2.14E-12 1.91E-12
 1.00E-74 1.00E-74 1.11E-48 5.27E-30 9.63E-21 2.71E-15 1.46E-13 5.07E-13
 9.09E-13 1.54E-12 2.14E-12 2.40E-12 2.17E-12 1.93E-12
  72.2872    7  14 /pl=01:ss=12:pb= 1:sz=12/type=excit/ispb = t/isel =   28
 1.00E+10 1.00E+11 1.00E+12 1.00E+13 1.00E+14 1.00E+15 1.00E+16
 2.91E+00 4.37E+00 7.28E+00 1.46E+01 2.91E+01 7.28E+01 1.46E+02 2.18E+02
 2.91E+02 4.37E+02 7.28E+02 1.46E+03 2.91E+03 4.37E+03
 1.00E-74 1.00E-74 1.00E-74 9.08E-29 4.16E-20 5.14E-15 2.13E-13 6.82E-13
 1.18E-12 1.94E-12 2.68E-12 3.05E-12 2.86E-12 2.60E-12
 1.00E-74 1.00E-74 1.00E-74 9.08E-29 4.16E-20 5.14E-15 2.13E-13 6.82E-13
 1.18E-12 1.94E-12 2.68E-12 3.05E-12 2.86E-12 2.60E-12
 1.00E-74 1.00E-74 2.13E-46 9.08E-29 4.16E-20 5.14E-15 2.13E-13 6.82E-13
 1.18E-12 1.94E-12 2.68E-12 3.05E-12 2.86E-12 2.60E-12
 1.00E-74 1.00E-74 2.98E-46 9.08E-29 4.16E-20 5.14E-15 2.13E-13 6.82E-13
 1.18E-12 1.94E-12 2.68E-12 3.05E-12 2.86E-12 2.60E-12
 1.00E-74 1.00E-74 3.09E-46 9.09E-29 4.16E-20 5.14E-15 2.13E-13 6.82E-13
 1.18E-12 1.94E-12 2.68E-12 3.05E-12 2.86E-12 2.60E-12
 1.00E-74 1.00E-74 3.12E-46 9.16E-29 4.18E-20 5.16E-15 2.14E-13 6.84E-13
 1.18E-12 1.94E-12 2.68E-12 3.06E-12 2.86E-12 2.60E-12
 1.00E-74 1.00E-74 3.39E-46 9.75E-29 4.38E-20 5.32E-15 2.19E-13 6.97E-13
 1.20E-12 1.97E-12 2.72E-12 3.09E-12 2.88E-12 2.62E-12
  74.1754    7  14 /pl=01:ss=12:pb= 1:sz=12/type=excit/ispb = t/isel =   29
 1.00E+10 1.00E+11 1.00E+12 1.00E+13 1.00E+14 1.00E+15 1.00E+16
 2.91E+00 4.37E+00 7.28E+00 1.46E+01 2.91E+01 7.28E+01 1.46E+02 2.18E+02
 2.91E+02 4.37E+02 7.28E+02 1.46E+03 2.91E+03 4.37E+03
 1.00E-74 1.00E-74 1.00E-74 2.36E-29 9.48E-21 1.10E-15 4.50E-14 1.43E-13
 2.44E-13 3.97E-13 5.40E-13 5.96E-13 5.43E-13 4.88E-13
 1.00E-74 1.00E-74 1.22E-46 2.36E-29 9.48E-21 1.10E-15 4.50E-14 1.43E-13
 2.44E-13 3.97E-13 5.40E-13 5.96E-13 5.43E-13 4.88E-13
 1.00E-74 1.00E-74 1.10E-46 2.36E-29 9.48E-21 1.10E-15 4.50E-14 1.43E-13
 2.44E-13 3.97E-13 5.40E-13 5.96E-13 5.43E-13 4.88E-13
 1.00E-74 1.00E-74 1.07E-46 2.36E-29 9.48E-21 1.10E-15 4.50E-14 1.43E-13
 2.44E-13 3.97E-13 5.40E-13 5.96E-13 5.43E-13 4.88E-13
 1.00E-74 1.00E-74 1.08E-46 2.36E-29 9.48E-21 1.10E-15 4.50E-14 1.43E-13
 2.44E-13 3.97E-13 5.40E-13 5.96E-13 5.43E-13 4.88E-13
 1.00E-74 1.00E-74 1.07E-46 2.35E-29 9.47E-21 1.10E-15 4.49E-14 1.43E-13
 2.44E-13 3.97E-13 5.39E-13 5.96E-13 5.42E-13 4.88E-13
 1.00E-74 1.00E-74 1.06E-46 2.31E-29 9.28E-21 1.08E-15 4.42E-14 1.40E-13
 2.41E-13 3.92E-13 5.34E-13 5.91E-13 5.39E-13 4.85E-13
  74.3418    7  14 /pl=01:ss=12:pb= 1:sz=12/type=excit/ispb = t/isel =   30
 1.00E+10 1.00E+11 1.00E+12 1.00E+13 1.00E+14 1.00E+15 1.00E+16
 2.91E+00 4.37E+00 7.28E+00 1.46E+01 2.91E+01 7.28E+01 1.46E+02 2.18E+02
 2.91E+02 4.37E+02 7.28E+02 1.46E+03 2.91E+03 4.37E+03
 1.00E-74 1.00E-74 1.00E-74 1.03E-30 1.74E-21 4.77E-16 2.61E-14 9.24E-14
 1.70E-13 3.02E-13 4.64E-13 6.23E-13 7.09E-13 7.23E-13
 1.00E-74 1.00E-74 1.00E-74 1.03E-30 1.74E-21 4.77E-16 2.61E-14 9.24E-14
 1.70E-13 3.02E-13 4.64E-13 6.23E-13 7.09E-13 7.23E-13
 1.00E-74 1.00E-74 1.00E-74 1.03E-30 1.74E-21 4.77E-16 2.61E-14 9.24E-14
 1.70E-13 3.02E-13 4.64E-13 6.23E-13 7.09E-13 7.23E-13
 1.00E-74 1.00E-74 1.00E-74 1.03E-30 1.74E-21 4.77E-16 2.61E-14 9.24E-14
 1.70E-13 3.02E-13 4.64E-13 6.23E-13 7.09E-13 7.23E-13
 1.00E-74 1.00E-74 2.41E-49 1.03E-30 1.74E-21 4.77E-16 2.61E-14 9.24E-14
 1.70E-13 3.02E-13 4.64E-13 6.23E-13 7.09E-13 7.23E-13
 1.00E-74 1.00E-74 2.53E-49 1.03E-30 1.74E-21 4.76E-16 2.61E-14 9.24E-14
 1.69E-13 3.02E-13 4.64E-13 6.23E-13 7.08E-13 7.22E-13
 1.00E-74 1.00E-74 2.61E-49 1.03E-30 1.74E-21 4.73E-16 2.59E-14 9.17E-14
 1.68E-13 3.00E-13 4.61E-13 6.19E-13 7.04E-13 7.19E-13
  86.8825    7  14 /pl=01:ss=12:pb= 1:sz=12/type=excit/ispb = t/isel =   31
 1.00E+10 1.00E+11 1.00E+12 1.00E+13 1.00E+14 1.00E+15 1.00E+16
 2.91E+00 4.37E+00 7.28E+00 1.46E+01 2.91E+01 7.28E+01 1.46E+02 2.18E+02
 2.91E+02 4.37E+02 7.28E+02 1.46E+03 2.91E+03 4.37E+03
 1.00E-74 1.00E-74 4.77E-42 2.16E-26 1.24E-18 4.61E-14 1.32E-12 3.74E-12
 6.04E-12 9.36E-12 1.22E-11 1.32E-11 1.21E-11 1.09E-11
 1.00E-74 1.00E-74 4.77E-42 2.16E-26 1.24E-18 4.61E-14 1.32E-12 3.74E-12
 6.04E-12 9.36E-12 1.22E-11 1.32E-11 1.21E-11 1.09E-11
 1.00E-74 1.00E-74 4.77E-42 2.16E-26 1.24E-18 4.61E-14 1.32E-12 3.74E-12
 6.04E-12 9.36E-12 1.22E-11 1.32E-11 1.21E-11 1.09E-11
 1.00E-74 1.00E-74 4.78E-42 2.16E-26 1.24E-18 4.61E-14 1.32E-12 3.74E-12
 6.04E-12 9.36E-12 1.22E-11 1.32E-11 1.21E-11 1.09E-11
 1.00E-74 1.00E-74 4.78E-42 2.16E-26 1.24E-18 4.61E-14 1.32E-12 3.74E-12
 6.04E-12 9.36E-12 1.22E-11 1.32E-11 1.21E-11 1.09E-11
 1.00E-74 1.00E-74 4.81E-42 2.17E-26 1.25E-18 4.62E-14 1.32E-12 3.74E-12
 6.04E-12 9.36E-12 1.22E-11 1.32E-11 1.21E-11 1.09E-11
 1.00E-74 1.00E-74 5.03E-42 2.24E-26 1.27E-18 4.66E-14 1.33E-12 3.76E-12
 6.07E-12 9.39E-12 1.23E-11 1.33E-11 1.21E-11 1.09E-11
  93.6429    7  14 /pl=01:ss=12:pb= 1:sz=12/type=excit/ispb = t/isel =   32
 1.00E+10 1.00E+11 1.00E+12 1.00E+13 1.00E+14 1.00E+15 1.00E+16
 2.91E+00 4.37E+00 7.28E+00 1.46E+01 2.91E+01 7.28E+01 1.46E+02 2.18E+02
 2.91E+02 4.37E+02 7.28E+02 1.46E+03 2.91E+03 4.37E+03
 1.00E-74 1.00E-74 2.15E-42 1.46E-26 1.02E-18 4.14E-14 1.20E-12 3.44E-12
 5.64E-12 8.92E-12 1.22E-11 1.45E-11 1.47E-11 1.43E-11
 1.00E-74 1.00E-74 2.15E-42 1.46E-26 1.02E-18 4.14E-14 1.20E-12 3.44E-12
 5.64E-12 8.92E-12 1.22E-11 1.45E-11 1.47E-11 1.43E-11
 1.00E-74 1.00E-74 2.15E-42 1.46E-26 1.02E-18 4.14E-14 1.20E-12 3.44E-12
 5.64E-12 8.92E-12 1.22E-11 1.45E-11 1.47E-11 1.43E-11
 1.00E-74 1.00E-74 2.16E-42 1.46E-26 1.02E-18 4.14E-14 1.20E-12 3.44E-12
 5.64E-12 8.92E-12 1.22E-11 1.45E-11 1.47E-11 1.43E-11
 1.00E-74 1.00E-74 2.16E-42 1.46E-26 1.02E-18 4.14E-14 1.20E-12 3.44E-12
 5.65E-12 8.92E-12 1.22E-11 1.45E-11 1.47E-11 1.43E-11
 1.00E-74 1.00E-74 2.16E-42 1.46E-26 1.02E-18 4.14E-14 1.20E-12 3.45E-12
 5.65E-12 8.92E-12 1.22E-11 1.45E-11 1.47E-11 1.43E-11
 1.00E-74 1.00E-74 2.19E-42 1.48E-26 1.03E-18 4.15E-14 1.20E-12 3.45E-12
 5.66E-12 8.94E-12 1.22E-11 1.45E-11 1.47E-11 1.43E-11
  93.9500    7  14 /pl=01:ss=12:pb= 1:sz=12/type=excit/ispb = t/isel =   33
 1.00E+10 1.00E+11 1.00E+12 1.00E+13 1.00E+14 1.00E+15 1.00E+16
 2.91E+00 4.37E+00 7.28E+00 1.46E+01 2.91E+01 7.28E+01 1.46E+02 2.18E+02
 2.91E+02 4.37E+02 7.28E+02 1.46E+03 2.91E+03 4.37E+03
 1.00E-74 1.00E-74 1.00E-74 5.11E-28 1.52E-19 1.45E-14 5.49E-13 1.70E-12
 2.87E-12 4.58E-12 6.15E-12 6.66E-12 5.96E-12 5.32E-12
 1.00E-74 1.00E-74 2.82E-45 5.11E-28 1.52E-19 1.45E-14 5.49E-13 1.70E-12
 2.87E-12 4.58E-12 6.15E-12 6.66E-12 5.96E-12 5.32E-12
 1.00E-74 1.00E-74 4.22E-45 5.11E-28 1.52E-19 1.45E-14 5.49E-13 1.70E-12
 2.87E-12 4.58E-12 6.15E-12 6.66E-12 5.96E-12 5.32E-12
 1.00E-74 1.00E-74 4.11E-45 5.11E-28 1.52E-19 1.45E-14 5.49E-13 1.70E-12
 2.87E-12 4.58E-12 6.15E-12 6.66E-12 5.96E-12 5.32E-12
 1.00E-74 1.00E-74 4.12E-45 5.11E-28 1.52E-19 1.45E-14 5.49E-13 1.70E-12
 2.87E-12 4.58E-12 6.15E-12 6.66E-12 5.96E-12 5.32E-12
 1.00E-74 1.00E-74 4.15E-45 5.14E-28 1.52E-19 1.45E-14 5.50E-13 1.70E-12
 2.87E-12 4.59E-12 6.15E-12 6.67E-12 5.97E-12 5.32E-12
 1.00E-74 1.00E-74 4.41E-45 5.37E-28 1.57E-19 1.48E-14 5.57E-13 1.72E-12
 2.90E-12 4.63E-12 6.20E-12 6.72E-12 6.01E-12 5.36E-12
  103.384    7  14 /pl=01:ss=12:pb= 1:sz=12/type=excit/ispb = t/isel =   34
 1.00E+10 1.00E+11 1.00E+12 1.00E+13 1.00E+14 1.00E+15 1.00E+16
 2.91E+00 4.37E+00 7.28E+00 1.46E+01 2.91E+01 7.28E+01 1.46E+02 2.18E+02
 2.91E+02 4.37E+02 7.28E+02 1.46E+03 2.91E+03 4.37E+03
 1.00E-74 1.00E-74 6.57E-43 1.90E-27 9.44E-20 3.92E-15 1.25E-13 3.75E-13
 6.27E-13 1.01E-12 1.38E-12 1.60E-12 1.57E-12 1.50E-12
 1.00E-74 1.00E-74 6.51E-43 1.90E-27 9.44E-20 3.92E-15 1.25E-13 3.75E-13
 6.27E-13 1.01E-12 1.38E-12 1.60E-12 1.57E-12 1.50E-12
 1.00E-74 1.00E-74 6.51E-43 1.90E-27 9.44E-20 3.92E-15 1.25E-13 3.75E-13
 6.27E-13 1.01E-12 1.38E-12 1.60E-12 1.57E-12 1.50E-12
 1.00E-74 1.00E-74 6.51E-43 1.90E-27 9.44E-20 3.92E-15 1.25E-13 3.75E-13
 6.27E-13 1.01E-12 1.38E-12 1.60E-12 1.57E-12 1.50E-12
 1.00E-74 1.00E-74 6.51E-43 1.90E-27 9.45E-20 3.92E-15 1.25E-13 3.75E-13
 6.27E-13 1.01E-12 1.38E-12 1.60E-12 1.57E-12 1.50E-12
 1.00E-74 1.00E-74 6.59E-43 1.92E-27 9.51E-20 3.93E-15 1.25E-13 3.75E-13
 6.27E-13 1.01E-12 1.38E-12 1.60E-12 1.57E-12 1.50E-12
 1.00E-74 1.00E-74 7.21E-43 2.08E-27 1.01E-19 4.02E-15 1.26E-13 3.77E-13
 6.29E-13 1.01E-12 1.39E-12 1.61E-12 1.58E-12 1.51E-12
  103.810    7  14 /pl=01:ss=12:pb= 1:sz=12/type=excit/ispb = t/isel =   35
 1.00E+10 1.00E+11 1.00E+12 1.00E+13 1.00E+14 1.00E+15 1.00E+16
 2.91E+00 4.37E+00 7.28E+00 1.46E+01 2.91E+01 7.28E+01 1.46E+02 2.18E+02
 2.91E+02 4.37E+02 7.28E+02 1.46E+03 2.91E+03 4.37E+03
 1.00E-74 1.00E-74 1.02E-42 8.49E-27 6.50E-19 2.75E-14 8.00E-13 2.28E-12
 3.71E-12 5.78E-12 7.68E-12 8.50E-12 7.85E-12 7.12E-12
 1.00E-74 1.00E-74 1.04E-42 8.49E-27 6.50E-19 2.75E-14 8.00E-13 2.28E-12
 3.71E-12 5.78E-12 7.68E-12 8.50E-12 7.85E-12 7.12E-12
 1.00E-74 1.00E-74 1.03E-42 8.49E-27 6.50E-19 2.75E-14 8.00E-13 2.28E-12
 3.71E-12 5.78E-12 7.68E-12 8.50E-12 7.85E-12 7.12E-12
 1.00E-74 1.00E-74 1.03E-42 8.49E-27 6.50E-19 2.75E-14 8.00E-13 2.28E-12
 3.71E-12 5.78E-12 7.68E-12 8.50E-12 7.85E-12 7.12E-12
 1.00E-74 1.00E-74 1.04E-42 8.51E-27 6.51E-19 2.75E-14 8.00E-13 2.28E-12
 3.71E-12 5.78E-12 7.68E-12 8.50E-12 7.86E-12 7.12E-12
 1.00E-74 1.00E-74 1.06E-42 8.67E-27 6.60E-19 2.77E-14 8.06E-13 2.29E-12
 3.73E-12 5.81E-12 7.71E-12 8.53E-12 7.87E-12 7.14E-12
 1.00E-74 1.00E-74 1.28E-42 9.93E-27 7.29E-19 2.97E-14 8.50E-13 2.40E-12
 3.89E-12 6.03E-12 7.95E-12 8.73E-12 8.01E-12 7.25E-12
  112.065    7  14 /pl=01:ss=12:pb= 1:sz=12/type=excit/ispb = t/isel =   36
 1.00E+10 1.00E+11 1.00E+12 1.00E+13 1.00E+14 1.00E+15 1.00E+16
 2.91E+00 4.37E+00 7.28E+00 1.46E+01 2.91E+01 7.28E+01 1.46E+02 2.18E+02
 2.91E+02 4.37E+02 7.28E+02 1.46E+03 2.91E+03 4.37E+03
 1.00E-74 1.00E-74 1.26E-42 5.70E-27 3.27E-19 1.21E-14 3.47E-13 9.85E-13
 1.59E-12 2.46E-12 3.22E-12 3.48E-12 3.18E-12 2.87E-12
 1.00E-74 1.00E-74 1.26E-42 5.70E-27 3.27E-19 1.21E-14 3.47E-13 9.85E-13
 1.59E-12 2.46E-12 3.22E-12 3.48E-12 3.18E-12 2.87E-12
 1.00E-74 1.00E-74 1.26E-42 5.70E-27 3.27E-19 1.21E-14 3.47E-13 9.85E-13
 1.59E-12 2.46E-12 3.22E-12 3.48E-12 3.18E-12 2.87E-12
 1.00E-74 1.00E-74 1.26E-42 5.70E-27 3.27E-19 1.21E-14 3.47E-13 9.85E-13
 1.59E-12 2.46E-12 3.22E-12 3.48E-12 3.18E-12 2.87E-12
 1.00E-74 1.00E-74 1.26E-42 5.70E-27 3.27E-19 1.21E-14 3.47E-13 9.85E-13
 1.59E-12 2.46E-12 3.22E-12 3.48E-12 3.18E-12 2.87E-12
 1.00E-74 1.00E-74 1.27E-42 5.72E-27 3.28E-19 1.22E-14 3.47E-13 9.86E-13
 1.59E-12 2.46E-12 3.22E-12 3.48E-12 3.18E-12 2.87E-12
 1.00E-74 1.00E-74 1.32E-42 5.89E-27 3.34E-19 1.23E-14 3.49E-13 9.90E-13
 1.60E-12 2.47E-12 3.23E-12 3.49E-12 3.18E-12 2.87E-12
  112.309    7  14 /pl=01:ss=12:pb= 1:sz=12/type=excit/ispb = t/isel =   37
 1.00E+10 1.00E+11 1.00E+12 1.00E+13 1.00E+14 1.00E+15 1.00E+16
 2.91E+00 4.37E+00 7.28E+00 1.46E+01 2.91E+01 7.28E+01 1.46E+02 2.18E+02
 2.91E+02 4.37E+02 7.28E+02 1.46E+03 2.91E+03 4.37E+03
 1.00E-74 1.00E-74 2.96E-45 1.56E-28 3.82E-20 3.33E-15 1.26E-13 4.00E-13
 6.88E-13 1.17E-12 1.72E-12 2.25E-12 2.52E-12 2.57E-12
 1.00E-74 1.00E-74 1.77E-45 1.56E-28 3.82E-20 3.33E-15 1.26E-13 4.00E-13
 6.88E-13 1.17E-12 1.72E-12 2.25E-12 2.52E-12 2.57E-12
 1.00E-74 1.00E-74 1.89E-45 1.56E-28 3.82E-20 3.33E-15 1.26E-13 4.00E-13
 6.88E-13 1.17E-12 1.72E-12 2.25E-12 2.52E-12 2.57E-12
 1.00E-74 1.00E-74 1.88E-45 1.56E-28 3.82E-20 3.33E-15 1.26E-13 4.00E-13
 6.88E-13 1.17E-12 1.72E-12 2.25E-12 2.52E-12 2.57E-12
 1.00E-74 1.00E-74 1.88E-45 1.56E-28 3.82E-20 3.33E-15 1.26E-13 4.00E-13
 6.88E-13 1.17E-12 1.72E-12 2.25E-12 2.52E-12 2.57E-12
 1.00E-74 1.00E-74 1.89E-45 1.56E-28 3.83E-20 3.34E-15 1.26E-13 4.00E-13
 6.88E-13 1.17E-12 1.72E-12 2.25E-12 2.52E-12 2.57E-12
 1.00E-74 1.00E-74 1.94E-45 1.59E-28 3.87E-20 3.36E-15 1.27E-13 4.01E-13
 6.89E-13 1.17E-12 1.72E-12 2.24E-12 2.52E-12 2.57E-12
  117.368    7  14 /pl=01:ss=12:pb= 1:sz=12/type=excit/ispb = t/isel =   38
 1.00E+10 1.00E+11 1.00E+12 1.00E+13 1.00E+14 1.00E+15 1.00E+16
 2.91E+00 4.37E+00 7.28E+00 1.46E+01 2.91E+01 7.28E+01 1.46E+02 2.18E+02
 2.91E+02 4.37E+02 7.28E+02 1.46E+03 2.91E+03 4.37E+03
 1.00E-74 1.00E-74 1.00E-74 7.21E-31 1.53E-21 4.73E-16 2.67E-14 9.48E-14
 1.73E-13 3.02E-13 4.45E-13 5.50E-13 5.67E-13 5.51E-13
 1.00E-74 1.00E-74 1.00E-74 7.21E-31 1.53E-21 4.73E-16 2.67E-14 9.48E-14
 1.73E-13 3.02E-13 4.45E-13 5.50E-13 5.67E-13 5.51E-13
 1.00E-74 1.00E-74 1.00E-74 7.21E-31 1.53E-21 4.73E-16 2.67E-14 9.48E-14
 1.73E-13 3.02E-13 4.45E-13 5.50E-13 5.67E-13 5.51E-13
 1.00E-74 1.00E-74 1.00E-74 7.21E-31 1.53E-21 4.73E-16 2.67E-14 9.48E-14
 1.73E-13 3.02E-13 4.45E-13 5.50E-13 5.67E-13 5.51E-13
 1.00E-74 1.00E-74 2.17E-49 7.21E-31 1.53E-21 4.73E-16 2.67E-14 9.48E-14
 1.73E-13 3.02E-13 4.45E-13 5.50E-13 5.67E-13 5.51E-13
 1.00E-74 1.00E-74 1.09E-49 7.21E-31 1.53E-21 4.72E-16 2.66E-14 9.47E-14
 1.73E-13 3.02E-13 4.45E-13 5.50E-13 5.66E-13 5.50E-13
 1.00E-74 1.00E-74 1.13E-49 7.11E-31 1.51E-21 4.67E-16 2.64E-14 9.39E-14
 1.71E-13 2.99E-13 4.41E-13 5.46E-13 5.62E-13 5.46E-13
  133.115    7  14 /pl=01:ss=12:pb= 1:sz=12/type=excit/ispb = t/isel =   39
 1.00E+10 1.00E+11 1.00E+12 1.00E+13 1.00E+14 1.00E+15 1.00E+16
 2.91E+00 4.37E+00 7.28E+00 1.46E+01 2.91E+01 7.28E+01 1.46E+02 2.18E+02
 2.91E+02 4.37E+02 7.28E+02 1.46E+03 2.91E+03 4.37E+03
 1.00E-74 1.00E-74 1.00E-74 2.77E-30 3.11E-21 6.53E-16 3.22E-14 1.08E-13
 1.92E-13 3.21E-13 4.45E-13 4.95E-13 4.50E-13 4.02E-13
 1.00E-74 1.00E-74 1.00E-74 2.77E-30 3.11E-21 6.53E-16 3.22E-14 1.08E-13
 1.92E-13 3.21E-13 4.45E-13 4.95E-13 4.50E-13 4.02E-13
 1.00E-74 1.00E-74 1.00E-74 2.77E-30 3.11E-21 6.53E-16 3.22E-14 1.08E-13
 1.92E-13 3.21E-13 4.45E-13 4.95E-13 4.50E-13 4.02E-13
 1.00E-74 1.00E-74 1.58E-48 2.77E-30 3.11E-21 6.53E-16 3.22E-14 1.08E-13
 1.92E-13 3.21E-13 4.45E-13 4.95E-13 4.50E-13 4.02E-13
 1.00E-74 1.00E-74 1.58E-48 2.77E-30 3.11E-21 6.53E-16 3.21E-14 1.08E-13
 1.92E-13 3.21E-13 4.45E-13 4.95E-13 4.50E-13 4.02E-13
 1.00E-74 1.00E-74 1.57E-48 2.74E-30 3.08E-21 6.48E-16 3.19E-14 1.08E-13
 1.91E-13 3.19E-13 4.43E-13 4.94E-13 4.49E-13 4.02E-13
 1.00E-74 1.00E-74 1.42E-48 2.49E-30 2.83E-21 6.04E-16 3.01E-14 1.02E-13
 1.82E-13 3.06E-13 4.28E-13 4.81E-13 4.41E-13 3.96E-13
  140.398    7  14 /pl=01:ss=12:pb= 1:sz=12/type=excit/ispb = t/isel =   40
 1.00E+10 1.00E+11 1.00E+12 1.00E+13 1.00E+14 1.00E+15 1.00E+16
 2.91E+00 4.37E+00 7.28E+00 1.46E+01 2.91E+01 7.28E+01 1.46E+02 2.18E+02
 2.91E+02 4.37E+02 7.28E+02 1.46E+03 2.91E+03 4.37E+03
 1.00E-74 1.00E-74 1.00E-74 4.05E-30 4.77E-21 1.04E-15 5.24E-14 1.78E-13
 3.19E-13 5.49E-13 7.96E-13 9.78E-13 1.00E-12 9.73E-13
 1.00E-74 1.00E-74 1.00E-74 4.05E-30 4.77E-21 1.04E-15 5.24E-14 1.78E-13
 3.19E-13 5.49E-13 7.96E-13 9.78E-13 1.00E-12 9.73E-13
 1.00E-74 1.00E-74 1.00E-74 4.05E-30 4.77E-21 1.04E-15 5.24E-14 1.78E-13
 3.19E-13 5.49E-13 7.96E-13 9.78E-13 1.00E-12 9.73E-13
 1.00E-74 1.00E-74 3.38E-48 4.05E-30 4.77E-21 1.04E-15 5.24E-14 1.78E-13
 3.19E-13 5.49E-13 7.96E-13 9.78E-13 1.00E-12 9.73E-13
 1.00E-74 1.00E-74 2.03E-48 4.05E-30 4.77E-21 1.04E-15 5.24E-14 1.78E-13
 3.19E-13 5.49E-13 7.96E-13 9.78E-13 1.00E-12 9.73E-13
 1.00E-74 1.00E-74 2.09E-48 4.05E-30 4.77E-21 1.04E-15 5.24E-14 1.78E-13
 3.19E-13 5.49E-13 7.96E-13 9.78E-13 1.00E-12 9.72E-13
 1.00E-74 1.00E-74 2.10E-48 4.07E-30 4.78E-21 1.04E-15 5.23E-14 1.78E-13
 3.18E-13 5.47E-13 7.94E-13 9.75E-13 9.99E-13 9.70E-13
  149.124    7  14 /pl=01:ss=12:pb= 1:sz=12/type=excit/ispb = t/isel =   41
 1.00E+10 1.00E+11 1.00E+12 1.00E+13 1.00E+14 1.00E+15 1.00E+16
 2.91E+00 4.37E+00 7.28E+00 1.46E+01 2.91E+01 7.28E+01 1.46E+02 2.18E+02
 2.91E+02 4.37E+02 7.28E+02 1.46E+03 2.91E+03 4.37E+03
 1.00E-74 1.00E-74 1.00E-74 3.38E-30 4.07E-21 8.95E-16 4.50E-14 1.54E-13
 2.74E-13 4.63E-13 6.55E-13 7.59E-13 7.12E-13 6.50E-13
 1.00E-74 1.00E-74 1.00E-74 3.38E-30 4.07E-21 8.95E-16 4.50E-14 1.54E-13
 2.74E-13 4.63E-13 6.55E-13 7.59E-13 7.12E-13 6.50E-13
 1.00E-74 1.00E-74 1.00E-74 3.38E-30 4.07E-21 8.95E-16 4.50E-14 1.54E-13
 2.74E-13 4.63E-13 6.55E-13 7.59E-13 7.12E-13 6.50E-13
 1.00E-74 1.00E-74 1.00E-74 3.38E-30 4.07E-21 8.95E-16 4.50E-14 1.54E-13
 2.74E-13 4.63E-13 6.55E-13 7.59E-13 7.12E-13 6.50E-13
 1.00E-74 1.00E-74 1.65E-48 3.38E-30 4.07E-21 8.96E-16 4.50E-14 1.54E-13
 2.74E-13 4.63E-13 6.55E-13 7.59E-13 7.13E-13 6.50E-13
 1.00E-74 1.00E-74 1.65E-48 3.42E-30 4.11E-21 9.01E-16 4.53E-14 1.54E-13
 2.75E-13 4.65E-13 6.57E-13 7.61E-13 7.14E-13 6.52E-13
 1.00E-74 1.00E-74 1.90E-48 3.78E-30 4.44E-21 9.53E-16 4.73E-14 1.60E-13
 2.84E-13 4.79E-13 6.74E-13 7.77E-13 7.27E-13 6.63E-13
  196.784    7  14 /pl=01:ss=12:pb= 1:sz=12/type=excit/ispb = t/isel =   42
 1.00E+10 1.00E+11 1.00E+12 1.00E+13 1.00E+14 1.00E+15 1.00E+16
 2.91E+00 4.37E+00 7.28E+00 1.46E+01 2.91E+01 7.28E+01 1.46E+02 2.18E+02
 2.91E+02 4.37E+02 7.28E+02 1.46E+03 2.91E+03 4.37E+03
 1.00E-74 1.00E-74 1.00E-74 4.66E-29 1.87E-20 2.18E-15 8.89E-14 2.82E-13
 4.83E-13 7.85E-13 1.07E-12 1.18E-12 1.07E-12 9.65E-13
 1.00E-74 1.00E-74 2.41E-46 4.66E-29 1.87E-20 2.18E-15 8.89E-14 2.82E-13
 4.83E-13 7.85E-13 1.07E-12 1.18E-12 1.07E-12 9.65E-13
 1.00E-74 1.00E-74 2.17E-46 4.66E-29 1.87E-20 2.18E-15 8.89E-14 2.82E-13
 4.83E-13 7.85E-13 1.07E-12 1.18E-12 1.07E-12 9.65E-13
 1.00E-74 1.00E-74 2.12E-46 4.66E-29 1.87E-20 2.18E-15 8.89E-14 2.82E-13
 4.83E-13 7.85E-13 1.07E-12 1.18E-12 1.07E-12 9.65E-13
 1.00E-74 1.00E-74 2.13E-46 4.66E-29 1.87E-20 2.18E-15 8.89E-14 2.82E-13
 4.83E-13 7.85E-13 1.07E-12 1.18E-12 1.07E-12 9.65E-13
 1.00E-74 1.00E-74 2.12E-46 4.66E-29 1.87E-20 2.18E-15 8.88E-14 2.82E-13
 4.82E-13 7.84E-13 1.07E-12 1.18E-12 1.07E-12 9.64E-13
 1.00E-74 1.00E-74 2.10E-46 4.57E-29 1.83E-20 2.14E-15 8.74E-14 2.78E-13
 4.76E-13 7.75E-13 1.06E-12 1.17E-12 1.07E-12 9.60E-13
  208.552    7  14 /pl=01:ss=12:pb= 1:sz=12/type=excit/ispb = t/isel =   43
 1.00E+10 1.00E+11 1.00E+12 1.00E+13 1.00E+14 1.00E+15 1.00E+16
 2.91E+00 4.37E+00 7.28E+00 1.46E+01 2.91E+01 7.28E+01 1.46E+02 2.18E+02
 2.91E+02 4.37E+02 7.28E+02 1.46E+03 2.91E+03 4.37E+03
 1.00E-74 1.00E-74 1.00E-74 5.27E-29 2.31E-20 2.80E-15 1.16E-13 3.73E-13
 6.48E-13 1.08E-12 1.53E-12 1.86E-12 1.90E-12 1.84E-12
 1.00E-74 1.00E-74 1.00E-74 5.27E-29 2.31E-20 2.80E-15 1.16E-13 3.73E-13
 6.48E-13 1.08E-12 1.53E-12 1.86E-12 1.90E-12 1.84E-12
 1.00E-74 1.00E-74 2.10E-46 5.27E-29 2.31E-20 2.80E-15 1.16E-13 3.73E-13
 6.48E-13 1.08E-12 1.53E-12 1.86E-12 1.90E-12 1.84E-12
 1.00E-74 1.00E-74 2.00E-46 5.27E-29 2.31E-20 2.80E-15 1.16E-13 3.73E-13
 6.48E-13 1.08E-12 1.53E-12 1.86E-12 1.90E-12 1.84E-12
 1.00E-74 1.00E-74 1.98E-46 5.27E-29 2.31E-20 2.80E-15 1.16E-13 3.73E-13
 6.48E-13 1.08E-12 1.53E-12 1.86E-12 1.90E-12 1.84E-12
 1.00E-74 1.00E-74 1.98E-46 5.27E-29 2.31E-20 2.80E-15 1.16E-13 3.73E-13
 6.48E-13 1.08E-12 1.53E-12 1.86E-12 1.90E-12 1.84E-12
 1.00E-74 1.00E-74 2.00E-46 5.32E-29 2.32E-20 2.81E-15 1.16E-13 3.74E-13
 6.48E-13 1.08E-12 1.53E-12 1.86E-12 1.90E-12 1.84E-12
  209.117    7  14 /pl=01:ss=12:pb= 1:sz=12/type=excit/ispb = t/isel =   44
 1.00E+10 1.00E+11 1.00E+12 1.00E+13 1.00E+14 1.00E+15 1.00E+16
 2.91E+00 4.37E+00 7.28E+00 1.46E+01 2.91E+01 7.28E+01 1.46E+02 2.18E+02
 2.91E+02 4.37E+02 7.28E+02 1.46E+03 2.91E+03 4.37E+03
 1.00E-74 1.00E-74 1.00E-74 1.73E-30 3.22E-21 9.19E-16 5.00E-14 1.74E-13
 3.12E-13 5.29E-13 7.39E-13 8.27E-13 7.47E-13 6.66E-13
 1.00E-74 1.00E-74 1.00E-74 1.73E-30 3.22E-21 9.19E-16 5.00E-14 1.74E-13
 3.12E-13 5.29E-13 7.39E-13 8.27E-13 7.47E-13 6.66E-13
 1.00E-74 1.00E-74 1.00E-74 1.73E-30 3.22E-21 9.19E-16 5.00E-14 1.74E-13
 3.12E-13 5.29E-13 7.39E-13 8.27E-13 7.47E-13 6.66E-13
 1.00E-74 1.00E-74 1.00E-74 1.73E-30 3.22E-21 9.19E-16 5.00E-14 1.74E-13
 3.12E-13 5.29E-13 7.39E-13 8.27E-13 7.47E-13 6.66E-13
 1.00E-74 1.00E-74 5.24E-49 1.73E-30 3.22E-21 9.19E-16 5.00E-14 1.74E-13
 3.12E-13 5.29E-13 7.39E-13 8.27E-13 7.47E-13 6.66E-13
 1.00E-74 1.00E-74 3.67E-49 1.74E-30 3.23E-21 9.21E-16 5.01E-14 1.74E-13
 3.13E-13 5.30E-13 7.40E-13 8.28E-13 7.48E-13 6.67E-13
 1.00E-74 1.00E-74 3.88E-49 1.84E-30 3.37E-21 9.46E-16 5.11E-14 1.77E-13
 3.18E-13 5.38E-13 7.50E-13 8.38E-13 7.57E-13 6.75E-13
  225.852    7  14 /pl=01:ss=12:pb= 1:sz=12/type=excit/ispb = t/isel =   45
 1.00E+10 1.00E+11 1.00E+12 1.00E+13 1.00E+14 1.00E+15 1.00E+16
 2.91E+00 4.37E+00 7.28E+00 1.46E+01 2.91E+01 7.28E+01 1.46E+02 2.18E+02
 2.91E+02 4.37E+02 7.28E+02 1.46E+03 2.91E+03 4.37E+03
 1.00E-74 1.00E-74 1.00E-74 4.42E-29 2.02E-20 2.50E-15 1.04E-13 3.32E-13
 5.73E-13 9.43E-13 1.30E-12 1.49E-12 1.39E-12 1.27E-12
 1.00E-74 1.00E-74 1.00E-74 4.42E-29 2.02E-20 2.50E-15 1.04E-13 3.32E-13
 5.73E-13 9.43E-13 1.30E-12 1.49E-12 1.39E-12 1.27E-12
 1.00E-74 1.00E-74 1.04E-46 4.42E-29 2.02E-20 2.50E-15 1.04E-13 3.32E-13
 5.73E-13 9.43E-13 1.30E-12 1.49E-12 1.39E-12 1.27E-12
 1.00E-74 1.00E-74 1.45E-46 4.42E-29 2.02E-20 2.50E-15 1.04E-13 3.32E-13
 5.73E-13 9.43E-13 1.31E-12 1.49E-12 1.39E-12 1.27E-12
 1.00E-74 1.00E-74 1.50E-46 4.43E-29 2.02E-20 2.50E-15 1.04E-13 3.32E-13
 5.73E-13 9.43E-13 1.31E-12 1.49E-12 1.39E-12 1.27E-12
 1.00E-74 1.00E-74 1.52E-46 4.46E-29 2.03E-20 2.51E-15 1.04E-13 3.33E-13
 5.74E-13 9.44E-13 1.31E-12 1.49E-12 1.39E-12 1.27E-12
 1.00E-74 1.00E-74 1.65E-46 4.75E-29 2.13E-20 2.59E-15 1.07E-13 3.39E-13
 5.84E-13 9.58E-13 1.32E-12 1.50E-12 1.40E-12 1.28E-12
  239.278    7  14 /pl=01:ss=12:pb= 1:sz=12/type=excit/ispb = t/isel =   46
 1.00E+10 1.00E+11 1.00E+12 1.00E+13 1.00E+14 1.00E+15 1.00E+16
 2.91E+00 4.37E+00 7.28E+00 1.46E+01 2.91E+01 7.28E+01 1.46E+02 2.18E+02
 2.91E+02 4.37E+02 7.28E+02 1.46E+03 2.91E+03 4.37E+03
 5.88E-16 1.82E-13 1.62E-11 4.07E-10 1.75E-09 3.44E-09 3.78E-09 3.71E-09
 3.60E-09 3.38E-09 3.03E-09 2.52E-09 2.04E-09 1.78E-09
 5.88E-16 1.82E-13 1.62E-11 4.07E-10 1.75E-09 3.44E-09 3.78E-09 3.71E-09
 3.60E-09 3.38E-09 3.03E-09 2.52E-09 2.04E-09 1.78E-09
 5.88E-16 1.82E-13 1.62E-11 4.07E-10 1.75E-09 3.44E-09 3.78E-09 3.71E-09
 3.60E-09 3.38E-09 3.03E-09 2.52E-09 2.04E-09 1.78E-09
 5.88E-16 1.82E-13 1.62E-11 4.07E-10 1.75E-09 3.44E-09 3.78E-09 3.71E-09
 3.60E-09 3.38E-09 3.03E-09 2.52E-09 2.04E-09 1.78E-09
 5.88E-16 1.82E-13 1.62E-11 4.07E-10 1.75E-09 3.44E-09 3.78E-09 3.71E-09
 3.60E-09 3.38E-09 3.03E-09 2.52E-09 2.04E-09 1.78E-09
 5.87E-16 1.82E-13 1.62E-11 4.06E-10 1.75E-09 3.44E-09 3.77E-09 3.71E-09
 3.60E-09 3.38E-09 3.02E-09 2.52E-09 2.04E-09 1.78E-09
 5.80E-16 1.80E-13 1.61E-11 4.04E-10 1.74E-09 3.42E-09 3.75E-09 3.69E-09
 3.58E-09 3.36E-09 3.01E-09 2.51E-09 2.03E-09 1.77E-09
  245.367    7  14 /pl=01:ss=12:pb= 1:sz=12/type=excit/ispb = t/isel =   47
 1.00E+10 1.00E+11 1.00E+12 1.00E+13 1.00E+14 1.00E+15 1.00E+16
 2.91E+00 4.37E+00 7.28E+00 1.46E+01 2.91E+01 7.28E+01 1.46E+02 2.18E+02
 2.91E+02 4.37E+02 7.28E+02 1.46E+03 2.91E+03 4.37E+03
 1.00E-74 1.00E-74 1.00E-74 2.85E-29 1.14E-20 1.33E-15 5.43E-14 1.72E-13
 2.95E-13 4.79E-13 6.52E-13 7.20E-13 6.55E-13 5.89E-13
 1.00E-74 1.00E-74 1.47E-46 2.85E-29 1.14E-20 1.33E-15 5.43E-14 1.72E-13
 2.95E-13 4.79E-13 6.52E-13 7.20E-13 6.55E-13 5.89E-13
 1.00E-74 1.00E-74 1.32E-46 2.85E-29 1.14E-20 1.33E-15 5.43E-14 1.72E-13
 2.95E-13 4.79E-13 6.52E-13 7.20E-13 6.55E-13 5.89E-13
 1.00E-74 1.00E-74 1.29E-46 2.85E-29 1.14E-20 1.33E-15 5.43E-14 1.72E-13
 2.95E-13 4.79E-13 6.52E-13 7.20E-13 6.55E-13 5.89E-13
 1.00E-74 1.00E-74 1.30E-46 2.85E-29 1.14E-20 1.33E-15 5.43E-14 1.72E-13
 2.95E-13 4.79E-13 6.52E-13 7.20E-13 6.55E-13 5.89E-13
 1.00E-74 1.00E-74 1.30E-46 2.84E-29 1.14E-20 1.33E-15 5.42E-14 1.72E-13
 2.94E-13 4.79E-13 6.51E-13 7.19E-13 6.54E-13 5.89E-13
 1.00E-74 1.00E-74 1.28E-46 2.79E-29 1.12E-20 1.31E-15 5.33E-14 1.70E-13
 2.91E-13 4.73E-13 6.44E-13 7.14E-13 6.51E-13 5.86E-13
  245.757    7  14 /pl=01:ss=12:pb= 1:sz=12/type=excit/ispb = t/isel =   48
 1.00E+10 1.00E+11 1.00E+12 1.00E+13 1.00E+14 1.00E+15 1.00E+16
 2.91E+00 4.37E+00 7.28E+00 1.46E+01 2.91E+01 7.28E+01 1.46E+02 2.18E+02
 2.91E+02 4.37E+02 7.28E+02 1.46E+03 2.91E+03 4.37E+03
 1.00E-74 1.00E-74 1.00E-74 1.24E-30 2.11E-21 5.76E-16 3.15E-14 1.12E-13
 2.05E-13 3.65E-13 5.60E-13 7.53E-13 8.56E-13 8.73E-13
 1.00E-74 1.00E-74 1.00E-74 1.24E-30 2.11E-21 5.76E-16 3.15E-14 1.12E-13
 2.05E-13 3.65E-13 5.60E-13 7.53E-13 8.56E-13 8.73E-13
 1.00E-74 1.00E-74 1.00E-74 1.24E-30 2.11E-21 5.76E-16 3.15E-14 1.12E-13
 2.05E-13 3.65E-13 5.60E-13 7.53E-13 8.56E-13 8.73E-13
 1.00E-74 1.00E-74 1.00E-74 1.24E-30 2.11E-21 5.76E-16 3.15E-14 1.12E-13
 2.05E-13 3.65E-13 5.60E-13 7.53E-13 8.56E-13 8.73E-13
 1.00E-74 1.00E-74 2.91E-49 1.24E-30 2.11E-21 5.76E-16 3.15E-14 1.12E-13
 2.05E-13 3.65E-13 5.60E-13 7.52E-13 8.56E-13 8.73E-13
 1.00E-74 1.00E-74 3.06E-49 1.24E-30 2.11E-21 5.75E-16 3.15E-14 1.12E-13
 2.05E-13 3.65E-13 5.60E-13 7.52E-13 8.55E-13 8.72E-13
 1.00E-74 1.00E-74 3.15E-49 1.25E-30 2.10E-21 5.72E-16 3.13E-14 1.11E-13
 2.03E-13 3.62E-13 5.56E-13 7.47E-13 8.51E-13 8.68E-13
  389.947    7  14 /pl=01:ss=12:pb= 1:sz=12/type=excit/ispb = t/isel =   49
 1.00E+10 1.00E+11 1.00E+12 1.00E+13 1.00E+14 1.00E+15 1.00E+16
 2.91E+00 4.37E+00 7.28E+00 1.46E+01 2.91E+01 7.28E+01 1.46E+02 2.18E+02
 2.91E+02 4.37E+02 7.28E+02 1.46E+03 2.91E+03 4.37E+03
 1.00E-74 1.00E-74 1.00E-74 1.76E-30 2.08E-21 4.53E-16 2.28E-14 7.76E-14
 1.39E-13 2.39E-13 3.47E-13 4.26E-13 4.36E-13 4.24E-13
 1.00E-74 1.00E-74 1.00E-74 1.76E-30 2.08E-21 4.53E-16 2.28E-14 7.76E-14
 1.39E-13 2.39E-13 3.47E-13 4.26E-13 4.36E-13 4.24E-13
 1.00E-74 1.00E-74 1.00E-74 1.76E-30 2.08E-21 4.53E-16 2.28E-14 7.76E-14
 1.39E-13 2.39E-13 3.47E-13 4.26E-13 4.36E-13 4.24E-13
 1.00E-74 1.00E-74 1.47E-48 1.76E-30 2.08E-21 4.53E-16 2.28E-14 7.76E-14
 1.39E-13 2.39E-13 3.47E-13 4.26E-13 4.36E-13 4.24E-13
 1.00E-74 1.00E-74 8.83E-49 1.76E-30 2.08E-21 4.53E-16 2.28E-14 7.76E-14
 1.39E-13 2.39E-13 3.47E-13 4.26E-13 4.36E-13 4.24E-13
 1.00E-74 1.00E-74 9.12E-49 1.76E-30 2.08E-21 4.53E-16 2.28E-14 7.76E-14
 1.39E-13 2.39E-13 3.47E-13 4.26E-13 4.36E-13 4.24E-13
 1.00E-74 1.00E-74 9.17E-49 1.77E-30 2.08E-21 4.52E-16 2.28E-14 7.74E-14
 1.39E-13 2.39E-13 3.46E-13 4.25E-13 4.35E-13 4.23E-13
  761.293    7  14 /pl=01:ss=12:pb= 1:sz=12/type=excit/ispb = t/isel =   50
 1.00E+10 1.00E+11 1.00E+12 1.00E+13 1.00E+14 1.00E+15 1.00E+16
 2.91E+00 4.37E+00 7.28E+00 1.46E+01 2.91E+01 7.28E+01 1.46E+02 2.18E+02
 2.91E+02 4.37E+02 7.28E+02 1.46E+03 2.91E+03 4.37E+03
 1.00E-74 1.00E-74 8.46E-34 6.45E-22 4.76E-16 1.28E-12 1.57E-11 3.41E-11
 4.88E-11 6.69E-11 8.03E-11 8.23E-11 7.36E-11 6.64E-11
 1.00E-74 1.00E-74 8.46E-34 6.45E-22 4.76E-16 1.28E-12 1.57E-11 3.41E-11
 4.88E-11 6.69E-11 8.03E-11 8.23E-11 7.36E-11 6.64E-11
 1.00E-74 1.00E-74 8.46E-34 6.45E-22 4.76E-16 1.28E-12 1.57E-11 3.41E-11
 4.88E-11 6.69E-11 8.03E-11 8.23E-11 7.36E-11 6.64E-11
 1.00E-74 1.70E-49 8.45E-34 6.45E-22 4.76E-16 1.28E-12 1.57E-11 3.41E-11
 4.88E-11 6.69E-11 8.03E-11 8.23E-11 7.36E-11 6.64E-11
 1.00E-74 1.02E-49 8.43E-34 6.44E-22 4.75E-16 1.28E-12 1.57E-11 3.41E-11
 4.87E-11 6.68E-11 8.02E-11 8.23E-11 7.35E-11 6.64E-11
 1.00E-74 9.66E-50 8.24E-34 6.30E-22 4.65E-16 1.25E-12 1.54E-11 3.36E-11
 4.81E-11 6.60E-11 7.94E-11 8.16E-11 7.30E-11 6.60E-11
 1.00E-74 7.66E-50 6.73E-34 5.20E-22 3.87E-16 1.07E-12 1.34E-11 2.95E-11
 4.25E-11 5.90E-11 7.21E-11 7.53E-11 6.85E-11 6.24E-11
c-------------------------------------------------------------------------------
 
C  root partition information
C  ==========================
C
C  nuclear charge : 18
C  ion charge+1   : 13
C
C  population calculation information
C  ----------------------------------
C
C  population processing code: adas810
C
C  adf04 source file    : adf04_copmm#18_ca_40#ar12_t3.dat
C  adf18/a17_p208 file  : NULL
C
C  meta. ion. coeff. selector  : 
 
C  options  : lnorm =T  lpsel =F  lzsel =T  liosel=F
C           : lhsel =F  lrsel =F  lisel =F  lnsel =F
 
C  energy levels
C  -------------
C
C   lv      configuration    (2S+1)L(w-1/2)      energy (cm^-1)
C  ---   ------------------- --------------      --------------
c    1   22523                  (0)0(  7.0)             0.0
c    2   12533                  (0)0( 19.5)        417923.4
c    3   22513514               (0)0(  5.5)       3122892.0
c    4   22513515               (0)0( 17.5)       3254247.5
c    5   22513516               (0)0( 29.5)       3381531.7
c    6   12523515               (0)0( 89.5)       3599404.1
c    7   12523516               (0)0(149.5)       3725569.0
c    8   22513517               (0)0(  5.5)       4221515.6
c    9   22513518               (0)0( 17.5)       4273871.2
c   10   22513519               (0)0( 29.5)       4322133.7
c   11   2251351A               (0)0( 41.5)       4344827.3
c   12   12523518               (0)0( 89.5)       4615966.2
c   13   12523519               (0)0(149.5)       4663800.6
c   14   2251351B               (0)0(  5.5)       4703668.2
c   15   2251351C               (0)0( 17.5)       4729686.9
c   16   2251351D               (0)0( 29.5)       4753368.2
c   17   2251351E               (0)0( 41.5)       4764901.6
c   18   2251351G               (0)0(  5.5)       4957962.3
c   19   2251351H               (0)0( 17.5)       4972743.9
c   20   2251351I               (0)0( 29.5)       4986131.9
c   21   2251351J               (0)0( 41.5)       4992716.1
c   22   1252351C               (0)0( 89.5)       5070706.4
c   23   1252351D               (0)0(149.5)       5094168.2
c   24   2251351M               (0)0(  5.5)       5108401.1
c   25   2251351N               (0)0( 17.5)       5117586.1
c   26   2251351O               (0)0( 29.5)       5125893.3
c   27   2251351P               (0)0( 41.5)       5129997.4
c   28   1252351H               (0)0( 89.5)       5313291.6
c   29   1252351I               (0)0(149.5)       5326558.8
 
 
 
c-------------------------------------------------------------------------------
 
C  superstage partition information
C  ================================
C
C  element symbol   : Ar
C  parent template  : 
C  partition level  :  1
C  superstage label : 12
C
C  tabulation       : photon emissivity coefft (te,ne)
C  units            : ph. emis coef(cm^3 s^-1); te (ev); ne (cm^-3)
C
C  photon emissivity atomic transitions
C  ------------------------------------
C  
C   isel  wvlen(A)            transition                type  ispb nspb
C                                                             ispp nspp sz    tg pr wr
C  ----- ---------- ----------------------------------- ----- ---- ---- --    -- -- --
C      1   18.8207   28(0)0( 89.5)-  1(0)0(  7.0)       excit   1    1  12    27 21  1
C      2   19.5088   26(0)0( 29.5)-  1(0)0(  7.0)       excit   1    1  12    18 20  2
C      3   19.7211   22(0)0( 89.5)-  1(0)0(  7.0)       excit   1    1  12    25 16  3
C      4   20.0556   20(0)0( 29.5)-  1(0)0(  7.0)       excit   1    1  12    14 14  4
C      5   20.3723   29(0)0(149.5)-  2(0)0( 19.5)       excit   1    1  12   189 25  5
C      6   21.0377   16(0)0( 29.5)-  1(0)0(  7.0)       excit   1    1  12    10 10  6
C      7   21.2600   14(0)0(  5.5)-  1(0)0(  7.0)       excit   1    1  12     8 48  7
C      8   21.3847   23(0)0(149.5)-  2(0)0( 19.5)       excit   1    1  12   187 18  8
C      9   21.6639   12(0)0( 89.5)-  1(0)0(  7.0)       excit   1    1  12    23  8  9
C     10   23.1367   10(0)0( 29.5)-  1(0)0(  7.0)       excit   1    1  12     6  7 10
C     11   23.5523   13(0)0(149.5)-  2(0)0( 19.5)       excit   1    1  12   185  9 11
C     12   23.6882    8(0)0(  5.5)-  1(0)0(  7.0)       excit   1    1  12     4 29 12
C     13   27.7824    6(0)0( 89.5)-  1(0)0(  7.0)       excit   1    1  12    21  4 13
C     14   29.5724    5(0)0( 29.5)-  1(0)0(  7.0)       excit   1    1  12     3  2 14
C     15   30.2330    7(0)0(149.5)-  2(0)0( 19.5)       excit   1    1  12   183  3 15
C     16   30.7291    4(0)0( 17.5)-  1(0)0(  7.0)       excit   1    1  12     2 13 16
C     17   32.0216    3(0)0(  5.5)-  1(0)0(  7.0)       excit   1    1  12     1  5 17
C     18   50.1330   25(0)0( 17.5)-  3(0)0(  5.5)       excit   1    1  12    41 46 18
C     19   53.4289   26(0)0( 29.5)-  4(0)0( 17.5)       excit   1    1  12    58 34 19
C     20   54.0584   19(0)0( 17.5)-  3(0)0(  5.5)       excit   1    1  12    38 35 20
C     21   57.1930   27(0)0( 41.5)-  5(0)0( 29.5)       excit   1    1  12    75 41 21
C     22   57.7406   20(0)0( 29.5)-  4(0)0( 17.5)       excit   1    1  12    54 26 22
C     23   57.8987   29(0)0(149.5)-  6(0)0( 89.5)       excit   1    1  12   196 37 23
C     24   62.0661   21(0)0( 41.5)-  5(0)0( 29.5)       excit   1    1  12    71 33 24
C     25   62.2357   15(0)0( 17.5)-  3(0)0(  5.5)       excit   1    1  12    35 23 25
C     26   66.7058   16(0)0( 29.5)-  4(0)0( 17.5)       excit   1    1  12    50 19 26
C     27   66.9002   23(0)0(149.5)-  6(0)0( 89.5)       excit   1    1  12   194 28 27
C     28   72.2872   17(0)0( 41.5)-  5(0)0( 29.5)       excit   1    1  12    67 24 28
C     29   74.1754   15(0)0( 17.5)-  5(0)0( 29.5)       excit   1    1  12    65 45 29
C     30   74.3418   22(0)0( 89.5)-  7(0)0(149.5)       excit   1    1  12   199 43 30
C     31   86.8825    9(0)0( 17.5)-  3(0)0(  5.5)       excit   1    1  12    32 12 31
C     32   93.6429   10(0)0( 29.5)-  4(0)0( 17.5)       excit   1    1  12    46 11 32
C     33   93.9500   13(0)0(149.5)-  6(0)0( 89.5)       excit   1    1  12   192 17 33
C     34   103.384    8(0)0(  5.5)-  4(0)0( 17.5)       excit   1    1  12    44 31 34
C     35   103.810   11(0)0( 41.5)-  5(0)0( 29.5)       excit   1    1  12    63 15 35
C     36   112.065    9(0)0( 17.5)-  5(0)0( 29.5)       excit   1    1  12    61 22 36
C     37   112.309   12(0)0( 89.5)-  7(0)0(149.5)       excit   1    1  12   197 27 37
C     38   117.368   26(0)0( 29.5)-  9(0)0( 17.5)       excit   1    1  12    99 47 38
C     39   133.115   19(0)0( 17.5)-  8(0)0(  5.5)       excit   1    1  12    82 49 39
C     40   140.398   20(0)0( 29.5)-  9(0)0( 17.5)       excit   1    1  12    95 38 40
C     41   149.124   21(0)0( 41.5)- 10(0)0( 29.5)       excit   1    1  12   109 42 41
C     42   196.784   15(0)0( 17.5)-  8(0)0(  5.5)       excit   1    1  12    79 36 42
C     43   208.552   16(0)0( 29.5)-  9(0)0( 17.5)       excit   1    1  12    91 30 43
C     44   209.117   23(0)0(149.5)- 12(0)0( 89.5)       excit   1    1  12   205 40 44
C     45   225.852   17(0)0( 41.5)- 10(0)0( 29.5)       excit   1    1  12   105 32 45
C     46   239.278    2(0)0( 19.5)-  1(0)0(  7.0)       excit   1    1  12    20  1 46
C     47   245.367   15(0)0( 17.5)- 10(0)0( 29.5)       excit   1    1  12   103 44 47
C     48   245.757   22(0)0( 89.5)- 13(0)0(149.5)       excit   1    1  12   208 39 48
C     49   389.947   20(0)0( 29.5)- 15(0)0( 17.5)       excit   1    1  12   135 50 49
C     50   761.293    4(0)0( 17.5)-  3(0)0(  5.5)       excit   1    1  12    29  6 50
c-------------------------------------------------------------------------------
                                                                                
C  code     : adas810
C  producer : Adam Foster
C  date     : 13/05/09
                                                                                
c-------------------------------------------------------------------------------
