   50    /AR:17 photon emissivity coefficients/
--------------------------------------------------------------------------------
    1    1    1    1    1    1    1    1    1    1    1    1    1    1
    1    1    1    1    1
--------------------------------------------------------------------------------
//#01/p00/ 00/p01/ 01/p02/ 02/p03/ 03/p04/ 04/p05/ 05/p06/ 06/p07/ 07/p08/ 08/  
      p09/ 09/p10/ 10/p11/ 11/p12/ 12/p13/ 13/p14/ 14/p15/ 15/p16/ 16/p17/ 17/  
      p18/ 18/                                                                  
--------------------------------------------------------------------------------
  2.88018    7  14 /pl=01:ss=17:pb= 1:sz=17/type=excit/ispb = t/isel =    1
 1.00E+10 1.00E+11 1.00E+12 1.00E+13 1.00E+14 1.00E+15 1.00E+16
 5.58E+00 8.38E+00 1.40E+01 2.79E+01 5.58E+01 1.40E+02 2.79E+02 4.19E+02
 5.58E+02 8.38E+02 1.40E+03 2.79E+03 5.58E+03 8.38E+03
 1.00E-74 1.00E-74 1.00E-74 1.00E-74 1.00E-74 2.56E-29 8.94E-23 1.25E-20
 1.41E-19 1.51E-18 9.26E-18 3.14E-17 4.98E-17 5.43E-17
 1.00E-74 1.00E-74 1.00E-74 1.00E-74 1.00E-74 2.56E-29 8.94E-23 1.25E-20
 1.41E-19 1.51E-18 9.26E-18 3.14E-17 4.98E-17 5.43E-17
 1.00E-74 1.00E-74 1.00E-74 1.00E-74 1.00E-74 2.56E-29 8.94E-23 1.25E-20
 1.41E-19 1.51E-18 9.26E-18 3.14E-17 4.98E-17 5.43E-17
 1.00E-74 1.00E-74 1.00E-74 1.00E-74 5.37E-49 2.56E-29 8.94E-23 1.25E-20
 1.41E-19 1.51E-18 9.26E-18 3.14E-17 4.98E-17 5.43E-17
 1.00E-74 1.00E-74 1.00E-74 1.00E-74 3.22E-49 2.56E-29 8.94E-23 1.25E-20
 1.41E-19 1.51E-18 9.26E-18 3.14E-17 4.98E-17 5.43E-17
 1.00E-74 1.00E-74 1.00E-74 1.00E-74 3.33E-49 2.56E-29 8.95E-23 1.25E-20
 1.41E-19 1.51E-18 9.27E-18 3.14E-17 4.99E-17 5.43E-17
 1.00E-74 1.00E-74 1.00E-74 1.00E-74 3.38E-49 2.59E-29 9.03E-23 1.26E-20
 1.42E-19 1.52E-18 9.31E-18 3.15E-17 5.00E-17 5.45E-17
  2.88027    7  14 /pl=01:ss=17:pb= 1:sz=17/type=excit/ispb = t/isel =    2
 1.00E+10 1.00E+11 1.00E+12 1.00E+13 1.00E+14 1.00E+15 1.00E+16
 5.58E+00 8.38E+00 1.40E+01 2.79E+01 5.58E+01 1.40E+02 2.79E+02 4.19E+02
 5.58E+02 8.38E+02 1.40E+03 2.79E+03 5.58E+03 8.38E+03
 1.00E-74 1.00E-74 1.00E-74 1.00E-74 1.00E-74 3.32E-26 1.17E-19 1.63E-17
 1.85E-16 2.00E-15 1.23E-14 4.25E-14 7.08E-14 8.01E-14
 1.00E-74 1.00E-74 1.00E-74 1.00E-74 1.00E-74 3.32E-26 1.17E-19 1.63E-17
 1.85E-16 2.00E-15 1.23E-14 4.25E-14 7.08E-14 8.01E-14
 1.00E-74 1.00E-74 1.00E-74 1.00E-74 1.00E-74 3.32E-26 1.17E-19 1.63E-17
 1.85E-16 2.00E-15 1.23E-14 4.25E-14 7.08E-14 8.01E-14
 1.00E-74 1.00E-74 1.00E-74 1.00E-74 2.89E-46 3.32E-26 1.17E-19 1.63E-17
 1.85E-16 2.00E-15 1.23E-14 4.25E-14 7.08E-14 8.01E-14
 1.00E-74 1.00E-74 1.00E-74 1.00E-74 4.33E-46 3.32E-26 1.17E-19 1.63E-17
 1.85E-16 2.00E-15 1.23E-14 4.25E-14 7.08E-14 8.01E-14
 1.00E-74 1.00E-74 1.00E-74 1.00E-74 4.30E-46 3.32E-26 1.17E-19 1.63E-17
 1.85E-16 2.00E-15 1.23E-14 4.25E-14 7.08E-14 8.01E-14
 1.00E-74 1.00E-74 1.00E-74 1.00E-74 4.30E-46 3.32E-26 1.17E-19 1.63E-17
 1.85E-16 2.00E-15 1.23E-14 4.25E-14 7.08E-14 8.01E-14
  2.91673    7  14 /pl=01:ss=17:pb= 1:sz=17/type=excit/ispb = t/isel =    3
 1.00E+10 1.00E+11 1.00E+12 1.00E+13 1.00E+14 1.00E+15 1.00E+16
 5.58E+00 8.38E+00 1.40E+01 2.79E+01 5.58E+01 1.40E+02 2.79E+02 4.19E+02
 5.58E+02 8.38E+02 1.40E+03 2.79E+03 5.58E+03 8.38E+03
 1.00E-74 1.00E-74 1.00E-74 1.00E-74 1.00E-74 6.26E-29 1.81E-22 2.37E-20
 2.60E-19 2.70E-18 1.61E-17 5.34E-17 8.43E-17 9.16E-17
 1.00E-74 1.00E-74 1.00E-74 1.00E-74 1.00E-74 6.26E-29 1.81E-22 2.37E-20
 2.60E-19 2.70E-18 1.61E-17 5.34E-17 8.43E-17 9.16E-17
 1.00E-74 1.00E-74 1.00E-74 1.00E-74 1.00E-74 6.26E-29 1.81E-22 2.37E-20
 2.60E-19 2.70E-18 1.61E-17 5.34E-17 8.43E-17 9.16E-17
 1.00E-74 1.00E-74 1.00E-74 1.00E-74 1.77E-48 6.26E-29 1.81E-22 2.37E-20
 2.60E-19 2.70E-18 1.61E-17 5.34E-17 8.43E-17 9.16E-17
 1.00E-74 1.00E-74 1.00E-74 1.00E-74 1.41E-48 6.26E-29 1.81E-22 2.37E-20
 2.60E-19 2.70E-18 1.61E-17 5.34E-17 8.43E-17 9.16E-17
 1.00E-74 1.00E-74 1.00E-74 1.00E-74 1.45E-48 6.26E-29 1.81E-22 2.37E-20
 2.60E-19 2.70E-18 1.61E-17 5.35E-17 8.43E-17 9.16E-17
 1.00E-74 1.00E-74 1.00E-74 1.00E-74 1.45E-48 6.28E-29 1.82E-22 2.38E-20
 2.61E-19 2.70E-18 1.61E-17 5.35E-17 8.44E-17 9.17E-17
  2.91681    7  14 /pl=01:ss=17:pb= 1:sz=17/type=excit/ispb = t/isel =    4
 1.00E+10 1.00E+11 1.00E+12 1.00E+13 1.00E+14 1.00E+15 1.00E+16
 5.58E+00 8.38E+00 1.40E+01 2.79E+01 5.58E+01 1.40E+02 2.79E+02 4.19E+02
 5.58E+02 8.38E+02 1.40E+03 2.79E+03 5.58E+03 8.38E+03
 1.00E-74 1.00E-74 1.00E-74 1.00E-74 1.00E-74 8.96E-26 2.61E-19 3.42E-17
 3.76E-16 3.92E-15 2.36E-14 8.00E-14 1.32E-13 1.49E-13
 1.00E-74 1.00E-74 1.00E-74 1.00E-74 1.00E-74 8.96E-26 2.61E-19 3.42E-17
 3.76E-16 3.92E-15 2.36E-14 8.00E-14 1.32E-13 1.49E-13
 1.00E-74 1.00E-74 1.00E-74 1.00E-74 1.00E-74 8.96E-26 2.61E-19 3.42E-17
 3.76E-16 3.92E-15 2.36E-14 8.00E-14 1.32E-13 1.49E-13
 1.00E-74 1.00E-74 1.00E-74 1.00E-74 2.02E-45 8.96E-26 2.61E-19 3.42E-17
 3.76E-16 3.92E-15 2.36E-14 8.00E-14 1.32E-13 1.49E-13
 1.00E-74 1.00E-74 1.00E-74 1.00E-74 2.07E-45 8.96E-26 2.61E-19 3.42E-17
 3.76E-16 3.92E-15 2.36E-14 8.00E-14 1.32E-13 1.49E-13
 1.00E-74 1.00E-74 1.00E-74 1.00E-74 2.05E-45 8.96E-26 2.61E-19 3.42E-17
 3.76E-16 3.92E-15 2.36E-14 8.00E-14 1.32E-13 1.49E-13
 1.00E-74 1.00E-74 1.00E-74 1.00E-74 2.06E-45 8.97E-26 2.61E-19 3.42E-17
 3.77E-16 3.92E-15 2.36E-14 8.00E-14 1.32E-13 1.49E-13
  2.98650    7  14 /pl=01:ss=17:pb= 1:sz=17/type=excit/ispb = t/isel =    5
 1.00E+10 1.00E+11 1.00E+12 1.00E+13 1.00E+14 1.00E+15 1.00E+16
 5.58E+00 8.38E+00 1.40E+01 2.79E+01 5.58E+01 1.40E+02 2.79E+02 4.19E+02
 5.58E+02 8.38E+02 1.40E+03 2.79E+03 5.58E+03 8.38E+03
 1.00E-74 1.00E-74 1.00E-74 1.00E-74 1.00E-74 2.27E-28 4.59E-22 5.36E-20
 5.54E-19 5.43E-18 3.08E-17 9.92E-17 1.54E-16 1.66E-16
 1.00E-74 1.00E-74 1.00E-74 1.00E-74 1.00E-74 2.27E-28 4.59E-22 5.36E-20
 5.54E-19 5.43E-18 3.08E-17 9.92E-17 1.54E-16 1.66E-16
 1.00E-74 1.00E-74 1.00E-74 1.00E-74 1.57E-47 2.27E-28 4.59E-22 5.36E-20
 5.54E-19 5.43E-18 3.08E-17 9.92E-17 1.54E-16 1.66E-16
 1.00E-74 1.00E-74 1.00E-74 1.00E-74 1.57E-47 2.27E-28 4.59E-22 5.36E-20
 5.54E-19 5.43E-18 3.08E-17 9.92E-17 1.54E-16 1.66E-16
 1.00E-74 1.00E-74 1.00E-74 1.00E-74 1.52E-47 2.27E-28 4.59E-22 5.36E-20
 5.54E-19 5.43E-18 3.08E-17 9.92E-17 1.54E-16 1.66E-16
 1.00E-74 1.00E-74 1.00E-74 1.00E-74 1.53E-47 2.27E-28 4.59E-22 5.36E-20
 5.54E-19 5.43E-18 3.08E-17 9.92E-17 1.54E-16 1.66E-16
 1.00E-74 1.00E-74 1.00E-74 1.00E-74 1.53E-47 2.27E-28 4.59E-22 5.37E-20
 5.55E-19 5.44E-18 3.08E-17 9.92E-17 1.54E-16 1.66E-16
  2.98677    7  14 /pl=01:ss=17:pb= 1:sz=17/type=excit/ispb = t/isel =    6
 1.00E+10 1.00E+11 1.00E+12 1.00E+13 1.00E+14 1.00E+15 1.00E+16
 5.58E+00 8.38E+00 1.40E+01 2.79E+01 5.58E+01 1.40E+02 2.79E+02 4.19E+02
 5.58E+02 8.38E+02 1.40E+03 2.79E+03 5.58E+03 8.38E+03
 1.00E-74 1.00E-74 1.00E-74 1.00E-74 1.00E-74 3.90E-25 8.04E-19 9.35E-17
 9.76E-16 9.52E-15 5.51E-14 1.80E-13 2.93E-13 3.29E-13
 1.00E-74 1.00E-74 1.00E-74 1.00E-74 1.00E-74 3.90E-25 8.04E-19 9.35E-17
 9.76E-16 9.52E-15 5.51E-14 1.80E-13 2.93E-13 3.29E-13
 1.00E-74 1.00E-74 1.00E-74 1.00E-74 3.01E-44 3.90E-25 8.04E-19 9.35E-17
 9.76E-16 9.52E-15 5.51E-14 1.80E-13 2.93E-13 3.29E-13
 1.00E-74 1.00E-74 1.00E-74 1.00E-74 2.61E-44 3.90E-25 8.04E-19 9.35E-17
 9.76E-16 9.52E-15 5.51E-14 1.80E-13 2.93E-13 3.29E-13
 1.00E-74 1.00E-74 1.00E-74 1.00E-74 2.59E-44 3.90E-25 8.04E-19 9.35E-17
 9.76E-16 9.52E-15 5.51E-14 1.80E-13 2.93E-13 3.29E-13
 1.00E-74 1.00E-74 1.00E-74 1.00E-74 2.60E-44 3.90E-25 8.04E-19 9.35E-17
 9.76E-16 9.52E-15 5.51E-14 1.80E-13 2.93E-13 3.29E-13
 1.00E-74 1.00E-74 1.00E-74 1.00E-74 2.60E-44 3.90E-25 8.04E-19 9.35E-17
 9.76E-16 9.52E-15 5.51E-14 1.80E-13 2.93E-13 3.29E-13
  3.14921    7  14 /pl=01:ss=17:pb= 1:sz=17/type=excit/ispb = t/isel =    7
 1.00E+10 1.00E+11 1.00E+12 1.00E+13 1.00E+14 1.00E+15 1.00E+16
 5.58E+00 8.38E+00 1.40E+01 2.79E+01 5.58E+01 1.40E+02 2.79E+02 4.19E+02
 5.58E+02 8.38E+02 1.40E+03 2.79E+03 5.58E+03 8.38E+03
 1.00E-74 1.00E-74 1.00E-74 1.00E-74 1.00E-74 1.99E-27 1.85E-21 1.67E-19
 1.52E-18 1.31E-17 6.75E-17 2.01E-16 3.02E-16 3.22E-16
 1.00E-74 1.00E-74 1.00E-74 1.00E-74 1.42E-45 1.99E-27 1.85E-21 1.67E-19
 1.52E-18 1.31E-17 6.75E-17 2.01E-16 3.02E-16 3.22E-16
 1.00E-74 1.00E-74 1.00E-74 1.00E-74 1.39E-45 1.99E-27 1.85E-21 1.67E-19
 1.52E-18 1.31E-17 6.75E-17 2.01E-16 3.02E-16 3.22E-16
 1.00E-74 1.00E-74 1.00E-74 1.00E-74 1.38E-45 1.99E-27 1.85E-21 1.67E-19
 1.52E-18 1.31E-17 6.75E-17 2.01E-16 3.02E-16 3.22E-16
 1.00E-74 1.00E-74 1.00E-74 1.00E-74 1.38E-45 1.99E-27 1.85E-21 1.67E-19
 1.52E-18 1.31E-17 6.75E-17 2.01E-16 3.02E-16 3.22E-16
 1.00E-74 1.00E-74 1.00E-74 1.00E-74 1.38E-45 1.99E-27 1.85E-21 1.67E-19
 1.52E-18 1.31E-17 6.75E-17 2.01E-16 3.02E-16 3.22E-16
 1.00E-74 1.00E-74 1.00E-74 1.00E-74 1.38E-45 1.99E-27 1.85E-21 1.67E-19
 1.52E-18 1.31E-17 6.75E-17 2.01E-16 3.02E-16 3.22E-16
  3.14980    7  14 /pl=01:ss=17:pb= 1:sz=17/type=excit/ispb = t/isel =    8
 1.00E+10 1.00E+11 1.00E+12 1.00E+13 1.00E+14 1.00E+15 1.00E+16
 5.58E+00 8.38E+00 1.40E+01 2.79E+01 5.58E+01 1.40E+02 2.79E+02 4.19E+02
 5.58E+02 8.38E+02 1.40E+03 2.79E+03 5.58E+03 8.38E+03
 1.00E-74 1.00E-74 1.00E-74 1.00E-74 2.47E-42 5.17E-24 4.95E-18 4.50E-16
 4.12E-15 3.59E-14 1.87E-13 5.74E-13 9.07E-13 1.01E-12
 1.00E-74 1.00E-74 1.00E-74 1.00E-74 3.45E-42 5.17E-24 4.95E-18 4.50E-16
 4.12E-15 3.59E-14 1.87E-13 5.74E-13 9.07E-13 1.01E-12
 1.00E-74 1.00E-74 1.00E-74 1.00E-74 3.48E-42 5.17E-24 4.95E-18 4.50E-16
 4.12E-15 3.59E-14 1.87E-13 5.74E-13 9.07E-13 1.01E-12
 1.00E-74 1.00E-74 1.00E-74 1.00E-74 3.47E-42 5.17E-24 4.95E-18 4.50E-16
 4.12E-15 3.59E-14 1.87E-13 5.74E-13 9.07E-13 1.01E-12
 1.00E-74 1.00E-74 1.00E-74 1.00E-74 3.47E-42 5.17E-24 4.95E-18 4.50E-16
 4.12E-15 3.59E-14 1.87E-13 5.74E-13 9.07E-13 1.01E-12
 1.00E-74 1.00E-74 1.00E-74 1.00E-74 3.47E-42 5.17E-24 4.95E-18 4.50E-16
 4.12E-15 3.59E-14 1.87E-13 5.74E-13 9.07E-13 1.01E-12
 1.00E-74 1.00E-74 1.00E-74 1.00E-74 3.47E-42 5.17E-24 4.95E-18 4.50E-16
 4.12E-15 3.59E-14 1.87E-13 5.74E-13 9.07E-13 1.01E-12
  3.73176    7  14 /pl=01:ss=17:pb= 1:sz=17/type=excit/ispb = t/isel =    9
 1.00E+10 1.00E+11 1.00E+12 1.00E+13 1.00E+14 1.00E+15 1.00E+16
 5.58E+00 8.38E+00 1.40E+01 2.79E+01 5.58E+01 1.40E+02 2.79E+02 4.19E+02
 5.58E+02 8.38E+02 1.40E+03 2.79E+03 5.58E+03 8.38E+03
 1.00E-74 1.00E-74 1.00E-74 1.00E-74 1.36E-36 2.74E-21 2.88E-16 1.26E-14
 8.07E-14 4.91E-13 1.93E-12 4.84E-12 6.95E-12 7.53E-12
 1.00E-74 1.00E-74 1.00E-74 1.00E-74 1.36E-36 2.74E-21 2.88E-16 1.26E-14
 8.07E-14 4.91E-13 1.93E-12 4.84E-12 6.95E-12 7.53E-12
 1.00E-74 1.00E-74 1.00E-74 1.00E-74 1.36E-36 2.74E-21 2.88E-16 1.26E-14
 8.07E-14 4.91E-13 1.93E-12 4.84E-12 6.95E-12 7.53E-12
 1.00E-74 1.00E-74 1.00E-74 1.00E-74 1.36E-36 2.74E-21 2.88E-16 1.26E-14
 8.07E-14 4.91E-13 1.93E-12 4.84E-12 6.95E-12 7.53E-12
 1.00E-74 1.00E-74 1.00E-74 1.00E-74 1.36E-36 2.74E-21 2.88E-16 1.26E-14
 8.07E-14 4.91E-13 1.93E-12 4.84E-12 6.95E-12 7.53E-12
 1.00E-74 1.00E-74 1.00E-74 1.00E-74 1.36E-36 2.74E-21 2.88E-16 1.26E-14
 8.07E-14 4.91E-13 1.93E-12 4.84E-12 6.95E-12 7.53E-12
 1.00E-74 1.00E-74 1.00E-74 1.00E-74 1.36E-36 2.74E-21 2.88E-16 1.26E-14
 8.07E-14 4.91E-13 1.93E-12 4.84E-12 6.95E-12 7.53E-12
  12.5818    7  14 /pl=01:ss=17:pb= 1:sz=17/type=excit/ispb = t/isel =   10
 1.00E+10 1.00E+11 1.00E+12 1.00E+13 1.00E+14 1.00E+15 1.00E+16
 5.58E+00 8.38E+00 1.40E+01 2.79E+01 5.58E+01 1.40E+02 2.79E+02 4.19E+02
 5.58E+02 8.38E+02 1.40E+03 2.79E+03 5.58E+03 8.38E+03
 1.00E-74 1.00E-74 1.00E-74 1.00E-74 1.00E-74 4.85E-27 1.71E-20 2.38E-18
 2.71E-17 2.92E-16 1.79E-15 6.20E-15 1.03E-14 1.17E-14
 1.00E-74 1.00E-74 1.00E-74 1.00E-74 1.00E-74 4.85E-27 1.71E-20 2.38E-18
 2.71E-17 2.92E-16 1.79E-15 6.20E-15 1.03E-14 1.17E-14
 1.00E-74 1.00E-74 1.00E-74 1.00E-74 1.00E-74 4.85E-27 1.71E-20 2.38E-18
 2.71E-17 2.92E-16 1.79E-15 6.20E-15 1.03E-14 1.17E-14
 1.00E-74 1.00E-74 1.00E-74 1.00E-74 4.22E-47 4.85E-27 1.71E-20 2.38E-18
 2.71E-17 2.92E-16 1.79E-15 6.20E-15 1.03E-14 1.17E-14
 1.00E-74 1.00E-74 1.00E-74 1.00E-74 6.33E-47 4.85E-27 1.71E-20 2.38E-18
 2.71E-17 2.92E-16 1.79E-15 6.20E-15 1.03E-14 1.17E-14
 1.00E-74 1.00E-74 1.00E-74 1.00E-74 6.28E-47 4.85E-27 1.71E-20 2.39E-18
 2.71E-17 2.92E-16 1.79E-15 6.20E-15 1.03E-14 1.17E-14
 1.00E-74 1.00E-74 1.00E-74 1.00E-74 6.28E-47 4.86E-27 1.71E-20 2.39E-18
 2.71E-17 2.92E-16 1.80E-15 6.21E-15 1.03E-14 1.17E-14
  12.6215    7  14 /pl=01:ss=17:pb= 1:sz=17/type=excit/ispb = t/isel =   11
 1.00E+10 1.00E+11 1.00E+12 1.00E+13 1.00E+14 1.00E+15 1.00E+16
 5.58E+00 8.38E+00 1.40E+01 2.79E+01 5.58E+01 1.40E+02 2.79E+02 4.19E+02
 5.58E+02 8.38E+02 1.40E+03 2.79E+03 5.58E+03 8.38E+03
 1.00E-74 1.00E-74 1.00E-74 1.00E-74 1.00E-74 3.62E-27 1.27E-20 1.77E-18
 2.00E-17 2.14E-16 1.31E-15 4.44E-15 7.05E-15 7.69E-15
 1.00E-74 1.00E-74 1.00E-74 1.00E-74 1.00E-74 3.62E-27 1.27E-20 1.77E-18
 2.00E-17 2.14E-16 1.31E-15 4.44E-15 7.05E-15 7.69E-15
 1.00E-74 1.00E-74 1.00E-74 1.00E-74 1.00E-74 3.62E-27 1.27E-20 1.77E-18
 2.00E-17 2.14E-16 1.31E-15 4.44E-15 7.05E-15 7.69E-15
 1.00E-74 1.00E-74 1.00E-74 1.00E-74 7.60E-47 3.62E-27 1.27E-20 1.77E-18
 2.00E-17 2.14E-16 1.31E-15 4.44E-15 7.05E-15 7.69E-15
 1.00E-74 1.00E-74 1.00E-74 1.00E-74 4.56E-47 3.62E-27 1.27E-20 1.77E-18
 2.00E-17 2.14E-16 1.31E-15 4.44E-15 7.05E-15 7.69E-15
 1.00E-74 1.00E-74 1.00E-74 1.00E-74 4.71E-47 3.62E-27 1.27E-20 1.77E-18
 2.00E-17 2.14E-16 1.31E-15 4.44E-15 7.06E-15 7.69E-15
 1.00E-74 1.00E-74 1.00E-74 1.00E-74 4.78E-47 3.66E-27 1.28E-20 1.78E-18
 2.01E-17 2.15E-16 1.32E-15 4.45E-15 7.07E-15 7.71E-15
  12.6247    7  14 /pl=01:ss=17:pb= 1:sz=17/type=excit/ispb = t/isel =   12
 1.00E+10 1.00E+11 1.00E+12 1.00E+13 1.00E+14 1.00E+15 1.00E+16
 5.58E+00 8.38E+00 1.40E+01 2.79E+01 5.58E+01 1.40E+02 2.79E+02 4.19E+02
 5.58E+02 8.38E+02 1.40E+03 2.79E+03 5.58E+03 8.38E+03
 1.00E-74 1.00E-74 1.00E-74 1.00E-74 1.00E-74 2.62E-27 9.18E-21 1.28E-18
 1.45E-17 1.55E-16 9.40E-16 3.14E-15 4.88E-15 5.21E-15
 1.00E-74 1.00E-74 1.00E-74 1.00E-74 1.00E-74 2.62E-27 9.18E-21 1.28E-18
 1.45E-17 1.55E-16 9.40E-16 3.14E-15 4.88E-15 5.21E-15
 1.00E-74 1.00E-74 1.00E-74 1.00E-74 1.00E-74 2.62E-27 9.18E-21 1.28E-18
 1.45E-17 1.55E-16 9.40E-16 3.14E-15 4.88E-15 5.21E-15
 1.00E-74 1.00E-74 1.00E-74 1.00E-74 3.38E-47 2.62E-27 9.18E-21 1.28E-18
 1.45E-17 1.55E-16 9.40E-16 3.14E-15 4.88E-15 5.21E-15
 1.00E-74 1.00E-74 1.00E-74 1.00E-74 3.38E-47 2.62E-27 9.18E-21 1.28E-18
 1.45E-17 1.55E-16 9.40E-16 3.14E-15 4.88E-15 5.21E-15
 1.00E-74 1.00E-74 1.00E-74 1.00E-74 3.39E-47 2.61E-27 9.16E-21 1.28E-18
 1.45E-17 1.55E-16 9.39E-16 3.14E-15 4.87E-15 5.21E-15
 1.00E-74 1.00E-74 1.00E-74 1.00E-74 3.28E-47 2.56E-27 9.02E-21 1.26E-18
 1.43E-17 1.53E-16 9.31E-16 3.12E-15 4.85E-15 5.19E-15
  13.3103    7  14 /pl=01:ss=17:pb= 1:sz=17/type=excit/ispb = t/isel =   13
 1.00E+10 1.00E+11 1.00E+12 1.00E+13 1.00E+14 1.00E+15 1.00E+16
 5.58E+00 8.38E+00 1.40E+01 2.79E+01 5.58E+01 1.40E+02 2.79E+02 4.19E+02
 5.58E+02 8.38E+02 1.40E+03 2.79E+03 5.58E+03 8.38E+03
 1.00E-74 1.00E-74 1.00E-74 1.00E-74 1.00E-74 1.30E-26 3.78E-20 4.96E-18
 5.46E-17 5.68E-16 3.41E-15 1.16E-14 1.91E-14 2.16E-14
 1.00E-74 1.00E-74 1.00E-74 1.00E-74 1.00E-74 1.30E-26 3.78E-20 4.96E-18
 5.46E-17 5.68E-16 3.41E-15 1.16E-14 1.91E-14 2.16E-14
 1.00E-74 1.00E-74 1.00E-74 1.00E-74 1.00E-74 1.30E-26 3.78E-20 4.96E-18
 5.46E-17 5.68E-16 3.41E-15 1.16E-14 1.91E-14 2.16E-14
 1.00E-74 1.00E-74 1.00E-74 1.00E-74 2.93E-46 1.30E-26 3.78E-20 4.96E-18
 5.46E-17 5.68E-16 3.41E-15 1.16E-14 1.91E-14 2.16E-14
 1.00E-74 1.00E-74 1.00E-74 1.00E-74 3.00E-46 1.30E-26 3.78E-20 4.96E-18
 5.46E-17 5.68E-16 3.41E-15 1.16E-14 1.91E-14 2.16E-14
 1.00E-74 1.00E-74 1.00E-74 1.00E-74 2.98E-46 1.30E-26 3.78E-20 4.96E-18
 5.46E-17 5.68E-16 3.42E-15 1.16E-14 1.91E-14 2.16E-14
 1.00E-74 1.00E-74 1.00E-74 1.00E-74 2.99E-46 1.30E-26 3.79E-20 4.97E-18
 5.46E-17 5.69E-16 3.42E-15 1.16E-14 1.92E-14 2.16E-14
  13.3547    7  14 /pl=01:ss=17:pb= 1:sz=17/type=excit/ispb = t/isel =   14
 1.00E+10 1.00E+11 1.00E+12 1.00E+13 1.00E+14 1.00E+15 1.00E+16
 5.58E+00 8.38E+00 1.40E+01 2.79E+01 5.58E+01 1.40E+02 2.79E+02 4.19E+02
 5.58E+02 8.38E+02 1.40E+03 2.79E+03 5.58E+03 8.38E+03
 1.00E-74 1.00E-74 1.00E-74 1.00E-74 1.00E-74 9.86E-27 2.85E-20 3.73E-18
 4.10E-17 4.25E-16 2.53E-15 8.42E-15 1.33E-14 1.44E-14
 1.00E-74 1.00E-74 1.00E-74 1.00E-74 1.00E-74 9.86E-27 2.85E-20 3.73E-18
 4.10E-17 4.25E-16 2.53E-15 8.42E-15 1.33E-14 1.44E-14
 1.00E-74 1.00E-74 1.00E-74 1.00E-74 1.00E-74 9.86E-27 2.85E-20 3.73E-18
 4.10E-17 4.25E-16 2.53E-15 8.42E-15 1.33E-14 1.44E-14
 1.00E-74 1.00E-74 1.00E-74 1.00E-74 2.78E-46 9.86E-27 2.85E-20 3.73E-18
 4.10E-17 4.25E-16 2.53E-15 8.42E-15 1.33E-14 1.44E-14
 1.00E-74 1.00E-74 1.00E-74 1.00E-74 2.23E-46 9.86E-27 2.85E-20 3.73E-18
 4.10E-17 4.25E-16 2.53E-15 8.42E-15 1.33E-14 1.44E-14
 1.00E-74 1.00E-74 1.00E-74 1.00E-74 2.28E-46 9.86E-27 2.85E-20 3.74E-18
 4.10E-17 4.25E-16 2.53E-15 8.43E-15 1.33E-14 1.44E-14
 1.00E-74 1.00E-74 1.00E-74 1.00E-74 2.29E-46 9.90E-27 2.86E-20 3.74E-18
 4.11E-17 4.26E-16 2.54E-15 8.43E-15 1.33E-14 1.45E-14
  13.3565    7  14 /pl=01:ss=17:pb= 1:sz=17/type=excit/ispb = t/isel =   15
 1.00E+10 1.00E+11 1.00E+12 1.00E+13 1.00E+14 1.00E+15 1.00E+16
 5.58E+00 8.38E+00 1.40E+01 2.79E+01 5.58E+01 1.40E+02 2.79E+02 4.19E+02
 5.58E+02 8.38E+02 1.40E+03 2.79E+03 5.58E+03 8.38E+03
 1.00E-74 1.00E-74 1.00E-74 1.00E-74 1.00E-74 4.45E-30 1.30E-23 1.70E-21
 1.87E-20 1.95E-19 1.17E-18 3.98E-18 6.57E-18 7.41E-18
 1.00E-74 1.00E-74 1.00E-74 1.00E-74 1.00E-74 4.45E-30 1.30E-23 1.70E-21
 1.87E-20 1.95E-19 1.17E-18 3.98E-18 6.57E-18 7.41E-18
 1.00E-74 1.00E-74 1.00E-74 1.00E-74 1.00E-74 4.45E-30 1.30E-23 1.70E-21
 1.87E-20 1.95E-19 1.17E-18 3.98E-18 6.57E-18 7.41E-18
 1.00E-74 1.00E-74 1.00E-74 1.00E-74 1.00E-49 4.45E-30 1.30E-23 1.70E-21
 1.87E-20 1.95E-19 1.17E-18 3.98E-18 6.57E-18 7.41E-18
 1.00E-74 1.00E-74 1.00E-74 1.00E-74 1.03E-49 4.46E-30 1.30E-23 1.70E-21
 1.87E-20 1.95E-19 1.17E-18 3.98E-18 6.57E-18 7.41E-18
 1.00E-74 1.00E-74 1.00E-74 1.00E-74 1.02E-49 4.46E-30 1.30E-23 1.70E-21
 1.87E-20 1.95E-19 1.17E-18 3.98E-18 6.57E-18 7.41E-18
 1.00E-74 1.00E-74 1.00E-74 1.00E-74 1.02E-49 4.46E-30 1.30E-23 1.70E-21
 1.87E-20 1.95E-19 1.17E-18 3.98E-18 6.57E-18 7.42E-18
  13.3601    7  14 /pl=01:ss=17:pb= 1:sz=17/type=excit/ispb = t/isel =   16
 1.00E+10 1.00E+11 1.00E+12 1.00E+13 1.00E+14 1.00E+15 1.00E+16
 5.58E+00 8.38E+00 1.40E+01 2.79E+01 5.58E+01 1.40E+02 2.79E+02 4.19E+02
 5.58E+02 8.38E+02 1.40E+03 2.79E+03 5.58E+03 8.38E+03
 1.00E-74 1.00E-74 1.00E-74 1.00E-74 1.00E-74 8.11E-27 2.36E-20 3.08E-18
 3.38E-17 3.50E-16 2.08E-15 6.82E-15 1.05E-14 1.12E-14
 1.00E-74 1.00E-74 1.00E-74 1.00E-74 1.00E-74 8.11E-27 2.36E-20 3.08E-18
 3.38E-17 3.50E-16 2.08E-15 6.82E-15 1.05E-14 1.12E-14
 1.00E-74 1.00E-74 1.00E-74 1.00E-74 1.98E-46 8.11E-27 2.36E-20 3.08E-18
 3.38E-17 3.50E-16 2.08E-15 6.82E-15 1.05E-14 1.12E-14
 1.00E-74 1.00E-74 1.00E-74 1.00E-74 1.78E-46 8.11E-27 2.36E-20 3.08E-18
 3.38E-17 3.50E-16 2.08E-15 6.82E-15 1.05E-14 1.12E-14
 1.00E-74 1.00E-74 1.00E-74 1.00E-74 1.86E-46 8.11E-27 2.36E-20 3.08E-18
 3.38E-17 3.50E-16 2.08E-15 6.82E-15 1.05E-14 1.12E-14
 1.00E-74 1.00E-74 1.00E-74 1.00E-74 1.86E-46 8.10E-27 2.35E-20 3.08E-18
 3.38E-17 3.50E-16 2.08E-15 6.81E-15 1.05E-14 1.12E-14
 1.00E-74 1.00E-74 1.00E-74 1.00E-74 1.82E-46 8.00E-27 2.33E-20 3.05E-18
 3.35E-17 3.48E-16 2.07E-15 6.79E-15 1.05E-14 1.12E-14
  14.9031    7  14 /pl=01:ss=17:pb= 1:sz=17/type=excit/ispb = t/isel =   17
 1.00E+10 1.00E+11 1.00E+12 1.00E+13 1.00E+14 1.00E+15 1.00E+16
 5.58E+00 8.38E+00 1.40E+01 2.79E+01 5.58E+01 1.40E+02 2.79E+02 4.19E+02
 5.58E+02 8.38E+02 1.40E+03 2.79E+03 5.58E+03 8.38E+03
 1.00E-74 1.00E-74 1.00E-74 1.00E-74 1.00E-74 5.57E-26 1.15E-19 1.33E-17
 1.39E-16 1.36E-15 7.86E-15 2.57E-14 4.17E-14 4.70E-14
 1.00E-74 1.00E-74 1.00E-74 1.00E-74 1.00E-74 5.57E-26 1.15E-19 1.33E-17
 1.39E-16 1.36E-15 7.86E-15 2.57E-14 4.17E-14 4.70E-14
 1.00E-74 1.00E-74 1.00E-74 1.00E-74 4.29E-45 5.57E-26 1.15E-19 1.33E-17
 1.39E-16 1.36E-15 7.86E-15 2.57E-14 4.17E-14 4.70E-14
 1.00E-74 1.00E-74 1.00E-74 1.00E-74 3.72E-45 5.57E-26 1.15E-19 1.33E-17
 1.39E-16 1.36E-15 7.86E-15 2.57E-14 4.17E-14 4.70E-14
 1.00E-74 1.00E-74 1.00E-74 1.00E-74 3.70E-45 5.57E-26 1.15E-19 1.33E-17
 1.39E-16 1.36E-15 7.86E-15 2.57E-14 4.17E-14 4.70E-14
 1.00E-74 1.00E-74 1.00E-74 1.00E-74 3.71E-45 5.57E-26 1.15E-19 1.33E-17
 1.39E-16 1.36E-15 7.86E-15 2.57E-14 4.17E-14 4.70E-14
 1.00E-74 1.00E-74 1.00E-74 1.00E-74 3.71E-45 5.57E-26 1.15E-19 1.33E-17
 1.39E-16 1.36E-15 7.86E-15 2.57E-14 4.17E-14 4.70E-14
  14.9544    7  14 /pl=01:ss=17:pb= 1:sz=17/type=excit/ispb = t/isel =   18
 1.00E+10 1.00E+11 1.00E+12 1.00E+13 1.00E+14 1.00E+15 1.00E+16
 5.58E+00 8.38E+00 1.40E+01 2.79E+01 5.58E+01 1.40E+02 2.79E+02 4.19E+02
 5.58E+02 8.38E+02 1.40E+03 2.79E+03 5.58E+03 8.38E+03
 1.00E-74 1.00E-74 1.00E-74 1.00E-74 1.00E-74 4.39E-26 8.89E-20 1.04E-17
 1.07E-16 1.05E-15 5.97E-15 1.92E-14 2.98E-14 3.22E-14
 1.00E-74 1.00E-74 1.00E-74 1.00E-74 1.00E-74 4.39E-26 8.89E-20 1.04E-17
 1.07E-16 1.05E-15 5.97E-15 1.92E-14 2.98E-14 3.22E-14
 1.00E-74 1.00E-74 1.00E-74 1.00E-74 3.04E-45 4.39E-26 8.89E-20 1.04E-17
 1.07E-16 1.05E-15 5.97E-15 1.92E-14 2.98E-14 3.22E-14
 1.00E-74 1.00E-74 1.00E-74 1.00E-74 3.04E-45 4.39E-26 8.89E-20 1.04E-17
 1.07E-16 1.05E-15 5.97E-15 1.92E-14 2.98E-14 3.22E-14
 1.00E-74 1.00E-74 1.00E-74 1.00E-74 2.95E-45 4.39E-26 8.89E-20 1.04E-17
 1.07E-16 1.05E-15 5.97E-15 1.92E-14 2.98E-14 3.22E-14
 1.00E-74 1.00E-74 1.00E-74 1.00E-74 2.96E-45 4.39E-26 8.89E-20 1.04E-17
 1.07E-16 1.05E-15 5.97E-15 1.92E-14 2.98E-14 3.22E-14
 1.00E-74 1.00E-74 1.00E-74 1.00E-74 2.96E-45 4.39E-26 8.90E-20 1.04E-17
 1.07E-16 1.05E-15 5.98E-15 1.92E-14 2.98E-14 3.22E-14
  14.9611    7  14 /pl=01:ss=17:pb= 1:sz=17/type=excit/ispb = t/isel =   19
 1.00E+10 1.00E+11 1.00E+12 1.00E+13 1.00E+14 1.00E+15 1.00E+16
 5.58E+00 8.38E+00 1.40E+01 2.79E+01 5.58E+01 1.40E+02 2.79E+02 4.19E+02
 5.58E+02 8.38E+02 1.40E+03 2.79E+03 5.58E+03 8.38E+03
 1.00E-74 1.00E-74 1.00E-74 1.00E-74 1.00E-74 1.92E-29 3.95E-23 4.59E-21
 4.79E-20 4.67E-19 2.70E-18 8.84E-18 1.44E-17 1.62E-17
 1.00E-74 1.00E-74 1.00E-74 1.00E-74 1.00E-74 1.92E-29 3.95E-23 4.59E-21
 4.79E-20 4.67E-19 2.70E-18 8.84E-18 1.44E-17 1.62E-17
 1.00E-74 1.00E-74 1.00E-74 1.00E-74 1.48E-48 1.92E-29 3.95E-23 4.59E-21
 4.79E-20 4.67E-19 2.70E-18 8.84E-18 1.44E-17 1.62E-17
 1.00E-74 1.00E-74 1.00E-74 1.00E-74 1.28E-48 1.92E-29 3.95E-23 4.59E-21
 4.79E-20 4.67E-19 2.70E-18 8.84E-18 1.44E-17 1.62E-17
 1.00E-74 1.00E-74 1.00E-74 1.00E-74 1.27E-48 1.92E-29 3.95E-23 4.59E-21
 4.79E-20 4.67E-19 2.70E-18 8.84E-18 1.44E-17 1.62E-17
 1.00E-74 1.00E-74 1.00E-74 1.00E-74 1.28E-48 1.92E-29 3.95E-23 4.59E-21
 4.79E-20 4.67E-19 2.70E-18 8.84E-18 1.44E-17 1.62E-17
 1.00E-74 1.00E-74 1.00E-74 1.00E-74 1.28E-48 1.92E-29 3.95E-23 4.59E-21
 4.79E-20 4.67E-19 2.70E-18 8.84E-18 1.44E-17 1.62E-17
  14.9678    7  14 /pl=01:ss=17:pb= 1:sz=17/type=excit/ispb = t/isel =   20
 1.00E+10 1.00E+11 1.00E+12 1.00E+13 1.00E+14 1.00E+15 1.00E+16
 5.58E+00 8.38E+00 1.40E+01 2.79E+01 5.58E+01 1.40E+02 2.79E+02 4.19E+02
 5.58E+02 8.38E+02 1.40E+03 2.79E+03 5.58E+03 8.38E+03
 1.00E-74 1.00E-74 1.00E-74 1.00E-74 1.00E-74 4.45E-26 9.20E-20 1.08E-17
 1.11E-16 1.09E-15 6.19E-15 1.97E-14 3.00E-14 3.21E-14
 1.00E-74 1.00E-74 1.00E-74 1.00E-74 3.95E-45 4.45E-26 9.20E-20 1.08E-17
 1.11E-16 1.09E-15 6.19E-15 1.97E-14 3.00E-14 3.21E-14
 1.00E-74 1.00E-74 1.00E-74 1.00E-74 2.77E-45 4.45E-26 9.20E-20 1.08E-17
 1.11E-16 1.09E-15 6.19E-15 1.97E-14 3.00E-14 3.21E-14
 1.00E-74 1.00E-74 1.00E-74 1.00E-74 2.96E-45 4.45E-26 9.20E-20 1.08E-17
 1.11E-16 1.09E-15 6.19E-15 1.97E-14 3.00E-14 3.21E-14
 1.00E-74 1.00E-74 1.00E-74 1.00E-74 2.94E-45 4.45E-26 9.20E-20 1.08E-17
 1.11E-16 1.09E-15 6.19E-15 1.97E-14 3.00E-14 3.21E-14
 1.00E-74 1.00E-74 1.00E-74 1.00E-74 2.94E-45 4.45E-26 9.20E-20 1.07E-17
 1.11E-16 1.09E-15 6.19E-15 1.97E-14 3.00E-14 3.21E-14
 1.00E-74 1.00E-74 1.00E-74 1.00E-74 2.93E-45 4.44E-26 9.18E-20 1.07E-17
 1.11E-16 1.09E-15 6.19E-15 1.97E-14 3.00E-14 3.21E-14
  20.0682    7  14 /pl=01:ss=17:pb= 1:sz=17/type=excit/ispb = t/isel =   21
 1.00E+10 1.00E+11 1.00E+12 1.00E+13 1.00E+14 1.00E+15 1.00E+16
 5.58E+00 8.38E+00 1.40E+01 2.79E+01 5.58E+01 1.40E+02 2.79E+02 4.19E+02
 5.58E+02 8.38E+02 1.40E+03 2.79E+03 5.58E+03 8.38E+03
 1.00E-74 1.00E-74 1.00E-74 1.00E-74 1.00E-74 1.75E-28 1.62E-22 1.46E-20
 1.33E-19 1.15E-18 5.92E-18 1.76E-17 2.65E-17 2.82E-17
 1.00E-74 1.00E-74 1.00E-74 1.00E-74 1.25E-46 1.75E-28 1.62E-22 1.46E-20
 1.33E-19 1.15E-18 5.92E-18 1.76E-17 2.65E-17 2.82E-17
 1.00E-74 1.00E-74 1.00E-74 1.00E-74 1.22E-46 1.75E-28 1.62E-22 1.46E-20
 1.33E-19 1.15E-18 5.92E-18 1.76E-17 2.65E-17 2.82E-17
 1.00E-74 1.00E-74 1.00E-74 1.00E-74 1.21E-46 1.75E-28 1.62E-22 1.46E-20
 1.33E-19 1.15E-18 5.92E-18 1.76E-17 2.65E-17 2.82E-17
 1.00E-74 1.00E-74 1.00E-74 1.00E-74 1.21E-46 1.75E-28 1.62E-22 1.46E-20
 1.33E-19 1.15E-18 5.92E-18 1.76E-17 2.65E-17 2.82E-17
 1.00E-74 1.00E-74 1.00E-74 1.00E-74 1.21E-46 1.75E-28 1.62E-22 1.46E-20
 1.33E-19 1.15E-18 5.92E-18 1.76E-17 2.65E-17 2.82E-17
 1.00E-74 1.00E-74 1.00E-74 1.00E-74 1.21E-46 1.75E-28 1.62E-22 1.46E-20
 1.33E-19 1.15E-18 5.92E-18 1.76E-17 2.65E-17 2.82E-17
  20.0924    7  14 /pl=01:ss=17:pb= 1:sz=17/type=excit/ispb = t/isel =   22
 1.00E+10 1.00E+11 1.00E+12 1.00E+13 1.00E+14 1.00E+15 1.00E+16
 5.58E+00 8.38E+00 1.40E+01 2.79E+01 5.58E+01 1.40E+02 2.79E+02 4.19E+02
 5.58E+02 8.38E+02 1.40E+03 2.79E+03 5.58E+03 8.38E+03
 1.00E-74 1.00E-74 1.00E-74 1.00E-74 3.32E-43 6.96E-25 6.67E-19 6.06E-17
 5.55E-16 4.83E-15 2.52E-14 7.73E-14 1.22E-13 1.36E-13
 1.00E-74 1.00E-74 1.00E-74 1.00E-74 4.65E-43 6.96E-25 6.67E-19 6.06E-17
 5.55E-16 4.83E-15 2.52E-14 7.73E-14 1.22E-13 1.36E-13
 1.00E-74 1.00E-74 1.00E-74 1.00E-74 4.68E-43 6.96E-25 6.67E-19 6.06E-17
 5.55E-16 4.83E-15 2.52E-14 7.73E-14 1.22E-13 1.36E-13
 1.00E-74 1.00E-74 1.00E-74 1.00E-74 4.68E-43 6.96E-25 6.67E-19 6.06E-17
 5.55E-16 4.83E-15 2.52E-14 7.73E-14 1.22E-13 1.36E-13
 1.00E-74 1.00E-74 1.00E-74 1.00E-74 4.68E-43 6.96E-25 6.67E-19 6.06E-17
 5.55E-16 4.83E-15 2.52E-14 7.73E-14 1.22E-13 1.36E-13
 1.00E-74 1.00E-74 1.00E-74 1.00E-74 4.68E-43 6.96E-25 6.67E-19 6.06E-17
 5.55E-16 4.83E-15 2.52E-14 7.73E-14 1.22E-13 1.36E-13
 1.00E-74 1.00E-74 1.00E-74 1.00E-74 4.68E-43 6.96E-25 6.67E-19 6.06E-17
 5.55E-16 4.83E-15 2.52E-14 7.73E-14 1.22E-13 1.36E-13
  20.1735    7  14 /pl=01:ss=17:pb= 1:sz=17/type=excit/ispb = t/isel =   23
 1.00E+10 1.00E+11 1.00E+12 1.00E+13 1.00E+14 1.00E+15 1.00E+16
 5.58E+00 8.38E+00 1.40E+01 2.79E+01 5.58E+01 1.40E+02 2.79E+02 4.19E+02
 5.58E+02 8.38E+02 1.40E+03 2.79E+03 5.58E+03 8.38E+03
 1.00E-74 1.00E-74 1.00E-74 1.00E-74 1.00E-74 6.69E-25 6.22E-19 5.60E-17
 5.10E-16 4.39E-15 2.27E-14 6.76E-14 1.01E-13 1.08E-13
 1.00E-74 1.00E-74 1.00E-74 1.00E-74 4.78E-43 6.69E-25 6.22E-19 5.60E-17
 5.10E-16 4.39E-15 2.27E-14 6.76E-14 1.01E-13 1.08E-13
 1.00E-74 1.00E-74 1.00E-74 1.00E-74 4.68E-43 6.69E-25 6.22E-19 5.60E-17
 5.10E-16 4.39E-15 2.27E-14 6.76E-14 1.01E-13 1.08E-13
 1.00E-74 1.00E-74 1.00E-74 1.00E-74 4.64E-43 6.69E-25 6.22E-19 5.60E-17
 5.10E-16 4.39E-15 2.27E-14 6.76E-14 1.01E-13 1.08E-13
 1.00E-74 1.00E-74 1.00E-74 1.00E-74 4.64E-43 6.69E-25 6.22E-19 5.60E-17
 5.10E-16 4.39E-15 2.27E-14 6.76E-14 1.01E-13 1.08E-13
 1.00E-74 1.00E-74 1.00E-74 1.00E-74 4.64E-43 6.69E-25 6.22E-19 5.60E-17
 5.10E-16 4.39E-15 2.27E-14 6.76E-14 1.01E-13 1.08E-13
 1.00E-74 1.00E-74 1.00E-74 1.00E-74 4.64E-43 6.69E-25 6.22E-19 5.60E-17
 5.10E-16 4.39E-15 2.27E-14 6.76E-14 1.01E-13 1.08E-13
  20.1979    7  14 /pl=01:ss=17:pb= 1:sz=17/type=excit/ispb = t/isel =   24
 1.00E+10 1.00E+11 1.00E+12 1.00E+13 1.00E+14 1.00E+15 1.00E+16
 5.58E+00 8.38E+00 1.40E+01 2.79E+01 5.58E+01 1.40E+02 2.79E+02 4.19E+02
 5.58E+02 8.38E+02 1.40E+03 2.79E+03 5.58E+03 8.38E+03
 1.00E-74 1.00E-74 1.00E-74 1.00E-74 1.15E-46 2.41E-28 2.31E-22 2.10E-20
 1.92E-19 1.67E-18 8.71E-18 2.68E-17 4.23E-17 4.72E-17
 1.00E-74 1.00E-74 1.00E-74 1.00E-74 1.61E-46 2.41E-28 2.31E-22 2.10E-20
 1.92E-19 1.67E-18 8.71E-18 2.68E-17 4.23E-17 4.72E-17
 1.00E-74 1.00E-74 1.00E-74 1.00E-74 1.62E-46 2.41E-28 2.31E-22 2.10E-20
 1.92E-19 1.67E-18 8.71E-18 2.68E-17 4.23E-17 4.72E-17
 1.00E-74 1.00E-74 1.00E-74 1.00E-74 1.62E-46 2.41E-28 2.31E-22 2.10E-20
 1.92E-19 1.67E-18 8.71E-18 2.68E-17 4.23E-17 4.72E-17
 1.00E-74 1.00E-74 1.00E-74 1.00E-74 1.62E-46 2.41E-28 2.31E-22 2.10E-20
 1.92E-19 1.67E-18 8.71E-18 2.68E-17 4.23E-17 4.72E-17
 1.00E-74 1.00E-74 1.00E-74 1.00E-74 1.62E-46 2.41E-28 2.31E-22 2.10E-20
 1.92E-19 1.67E-18 8.71E-18 2.68E-17 4.23E-17 4.72E-17
 1.00E-74 1.00E-74 1.00E-74 1.00E-74 1.62E-46 2.41E-28 2.31E-22 2.10E-20
 1.92E-19 1.67E-18 8.71E-18 2.68E-17 4.23E-17 4.72E-17
  20.2265    7  14 /pl=01:ss=17:pb= 1:sz=17/type=excit/ispb = t/isel =   25
 1.00E+10 1.00E+11 1.00E+12 1.00E+13 1.00E+14 1.00E+15 1.00E+16
 5.58E+00 8.38E+00 1.40E+01 2.79E+01 5.58E+01 1.40E+02 2.79E+02 4.19E+02
 5.58E+02 8.38E+02 1.40E+03 2.79E+03 5.58E+03 8.38E+03
 1.00E-74 1.00E-74 1.00E-74 1.00E-74 6.79E-43 9.61E-25 9.30E-19 8.51E-17
 7.84E-16 6.83E-15 3.54E-14 1.05E-13 1.56E-13 1.66E-13
 1.00E-74 1.00E-74 1.00E-74 1.00E-74 6.50E-43 9.61E-25 9.30E-19 8.51E-17
 7.84E-16 6.83E-15 3.54E-14 1.05E-13 1.56E-13 1.66E-13
 1.00E-74 1.00E-74 1.00E-74 1.00E-74 6.47E-43 9.61E-25 9.30E-19 8.51E-17
 7.84E-16 6.83E-15 3.54E-14 1.05E-13 1.56E-13 1.66E-13
 1.00E-74 1.00E-74 1.00E-74 1.00E-74 6.47E-43 9.61E-25 9.30E-19 8.51E-17
 7.84E-16 6.83E-15 3.54E-14 1.05E-13 1.56E-13 1.66E-13
 1.00E-74 1.00E-74 1.00E-74 1.00E-74 6.47E-43 9.61E-25 9.30E-19 8.51E-17
 7.84E-16 6.83E-15 3.54E-14 1.05E-13 1.56E-13 1.66E-13
 1.00E-74 1.00E-74 1.00E-74 1.00E-74 6.47E-43 9.61E-25 9.30E-19 8.51E-17
 7.84E-16 6.83E-15 3.54E-14 1.05E-13 1.56E-13 1.66E-13
 1.00E-74 1.00E-74 1.00E-74 1.00E-74 6.46E-43 9.60E-25 9.29E-19 8.50E-17
 7.84E-16 6.82E-15 3.54E-14 1.05E-13 1.56E-13 1.66E-13
  33.5796    7  14 /pl=01:ss=17:pb= 1:sz=17/type=excit/ispb = t/isel =   26
 1.00E+10 1.00E+11 1.00E+12 1.00E+13 1.00E+14 1.00E+15 1.00E+16
 5.58E+00 8.38E+00 1.40E+01 2.79E+01 5.58E+01 1.40E+02 2.79E+02 4.19E+02
 5.58E+02 8.38E+02 1.40E+03 2.79E+03 5.58E+03 8.38E+03
 1.00E-74 1.00E-74 1.00E-74 1.00E-74 1.00E-74 1.61E-27 5.67E-21 7.92E-19
 8.99E-18 9.69E-17 5.96E-16 2.06E-15 3.44E-15 3.89E-15
 1.00E-74 1.00E-74 1.00E-74 1.00E-74 1.00E-74 1.61E-27 5.67E-21 7.92E-19
 8.99E-18 9.69E-17 5.96E-16 2.06E-15 3.44E-15 3.89E-15
 1.00E-74 1.00E-74 1.00E-74 1.00E-74 1.00E-74 1.61E-27 5.67E-21 7.92E-19
 8.99E-18 9.69E-17 5.96E-16 2.06E-15 3.44E-15 3.89E-15
 1.00E-74 1.00E-74 1.00E-74 1.00E-74 1.40E-47 1.61E-27 5.67E-21 7.92E-19
 8.99E-18 9.69E-17 5.96E-16 2.06E-15 3.44E-15 3.89E-15
 1.00E-74 1.00E-74 1.00E-74 1.00E-74 2.10E-47 1.61E-27 5.67E-21 7.92E-19
 8.99E-18 9.69E-17 5.96E-16 2.06E-15 3.44E-15 3.89E-15
 1.00E-74 1.00E-74 1.00E-74 1.00E-74 2.09E-47 1.61E-27 5.67E-21 7.92E-19
 8.99E-18 9.69E-17 5.96E-16 2.06E-15 3.44E-15 3.89E-15
 1.00E-74 1.00E-74 1.00E-74 1.00E-74 2.09E-47 1.61E-27 5.68E-21 7.93E-19
 9.00E-18 9.70E-17 5.97E-16 2.06E-15 3.44E-15 3.89E-15
  33.6474    7  14 /pl=01:ss=17:pb= 1:sz=17/type=excit/ispb = t/isel =   27
 1.00E+10 1.00E+11 1.00E+12 1.00E+13 1.00E+14 1.00E+15 1.00E+16
 5.58E+00 8.38E+00 1.40E+01 2.79E+01 5.58E+01 1.40E+02 2.79E+02 4.19E+02
 5.58E+02 8.38E+02 1.40E+03 2.79E+03 5.58E+03 8.38E+03
 1.00E-74 1.00E-74 1.00E-74 1.00E-74 1.00E-74 1.32E-27 4.62E-21 6.45E-19
 7.31E-18 7.82E-17 4.79E-16 1.62E-15 2.58E-15 2.81E-15
 1.00E-74 1.00E-74 1.00E-74 1.00E-74 1.00E-74 1.32E-27 4.62E-21 6.45E-19
 7.31E-18 7.82E-17 4.79E-16 1.62E-15 2.58E-15 2.81E-15
 1.00E-74 1.00E-74 1.00E-74 1.00E-74 1.00E-74 1.32E-27 4.62E-21 6.45E-19
 7.31E-18 7.82E-17 4.79E-16 1.62E-15 2.58E-15 2.81E-15
 1.00E-74 1.00E-74 1.00E-74 1.00E-74 2.77E-47 1.32E-27 4.62E-21 6.45E-19
 7.31E-18 7.82E-17 4.79E-16 1.62E-15 2.58E-15 2.81E-15
 1.00E-74 1.00E-74 1.00E-74 1.00E-74 1.66E-47 1.32E-27 4.62E-21 6.45E-19
 7.31E-18 7.82E-17 4.79E-16 1.62E-15 2.58E-15 2.81E-15
 1.00E-74 1.00E-74 1.00E-74 1.00E-74 1.72E-47 1.32E-27 4.63E-21 6.45E-19
 7.31E-18 7.83E-17 4.79E-16 1.62E-15 2.58E-15 2.81E-15
 1.00E-74 1.00E-74 1.00E-74 1.00E-74 1.75E-47 1.34E-27 4.67E-21 6.50E-19
 7.36E-18 7.87E-17 4.81E-16 1.63E-15 2.58E-15 2.82E-15
  33.6700    7  14 /pl=01:ss=17:pb= 1:sz=17/type=excit/ispb = t/isel =   28
 1.00E+10 1.00E+11 1.00E+12 1.00E+13 1.00E+14 1.00E+15 1.00E+16
 5.58E+00 8.38E+00 1.40E+01 2.79E+01 5.58E+01 1.40E+02 2.79E+02 4.19E+02
 5.58E+02 8.38E+02 1.40E+03 2.79E+03 5.58E+03 8.38E+03
 1.00E-74 1.00E-74 1.00E-74 1.00E-74 1.00E-74 1.79E-27 6.27E-21 8.74E-19
 9.90E-18 1.06E-16 6.43E-16 2.15E-15 3.33E-15 3.56E-15
 1.00E-74 1.00E-74 1.00E-74 1.00E-74 1.00E-74 1.79E-27 6.27E-21 8.74E-19
 9.90E-18 1.06E-16 6.43E-16 2.15E-15 3.33E-15 3.56E-15
 1.00E-74 1.00E-74 1.00E-74 1.00E-74 1.00E-74 1.79E-27 6.27E-21 8.74E-19
 9.90E-18 1.06E-16 6.43E-16 2.15E-15 3.33E-15 3.56E-15
 1.00E-74 1.00E-74 1.00E-74 1.00E-74 2.31E-47 1.79E-27 6.27E-21 8.73E-19
 9.90E-18 1.06E-16 6.43E-16 2.15E-15 3.33E-15 3.56E-15
 1.00E-74 1.00E-74 1.00E-74 1.00E-74 2.31E-47 1.79E-27 6.27E-21 8.73E-19
 9.90E-18 1.06E-16 6.43E-16 2.15E-15 3.33E-15 3.56E-15
 1.00E-74 1.00E-74 1.00E-74 1.00E-74 2.32E-47 1.79E-27 6.26E-21 8.72E-19
 9.89E-18 1.06E-16 6.42E-16 2.14E-15 3.33E-15 3.56E-15
 1.00E-74 1.00E-74 1.00E-74 1.00E-74 2.24E-47 1.75E-27 6.16E-21 8.61E-19
 9.77E-18 1.05E-16 6.37E-16 2.13E-15 3.32E-15 3.55E-15
  33.7268    7  14 /pl=01:ss=17:pb= 1:sz=17/type=excit/ispb = t/isel =   29
 1.00E+10 1.00E+11 1.00E+12 1.00E+13 1.00E+14 1.00E+15 1.00E+16
 5.58E+00 8.38E+00 1.40E+01 2.79E+01 5.58E+01 1.40E+02 2.79E+02 4.19E+02
 5.58E+02 8.38E+02 1.40E+03 2.79E+03 5.58E+03 8.38E+03
 1.00E-74 1.00E-74 1.00E-74 1.00E-74 1.00E-74 1.37E-28 4.82E-22 6.73E-20
 7.64E-19 8.23E-18 5.07E-17 1.75E-16 2.92E-16 3.30E-16
 1.00E-74 1.00E-74 1.00E-74 1.00E-74 1.00E-74 1.37E-28 4.82E-22 6.73E-20
 7.64E-19 8.23E-18 5.07E-17 1.75E-16 2.92E-16 3.30E-16
 1.00E-74 1.00E-74 1.00E-74 1.00E-74 1.00E-74 1.37E-28 4.82E-22 6.73E-20
 7.64E-19 8.23E-18 5.07E-17 1.75E-16 2.92E-16 3.30E-16
 1.00E-74 1.00E-74 1.00E-74 1.00E-74 1.19E-48 1.37E-28 4.82E-22 6.73E-20
 7.64E-19 8.23E-18 5.07E-17 1.75E-16 2.92E-16 3.30E-16
 1.00E-74 1.00E-74 1.00E-74 1.00E-74 1.79E-48 1.37E-28 4.82E-22 6.73E-20
 7.64E-19 8.23E-18 5.07E-17 1.75E-16 2.92E-16 3.30E-16
 1.00E-74 1.00E-74 1.00E-74 1.00E-74 1.77E-48 1.37E-28 4.82E-22 6.74E-20
 7.64E-19 8.24E-18 5.07E-17 1.75E-16 2.92E-16 3.31E-16
 1.00E-74 1.00E-74 1.00E-74 1.00E-74 1.77E-48 1.37E-28 4.83E-22 6.74E-20
 7.65E-19 8.24E-18 5.07E-17 1.75E-16 2.92E-16 3.31E-16
  39.3236    7  14 /pl=01:ss=17:pb= 1:sz=17/type=excit/ispb = t/isel =   30
 1.00E+10 1.00E+11 1.00E+12 1.00E+13 1.00E+14 1.00E+15 1.00E+16
 5.58E+00 8.38E+00 1.40E+01 2.79E+01 5.58E+01 1.40E+02 2.79E+02 4.19E+02
 5.58E+02 8.38E+02 1.40E+03 2.79E+03 5.58E+03 8.38E+03
 1.00E-74 1.00E-74 1.00E-74 1.00E-74 1.00E-74 4.28E-27 1.25E-20 1.63E-18
 1.80E-17 1.87E-16 1.13E-15 3.82E-15 6.31E-15 7.12E-15
 1.00E-74 1.00E-74 1.00E-74 1.00E-74 1.00E-74 4.28E-27 1.25E-20 1.63E-18
 1.80E-17 1.87E-16 1.13E-15 3.82E-15 6.31E-15 7.12E-15
 1.00E-74 1.00E-74 1.00E-74 1.00E-74 1.00E-74 4.28E-27 1.25E-20 1.63E-18
 1.80E-17 1.87E-16 1.13E-15 3.82E-15 6.31E-15 7.12E-15
 1.00E-74 1.00E-74 1.00E-74 1.00E-74 9.64E-47 4.28E-27 1.25E-20 1.63E-18
 1.80E-17 1.87E-16 1.13E-15 3.82E-15 6.31E-15 7.12E-15
 1.00E-74 1.00E-74 1.00E-74 1.00E-74 9.88E-47 4.28E-27 1.25E-20 1.63E-18
 1.80E-17 1.87E-16 1.13E-15 3.82E-15 6.31E-15 7.12E-15
 1.00E-74 1.00E-74 1.00E-74 1.00E-74 9.81E-47 4.28E-27 1.25E-20 1.63E-18
 1.80E-17 1.87E-16 1.13E-15 3.82E-15 6.31E-15 7.12E-15
 1.00E-74 1.00E-74 1.00E-74 1.00E-74 9.84E-47 4.29E-27 1.25E-20 1.64E-18
 1.80E-17 1.87E-16 1.13E-15 3.82E-15 6.31E-15 7.13E-15
  39.4166    7  14 /pl=01:ss=17:pb= 1:sz=17/type=excit/ispb = t/isel =   31
 1.00E+10 1.00E+11 1.00E+12 1.00E+13 1.00E+14 1.00E+15 1.00E+16
 5.58E+00 8.38E+00 1.40E+01 2.79E+01 5.58E+01 1.40E+02 2.79E+02 4.19E+02
 5.58E+02 8.38E+02 1.40E+03 2.79E+03 5.58E+03 8.38E+03
 1.00E-74 1.00E-74 1.00E-74 1.00E-74 1.00E-74 3.55E-27 1.03E-20 1.34E-18
 1.47E-17 1.53E-16 9.11E-16 3.03E-15 4.78E-15 5.19E-15
 1.00E-74 1.00E-74 1.00E-74 1.00E-74 1.00E-74 3.55E-27 1.03E-20 1.34E-18
 1.47E-17 1.53E-16 9.11E-16 3.03E-15 4.78E-15 5.19E-15
 1.00E-74 1.00E-74 1.00E-74 1.00E-74 1.00E-74 3.55E-27 1.03E-20 1.34E-18
 1.47E-17 1.53E-16 9.11E-16 3.03E-15 4.78E-15 5.19E-15
 1.00E-74 1.00E-74 1.00E-74 1.00E-74 1.00E-46 3.55E-27 1.03E-20 1.34E-18
 1.47E-17 1.53E-16 9.11E-16 3.03E-15 4.78E-15 5.19E-15
 1.00E-74 1.00E-74 1.00E-74 1.00E-74 8.00E-47 3.55E-27 1.03E-20 1.34E-18
 1.47E-17 1.53E-16 9.11E-16 3.03E-15 4.78E-15 5.19E-15
 1.00E-74 1.00E-74 1.00E-74 1.00E-74 8.20E-47 3.55E-27 1.03E-20 1.34E-18
 1.47E-17 1.53E-16 9.11E-16 3.03E-15 4.78E-15 5.19E-15
 1.00E-74 1.00E-74 1.00E-74 1.00E-74 8.24E-47 3.56E-27 1.03E-20 1.35E-18
 1.48E-17 1.53E-16 9.13E-16 3.03E-15 4.78E-15 5.20E-15
  39.4633    7  14 /pl=01:ss=17:pb= 1:sz=17/type=excit/ispb = t/isel =   32
 1.00E+10 1.00E+11 1.00E+12 1.00E+13 1.00E+14 1.00E+15 1.00E+16
 5.58E+00 8.38E+00 1.40E+01 2.79E+01 5.58E+01 1.40E+02 2.79E+02 4.19E+02
 5.58E+02 8.38E+02 1.40E+03 2.79E+03 5.58E+03 8.38E+03
 1.00E-74 1.00E-74 1.00E-74 1.00E-74 1.00E-74 5.64E-27 1.64E-20 2.14E-18
 2.35E-17 2.44E-16 1.45E-15 4.74E-15 7.32E-15 7.82E-15
 1.00E-74 1.00E-74 1.00E-74 1.00E-74 1.00E-74 5.64E-27 1.64E-20 2.14E-18
 2.35E-17 2.44E-16 1.45E-15 4.74E-15 7.32E-15 7.82E-15
 1.00E-74 1.00E-74 1.00E-74 1.00E-74 1.37E-46 5.64E-27 1.64E-20 2.14E-18
 2.35E-17 2.44E-16 1.45E-15 4.74E-15 7.32E-15 7.82E-15
 1.00E-74 1.00E-74 1.00E-74 1.00E-74 1.24E-46 5.64E-27 1.64E-20 2.14E-18
 2.35E-17 2.44E-16 1.45E-15 4.74E-15 7.32E-15 7.82E-15
 1.00E-74 1.00E-74 1.00E-74 1.00E-74 1.29E-46 5.64E-27 1.64E-20 2.14E-18
 2.35E-17 2.44E-16 1.45E-15 4.74E-15 7.32E-15 7.82E-15
 1.00E-74 1.00E-74 1.00E-74 1.00E-74 1.29E-46 5.63E-27 1.64E-20 2.14E-18
 2.35E-17 2.43E-16 1.44E-15 4.74E-15 7.32E-15 7.82E-15
 1.00E-74 1.00E-74 1.00E-74 1.00E-74 1.27E-46 5.56E-27 1.62E-20 2.12E-18
 2.33E-17 2.42E-16 1.44E-15 4.72E-15 7.30E-15 7.80E-15
  39.5257    7  14 /pl=01:ss=17:pb= 1:sz=17/type=excit/ispb = t/isel =   33
 1.00E+10 1.00E+11 1.00E+12 1.00E+13 1.00E+14 1.00E+15 1.00E+16
 5.58E+00 8.38E+00 1.40E+01 2.79E+01 5.58E+01 1.40E+02 2.79E+02 4.19E+02
 5.58E+02 8.38E+02 1.40E+03 2.79E+03 5.58E+03 8.38E+03
 1.00E-74 1.00E-74 1.00E-74 1.00E-74 1.00E-74 4.03E-28 1.17E-21 1.54E-19
 1.69E-18 1.76E-17 1.06E-16 3.60E-16 5.94E-16 6.71E-16
 1.00E-74 1.00E-74 1.00E-74 1.00E-74 1.00E-74 4.03E-28 1.17E-21 1.54E-19
 1.69E-18 1.76E-17 1.06E-16 3.60E-16 5.94E-16 6.71E-16
 1.00E-74 1.00E-74 1.00E-74 1.00E-74 1.00E-74 4.03E-28 1.17E-21 1.54E-19
 1.69E-18 1.76E-17 1.06E-16 3.60E-16 5.94E-16 6.71E-16
 1.00E-74 1.00E-74 1.00E-74 1.00E-74 9.08E-48 4.03E-28 1.17E-21 1.54E-19
 1.69E-18 1.76E-17 1.06E-16 3.60E-16 5.94E-16 6.71E-16
 1.00E-74 1.00E-74 1.00E-74 1.00E-74 9.31E-48 4.03E-28 1.17E-21 1.54E-19
 1.69E-18 1.76E-17 1.06E-16 3.60E-16 5.94E-16 6.71E-16
 1.00E-74 1.00E-74 1.00E-74 1.00E-74 9.24E-48 4.03E-28 1.17E-21 1.54E-19
 1.69E-18 1.76E-17 1.06E-16 3.60E-16 5.94E-16 6.71E-16
 1.00E-74 1.00E-74 1.00E-74 1.00E-74 9.27E-48 4.04E-28 1.17E-21 1.54E-19
 1.70E-18 1.76E-17 1.06E-16 3.60E-16 5.94E-16 6.71E-16
  57.4713    7  14 /pl=01:ss=17:pb= 1:sz=17/type=excit/ispb = t/isel =   34
 1.00E+10 1.00E+11 1.00E+12 1.00E+13 1.00E+14 1.00E+15 1.00E+16
 5.58E+00 8.38E+00 1.40E+01 2.79E+01 5.58E+01 1.40E+02 2.79E+02 4.19E+02
 5.58E+02 8.38E+02 1.40E+03 2.79E+03 5.58E+03 8.38E+03
 1.00E-74 1.00E-74 1.00E-74 1.00E-74 1.00E-74 1.76E-26 3.62E-20 4.21E-18
 4.39E-17 4.29E-16 2.48E-15 8.11E-15 1.32E-14 1.48E-14
 1.00E-74 1.00E-74 1.00E-74 1.00E-74 1.00E-74 1.76E-26 3.62E-20 4.21E-18
 4.39E-17 4.29E-16 2.48E-15 8.11E-15 1.32E-14 1.48E-14
 1.00E-74 1.00E-74 1.00E-74 1.00E-74 1.35E-45 1.76E-26 3.62E-20 4.21E-18
 4.39E-17 4.29E-16 2.48E-15 8.11E-15 1.32E-14 1.48E-14
 1.00E-74 1.00E-74 1.00E-74 1.00E-74 1.17E-45 1.76E-26 3.62E-20 4.21E-18
 4.39E-17 4.29E-16 2.48E-15 8.11E-15 1.32E-14 1.48E-14
 1.00E-74 1.00E-74 1.00E-74 1.00E-74 1.17E-45 1.76E-26 3.62E-20 4.21E-18
 4.39E-17 4.29E-16 2.48E-15 8.11E-15 1.32E-14 1.48E-14
 1.00E-74 1.00E-74 1.00E-74 1.00E-74 1.17E-45 1.76E-26 3.62E-20 4.21E-18
 4.39E-17 4.29E-16 2.48E-15 8.11E-15 1.32E-14 1.48E-14
 1.00E-74 1.00E-74 1.00E-74 1.00E-74 1.17E-45 1.76E-26 3.62E-20 4.21E-18
 4.40E-17 4.29E-16 2.48E-15 8.11E-15 1.32E-14 1.48E-14
  57.6037    7  14 /pl=01:ss=17:pb= 1:sz=17/type=excit/ispb = t/isel =   35
 1.00E+10 1.00E+11 1.00E+12 1.00E+13 1.00E+14 1.00E+15 1.00E+16
 5.58E+00 8.38E+00 1.40E+01 2.79E+01 5.58E+01 1.40E+02 2.79E+02 4.19E+02
 5.58E+02 8.38E+02 1.40E+03 2.79E+03 5.58E+03 8.38E+03
 1.00E-74 1.00E-74 1.00E-74 1.00E-74 1.00E-74 1.50E-26 3.04E-20 3.55E-18
 3.67E-17 3.60E-16 2.04E-15 6.56E-15 1.02E-14 1.10E-14
 1.00E-74 1.00E-74 1.00E-74 1.00E-74 1.00E-74 1.50E-26 3.04E-20 3.55E-18
 3.67E-17 3.60E-16 2.04E-15 6.56E-15 1.02E-14 1.10E-14
 1.00E-74 1.00E-74 1.00E-74 1.00E-74 1.04E-45 1.50E-26 3.04E-20 3.55E-18
 3.67E-17 3.60E-16 2.04E-15 6.56E-15 1.02E-14 1.10E-14
 1.00E-74 1.00E-74 1.00E-74 1.00E-74 1.04E-45 1.50E-26 3.04E-20 3.55E-18
 3.67E-17 3.60E-16 2.04E-15 6.56E-15 1.02E-14 1.10E-14
 1.00E-74 1.00E-74 1.00E-74 1.00E-74 1.01E-45 1.50E-26 3.04E-20 3.55E-18
 3.67E-17 3.60E-16 2.04E-15 6.56E-15 1.02E-14 1.10E-14
 1.00E-74 1.00E-74 1.00E-74 1.00E-74 1.01E-45 1.50E-26 3.04E-20 3.55E-18
 3.67E-17 3.60E-16 2.04E-15 6.56E-15 1.02E-14 1.10E-14
 1.00E-74 1.00E-74 1.00E-74 1.00E-74 1.01E-45 1.50E-26 3.04E-20 3.55E-18
 3.67E-17 3.60E-16 2.04E-15 6.56E-15 1.02E-14 1.10E-14
  57.8035    7  14 /pl=01:ss=17:pb= 1:sz=17/type=excit/ispb = t/isel =   36
 1.00E+10 1.00E+11 1.00E+12 1.00E+13 1.00E+14 1.00E+15 1.00E+16
 5.58E+00 8.38E+00 1.40E+01 2.79E+01 5.58E+01 1.40E+02 2.79E+02 4.19E+02
 5.58E+02 8.38E+02 1.40E+03 2.79E+03 5.58E+03 8.38E+03
 1.00E-74 1.00E-74 1.00E-74 1.00E-74 1.00E-74 3.14E-26 6.49E-20 7.59E-18
 7.86E-17 7.69E-16 4.37E-15 1.39E-14 2.12E-14 2.27E-14
 1.00E-74 1.00E-74 1.00E-74 1.00E-74 2.79E-45 3.14E-26 6.49E-20 7.59E-18
 7.86E-17 7.69E-16 4.37E-15 1.39E-14 2.12E-14 2.27E-14
 1.00E-74 1.00E-74 1.00E-74 1.00E-74 1.95E-45 3.14E-26 6.49E-20 7.59E-18
 7.86E-17 7.69E-16 4.37E-15 1.39E-14 2.12E-14 2.27E-14
 1.00E-74 1.00E-74 1.00E-74 1.00E-74 2.09E-45 3.14E-26 6.49E-20 7.59E-18
 7.86E-17 7.69E-16 4.37E-15 1.39E-14 2.12E-14 2.27E-14
 1.00E-74 1.00E-74 1.00E-74 1.00E-74 2.08E-45 3.14E-26 6.49E-20 7.59E-18
 7.86E-17 7.69E-16 4.37E-15 1.39E-14 2.12E-14 2.27E-14
 1.00E-74 1.00E-74 1.00E-74 1.00E-74 2.08E-45 3.14E-26 6.49E-20 7.58E-18
 7.86E-17 7.69E-16 4.37E-15 1.39E-14 2.12E-14 2.27E-14
 1.00E-74 1.00E-74 1.00E-74 1.00E-74 2.07E-45 3.13E-26 6.48E-20 7.57E-18
 7.85E-17 7.68E-16 4.36E-15 1.39E-14 2.12E-14 2.26E-14
  57.9039    7  14 /pl=01:ss=17:pb= 1:sz=17/type=excit/ispb = t/isel =   37
 1.00E+10 1.00E+11 1.00E+12 1.00E+13 1.00E+14 1.00E+15 1.00E+16
 5.58E+00 8.38E+00 1.40E+01 2.79E+01 5.58E+01 1.40E+02 2.79E+02 4.19E+02
 5.58E+02 8.38E+02 1.40E+03 2.79E+03 5.58E+03 8.38E+03
 1.00E-74 1.00E-74 1.00E-74 1.00E-74 1.00E-74 2.06E-27 4.24E-21 4.93E-19
 5.15E-18 5.02E-17 2.90E-16 9.50E-16 1.54E-15 1.74E-15
 1.00E-74 1.00E-74 1.00E-74 1.00E-74 1.00E-74 2.06E-27 4.24E-21 4.93E-19
 5.15E-18 5.02E-17 2.90E-16 9.50E-16 1.54E-15 1.74E-15
 1.00E-74 1.00E-74 1.00E-74 1.00E-74 1.58E-46 2.06E-27 4.24E-21 4.93E-19
 5.15E-18 5.02E-17 2.90E-16 9.50E-16 1.54E-15 1.74E-15
 1.00E-74 1.00E-74 1.00E-74 1.00E-74 1.37E-46 2.06E-27 4.24E-21 4.93E-19
 5.15E-18 5.02E-17 2.90E-16 9.50E-16 1.54E-15 1.74E-15
 1.00E-74 1.00E-74 1.00E-74 1.00E-74 1.37E-46 2.06E-27 4.24E-21 4.93E-19
 5.15E-18 5.02E-17 2.90E-16 9.50E-16 1.54E-15 1.74E-15
 1.00E-74 1.00E-74 1.00E-74 1.00E-74 1.37E-46 2.06E-27 4.24E-21 4.93E-19
 5.15E-18 5.02E-17 2.90E-16 9.50E-16 1.54E-15 1.74E-15
 1.00E-74 1.00E-74 1.00E-74 1.00E-74 1.37E-46 2.06E-27 4.24E-21 4.93E-19
 5.15E-18 5.02E-17 2.90E-16 9.50E-16 1.54E-15 1.74E-15
  58.0046    7  14 /pl=01:ss=17:pb= 1:sz=17/type=excit/ispb = t/isel =   38
 1.00E+10 1.00E+11 1.00E+12 1.00E+13 1.00E+14 1.00E+15 1.00E+16
 5.58E+00 8.38E+00 1.40E+01 2.79E+01 5.58E+01 1.40E+02 2.79E+02 4.19E+02
 5.58E+02 8.38E+02 1.40E+03 2.79E+03 5.58E+03 8.38E+03
 1.00E-74 1.00E-74 1.00E-74 1.00E-74 1.00E-74 5.62E-30 1.16E-23 1.36E-21
 1.41E-20 1.38E-19 7.82E-19 2.49E-18 3.79E-18 4.05E-18
 1.00E-74 1.00E-74 1.00E-74 1.00E-74 4.99E-49 5.62E-30 1.16E-23 1.36E-21
 1.41E-20 1.38E-19 7.82E-19 2.49E-18 3.79E-18 4.05E-18
 1.00E-74 1.00E-74 1.00E-74 1.00E-74 3.49E-49 5.62E-30 1.16E-23 1.36E-21
 1.41E-20 1.38E-19 7.82E-19 2.49E-18 3.79E-18 4.05E-18
 1.00E-74 1.00E-74 1.00E-74 1.00E-74 3.74E-49 5.62E-30 1.16E-23 1.36E-21
 1.41E-20 1.38E-19 7.82E-19 2.49E-18 3.79E-18 4.05E-18
 1.00E-74 1.00E-74 1.00E-74 1.00E-74 3.72E-49 5.62E-30 1.16E-23 1.36E-21
 1.41E-20 1.38E-19 7.82E-19 2.49E-18 3.79E-18 4.05E-18
 1.00E-74 1.00E-74 1.00E-74 1.00E-74 3.72E-49 5.62E-30 1.16E-23 1.36E-21
 1.41E-20 1.38E-19 7.82E-19 2.49E-18 3.79E-18 4.05E-18
 1.00E-74 1.00E-74 1.00E-74 1.00E-74 3.70E-49 5.60E-30 1.16E-23 1.35E-21
 1.40E-20 1.37E-19 7.81E-19 2.49E-18 3.79E-18 4.05E-18
  80.5802    7  14 /pl=01:ss=17:pb= 1:sz=17/type=excit/ispb = t/isel =   39
 1.00E+10 1.00E+11 1.00E+12 1.00E+13 1.00E+14 1.00E+15 1.00E+16
 5.58E+00 8.38E+00 1.40E+01 2.79E+01 5.58E+01 1.40E+02 2.79E+02 4.19E+02
 5.58E+02 8.38E+02 1.40E+03 2.79E+03 5.58E+03 8.38E+03
 1.00E-74 1.00E-74 1.00E-74 1.00E-74 1.00E-74 7.52E-28 2.65E-21 3.70E-19
 4.20E-18 4.52E-17 2.78E-16 9.63E-16 1.60E-15 1.82E-15
 1.00E-74 1.00E-74 1.00E-74 1.00E-74 1.00E-74 7.52E-28 2.65E-21 3.70E-19
 4.20E-18 4.52E-17 2.78E-16 9.63E-16 1.60E-15 1.82E-15
 1.00E-74 1.00E-74 1.00E-74 1.00E-74 1.00E-74 7.52E-28 2.65E-21 3.70E-19
 4.20E-18 4.52E-17 2.78E-16 9.63E-16 1.60E-15 1.82E-15
 1.00E-74 1.00E-74 1.00E-74 1.00E-74 6.54E-48 7.52E-28 2.65E-21 3.70E-19
 4.20E-18 4.52E-17 2.78E-16 9.63E-16 1.60E-15 1.82E-15
 1.00E-74 1.00E-74 1.00E-74 1.00E-74 9.82E-48 7.52E-28 2.65E-21 3.70E-19
 4.20E-18 4.52E-17 2.78E-16 9.63E-16 1.60E-15 1.82E-15
 1.00E-74 1.00E-74 1.00E-74 1.00E-74 9.75E-48 7.52E-28 2.65E-21 3.70E-19
 4.20E-18 4.52E-17 2.78E-16 9.63E-16 1.60E-15 1.82E-15
 1.00E-74 1.00E-74 1.00E-74 1.00E-74 9.75E-48 7.53E-28 2.65E-21 3.70E-19
 4.20E-18 4.53E-17 2.79E-16 9.63E-16 1.61E-15 1.82E-15
  80.7103    7  14 /pl=01:ss=17:pb= 1:sz=17/type=excit/ispb = t/isel =   40
 1.00E+10 1.00E+11 1.00E+12 1.00E+13 1.00E+14 1.00E+15 1.00E+16
 5.58E+00 8.38E+00 1.40E+01 2.79E+01 5.58E+01 1.40E+02 2.79E+02 4.19E+02
 5.58E+02 8.38E+02 1.40E+03 2.79E+03 5.58E+03 8.38E+03
 1.00E-74 1.00E-74 1.00E-74 1.00E-74 1.00E-74 6.05E-28 2.12E-21 2.95E-19
 3.34E-18 3.58E-17 2.19E-16 7.42E-16 1.18E-15 1.28E-15
 1.00E-74 1.00E-74 1.00E-74 1.00E-74 1.00E-74 6.05E-28 2.12E-21 2.95E-19
 3.34E-18 3.58E-17 2.19E-16 7.42E-16 1.18E-15 1.28E-15
 1.00E-74 1.00E-74 1.00E-74 1.00E-74 1.00E-74 6.05E-28 2.12E-21 2.95E-19
 3.34E-18 3.58E-17 2.19E-16 7.42E-16 1.18E-15 1.28E-15
 1.00E-74 1.00E-74 1.00E-74 1.00E-74 1.27E-47 6.05E-28 2.12E-21 2.95E-19
 3.34E-18 3.58E-17 2.19E-16 7.42E-16 1.18E-15 1.28E-15
 1.00E-74 1.00E-74 1.00E-74 1.00E-74 7.62E-48 6.05E-28 2.12E-21 2.95E-19
 3.34E-18 3.58E-17 2.19E-16 7.42E-16 1.18E-15 1.29E-15
 1.00E-74 1.00E-74 1.00E-74 1.00E-74 7.87E-48 6.05E-28 2.12E-21 2.95E-19
 3.35E-18 3.58E-17 2.19E-16 7.42E-16 1.18E-15 1.29E-15
 1.00E-74 1.00E-74 1.00E-74 1.00E-74 7.99E-48 6.12E-28 2.14E-21 2.97E-19
 3.37E-18 3.60E-17 2.20E-16 7.45E-16 1.18E-15 1.29E-15
  80.8407    7  14 /pl=01:ss=17:pb= 1:sz=17/type=excit/ispb = t/isel =   41
 1.00E+10 1.00E+11 1.00E+12 1.00E+13 1.00E+14 1.00E+15 1.00E+16
 5.58E+00 8.38E+00 1.40E+01 2.79E+01 5.58E+01 1.40E+02 2.79E+02 4.19E+02
 5.58E+02 8.38E+02 1.40E+03 2.79E+03 5.58E+03 8.38E+03
 1.00E-74 1.00E-74 1.00E-74 1.00E-74 1.00E-74 1.26E-27 4.42E-21 6.16E-19
 6.98E-18 7.46E-17 4.53E-16 1.51E-15 2.35E-15 2.51E-15
 1.00E-74 1.00E-74 1.00E-74 1.00E-74 1.00E-74 1.26E-27 4.42E-21 6.16E-19
 6.98E-18 7.46E-17 4.53E-16 1.51E-15 2.35E-15 2.51E-15
 1.00E-74 1.00E-74 1.00E-74 1.00E-74 1.00E-74 1.26E-27 4.42E-21 6.16E-19
 6.98E-18 7.46E-17 4.53E-16 1.51E-15 2.35E-15 2.51E-15
 1.00E-74 1.00E-74 1.00E-74 1.00E-74 1.63E-47 1.26E-27 4.42E-21 6.16E-19
 6.98E-18 7.46E-17 4.53E-16 1.51E-15 2.35E-15 2.51E-15
 1.00E-74 1.00E-74 1.00E-74 1.00E-74 1.63E-47 1.26E-27 4.42E-21 6.16E-19
 6.98E-18 7.45E-17 4.53E-16 1.51E-15 2.35E-15 2.51E-15
 1.00E-74 1.00E-74 1.00E-74 1.00E-74 1.63E-47 1.26E-27 4.42E-21 6.15E-19
 6.97E-18 7.45E-17 4.53E-16 1.51E-15 2.35E-15 2.51E-15
 1.00E-74 1.00E-74 1.00E-74 1.00E-74 1.58E-47 1.23E-27 4.35E-21 6.07E-19
 6.89E-18 7.37E-17 4.49E-16 1.50E-15 2.34E-15 2.50E-15
  80.9717    7  14 /pl=01:ss=17:pb= 1:sz=17/type=excit/ispb = t/isel =   42
 1.00E+10 1.00E+11 1.00E+12 1.00E+13 1.00E+14 1.00E+15 1.00E+16
 5.58E+00 8.38E+00 1.40E+01 2.79E+01 5.58E+01 1.40E+02 2.79E+02 4.19E+02
 5.58E+02 8.38E+02 1.40E+03 2.79E+03 5.58E+03 8.38E+03
 1.00E-74 1.00E-74 1.00E-74 1.00E-74 1.00E-74 1.64E-28 5.78E-22 8.08E-20
 9.17E-19 9.88E-18 6.08E-17 2.10E-16 3.51E-16 3.97E-16
 1.00E-74 1.00E-74 1.00E-74 1.00E-74 1.00E-74 1.64E-28 5.78E-22 8.08E-20
 9.17E-19 9.88E-18 6.08E-17 2.10E-16 3.51E-16 3.97E-16
 1.00E-74 1.00E-74 1.00E-74 1.00E-74 1.00E-74 1.64E-28 5.78E-22 8.08E-20
 9.17E-19 9.88E-18 6.08E-17 2.10E-16 3.51E-16 3.97E-16
 1.00E-74 1.00E-74 1.00E-74 1.00E-74 1.43E-48 1.64E-28 5.78E-22 8.08E-20
 9.17E-19 9.88E-18 6.08E-17 2.10E-16 3.51E-16 3.97E-16
 1.00E-74 1.00E-74 1.00E-74 1.00E-74 2.14E-48 1.64E-28 5.78E-22 8.08E-20
 9.17E-19 9.88E-18 6.08E-17 2.10E-16 3.51E-16 3.97E-16
 1.00E-74 1.00E-74 1.00E-74 1.00E-74 2.13E-48 1.64E-28 5.78E-22 8.08E-20
 9.17E-19 9.88E-18 6.08E-17 2.10E-16 3.51E-16 3.97E-16
 1.00E-74 1.00E-74 1.00E-74 1.00E-74 2.13E-48 1.65E-28 5.79E-22 8.09E-20
 9.18E-19 9.89E-18 6.09E-17 2.10E-16 3.51E-16 3.97E-16
  124.069    7  14 /pl=01:ss=17:pb= 1:sz=17/type=excit/ispb = t/isel =   43
 1.00E+10 1.00E+11 1.00E+12 1.00E+13 1.00E+14 1.00E+15 1.00E+16
 5.58E+00 8.38E+00 1.40E+01 2.79E+01 5.58E+01 1.40E+02 2.79E+02 4.19E+02
 5.58E+02 8.38E+02 1.40E+03 2.79E+03 5.58E+03 8.38E+03
 1.00E-74 1.00E-74 1.00E-74 1.00E-74 1.00E-74 1.92E-27 5.58E-21 7.33E-19
 8.06E-18 8.39E-17 5.04E-16 1.71E-15 2.83E-15 3.19E-15
 1.00E-74 1.00E-74 1.00E-74 1.00E-74 1.00E-74 1.92E-27 5.58E-21 7.33E-19
 8.06E-18 8.39E-17 5.04E-16 1.71E-15 2.83E-15 3.19E-15
 1.00E-74 1.00E-74 1.00E-74 1.00E-74 1.00E-74 1.92E-27 5.58E-21 7.33E-19
 8.06E-18 8.39E-17 5.04E-16 1.71E-15 2.83E-15 3.19E-15
 1.00E-74 1.00E-74 1.00E-74 1.00E-74 4.32E-47 1.92E-27 5.58E-21 7.33E-19
 8.06E-18 8.39E-17 5.04E-16 1.71E-15 2.83E-15 3.19E-15
 1.00E-74 1.00E-74 1.00E-74 1.00E-74 4.43E-47 1.92E-27 5.58E-21 7.33E-19
 8.06E-18 8.39E-17 5.04E-16 1.71E-15 2.83E-15 3.19E-15
 1.00E-74 1.00E-74 1.00E-74 1.00E-74 4.40E-47 1.92E-27 5.59E-21 7.33E-19
 8.06E-18 8.39E-17 5.04E-16 1.71E-15 2.83E-15 3.19E-15
 1.00E-74 1.00E-74 1.00E-74 1.00E-74 4.41E-47 1.92E-27 5.59E-21 7.33E-19
 8.07E-18 8.40E-17 5.05E-16 1.71E-15 2.83E-15 3.19E-15
  124.378    7  14 /pl=01:ss=17:pb= 1:sz=17/type=excit/ispb = t/isel =   44
 1.00E+10 1.00E+11 1.00E+12 1.00E+13 1.00E+14 1.00E+15 1.00E+16
 5.58E+00 8.38E+00 1.40E+01 2.79E+01 5.58E+01 1.40E+02 2.79E+02 4.19E+02
 5.58E+02 8.38E+02 1.40E+03 2.79E+03 5.58E+03 8.38E+03
 1.00E-74 1.00E-74 1.00E-74 1.00E-74 1.00E-74 1.55E-27 4.48E-21 5.87E-19
 6.44E-18 6.68E-17 3.98E-16 1.32E-15 2.09E-15 2.27E-15
 1.00E-74 1.00E-74 1.00E-74 1.00E-74 1.00E-74 1.55E-27 4.48E-21 5.87E-19
 6.44E-18 6.68E-17 3.98E-16 1.32E-15 2.09E-15 2.27E-15
 1.00E-74 1.00E-74 1.00E-74 1.00E-74 1.00E-74 1.55E-27 4.48E-21 5.87E-19
 6.44E-18 6.68E-17 3.98E-16 1.32E-15 2.09E-15 2.27E-15
 1.00E-74 1.00E-74 1.00E-74 1.00E-74 4.37E-47 1.55E-27 4.48E-21 5.87E-19
 6.44E-18 6.68E-17 3.98E-16 1.32E-15 2.09E-15 2.27E-15
 1.00E-74 1.00E-74 1.00E-74 1.00E-74 3.50E-47 1.55E-27 4.48E-21 5.87E-19
 6.44E-18 6.68E-17 3.98E-16 1.32E-15 2.09E-15 2.27E-15
 1.00E-74 1.00E-74 1.00E-74 1.00E-74 3.59E-47 1.55E-27 4.48E-21 5.87E-19
 6.44E-18 6.68E-17 3.98E-16 1.32E-15 2.09E-15 2.27E-15
 1.00E-74 1.00E-74 1.00E-74 1.00E-74 3.60E-47 1.56E-27 4.49E-21 5.88E-19
 6.46E-18 6.69E-17 3.99E-16 1.33E-15 2.09E-15 2.27E-15
  124.844    7  14 /pl=01:ss=17:pb= 1:sz=17/type=excit/ispb = t/isel =   45
 1.00E+10 1.00E+11 1.00E+12 1.00E+13 1.00E+14 1.00E+15 1.00E+16
 5.58E+00 8.38E+00 1.40E+01 2.79E+01 5.58E+01 1.40E+02 2.79E+02 4.19E+02
 5.58E+02 8.38E+02 1.40E+03 2.79E+03 5.58E+03 8.38E+03
 1.00E-74 1.00E-74 1.00E-74 1.00E-74 1.00E-74 4.02E-27 1.17E-20 1.52E-18
 1.67E-17 1.73E-16 1.03E-15 3.37E-15 5.21E-15 5.57E-15
 1.00E-74 1.00E-74 1.00E-74 1.00E-74 1.00E-74 4.02E-27 1.17E-20 1.52E-18
 1.67E-17 1.73E-16 1.03E-15 3.37E-15 5.21E-15 5.57E-15
 1.00E-74 1.00E-74 1.00E-74 1.00E-74 9.78E-47 4.02E-27 1.17E-20 1.52E-18
 1.67E-17 1.73E-16 1.03E-15 3.37E-15 5.21E-15 5.57E-15
 1.00E-74 1.00E-74 1.00E-74 1.00E-74 8.80E-47 4.02E-27 1.17E-20 1.52E-18
 1.67E-17 1.73E-16 1.03E-15 3.37E-15 5.21E-15 5.57E-15
 1.00E-74 1.00E-74 1.00E-74 1.00E-74 9.19E-47 4.01E-27 1.17E-20 1.52E-18
 1.67E-17 1.73E-16 1.03E-15 3.37E-15 5.21E-15 5.57E-15
 1.00E-74 1.00E-74 1.00E-74 1.00E-74 9.20E-47 4.01E-27 1.16E-20 1.52E-18
 1.67E-17 1.73E-16 1.03E-15 3.37E-15 5.21E-15 5.57E-15
 1.00E-74 1.00E-74 1.00E-74 1.00E-74 9.03E-47 3.96E-27 1.15E-20 1.51E-18
 1.66E-17 1.72E-16 1.02E-15 3.36E-15 5.20E-15 5.55E-15
  125.000    7  14 /pl=01:ss=17:pb= 1:sz=17/type=excit/ispb = t/isel =   46
 1.00E+10 1.00E+11 1.00E+12 1.00E+13 1.00E+14 1.00E+15 1.00E+16
 5.58E+00 8.38E+00 1.40E+01 2.79E+01 5.58E+01 1.40E+02 2.79E+02 4.19E+02
 5.58E+02 8.38E+02 1.40E+03 2.79E+03 5.58E+03 8.38E+03
 1.00E-74 1.00E-74 1.00E-74 1.00E-74 1.00E-74 5.08E-28 1.48E-21 1.94E-19
 2.13E-18 2.22E-17 1.33E-16 4.53E-16 7.48E-16 8.45E-16
 1.00E-74 1.00E-74 1.00E-74 1.00E-74 1.00E-74 5.08E-28 1.48E-21 1.94E-19
 2.13E-18 2.22E-17 1.33E-16 4.53E-16 7.48E-16 8.45E-16
 1.00E-74 1.00E-74 1.00E-74 1.00E-74 1.00E-74 5.08E-28 1.48E-21 1.94E-19
 2.13E-18 2.22E-17 1.33E-16 4.53E-16 7.48E-16 8.45E-16
 1.00E-74 1.00E-74 1.00E-74 1.00E-74 1.14E-47 5.08E-28 1.48E-21 1.94E-19
 2.13E-18 2.22E-17 1.33E-16 4.53E-16 7.48E-16 8.45E-16
 1.00E-74 1.00E-74 1.00E-74 1.00E-74 1.17E-47 5.08E-28 1.48E-21 1.94E-19
 2.13E-18 2.22E-17 1.33E-16 4.53E-16 7.48E-16 8.45E-16
 1.00E-74 1.00E-74 1.00E-74 1.00E-74 1.16E-47 5.08E-28 1.48E-21 1.94E-19
 2.13E-18 2.22E-17 1.33E-16 4.53E-16 7.48E-16 8.45E-16
 1.00E-74 1.00E-74 1.00E-74 1.00E-74 1.17E-47 5.09E-28 1.48E-21 1.94E-19
 2.13E-18 2.22E-17 1.34E-16 4.53E-16 7.48E-16 8.45E-16
  228.833    7  14 /pl=01:ss=17:pb= 1:sz=17/type=excit/ispb = t/isel =   47
 1.00E+10 1.00E+11 1.00E+12 1.00E+13 1.00E+14 1.00E+15 1.00E+16
 5.58E+00 8.38E+00 1.40E+01 2.79E+01 5.58E+01 1.40E+02 2.79E+02 4.19E+02
 5.58E+02 8.38E+02 1.40E+03 2.79E+03 5.58E+03 8.38E+03
 1.00E-74 1.00E-74 1.00E-74 1.00E-74 1.00E-74 4.09E-28 1.44E-21 2.01E-19
 2.28E-18 2.46E-17 1.51E-16 5.24E-16 8.73E-16 9.88E-16
 1.00E-74 1.00E-74 1.00E-74 1.00E-74 1.00E-74 4.09E-28 1.44E-21 2.01E-19
 2.28E-18 2.46E-17 1.51E-16 5.24E-16 8.73E-16 9.88E-16
 1.00E-74 1.00E-74 1.00E-74 1.00E-74 1.00E-74 4.09E-28 1.44E-21 2.01E-19
 2.28E-18 2.46E-17 1.51E-16 5.24E-16 8.73E-16 9.88E-16
 1.00E-74 1.00E-74 1.00E-74 1.00E-74 3.56E-48 4.09E-28 1.44E-21 2.01E-19
 2.28E-18 2.46E-17 1.51E-16 5.24E-16 8.73E-16 9.88E-16
 1.00E-74 1.00E-74 1.00E-74 1.00E-74 5.34E-48 4.09E-28 1.44E-21 2.01E-19
 2.28E-18 2.46E-17 1.51E-16 5.24E-16 8.73E-16 9.88E-16
 1.00E-74 1.00E-74 1.00E-74 1.00E-74 5.30E-48 4.09E-28 1.44E-21 2.01E-19
 2.28E-18 2.46E-17 1.51E-16 5.24E-16 8.73E-16 9.88E-16
 1.00E-74 1.00E-74 1.00E-74 1.00E-74 5.30E-48 4.10E-28 1.44E-21 2.02E-19
 2.29E-18 2.46E-17 1.52E-16 5.24E-16 8.73E-16 9.88E-16
  229.358    7  14 /pl=01:ss=17:pb= 1:sz=17/type=excit/ispb = t/isel =   48
 1.00E+10 1.00E+11 1.00E+12 1.00E+13 1.00E+14 1.00E+15 1.00E+16
 5.58E+00 8.38E+00 1.40E+01 2.79E+01 5.58E+01 1.40E+02 2.79E+02 4.19E+02
 5.58E+02 8.38E+02 1.40E+03 2.79E+03 5.58E+03 8.38E+03
 1.00E-74 1.00E-74 1.00E-74 1.00E-74 1.00E-74 3.14E-28 1.10E-21 1.53E-19
 1.74E-18 1.86E-17 1.14E-16 3.86E-16 6.13E-16 6.68E-16
 1.00E-74 1.00E-74 1.00E-74 1.00E-74 1.00E-74 3.14E-28 1.10E-21 1.53E-19
 1.74E-18 1.86E-17 1.14E-16 3.86E-16 6.13E-16 6.68E-16
 1.00E-74 1.00E-74 1.00E-74 1.00E-74 1.00E-74 3.14E-28 1.10E-21 1.53E-19
 1.74E-18 1.86E-17 1.14E-16 3.86E-16 6.13E-16 6.68E-16
 1.00E-74 1.00E-74 1.00E-74 1.00E-74 6.60E-48 3.14E-28 1.10E-21 1.53E-19
 1.74E-18 1.86E-17 1.14E-16 3.86E-16 6.13E-16 6.68E-16
 1.00E-74 1.00E-74 1.00E-74 1.00E-74 3.96E-48 3.14E-28 1.10E-21 1.53E-19
 1.74E-18 1.86E-17 1.14E-16 3.86E-16 6.13E-16 6.68E-16
 1.00E-74 1.00E-74 1.00E-74 1.00E-74 4.09E-48 3.15E-28 1.10E-21 1.54E-19
 1.74E-18 1.86E-17 1.14E-16 3.86E-16 6.13E-16 6.68E-16
 1.00E-74 1.00E-74 1.00E-74 1.00E-74 4.15E-48 3.18E-28 1.11E-21 1.55E-19
 1.75E-18 1.87E-17 1.14E-16 3.87E-16 6.15E-16 6.70E-16
  230.415    7  14 /pl=01:ss=17:pb= 1:sz=17/type=excit/ispb = t/isel =   49
 1.00E+10 1.00E+11 1.00E+12 1.00E+13 1.00E+14 1.00E+15 1.00E+16
 5.58E+00 8.38E+00 1.40E+01 2.79E+01 5.58E+01 1.40E+02 2.79E+02 4.19E+02
 5.58E+02 8.38E+02 1.40E+03 2.79E+03 5.58E+03 8.38E+03
 1.00E-74 1.00E-74 1.00E-74 1.00E-74 1.00E-74 1.66E-28 5.84E-22 8.16E-20
 9.26E-19 9.98E-18 6.14E-17 2.12E-16 3.54E-16 4.00E-16
 1.00E-74 1.00E-74 1.00E-74 1.00E-74 1.00E-74 1.66E-28 5.84E-22 8.16E-20
 9.26E-19 9.98E-18 6.14E-17 2.12E-16 3.54E-16 4.00E-16
 1.00E-74 1.00E-74 1.00E-74 1.00E-74 1.00E-74 1.66E-28 5.84E-22 8.16E-20
 9.26E-19 9.98E-18 6.14E-17 2.12E-16 3.54E-16 4.00E-16
 1.00E-74 1.00E-74 1.00E-74 1.00E-74 1.44E-48 1.66E-28 5.84E-22 8.16E-20
 9.26E-19 9.98E-18 6.14E-17 2.12E-16 3.54E-16 4.00E-16
 1.00E-74 1.00E-74 1.00E-74 1.00E-74 2.17E-48 1.66E-28 5.84E-22 8.16E-20
 9.26E-19 9.98E-18 6.14E-17 2.12E-16 3.54E-16 4.00E-16
 1.00E-74 1.00E-74 1.00E-74 1.00E-74 2.15E-48 1.66E-28 5.84E-22 8.16E-20
 9.26E-19 9.98E-18 6.14E-17 2.12E-16 3.54E-16 4.00E-16
 1.00E-74 1.00E-74 1.00E-74 1.00E-74 2.15E-48 1.66E-28 5.85E-22 8.17E-20
 9.27E-19 9.99E-18 6.15E-17 2.12E-16 3.54E-16 4.01E-16
  230.415    7  14 /pl=01:ss=17:pb= 1:sz=17/type=excit/ispb = t/isel =   50
 1.00E+10 1.00E+11 1.00E+12 1.00E+13 1.00E+14 1.00E+15 1.00E+16
 5.58E+00 8.38E+00 1.40E+01 2.79E+01 5.58E+01 1.40E+02 2.79E+02 4.19E+02
 5.58E+02 8.38E+02 1.40E+03 2.79E+03 5.58E+03 8.38E+03
 1.00E-74 1.00E-74 1.00E-74 1.00E-74 1.00E-74 9.43E-28 3.30E-21 4.60E-19
 5.21E-18 5.57E-17 3.38E-16 1.13E-15 1.75E-15 1.88E-15
 1.00E-74 1.00E-74 1.00E-74 1.00E-74 1.00E-74 9.43E-28 3.30E-21 4.60E-19
 5.21E-18 5.57E-17 3.38E-16 1.13E-15 1.75E-15 1.88E-15
 1.00E-74 1.00E-74 1.00E-74 1.00E-74 1.00E-74 9.43E-28 3.30E-21 4.60E-19
 5.21E-18 5.57E-17 3.38E-16 1.13E-15 1.75E-15 1.88E-15
 1.00E-74 1.00E-74 1.00E-74 1.00E-74 1.21E-47 9.43E-28 3.30E-21 4.60E-19
 5.21E-18 5.57E-17 3.38E-16 1.13E-15 1.75E-15 1.88E-15
 1.00E-74 1.00E-74 1.00E-74 1.00E-74 1.21E-47 9.43E-28 3.30E-21 4.60E-19
 5.21E-18 5.57E-17 3.38E-16 1.13E-15 1.75E-15 1.88E-15
 1.00E-74 1.00E-74 1.00E-74 1.00E-74 1.22E-47 9.41E-28 3.30E-21 4.59E-19
 5.20E-18 5.56E-17 3.38E-16 1.13E-15 1.75E-15 1.87E-15
 1.00E-74 1.00E-74 1.00E-74 1.00E-74 1.18E-47 9.21E-28 3.24E-21 4.53E-19
 5.14E-18 5.51E-17 3.35E-16 1.12E-15 1.75E-15 1.87E-15
c-------------------------------------------------------------------------------
 
C  root partition information
C  ==========================
C
C  nuclear charge : 18
C  ion charge+1   : 18
C
C  population calculation information
C  ----------------------------------
C
C  population processing code: adas810
C
C  adf04 source file    : adf04_copmm#18_ls_40#ar17.dat
C  adf18/a17_p208 file  : NULL
C
C  meta. ion. coeff. selector  : 
 
C  options  : lnorm =T  lpsel =F  lzsel =T  liosel=F
C           : lhsel =F  lrsel =F  lisel =F  lnsel =F
 
C  energy levels
C  -------------
C
C   lv      configuration    (2S+1)L(w-1/2)      energy (cm^-1)
C  ---   ------------------- --------------      --------------
c    1   11                     (2)0(  0.5)             0.0
c    2   12                     (2)0(  0.5)      26771000.0
c    3   13                     (2)1(  2.5)      26797000.0
c    4   14                     (2)0(  0.5)      31741000.0
c    5   15                     (2)1(  2.5)      31748000.0
c    6   16                     (2)2(  4.5)      31754000.0
c    7   17                     (2)0(  0.5)      33478000.0
c    8   18                     (2)1(  2.5)      33481000.0
c    9   19                     (2)2(  4.5)      33484000.0
c   10   1B                     (2)0(  0.5)      34282000.0
c   11   1C                     (2)1(  2.5)      34284000.0
c   12   1D                     (2)2(  4.5)      34285000.0
c   13   1G                     (2)0(  0.5)      34718000.0
c   14   1H                     (2)1(  2.5)      34719000.0
c   15   1I                     (2)2(  4.5)      34720000.0
 
 
 
c-------------------------------------------------------------------------------
 
C  superstage partition information
C  ================================
C
C  element symbol   : AR
C  parent template  : 
C  partition level  :  1
C  superstage label : 17
C
C  tabulation       : photon emissivity coefft (te,ne)
C  units            : ph. emis coef(cm^3 s^-1); te (ev); ne (cm^-3)
C
C  photon emissivity atomic transitions
C  ------------------------------------
C  
C   isel  wvlen(A)            transition                type  ispb nspb
C                                                             ispp nspp sz    tg pr wr
C  ----- ---------- ----------------------------------- ----- ---- ---- --    -- -- --
C      1   2.88018   15(2)2(  4.5)-  1(2)0(  0.5)       excit   1    1  17    14 45  1
C      2   2.88027   14(2)1(  2.5)-  1(2)0(  0.5)       excit   1    1  17    13  8  2
C      3   2.91673   12(2)2(  4.5)-  1(2)0(  0.5)       excit   1    1  17    11 44  3
C      4   2.91681   11(2)1(  2.5)-  1(2)0(  0.5)       excit   1    1  17    10  5  4
C      5   2.98650    9(2)2(  4.5)-  1(2)0(  0.5)       excit   1    1  17     8 43  5
C      6   2.98677    8(2)1(  2.5)-  1(2)0(  0.5)       excit   1    1  17     7  3  6
C      7   3.14921    6(2)2(  4.5)-  1(2)0(  0.5)       excit   1    1  17     5 42  7
C      8   3.14980    5(2)1(  2.5)-  1(2)0(  0.5)       excit   1    1  17     4  2  8
C      9   3.73176    3(2)1(  2.5)-  1(2)0(  0.5)       excit   1    1  17     2  1  9
C     10   12.5818   14(2)1(  2.5)-  2(2)0(  0.5)       excit   1    1  17    26 16 10
C     11   12.6215   15(2)2(  4.5)-  3(2)1(  2.5)       excit   1    1  17    39 20 11
C     12   12.6247   13(2)0(  0.5)-  3(2)1(  2.5)       excit   1    1  17    37 23 12
C     13   13.3103   11(2)1(  2.5)-  2(2)0(  0.5)       excit   1    1  17    23 13 13
C     14   13.3547   12(2)2(  4.5)-  3(2)1(  2.5)       excit   1    1  17    36 15 14
C     15   13.3565   11(2)1(  2.5)-  3(2)1(  2.5)       excit   1    1  17    35 49 15
C     16   13.3601   10(2)0(  0.5)-  3(2)1(  2.5)       excit   1    1  17    34 17 16
C     17   14.9031    8(2)1(  2.5)-  2(2)0(  0.5)       excit   1    1  17    20  9 17
C     18   14.9544    9(2)2(  4.5)-  3(2)1(  2.5)       excit   1    1  17    33 10 18
C     19   14.9611    8(2)1(  2.5)-  3(2)1(  2.5)       excit   1    1  17    32 48 19
C     20   14.9678    7(2)0(  0.5)-  3(2)1(  2.5)       excit   1    1  17    31 11 20
C     21   20.0682    6(2)2(  4.5)-  2(2)0(  0.5)       excit   1    1  17    18 47 21
C     22   20.0924    5(2)1(  2.5)-  2(2)0(  0.5)       excit   1    1  17    17  6 22
C     23   20.1735    6(2)2(  4.5)-  3(2)1(  2.5)       excit   1    1  17    30  7 23
C     24   20.1979    5(2)1(  2.5)-  3(2)1(  2.5)       excit   1    1  17    29 46 24
C     25   20.2265    4(2)0(  0.5)-  3(2)1(  2.5)       excit   1    1  17    28  4 25
C     26   33.5796   14(2)1(  2.5)-  4(2)0(  0.5)       excit   1    1  17    49 25 26
C     27   33.6474   15(2)2(  4.5)-  5(2)1(  2.5)       excit   1    1  17    60 28 27
C     28   33.6700   13(2)0(  0.5)-  5(2)1(  2.5)       excit   1    1  17    58 26 28
C     29   33.7268   14(2)1(  2.5)-  6(2)2(  4.5)       excit   1    1  17    68 41 29
C     30   39.3236   11(2)1(  2.5)-  4(2)0(  0.5)       excit   1    1  17    46 21 30
C     31   39.4166   12(2)2(  4.5)-  5(2)1(  2.5)       excit   1    1  17    57 24 31
C     32   39.4633   10(2)0(  0.5)-  5(2)1(  2.5)       excit   1    1  17    55 19 32
C     33   39.5257   11(2)1(  2.5)-  6(2)2(  4.5)       excit   1    1  17    65 37 33
C     34   57.4713    8(2)1(  2.5)-  4(2)0(  0.5)       excit   1    1  17    43 14 34
C     35   57.6037    9(2)2(  4.5)-  5(2)1(  2.5)       excit   1    1  17    54 18 35
C     36   57.8035    7(2)0(  0.5)-  5(2)1(  2.5)       excit   1    1  17    52 12 36
C     37   57.9039    8(2)1(  2.5)-  6(2)2(  4.5)       excit   1    1  17    62 33 37
C     38   58.0046    7(2)0(  0.5)-  6(2)2(  4.5)       excit   1    1  17    61 50 38
C     39   80.5802   14(2)1(  2.5)-  7(2)0(  0.5)       excit   1    1  17    76 32 39
C     40   80.7103   15(2)2(  4.5)-  8(2)1(  2.5)       excit   1    1  17    84 34 40
C     41   80.8407   13(2)0(  0.5)-  8(2)1(  2.5)       excit   1    1  17    82 29 41
C     42   80.9717   14(2)1(  2.5)-  9(2)2(  4.5)       excit   1    1  17    89 40 42
C     43   124.069   11(2)1(  2.5)-  7(2)0(  0.5)       excit   1    1  17    73 27 43
C     44   124.378   12(2)2(  4.5)-  8(2)1(  2.5)       excit   1    1  17    81 30 44
C     45   124.844   10(2)0(  0.5)-  8(2)1(  2.5)       excit   1    1  17    79 22 45
C     46   125.000   11(2)1(  2.5)-  9(2)2(  4.5)       excit   1    1  17    86 36 46
C     47   228.833   14(2)1(  2.5)- 10(2)0(  0.5)       excit   1    1  17    94 35 47
C     48   229.358   15(2)2(  4.5)- 11(2)1(  2.5)       excit   1    1  17    99 38 48
C     49   230.415   14(2)1(  2.5)- 12(2)2(  4.5)       excit   1    1  17   101 39 49
C     50   230.415   13(2)0(  0.5)- 11(2)1(  2.5)       excit   1    1  17    97 31 50
c-------------------------------------------------------------------------------
                                                                                
C  code     : adas810
C  producer : Adam Foster
C  date     : 13/05/09
                                                                                
c-------------------------------------------------------------------------------
