   50    /AR:16 photon emissivity coefficients/
--------------------------------------------------------------------------------
    1    1    1    1    1    1    1    1    1    1    1    1    1    1
    1    1    1    1    1
--------------------------------------------------------------------------------
//#01/p00/ 00/p01/ 01/p02/ 02/p03/ 03/p04/ 04/p05/ 05/p06/ 06/p07/ 07/p08/ 08/  
      p09/ 09/p10/ 10/p11/ 11/p12/ 12/p13/ 13/p14/ 14/p15/ 15/p16/ 16/p17/ 17/  
      p18/ 18/                                                                  
--------------------------------------------------------------------------------
  3.08874    7  14 /pl=01:ss=16:pb= 1:sz=16/type=excit/ispb = t/isel =    1
 1.00E+10 1.00E+11 1.00E+12 1.00E+13 1.00E+14 1.00E+15 1.00E+16
 4.98E+00 7.47E+00 1.25E+01 2.49E+01 4.98E+01 1.25E+02 2.49E+02 3.74E+02
 4.98E+02 7.47E+02 1.25E+03 2.49E+03 4.98E+03 7.47E+03
 1.00E-74 1.00E-74 1.00E-74 1.00E-74 1.00E-74 2.06E-26 1.46E-19 2.58E-17
 3.29E-16 3.98E-15 2.68E-14 9.95E-14 1.71E-13 1.96E-13
 1.00E-74 1.00E-74 1.00E-74 1.00E-74 1.00E-74 2.06E-26 1.46E-19 2.58E-17
 3.29E-16 3.98E-15 2.68E-14 9.95E-14 1.71E-13 1.96E-13
 1.00E-74 1.00E-74 1.00E-74 1.00E-74 1.00E-74 2.06E-26 1.46E-19 2.58E-17
 3.29E-16 3.98E-15 2.68E-14 9.95E-14 1.71E-13 1.96E-13
 1.00E-74 1.00E-74 1.00E-74 1.00E-74 1.00E-74 2.06E-26 1.46E-19 2.58E-17
 3.29E-16 3.98E-15 2.68E-14 9.95E-14 1.71E-13 1.96E-13
 1.00E-74 1.00E-74 1.00E-74 1.00E-74 5.45E-47 2.06E-26 1.46E-19 2.58E-17
 3.29E-16 3.98E-15 2.68E-14 9.95E-14 1.71E-13 1.96E-13
 1.00E-74 1.00E-74 1.00E-74 1.00E-74 3.27E-47 2.06E-26 1.46E-19 2.58E-17
 3.29E-16 3.98E-15 2.68E-14 9.95E-14 1.71E-13 1.96E-13
 1.00E-74 1.00E-74 1.00E-74 1.00E-74 3.27E-47 2.07E-26 1.47E-19 2.58E-17
 3.29E-16 3.98E-15 2.69E-14 9.96E-14 1.71E-13 1.96E-13
  3.12621    7  14 /pl=01:ss=16:pb= 1:sz=16/type=excit/ispb = t/isel =    2
 1.00E+10 1.00E+11 1.00E+12 1.00E+13 1.00E+14 1.00E+15 1.00E+16
 4.98E+00 7.47E+00 1.25E+01 2.49E+01 4.98E+01 1.25E+02 2.49E+02 3.74E+02
 4.98E+02 7.47E+02 1.25E+03 2.49E+03 4.98E+03 7.47E+03
 1.00E-74 1.00E-74 1.00E-74 1.00E-74 1.00E-74 5.45E-26 3.19E-19 5.28E-17
 6.53E-16 7.64E-15 5.03E-14 1.83E-13 3.12E-13 3.56E-13
 1.00E-74 1.00E-74 1.00E-74 1.00E-74 1.00E-74 5.45E-26 3.19E-19 5.28E-17
 6.53E-16 7.64E-15 5.03E-14 1.83E-13 3.12E-13 3.56E-13
 1.00E-74 1.00E-74 1.00E-74 1.00E-74 1.00E-74 5.45E-26 3.19E-19 5.28E-17
 6.53E-16 7.64E-15 5.03E-14 1.83E-13 3.12E-13 3.56E-13
 1.00E-74 1.00E-74 1.00E-74 1.00E-74 1.00E-74 5.45E-26 3.19E-19 5.28E-17
 6.53E-16 7.64E-15 5.03E-14 1.83E-13 3.12E-13 3.56E-13
 1.00E-74 1.00E-74 1.00E-74 1.00E-74 1.80E-46 5.45E-26 3.19E-19 5.28E-17
 6.53E-16 7.64E-15 5.03E-14 1.83E-13 3.12E-13 3.56E-13
 1.00E-74 1.00E-74 1.00E-74 1.00E-74 1.53E-46 5.45E-26 3.19E-19 5.28E-17
 6.53E-16 7.64E-15 5.03E-14 1.83E-13 3.12E-13 3.56E-13
 1.00E-74 1.00E-74 1.00E-74 1.00E-74 1.53E-46 5.46E-26 3.19E-19 5.29E-17
 6.53E-16 7.65E-15 5.03E-14 1.83E-13 3.12E-13 3.56E-13
  3.19763    7  14 /pl=01:ss=16:pb= 1:sz=16/type=excit/ispb = t/isel =    3
 1.00E+10 1.00E+11 1.00E+12 1.00E+13 1.00E+14 1.00E+15 1.00E+16
 4.98E+00 7.47E+00 1.25E+01 2.49E+01 4.98E+01 1.25E+02 2.49E+02 3.74E+02
 4.98E+02 7.47E+02 1.25E+03 2.49E+03 4.98E+03 7.47E+03
 1.00E-74 1.00E-74 1.00E-74 1.00E-74 1.00E-74 2.32E-25 9.54E-19 1.41E-16
 1.64E-15 1.81E-14 1.14E-13 4.03E-13 6.76E-13 7.68E-13
 1.00E-74 1.00E-74 1.00E-74 1.00E-74 1.00E-74 2.32E-25 9.54E-19 1.41E-16
 1.64E-15 1.81E-14 1.14E-13 4.03E-13 6.76E-13 7.68E-13
 1.00E-74 1.00E-74 1.00E-74 1.00E-74 1.00E-74 2.32E-25 9.54E-19 1.41E-16
 1.64E-15 1.81E-14 1.14E-13 4.03E-13 6.76E-13 7.68E-13
 1.00E-74 1.00E-74 1.00E-74 1.00E-74 1.75E-45 2.32E-25 9.54E-19 1.41E-16
 1.64E-15 1.81E-14 1.14E-13 4.03E-13 6.76E-13 7.68E-13
 1.00E-74 1.00E-74 1.00E-74 1.00E-74 1.93E-45 2.32E-25 9.54E-19 1.41E-16
 1.64E-15 1.81E-14 1.14E-13 4.03E-13 6.76E-13 7.68E-13
 1.00E-74 1.00E-74 1.00E-74 1.00E-74 1.89E-45 2.32E-25 9.54E-19 1.41E-16
 1.64E-15 1.81E-14 1.14E-13 4.03E-13 6.76E-13 7.68E-13
 1.00E-74 1.00E-74 1.00E-74 1.00E-74 1.90E-45 2.32E-25 9.54E-19 1.41E-16
 1.64E-15 1.81E-14 1.14E-13 4.03E-13 6.76E-13 7.68E-13
  3.36361    7  14 /pl=01:ss=16:pb= 1:sz=16/type=excit/ispb = t/isel =    4
 1.00E+10 1.00E+11 1.00E+12 1.00E+13 1.00E+14 1.00E+15 1.00E+16
 4.98E+00 7.47E+00 1.25E+01 2.49E+01 4.98E+01 1.25E+02 2.49E+02 3.74E+02
 4.98E+02 7.47E+02 1.25E+03 2.49E+03 4.98E+03 7.47E+03
 1.00E-74 1.00E-74 1.00E-74 1.00E-74 1.00E-74 2.96E-24 5.71E-18 6.54E-16
 6.73E-15 6.57E-14 3.76E-13 1.24E-12 2.02E-12 2.28E-12
 1.00E-74 1.00E-74 1.00E-74 1.00E-74 4.25E-43 2.96E-24 5.71E-18 6.54E-16
 6.73E-15 6.57E-14 3.76E-13 1.24E-12 2.02E-12 2.28E-12
 1.00E-74 1.00E-74 1.00E-74 1.00E-74 2.55E-43 2.96E-24 5.71E-18 6.54E-16
 6.73E-15 6.57E-14 3.76E-13 1.24E-12 2.02E-12 2.28E-12
 1.00E-74 1.00E-74 1.00E-74 1.00E-74 2.42E-43 2.96E-24 5.71E-18 6.54E-16
 6.73E-15 6.57E-14 3.76E-13 1.24E-12 2.02E-12 2.28E-12
 1.00E-74 1.00E-74 1.00E-74 1.00E-74 2.43E-43 2.96E-24 5.71E-18 6.54E-16
 6.73E-15 6.57E-14 3.76E-13 1.24E-12 2.02E-12 2.28E-12
 1.00E-74 1.00E-74 1.00E-74 1.00E-74 2.43E-43 2.96E-24 5.71E-18 6.54E-16
 6.73E-15 6.57E-14 3.76E-13 1.24E-12 2.02E-12 2.28E-12
 1.00E-74 1.00E-74 1.00E-74 1.00E-74 2.43E-43 2.96E-24 5.71E-18 6.54E-16
 6.72E-15 6.57E-14 3.76E-13 1.24E-12 2.01E-12 2.28E-12
  3.36718    7  14 /pl=01:ss=16:pb= 1:sz=16/type=excit/ispb = t/isel =    5
 1.00E+10 1.00E+11 1.00E+12 1.00E+13 1.00E+14 1.00E+15 1.00E+16
 4.98E+00 7.47E+00 1.25E+01 2.49E+01 4.98E+01 1.25E+02 2.49E+02 3.74E+02
 4.98E+02 7.47E+02 1.25E+03 2.49E+03 4.98E+03 7.47E+03
 1.00E-74 1.00E-74 1.00E-74 1.00E-74 1.00E-74 1.41E-26 2.79E-20 3.27E-18
 3.43E-17 3.43E-16 2.01E-15 6.78E-15 1.13E-14 1.28E-14
 1.00E-74 1.00E-74 1.00E-74 1.00E-74 1.00E-74 1.41E-26 2.79E-20 3.27E-18
 3.43E-17 3.43E-16 2.01E-15 6.78E-15 1.13E-14 1.28E-14
 1.00E-74 1.00E-74 1.00E-74 1.00E-74 1.56E-45 1.41E-26 2.79E-20 3.27E-18
 3.43E-17 3.43E-16 2.01E-15 6.78E-15 1.13E-14 1.28E-14
 1.00E-74 1.00E-74 1.00E-74 1.00E-74 1.17E-45 1.41E-26 2.79E-20 3.27E-18
 3.43E-17 3.43E-16 2.01E-15 6.78E-15 1.13E-14 1.28E-14
 1.00E-74 1.00E-74 1.00E-74 1.00E-74 1.18E-45 1.41E-26 2.79E-20 3.27E-18
 3.43E-17 3.43E-16 2.01E-15 6.78E-15 1.13E-14 1.28E-14
 1.00E-74 1.00E-74 1.00E-74 1.00E-74 1.18E-45 1.41E-26 2.79E-20 3.28E-18
 3.43E-17 3.43E-16 2.01E-15 6.78E-15 1.13E-14 1.28E-14
 1.00E-74 1.00E-74 1.00E-74 1.00E-74 1.18E-45 1.41E-26 2.79E-20 3.28E-18
 3.43E-17 3.43E-16 2.01E-15 6.78E-15 1.13E-14 1.28E-14
  3.94817    7  14 /pl=01:ss=16:pb= 1:sz=16/type=excit/ispb = t/isel =    6
 1.00E+10 1.00E+11 1.00E+12 1.00E+13 1.00E+14 1.00E+15 1.00E+16
 4.98E+00 7.47E+00 1.25E+01 2.49E+01 4.98E+01 1.25E+02 2.49E+02 3.74E+02
 4.98E+02 7.47E+02 1.25E+03 2.49E+03 4.98E+03 7.47E+03
 1.00E-74 1.00E-74 1.00E-74 1.00E-74 8.56E-38 1.42E-21 3.00E-16 1.65E-14
 1.18E-13 8.06E-13 3.46E-12 9.25E-12 1.37E-11 1.49E-11
 1.00E-74 1.00E-74 1.00E-74 1.00E-74 8.56E-38 1.42E-21 3.00E-16 1.65E-14
 1.18E-13 8.06E-13 3.46E-12 9.25E-12 1.37E-11 1.49E-11
 1.00E-74 1.00E-74 1.00E-74 1.00E-74 8.56E-38 1.42E-21 3.00E-16 1.65E-14
 1.18E-13 8.06E-13 3.46E-12 9.25E-12 1.37E-11 1.49E-11
 1.00E-74 1.00E-74 1.00E-74 1.00E-74 8.56E-38 1.42E-21 3.00E-16 1.65E-14
 1.18E-13 8.06E-13 3.46E-12 9.25E-12 1.37E-11 1.49E-11
 1.00E-74 1.00E-74 1.00E-74 1.00E-74 8.56E-38 1.42E-21 3.00E-16 1.65E-14
 1.18E-13 8.06E-13 3.46E-12 9.25E-12 1.37E-11 1.49E-11
 1.00E-74 1.00E-74 1.00E-74 1.00E-74 8.56E-38 1.42E-21 3.00E-16 1.65E-14
 1.18E-13 8.06E-13 3.46E-12 9.25E-12 1.37E-11 1.49E-11
 1.00E-74 1.00E-74 1.00E-74 1.00E-74 8.56E-38 1.42E-21 3.00E-16 1.65E-14
 1.18E-13 8.06E-13 3.46E-12 9.25E-12 1.37E-11 1.49E-11
  3.96626    7  14 /pl=01:ss=16:pb= 1:sz=16/type=excit/ispb = t/isel =    7
 1.00E+10 1.00E+11 1.00E+12 1.00E+13 1.00E+14 1.00E+15 1.00E+16
 4.98E+00 7.47E+00 1.25E+01 2.49E+01 4.98E+01 1.25E+02 2.49E+02 3.74E+02
 4.98E+02 7.47E+02 1.25E+03 2.49E+03 4.98E+03 7.47E+03
 1.00E-74 1.00E-74 1.00E-74 1.00E-74 2.00E-39 2.76E-23 5.85E-18 3.40E-16
 2.57E-15 1.89E-14 8.79E-14 2.50E-13 3.78E-13 4.12E-13
 1.00E-74 1.00E-74 1.00E-74 1.00E-74 2.00E-39 2.76E-23 5.85E-18 3.40E-16
 2.57E-15 1.89E-14 8.79E-14 2.50E-13 3.78E-13 4.12E-13
 1.00E-74 1.00E-74 1.00E-74 1.00E-74 2.00E-39 2.76E-23 5.85E-18 3.40E-16
 2.57E-15 1.89E-14 8.79E-14 2.50E-13 3.78E-13 4.12E-13
 1.00E-74 1.00E-74 1.00E-74 1.00E-74 2.00E-39 2.76E-23 5.85E-18 3.40E-16
 2.57E-15 1.89E-14 8.79E-14 2.50E-13 3.78E-13 4.12E-13
 1.00E-74 1.00E-74 1.00E-74 1.00E-74 2.00E-39 2.76E-23 5.85E-18 3.40E-16
 2.57E-15 1.89E-14 8.79E-14 2.50E-13 3.78E-13 4.12E-13
 1.00E-74 1.00E-74 1.00E-74 1.00E-74 2.00E-39 2.76E-23 5.85E-18 3.40E-16
 2.57E-15 1.89E-14 8.79E-14 2.50E-13 3.78E-13 4.12E-13
 1.00E-74 1.00E-74 1.00E-74 1.00E-74 2.00E-39 2.76E-23 5.85E-18 3.40E-16
 2.57E-15 1.89E-14 8.79E-14 2.50E-13 3.78E-13 4.12E-13
  13.9321    7  14 /pl=01:ss=16:pb= 1:sz=16/type=excit/ispb = t/isel =    8
 1.00E+10 1.00E+11 1.00E+12 1.00E+13 1.00E+14 1.00E+15 1.00E+16
 4.98E+00 7.47E+00 1.25E+01 2.49E+01 4.98E+01 1.25E+02 2.49E+02 3.74E+02
 4.98E+02 7.47E+02 1.25E+03 2.49E+03 4.98E+03 7.47E+03
 1.00E-74 1.00E-74 1.00E-74 1.00E-74 1.00E-74 1.42E-27 1.00E-20 1.77E-18
 2.26E-17 2.73E-16 1.84E-15 6.83E-15 1.17E-14 1.35E-14
 1.00E-74 1.00E-74 1.00E-74 1.00E-74 1.00E-74 1.42E-27 1.00E-20 1.77E-18
 2.26E-17 2.73E-16 1.84E-15 6.83E-15 1.17E-14 1.35E-14
 1.00E-74 1.00E-74 1.00E-74 1.00E-74 1.00E-74 1.42E-27 1.00E-20 1.77E-18
 2.26E-17 2.73E-16 1.84E-15 6.83E-15 1.17E-14 1.35E-14
 1.00E-74 1.00E-74 1.00E-74 1.00E-74 1.00E-74 1.42E-27 1.00E-20 1.77E-18
 2.26E-17 2.73E-16 1.84E-15 6.83E-15 1.17E-14 1.35E-14
 1.00E-74 1.00E-74 1.00E-74 1.00E-74 3.74E-48 1.42E-27 1.00E-20 1.77E-18
 2.26E-17 2.73E-16 1.84E-15 6.83E-15 1.17E-14 1.35E-14
 1.00E-74 1.00E-74 1.00E-74 1.00E-74 2.24E-48 1.42E-27 1.00E-20 1.77E-18
 2.26E-17 2.73E-16 1.84E-15 6.83E-15 1.17E-14 1.35E-14
 1.00E-74 1.00E-74 1.00E-74 1.00E-74 2.24E-48 1.42E-27 1.01E-20 1.77E-18
 2.26E-17 2.73E-16 1.84E-15 6.84E-15 1.17E-14 1.35E-14
  14.1893    7  14 /pl=01:ss=16:pb= 1:sz=16/type=excit/ispb = t/isel =    9
 1.00E+10 1.00E+11 1.00E+12 1.00E+13 1.00E+14 1.00E+15 1.00E+16
 4.98E+00 7.47E+00 1.25E+01 2.49E+01 4.98E+01 1.25E+02 2.49E+02 3.74E+02
 4.98E+02 7.47E+02 1.25E+03 2.49E+03 4.98E+03 7.47E+03
 1.00E-74 1.00E-74 1.00E-74 1.00E-74 1.00E-74 1.45E-27 1.01E-20 1.77E-18
 2.25E-17 2.70E-16 1.80E-15 6.51E-15 1.07E-14 1.18E-14
 1.00E-74 1.00E-74 1.00E-74 1.00E-74 1.00E-74 1.45E-27 1.01E-20 1.77E-18
 2.25E-17 2.70E-16 1.80E-15 6.51E-15 1.07E-14 1.18E-14
 1.00E-74 1.00E-74 1.00E-74 1.00E-74 1.00E-74 1.45E-27 1.01E-20 1.77E-18
 2.25E-17 2.70E-16 1.80E-15 6.51E-15 1.07E-14 1.18E-14
 1.00E-74 1.00E-74 1.00E-74 1.00E-74 1.00E-74 1.45E-27 1.01E-20 1.77E-18
 2.25E-17 2.70E-16 1.80E-15 6.51E-15 1.07E-14 1.18E-14
 1.00E-74 1.00E-74 1.00E-74 1.00E-74 1.00E-74 1.45E-27 1.01E-20 1.77E-18
 2.25E-17 2.70E-16 1.80E-15 6.51E-15 1.07E-14 1.18E-14
 1.00E-74 1.00E-74 1.00E-74 1.00E-74 2.25E-48 1.45E-27 1.01E-20 1.78E-18
 2.25E-17 2.70E-16 1.80E-15 6.51E-15 1.07E-14 1.18E-14
 1.00E-74 1.00E-74 1.00E-74 1.00E-74 2.42E-48 1.46E-27 1.02E-20 1.79E-18
 2.26E-17 2.71E-16 1.81E-15 6.54E-15 1.07E-14 1.18E-14
  14.1988    7  14 /pl=01:ss=16:pb= 1:sz=16/type=excit/ispb = t/isel =   10
 1.00E+10 1.00E+11 1.00E+12 1.00E+13 1.00E+14 1.00E+15 1.00E+16
 4.98E+00 7.47E+00 1.25E+01 2.49E+01 4.98E+01 1.25E+02 2.49E+02 3.74E+02
 4.98E+02 7.47E+02 1.25E+03 2.49E+03 4.98E+03 7.47E+03
 1.00E-74 1.00E-74 1.00E-74 1.00E-74 1.00E-74 1.81E-27 1.27E-20 2.24E-18
 2.84E-17 3.41E-16 2.27E-15 8.10E-15 1.30E-14 1.40E-14
 1.00E-74 1.00E-74 1.00E-74 1.00E-74 1.00E-74 1.81E-27 1.27E-20 2.24E-18
 2.84E-17 3.41E-16 2.27E-15 8.10E-15 1.30E-14 1.40E-14
 1.00E-74 1.00E-74 1.00E-74 1.00E-74 1.00E-74 1.81E-27 1.27E-20 2.24E-18
 2.84E-17 3.41E-16 2.27E-15 8.10E-15 1.30E-14 1.40E-14
 1.00E-74 1.00E-74 1.00E-74 1.00E-74 1.00E-74 1.81E-27 1.27E-20 2.24E-18
 2.84E-17 3.41E-16 2.27E-15 8.10E-15 1.30E-14 1.40E-14
 1.00E-74 1.00E-74 1.00E-74 1.00E-74 2.89E-48 1.81E-27 1.27E-20 2.24E-18
 2.84E-17 3.41E-16 2.27E-15 8.10E-15 1.30E-14 1.40E-14
 1.00E-74 1.00E-74 1.00E-74 1.00E-74 2.89E-48 1.81E-27 1.27E-20 2.23E-18
 2.84E-17 3.40E-16 2.27E-15 8.09E-15 1.30E-14 1.40E-14
 1.00E-74 1.00E-74 1.00E-74 1.00E-74 2.80E-48 1.76E-27 1.25E-20 2.19E-18
 2.79E-17 3.36E-16 2.24E-15 8.02E-15 1.29E-14 1.40E-14
  14.4436    7  14 /pl=01:ss=16:pb= 1:sz=16/type=excit/ispb = t/isel =   11
 1.00E+10 1.00E+11 1.00E+12 1.00E+13 1.00E+14 1.00E+15 1.00E+16
 4.98E+00 7.47E+00 1.25E+01 2.49E+01 4.98E+01 1.25E+02 2.49E+02 3.74E+02
 4.98E+02 7.47E+02 1.25E+03 2.49E+03 4.98E+03 7.47E+03
 1.00E-74 1.00E-74 1.00E-74 1.00E-74 1.00E-74 6.55E-28 3.84E-21 6.35E-19
 7.91E-18 9.31E-17 6.12E-16 2.26E-15 3.87E-15 4.45E-15
 1.00E-74 1.00E-74 1.00E-74 1.00E-74 1.00E-74 6.55E-28 3.84E-21 6.35E-19
 7.91E-18 9.31E-17 6.12E-16 2.26E-15 3.87E-15 4.45E-15
 1.00E-74 1.00E-74 1.00E-74 1.00E-74 1.00E-74 6.55E-28 3.84E-21 6.35E-19
 7.91E-18 9.31E-17 6.12E-16 2.26E-15 3.87E-15 4.45E-15
 1.00E-74 1.00E-74 1.00E-74 1.00E-74 1.00E-74 6.55E-28 3.84E-21 6.35E-19
 7.91E-18 9.31E-17 6.12E-16 2.26E-15 3.87E-15 4.45E-15
 1.00E-74 1.00E-74 1.00E-74 1.00E-74 1.00E-74 6.55E-28 3.84E-21 6.35E-19
 7.91E-18 9.31E-17 6.12E-16 2.26E-15 3.87E-15 4.45E-15
 1.00E-74 1.00E-74 1.00E-74 1.00E-74 1.72E-48 6.55E-28 3.84E-21 6.35E-19
 7.91E-18 9.31E-17 6.12E-16 2.26E-15 3.87E-15 4.45E-15
 1.00E-74 1.00E-74 1.00E-74 1.00E-74 1.83E-48 6.55E-28 3.83E-21 6.35E-19
 7.91E-18 9.31E-17 6.12E-16 2.26E-15 3.87E-15 4.45E-15
  14.7285    7  14 /pl=01:ss=16:pb= 1:sz=16/type=excit/ispb = t/isel =   12
 1.00E+10 1.00E+11 1.00E+12 1.00E+13 1.00E+14 1.00E+15 1.00E+16
 4.98E+00 7.47E+00 1.25E+01 2.49E+01 4.98E+01 1.25E+02 2.49E+02 3.74E+02
 4.98E+02 7.47E+02 1.25E+03 2.49E+03 4.98E+03 7.47E+03
 1.00E-74 1.00E-74 1.00E-74 1.00E-74 1.00E-74 3.58E-27 2.10E-20 3.47E-18
 4.29E-17 5.02E-16 3.30E-15 1.20E-14 2.05E-14 2.34E-14
 1.00E-74 1.00E-74 1.00E-74 1.00E-74 1.00E-74 3.58E-27 2.10E-20 3.47E-18
 4.29E-17 5.02E-16 3.30E-15 1.20E-14 2.05E-14 2.34E-14
 1.00E-74 1.00E-74 1.00E-74 1.00E-74 1.00E-74 3.58E-27 2.10E-20 3.47E-18
 4.29E-17 5.02E-16 3.30E-15 1.20E-14 2.05E-14 2.34E-14
 1.00E-74 1.00E-74 1.00E-74 1.00E-74 1.00E-74 3.58E-27 2.10E-20 3.47E-18
 4.29E-17 5.02E-16 3.30E-15 1.20E-14 2.05E-14 2.34E-14
 1.00E-74 1.00E-74 1.00E-74 1.00E-74 1.19E-47 3.58E-27 2.10E-20 3.47E-18
 4.29E-17 5.02E-16 3.30E-15 1.20E-14 2.05E-14 2.34E-14
 1.00E-74 1.00E-74 1.00E-74 1.00E-74 1.01E-47 3.58E-27 2.10E-20 3.47E-18
 4.29E-17 5.02E-16 3.30E-15 1.20E-14 2.05E-14 2.34E-14
 1.00E-74 1.00E-74 1.00E-74 1.00E-74 1.01E-47 3.58E-27 2.10E-20 3.47E-18
 4.29E-17 5.02E-16 3.30E-15 1.20E-14 2.05E-14 2.34E-14
  14.7617    7  14 /pl=01:ss=16:pb= 1:sz=16/type=excit/ispb = t/isel =   13
 1.00E+10 1.00E+11 1.00E+12 1.00E+13 1.00E+14 1.00E+15 1.00E+16
 4.98E+00 7.47E+00 1.25E+01 2.49E+01 4.98E+01 1.25E+02 2.49E+02 3.74E+02
 4.98E+02 7.47E+02 1.25E+03 2.49E+03 4.98E+03 7.47E+03
 1.00E-74 1.00E-74 1.00E-74 1.00E-74 1.00E-74 6.70E-28 3.85E-21 6.33E-19
 7.83E-18 9.07E-17 5.95E-16 2.11E-15 3.43E-15 3.77E-15
 1.00E-74 1.00E-74 1.00E-74 1.00E-74 1.00E-74 6.70E-28 3.85E-21 6.33E-19
 7.83E-18 9.07E-17 5.95E-16 2.11E-15 3.43E-15 3.77E-15
 1.00E-74 1.00E-74 1.00E-74 1.00E-74 1.00E-74 6.70E-28 3.85E-21 6.33E-19
 7.83E-18 9.07E-17 5.95E-16 2.11E-15 3.43E-15 3.77E-15
 1.00E-74 1.00E-74 1.00E-74 1.00E-74 1.00E-74 6.70E-28 3.85E-21 6.33E-19
 7.83E-18 9.07E-17 5.95E-16 2.11E-15 3.43E-15 3.77E-15
 1.00E-74 1.00E-74 1.00E-74 1.00E-74 1.00E-74 6.71E-28 3.85E-21 6.33E-19
 7.83E-18 9.07E-17 5.95E-16 2.11E-15 3.43E-15 3.77E-15
 1.00E-74 1.00E-74 1.00E-74 1.00E-74 1.59E-48 6.71E-28 3.85E-21 6.33E-19
 7.83E-18 9.08E-17 5.95E-16 2.11E-15 3.43E-15 3.77E-15
 1.00E-74 1.00E-74 1.00E-74 1.00E-74 1.99E-48 6.73E-28 3.86E-21 6.34E-19
 7.85E-18 9.09E-17 5.96E-16 2.11E-15 3.43E-15 3.78E-15
  15.0160    7  14 /pl=01:ss=16:pb= 1:sz=16/type=excit/ispb = t/isel =   14
 1.00E+10 1.00E+11 1.00E+12 1.00E+13 1.00E+14 1.00E+15 1.00E+16
 4.98E+00 7.47E+00 1.25E+01 2.49E+01 4.98E+01 1.25E+02 2.49E+02 3.74E+02
 4.98E+02 7.47E+02 1.25E+03 2.49E+03 4.98E+03 7.47E+03
 1.00E-74 1.00E-74 1.00E-74 1.00E-74 1.00E-74 3.85E-27 2.22E-20 3.64E-18
 4.47E-17 5.18E-16 3.38E-15 1.20E-14 1.95E-14 2.14E-14
 1.00E-74 1.00E-74 1.00E-74 1.00E-74 1.00E-74 3.85E-27 2.22E-20 3.64E-18
 4.47E-17 5.18E-16 3.38E-15 1.20E-14 1.95E-14 2.14E-14
 1.00E-74 1.00E-74 1.00E-74 1.00E-74 1.00E-74 3.85E-27 2.22E-20 3.64E-18
 4.47E-17 5.18E-16 3.38E-15 1.20E-14 1.95E-14 2.14E-14
 1.00E-74 1.00E-74 1.00E-74 1.00E-74 1.00E-74 3.85E-27 2.22E-20 3.64E-18
 4.47E-17 5.18E-16 3.38E-15 1.20E-14 1.95E-14 2.14E-14
 1.00E-74 1.00E-74 1.00E-74 1.00E-74 9.91E-48 3.85E-27 2.22E-20 3.64E-18
 4.47E-17 5.18E-16 3.38E-15 1.20E-14 1.95E-14 2.14E-14
 1.00E-74 1.00E-74 1.00E-74 1.00E-74 1.09E-47 3.85E-27 2.22E-20 3.64E-18
 4.47E-17 5.19E-16 3.38E-15 1.20E-14 1.95E-14 2.14E-14
 1.00E-74 1.00E-74 1.00E-74 1.00E-74 1.14E-47 3.87E-27 2.22E-20 3.65E-18
 4.48E-17 5.19E-16 3.38E-15 1.20E-14 1.95E-14 2.14E-14
  15.0346    7  14 /pl=01:ss=16:pb= 1:sz=16/type=excit/ispb = t/isel =   15
 1.00E+10 1.00E+11 1.00E+12 1.00E+13 1.00E+14 1.00E+15 1.00E+16
 4.98E+00 7.47E+00 1.25E+01 2.49E+01 4.98E+01 1.25E+02 2.49E+02 3.74E+02
 4.98E+02 7.47E+02 1.25E+03 2.49E+03 4.98E+03 7.47E+03
 1.00E-74 1.00E-74 1.00E-74 1.00E-74 1.00E-74 4.97E-27 2.88E-20 4.74E-18
 5.83E-17 6.77E-16 4.39E-15 1.54E-14 2.45E-14 2.64E-14
 1.00E-74 1.00E-74 1.00E-74 1.00E-74 1.00E-74 4.97E-27 2.88E-20 4.74E-18
 5.83E-17 6.77E-16 4.39E-15 1.54E-14 2.45E-14 2.64E-14
 1.00E-74 1.00E-74 1.00E-74 1.00E-74 1.00E-74 4.97E-27 2.88E-20 4.74E-18
 5.83E-17 6.77E-16 4.39E-15 1.54E-14 2.45E-14 2.64E-14
 1.00E-74 1.00E-74 1.00E-74 1.00E-74 2.03E-47 4.97E-27 2.88E-20 4.74E-18
 5.83E-17 6.77E-16 4.39E-15 1.54E-14 2.45E-14 2.64E-14
 1.00E-74 1.00E-74 1.00E-74 1.00E-74 1.42E-47 4.97E-27 2.88E-20 4.74E-18
 5.83E-17 6.77E-16 4.39E-15 1.54E-14 2.45E-14 2.64E-14
 1.00E-74 1.00E-74 1.00E-74 1.00E-74 1.44E-47 4.96E-27 2.87E-20 4.73E-18
 5.82E-17 6.76E-16 4.39E-15 1.54E-14 2.45E-14 2.64E-14
 1.00E-74 1.00E-74 1.00E-74 1.00E-74 1.41E-47 4.92E-27 2.85E-20 4.70E-18
 5.79E-17 6.73E-16 4.37E-15 1.53E-14 2.44E-14 2.63E-14
  16.1223    7  14 /pl=01:ss=16:pb= 1:sz=16/type=excit/ispb = t/isel =   16
 1.00E+10 1.00E+11 1.00E+12 1.00E+13 1.00E+14 1.00E+15 1.00E+16
 4.98E+00 7.47E+00 1.25E+01 2.49E+01 4.98E+01 1.25E+02 2.49E+02 3.74E+02
 4.98E+02 7.47E+02 1.25E+03 2.49E+03 4.98E+03 7.47E+03
 1.00E-74 1.00E-74 1.00E-74 1.00E-74 1.00E-74 3.09E-27 1.29E-20 1.92E-18
 2.25E-17 2.51E-16 1.59E-15 5.67E-15 9.62E-15 1.10E-14
 1.00E-74 1.00E-74 1.00E-74 1.00E-74 1.00E-74 3.09E-27 1.29E-20 1.92E-18
 2.25E-17 2.51E-16 1.59E-15 5.67E-15 9.62E-15 1.10E-14
 1.00E-74 1.00E-74 1.00E-74 1.00E-74 1.00E-74 3.09E-27 1.29E-20 1.92E-18
 2.25E-17 2.51E-16 1.59E-15 5.67E-15 9.62E-15 1.10E-14
 1.00E-74 1.00E-74 1.00E-74 1.00E-74 1.00E-74 3.09E-27 1.29E-20 1.92E-18
 2.25E-17 2.51E-16 1.59E-15 5.67E-15 9.62E-15 1.10E-14
 1.00E-74 1.00E-74 1.00E-74 1.00E-74 2.25E-47 3.09E-27 1.29E-20 1.92E-18
 2.25E-17 2.51E-16 1.59E-15 5.67E-15 9.62E-15 1.10E-14
 1.00E-74 1.00E-74 1.00E-74 1.00E-74 2.48E-47 3.09E-27 1.29E-20 1.92E-18
 2.25E-17 2.51E-16 1.59E-15 5.67E-15 9.62E-15 1.10E-14
 1.00E-74 1.00E-74 1.00E-74 1.00E-74 2.50E-47 3.09E-27 1.29E-20 1.92E-18
 2.25E-17 2.51E-16 1.59E-15 5.67E-15 9.62E-15 1.10E-14
  16.4606    7  14 /pl=01:ss=16:pb= 1:sz=16/type=excit/ispb = t/isel =   17
 1.00E+10 1.00E+11 1.00E+12 1.00E+13 1.00E+14 1.00E+15 1.00E+16
 4.98E+00 7.47E+00 1.25E+01 2.49E+01 4.98E+01 1.25E+02 2.49E+02 3.74E+02
 4.98E+02 7.47E+02 1.25E+03 2.49E+03 4.98E+03 7.47E+03
 1.00E-74 1.00E-74 1.00E-74 1.00E-74 1.00E-74 1.48E-26 6.08E-20 9.01E-18
 1.05E-16 1.16E-15 7.28E-15 2.57E-14 4.31E-14 4.90E-14
 1.00E-74 1.00E-74 1.00E-74 1.00E-74 1.00E-74 1.48E-26 6.08E-20 9.01E-18
 1.05E-16 1.16E-15 7.28E-15 2.57E-14 4.31E-14 4.90E-14
 1.00E-74 1.00E-74 1.00E-74 1.00E-74 1.00E-74 1.48E-26 6.08E-20 9.01E-18
 1.05E-16 1.16E-15 7.28E-15 2.57E-14 4.31E-14 4.90E-14
 1.00E-74 1.00E-74 1.00E-74 1.00E-74 1.12E-46 1.48E-26 6.08E-20 9.01E-18
 1.05E-16 1.16E-15 7.28E-15 2.57E-14 4.31E-14 4.90E-14
 1.00E-74 1.00E-74 1.00E-74 1.00E-74 1.23E-46 1.48E-26 6.08E-20 9.01E-18
 1.05E-16 1.16E-15 7.28E-15 2.57E-14 4.31E-14 4.90E-14
 1.00E-74 1.00E-74 1.00E-74 1.00E-74 1.21E-46 1.48E-26 6.08E-20 9.01E-18
 1.05E-16 1.16E-15 7.28E-15 2.57E-14 4.31E-14 4.90E-14
 1.00E-74 1.00E-74 1.00E-74 1.00E-74 1.21E-46 1.48E-26 6.08E-20 9.01E-18
 1.05E-16 1.16E-15 7.28E-15 2.57E-14 4.31E-14 4.90E-14
  16.4998    7  14 /pl=01:ss=16:pb= 1:sz=16/type=excit/ispb = t/isel =   18
 1.00E+10 1.00E+11 1.00E+12 1.00E+13 1.00E+14 1.00E+15 1.00E+16
 4.98E+00 7.47E+00 1.25E+01 2.49E+01 4.98E+01 1.25E+02 2.49E+02 3.74E+02
 4.98E+02 7.47E+02 1.25E+03 2.49E+03 4.98E+03 7.47E+03
 1.00E-74 1.00E-74 1.00E-74 1.00E-74 1.00E-74 1.44E-27 5.76E-21 8.36E-19
 9.73E-18 1.06E-16 6.55E-16 2.24E-15 3.58E-15 3.91E-15
 1.00E-74 1.00E-74 1.00E-74 1.00E-74 1.00E-74 1.44E-27 5.76E-21 8.36E-19
 9.73E-18 1.06E-16 6.55E-16 2.24E-15 3.58E-15 3.91E-15
 1.00E-74 1.00E-74 1.00E-74 1.00E-74 1.00E-74 1.44E-27 5.76E-21 8.36E-19
 9.73E-18 1.06E-16 6.55E-16 2.24E-15 3.58E-15 3.91E-15
 1.00E-74 1.00E-74 1.00E-74 1.00E-74 1.78E-47 1.44E-27 5.76E-21 8.36E-19
 9.73E-18 1.06E-16 6.55E-16 2.24E-15 3.58E-15 3.91E-15
 1.00E-74 1.00E-74 1.00E-74 1.00E-74 1.25E-47 1.44E-27 5.76E-21 8.36E-19
 9.73E-18 1.06E-16 6.55E-16 2.24E-15 3.58E-15 3.91E-15
 1.00E-74 1.00E-74 1.00E-74 1.00E-74 1.25E-47 1.44E-27 5.76E-21 8.36E-19
 9.73E-18 1.06E-16 6.55E-16 2.24E-15 3.58E-15 3.91E-15
 1.00E-74 1.00E-74 1.00E-74 1.00E-74 1.25E-47 1.44E-27 5.76E-21 8.36E-19
 9.73E-18 1.06E-16 6.56E-16 2.24E-15 3.59E-15 3.91E-15
  16.5039    7  14 /pl=01:ss=16:pb= 1:sz=16/type=excit/ispb = t/isel =   19
 1.00E+10 1.00E+11 1.00E+12 1.00E+13 1.00E+14 1.00E+15 1.00E+16
 4.98E+00 7.47E+00 1.25E+01 2.49E+01 4.98E+01 1.25E+02 2.49E+02 3.74E+02
 4.98E+02 7.47E+02 1.25E+03 2.49E+03 4.98E+03 7.47E+03
 1.00E-74 1.00E-74 1.00E-74 1.00E-74 1.00E-74 3.26E-27 1.31E-20 1.91E-18
 2.21E-17 2.43E-16 1.51E-15 5.17E-15 8.28E-15 9.03E-15
 1.00E-74 1.00E-74 1.00E-74 1.00E-74 1.00E-74 3.26E-27 1.31E-20 1.91E-18
 2.21E-17 2.43E-16 1.51E-15 5.17E-15 8.28E-15 9.03E-15
 1.00E-74 1.00E-74 1.00E-74 1.00E-74 1.00E-74 3.26E-27 1.31E-20 1.91E-18
 2.21E-17 2.43E-16 1.51E-15 5.17E-15 8.28E-15 9.03E-15
 1.00E-74 1.00E-74 1.00E-74 1.00E-74 1.00E-74 3.26E-27 1.31E-20 1.91E-18
 2.21E-17 2.43E-16 1.51E-15 5.17E-15 8.28E-15 9.03E-15
 1.00E-74 1.00E-74 1.00E-74 1.00E-74 3.45E-47 3.26E-27 1.31E-20 1.91E-18
 2.21E-17 2.43E-16 1.51E-15 5.17E-15 8.28E-15 9.03E-15
 1.00E-74 1.00E-74 1.00E-74 1.00E-74 2.76E-47 3.26E-27 1.31E-20 1.91E-18
 2.21E-17 2.43E-16 1.51E-15 5.17E-15 8.28E-15 9.03E-15
 1.00E-74 1.00E-74 1.00E-74 1.00E-74 2.83E-47 3.26E-27 1.31E-20 1.91E-18
 2.21E-17 2.43E-16 1.51E-15 5.17E-15 8.29E-15 9.04E-15
  16.8205    7  14 /pl=01:ss=16:pb= 1:sz=16/type=excit/ispb = t/isel =   20
 1.00E+10 1.00E+11 1.00E+12 1.00E+13 1.00E+14 1.00E+15 1.00E+16
 4.98E+00 7.47E+00 1.25E+01 2.49E+01 4.98E+01 1.25E+02 2.49E+02 3.74E+02
 4.98E+02 7.47E+02 1.25E+03 2.49E+03 4.98E+03 7.47E+03
 1.00E-74 1.00E-74 1.00E-74 1.00E-74 1.00E-74 1.71E-26 6.85E-20 9.94E-18
 1.16E-16 1.26E-15 7.79E-15 2.67E-14 4.26E-14 4.65E-14
 1.00E-74 1.00E-74 1.00E-74 1.00E-74 1.00E-74 1.71E-26 6.85E-20 9.94E-18
 1.16E-16 1.26E-15 7.79E-15 2.67E-14 4.26E-14 4.65E-14
 1.00E-74 1.00E-74 1.00E-74 1.00E-74 1.00E-74 1.71E-26 6.85E-20 9.94E-18
 1.16E-16 1.26E-15 7.79E-15 2.67E-14 4.26E-14 4.65E-14
 1.00E-74 1.00E-74 1.00E-74 1.00E-74 2.12E-46 1.71E-26 6.85E-20 9.94E-18
 1.16E-16 1.26E-15 7.79E-15 2.67E-14 4.26E-14 4.65E-14
 1.00E-74 1.00E-74 1.00E-74 1.00E-74 1.48E-46 1.71E-26 6.85E-20 9.94E-18
 1.16E-16 1.26E-15 7.79E-15 2.67E-14 4.26E-14 4.65E-14
 1.00E-74 1.00E-74 1.00E-74 1.00E-74 1.48E-46 1.71E-26 6.85E-20 9.94E-18
 1.16E-16 1.26E-15 7.79E-15 2.67E-14 4.26E-14 4.65E-14
 1.00E-74 1.00E-74 1.00E-74 1.00E-74 1.49E-46 1.72E-26 6.85E-20 9.95E-18
 1.16E-16 1.26E-15 7.80E-15 2.67E-14 4.26E-14 4.65E-14
  16.8659    7  14 /pl=01:ss=16:pb= 1:sz=16/type=excit/ispb = t/isel =   21
 1.00E+10 1.00E+11 1.00E+12 1.00E+13 1.00E+14 1.00E+15 1.00E+16
 4.98E+00 7.47E+00 1.25E+01 2.49E+01 4.98E+01 1.25E+02 2.49E+02 3.74E+02
 4.98E+02 7.47E+02 1.25E+03 2.49E+03 4.98E+03 7.47E+03
 1.00E-74 1.00E-74 1.00E-74 1.00E-74 1.00E-74 2.60E-26 1.05E-19 1.54E-17
 1.79E-16 1.95E-15 1.21E-14 4.10E-14 6.43E-14 6.92E-14
 1.00E-74 1.00E-74 1.00E-74 1.00E-74 1.00E-74 2.60E-26 1.05E-19 1.54E-17
 1.79E-16 1.95E-15 1.21E-14 4.10E-14 6.43E-14 6.92E-14
 1.00E-74 1.00E-74 1.00E-74 1.00E-74 3.71E-46 2.60E-26 1.05E-19 1.54E-17
 1.79E-16 1.95E-15 1.21E-14 4.10E-14 6.43E-14 6.92E-14
 1.00E-74 1.00E-74 1.00E-74 1.00E-74 2.23E-46 2.60E-26 1.05E-19 1.54E-17
 1.79E-16 1.95E-15 1.21E-14 4.10E-14 6.43E-14 6.92E-14
 1.00E-74 1.00E-74 1.00E-74 1.00E-74 2.19E-46 2.60E-26 1.05E-19 1.54E-17
 1.79E-16 1.95E-15 1.21E-14 4.10E-14 6.43E-14 6.92E-14
 1.00E-74 1.00E-74 1.00E-74 1.00E-74 2.19E-46 2.60E-26 1.05E-19 1.54E-17
 1.79E-16 1.95E-15 1.21E-14 4.10E-14 6.43E-14 6.92E-14
 1.00E-74 1.00E-74 1.00E-74 1.00E-74 2.18E-46 2.59E-26 1.05E-19 1.54E-17
 1.78E-16 1.95E-15 1.21E-14 4.10E-14 6.42E-14 6.91E-14
  21.5175    7  14 /pl=01:ss=16:pb= 1:sz=16/type=excit/ispb = t/isel =   22
 1.00E+10 1.00E+11 1.00E+12 1.00E+13 1.00E+14 1.00E+15 1.00E+16
 4.98E+00 7.47E+00 1.25E+01 2.49E+01 4.98E+01 1.25E+02 2.49E+02 3.74E+02
 4.98E+02 7.47E+02 1.25E+03 2.49E+03 4.98E+03 7.47E+03
 1.00E-74 1.00E-74 1.00E-74 1.00E-74 1.00E-74 9.15E-28 4.97E-21 8.73E-19
 1.15E-17 1.47E-16 1.10E-15 4.70E-15 9.31E-15 1.15E-14
 1.00E-74 1.00E-74 1.00E-74 1.00E-74 1.00E-74 9.15E-28 4.97E-21 8.73E-19
 1.15E-17 1.47E-16 1.10E-15 4.70E-15 9.31E-15 1.15E-14
 1.00E-74 1.00E-74 1.00E-74 1.00E-74 1.00E-74 9.15E-28 4.97E-21 8.73E-19
 1.15E-17 1.47E-16 1.10E-15 4.70E-15 9.31E-15 1.15E-14
 1.00E-74 1.00E-74 1.00E-74 1.00E-74 1.00E-74 9.15E-28 4.97E-21 8.73E-19
 1.15E-17 1.47E-16 1.10E-15 4.70E-15 9.32E-15 1.15E-14
 1.00E-74 1.00E-74 1.00E-74 1.00E-74 1.00E-74 9.16E-28 4.97E-21 8.73E-19
 1.15E-17 1.48E-16 1.10E-15 4.70E-15 9.32E-15 1.15E-14
 1.00E-74 1.00E-74 1.00E-74 1.00E-74 5.30E-48 9.17E-28 4.98E-21 8.75E-19
 1.15E-17 1.48E-16 1.10E-15 4.70E-15 9.33E-15 1.15E-14
 1.00E-74 1.00E-74 1.00E-74 1.00E-74 6.36E-48 9.26E-28 5.08E-21 8.97E-19
 1.18E-17 1.52E-16 1.12E-15 4.78E-15 9.42E-15 1.16E-14
  21.5478    7  14 /pl=01:ss=16:pb= 1:sz=16/type=excit/ispb = t/isel =   23
 1.00E+10 1.00E+11 1.00E+12 1.00E+13 1.00E+14 1.00E+15 1.00E+16
 4.98E+00 7.47E+00 1.25E+01 2.49E+01 4.98E+01 1.25E+02 2.49E+02 3.74E+02
 4.98E+02 7.47E+02 1.25E+03 2.49E+03 4.98E+03 7.47E+03
 1.00E-74 1.00E-74 1.00E-74 1.00E-74 1.00E-74 4.69E-26 9.27E-20 1.09E-17
 1.14E-16 1.14E-15 6.67E-15 2.25E-14 3.74E-14 4.25E-14
 1.00E-74 1.00E-74 1.00E-74 1.00E-74 1.00E-74 4.69E-26 9.27E-20 1.09E-17
 1.14E-16 1.14E-15 6.67E-15 2.25E-14 3.74E-14 4.25E-14
 1.00E-74 1.00E-74 1.00E-74 1.00E-74 5.18E-45 4.69E-26 9.27E-20 1.09E-17
 1.14E-16 1.14E-15 6.67E-15 2.25E-14 3.74E-14 4.25E-14
 1.00E-74 1.00E-74 1.00E-74 1.00E-74 3.89E-45 4.69E-26 9.27E-20 1.09E-17
 1.14E-16 1.14E-15 6.67E-15 2.25E-14 3.74E-14 4.25E-14
 1.00E-74 1.00E-74 1.00E-74 1.00E-74 3.91E-45 4.69E-26 9.27E-20 1.09E-17
 1.14E-16 1.14E-15 6.67E-15 2.25E-14 3.74E-14 4.25E-14
 1.00E-74 1.00E-74 1.00E-74 1.00E-74 3.91E-45 4.69E-26 9.27E-20 1.09E-17
 1.14E-16 1.14E-15 6.67E-15 2.25E-14 3.74E-14 4.25E-14
 1.00E-74 1.00E-74 1.00E-74 1.00E-74 3.91E-45 4.69E-26 9.27E-20 1.09E-17
 1.14E-16 1.14E-15 6.67E-15 2.25E-14 3.74E-14 4.25E-14
  22.0654    7  14 /pl=01:ss=16:pb= 1:sz=16/type=excit/ispb = t/isel =   24
 1.00E+10 1.00E+11 1.00E+12 1.00E+13 1.00E+14 1.00E+15 1.00E+16
 4.98E+00 7.47E+00 1.25E+01 2.49E+01 4.98E+01 1.25E+02 2.49E+02 3.74E+02
 4.98E+02 7.47E+02 1.25E+03 2.49E+03 4.98E+03 7.47E+03
 1.00E-74 1.00E-74 1.00E-74 1.00E-74 1.00E-74 1.75E-25 3.37E-19 3.86E-17
 3.97E-16 3.88E-15 2.22E-14 7.31E-14 1.19E-13 1.35E-13
 1.00E-74 1.00E-74 1.00E-74 1.00E-74 2.51E-44 1.75E-25 3.37E-19 3.86E-17
 3.97E-16 3.88E-15 2.22E-14 7.31E-14 1.19E-13 1.35E-13
 1.00E-74 1.00E-74 1.00E-74 1.00E-74 1.50E-44 1.75E-25 3.37E-19 3.86E-17
 3.97E-16 3.88E-15 2.22E-14 7.31E-14 1.19E-13 1.35E-13
 1.00E-74 1.00E-74 1.00E-74 1.00E-74 1.43E-44 1.75E-25 3.37E-19 3.86E-17
 3.97E-16 3.88E-15 2.22E-14 7.31E-14 1.19E-13 1.35E-13
 1.00E-74 1.00E-74 1.00E-74 1.00E-74 1.44E-44 1.75E-25 3.37E-19 3.86E-17
 3.97E-16 3.88E-15 2.22E-14 7.31E-14 1.19E-13 1.35E-13
 1.00E-74 1.00E-74 1.00E-74 1.00E-74 1.44E-44 1.75E-25 3.37E-19 3.86E-17
 3.97E-16 3.88E-15 2.22E-14 7.31E-14 1.19E-13 1.35E-13
 1.00E-74 1.00E-74 1.00E-74 1.00E-74 1.44E-44 1.75E-25 3.37E-19 3.86E-17
 3.97E-16 3.88E-15 2.22E-14 7.31E-14 1.19E-13 1.35E-13
  22.1388    7  14 /pl=01:ss=16:pb= 1:sz=16/type=excit/ispb = t/isel =   25
 1.00E+10 1.00E+11 1.00E+12 1.00E+13 1.00E+14 1.00E+15 1.00E+16
 4.98E+00 7.47E+00 1.25E+01 2.49E+01 4.98E+01 1.25E+02 2.49E+02 3.74E+02
 4.98E+02 7.47E+02 1.25E+03 2.49E+03 4.98E+03 7.47E+03
 1.00E-74 1.00E-74 1.00E-74 1.00E-74 1.00E-74 3.05E-26 5.47E-20 6.07E-18
 6.15E-17 5.87E-16 3.26E-15 1.03E-14 1.56E-14 1.68E-14
 1.00E-74 1.00E-74 1.00E-74 1.00E-74 1.00E-74 3.05E-26 5.47E-20 6.07E-18
 6.15E-17 5.87E-16 3.26E-15 1.03E-14 1.56E-14 1.68E-14
 1.00E-74 1.00E-74 1.00E-74 1.00E-74 2.81E-45 3.05E-26 5.47E-20 6.07E-18
 6.15E-17 5.87E-16 3.26E-15 1.03E-14 1.56E-14 1.68E-14
 1.00E-74 1.00E-74 1.00E-74 1.00E-74 2.88E-45 3.05E-26 5.47E-20 6.07E-18
 6.15E-17 5.87E-16 3.26E-15 1.03E-14 1.56E-14 1.68E-14
 1.00E-74 1.00E-74 1.00E-74 1.00E-74 2.87E-45 3.05E-26 5.47E-20 6.07E-18
 6.15E-17 5.87E-16 3.26E-15 1.03E-14 1.56E-14 1.68E-14
 1.00E-74 1.00E-74 1.00E-74 1.00E-74 2.87E-45 3.05E-26 5.47E-20 6.07E-18
 6.15E-17 5.87E-16 3.26E-15 1.03E-14 1.56E-14 1.68E-14
 1.00E-74 1.00E-74 1.00E-74 1.00E-74 2.87E-45 3.05E-26 5.47E-20 6.07E-18
 6.15E-17 5.87E-16 3.26E-15 1.03E-14 1.56E-14 1.68E-14
  22.1553    7  14 /pl=01:ss=16:pb= 1:sz=16/type=excit/ispb = t/isel =   26
 1.00E+10 1.00E+11 1.00E+12 1.00E+13 1.00E+14 1.00E+15 1.00E+16
 4.98E+00 7.47E+00 1.25E+01 2.49E+01 4.98E+01 1.25E+02 2.49E+02 3.74E+02
 4.98E+02 7.47E+02 1.25E+03 2.49E+03 4.98E+03 7.47E+03
 1.00E-74 1.00E-74 1.00E-74 1.00E-74 1.00E-74 6.44E-26 1.16E-19 1.30E-17
 1.32E-16 1.27E-15 7.11E-15 2.25E-14 3.46E-14 3.71E-14
 1.00E-74 1.00E-74 1.00E-74 1.00E-74 1.00E-74 6.44E-26 1.16E-19 1.30E-17
 1.32E-16 1.27E-15 7.11E-15 2.25E-14 3.46E-14 3.71E-14
 1.00E-74 1.00E-74 1.00E-74 1.00E-74 5.21E-45 6.44E-26 1.16E-19 1.30E-17
 1.32E-16 1.27E-15 7.11E-15 2.25E-14 3.46E-14 3.71E-14
 1.00E-74 1.00E-74 1.00E-74 1.00E-74 6.26E-45 6.44E-26 1.16E-19 1.30E-17
 1.32E-16 1.27E-15 7.11E-15 2.25E-14 3.46E-14 3.71E-14
 1.00E-74 1.00E-74 1.00E-74 1.00E-74 6.10E-45 6.44E-26 1.16E-19 1.30E-17
 1.32E-16 1.27E-15 7.11E-15 2.25E-14 3.46E-14 3.71E-14
 1.00E-74 1.00E-74 1.00E-74 1.00E-74 6.11E-45 6.44E-26 1.16E-19 1.30E-17
 1.32E-16 1.27E-15 7.11E-15 2.25E-14 3.46E-14 3.71E-14
 1.00E-74 1.00E-74 1.00E-74 1.00E-74 6.11E-45 6.44E-26 1.16E-19 1.30E-17
 1.32E-16 1.27E-15 7.12E-15 2.26E-14 3.46E-14 3.71E-14
  22.2466    7  14 /pl=01:ss=16:pb= 1:sz=16/type=excit/ispb = t/isel =   27
 1.00E+10 1.00E+11 1.00E+12 1.00E+13 1.00E+14 1.00E+15 1.00E+16
 4.98E+00 7.47E+00 1.25E+01 2.49E+01 4.98E+01 1.25E+02 2.49E+02 3.74E+02
 4.98E+02 7.47E+02 1.25E+03 2.49E+03 4.98E+03 7.47E+03
 1.00E-74 1.00E-74 1.00E-74 1.00E-74 1.00E-74 1.91E-26 3.43E-20 3.81E-18
 3.85E-17 3.68E-16 2.04E-15 6.42E-15 9.80E-15 1.05E-14
 1.00E-74 1.00E-74 1.00E-74 1.00E-74 1.00E-74 1.91E-26 3.43E-20 3.81E-18
 3.85E-17 3.68E-16 2.04E-15 6.42E-15 9.80E-15 1.05E-14
 1.00E-74 1.00E-74 1.00E-74 1.00E-74 1.76E-45 1.91E-26 3.43E-20 3.81E-18
 3.85E-17 3.68E-16 2.04E-15 6.42E-15 9.80E-15 1.05E-14
 1.00E-74 1.00E-74 1.00E-74 1.00E-74 1.80E-45 1.91E-26 3.43E-20 3.81E-18
 3.85E-17 3.68E-16 2.04E-15 6.42E-15 9.80E-15 1.05E-14
 1.00E-74 1.00E-74 1.00E-74 1.00E-74 1.80E-45 1.91E-26 3.43E-20 3.81E-18
 3.85E-17 3.68E-16 2.04E-15 6.42E-15 9.80E-15 1.05E-14
 1.00E-74 1.00E-74 1.00E-74 1.00E-74 1.80E-45 1.91E-26 3.43E-20 3.81E-18
 3.85E-17 3.68E-16 2.04E-15 6.43E-15 9.80E-15 1.05E-14
 1.00E-74 1.00E-74 1.00E-74 1.00E-74 1.80E-45 1.91E-26 3.43E-20 3.81E-18
 3.85E-17 3.68E-16 2.04E-15 6.43E-15 9.80E-15 1.05E-14
  22.2510    7  14 /pl=01:ss=16:pb= 1:sz=16/type=excit/ispb = t/isel =   28
 1.00E+10 1.00E+11 1.00E+12 1.00E+13 1.00E+14 1.00E+15 1.00E+16
 4.98E+00 7.47E+00 1.25E+01 2.49E+01 4.98E+01 1.25E+02 2.49E+02 3.74E+02
 4.98E+02 7.47E+02 1.25E+03 2.49E+03 4.98E+03 7.47E+03
 1.00E-74 1.00E-74 1.00E-74 1.00E-74 1.00E-74 1.03E-28 1.78E-21 4.29E-19
 6.40E-18 8.99E-17 6.78E-16 2.67E-15 4.60E-15 5.16E-15
 1.00E-74 1.00E-74 1.00E-74 1.00E-74 1.00E-74 1.03E-28 1.78E-21 4.29E-19
 6.40E-18 8.99E-17 6.78E-16 2.67E-15 4.60E-15 5.16E-15
 1.00E-74 1.00E-74 1.00E-74 1.00E-74 1.00E-74 1.03E-28 1.78E-21 4.29E-19
 6.40E-18 8.99E-17 6.78E-16 2.67E-15 4.60E-15 5.16E-15
 1.00E-74 1.00E-74 1.00E-74 1.00E-74 1.00E-74 1.03E-28 1.78E-21 4.29E-19
 6.40E-18 8.99E-17 6.78E-16 2.67E-15 4.60E-15 5.16E-15
 1.00E-74 1.00E-74 1.00E-74 1.00E-74 1.00E-74 1.03E-28 1.78E-21 4.30E-19
 6.41E-18 9.01E-17 6.79E-16 2.67E-15 4.60E-15 5.16E-15
 1.00E-74 1.00E-74 1.00E-74 1.00E-74 1.00E-74 1.05E-28 1.82E-21 4.37E-19
 6.51E-18 9.14E-17 6.88E-16 2.71E-15 4.66E-15 5.22E-15
 1.00E-74 1.00E-74 1.00E-74 1.00E-74 7.75E-49 1.29E-28 2.15E-21 5.10E-19
 7.52E-18 1.04E-16 7.78E-16 3.03E-15 5.17E-15 5.77E-15
  22.2633    7  14 /pl=01:ss=16:pb= 1:sz=16/type=excit/ispb = t/isel =   29
 1.00E+10 1.00E+11 1.00E+12 1.00E+13 1.00E+14 1.00E+15 1.00E+16
 4.98E+00 7.47E+00 1.25E+01 2.49E+01 4.98E+01 1.25E+02 2.49E+02 3.74E+02
 4.98E+02 7.47E+02 1.25E+03 2.49E+03 4.98E+03 7.47E+03
 1.00E-74 1.00E-74 1.00E-74 1.00E-74 1.00E-74 1.85E-26 3.34E-20 3.73E-18
 3.78E-17 3.64E-16 2.04E-15 6.48E-15 9.94E-15 1.07E-14
 1.00E-74 1.00E-74 1.00E-74 1.00E-74 1.00E-74 1.85E-26 3.34E-20 3.73E-18
 3.78E-17 3.64E-16 2.04E-15 6.48E-15 9.94E-15 1.07E-14
 1.00E-74 1.00E-74 1.00E-74 1.00E-74 1.50E-45 1.85E-26 3.34E-20 3.73E-18
 3.78E-17 3.64E-16 2.04E-15 6.48E-15 9.94E-15 1.07E-14
 1.00E-74 1.00E-74 1.00E-74 1.00E-74 1.80E-45 1.85E-26 3.34E-20 3.73E-18
 3.78E-17 3.64E-16 2.04E-15 6.48E-15 9.94E-15 1.07E-14
 1.00E-74 1.00E-74 1.00E-74 1.00E-74 1.75E-45 1.85E-26 3.34E-20 3.73E-18
 3.78E-17 3.64E-16 2.04E-15 6.48E-15 9.94E-15 1.07E-14
 1.00E-74 1.00E-74 1.00E-74 1.00E-74 1.76E-45 1.85E-26 3.34E-20 3.73E-18
 3.78E-17 3.64E-16 2.04E-15 6.48E-15 9.94E-15 1.07E-14
 1.00E-74 1.00E-74 1.00E-74 1.00E-74 1.76E-45 1.85E-26 3.34E-20 3.73E-18
 3.79E-17 3.64E-16 2.05E-15 6.49E-15 9.95E-15 1.07E-14
  22.3234    7  14 /pl=01:ss=16:pb= 1:sz=16/type=excit/ispb = t/isel =   30
 1.00E+10 1.00E+11 1.00E+12 1.00E+13 1.00E+14 1.00E+15 1.00E+16
 4.98E+00 7.47E+00 1.25E+01 2.49E+01 4.98E+01 1.25E+02 2.49E+02 3.74E+02
 4.98E+02 7.47E+02 1.25E+03 2.49E+03 4.98E+03 7.47E+03
 1.00E-74 1.00E-74 1.00E-74 1.00E-74 1.47E-45 9.41E-27 1.76E-20 1.99E-18
 2.04E-17 1.97E-16 1.11E-15 3.49E-15 5.29E-15 5.62E-15
 1.00E-74 1.00E-74 1.00E-74 1.00E-74 8.83E-46 9.41E-27 1.76E-20 1.99E-18
 2.04E-17 1.97E-16 1.11E-15 3.49E-15 5.29E-15 5.62E-15
 1.00E-74 1.00E-74 1.00E-74 1.00E-74 8.39E-46 9.41E-27 1.76E-20 1.99E-18
 2.04E-17 1.97E-16 1.11E-15 3.49E-15 5.29E-15 5.62E-15
 1.00E-74 1.00E-74 1.00E-74 1.00E-74 8.39E-46 9.41E-27 1.76E-20 1.99E-18
 2.04E-17 1.97E-16 1.11E-15 3.49E-15 5.29E-15 5.62E-15
 1.00E-74 1.00E-74 1.00E-74 1.00E-74 8.38E-46 9.41E-27 1.76E-20 1.99E-18
 2.04E-17 1.97E-16 1.11E-15 3.49E-15 5.29E-15 5.62E-15
 1.00E-74 1.00E-74 1.00E-74 1.00E-74 8.38E-46 9.41E-27 1.76E-20 1.99E-18
 2.04E-17 1.97E-16 1.11E-15 3.49E-15 5.29E-15 5.62E-15
 1.00E-74 1.00E-74 1.00E-74 1.00E-74 8.38E-46 9.41E-27 1.76E-20 1.99E-18
 2.04E-17 1.97E-16 1.11E-15 3.49E-15 5.29E-15 5.62E-15
  22.5087    7  14 /pl=01:ss=16:pb= 1:sz=16/type=excit/ispb = t/isel =   31
 1.00E+10 1.00E+11 1.00E+12 1.00E+13 1.00E+14 1.00E+15 1.00E+16
 4.98E+00 7.47E+00 1.25E+01 2.49E+01 4.98E+01 1.25E+02 2.49E+02 3.74E+02
 4.98E+02 7.47E+02 1.25E+03 2.49E+03 4.98E+03 7.47E+03
 1.00E-74 1.00E-74 1.00E-74 1.00E-74 1.00E-74 4.75E-28 2.52E-21 4.27E-19
 5.45E-18 6.64E-17 4.55E-16 1.72E-15 2.98E-15 3.41E-15
 1.00E-74 1.00E-74 1.00E-74 1.00E-74 1.00E-74 4.75E-28 2.52E-21 4.27E-19
 5.45E-18 6.64E-17 4.55E-16 1.72E-15 2.98E-15 3.41E-15
 1.00E-74 1.00E-74 1.00E-74 1.00E-74 1.00E-74 4.75E-28 2.52E-21 4.27E-19
 5.45E-18 6.64E-17 4.55E-16 1.72E-15 2.98E-15 3.41E-15
 1.00E-74 1.00E-74 1.00E-74 1.00E-74 1.00E-74 4.75E-28 2.52E-21 4.27E-19
 5.45E-18 6.64E-17 4.55E-16 1.72E-15 2.98E-15 3.41E-15
 1.00E-74 1.00E-74 1.00E-74 1.00E-74 3.00E-48 4.75E-28 2.52E-21 4.27E-19
 5.45E-18 6.64E-17 4.55E-16 1.72E-15 2.98E-15 3.41E-15
 1.00E-74 1.00E-74 1.00E-74 1.00E-74 3.30E-48 4.75E-28 2.52E-21 4.28E-19
 5.45E-18 6.64E-17 4.55E-16 1.72E-15 2.98E-15 3.41E-15
 1.00E-74 1.00E-74 1.00E-74 1.00E-74 3.27E-48 4.76E-28 2.53E-21 4.29E-19
 5.46E-18 6.66E-17 4.57E-16 1.72E-15 2.99E-15 3.42E-15
  22.6202    7  14 /pl=01:ss=16:pb= 1:sz=16/type=excit/ispb = t/isel =   32
 1.00E+10 1.00E+11 1.00E+12 1.00E+13 1.00E+14 1.00E+15 1.00E+16
 4.98E+00 7.47E+00 1.25E+01 2.49E+01 4.98E+01 1.25E+02 2.49E+02 3.74E+02
 4.98E+02 7.47E+02 1.25E+03 2.49E+03 4.98E+03 7.47E+03
 1.00E-74 1.00E-74 1.00E-74 1.00E-74 1.00E-74 7.92E-28 4.21E-21 7.13E-19
 9.08E-18 1.11E-16 7.60E-16 2.87E-15 4.97E-15 5.69E-15
 1.00E-74 1.00E-74 1.00E-74 1.00E-74 1.00E-74 7.92E-28 4.21E-21 7.13E-19
 9.08E-18 1.11E-16 7.60E-16 2.87E-15 4.97E-15 5.69E-15
 1.00E-74 1.00E-74 1.00E-74 1.00E-74 1.00E-74 7.92E-28 4.21E-21 7.13E-19
 9.08E-18 1.11E-16 7.60E-16 2.87E-15 4.97E-15 5.69E-15
 1.00E-74 1.00E-74 1.00E-74 1.00E-74 1.00E-74 7.92E-28 4.21E-21 7.13E-19
 9.08E-18 1.11E-16 7.60E-16 2.87E-15 4.97E-15 5.69E-15
 1.00E-74 1.00E-74 1.00E-74 1.00E-74 5.00E-48 7.92E-28 4.21E-21 7.13E-19
 9.09E-18 1.11E-16 7.60E-16 2.87E-15 4.97E-15 5.69E-15
 1.00E-74 1.00E-74 1.00E-74 1.00E-74 5.50E-48 7.92E-28 4.21E-21 7.13E-19
 9.09E-18 1.11E-16 7.60E-16 2.87E-15 4.98E-15 5.69E-15
 1.00E-74 1.00E-74 1.00E-74 1.00E-74 5.45E-48 7.94E-28 4.22E-21 7.15E-19
 9.11E-18 1.11E-16 7.62E-16 2.87E-15 4.98E-15 5.70E-15
  22.7199    7  14 /pl=01:ss=16:pb= 1:sz=16/type=excit/ispb = t/isel =   33
 1.00E+10 1.00E+11 1.00E+12 1.00E+13 1.00E+14 1.00E+15 1.00E+16
 4.98E+00 7.47E+00 1.25E+01 2.49E+01 4.98E+01 1.25E+02 2.49E+02 3.74E+02
 4.98E+02 7.47E+02 1.25E+03 2.49E+03 4.98E+03 7.47E+03
 1.00E-74 1.00E-74 1.00E-74 1.00E-74 1.00E-74 2.76E-25 4.96E-19 5.50E-17
 5.57E-16 5.32E-15 2.95E-14 9.29E-14 1.42E-13 1.52E-13
 1.00E-74 1.00E-74 1.00E-74 1.00E-74 1.00E-74 2.76E-25 4.96E-19 5.50E-17
 5.57E-16 5.32E-15 2.95E-14 9.29E-14 1.42E-13 1.52E-13
 1.00E-74 1.00E-74 1.00E-74 1.00E-74 2.54E-44 2.76E-25 4.96E-19 5.50E-17
 5.57E-16 5.32E-15 2.95E-14 9.29E-14 1.42E-13 1.52E-13
 1.00E-74 1.00E-74 1.00E-74 1.00E-74 2.61E-44 2.76E-25 4.96E-19 5.50E-17
 5.57E-16 5.32E-15 2.95E-14 9.29E-14 1.42E-13 1.52E-13
 1.00E-74 1.00E-74 1.00E-74 1.00E-74 2.60E-44 2.76E-25 4.96E-19 5.50E-17
 5.57E-16 5.32E-15 2.95E-14 9.29E-14 1.42E-13 1.52E-13
 1.00E-74 1.00E-74 1.00E-74 1.00E-74 2.60E-44 2.76E-25 4.96E-19 5.50E-17
 5.57E-16 5.32E-15 2.95E-14 9.29E-14 1.42E-13 1.52E-13
 1.00E-74 1.00E-74 1.00E-74 1.00E-74 2.60E-44 2.76E-25 4.96E-19 5.50E-17
 5.57E-16 5.32E-15 2.95E-14 9.29E-14 1.42E-13 1.52E-13
  22.7373    7  14 /pl=01:ss=16:pb= 1:sz=16/type=excit/ispb = t/isel =   34
 1.00E+10 1.00E+11 1.00E+12 1.00E+13 1.00E+14 1.00E+15 1.00E+16
 4.98E+00 7.47E+00 1.25E+01 2.49E+01 4.98E+01 1.25E+02 2.49E+02 3.74E+02
 4.98E+02 7.47E+02 1.25E+03 2.49E+03 4.98E+03 7.47E+03
 1.00E-74 1.00E-74 1.00E-74 1.00E-74 1.00E-74 1.33E-26 2.39E-20 2.67E-18
 2.71E-17 2.61E-16 1.46E-15 4.64E-15 7.11E-15 7.64E-15
 1.00E-74 1.00E-74 1.00E-74 1.00E-74 1.00E-74 1.33E-26 2.39E-20 2.67E-18
 2.71E-17 2.61E-16 1.46E-15 4.64E-15 7.11E-15 7.64E-15
 1.00E-74 1.00E-74 1.00E-74 1.00E-74 1.07E-45 1.33E-26 2.39E-20 2.67E-18
 2.71E-17 2.61E-16 1.46E-15 4.64E-15 7.11E-15 7.64E-15
 1.00E-74 1.00E-74 1.00E-74 1.00E-74 1.29E-45 1.33E-26 2.39E-20 2.67E-18
 2.71E-17 2.61E-16 1.46E-15 4.64E-15 7.11E-15 7.64E-15
 1.00E-74 1.00E-74 1.00E-74 1.00E-74 1.26E-45 1.33E-26 2.39E-20 2.67E-18
 2.71E-17 2.61E-16 1.46E-15 4.64E-15 7.11E-15 7.64E-15
 1.00E-74 1.00E-74 1.00E-74 1.00E-74 1.26E-45 1.33E-26 2.39E-20 2.67E-18
 2.71E-17 2.61E-16 1.46E-15 4.64E-15 7.12E-15 7.64E-15
 1.00E-74 1.00E-74 1.00E-74 1.00E-74 1.26E-45 1.33E-26 2.39E-20 2.67E-18
 2.71E-17 2.61E-16 1.47E-15 4.64E-15 7.12E-15 7.65E-15
  22.9143    7  14 /pl=01:ss=16:pb= 1:sz=16/type=excit/ispb = t/isel =   35
 1.00E+10 1.00E+11 1.00E+12 1.00E+13 1.00E+14 1.00E+15 1.00E+16
 4.98E+00 7.47E+00 1.25E+01 2.49E+01 4.98E+01 1.25E+02 2.49E+02 3.74E+02
 4.98E+02 7.47E+02 1.25E+03 2.49E+03 4.98E+03 7.47E+03
 1.00E-74 1.00E-74 1.00E-74 1.00E-74 8.77E-44 5.61E-25 1.05E-18 1.19E-16
 1.22E-15 1.17E-14 6.60E-14 2.08E-13 3.16E-13 3.35E-13
 1.00E-74 1.00E-74 1.00E-74 1.00E-74 5.26E-44 5.61E-25 1.05E-18 1.19E-16
 1.22E-15 1.17E-14 6.60E-14 2.08E-13 3.16E-13 3.35E-13
 1.00E-74 1.00E-74 1.00E-74 1.00E-74 5.00E-44 5.61E-25 1.05E-18 1.19E-16
 1.22E-15 1.17E-14 6.60E-14 2.08E-13 3.16E-13 3.35E-13
 1.00E-74 1.00E-74 1.00E-74 1.00E-74 5.00E-44 5.61E-25 1.05E-18 1.19E-16
 1.22E-15 1.17E-14 6.60E-14 2.08E-13 3.16E-13 3.35E-13
 1.00E-74 1.00E-74 1.00E-74 1.00E-74 5.00E-44 5.61E-25 1.05E-18 1.19E-16
 1.22E-15 1.17E-14 6.60E-14 2.08E-13 3.16E-13 3.35E-13
 1.00E-74 1.00E-74 1.00E-74 1.00E-74 5.00E-44 5.61E-25 1.05E-18 1.19E-16
 1.22E-15 1.17E-14 6.60E-14 2.08E-13 3.16E-13 3.35E-13
 1.00E-74 1.00E-74 1.00E-74 1.00E-74 4.99E-44 5.61E-25 1.05E-18 1.19E-16
 1.22E-15 1.17E-14 6.60E-14 2.08E-13 3.16E-13 3.35E-13
  37.2664    7  14 /pl=01:ss=16:pb= 1:sz=16/type=excit/ispb = t/isel =   36
 1.00E+10 1.00E+11 1.00E+12 1.00E+13 1.00E+14 1.00E+15 1.00E+16
 4.98E+00 7.47E+00 1.25E+01 2.49E+01 4.98E+01 1.25E+02 2.49E+02 3.74E+02
 4.98E+02 7.47E+02 1.25E+03 2.49E+03 4.98E+03 7.47E+03
 1.00E-74 1.00E-74 1.00E-74 1.00E-74 1.00E-74 4.37E-28 3.09E-21 5.46E-19
 6.96E-18 8.41E-17 5.68E-16 2.11E-15 3.62E-15 4.15E-15
 1.00E-74 1.00E-74 1.00E-74 1.00E-74 1.00E-74 4.37E-28 3.09E-21 5.46E-19
 6.96E-18 8.41E-17 5.68E-16 2.11E-15 3.62E-15 4.15E-15
 1.00E-74 1.00E-74 1.00E-74 1.00E-74 1.00E-74 4.37E-28 3.09E-21 5.46E-19
 6.96E-18 8.41E-17 5.68E-16 2.11E-15 3.62E-15 4.15E-15
 1.00E-74 1.00E-74 1.00E-74 1.00E-74 1.00E-74 4.37E-28 3.09E-21 5.46E-19
 6.96E-18 8.41E-17 5.68E-16 2.11E-15 3.62E-15 4.15E-15
 1.00E-74 1.00E-74 1.00E-74 1.00E-74 1.15E-48 4.37E-28 3.09E-21 5.46E-19
 6.96E-18 8.41E-17 5.68E-16 2.11E-15 3.62E-15 4.15E-15
 1.00E-74 1.00E-74 1.00E-74 1.00E-74 6.92E-49 4.37E-28 3.09E-21 5.46E-19
 6.96E-18 8.42E-17 5.68E-16 2.11E-15 3.62E-15 4.15E-15
 1.00E-74 1.00E-74 1.00E-74 1.00E-74 6.92E-49 4.38E-28 3.10E-21 5.47E-19
 6.97E-18 8.43E-17 5.68E-16 2.11E-15 3.62E-15 4.15E-15
  37.7955    7  14 /pl=01:ss=16:pb= 1:sz=16/type=excit/ispb = t/isel =   37
 1.00E+10 1.00E+11 1.00E+12 1.00E+13 1.00E+14 1.00E+15 1.00E+16
 4.98E+00 7.47E+00 1.25E+01 2.49E+01 4.98E+01 1.25E+02 2.49E+02 3.74E+02
 4.98E+02 7.47E+02 1.25E+03 2.49E+03 4.98E+03 7.47E+03
 1.00E-74 1.00E-74 1.00E-74 1.00E-74 1.00E-74 5.20E-28 3.63E-21 6.37E-19
 8.07E-18 9.69E-17 6.46E-16 2.34E-15 3.84E-15 4.23E-15
 1.00E-74 1.00E-74 1.00E-74 1.00E-74 1.00E-74 5.20E-28 3.63E-21 6.37E-19
 8.07E-18 9.69E-17 6.46E-16 2.34E-15 3.84E-15 4.23E-15
 1.00E-74 1.00E-74 1.00E-74 1.00E-74 1.00E-74 5.20E-28 3.63E-21 6.37E-19
 8.07E-18 9.69E-17 6.46E-16 2.34E-15 3.84E-15 4.23E-15
 1.00E-74 1.00E-74 1.00E-74 1.00E-74 1.00E-74 5.20E-28 3.63E-21 6.37E-19
 8.07E-18 9.69E-17 6.46E-16 2.34E-15 3.84E-15 4.23E-15
 1.00E-74 1.00E-74 1.00E-74 1.00E-74 1.00E-74 5.20E-28 3.63E-21 6.37E-19
 8.07E-18 9.69E-17 6.46E-16 2.34E-15 3.84E-15 4.23E-15
 1.00E-74 1.00E-74 1.00E-74 1.00E-74 8.07E-49 5.20E-28 3.64E-21 6.38E-19
 8.07E-18 9.69E-17 6.47E-16 2.34E-15 3.84E-15 4.23E-15
 1.00E-74 1.00E-74 1.00E-74 1.00E-74 8.68E-49 5.26E-28 3.67E-21 6.42E-19
 8.13E-18 9.75E-17 6.50E-16 2.35E-15 3.85E-15 4.24E-15
  37.8636    7  14 /pl=01:ss=16:pb= 1:sz=16/type=excit/ispb = t/isel =   38
 1.00E+10 1.00E+11 1.00E+12 1.00E+13 1.00E+14 1.00E+15 1.00E+16
 4.98E+00 7.47E+00 1.25E+01 2.49E+01 4.98E+01 1.25E+02 2.49E+02 3.74E+02
 4.98E+02 7.47E+02 1.25E+03 2.49E+03 4.98E+03 7.47E+03
 1.00E-74 1.00E-74 1.00E-74 1.00E-74 1.00E-74 9.74E-28 6.84E-21 1.20E-18
 1.53E-17 1.83E-16 1.22E-15 4.35E-15 6.97E-15 7.54E-15
 1.00E-74 1.00E-74 1.00E-74 1.00E-74 1.00E-74 9.74E-28 6.84E-21 1.20E-18
 1.53E-17 1.83E-16 1.22E-15 4.35E-15 6.97E-15 7.54E-15
 1.00E-74 1.00E-74 1.00E-74 1.00E-74 1.00E-74 9.74E-28 6.84E-21 1.20E-18
 1.53E-17 1.83E-16 1.22E-15 4.35E-15 6.97E-15 7.54E-15
 1.00E-74 1.00E-74 1.00E-74 1.00E-74 1.00E-74 9.74E-28 6.84E-21 1.20E-18
 1.53E-17 1.83E-16 1.22E-15 4.35E-15 6.97E-15 7.54E-15
 1.00E-74 1.00E-74 1.00E-74 1.00E-74 1.55E-48 9.73E-28 6.84E-21 1.20E-18
 1.53E-17 1.83E-16 1.22E-15 4.35E-15 6.97E-15 7.54E-15
 1.00E-74 1.00E-74 1.00E-74 1.00E-74 1.55E-48 9.71E-28 6.83E-21 1.20E-18
 1.52E-17 1.83E-16 1.22E-15 4.34E-15 6.97E-15 7.53E-15
 1.00E-74 1.00E-74 1.00E-74 1.00E-74 1.50E-48 9.45E-28 6.69E-21 1.18E-18
 1.50E-17 1.80E-16 1.20E-15 4.31E-15 6.92E-15 7.49E-15
  43.5676    7  14 /pl=01:ss=16:pb= 1:sz=16/type=excit/ispb = t/isel =   39
 1.00E+10 1.00E+11 1.00E+12 1.00E+13 1.00E+14 1.00E+15 1.00E+16
 4.98E+00 7.47E+00 1.25E+01 2.49E+01 4.98E+01 1.25E+02 2.49E+02 3.74E+02
 4.98E+02 7.47E+02 1.25E+03 2.49E+03 4.98E+03 7.47E+03
 1.00E-74 1.00E-74 1.00E-74 1.00E-74 1.00E-74 1.13E-27 6.59E-21 1.09E-18
 1.35E-17 1.58E-16 1.04E-15 3.78E-15 6.44E-15 7.36E-15
 1.00E-74 1.00E-74 1.00E-74 1.00E-74 1.00E-74 1.13E-27 6.59E-21 1.09E-18
 1.35E-17 1.58E-16 1.04E-15 3.78E-15 6.44E-15 7.36E-15
 1.00E-74 1.00E-74 1.00E-74 1.00E-74 1.00E-74 1.13E-27 6.59E-21 1.09E-18
 1.35E-17 1.58E-16 1.04E-15 3.78E-15 6.44E-15 7.36E-15
 1.00E-74 1.00E-74 1.00E-74 1.00E-74 1.00E-74 1.13E-27 6.59E-21 1.09E-18
 1.35E-17 1.58E-16 1.04E-15 3.78E-15 6.44E-15 7.36E-15
 1.00E-74 1.00E-74 1.00E-74 1.00E-74 3.73E-48 1.13E-27 6.59E-21 1.09E-18
 1.35E-17 1.58E-16 1.04E-15 3.78E-15 6.44E-15 7.36E-15
 1.00E-74 1.00E-74 1.00E-74 1.00E-74 3.17E-48 1.13E-27 6.59E-21 1.09E-18
 1.35E-17 1.58E-16 1.04E-15 3.78E-15 6.44E-15 7.36E-15
 1.00E-74 1.00E-74 1.00E-74 1.00E-74 3.17E-48 1.13E-27 6.59E-21 1.09E-18
 1.35E-17 1.58E-16 1.04E-15 3.78E-15 6.44E-15 7.36E-15
  44.2913    7  14 /pl=01:ss=16:pb= 1:sz=16/type=excit/ispb = t/isel =   40
 1.00E+10 1.00E+11 1.00E+12 1.00E+13 1.00E+14 1.00E+15 1.00E+16
 4.98E+00 7.47E+00 1.25E+01 2.49E+01 4.98E+01 1.25E+02 2.49E+02 3.74E+02
 4.98E+02 7.47E+02 1.25E+03 2.49E+03 4.98E+03 7.47E+03
 1.00E-74 1.00E-74 1.00E-74 1.00E-74 1.00E-74 1.38E-27 7.96E-21 1.31E-18
 1.60E-17 1.86E-16 1.21E-15 4.30E-15 6.99E-15 7.67E-15
 1.00E-74 1.00E-74 1.00E-74 1.00E-74 1.00E-74 1.38E-27 7.96E-21 1.31E-18
 1.60E-17 1.86E-16 1.21E-15 4.30E-15 6.99E-15 7.67E-15
 1.00E-74 1.00E-74 1.00E-74 1.00E-74 1.00E-74 1.38E-27 7.96E-21 1.31E-18
 1.60E-17 1.86E-16 1.21E-15 4.30E-15 6.99E-15 7.67E-15
 1.00E-74 1.00E-74 1.00E-74 1.00E-74 1.00E-74 1.38E-27 7.96E-21 1.31E-18
 1.60E-17 1.86E-16 1.21E-15 4.30E-15 6.99E-15 7.67E-15
 1.00E-74 1.00E-74 1.00E-74 1.00E-74 3.56E-48 1.38E-27 7.96E-21 1.31E-18
 1.60E-17 1.86E-16 1.21E-15 4.30E-15 6.99E-15 7.67E-15
 1.00E-74 1.00E-74 1.00E-74 1.00E-74 3.92E-48 1.38E-27 7.96E-21 1.31E-18
 1.60E-17 1.86E-16 1.21E-15 4.30E-15 6.99E-15 7.68E-15
 1.00E-74 1.00E-74 1.00E-74 1.00E-74 4.09E-48 1.39E-27 7.98E-21 1.31E-18
 1.61E-17 1.87E-16 1.21E-15 4.30E-15 7.00E-15 7.68E-15
  44.4533    7  14 /pl=01:ss=16:pb= 1:sz=16/type=excit/ispb = t/isel =   41
 1.00E+10 1.00E+11 1.00E+12 1.00E+13 1.00E+14 1.00E+15 1.00E+16
 4.98E+00 7.47E+00 1.25E+01 2.49E+01 4.98E+01 1.25E+02 2.49E+02 3.74E+02
 4.98E+02 7.47E+02 1.25E+03 2.49E+03 4.98E+03 7.47E+03
 1.00E-74 1.00E-74 1.00E-74 1.00E-74 1.00E-74 3.06E-27 1.77E-20 2.92E-18
 3.59E-17 4.17E-16 2.71E-15 9.48E-15 1.51E-14 1.63E-14
 1.00E-74 1.00E-74 1.00E-74 1.00E-74 1.00E-74 3.06E-27 1.77E-20 2.92E-18
 3.59E-17 4.17E-16 2.71E-15 9.48E-15 1.51E-14 1.63E-14
 1.00E-74 1.00E-74 1.00E-74 1.00E-74 1.00E-74 3.06E-27 1.77E-20 2.92E-18
 3.59E-17 4.17E-16 2.71E-15 9.48E-15 1.51E-14 1.63E-14
 1.00E-74 1.00E-74 1.00E-74 1.00E-74 1.25E-47 3.06E-27 1.77E-20 2.92E-18
 3.59E-17 4.17E-16 2.71E-15 9.48E-15 1.51E-14 1.63E-14
 1.00E-74 1.00E-74 1.00E-74 1.00E-74 8.76E-48 3.06E-27 1.77E-20 2.92E-18
 3.59E-17 4.17E-16 2.70E-15 9.48E-15 1.51E-14 1.63E-14
 1.00E-74 1.00E-74 1.00E-74 1.00E-74 8.88E-48 3.06E-27 1.77E-20 2.91E-18
 3.59E-17 4.16E-16 2.70E-15 9.48E-15 1.51E-14 1.62E-14
 1.00E-74 1.00E-74 1.00E-74 1.00E-74 8.71E-48 3.03E-27 1.76E-20 2.90E-18
 3.57E-17 4.14E-16 2.69E-15 9.45E-15 1.51E-14 1.62E-14
  63.2580    7  14 /pl=01:ss=16:pb= 1:sz=16/type=excit/ispb = t/isel =   42
 1.00E+10 1.00E+11 1.00E+12 1.00E+13 1.00E+14 1.00E+15 1.00E+16
 4.98E+00 7.47E+00 1.25E+01 2.49E+01 4.98E+01 1.25E+02 2.49E+02 3.74E+02
 4.98E+02 7.47E+02 1.25E+03 2.49E+03 4.98E+03 7.47E+03
 1.00E-74 1.00E-74 1.00E-74 1.00E-74 1.00E-74 4.46E-27 1.83E-20 2.71E-18
 3.15E-17 3.48E-16 2.19E-15 7.74E-15 1.30E-14 1.47E-14
 1.00E-74 1.00E-74 1.00E-74 1.00E-74 1.00E-74 4.46E-27 1.83E-20 2.71E-18
 3.15E-17 3.48E-16 2.19E-15 7.74E-15 1.30E-14 1.47E-14
 1.00E-74 1.00E-74 1.00E-74 1.00E-74 1.00E-74 4.46E-27 1.83E-20 2.71E-18
 3.15E-17 3.48E-16 2.19E-15 7.74E-15 1.30E-14 1.47E-14
 1.00E-74 1.00E-74 1.00E-74 1.00E-74 3.36E-47 4.46E-27 1.83E-20 2.71E-18
 3.15E-17 3.48E-16 2.19E-15 7.74E-15 1.30E-14 1.47E-14
 1.00E-74 1.00E-74 1.00E-74 1.00E-74 3.70E-47 4.46E-27 1.83E-20 2.71E-18
 3.15E-17 3.48E-16 2.19E-15 7.74E-15 1.30E-14 1.47E-14
 1.00E-74 1.00E-74 1.00E-74 1.00E-74 3.63E-47 4.46E-27 1.83E-20 2.71E-18
 3.15E-17 3.48E-16 2.19E-15 7.74E-15 1.30E-14 1.47E-14
 1.00E-74 1.00E-74 1.00E-74 1.00E-74 3.64E-47 4.46E-27 1.83E-20 2.71E-18
 3.15E-17 3.48E-16 2.19E-15 7.74E-15 1.30E-14 1.47E-14
  64.7934    7  14 /pl=01:ss=16:pb= 1:sz=16/type=excit/ispb = t/isel =   43
 1.00E+10 1.00E+11 1.00E+12 1.00E+13 1.00E+14 1.00E+15 1.00E+16
 4.98E+00 7.47E+00 1.25E+01 2.49E+01 4.98E+01 1.25E+02 2.49E+02 3.74E+02
 4.98E+02 7.47E+02 1.25E+03 2.49E+03 4.98E+03 7.47E+03
 1.00E-74 1.00E-74 1.00E-74 1.00E-74 1.00E-74 5.82E-27 2.33E-20 3.38E-18
 3.93E-17 4.27E-16 2.65E-15 9.06E-15 1.45E-14 1.58E-14
 1.00E-74 1.00E-74 1.00E-74 1.00E-74 1.00E-74 5.82E-27 2.33E-20 3.38E-18
 3.93E-17 4.27E-16 2.65E-15 9.06E-15 1.45E-14 1.58E-14
 1.00E-74 1.00E-74 1.00E-74 1.00E-74 1.00E-74 5.82E-27 2.33E-20 3.38E-18
 3.93E-17 4.27E-16 2.65E-15 9.06E-15 1.45E-14 1.58E-14
 1.00E-74 1.00E-74 1.00E-74 1.00E-74 7.19E-47 5.82E-27 2.33E-20 3.38E-18
 3.93E-17 4.27E-16 2.65E-15 9.06E-15 1.45E-14 1.58E-14
 1.00E-74 1.00E-74 1.00E-74 1.00E-74 5.03E-47 5.82E-27 2.33E-20 3.38E-18
 3.93E-17 4.27E-16 2.65E-15 9.06E-15 1.45E-14 1.58E-14
 1.00E-74 1.00E-74 1.00E-74 1.00E-74 5.03E-47 5.82E-27 2.33E-20 3.38E-18
 3.93E-17 4.27E-16 2.65E-15 9.06E-15 1.45E-14 1.58E-14
 1.00E-74 1.00E-74 1.00E-74 1.00E-74 5.07E-47 5.83E-27 2.33E-20 3.38E-18
 3.93E-17 4.28E-16 2.65E-15 9.06E-15 1.45E-14 1.58E-14
  65.4722    7  14 /pl=01:ss=16:pb= 1:sz=16/type=excit/ispb = t/isel =   44
 1.00E+10 1.00E+11 1.00E+12 1.00E+13 1.00E+14 1.00E+15 1.00E+16
 4.98E+00 7.47E+00 1.25E+01 2.49E+01 4.98E+01 1.25E+02 2.49E+02 3.74E+02
 4.98E+02 7.47E+02 1.25E+03 2.49E+03 4.98E+03 7.47E+03
 1.00E-74 1.00E-74 1.00E-74 1.00E-74 1.00E-74 1.72E-26 7.00E-20 1.02E-17
 1.19E-16 1.30E-15 8.04E-15 2.73E-14 4.27E-14 4.59E-14
 1.00E-74 1.00E-74 1.00E-74 1.00E-74 1.00E-74 1.72E-26 7.00E-20 1.02E-17
 1.19E-16 1.30E-15 8.04E-15 2.73E-14 4.27E-14 4.59E-14
 1.00E-74 1.00E-74 1.00E-74 1.00E-74 2.47E-46 1.72E-26 7.00E-20 1.02E-17
 1.19E-16 1.30E-15 8.04E-15 2.73E-14 4.27E-14 4.59E-14
 1.00E-74 1.00E-74 1.00E-74 1.00E-74 1.48E-46 1.72E-26 7.00E-20 1.02E-17
 1.19E-16 1.30E-15 8.04E-15 2.73E-14 4.27E-14 4.59E-14
 1.00E-74 1.00E-74 1.00E-74 1.00E-74 1.46E-46 1.72E-26 7.00E-20 1.02E-17
 1.19E-16 1.30E-15 8.04E-15 2.73E-14 4.27E-14 4.59E-14
 1.00E-74 1.00E-74 1.00E-74 1.00E-74 1.45E-46 1.72E-26 7.00E-20 1.02E-17
 1.19E-16 1.30E-15 8.04E-15 2.73E-14 4.27E-14 4.59E-14
 1.00E-74 1.00E-74 1.00E-74 1.00E-74 1.45E-46 1.72E-26 6.98E-20 1.02E-17
 1.18E-16 1.29E-15 8.03E-15 2.72E-14 4.27E-14 4.59E-14
  91.0812    7  14 /pl=01:ss=16:pb= 1:sz=16/type=excit/ispb = t/isel =   45
 1.00E+10 1.00E+11 1.00E+12 1.00E+13 1.00E+14 1.00E+15 1.00E+16
 4.98E+00 7.47E+00 1.25E+01 2.49E+01 4.98E+01 1.25E+02 2.49E+02 3.74E+02
 4.98E+02 7.47E+02 1.25E+03 2.49E+03 4.98E+03 7.47E+03
 1.00E-74 1.00E-74 1.00E-74 1.00E-74 1.00E-74 6.25E-28 4.39E-21 7.71E-19
 9.80E-18 1.17E-16 7.82E-16 2.79E-15 4.48E-15 4.84E-15
 1.00E-74 1.00E-74 1.00E-74 1.00E-74 1.00E-74 6.25E-28 4.39E-21 7.71E-19
 9.80E-18 1.17E-16 7.82E-16 2.79E-15 4.48E-15 4.84E-15
 1.00E-74 1.00E-74 1.00E-74 1.00E-74 1.00E-74 6.25E-28 4.39E-21 7.71E-19
 9.80E-18 1.17E-16 7.82E-16 2.79E-15 4.48E-15 4.84E-15
 1.00E-74 1.00E-74 1.00E-74 1.00E-74 1.00E-74 6.25E-28 4.39E-21 7.71E-19
 9.80E-18 1.17E-16 7.82E-16 2.79E-15 4.48E-15 4.84E-15
 1.00E-74 1.00E-74 1.00E-74 1.00E-74 9.95E-49 6.25E-28 4.39E-21 7.70E-19
 9.80E-18 1.17E-16 7.82E-16 2.79E-15 4.48E-15 4.84E-15
 1.00E-74 1.00E-74 1.00E-74 1.00E-74 9.95E-49 6.23E-28 4.38E-21 7.69E-19
 9.78E-18 1.17E-16 7.81E-16 2.79E-15 4.47E-15 4.83E-15
 1.00E-74 1.00E-74 1.00E-74 1.00E-74 9.65E-49 6.06E-28 4.29E-21 7.55E-19
 9.62E-18 1.16E-16 7.72E-16 2.76E-15 4.44E-15 4.81E-15
  139.931    7  14 /pl=01:ss=16:pb= 1:sz=16/type=excit/ispb = t/isel =   46
 1.00E+10 1.00E+11 1.00E+12 1.00E+13 1.00E+14 1.00E+15 1.00E+16
 4.98E+00 7.47E+00 1.25E+01 2.49E+01 4.98E+01 1.25E+02 2.49E+02 3.74E+02
 4.98E+02 7.47E+02 1.25E+03 2.49E+03 4.98E+03 7.47E+03
 1.00E-74 1.00E-74 1.00E-74 1.00E-74 1.00E-74 5.99E-28 3.45E-21 5.66E-19
 6.95E-18 8.07E-17 5.25E-16 1.86E-15 3.03E-15 3.32E-15
 1.00E-74 1.00E-74 1.00E-74 1.00E-74 1.00E-74 5.99E-28 3.45E-21 5.66E-19
 6.95E-18 8.07E-17 5.25E-16 1.86E-15 3.03E-15 3.32E-15
 1.00E-74 1.00E-74 1.00E-74 1.00E-74 1.00E-74 5.99E-28 3.45E-21 5.66E-19
 6.95E-18 8.07E-17 5.25E-16 1.86E-15 3.03E-15 3.32E-15
 1.00E-74 1.00E-74 1.00E-74 1.00E-74 1.00E-74 5.99E-28 3.45E-21 5.66E-19
 6.95E-18 8.07E-17 5.25E-16 1.86E-15 3.03E-15 3.32E-15
 1.00E-74 1.00E-74 1.00E-74 1.00E-74 1.54E-48 5.99E-28 3.45E-21 5.66E-19
 6.95E-18 8.07E-17 5.25E-16 1.86E-15 3.03E-15 3.32E-15
 1.00E-74 1.00E-74 1.00E-74 1.00E-74 1.70E-48 5.99E-28 3.45E-21 5.66E-19
 6.95E-18 8.07E-17 5.25E-16 1.86E-15 3.03E-15 3.32E-15
 1.00E-74 1.00E-74 1.00E-74 1.00E-74 1.77E-48 6.01E-28 3.46E-21 5.67E-19
 6.96E-18 8.08E-17 5.26E-16 1.86E-15 3.03E-15 3.33E-15
  141.560    7  14 /pl=01:ss=16:pb= 1:sz=16/type=excit/ispb = t/isel =   47
 1.00E+10 1.00E+11 1.00E+12 1.00E+13 1.00E+14 1.00E+15 1.00E+16
 4.98E+00 7.47E+00 1.25E+01 2.49E+01 4.98E+01 1.25E+02 2.49E+02 3.74E+02
 4.98E+02 7.47E+02 1.25E+03 2.49E+03 4.98E+03 7.47E+03
 1.00E-74 1.00E-74 1.00E-74 1.00E-74 1.00E-74 2.10E-27 1.21E-20 2.00E-18
 2.46E-17 2.86E-16 1.85E-15 6.50E-15 1.03E-14 1.11E-14
 1.00E-74 1.00E-74 1.00E-74 1.00E-74 1.00E-74 2.10E-27 1.21E-20 2.00E-18
 2.46E-17 2.86E-16 1.85E-15 6.50E-15 1.03E-14 1.11E-14
 1.00E-74 1.00E-74 1.00E-74 1.00E-74 1.00E-74 2.10E-27 1.21E-20 2.00E-18
 2.46E-17 2.86E-16 1.85E-15 6.50E-15 1.03E-14 1.11E-14
 1.00E-74 1.00E-74 1.00E-74 1.00E-74 8.58E-48 2.10E-27 1.21E-20 2.00E-18
 2.46E-17 2.86E-16 1.85E-15 6.50E-15 1.03E-14 1.11E-14
 1.00E-74 1.00E-74 1.00E-74 1.00E-74 6.00E-48 2.10E-27 1.21E-20 2.00E-18
 2.46E-17 2.86E-16 1.85E-15 6.50E-15 1.03E-14 1.11E-14
 1.00E-74 1.00E-74 1.00E-74 1.00E-74 6.09E-48 2.10E-27 1.21E-20 2.00E-18
 2.46E-17 2.85E-16 1.85E-15 6.50E-15 1.03E-14 1.11E-14
 1.00E-74 1.00E-74 1.00E-74 1.00E-74 5.97E-48 2.08E-27 1.20E-20 1.99E-18
 2.44E-17 2.84E-16 1.85E-15 6.48E-15 1.03E-14 1.11E-14
  260.779    7  14 /pl=01:ss=16:pb= 1:sz=16/type=excit/ispb = t/isel =   48
 1.00E+10 1.00E+11 1.00E+12 1.00E+13 1.00E+14 1.00E+15 1.00E+16
 4.98E+00 7.47E+00 1.25E+01 2.49E+01 4.98E+01 1.25E+02 2.49E+02 3.74E+02
 4.98E+02 7.47E+02 1.25E+03 2.49E+03 4.98E+03 7.47E+03
 1.00E-74 1.00E-74 1.00E-74 1.00E-74 1.00E-74 4.51E-28 3.17E-21 5.56E-19
 7.07E-18 8.47E-17 5.64E-16 2.01E-15 3.23E-15 3.49E-15
 1.00E-74 1.00E-74 1.00E-74 1.00E-74 1.00E-74 4.51E-28 3.17E-21 5.56E-19
 7.07E-18 8.47E-17 5.64E-16 2.01E-15 3.23E-15 3.49E-15
 1.00E-74 1.00E-74 1.00E-74 1.00E-74 1.00E-74 4.51E-28 3.17E-21 5.56E-19
 7.07E-18 8.47E-17 5.64E-16 2.01E-15 3.23E-15 3.49E-15
 1.00E-74 1.00E-74 1.00E-74 1.00E-74 1.00E-74 4.51E-28 3.17E-21 5.56E-19
 7.06E-18 8.47E-17 5.64E-16 2.01E-15 3.23E-15 3.49E-15
 1.00E-74 1.00E-74 1.00E-74 1.00E-74 7.17E-49 4.51E-28 3.17E-21 5.56E-19
 7.06E-18 8.47E-17 5.64E-16 2.01E-15 3.23E-15 3.49E-15
 1.00E-74 1.00E-74 1.00E-74 1.00E-74 7.17E-49 4.49E-28 3.16E-21 5.55E-19
 7.05E-18 8.46E-17 5.63E-16 2.01E-15 3.23E-15 3.49E-15
 1.00E-74 1.00E-74 1.00E-74 1.00E-74 6.96E-49 4.37E-28 3.10E-21 5.45E-19
 6.94E-18 8.34E-17 5.57E-16 1.99E-15 3.21E-15 3.47E-15
  564.868    7  14 /pl=01:ss=16:pb= 1:sz=16/type=excit/ispb = t/isel =   49
 1.00E+10 1.00E+11 1.00E+12 1.00E+13 1.00E+14 1.00E+15 1.00E+16
 4.98E+00 7.47E+00 1.25E+01 2.49E+01 4.98E+01 1.25E+02 2.49E+02 3.74E+02
 4.98E+02 7.47E+02 1.25E+03 2.49E+03 4.98E+03 7.47E+03
 1.00E-74 1.00E-74 1.00E-74 1.00E-74 4.40E-43 1.99E-25 4.12E-19 5.01E-17
 5.32E-16 5.41E-15 3.18E-14 1.06E-13 1.70E-13 1.88E-13
 1.00E-74 1.00E-74 1.00E-74 1.00E-74 4.40E-43 1.99E-25 4.12E-19 5.01E-17
 5.32E-16 5.41E-15 3.18E-14 1.06E-13 1.70E-13 1.88E-13
 1.00E-74 1.00E-74 1.00E-74 1.00E-74 4.40E-43 1.99E-25 4.12E-19 5.01E-17
 5.32E-16 5.41E-15 3.18E-14 1.06E-13 1.70E-13 1.88E-13
 1.00E-74 1.00E-74 1.00E-74 1.00E-74 4.40E-43 1.99E-25 4.12E-19 5.01E-17
 5.32E-16 5.41E-15 3.18E-14 1.06E-13 1.70E-13 1.88E-13
 1.00E-74 1.00E-74 1.00E-74 1.00E-74 4.40E-43 1.99E-25 4.12E-19 5.00E-17
 5.32E-16 5.41E-15 3.18E-14 1.06E-13 1.70E-13 1.88E-13
 1.00E-74 1.00E-74 1.00E-74 1.00E-74 4.41E-43 1.98E-25 4.10E-19 4.99E-17
 5.31E-16 5.39E-15 3.17E-14 1.06E-13 1.70E-13 1.87E-13
 1.00E-74 1.00E-74 1.00E-74 1.00E-74 4.51E-43 1.91E-25 3.97E-19 4.85E-17
 5.17E-16 5.26E-15 3.11E-14 1.04E-13 1.67E-13 1.85E-13
  680.952    7  14 /pl=01:ss=16:pb= 1:sz=16/type=excit/ispb = t/isel =   50
 1.00E+10 1.00E+11 1.00E+12 1.00E+13 1.00E+14 1.00E+15 1.00E+16
 4.98E+00 7.47E+00 1.25E+01 2.49E+01 4.98E+01 1.25E+02 2.49E+02 3.74E+02
 4.98E+02 7.47E+02 1.25E+03 2.49E+03 4.98E+03 7.47E+03
 1.00E-74 1.00E-74 1.00E-74 1.00E-74 9.86E-44 3.47E-26 7.16E-20 8.71E-18
 9.30E-17 9.46E-16 5.56E-15 1.85E-14 2.99E-14 3.31E-14
 1.00E-74 1.00E-74 1.00E-74 1.00E-74 9.86E-44 3.47E-26 7.16E-20 8.71E-18
 9.30E-17 9.46E-16 5.56E-15 1.85E-14 2.99E-14 3.31E-14
 1.00E-74 1.00E-74 1.00E-74 1.00E-74 9.86E-44 3.47E-26 7.16E-20 8.71E-18
 9.30E-17 9.46E-16 5.56E-15 1.85E-14 2.99E-14 3.31E-14
 1.00E-74 1.00E-74 1.00E-74 1.00E-74 9.86E-44 3.47E-26 7.15E-20 8.71E-18
 9.30E-17 9.46E-16 5.56E-15 1.85E-14 2.99E-14 3.31E-14
 1.00E-74 1.00E-74 1.00E-74 1.00E-74 9.86E-44 3.46E-26 7.15E-20 8.71E-18
 9.30E-17 9.45E-16 5.56E-15 1.85E-14 2.99E-14 3.31E-14
 1.00E-74 1.00E-74 1.00E-74 1.00E-74 9.83E-44 3.44E-26 7.11E-20 8.66E-18
 9.25E-17 9.41E-16 5.54E-15 1.85E-14 2.98E-14 3.31E-14
 1.00E-74 1.00E-74 1.00E-74 1.00E-74 9.64E-44 3.21E-26 6.70E-20 8.21E-18
 8.80E-17 9.00E-16 5.32E-15 1.79E-14 2.90E-14 3.23E-14
c-------------------------------------------------------------------------------
 
C  root partition information
C  ==========================
C
C  nuclear charge : 18
C  ion charge+1   : 17
C
C  population calculation information
C  ----------------------------------
C
C  population processing code: adas810
C
C  adf04 source file    : adf04_copmm#18_ic_40#ar16.dat
C  adf18/a17_p208 file  : NULL
C
C  meta. ion. coeff. selector  : 
 
C  options  : lnorm =T  lpsel =F  lzsel =T  liosel=F
C           : lhsel =F  lrsel =F  lisel =F  lnsel =F
 
C  energy levels
C  -------------
C
C   lv      configuration    (2S+1)L(w-1/2)      energy (cm^-1)
C  ---   ------------------- --------------      --------------
c    1   21                     (1)0(  0.0)             0.0
c    2   11512                  (3)0(  1.0)      25057556.4
c    3   11512                  (1)0(  0.0)      25198008.6
c    4   11513                  (3)1(  0.0)      25204409.7
c    5   11513                  (3)1(  1.0)      25212690.2
c    6   11513                  (3)1(  2.0)      25234589.0
c    7   11513                  (1)1(  1.0)      25328221.6
c    8   11514                  (3)0(  1.0)      29655418.5
c    9   11514                  (1)0(  0.0)      29692302.6
c   10   11515                  (3)1(  0.0)      29695996.7
c   11   11515                  (3)1(  1.0)      29698402.8
c   12   11515                  (3)1(  2.0)      29704930.3
c   13   11516                  (3)2(  1.0)      29725898.8
c   14   11516                  (3)2(  2.0)      29726285.7
c   15   11516                  (3)2(  3.0)      29728773.3
c   16   11516                  (1)2(  2.0)      29729648.2
c   17   11515                  (1)1(  1.0)      29729992.1
c   18   11517                  (3)0(  1.0)      31242412.3
c   19   11517                  (1)0(  0.0)      31257357.2
c   20   11518                  (3)1(  0.0)      31259142.8
c   21   11518                  (3)1(  1.0)      31260150.3
c   22   11518                  (3)1(  2.0)      31262907.1
c   23   11519                  (3)2(  1.0)      31271661.1
c   24   11519                  (3)2(  2.0)      31271855.4
c   25   11519                  (3)2(  3.0)      31272872.8
c   26   11518                  (1)1(  1.0)      31273131.1
c   27   11519                  (1)2(  2.0)      31273359.3
c   28   1151B                  (3)0(  1.0)      31972034.6
c   29   1151B                  (1)0(  0.0)      31979546.0
c   30   1151C                  (3)1(  0.0)      31980501.5
c   31   1151C                  (3)1(  1.0)      31981015.6
c   32   1151C                  (3)1(  2.0)      31982427.4
c   33   1151D                  (3)2(  1.0)      31986873.5
c   34   1151D                  (3)2(  2.0)      31986979.0
c   35   1151D                  (3)2(  3.0)      31987494.2
c   36   1151C                  (1)1(  1.0)      31987586.1
c   37   1151D                  (1)2(  2.0)      31987769.6
c   38   1151G                  (3)0(  1.0)      32366741.0
c   39   1151G                  (1)0(  0.0)      32371052.4
c   40   1151H                  (3)1(  0.0)      32371608.0
c   41   1151H                  (3)1(  1.0)      32371904.9
c   42   1151H                  (3)1(  2.0)      32372721.6
c   43   1151I                  (3)2(  1.0)      32375282.5
c   44   1151I                  (3)2(  2.0)      32375345.3
c   45   1151I                  (3)2(  3.0)      32375641.5
c   46   1151H                  (1)1(  1.0)      32375688.2
c   47   1151I                  (1)2(  2.0)      32375808.9
 
 
 
c-------------------------------------------------------------------------------
 
C  superstage partition information
C  ================================
C
C  element symbol   : AR
C  parent template  : 
C  partition level  :  1
C  superstage label : 16
C
C  tabulation       : photon emissivity coefft (te,ne)
C  units            : ph. emis coef(cm^3 s^-1); te (ev); ne (cm^-3)
C
C  photon emissivity atomic transitions
C  ------------------------------------
C  
C   isel  wvlen(A)            transition                type  ispb nspb
C                                                             ispp nspp sz    tg pr wr
C  ----- ---------- ----------------------------------- ----- ---- ---- --    -- -- --
C      1   3.08874   46(1)1(  1.0)-  1(1)0(  0.0)       excit   1    1  16    22  7  1
C      2   3.12621   36(1)1(  1.0)-  1(1)0(  0.0)       excit   1    1  16    17  5  2
C      3   3.19763   26(1)1(  1.0)-  1(1)0(  0.0)       excit   1    1  16    12  3  3
C      4   3.36361   17(1)1(  1.0)-  1(1)0(  0.0)       excit   1    1  16     8  2  4
C      5   3.36718   11(3)1(  1.0)-  1(1)0(  0.0)       excit   1    1  16     5 27  5
C      6   3.94817    7(1)1(  1.0)-  1(1)0(  0.0)       excit   1    1  16     3  1  6
C      7   3.96626    5(3)1(  1.0)-  1(1)0(  0.0)       excit   1    1  16     2  4  7
C      8   13.9321   46(1)1(  1.0)-  3(1)0(  0.0)       excit   1    1  16    84 26  8
C      9   14.1893   47(1)2(  2.0)-  7(1)1(  1.0)       excit   1    1  16   205 28  9
C     10   14.1988   39(1)0(  0.0)-  7(1)1(  1.0)       excit   1    1  16   199 25 10
C     11   14.4436   31(3)1(  1.0)-  2(3)0(  1.0)       excit   1    1  16    48 43 11
C     12   14.7285   36(1)1(  1.0)-  3(1)0(  0.0)       excit   1    1  16    79 19 12
C     13   14.7617   34(3)2(  2.0)-  5(3)1(  1.0)       excit   1    1  16   126 47 13
C     14   15.0160   37(1)2(  2.0)-  7(1)1(  1.0)       excit   1    1  16   197 20 14
C     15   15.0346   29(1)0(  0.0)-  7(1)1(  1.0)       excit   1    1  16   191 18 15
C     16   16.1223   21(3)1(  1.0)-  2(3)0(  1.0)       excit   1    1  16    39 31 16
C     17   16.4606   26(1)1(  1.0)-  3(1)0(  0.0)       excit   1    1  16    74 12 17
C     18   16.4998   27(1)2(  2.0)-  5(3)1(  1.0)       excit   1    1  16   120 46 18
C     19   16.5039   24(3)2(  2.0)-  5(3)1(  1.0)       excit   1    1  16   118 34 19
C     20   16.8205   27(1)2(  2.0)-  7(1)1(  1.0)       excit   1    1  16   189 13 20
C     21   16.8659   19(1)0(  0.0)-  7(1)1(  1.0)       excit   1    1  16   183 11 21
C     22   21.5175   12(3)1(  2.0)-  2(3)0(  1.0)       excit   1    1  16    31 29 22
C     23   21.5478   11(3)1(  1.0)-  2(3)0(  1.0)       excit   1    1  16    30 15 23
C     24   22.0654   17(1)1(  1.0)-  3(1)0(  0.0)       excit   1    1  16    70 10 24
C     25   22.1388   16(1)2(  2.0)-  5(3)1(  1.0)       excit   1    1  16   111 21 25
C     26   22.1553   14(3)2(  2.0)-  5(3)1(  1.0)       excit   1    1  16   110 16 26
C     27   22.2466   16(1)2(  2.0)-  6(3)1(  2.0)       excit   1    1  16   145 33 27
C     28   22.2510   15(3)2(  3.0)-  6(3)1(  2.0)       excit   1    1  16   144 41 28
C     29   22.2633   14(3)2(  2.0)-  6(3)1(  2.0)       excit   1    1  16   143 32 29
C     30   22.3234    9(1)0(  0.0)-  5(3)1(  1.0)       excit   1    1  16   106 40 30
C     31   22.5087    8(3)0(  1.0)-  5(3)1(  1.0)       excit   1    1  16   105 49 31
C     32   22.6202    8(3)0(  1.0)-  6(3)1(  2.0)       excit   1    1  16   138 39 32
C     33   22.7199   16(1)2(  2.0)-  7(1)1(  1.0)       excit   1    1  16   180  9 33
C     34   22.7373   14(3)2(  2.0)-  7(1)1(  1.0)       excit   1    1  16   179 36 34
C     35   22.9143    9(1)0(  0.0)-  7(1)1(  1.0)       excit   1    1  16   175  6 35
C     36   37.2664   46(1)1(  1.0)-  9(1)0(  0.0)       excit   1    1  16   258 45 36
C     37   37.7955   47(1)2(  2.0)- 17(1)1(  1.0)       excit   1    1  16   466 44 37
C     38   37.8636   39(1)0(  0.0)- 17(1)1(  1.0)       excit   1    1  16   460 37 38
C     39   43.5676   36(1)1(  1.0)-  9(1)0(  0.0)       excit   1    1  16   253 38 39
C     40   44.2913   37(1)2(  2.0)- 17(1)1(  1.0)       excit   1    1  16   458 35 40
C     41   44.4533   29(1)0(  0.0)- 17(1)1(  1.0)       excit   1    1  16   452 22 41
C     42   63.2580   26(1)1(  1.0)-  9(1)0(  0.0)       excit   1    1  16   248 24 42
C     43   64.7934   27(1)2(  2.0)- 17(1)1(  1.0)       excit   1    1  16   450 23 43
C     44   65.4722   19(1)0(  0.0)- 17(1)1(  1.0)       excit   1    1  16   444 14 44
C     45   91.0812   39(1)0(  0.0)- 26(1)1(  1.0)       excit   1    1  16   627 42 45
C     46   139.931   37(1)2(  2.0)- 26(1)1(  1.0)       excit   1    1  16   625 50 46
C     47   141.560   29(1)0(  0.0)- 26(1)1(  1.0)       excit   1    1  16   619 30 47
C     48   260.779   39(1)0(  0.0)- 36(1)1(  1.0)       excit   1    1  16   745 48 48
C     49   564.868    6(3)1(  2.0)-  2(3)0(  1.0)       excit   1    1  16    26  8 49
C     50   680.952    4(3)1(  0.0)-  2(3)0(  1.0)       excit   1    1  16    24 17 50
c-------------------------------------------------------------------------------
                                                                                
C  code     : adas810
C  producer : Adam Foster
C  date     : 13/05/09
                                                                                
c-------------------------------------------------------------------------------
