   50    /AR: 1 photon emissivity coefficients/
--------------------------------------------------------------------------------
    1    1    1    1    1    1    1    1    1    1    1    1    1    1
    1    1    1    1    1
--------------------------------------------------------------------------------
//#01/p00/ 00/p01/ 01/p02/ 02/p03/ 03/p04/ 04/p05/ 05/p06/ 06/p07/ 07/p08/ 08/  
      p09/ 09/p10/ 10/p11/ 11/p12/ 12/p13/ 13/p14/ 14/p15/ 15/p16/ 16/p17/ 17/  
      p18/ 18/                                                                  
--------------------------------------------------------------------------------
  409.417    7  14 /pl=01:ss= 1:pb= 1:sz= 1/type=excit/ispb = t/isel =    1
 1.00E+10 1.00E+11 1.00E+12 1.00E+13 1.00E+14 1.00E+15 1.00E+16
 6.89E-02 1.03E-01 1.72E-01 3.45E-01 6.89E-01 1.72E+00 3.45E+00 5.17E+00
 6.89E+00 1.03E+01 1.72E+01 3.45E+01 6.89E+01 1.03E+02
 1.00E-74 1.00E-74 1.00E-74 1.00E-74 2.79E-37 1.92E-20 6.49E-15 4.15E-13
 3.18E-12 2.30E-11 1.02E-10 2.72E-10 3.77E-10 3.89E-10
 1.00E-74 1.00E-74 1.00E-74 1.00E-74 2.79E-37 1.92E-20 6.49E-15 4.15E-13
 3.19E-12 2.30E-11 1.03E-10 2.72E-10 3.78E-10 3.90E-10
 1.00E-74 1.00E-74 1.00E-74 1.00E-74 2.83E-37 1.94E-20 6.55E-15 4.19E-13
 3.22E-12 2.33E-11 1.04E-10 2.76E-10 3.84E-10 3.96E-10
 1.00E-74 1.00E-74 1.00E-74 1.00E-74 3.27E-37 2.13E-20 7.08E-15 4.53E-13
 3.49E-12 2.56E-11 1.17E-10 3.18E-10 4.48E-10 4.62E-10
 1.00E-74 1.00E-74 1.00E-74 1.00E-74 7.27E-37 3.89E-20 1.14E-14 7.04E-13
 5.44E-12 4.14E-11 2.01E-10 5.71E-10 8.19E-10 8.49E-10
 1.00E-74 1.00E-74 1.00E-74 1.00E-74 3.23E-36 1.37E-19 2.93E-14 1.55E-12
 1.11E-11 7.91E-11 3.51E-10 9.01E-10 1.24E-09 1.28E-09
 1.00E-74 1.00E-74 1.00E-74 1.00E-74 8.38E-36 3.90E-19 6.21E-14 2.69E-12
 1.57E-11 7.72E-11 2.27E-10 4.30E-10 5.33E-10 5.48E-10
  413.707    7  14 /pl=01:ss= 1:pb= 1:sz= 1/type=excit/ispb = t/isel =    2
 1.00E+10 1.00E+11 1.00E+12 1.00E+13 1.00E+14 1.00E+15 1.00E+16
 6.89E-02 1.03E-01 1.72E-01 3.45E-01 6.89E-01 1.72E+00 3.45E+00 5.17E+00
 6.89E+00 1.03E+01 1.72E+01 3.45E+01 6.89E+01 1.03E+02
 1.00E-74 1.00E-74 1.00E-74 1.61E-46 7.33E-28 9.91E-17 4.22E-13 6.32E-12
 2.36E-11 8.40E-11 2.17E-10 4.01E-10 4.99E-10 5.17E-10
 1.00E-74 1.00E-74 1.00E-74 1.37E-46 7.31E-28 9.88E-17 4.21E-13 6.30E-12
 2.35E-11 8.38E-11 2.17E-10 4.01E-10 4.98E-10 5.16E-10
 1.00E-74 1.00E-74 1.00E-74 1.34E-46 7.12E-28 9.61E-17 4.10E-13 6.15E-12
 2.30E-11 8.21E-11 2.13E-10 3.94E-10 4.91E-10 5.08E-10
 1.00E-74 1.00E-74 1.00E-74 1.26E-46 6.55E-28 8.67E-17 3.69E-13 5.54E-12
 2.08E-11 7.44E-11 1.93E-10 3.60E-10 4.49E-10 4.67E-10
 1.00E-74 1.00E-74 1.00E-74 1.35E-46 6.92E-28 8.95E-17 3.75E-13 5.57E-12
 2.07E-11 7.25E-11 1.82E-10 3.23E-10 3.92E-10 4.03E-10
 1.00E-74 1.00E-74 1.00E-74 2.02E-46 9.89E-28 1.20E-16 4.83E-13 6.98E-12
 2.52E-11 8.33E-11 1.91E-10 3.08E-10 3.54E-10 3.57E-10
 1.00E-74 1.00E-74 1.00E-74 2.65E-46 1.41E-27 1.78E-16 6.72E-13 8.85E-12
 2.80E-11 7.29E-11 1.28E-10 1.72E-10 1.89E-10 1.91E-10
  426.281    7  14 /pl=01:ss= 1:pb= 1:sz= 1/type=excit/ispb = t/isel =    3
 1.00E+10 1.00E+11 1.00E+12 1.00E+13 1.00E+14 1.00E+15 1.00E+16
 6.89E-02 1.03E-01 1.72E-01 3.45E-01 6.89E-01 1.72E+00 3.45E+00 5.17E+00
 6.89E+00 1.03E+01 1.72E+01 3.45E+01 6.89E+01 1.03E+02
 1.00E-74 1.00E-74 1.00E-74 6.22E-45 9.06E-27 5.65E-16 1.86E-12 2.56E-11
 9.19E-11 3.12E-10 7.73E-10 1.38E-09 1.71E-09 1.77E-09
 1.00E-74 1.00E-74 1.00E-74 6.09E-45 9.08E-27 5.66E-16 1.87E-12 2.56E-11
 9.20E-11 3.12E-10 7.74E-10 1.38E-09 1.71E-09 1.77E-09
 1.00E-74 1.00E-74 1.00E-74 6.14E-45 9.13E-27 5.70E-16 1.88E-12 2.58E-11
 9.25E-11 3.14E-10 7.77E-10 1.39E-09 1.70E-09 1.76E-09
 1.00E-74 1.00E-74 1.00E-74 6.11E-45 9.03E-27 5.62E-16 1.85E-12 2.54E-11
 9.14E-11 3.10E-10 7.65E-10 1.36E-09 1.67E-09 1.73E-09
 1.00E-74 1.00E-74 1.00E-74 6.12E-45 8.90E-27 5.43E-16 1.78E-12 2.43E-11
 8.65E-11 2.89E-10 6.97E-10 1.20E-09 1.45E-09 1.50E-09
 1.00E-74 1.00E-74 1.00E-74 8.57E-45 1.17E-26 6.62E-16 2.06E-12 2.74E-11
 9.50E-11 3.01E-10 6.67E-10 1.05E-09 1.19E-09 1.20E-09
 1.00E-74 1.00E-74 1.00E-74 1.11E-44 1.65E-26 9.62E-16 2.81E-12 3.40E-11
 1.03E-10 2.57E-10 4.38E-10 5.73E-10 6.21E-10 6.26E-10
  441.663    7  14 /pl=01:ss= 1:pb= 1:sz= 1/type=excit/ispb = t/isel =    4
 1.00E+10 1.00E+11 1.00E+12 1.00E+13 1.00E+14 1.00E+15 1.00E+16
 6.89E-02 1.03E-01 1.72E-01 3.45E-01 6.89E-01 1.72E+00 3.45E+00 5.17E+00
 6.89E+00 1.03E+01 1.72E+01 3.45E+01 6.89E+01 1.03E+02
 1.00E-74 1.00E-74 1.00E-74 2.80E-43 9.55E-26 2.47E-15 6.07E-12 7.54E-11
 2.57E-10 8.30E-10 1.98E-09 3.44E-09 4.16E-09 4.27E-09
 1.00E-74 1.00E-74 1.00E-74 2.79E-43 9.55E-26 2.47E-15 6.07E-12 7.54E-11
 2.57E-10 8.30E-10 1.98E-09 3.44E-09 4.16E-09 4.26E-09
 1.00E-74 1.00E-74 1.00E-74 2.79E-43 9.53E-26 2.47E-15 6.06E-12 7.53E-11
 2.56E-10 8.28E-10 1.97E-09 3.43E-09 4.14E-09 4.24E-09
 1.00E-74 1.00E-74 1.00E-74 2.76E-43 9.46E-26 2.45E-15 6.03E-12 7.49E-11
 2.55E-10 8.22E-10 1.95E-09 3.38E-09 4.06E-09 4.17E-09
 1.00E-74 1.00E-74 1.00E-74 2.69E-43 9.26E-26 2.41E-15 5.94E-12 7.37E-11
 2.50E-10 7.96E-10 1.85E-09 3.10E-09 3.68E-09 3.77E-09
 1.00E-74 1.00E-74 1.00E-74 3.04E-43 9.84E-26 2.42E-15 5.81E-12 7.11E-11
 2.36E-10 7.23E-10 1.57E-09 2.44E-09 2.79E-09 2.82E-09
 1.00E-74 1.00E-74 1.00E-74 3.71E-43 1.26E-25 3.07E-15 6.72E-12 7.40E-11
 2.15E-10 5.11E-10 8.40E-10 1.07E-09 1.15E-09 1.16E-09
  444.312    7  14 /pl=01:ss= 1:pb= 1:sz= 1/type=excit/ispb = t/isel =    5
 1.00E+10 1.00E+11 1.00E+12 1.00E+13 1.00E+14 1.00E+15 1.00E+16
 6.89E-02 1.03E-01 1.72E-01 3.45E-01 6.89E-01 1.72E+00 3.45E+00 5.17E+00
 6.89E+00 1.03E+01 1.72E+01 3.45E+01 6.89E+01 1.03E+02
 1.00E-74 1.00E-74 1.00E-74 1.67E-42 4.48E-25 1.00E-14 2.35E-11 2.88E-10
 9.73E-10 3.13E-09 7.49E-09 1.30E-08 1.59E-08 1.63E-08
 1.00E-74 1.00E-74 1.00E-74 1.67E-42 4.48E-25 1.00E-14 2.35E-11 2.88E-10
 9.73E-10 3.13E-09 7.48E-09 1.30E-08 1.59E-08 1.63E-08
 1.00E-74 1.00E-74 1.00E-74 1.66E-42 4.47E-25 9.98E-15 2.34E-11 2.88E-10
 9.71E-10 3.12E-09 7.46E-09 1.30E-08 1.58E-08 1.62E-08
 1.00E-74 1.00E-74 1.00E-74 1.64E-42 4.42E-25 9.88E-15 2.32E-11 2.85E-10
 9.63E-10 3.09E-09 7.36E-09 1.28E-08 1.55E-08 1.59E-08
 1.00E-74 1.00E-74 1.00E-74 1.61E-42 4.33E-25 9.71E-15 2.28E-11 2.80E-10
 9.40E-10 2.98E-09 6.90E-09 1.16E-08 1.38E-08 1.42E-08
 1.00E-74 1.00E-74 1.00E-74 2.03E-42 5.09E-25 1.06E-14 2.40E-11 2.88E-10
 9.47E-10 2.86E-09 6.13E-09 9.44E-09 1.07E-08 1.08E-08
 1.00E-74 1.00E-74 1.00E-74 2.50E-42 6.69E-25 1.40E-14 2.92E-11 3.16E-10
 9.07E-10 2.14E-09 3.50E-09 4.45E-09 4.77E-09 4.80E-09
  445.301    7  14 /pl=01:ss= 1:pb= 1:sz= 1/type=excit/ispb = t/isel =    6
 1.00E+10 1.00E+11 1.00E+12 1.00E+13 1.00E+14 1.00E+15 1.00E+16
 6.89E-02 1.03E-01 1.72E-01 3.45E-01 6.89E-01 1.72E+00 3.45E+00 5.17E+00
 6.89E+00 1.03E+01 1.72E+01 3.45E+01 6.89E+01 1.03E+02
 1.00E-74 1.00E-74 1.00E-74 6.50E-43 1.59E-25 3.39E-15 7.77E-12 9.47E-11
 3.19E-10 1.02E-09 2.43E-09 4.21E-09 5.09E-09 5.22E-09
 1.00E-74 1.00E-74 1.00E-74 6.49E-43 1.59E-25 3.39E-15 7.77E-12 9.47E-11
 3.19E-10 1.02E-09 2.42E-09 4.21E-09 5.08E-09 5.22E-09
 1.00E-74 1.00E-74 1.00E-74 6.45E-43 1.58E-25 3.37E-15 7.73E-12 9.43E-11
 3.17E-10 1.02E-09 2.41E-09 4.19E-09 5.06E-09 5.19E-09
 1.00E-74 1.00E-74 1.00E-74 6.30E-43 1.55E-25 3.29E-15 7.57E-12 9.25E-11
 3.11E-10 1.00E-09 2.37E-09 4.10E-09 4.94E-09 5.07E-09
 1.00E-74 1.00E-74 1.00E-74 5.96E-43 1.47E-25 3.14E-15 7.27E-12 8.87E-11
 2.98E-10 9.45E-10 2.18E-09 3.67E-09 4.37E-09 4.48E-09
 1.00E-74 1.00E-74 1.00E-74 7.21E-43 1.65E-25 3.28E-15 7.30E-12 8.72E-11
 2.86E-10 8.65E-10 1.86E-09 2.87E-09 3.27E-09 3.31E-09
 1.00E-74 1.00E-74 1.00E-74 8.73E-43 2.13E-25 4.24E-15 8.67E-12 9.32E-11
 2.67E-10 6.29E-10 1.03E-09 1.31E-09 1.40E-09 1.41E-09
  451.433    7  14 /pl=01:ss= 1:pb= 1:sz= 1/type=excit/ispb = t/isel =    7
 1.00E+10 1.00E+11 1.00E+12 1.00E+13 1.00E+14 1.00E+15 1.00E+16
 6.89E-02 1.03E-01 1.72E-01 3.45E-01 6.89E-01 1.72E+00 3.45E+00 5.17E+00
 6.89E+00 1.03E+01 1.72E+01 3.45E+01 6.89E+01 1.03E+02
 1.00E-74 1.00E-74 1.00E-74 3.36E-42 4.77E-25 7.28E-15 1.50E-11 1.77E-10
 5.86E-10 1.85E-09 4.33E-09 7.50E-09 9.11E-09 9.40E-09
 1.00E-74 1.00E-74 1.00E-74 3.36E-42 4.77E-25 7.28E-15 1.50E-11 1.77E-10
 5.86E-10 1.85E-09 4.33E-09 7.50E-09 9.11E-09 9.39E-09
 1.00E-74 1.00E-74 1.00E-74 3.36E-42 4.77E-25 7.29E-15 1.50E-11 1.77E-10
 5.86E-10 1.85E-09 4.33E-09 7.47E-09 9.07E-09 9.35E-09
 1.00E-74 1.00E-74 1.00E-74 3.35E-42 4.76E-25 7.28E-15 1.50E-11 1.77E-10
 5.85E-10 1.84E-09 4.29E-09 7.37E-09 8.92E-09 9.19E-09
 1.00E-74 1.00E-74 1.00E-74 3.31E-42 4.70E-25 7.20E-15 1.49E-11 1.75E-10
 5.74E-10 1.78E-09 4.05E-09 6.72E-09 8.00E-09 8.22E-09
 1.00E-74 1.00E-74 1.00E-74 4.51E-42 5.94E-25 8.36E-15 1.65E-11 1.89E-10
 6.07E-10 1.79E-09 3.78E-09 5.75E-09 6.48E-09 6.52E-09
 1.00E-74 1.00E-74 1.00E-74 5.54E-42 7.84E-25 1.12E-14 2.05E-11 2.12E-10
 5.96E-10 1.38E-09 2.21E-09 2.78E-09 2.97E-09 2.99E-09
  455.546    7  14 /pl=01:ss= 1:pb= 1:sz= 1/type=excit/ispb = t/isel =    8
 1.00E+10 1.00E+11 1.00E+12 1.00E+13 1.00E+14 1.00E+15 1.00E+16
 6.89E-02 1.03E-01 1.72E-01 3.45E-01 6.89E-01 1.72E+00 3.45E+00 5.17E+00
 6.89E+00 1.03E+01 1.72E+01 3.45E+01 6.89E+01 1.03E+02
 1.00E-74 1.00E-74 1.00E-74 1.66E-42 1.65E-25 2.03E-15 3.89E-12 4.45E-11
 1.46E-10 4.51E-10 1.05E-09 1.79E-09 2.14E-09 2.20E-09
 1.00E-74 1.00E-74 1.00E-74 1.66E-42 1.65E-25 2.03E-15 3.89E-12 4.45E-11
 1.46E-10 4.51E-10 1.05E-09 1.79E-09 2.14E-09 2.20E-09
 1.00E-74 1.00E-74 1.00E-74 1.66E-42 1.66E-25 2.03E-15 3.89E-12 4.45E-11
 1.46E-10 4.52E-10 1.05E-09 1.79E-09 2.14E-09 2.19E-09
 1.00E-74 1.00E-74 1.00E-74 1.66E-42 1.65E-25 2.03E-15 3.89E-12 4.46E-11
 1.46E-10 4.51E-10 1.04E-09 1.77E-09 2.11E-09 2.16E-09
 1.00E-74 1.00E-74 1.00E-74 1.60E-42 1.60E-25 1.99E-15 3.85E-12 4.42E-11
 1.44E-10 4.42E-10 1.00E-09 1.65E-09 1.94E-09 1.98E-09
 1.00E-74 1.00E-74 1.00E-74 2.21E-42 2.02E-25 2.28E-15 4.17E-12 4.67E-11
 1.49E-10 4.37E-10 9.18E-10 1.40E-09 1.58E-09 1.59E-09
 1.00E-74 1.00E-74 1.00E-74 2.57E-42 2.54E-25 2.92E-15 4.96E-12 5.02E-11
 1.39E-10 3.19E-10 5.08E-10 6.36E-10 6.77E-10 6.81E-10
  456.919    7  14 /pl=01:ss= 1:pb= 1:sz= 1/type=excit/ispb = t/isel =    9
 1.00E+10 1.00E+11 1.00E+12 1.00E+13 1.00E+14 1.00E+15 1.00E+16
 6.89E-02 1.03E-01 1.72E-01 3.45E-01 6.89E-01 1.72E+00 3.45E+00 5.17E+00
 6.89E+00 1.03E+01 1.72E+01 3.45E+01 6.89E+01 1.03E+02
 1.00E-74 1.00E-74 1.00E-74 7.45E-42 6.55E-25 7.51E-15 1.41E-11 1.61E-10
 5.24E-10 1.63E-09 3.79E-09 6.49E-09 7.83E-09 8.03E-09
 1.00E-74 1.00E-74 1.00E-74 7.45E-42 6.55E-25 7.51E-15 1.41E-11 1.61E-10
 5.24E-10 1.63E-09 3.79E-09 6.49E-09 7.82E-09 8.03E-09
 1.00E-74 1.00E-74 1.00E-74 7.45E-42 6.54E-25 7.51E-15 1.41E-11 1.61E-10
 5.24E-10 1.63E-09 3.78E-09 6.47E-09 7.79E-09 7.99E-09
 1.00E-74 1.00E-74 1.00E-74 7.24E-42 6.39E-25 7.38E-15 1.39E-11 1.59E-10
 5.18E-10 1.61E-09 3.73E-09 6.35E-09 7.63E-09 7.83E-09
 1.00E-74 1.00E-74 1.00E-74 6.58E-42 5.86E-25 6.90E-15 1.32E-11 1.51E-10
 4.92E-10 1.52E-09 3.44E-09 5.71E-09 6.76E-09 6.92E-09
 1.00E-74 1.00E-74 1.00E-74 9.61E-42 7.82E-25 8.18E-15 1.45E-11 1.62E-10
 5.13E-10 1.50E-09 3.17E-09 4.84E-09 5.47E-09 5.50E-09
 1.00E-74 1.00E-74 1.00E-74 1.10E-41 9.67E-25 1.04E-14 1.72E-11 1.73E-10
 4.78E-10 1.09E-09 1.73E-09 2.17E-09 2.32E-09 2.34E-09
  461.900    7  14 /pl=01:ss= 1:pb= 1:sz= 1/type=excit/ispb = t/isel =   10
 1.00E+10 1.00E+11 1.00E+12 1.00E+13 1.00E+14 1.00E+15 1.00E+16
 6.89E-02 1.03E-01 1.72E-01 3.45E-01 6.89E-01 1.72E+00 3.45E+00 5.17E+00
 6.89E+00 1.03E+01 1.72E+01 3.45E+01 6.89E+01 1.03E+02
 1.00E-74 1.00E-74 1.00E-74 8.93E-42 5.14E-25 4.57E-15 7.90E-12 8.84E-11
 2.86E-10 8.84E-10 2.06E-09 3.53E-09 4.26E-09 4.38E-09
 1.00E-74 1.00E-74 1.00E-74 8.93E-42 5.13E-25 4.57E-15 7.90E-12 8.84E-11
 2.86E-10 8.84E-10 2.06E-09 3.53E-09 4.26E-09 4.38E-09
 1.00E-74 1.00E-74 1.00E-74 8.88E-42 5.11E-25 4.56E-15 7.89E-12 8.82E-11
 2.85E-10 8.82E-10 2.05E-09 3.52E-09 4.24E-09 4.36E-09
 1.00E-74 1.00E-74 1.00E-74 8.43E-42 4.89E-25 4.40E-15 7.65E-12 8.58E-11
 2.78E-10 8.60E-10 2.00E-09 3.42E-09 4.12E-09 4.24E-09
 1.00E-74 1.00E-74 1.00E-74 7.51E-42 4.36E-25 4.00E-15 7.05E-12 7.92E-11
 2.56E-10 7.84E-10 1.78E-09 2.96E-09 3.53E-09 3.63E-09
 1.00E-74 1.00E-74 1.00E-74 1.17E-41 6.19E-25 4.99E-15 8.11E-12 8.76E-11
 2.74E-10 7.92E-10 1.65E-09 2.51E-09 2.83E-09 2.85E-09
 1.00E-74 1.00E-74 1.00E-74 1.33E-41 7.60E-25 6.33E-15 9.64E-12 9.39E-11
 2.56E-10 5.76E-10 9.05E-10 1.12E-09 1.20E-09 1.20E-09
  463.871    7  14 /pl=01:ss= 1:pb= 1:sz= 1/type=excit/ispb = t/isel =   11
 1.00E+10 1.00E+11 1.00E+12 1.00E+13 1.00E+14 1.00E+15 1.00E+16
 6.89E-02 1.03E-01 1.72E-01 3.45E-01 6.89E-01 1.72E+00 3.45E+00 5.17E+00
 6.89E+00 1.03E+01 1.72E+01 3.45E+01 6.89E+01 1.03E+02
 1.00E-74 1.00E-74 1.00E-74 1.24E-41 6.06E-25 4.90E-15 8.22E-12 9.08E-11
 2.93E-10 9.06E-10 2.10E-09 3.62E-09 4.37E-09 4.48E-09
 1.00E-74 1.00E-74 1.00E-74 1.24E-41 6.06E-25 4.90E-15 8.21E-12 9.07E-11
 2.93E-10 9.06E-10 2.10E-09 3.61E-09 4.36E-09 4.48E-09
 1.00E-74 1.00E-74 1.00E-74 1.24E-41 6.03E-25 4.88E-15 8.19E-12 9.05E-11
 2.92E-10 9.03E-10 2.09E-09 3.60E-09 4.34E-09 4.46E-09
 1.00E-74 1.00E-74 1.00E-74 1.17E-41 5.75E-25 4.70E-15 7.92E-12 8.78E-11
 2.84E-10 8.78E-10 2.03E-09 3.48E-09 4.21E-09 4.32E-09
 1.00E-74 1.00E-74 1.00E-74 1.03E-41 5.08E-25 4.22E-15 7.21E-12 8.00E-11
 2.58E-10 7.88E-10 1.78E-09 2.98E-09 3.55E-09 3.66E-09
 1.00E-74 1.00E-74 1.00E-74 1.58E-41 7.14E-25 5.22E-15 8.21E-12 8.77E-11
 2.73E-10 7.86E-10 1.63E-09 2.48E-09 2.79E-09 2.82E-09
 1.00E-74 1.00E-74 1.00E-74 1.80E-41 8.75E-25 6.60E-15 9.72E-12 9.37E-11
 2.54E-10 5.68E-10 8.89E-10 1.10E-09 1.17E-09 1.18E-09
  470.396    7  14 /pl=01:ss= 1:pb= 1:sz= 1/type=excit/ispb = t/isel =   12
 1.00E+10 1.00E+11 1.00E+12 1.00E+13 1.00E+14 1.00E+15 1.00E+16
 6.89E-02 1.03E-01 1.72E-01 3.45E-01 6.89E-01 1.72E+00 3.45E+00 5.17E+00
 6.89E+00 1.03E+01 1.72E+01 3.45E+01 6.89E+01 1.03E+02
 1.00E-74 1.00E-74 1.00E-74 6.19E-42 1.76E-25 1.03E-15 1.55E-12 1.66E-11
 5.26E-11 1.60E-10 3.68E-10 6.29E-10 7.59E-10 7.78E-10
 1.00E-74 1.00E-74 1.00E-74 6.18E-42 1.76E-25 1.03E-15 1.55E-12 1.66E-11
 5.25E-11 1.60E-10 3.68E-10 6.29E-10 7.58E-10 7.77E-10
 1.00E-74 1.00E-74 1.00E-74 6.05E-42 1.73E-25 1.01E-15 1.53E-12 1.64E-11
 5.20E-11 1.59E-10 3.65E-10 6.23E-10 7.51E-10 7.71E-10
 1.00E-74 1.00E-74 1.00E-74 5.23E-42 1.52E-25 9.13E-16 1.40E-12 1.52E-11
 4.83E-11 1.48E-10 3.43E-10 5.89E-10 7.13E-10 7.35E-10
 1.00E-74 1.00E-74 1.00E-74 4.18E-42 1.20E-25 7.40E-16 1.16E-12 1.26E-11
 4.02E-11 1.23E-10 2.80E-10 4.72E-10 5.68E-10 5.86E-10
 1.00E-74 1.00E-74 1.00E-74 6.77E-42 1.79E-25 9.49E-16 1.34E-12 1.38E-11
 4.24E-11 1.21E-10 2.50E-10 3.80E-10 4.31E-10 4.36E-10
 1.00E-74 1.00E-74 1.00E-74 7.56E-42 2.15E-25 1.18E-15 1.56E-12 1.45E-11
 3.86E-11 8.48E-11 1.31E-10 1.61E-10 1.71E-10 1.73E-10
  479.026    7  14 /pl=01:ss= 1:pb= 1:sz= 1/type=excit/ispb = t/isel =   13
 1.00E+10 1.00E+11 1.00E+12 1.00E+13 1.00E+14 1.00E+15 1.00E+16
 6.89E-02 1.03E-01 1.72E-01 3.45E-01 6.89E-01 1.72E+00 3.45E+00 5.17E+00
 6.89E+00 1.03E+01 1.72E+01 3.45E+01 6.89E+01 1.03E+02
 1.00E-74 1.00E-74 1.00E-74 1.28E-40 1.83E-24 7.09E-15 9.25E-12 9.33E-11
 2.87E-10 8.40E-10 1.85E-09 3.08E-09 3.68E-09 3.77E-09
 1.00E-74 1.00E-74 1.00E-74 1.28E-40 1.83E-24 7.09E-15 9.26E-12 9.34E-11
 2.87E-10 8.40E-10 1.85E-09 3.08E-09 3.68E-09 3.77E-09
 1.00E-74 1.00E-74 1.00E-74 1.29E-40 1.84E-24 7.10E-15 9.27E-12 9.35E-11
 2.87E-10 8.40E-10 1.85E-09 3.07E-09 3.67E-09 3.75E-09
 1.00E-74 1.00E-74 1.00E-74 1.29E-40 1.84E-24 7.10E-15 9.28E-12 9.35E-11
 2.87E-10 8.39E-10 1.84E-09 3.04E-09 3.62E-09 3.70E-09
 1.00E-74 1.00E-74 1.00E-74 1.27E-40 1.81E-24 7.00E-15 9.16E-12 9.24E-11
 2.83E-10 8.17E-10 1.76E-09 2.82E-09 3.31E-09 3.38E-09
 1.00E-74 1.00E-74 1.00E-74 1.56E-40 2.11E-24 7.65E-15 9.57E-12 9.45E-11
 2.83E-10 7.82E-10 1.57E-09 2.33E-09 2.61E-09 2.63E-09
 1.00E-74 1.00E-74 1.00E-74 1.82E-40 2.60E-24 9.47E-15 1.10E-11 9.79E-11
 2.55E-10 5.48E-10 8.31E-10 1.00E-09 1.05E-09 1.06E-09
  480.360    7  14 /pl=01:ss= 1:pb= 1:sz= 1/type=excit/ispb = t/isel =   14
 1.00E+10 1.00E+11 1.00E+12 1.00E+13 1.00E+14 1.00E+15 1.00E+16
 6.89E-02 1.03E-01 1.72E-01 3.45E-01 6.89E-01 1.72E+00 3.45E+00 5.17E+00
 6.89E+00 1.03E+01 1.72E+01 3.45E+01 6.89E+01 1.03E+02
 1.00E-74 1.00E-74 1.00E-74 2.44E-40 3.15E-24 1.14E-14 1.46E-11 1.46E-10
 4.46E-10 1.30E-09 2.87E-09 4.78E-09 5.76E-09 5.94E-09
 1.00E-74 1.00E-74 1.00E-74 2.45E-40 3.16E-24 1.14E-14 1.46E-11 1.46E-10
 4.47E-10 1.31E-09 2.88E-09 4.79E-09 5.76E-09 5.94E-09
 1.00E-74 1.00E-74 1.00E-74 2.56E-40 3.28E-24 1.18E-14 1.50E-11 1.50E-10
 4.57E-10 1.33E-09 2.93E-09 4.84E-09 5.80E-09 5.97E-09
 1.00E-74 1.00E-74 1.00E-74 2.66E-40 3.40E-24 1.23E-14 1.57E-11 1.57E-10
 4.78E-10 1.39E-09 3.05E-09 5.01E-09 5.95E-09 6.08E-09
 1.00E-74 1.00E-74 1.00E-74 2.58E-40 3.27E-24 1.20E-14 1.57E-11 1.58E-10
 4.85E-10 1.41E-09 3.04E-09 4.86E-09 5.65E-09 5.73E-09
 1.00E-74 1.00E-74 1.00E-74 4.23E-40 5.06E-24 1.67E-14 2.00E-11 1.95E-10
 5.81E-10 1.60E-09 3.22E-09 4.76E-09 5.30E-09 5.30E-09
 1.00E-74 1.00E-74 1.00E-74 4.78E-40 6.15E-24 2.10E-14 2.37E-11 2.09E-10
 5.42E-10 1.16E-09 1.75E-09 2.12E-09 2.23E-09 2.24E-09
  481.726    7  14 /pl=01:ss= 1:pb= 1:sz= 1/type=excit/ispb = t/isel =   15
 1.00E+10 1.00E+11 1.00E+12 1.00E+13 1.00E+14 1.00E+15 1.00E+16
 6.89E-02 1.03E-01 1.72E-01 3.45E-01 6.89E-01 1.72E+00 3.45E+00 5.17E+00
 6.89E+00 1.03E+01 1.72E+01 3.45E+01 6.89E+01 1.03E+02
 1.00E-74 1.00E-74 1.00E-74 2.10E-40 2.44E-24 8.30E-15 1.04E-11 1.03E-10
 3.14E-10 9.16E-10 2.03E-09 3.36E-09 4.03E-09 4.15E-09
 1.00E-74 1.00E-74 1.00E-74 2.11E-40 2.45E-24 8.32E-15 1.04E-11 1.04E-10
 3.15E-10 9.17E-10 2.03E-09 3.36E-09 4.03E-09 4.15E-09
 1.00E-74 1.00E-74 1.00E-74 2.16E-40 2.49E-24 8.46E-15 1.05E-11 1.05E-10
 3.19E-10 9.27E-10 2.04E-09 3.38E-09 4.04E-09 4.16E-09
 1.00E-74 1.00E-74 1.00E-74 2.16E-40 2.50E-24 8.53E-15 1.07E-11 1.07E-10
 3.24E-10 9.44E-10 2.07E-09 3.41E-09 4.05E-09 4.16E-09
 1.00E-74 1.00E-74 1.00E-74 2.05E-40 2.35E-24 8.16E-15 1.05E-11 1.05E-10
 3.21E-10 9.32E-10 2.02E-09 3.23E-09 3.75E-09 3.82E-09
 1.00E-74 1.00E-74 1.00E-74 3.32E-40 3.59E-24 1.11E-14 1.31E-11 1.27E-10
 3.76E-10 1.04E-09 2.08E-09 3.07E-09 3.43E-09 3.44E-09
 1.00E-74 1.00E-74 1.00E-74 3.73E-40 4.32E-24 1.38E-14 1.53E-11 1.34E-10
 3.47E-10 7.38E-10 1.11E-09 1.35E-09 1.42E-09 1.42E-09
  495.744    7  14 /pl=01:ss= 1:pb= 1:sz= 1/type=excit/ispb = t/isel =   16
 1.00E+10 1.00E+11 1.00E+12 1.00E+13 1.00E+14 1.00E+15 1.00E+16
 6.89E-02 1.03E-01 1.72E-01 3.45E-01 6.89E-01 1.72E+00 3.45E+00 5.17E+00
 6.89E+00 1.03E+01 1.72E+01 3.45E+01 6.89E+01 1.03E+02
 1.00E-74 1.00E-74 1.00E-74 1.38E-40 6.01E-25 1.18E-15 1.24E-12 1.17E-11
 3.48E-11 9.92E-11 2.16E-10 3.58E-10 4.28E-10 4.40E-10
 1.00E-74 1.00E-74 1.00E-74 1.39E-40 6.05E-25 1.18E-15 1.25E-12 1.18E-11
 3.50E-11 9.98E-11 2.18E-10 3.60E-10 4.30E-10 4.42E-10
 1.00E-74 1.00E-74 1.00E-74 1.47E-40 6.33E-25 1.23E-15 1.30E-12 1.23E-11
 3.66E-11 1.05E-10 2.28E-10 3.75E-10 4.44E-10 4.54E-10
 1.00E-74 1.00E-74 1.00E-74 1.58E-40 6.65E-25 1.29E-15 1.37E-12 1.32E-11
 3.95E-11 1.14E-10 2.51E-10 4.16E-10 4.91E-10 5.00E-10
 1.00E-74 1.00E-74 1.00E-74 1.74E-40 6.87E-25 1.30E-15 1.40E-12 1.34E-11
 4.03E-11 1.16E-10 2.51E-10 4.05E-10 4.70E-10 4.75E-10
 1.00E-74 1.00E-74 1.00E-74 3.06E-40 1.16E-24 1.91E-15 1.82E-12 1.65E-11
 4.73E-11 1.26E-10 2.48E-10 3.63E-10 4.06E-10 4.08E-10
 1.00E-74 1.00E-74 1.00E-74 3.37E-40 1.36E-24 2.32E-15 2.08E-12 1.70E-11
 4.24E-11 8.72E-11 1.28E-10 1.52E-10 1.58E-10 1.59E-10
  495.793    7  14 /pl=01:ss= 1:pb= 1:sz= 1/type=excit/ispb = t/isel =   17
 1.00E+10 1.00E+11 1.00E+12 1.00E+13 1.00E+14 1.00E+15 1.00E+16
 6.89E-02 1.03E-01 1.72E-01 3.45E-01 6.89E-01 1.72E+00 3.45E+00 5.17E+00
 6.89E+00 1.03E+01 1.72E+01 3.45E+01 6.89E+01 1.03E+02
 1.00E-74 1.00E-74 1.00E-74 2.78E-40 1.13E-24 2.05E-15 2.10E-12 1.97E-11
 5.89E-11 1.69E-10 3.74E-10 6.28E-10 7.62E-10 7.89E-10
 1.00E-74 1.00E-74 1.00E-74 2.79E-40 1.13E-24 2.05E-15 2.10E-12 1.98E-11
 5.90E-11 1.70E-10 3.75E-10 6.29E-10 7.62E-10 7.89E-10
 1.00E-74 1.00E-74 1.00E-74 2.88E-40 1.16E-24 2.09E-15 2.14E-12 2.01E-11
 6.00E-11 1.72E-10 3.80E-10 6.35E-10 7.67E-10 7.92E-10
 1.00E-74 1.00E-74 1.00E-74 3.17E-40 1.24E-24 2.22E-15 2.27E-12 2.13E-11
 6.35E-11 1.82E-10 3.99E-10 6.61E-10 7.90E-10 8.12E-10
 1.00E-74 1.00E-74 1.00E-74 3.62E-40 1.37E-24 2.41E-15 2.48E-12 2.34E-11
 6.93E-11 1.96E-10 4.18E-10 6.66E-10 7.74E-10 7.87E-10
 1.00E-74 1.00E-74 1.00E-74 5.32E-40 2.01E-24 3.31E-15 3.16E-12 2.86E-11
 8.19E-11 2.18E-10 4.26E-10 6.22E-10 6.93E-10 6.96E-10
 1.00E-74 1.00E-74 1.00E-74 5.83E-40 2.36E-24 4.01E-15 3.60E-12 2.94E-11
 7.34E-11 1.51E-10 2.22E-10 2.63E-10 2.74E-10 2.75E-10
  507.339    7  14 /pl=01:ss= 1:pb= 1:sz= 1/type=excit/ispb = t/isel =   18
 1.00E+10 1.00E+11 1.00E+12 1.00E+13 1.00E+14 1.00E+15 1.00E+16
 6.89E-02 1.03E-01 1.72E-01 3.45E-01 6.89E-01 1.72E+00 3.45E+00 5.17E+00
 6.89E+00 1.03E+01 1.72E+01 3.45E+01 6.89E+01 1.03E+02
 1.00E-74 1.00E-74 1.00E-74 6.23E-40 1.23E-24 1.67E-15 1.63E-12 1.53E-11
 4.56E-11 1.32E-10 2.94E-10 4.95E-10 5.94E-10 6.08E-10
 1.00E-74 1.00E-74 1.00E-74 6.24E-40 1.23E-24 1.66E-15 1.62E-12 1.52E-11
 4.54E-11 1.31E-10 2.93E-10 4.93E-10 5.92E-10 6.06E-10
 1.00E-74 1.00E-74 1.00E-74 6.39E-40 1.23E-24 1.61E-15 1.56E-12 1.46E-11
 4.34E-11 1.26E-10 2.81E-10 4.76E-10 5.75E-10 5.91E-10
 1.00E-74 1.00E-74 1.00E-74 7.38E-40 1.32E-24 1.56E-15 1.44E-12 1.32E-11
 3.91E-11 1.12E-10 2.49E-10 4.20E-10 5.11E-10 5.30E-10
 1.00E-74 1.00E-74 1.00E-74 1.08E-39 1.79E-24 1.95E-15 1.75E-12 1.58E-11
 4.61E-11 1.29E-10 2.73E-10 4.34E-10 5.04E-10 5.11E-10
 1.00E-74 1.00E-74 1.00E-74 1.78E-39 2.96E-24 2.99E-15 2.42E-12 2.08E-11
 5.83E-11 1.51E-10 2.91E-10 4.21E-10 4.69E-10 4.73E-10
 1.00E-74 1.00E-74 1.00E-74 1.95E-39 3.48E-24 3.60E-15 2.74E-12 2.11E-11
 5.14E-11 1.03E-10 1.48E-10 1.72E-10 1.78E-10 1.78E-10
  510.942    7  14 /pl=01:ss= 1:pb= 1:sz= 1/type=excit/ispb = t/isel =   19
 1.00E+10 1.00E+11 1.00E+12 1.00E+13 1.00E+14 1.00E+15 1.00E+16
 6.89E-02 1.03E-01 1.72E-01 3.45E-01 6.89E-01 1.72E+00 3.45E+00 5.17E+00
 6.89E+00 1.03E+01 1.72E+01 3.45E+01 6.89E+01 1.03E+02
 1.00E-74 1.00E-74 1.00E-74 3.86E-38 5.30E-23 5.04E-14 4.13E-11 3.58E-10
 1.02E-09 2.76E-09 5.78E-09 9.31E-09 1.11E-08 1.15E-08
 1.00E-74 1.00E-74 1.00E-74 3.87E-38 5.31E-23 5.05E-14 4.14E-11 3.58E-10
 1.02E-09 2.77E-09 5.78E-09 9.31E-09 1.11E-08 1.15E-08
 1.00E-74 1.00E-74 1.00E-74 3.95E-38 5.39E-23 5.11E-14 4.18E-11 3.61E-10
 1.02E-09 2.78E-09 5.80E-09 9.31E-09 1.11E-08 1.14E-08
 1.00E-74 1.00E-74 1.00E-74 4.13E-38 5.59E-23 5.26E-14 4.30E-11 3.71E-10
 1.05E-09 2.84E-09 5.89E-09 9.37E-09 1.11E-08 1.14E-08
 1.00E-74 1.00E-74 1.00E-74 4.12E-38 5.55E-23 5.24E-14 4.31E-11 3.73E-10
 1.05E-09 2.83E-09 5.72E-09 8.81E-09 1.02E-08 1.05E-08
 1.00E-74 1.00E-74 1.00E-74 5.07E-38 6.66E-23 5.96E-14 4.67E-11 3.95E-10
 1.09E-09 2.79E-09 5.25E-09 7.44E-09 8.22E-09 8.27E-09
 1.00E-74 1.00E-74 1.00E-74 5.69E-38 7.88E-23 7.09E-14 5.17E-11 3.94E-10
 9.51E-10 1.89E-09 2.69E-09 3.12E-09 3.23E-09 3.23E-09
  517.472    7  14 /pl=01:ss= 1:pb= 1:sz= 1/type=excit/ispb = t/isel =   20
 1.00E+10 1.00E+11 1.00E+12 1.00E+13 1.00E+14 1.00E+15 1.00E+16
 6.89E-02 1.03E-01 1.72E-01 3.45E-01 6.89E-01 1.72E+00 3.45E+00 5.17E+00
 6.89E+00 1.03E+01 1.72E+01 3.45E+01 6.89E+01 1.03E+02
 1.00E-74 1.00E-74 1.00E-74 3.21E-38 2.82E-23 2.06E-14 1.55E-11 1.30E-10
 3.66E-10 9.86E-10 2.05E-09 3.28E-09 3.90E-09 4.01E-09
 1.00E-74 1.00E-74 1.00E-74 3.22E-38 2.83E-23 2.06E-14 1.55E-11 1.31E-10
 3.67E-10 9.86E-10 2.05E-09 3.28E-09 3.90E-09 4.01E-09
 1.00E-74 1.00E-74 1.00E-74 3.28E-38 2.88E-23 2.09E-14 1.57E-11 1.32E-10
 3.70E-10 9.93E-10 2.06E-09 3.28E-09 3.89E-09 4.00E-09
 1.00E-74 1.00E-74 1.00E-74 3.42E-38 2.99E-23 2.16E-14 1.62E-11 1.36E-10
 3.81E-10 1.02E-09 2.10E-09 3.31E-09 3.89E-09 3.99E-09
 1.00E-74 1.00E-74 1.00E-74 3.43E-38 2.97E-23 2.15E-14 1.63E-11 1.38E-10
 3.85E-10 1.02E-09 2.06E-09 3.14E-09 3.62E-09 3.69E-09
 1.00E-74 1.00E-74 1.00E-74 4.11E-38 3.48E-23 2.40E-14 1.72E-11 1.41E-10
 3.86E-10 9.74E-10 1.83E-09 2.58E-09 2.85E-09 2.88E-09
 1.00E-74 1.00E-74 1.00E-74 4.47E-38 3.98E-23 2.75E-14 1.83E-11 1.36E-10
 3.23E-10 6.32E-10 8.93E-10 1.03E-09 1.06E-09 1.06E-09
  532.255    7  14 /pl=01:ss= 1:pb= 1:sz= 1/type=excit/ispb = t/isel =   21
 1.00E+10 1.00E+11 1.00E+12 1.00E+13 1.00E+14 1.00E+15 1.00E+16
 6.89E-02 1.03E-01 1.72E-01 3.45E-01 6.89E-01 1.72E+00 3.45E+00 5.17E+00
 6.89E+00 1.03E+01 1.72E+01 3.45E+01 6.89E+01 1.03E+02
 1.00E-74 1.00E-74 1.00E-74 1.00E-74 1.38E-32 2.17E-18 9.67E-14 3.15E-12
 1.73E-11 8.95E-11 3.06E-10 6.71E-10 8.49E-10 8.57E-10
 1.00E-74 1.00E-74 1.00E-74 1.00E-74 1.38E-32 2.17E-18 9.67E-14 3.15E-12
 1.73E-11 8.95E-11 3.06E-10 6.71E-10 8.49E-10 8.57E-10
 1.00E-74 1.00E-74 1.00E-74 1.00E-74 1.39E-32 2.18E-18 9.73E-14 3.17E-12
 1.74E-11 9.00E-11 3.08E-10 6.74E-10 8.52E-10 8.60E-10
 1.00E-74 1.00E-74 1.00E-74 1.00E-74 1.52E-32 2.32E-18 1.03E-13 3.34E-12
 1.83E-11 9.47E-11 3.24E-10 7.09E-10 8.95E-10 9.02E-10
 1.00E-74 1.00E-74 1.00E-74 1.00E-74 3.17E-32 3.85E-18 1.53E-13 4.77E-12
 2.57E-11 1.31E-10 4.42E-10 9.48E-10 1.18E-09 1.18E-09
 1.00E-74 1.00E-74 1.00E-74 1.00E-74 1.02E-31 1.01E-17 3.10E-13 8.57E-12
 4.32E-11 2.06E-10 6.42E-10 1.26E-09 1.51E-09 1.51E-09
 1.00E-74 1.00E-74 1.00E-74 1.00E-74 1.09E-31 1.31E-17 3.29E-13 7.80E-12
 3.36E-11 1.21E-10 2.78E-10 4.44E-10 5.13E-10 5.21E-10
  533.740    7  14 /pl=01:ss= 1:pb= 1:sz= 1/type=excit/ispb = t/isel =   22
 1.00E+10 1.00E+11 1.00E+12 1.00E+13 1.00E+14 1.00E+15 1.00E+16
 6.89E-02 1.03E-01 1.72E-01 3.45E-01 6.89E-01 1.72E+00 3.45E+00 5.17E+00
 6.89E+00 1.03E+01 1.72E+01 3.45E+01 6.89E+01 1.03E+02
 1.00E-74 1.00E-74 1.00E-74 3.67E-37 1.12E-22 4.31E-14 2.62E-11 2.06E-10
 5.57E-10 1.45E-09 2.94E-09 4.64E-09 5.44E-09 5.56E-09
 1.00E-74 1.00E-74 1.00E-74 3.67E-37 1.12E-22 4.31E-14 2.62E-11 2.06E-10
 5.57E-10 1.45E-09 2.94E-09 4.63E-09 5.44E-09 5.56E-09
 1.00E-74 1.00E-74 1.00E-74 3.68E-37 1.12E-22 4.31E-14 2.62E-11 2.06E-10
 5.56E-10 1.45E-09 2.94E-09 4.62E-09 5.41E-09 5.53E-09
 1.00E-74 1.00E-74 1.00E-74 3.73E-37 1.13E-22 4.34E-14 2.63E-11 2.07E-10
 5.59E-10 1.45E-09 2.93E-09 4.58E-09 5.35E-09 5.47E-09
 1.00E-74 1.00E-74 1.00E-74 3.93E-37 1.18E-22 4.49E-14 2.72E-11 2.13E-10
 5.72E-10 1.47E-09 2.91E-09 4.43E-09 5.09E-09 5.18E-09
 1.00E-74 1.00E-74 1.00E-74 4.23E-37 1.27E-22 4.74E-14 2.80E-11 2.16E-10
 5.71E-10 1.41E-09 2.62E-09 3.71E-09 4.11E-09 4.14E-09
 1.00E-74 1.00E-74 1.00E-74 4.09E-37 1.27E-22 4.80E-14 2.69E-11 1.89E-10
 4.37E-10 8.38E-10 1.17E-09 1.34E-09 1.39E-09 1.40E-09
  539.034    7  14 /pl=01:ss= 1:pb= 1:sz= 1/type=excit/ispb = t/isel =   23
 1.00E+10 1.00E+11 1.00E+12 1.00E+13 1.00E+14 1.00E+15 1.00E+16
 6.89E-02 1.03E-01 1.72E-01 3.45E-01 6.89E-01 1.72E+00 3.45E+00 5.17E+00
 6.89E+00 1.03E+01 1.72E+01 3.45E+01 6.89E+01 1.03E+02
 1.00E-74 1.00E-74 1.00E-74 1.10E-37 2.69E-23 1.03E-14 6.55E-12 5.26E-11
 1.44E-10 3.80E-10 7.76E-10 1.22E-09 1.43E-09 1.46E-09
 1.00E-74 1.00E-74 1.00E-74 1.10E-37 2.69E-23 1.03E-14 6.53E-12 5.24E-11
 1.44E-10 3.79E-10 7.74E-10 1.22E-09 1.43E-09 1.46E-09
 1.00E-74 1.00E-74 1.00E-74 1.10E-37 2.66E-23 1.00E-14 6.30E-12 5.05E-11
 1.39E-10 3.66E-10 7.50E-10 1.19E-09 1.40E-09 1.43E-09
 1.00E-74 1.00E-74 1.00E-74 1.16E-37 2.66E-23 9.30E-15 5.67E-12 4.51E-11
 1.23E-10 3.24E-10 6.64E-10 1.06E-09 1.26E-09 1.30E-09
 1.00E-74 1.00E-74 1.00E-74 1.40E-37 3.02E-23 1.00E-14 6.04E-12 4.79E-11
 1.30E-10 3.40E-10 6.79E-10 1.04E-09 1.19E-09 1.21E-09
 1.00E-74 1.00E-74 1.00E-74 2.02E-37 4.33E-23 1.31E-14 7.10E-12 5.33E-11
 1.40E-10 3.40E-10 6.23E-10 8.75E-10 9.72E-10 9.83E-10
 1.00E-74 1.00E-74 1.00E-74 2.19E-37 4.90E-23 1.47E-14 7.43E-12 5.01E-11
 1.14E-10 2.13E-10 2.90E-10 3.26E-10 3.34E-10 3.33E-10
  552.312    7  14 /pl=01:ss= 1:pb= 1:sz= 1/type=excit/ispb = t/isel =   24
 1.00E+10 1.00E+11 1.00E+12 1.00E+13 1.00E+14 1.00E+15 1.00E+16
 6.89E-02 1.03E-01 1.72E-01 3.45E-01 6.89E-01 1.72E+00 3.45E+00 5.17E+00
 6.89E+00 1.03E+01 1.72E+01 3.45E+01 6.89E+01 1.03E+02
 1.00E-74 1.00E-74 1.00E-74 4.84E-36 4.75E-22 9.32E-14 4.55E-11 3.31E-10
 8.67E-10 2.17E-09 4.28E-09 6.68E-09 7.95E-09 8.26E-09
 1.00E-74 1.00E-74 1.00E-74 4.84E-36 4.75E-22 9.32E-14 4.55E-11 3.31E-10
 8.66E-10 2.17E-09 4.28E-09 6.68E-09 7.95E-09 8.26E-09
 1.00E-74 1.00E-74 1.00E-74 4.85E-36 4.75E-22 9.32E-14 4.54E-11 3.31E-10
 8.66E-10 2.17E-09 4.27E-09 6.65E-09 7.91E-09 8.22E-09
 1.00E-74 1.00E-74 1.00E-74 4.88E-36 4.78E-22 9.34E-14 4.55E-11 3.32E-10
 8.69E-10 2.17E-09 4.27E-09 6.61E-09 7.83E-09 8.13E-09
 1.00E-74 1.00E-74 1.00E-74 4.99E-36 4.88E-22 9.53E-14 4.67E-11 3.42E-10
 8.94E-10 2.22E-09 4.26E-09 6.37E-09 7.40E-09 7.63E-09
 1.00E-74 1.00E-74 1.00E-74 5.32E-36 5.17E-22 1.01E-13 4.88E-11 3.53E-10
 9.04E-10 2.14E-09 3.83E-09 5.28E-09 5.86E-09 5.97E-09
 1.00E-74 1.00E-74 1.00E-74 5.76E-36 5.78E-22 1.13E-13 5.07E-11 3.30E-10
 7.37E-10 1.36E-09 1.83E-09 2.04E-09 2.10E-09 2.12E-09
  567.933    7  14 /pl=01:ss= 1:pb= 1:sz= 1/type=excit/ispb = t/isel =   25
 1.00E+10 1.00E+11 1.00E+12 1.00E+13 1.00E+14 1.00E+15 1.00E+16
 6.89E-02 1.03E-01 1.72E-01 3.45E-01 6.89E-01 1.72E+00 3.45E+00 5.17E+00
 6.89E+00 1.03E+01 1.72E+01 3.45E+01 6.89E+01 1.03E+02
 1.00E-74 1.00E-74 1.00E-74 6.52E-35 2.61E-21 2.98E-13 1.21E-10 8.31E-10
 2.11E-09 5.12E-09 9.85E-09 1.50E-08 1.75E-08 1.81E-08
 1.00E-74 1.00E-74 1.00E-74 6.52E-35 2.61E-21 2.98E-13 1.21E-10 8.31E-10
 2.11E-09 5.11E-09 9.84E-09 1.50E-08 1.75E-08 1.81E-08
 1.00E-74 1.00E-74 1.00E-74 6.53E-35 2.62E-21 2.99E-13 1.21E-10 8.31E-10
 2.10E-09 5.11E-09 9.82E-09 1.49E-08 1.74E-08 1.80E-08
 1.00E-74 1.00E-74 1.00E-74 6.65E-35 2.65E-21 3.01E-13 1.22E-10 8.36E-10
 2.11E-09 5.11E-09 9.77E-09 1.47E-08 1.72E-08 1.77E-08
 1.00E-74 1.00E-74 1.00E-74 7.00E-35 2.78E-21 3.14E-13 1.27E-10 8.68E-10
 2.18E-09 5.21E-09 9.67E-09 1.40E-08 1.60E-08 1.63E-08
 1.00E-74 1.00E-74 1.00E-74 7.33E-35 2.92E-21 3.29E-13 1.32E-10 8.89E-10
 2.19E-09 5.00E-09 8.62E-09 1.15E-08 1.25E-08 1.26E-08
 1.00E-74 1.00E-74 1.00E-74 7.05E-35 2.90E-21 3.28E-13 1.24E-10 7.64E-10
 1.66E-09 2.96E-09 3.89E-09 4.27E-09 4.36E-09 4.39E-09
  594.258    7  14 /pl=01:ss= 1:pb= 1:sz= 1/type=excit/ispb = t/isel =   26
 1.00E+10 1.00E+11 1.00E+12 1.00E+13 1.00E+14 1.00E+15 1.00E+16
 6.89E-02 1.03E-01 1.72E-01 3.45E-01 6.89E-01 1.72E+00 3.45E+00 5.17E+00
 6.89E+00 1.03E+01 1.72E+01 3.45E+01 6.89E+01 1.03E+02
 1.00E-74 1.00E-74 1.00E-74 8.23E-35 8.17E-22 4.34E-14 1.53E-11 1.04E-10
 2.68E-10 6.67E-10 1.32E-09 2.07E-09 2.44E-09 2.51E-09
 1.00E-74 1.00E-74 1.00E-74 8.23E-35 8.17E-22 4.34E-14 1.52E-11 1.04E-10
 2.67E-10 6.65E-10 1.32E-09 2.06E-09 2.43E-09 2.51E-09
 1.00E-74 1.00E-74 1.00E-74 8.23E-35 8.17E-22 4.32E-14 1.51E-11 1.03E-10
 2.63E-10 6.55E-10 1.30E-09 2.03E-09 2.40E-09 2.48E-09
 1.00E-74 1.00E-74 1.00E-74 8.25E-35 8.17E-22 4.25E-14 1.44E-11 9.69E-11
 2.46E-10 6.07E-10 1.20E-09 1.87E-09 2.23E-09 2.31E-09
 1.00E-74 1.00E-74 1.00E-74 8.34E-35 8.26E-22 4.20E-14 1.37E-11 8.93E-11
 2.21E-10 5.27E-10 9.95E-10 1.50E-09 1.77E-09 1.84E-09
 1.00E-74 1.00E-74 1.00E-74 8.64E-35 8.56E-22 4.32E-14 1.36E-11 8.52E-11
 2.04E-10 4.53E-10 7.77E-10 1.06E-09 1.18E-09 1.22E-09
 1.00E-74 1.00E-74 1.00E-74 8.86E-35 9.08E-22 4.71E-14 1.37E-11 7.71E-11
 1.60E-10 2.73E-10 3.47E-10 3.74E-10 3.80E-10 3.84E-10
  601.659    7  14 /pl=01:ss= 1:pb= 1:sz= 1/type=excit/ispb = t/isel =   27
 1.00E+10 1.00E+11 1.00E+12 1.00E+13 1.00E+14 1.00E+15 1.00E+16
 6.89E-02 1.03E-01 1.72E-01 3.45E-01 6.89E-01 1.72E+00 3.45E+00 5.17E+00
 6.89E+00 1.03E+01 1.72E+01 3.45E+01 6.89E+01 1.03E+02
 1.00E-74 1.00E-74 1.00E-74 1.74E-33 1.19E-20 4.72E-13 1.36E-10 8.36E-10
 2.01E-09 4.64E-09 8.61E-09 1.28E-08 1.49E-08 1.53E-08
 1.00E-74 1.00E-74 1.00E-74 1.74E-33 1.19E-20 4.72E-13 1.36E-10 8.36E-10
 2.01E-09 4.64E-09 8.60E-09 1.28E-08 1.48E-08 1.53E-08
 1.00E-74 1.00E-74 1.00E-74 1.74E-33 1.19E-20 4.72E-13 1.36E-10 8.35E-10
 2.01E-09 4.63E-09 8.57E-09 1.27E-08 1.48E-08 1.52E-08
 1.00E-74 1.00E-74 1.00E-74 1.75E-33 1.20E-20 4.75E-13 1.36E-10 8.38E-10
 2.01E-09 4.62E-09 8.51E-09 1.26E-08 1.45E-08 1.49E-08
 1.00E-74 1.00E-74 1.00E-74 1.78E-33 1.23E-20 4.93E-13 1.42E-10 8.75E-10
 2.09E-09 4.75E-09 8.52E-09 1.21E-08 1.36E-08 1.39E-08
 1.00E-74 1.00E-74 1.00E-74 1.87E-33 1.29E-20 5.21E-13 1.49E-10 9.06E-10
 2.12E-09 4.61E-09 7.66E-09 1.00E-08 1.08E-08 1.09E-08
 1.00E-74 1.00E-74 1.00E-74 1.87E-33 1.32E-20 5.26E-13 1.40E-10 7.68E-10
 1.57E-09 2.65E-09 3.33E-09 3.55E-09 3.59E-09 3.60E-09
  615.510    7  14 /pl=01:ss= 1:pb= 1:sz= 1/type=excit/ispb = t/isel =   28
 1.00E+10 1.00E+11 1.00E+12 1.00E+13 1.00E+14 1.00E+15 1.00E+16
 6.89E-02 1.03E-01 1.72E-01 3.45E-01 6.89E-01 1.72E+00 3.45E+00 5.17E+00
 6.89E+00 1.03E+01 1.72E+01 3.45E+01 6.89E+01 1.03E+02
 1.00E-74 1.00E-74 1.00E-74 4.53E-33 1.58E-20 4.17E-13 1.05E-10 6.18E-10
 1.46E-09 3.30E-09 6.05E-09 8.94E-09 1.04E-08 1.06E-08
 1.00E-74 1.00E-74 1.00E-74 4.53E-33 1.58E-20 4.17E-13 1.05E-10 6.18E-10
 1.46E-09 3.30E-09 6.04E-09 8.93E-09 1.03E-08 1.06E-08
 1.00E-74 1.00E-74 1.00E-74 4.54E-33 1.58E-20 4.17E-13 1.05E-10 6.18E-10
 1.45E-09 3.29E-09 6.02E-09 8.89E-09 1.03E-08 1.06E-08
 1.00E-74 1.00E-74 1.00E-74 4.56E-33 1.59E-20 4.20E-13 1.06E-10 6.23E-10
 1.46E-09 3.31E-09 6.02E-09 8.82E-09 1.02E-08 1.04E-08
 1.00E-74 1.00E-74 1.00E-74 4.65E-33 1.62E-20 4.35E-13 1.11E-10 6.54E-10
 1.54E-09 3.44E-09 6.10E-09 8.60E-09 9.67E-09 9.83E-09
 1.00E-74 1.00E-74 1.00E-74 4.85E-33 1.70E-20 4.59E-13 1.16E-10 6.77E-10
 1.56E-09 3.33E-09 5.48E-09 7.11E-09 7.65E-09 7.69E-09
 1.00E-74 1.00E-74 1.00E-74 4.78E-33 1.72E-20 4.57E-13 1.07E-10 5.59E-10
 1.12E-09 1.85E-09 2.30E-09 2.43E-09 2.45E-09 2.45E-09
  656.224    7  14 /pl=01:ss= 1:pb= 1:sz= 1/type=excit/ispb = t/isel =   29
 1.00E+10 1.00E+11 1.00E+12 1.00E+13 1.00E+14 1.00E+15 1.00E+16
 6.89E-02 1.03E-01 1.72E-01 3.45E-01 6.89E-01 1.72E+00 3.45E+00 5.17E+00
 6.89E+00 1.03E+01 1.72E+01 3.45E+01 6.89E+01 1.03E+02
 1.00E-74 1.00E-74 1.00E-74 2.03E-33 1.23E-21 1.31E-14 2.97E-12 1.95E-11
 5.27E-11 1.49E-10 3.49E-10 6.17E-10 7.38E-10 7.36E-10
 1.00E-74 1.00E-74 1.00E-74 2.03E-33 1.23E-21 1.31E-14 2.99E-12 1.97E-11
 5.31E-11 1.51E-10 3.52E-10 6.22E-10 7.43E-10 7.41E-10
 1.00E-74 1.00E-74 1.00E-74 2.04E-33 1.25E-21 1.34E-14 3.13E-12 2.09E-11
 5.68E-11 1.61E-10 3.76E-10 6.61E-10 7.84E-10 7.79E-10
 1.00E-74 1.00E-74 1.00E-74 2.10E-33 1.36E-21 1.55E-14 3.86E-12 2.64E-11
 7.16E-11 2.00E-10 4.54E-10 7.80E-10 9.18E-10 9.11E-10
 1.00E-74 1.00E-74 1.00E-74 2.21E-33 1.52E-21 1.86E-14 4.89E-12 3.30E-11
 8.62E-11 2.23E-10 4.64E-10 7.47E-10 8.77E-10 8.87E-10
 1.00E-74 1.00E-74 1.00E-74 2.17E-33 1.32E-21 1.34E-14 2.65E-12 1.51E-11
 3.52E-11 7.84E-11 1.39E-10 1.99E-10 2.35E-10 2.49E-10
 1.00E-74 1.00E-74 1.00E-74 1.84E-33 1.10E-21 9.90E-15 1.59E-12 7.39E-12
 1.40E-11 2.21E-11 2.66E-11 2.78E-11 2.82E-11 2.86E-11
  666.413    7  14 /pl=01:ss= 1:pb= 1:sz= 1/type=excit/ispb = t/isel =   30
 1.00E+10 1.00E+11 1.00E+12 1.00E+13 1.00E+14 1.00E+15 1.00E+16
 6.89E-02 1.03E-01 1.72E-01 3.45E-01 6.89E-01 1.72E+00 3.45E+00 5.17E+00
 6.89E+00 1.03E+01 1.72E+01 3.45E+01 6.89E+01 1.03E+02
 1.00E-74 1.00E-74 1.00E-74 4.60E-33 1.93E-21 2.20E-14 5.68E-12 3.66E-11
 9.24E-11 2.30E-10 4.60E-10 7.15E-10 8.07E-10 7.96E-10
 1.00E-74 1.00E-74 1.00E-74 4.60E-33 1.93E-21 2.20E-14 5.69E-12 3.67E-11
 9.27E-11 2.31E-10 4.62E-10 7.18E-10 8.10E-10 7.99E-10
 1.00E-74 1.00E-74 1.00E-74 4.61E-33 1.94E-21 2.22E-14 5.76E-12 3.74E-11
 9.47E-11 2.36E-10 4.74E-10 7.37E-10 8.31E-10 8.18E-10
 1.00E-74 1.00E-74 1.00E-74 4.68E-33 2.00E-21 2.30E-14 6.12E-12 4.03E-11
 1.03E-10 2.59E-10 5.21E-10 8.07E-10 9.04E-10 8.89E-10
 1.00E-74 1.00E-74 1.00E-74 5.11E-33 2.18E-21 2.53E-14 6.73E-12 4.41E-11
 1.12E-10 2.79E-10 5.51E-10 8.42E-10 9.53E-10 9.49E-10
 1.00E-74 1.00E-74 1.00E-74 5.68E-33 2.23E-21 1.79E-14 3.24E-12 1.78E-11
 4.07E-11 8.90E-11 1.55E-10 2.19E-10 2.55E-10 2.69E-10
 1.00E-74 1.00E-74 1.00E-74 4.78E-33 1.80E-21 1.22E-14 1.79E-12 8.08E-12
 1.51E-11 2.35E-11 2.80E-11 2.91E-11 2.93E-11 2.96E-11
  666.947    7  14 /pl=01:ss= 1:pb= 1:sz= 1/type=excit/ispb = t/isel =   31
 1.00E+10 1.00E+11 1.00E+12 1.00E+13 1.00E+14 1.00E+15 1.00E+16
 6.89E-02 1.03E-01 1.72E-01 3.45E-01 6.89E-01 1.72E+00 3.45E+00 5.17E+00
 6.89E+00 1.03E+01 1.72E+01 3.45E+01 6.89E+01 1.03E+02
 1.00E-74 1.00E-74 1.00E-74 2.80E-33 1.14E-21 1.34E-14 3.68E-12 2.46E-11
 6.33E-11 1.60E-10 3.24E-10 5.03E-10 5.66E-10 5.57E-10
 1.00E-74 1.00E-74 1.00E-74 2.80E-33 1.14E-21 1.34E-14 3.68E-12 2.46E-11
 6.33E-11 1.60E-10 3.23E-10 5.03E-10 5.66E-10 5.57E-10
 1.00E-74 1.00E-74 1.00E-74 2.80E-33 1.15E-21 1.34E-14 3.68E-12 2.46E-11
 6.32E-11 1.60E-10 3.22E-10 5.01E-10 5.64E-10 5.56E-10
 1.00E-74 1.00E-74 1.00E-74 2.82E-33 1.17E-21 1.36E-14 3.70E-12 2.47E-11
 6.37E-11 1.61E-10 3.24E-10 5.02E-10 5.64E-10 5.57E-10
 1.00E-74 1.00E-74 1.00E-74 2.92E-33 1.24E-21 1.35E-14 3.46E-12 2.27E-11
 5.77E-11 1.44E-10 2.86E-10 4.40E-10 5.03E-10 5.06E-10
 1.00E-74 1.00E-74 1.00E-74 3.10E-33 1.22E-21 9.65E-15 1.76E-12 9.72E-12
 2.23E-11 4.91E-11 8.57E-11 1.21E-10 1.42E-10 1.49E-10
 1.00E-74 1.00E-74 1.00E-74 2.68E-33 1.01E-21 6.88E-15 1.01E-12 4.58E-12
 8.59E-12 1.34E-11 1.60E-11 1.67E-11 1.69E-11 1.71E-11
  668.195    7  14 /pl=01:ss= 1:pb= 1:sz= 1/type=excit/ispb = t/isel =   32
 1.00E+10 1.00E+11 1.00E+12 1.00E+13 1.00E+14 1.00E+15 1.00E+16
 6.89E-02 1.03E-01 1.72E-01 3.45E-01 6.89E-01 1.72E+00 3.45E+00 5.17E+00
 6.89E+00 1.03E+01 1.72E+01 3.45E+01 6.89E+01 1.03E+02
 1.00E-74 1.00E-74 1.00E-74 9.08E-32 3.25E-20 2.89E-13 6.44E-11 3.85E-10
 9.27E-10 2.19E-09 4.13E-09 6.19E-09 6.97E-09 6.94E-09
 1.00E-74 1.00E-74 1.00E-74 9.08E-32 3.25E-20 2.89E-13 6.43E-11 3.85E-10
 9.27E-10 2.18E-09 4.13E-09 6.19E-09 6.96E-09 6.94E-09
 1.00E-74 1.00E-74 1.00E-74 9.09E-32 3.25E-20 2.88E-13 6.41E-11 3.83E-10
 9.23E-10 2.17E-09 4.11E-09 6.15E-09 6.92E-09 6.90E-09
 1.00E-74 1.00E-74 1.00E-74 9.16E-32 3.27E-20 2.85E-13 6.27E-11 3.74E-10
 9.00E-10 2.12E-09 4.01E-09 6.00E-09 6.76E-09 6.74E-09
 1.00E-74 1.00E-74 1.00E-74 9.80E-32 3.43E-20 2.80E-13 5.85E-11 3.44E-10
 8.21E-10 1.91E-09 3.54E-09 5.19E-09 5.85E-09 5.89E-09
 1.00E-74 1.00E-74 1.00E-74 1.19E-31 4.11E-20 2.93E-13 5.00E-11 2.63E-10
 5.80E-10 1.21E-09 1.99E-09 2.64E-09 2.92E-09 2.99E-09
 1.00E-74 1.00E-74 1.00E-74 1.10E-31 3.91E-20 2.50E-13 3.58E-11 1.60E-10
 2.96E-10 4.55E-10 5.34E-10 5.44E-10 5.42E-10 5.44E-10
  686.639    7  14 /pl=01:ss= 1:pb= 1:sz= 1/type=excit/ispb = t/isel =   33
 1.00E+10 1.00E+11 1.00E+12 1.00E+13 1.00E+14 1.00E+15 1.00E+16
 6.89E-02 1.03E-01 1.72E-01 3.45E-01 6.89E-01 1.72E+00 3.45E+00 5.17E+00
 6.89E+00 1.03E+01 1.72E+01 3.45E+01 6.89E+01 1.03E+02
 1.00E-74 1.00E-74 1.00E-74 1.32E-33 3.30E-22 4.64E-15 1.93E-12 1.55E-11
 4.42E-11 1.25E-10 2.80E-10 4.71E-10 5.48E-10 5.43E-10
 1.00E-74 1.00E-74 1.00E-74 1.31E-33 3.26E-22 4.54E-15 1.88E-12 1.51E-11
 4.29E-11 1.22E-10 2.72E-10 4.61E-10 5.38E-10 5.34E-10
 1.00E-74 1.00E-74 1.00E-74 1.25E-33 2.94E-22 3.74E-15 1.49E-12 1.18E-11
 3.35E-11 9.52E-11 2.15E-10 3.73E-10 4.49E-10 4.54E-10
 1.00E-74 1.00E-74 1.00E-74 1.03E-33 1.96E-22 1.94E-15 7.07E-13 5.40E-12
 1.50E-11 4.17E-11 9.30E-11 1.62E-10 2.01E-10 2.10E-10
 1.00E-74 1.00E-74 1.00E-74 9.04E-34 1.58E-22 1.37E-15 4.01E-13 2.74E-12
 7.12E-12 1.83E-11 3.75E-11 6.10E-11 7.37E-11 7.66E-11
 1.00E-74 1.00E-74 1.00E-74 8.88E-34 1.56E-22 7.93E-16 1.27E-13 6.84E-13
 1.56E-12 3.41E-12 5.98E-12 8.60E-12 1.03E-11 1.10E-11
 1.00E-74 1.00E-74 1.00E-74 7.41E-34 1.26E-22 5.28E-16 6.54E-14 2.81E-13
 5.15E-13 7.86E-13 9.24E-13 9.53E-13 9.60E-13 9.70E-13
  713.587    7  14 /pl=01:ss= 1:pb= 1:sz= 1/type=excit/ispb = t/isel =   34
 1.00E+10 1.00E+11 1.00E+12 1.00E+13 1.00E+14 1.00E+15 1.00E+16
 6.89E-02 1.03E-01 1.72E-01 3.45E-01 6.89E-01 1.72E+00 3.45E+00 5.17E+00
 6.89E+00 1.03E+01 1.72E+01 3.45E+01 6.89E+01 1.03E+02
 1.00E-74 1.00E-74 1.00E-74 1.03E-29 6.51E-19 1.66E-12 2.07E-10 9.99E-10
 2.15E-09 4.52E-09 7.88E-09 1.14E-08 1.30E-08 1.33E-08
 1.00E-74 1.00E-74 1.00E-74 1.03E-29 6.51E-19 1.66E-12 2.07E-10 9.99E-10
 2.15E-09 4.52E-09 7.88E-09 1.14E-08 1.30E-08 1.33E-08
 1.00E-74 1.00E-74 1.00E-74 1.03E-29 6.51E-19 1.66E-12 2.07E-10 9.98E-10
 2.15E-09 4.51E-09 7.86E-09 1.13E-08 1.30E-08 1.32E-08
 1.00E-74 1.00E-74 1.00E-74 1.03E-29 6.51E-19 1.65E-12 2.06E-10 9.89E-10
 2.13E-09 4.46E-09 7.75E-09 1.11E-08 1.27E-08 1.29E-08
 1.00E-74 1.00E-74 1.00E-74 1.03E-29 6.49E-19 1.63E-12 2.01E-10 9.60E-10
 2.05E-09 4.24E-09 7.19E-09 1.00E-08 1.13E-08 1.16E-08
 1.00E-74 1.00E-74 1.00E-74 1.01E-29 6.41E-19 1.60E-12 1.88E-10 8.61E-10
 1.76E-09 3.38E-09 5.17E-09 6.54E-09 7.12E-09 7.27E-09
 1.00E-74 1.00E-74 1.69E-51 8.62E-30 5.70E-19 1.40E-12 1.48E-10 5.94E-10
 1.05E-09 1.52E-09 1.72E-09 1.73E-09 1.74E-09 1.77E-09
  727.236    7  14 /pl=01:ss= 1:pb= 1:sz= 1/type=excit/ispb = t/isel =   35
 1.00E+10 1.00E+11 1.00E+12 1.00E+13 1.00E+14 1.00E+15 1.00E+16
 6.89E-02 1.03E-01 1.72E-01 3.45E-01 6.89E-01 1.72E+00 3.45E+00 5.17E+00
 6.89E+00 1.03E+01 1.72E+01 3.45E+01 6.89E+01 1.03E+02
 1.00E-74 1.00E-74 1.00E-74 4.78E-33 2.83E-22 4.39E-15 2.30E-12 1.96E-11
 5.76E-11 1.70E-10 4.00E-10 7.05E-10 8.39E-10 8.37E-10
 1.00E-74 1.00E-74 1.00E-74 4.75E-33 2.79E-22 4.16E-15 2.11E-12 1.78E-11
 5.21E-11 1.54E-10 3.62E-10 6.44E-10 7.76E-10 7.80E-10
 1.00E-74 1.00E-74 1.00E-74 4.53E-33 2.54E-22 2.86E-15 1.21E-12 9.65E-12
 2.76E-11 8.02E-11 1.89E-10 3.49E-10 4.44E-10 4.64E-10
 1.00E-74 1.00E-74 1.00E-74 3.77E-33 1.78E-22 1.16E-15 3.77E-13 2.74E-12
 7.45E-12 2.05E-11 4.61E-11 8.20E-11 1.05E-10 1.11E-10
 1.00E-74 1.00E-74 1.85E-54 3.31E-33 1.43E-22 6.47E-16 1.60E-13 1.04E-12
 2.63E-12 6.64E-12 1.36E-11 2.24E-11 2.76E-11 2.92E-11
 1.00E-74 1.00E-74 1.48E-54 3.21E-33 1.33E-22 2.93E-16 3.69E-14 1.85E-13
 4.10E-13 8.75E-13 1.51E-12 2.16E-12 2.60E-12 2.80E-12
 1.00E-74 1.00E-74 1.17E-54 2.66E-33 1.05E-22 1.84E-16 1.72E-14 6.75E-14
 1.19E-13 1.74E-13 1.99E-13 2.02E-13 2.03E-13 2.05E-13
  731.331    7  14 /pl=01:ss= 1:pb= 1:sz= 1/type=excit/ispb = t/isel =   36
 1.00E+10 1.00E+11 1.00E+12 1.00E+13 1.00E+14 1.00E+15 1.00E+16
 6.89E-02 1.03E-01 1.72E-01 3.45E-01 6.89E-01 1.72E+00 3.45E+00 5.17E+00
 6.89E+00 1.03E+01 1.72E+01 3.45E+01 6.89E+01 1.03E+02
 1.00E-74 1.00E-74 1.00E-74 4.71E-31 1.81E-20 8.19E-14 1.90E-11 1.20E-10
 3.03E-10 7.66E-10 1.59E-09 2.59E-09 2.99E-09 2.98E-09
 1.00E-74 1.00E-74 1.00E-74 4.71E-31 1.81E-20 8.22E-14 1.92E-11 1.22E-10
 3.09E-10 7.83E-10 1.63E-09 2.64E-09 3.05E-09 3.03E-09
 1.00E-74 1.00E-74 1.00E-74 4.71E-31 1.82E-20 8.41E-14 2.05E-11 1.33E-10
 3.40E-10 8.72E-10 1.82E-09 2.95E-09 3.37E-09 3.33E-09
 1.00E-74 1.00E-74 1.00E-74 4.72E-31 1.83E-20 8.64E-14 2.22E-11 1.48E-10
 3.82E-10 9.88E-10 2.07E-09 3.33E-09 3.81E-09 3.76E-09
 1.00E-74 1.00E-74 3.49E-52 4.74E-31 1.81E-20 7.43E-14 1.64E-11 1.00E-10
 2.48E-10 6.06E-10 1.22E-09 1.97E-09 2.41E-09 2.51E-09
 1.00E-74 1.00E-74 2.79E-52 4.74E-31 1.72E-20 3.49E-14 3.90E-12 1.80E-11
 3.75E-11 7.45E-11 1.20E-10 1.63E-10 1.92E-10 2.05E-10
 1.00E-74 1.00E-74 2.27E-52 3.97E-31 1.37E-20 2.20E-14 1.95E-12 7.43E-12
 1.27E-11 1.81E-11 1.99E-11 1.93E-11 1.88E-11 1.86E-11
  838.455    7  14 /pl=01:ss= 1:pb= 1:sz= 1/type=excit/ispb = t/isel =   37
 1.00E+10 1.00E+11 1.00E+12 1.00E+13 1.00E+14 1.00E+15 1.00E+16
 6.89E-02 1.03E-01 1.72E-01 3.45E-01 6.89E-01 1.72E+00 3.45E+00 5.17E+00
 6.89E+00 1.03E+01 1.72E+01 3.45E+01 6.89E+01 1.03E+02
 1.00E-74 1.00E-74 4.65E-46 1.41E-27 2.06E-18 5.22E-13 3.24E-11 1.41E-10
 3.16E-10 7.79E-10 1.74E-09 3.10E-09 3.69E-09 3.66E-09
 1.00E-74 1.00E-74 4.64E-46 1.41E-27 2.06E-18 5.22E-13 3.24E-11 1.41E-10
 3.15E-10 7.76E-10 1.73E-09 3.09E-09 3.68E-09 3.65E-09
 1.00E-74 1.00E-74 4.63E-46 1.41E-27 2.06E-18 5.21E-13 3.21E-11 1.38E-10
 3.07E-10 7.53E-10 1.68E-09 3.02E-09 3.60E-09 3.57E-09
 1.00E-74 1.00E-74 4.53E-46 1.38E-27 2.03E-18 5.14E-13 3.06E-11 1.27E-10
 2.77E-10 6.71E-10 1.50E-09 2.68E-09 3.21E-09 3.20E-09
 1.00E-74 1.00E-74 3.71E-46 1.20E-27 1.83E-18 4.63E-13 2.50E-11 9.60E-11
 2.01E-10 4.71E-10 1.00E-09 1.69E-09 1.97E-09 1.97E-09
 1.00E-74 1.00E-74 1.32E-46 5.08E-28 9.09E-19 2.42E-13 1.06E-11 3.49E-11
 6.68E-11 1.39E-10 2.52E-10 3.60E-10 3.95E-10 3.94E-10
 1.00E-74 1.00E-74 1.78E-47 7.52E-29 1.51E-19 4.34E-14 1.70E-12 4.89E-12
 7.87E-12 1.18E-11 1.46E-11 1.57E-11 1.58E-11 1.57E-11
  1836.21    7  14 /pl=01:ss= 1:pb= 1:sz= 1/type=excit/ispb = t/isel =   38
 1.00E+10 1.00E+11 1.00E+12 1.00E+13 1.00E+14 1.00E+15 1.00E+16
 6.89E-02 1.03E-01 1.72E-01 3.45E-01 6.89E-01 1.72E+00 3.45E+00 5.17E+00
 6.89E+00 1.03E+01 1.72E+01 3.45E+01 6.89E+01 1.03E+02
 1.00E-74 1.00E-74 1.00E-74 4.96E-36 1.30E-22 1.16E-14 4.39E-12 2.95E-11
 7.43E-11 1.78E-10 3.34E-10 4.77E-10 5.02E-10 4.78E-10
 1.00E-74 1.00E-74 1.00E-74 4.95E-36 1.30E-22 1.16E-14 4.38E-12 2.95E-11
 7.42E-11 1.78E-10 3.34E-10 4.76E-10 5.01E-10 4.77E-10
 1.00E-74 1.00E-74 1.00E-74 4.85E-36 1.28E-22 1.14E-14 4.33E-12 2.92E-11
 7.35E-11 1.76E-10 3.31E-10 4.72E-10 4.97E-10 4.73E-10
 1.00E-74 1.00E-74 1.00E-74 4.04E-36 1.09E-22 1.01E-14 3.87E-12 2.63E-11
 6.66E-11 1.61E-10 3.04E-10 4.38E-10 4.65E-10 4.46E-10
 1.00E-74 1.00E-74 1.00E-74 1.71E-36 4.95E-23 4.92E-15 1.99E-12 1.39E-11
 3.60E-11 8.93E-11 1.73E-10 2.59E-10 2.90E-10 2.88E-10
 1.00E-74 1.00E-74 1.00E-74 5.73E-37 1.60E-23 1.53E-15 5.92E-13 4.04E-12
 1.02E-11 2.42E-11 4.41E-11 6.30E-11 7.17E-11 7.36E-11
 1.00E-74 1.00E-74 1.00E-74 3.64E-37 9.96E-24 8.85E-16 3.07E-13 1.84E-12
 3.95E-12 7.01E-12 9.23E-12 1.02E-11 1.05E-11 1.06E-11
  2977.08    7  14 /pl=01:ss= 1:pb= 1:sz= 1/type=excit/ispb = t/isel =   39
 1.00E+10 1.00E+11 1.00E+12 1.00E+13 1.00E+14 1.00E+15 1.00E+16
 6.89E-02 1.03E-01 1.72E-01 3.45E-01 6.89E-01 1.72E+00 3.45E+00 5.17E+00
 6.89E+00 1.03E+01 1.72E+01 3.45E+01 6.89E+01 1.03E+02
 1.00E-74 1.00E-74 1.00E-74 7.47E-36 1.96E-22 1.75E-14 6.60E-12 4.45E-11
 1.12E-10 2.68E-10 5.03E-10 7.18E-10 7.56E-10 7.19E-10
 1.00E-74 1.00E-74 1.00E-74 7.45E-36 1.96E-22 1.74E-14 6.60E-12 4.44E-11
 1.12E-10 2.68E-10 5.03E-10 7.17E-10 7.55E-10 7.19E-10
 1.00E-74 1.00E-74 1.00E-74 7.30E-36 1.92E-22 1.72E-14 6.52E-12 4.39E-11
 1.11E-10 2.65E-10 4.98E-10 7.10E-10 7.48E-10 7.12E-10
 1.00E-74 1.00E-74 1.00E-74 6.09E-36 1.65E-22 1.51E-14 5.82E-12 3.96E-11
 1.00E-10 2.42E-10 4.58E-10 6.59E-10 7.01E-10 6.71E-10
 1.00E-74 1.00E-74 1.00E-74 2.58E-36 7.45E-23 7.40E-15 3.00E-12 2.10E-11
 5.42E-11 1.34E-10 2.61E-10 3.90E-10 4.36E-10 4.33E-10
 1.00E-74 1.00E-74 1.00E-74 8.63E-37 2.41E-23 2.30E-15 8.91E-13 6.08E-12
 1.53E-11 3.64E-11 6.63E-11 9.48E-11 1.08E-10 1.11E-10
 1.00E-74 1.00E-74 1.00E-74 5.48E-37 1.50E-23 1.33E-15 4.62E-13 2.77E-12
 5.95E-12 1.06E-11 1.39E-11 1.54E-11 1.58E-11 1.60E-11
  3918.50    7  14 /pl=01:ss= 1:pb= 1:sz= 1/type=excit/ispb = t/isel =   40
 1.00E+10 1.00E+11 1.00E+12 1.00E+13 1.00E+14 1.00E+15 1.00E+16
 6.89E-02 1.03E-01 1.72E-01 3.45E-01 6.89E-01 1.72E+00 3.45E+00 5.17E+00
 6.89E+00 1.03E+01 1.72E+01 3.45E+01 6.89E+01 1.03E+02
 1.00E-74 1.00E-74 1.00E-74 2.45E-34 8.22E-22 2.18E-14 5.78E-12 3.54E-11
 8.60E-11 2.03E-10 3.84E-10 5.69E-10 6.21E-10 6.03E-10
 1.00E-74 1.00E-74 1.00E-74 2.45E-34 8.21E-22 2.18E-14 5.78E-12 3.54E-11
 8.60E-11 2.03E-10 3.84E-10 5.69E-10 6.21E-10 6.03E-10
 1.00E-74 1.00E-74 1.00E-74 2.41E-34 8.11E-22 2.16E-14 5.75E-12 3.54E-11
 8.59E-11 2.03E-10 3.85E-10 5.69E-10 6.21E-10 6.03E-10
 1.00E-74 1.00E-74 1.00E-74 2.08E-34 7.24E-22 2.01E-14 5.50E-12 3.43E-11
 8.42E-11 2.01E-10 3.84E-10 5.70E-10 6.22E-10 6.04E-10
 1.00E-74 1.00E-74 1.00E-74 1.10E-34 4.13E-22 1.34E-14 4.14E-12 2.72E-11
 6.87E-11 1.68E-10 3.27E-10 4.93E-10 5.54E-10 5.50E-10
 1.00E-74 1.00E-74 1.00E-74 6.26E-35 2.23E-22 6.43E-15 1.68E-12 1.01E-11
 2.39E-11 5.31E-11 9.20E-11 1.27E-10 1.44E-10 1.49E-10
 1.00E-74 1.00E-74 1.00E-74 4.78E-35 1.64E-22 4.20E-15 9.47E-13 4.91E-12
 9.79E-12 1.62E-11 2.00E-11 2.12E-11 2.14E-11 2.15E-11
  3932.36    7  14 /pl=01:ss= 1:pb= 1:sz= 1/type=excit/ispb = t/isel =   41
 1.00E+10 1.00E+11 1.00E+12 1.00E+13 1.00E+14 1.00E+15 1.00E+16
 6.89E-02 1.03E-01 1.72E-01 3.45E-01 6.89E-01 1.72E+00 3.45E+00 5.17E+00
 6.89E+00 1.03E+01 1.72E+01 3.45E+01 6.89E+01 1.03E+02
 1.00E-74 1.00E-74 1.00E-74 1.70E-34 5.60E-22 1.49E-14 4.05E-12 2.53E-11
 6.22E-11 1.50E-10 2.90E-10 4.39E-10 4.88E-10 4.78E-10
 1.00E-74 1.00E-74 1.00E-74 1.69E-34 5.59E-22 1.49E-14 4.05E-12 2.53E-11
 6.22E-11 1.50E-10 2.90E-10 4.39E-10 4.87E-10 4.78E-10
 1.00E-74 1.00E-74 1.00E-74 1.67E-34 5.52E-22 1.48E-14 4.03E-12 2.52E-11
 6.20E-11 1.49E-10 2.89E-10 4.37E-10 4.85E-10 4.75E-10
 1.00E-74 1.00E-74 1.00E-74 1.44E-34 4.94E-22 1.36E-14 3.77E-12 2.38E-11
 5.89E-11 1.43E-10 2.78E-10 4.21E-10 4.68E-10 4.59E-10
 1.00E-74 1.00E-74 1.00E-74 7.70E-35 2.83E-22 8.70E-15 2.59E-12 1.68E-11
 4.22E-11 1.03E-10 2.01E-10 3.05E-10 3.48E-10 3.49E-10
 1.00E-74 1.00E-74 1.00E-74 4.42E-35 1.53E-22 4.27E-15 1.11E-12 6.61E-12
 1.56E-11 3.45E-11 5.96E-11 8.23E-11 9.29E-11 9.59E-11
 1.00E-74 1.00E-74 1.00E-74 3.40E-35 1.16E-22 2.94E-15 6.65E-13 3.44E-12
 6.87E-12 1.13E-11 1.41E-11 1.49E-11 1.51E-11 1.52E-11
  4130.52    7  14 /pl=01:ss= 1:pb= 1:sz= 1/type=excit/ispb = t/isel =   42
 1.00E+10 1.00E+11 1.00E+12 1.00E+13 1.00E+14 1.00E+15 1.00E+16
 6.89E-02 1.03E-01 1.72E-01 3.45E-01 6.89E-01 1.72E+00 3.45E+00 5.17E+00
 6.89E+00 1.03E+01 1.72E+01 3.45E+01 6.89E+01 1.03E+02
 1.00E-74 1.00E-74 1.00E-74 4.32E-36 1.17E-22 1.12E-14 4.74E-12 3.43E-11
 9.05E-11 2.31E-10 4.62E-10 7.07E-10 7.88E-10 7.76E-10
 1.00E-74 1.00E-74 1.00E-74 4.31E-36 1.17E-22 1.12E-14 4.74E-12 3.44E-11
 9.06E-11 2.31E-10 4.62E-10 7.08E-10 7.89E-10 7.76E-10
 1.00E-74 1.00E-74 1.00E-74 4.26E-36 1.16E-22 1.11E-14 4.75E-12 3.46E-11
 9.13E-11 2.33E-10 4.67E-10 7.15E-10 7.95E-10 7.81E-10
 1.00E-74 1.00E-74 1.00E-74 3.88E-36 1.08E-22 1.07E-14 4.68E-12 3.45E-11
 9.19E-11 2.37E-10 4.78E-10 7.34E-10 8.16E-10 8.02E-10
 1.00E-74 1.00E-74 1.00E-74 2.69E-36 7.84E-23 8.19E-15 3.71E-12 2.79E-11
 7.49E-11 1.94E-10 3.92E-10 6.04E-10 6.87E-10 6.89E-10
 1.00E-74 1.00E-74 1.00E-74 2.14E-36 5.91E-23 5.63E-15 2.21E-12 1.52E-11
 3.83E-11 9.07E-11 1.64E-10 2.33E-10 2.63E-10 2.71E-10
 1.00E-74 1.00E-74 1.00E-74 1.91E-36 5.31E-23 4.73E-15 1.63E-12 9.69E-12
 2.07E-11 3.65E-11 4.75E-11 5.20E-11 5.30E-11 5.32E-11
  4154.55    7  14 /pl=01:ss= 1:pb= 1:sz= 1/type=excit/ispb = t/isel =   43
 1.00E+10 1.00E+11 1.00E+12 1.00E+13 1.00E+14 1.00E+15 1.00E+16
 6.89E-02 1.03E-01 1.72E-01 3.45E-01 6.89E-01 1.72E+00 3.45E+00 5.17E+00
 6.89E+00 1.03E+01 1.72E+01 3.45E+01 6.89E+01 1.03E+02
 1.00E-74 1.00E-74 1.00E-74 2.14E-35 5.62E-22 5.01E-14 1.90E-11 1.28E-10
 3.21E-10 7.70E-10 1.44E-09 2.06E-09 2.17E-09 2.06E-09
 1.00E-74 1.00E-74 1.00E-74 2.14E-35 5.61E-22 5.00E-14 1.89E-11 1.27E-10
 3.21E-10 7.69E-10 1.44E-09 2.06E-09 2.17E-09 2.06E-09
 1.00E-74 1.00E-74 1.00E-74 2.09E-35 5.52E-22 4.93E-14 1.87E-11 1.26E-10
 3.17E-10 7.62E-10 1.43E-09 2.04E-09 2.15E-09 2.04E-09
 1.00E-74 1.00E-74 1.00E-74 1.75E-35 4.73E-22 4.34E-14 1.67E-11 1.14E-10
 2.88E-10 6.95E-10 1.31E-09 1.89E-09 2.01E-09 1.93E-09
 1.00E-74 1.00E-74 1.00E-74 7.40E-36 2.14E-22 2.12E-14 8.60E-12 6.03E-11
 1.56E-10 3.86E-10 7.48E-10 1.12E-09 1.25E-09 1.24E-09
 1.00E-74 1.00E-74 1.00E-74 2.48E-36 6.92E-23 6.60E-15 2.56E-12 1.75E-11
 4.40E-11 1.04E-10 1.90E-10 2.72E-10 3.10E-10 3.18E-10
 1.00E-74 1.00E-74 1.00E-74 1.57E-36 4.30E-23 3.82E-15 1.33E-12 7.95E-12
 1.71E-11 3.03E-11 3.99E-11 4.41E-11 4.54E-11 4.58E-11
  4395.60    7  14 /pl=01:ss= 1:pb= 1:sz= 1/type=excit/ispb = t/isel =   44
 1.00E+10 1.00E+11 1.00E+12 1.00E+13 1.00E+14 1.00E+15 1.00E+16
 6.89E-02 1.03E-01 1.72E-01 3.45E-01 6.89E-01 1.72E+00 3.45E+00 5.17E+00
 6.89E+00 1.03E+01 1.72E+01 3.45E+01 6.89E+01 1.03E+02
 1.00E-74 1.00E-74 1.00E-74 2.25E-34 4.62E-22 1.09E-14 3.57E-12 2.52E-11
 6.72E-11 1.79E-10 3.86E-10 6.39E-10 7.50E-10 7.52E-10
 1.00E-74 1.00E-74 1.00E-74 2.27E-34 4.66E-22 1.12E-14 3.71E-12 2.63E-11
 7.04E-11 1.88E-10 4.05E-10 6.68E-10 7.79E-10 7.78E-10
 1.00E-74 1.00E-74 1.00E-74 2.47E-34 5.05E-22 1.30E-14 4.68E-12 3.44E-11
 9.34E-11 2.52E-10 5.39E-10 8.73E-10 9.88E-10 9.69E-10
 1.00E-74 1.00E-74 1.00E-74 3.90E-34 7.65E-22 2.30E-14 9.59E-12 7.31E-11
 2.00E-10 5.38E-10 1.13E-09 1.76E-09 1.90E-09 1.81E-09
 1.00E-74 1.00E-74 1.00E-74 8.35E-34 1.70E-21 5.95E-14 2.44E-11 1.78E-10
 4.75E-10 1.23E-09 2.49E-09 3.85E-09 4.31E-09 4.24E-09
 1.00E-74 1.00E-74 1.00E-74 1.09E-33 2.30E-21 5.09E-14 1.24E-11 7.32E-11
 1.72E-10 3.84E-10 6.71E-10 9.42E-10 1.09E-09 1.14E-09
 1.00E-74 1.00E-74 1.00E-74 9.41E-34 1.94E-21 3.60E-14 7.22E-12 3.60E-11
 7.06E-11 1.14E-10 1.40E-10 1.47E-10 1.47E-10 1.47E-10
  4416.96    7  14 /pl=01:ss= 1:pb= 1:sz= 1/type=excit/ispb = t/isel =   45
 1.00E+10 1.00E+11 1.00E+12 1.00E+13 1.00E+14 1.00E+15 1.00E+16
 6.89E-02 1.03E-01 1.72E-01 3.45E-01 6.89E-01 1.72E+00 3.45E+00 5.17E+00
 6.89E+00 1.03E+01 1.72E+01 3.45E+01 6.89E+01 1.03E+02
 1.00E-74 1.00E-74 1.00E-74 1.31E-34 4.83E-22 1.39E-14 3.94E-12 2.53E-11
 6.30E-11 1.54E-10 3.04E-10 4.66E-10 5.23E-10 5.15E-10
 1.00E-74 1.00E-74 1.00E-74 1.31E-34 4.82E-22 1.39E-14 3.94E-12 2.53E-11
 6.30E-11 1.54E-10 3.04E-10 4.66E-10 5.22E-10 5.15E-10
 1.00E-74 1.00E-74 1.00E-74 1.29E-34 4.76E-22 1.37E-14 3.90E-12 2.51E-11
 6.24E-11 1.53E-10 3.01E-10 4.61E-10 5.17E-10 5.10E-10
 1.00E-74 1.00E-74 1.00E-74 1.12E-34 4.26E-22 1.25E-14 3.58E-12 2.30E-11
 5.75E-11 1.41E-10 2.77E-10 4.26E-10 4.80E-10 4.75E-10
 1.00E-74 1.00E-74 1.00E-74 5.98E-35 2.44E-22 7.62E-15 2.22E-12 1.44E-11
 3.59E-11 8.73E-11 1.69E-10 2.58E-10 2.97E-10 3.00E-10
 1.00E-74 1.00E-74 1.00E-74 3.31E-35 1.28E-22 3.70E-15 9.68E-13 5.81E-12
 1.37E-11 3.04E-11 5.25E-11 7.22E-11 8.14E-11 8.39E-11
 1.00E-74 1.00E-74 1.00E-74 2.52E-35 9.63E-23 2.62E-15 6.08E-13 3.18E-12
 6.37E-12 1.06E-11 1.31E-11 1.40E-11 1.42E-11 1.43E-11
  4434.59    7  14 /pl=01:ss= 1:pb= 1:sz= 1/type=excit/ispb = t/isel =   46
 1.00E+10 1.00E+11 1.00E+12 1.00E+13 1.00E+14 1.00E+15 1.00E+16
 6.89E-02 1.03E-01 1.72E-01 3.45E-01 6.89E-01 1.72E+00 3.45E+00 5.17E+00
 6.89E+00 1.03E+01 1.72E+01 3.45E+01 6.89E+01 1.03E+02
 1.00E-74 1.00E-74 1.00E-74 5.79E-39 3.33E-24 2.20E-15 1.97E-12 1.86E-11
 5.61E-11 1.63E-10 3.61E-10 5.93E-10 6.88E-10 6.91E-10
 1.00E-74 1.00E-74 1.00E-74 5.79E-39 3.32E-24 2.19E-15 1.96E-12 1.86E-11
 5.60E-11 1.63E-10 3.60E-10 5.92E-10 6.87E-10 6.90E-10
 1.00E-74 1.00E-74 1.00E-74 5.71E-39 3.30E-24 2.18E-15 1.94E-12 1.84E-11
 5.54E-11 1.61E-10 3.56E-10 5.85E-10 6.80E-10 6.82E-10
 1.00E-74 1.00E-74 1.00E-74 4.98E-39 2.96E-24 1.97E-15 1.74E-12 1.64E-11
 4.94E-11 1.44E-10 3.18E-10 5.26E-10 6.18E-10 6.25E-10
 1.00E-74 1.00E-74 1.00E-74 3.14E-39 1.88E-24 1.22E-15 1.02E-12 9.36E-12
 2.78E-11 7.94E-11 1.73E-10 2.87E-10 3.47E-10 3.61E-10
 1.00E-74 1.00E-74 1.00E-74 2.75E-39 1.57E-24 8.89E-16 6.23E-13 5.16E-12
 1.42E-11 3.64E-11 6.99E-11 1.02E-10 1.17E-10 1.21E-10
 1.00E-74 1.00E-74 1.00E-74 2.80E-39 1.65E-24 9.23E-16 5.83E-13 4.25E-12
 1.00E-11 1.95E-11 2.74E-11 3.15E-11 3.27E-11 3.29E-11
  4539.26    7  14 /pl=01:ss= 1:pb= 1:sz= 1/type=excit/ispb = t/isel =   47
 1.00E+10 1.00E+11 1.00E+12 1.00E+13 1.00E+14 1.00E+15 1.00E+16
 6.89E-02 1.03E-01 1.72E-01 3.45E-01 6.89E-01 1.72E+00 3.45E+00 5.17E+00
 6.89E+00 1.03E+01 1.72E+01 3.45E+01 6.89E+01 1.03E+02
 1.00E-74 1.00E-74 1.00E-74 3.59E-34 1.19E-21 3.16E-14 8.58E-12 5.36E-11
 1.32E-10 3.17E-10 6.15E-10 9.30E-10 1.03E-09 1.01E-09
 1.00E-74 1.00E-74 1.00E-74 3.59E-34 1.18E-21 3.16E-14 8.58E-12 5.36E-11
 1.32E-10 3.17E-10 6.14E-10 9.30E-10 1.03E-09 1.01E-09
 1.00E-74 1.00E-74 1.00E-74 3.53E-34 1.17E-21 3.13E-14 8.53E-12 5.33E-11
 1.31E-10 3.16E-10 6.12E-10 9.26E-10 1.03E-09 1.01E-09
 1.00E-74 1.00E-74 1.00E-74 3.05E-34 1.05E-21 2.88E-14 7.99E-12 5.05E-11
 1.25E-10 3.02E-10 5.88E-10 8.91E-10 9.90E-10 9.73E-10
 1.00E-74 1.00E-74 1.00E-74 1.63E-34 5.99E-22 1.84E-14 5.48E-12 3.56E-11
 8.93E-11 2.18E-10 4.25E-10 6.46E-10 7.36E-10 7.39E-10
 1.00E-74 1.00E-74 1.00E-74 9.37E-35 3.24E-22 9.05E-15 2.34E-12 1.40E-11
 3.30E-11 7.31E-11 1.26E-10 1.74E-10 1.97E-10 2.03E-10
 1.00E-74 1.00E-74 1.00E-74 7.19E-35 2.45E-22 6.23E-15 1.41E-12 7.29E-12
 1.46E-11 2.40E-11 2.98E-11 3.16E-11 3.19E-11 3.21E-11
  4585.05    7  14 /pl=01:ss= 1:pb= 1:sz= 1/type=excit/ispb = t/isel =   48
 1.00E+10 1.00E+11 1.00E+12 1.00E+13 1.00E+14 1.00E+15 1.00E+16
 6.89E-02 1.03E-01 1.72E-01 3.45E-01 6.89E-01 1.72E+00 3.45E+00 5.17E+00
 6.89E+00 1.03E+01 1.72E+01 3.45E+01 6.89E+01 1.03E+02
 1.00E-74 1.00E-74 1.00E-74 1.08E-35 1.99E-22 1.52E-14 5.80E-12 4.08E-11
 1.07E-10 2.76E-10 5.71E-10 9.10E-10 1.03E-09 1.01E-09
 1.00E-74 1.00E-74 1.00E-74 1.08E-35 1.99E-22 1.52E-14 5.81E-12 4.09E-11
 1.07E-10 2.76E-10 5.72E-10 9.11E-10 1.03E-09 1.01E-09
 1.00E-74 1.00E-74 1.00E-74 1.07E-35 1.99E-22 1.53E-14 5.88E-12 4.15E-11
 1.09E-10 2.81E-10 5.81E-10 9.22E-10 1.04E-09 1.02E-09
 1.00E-74 1.00E-74 1.00E-74 1.03E-35 1.97E-22 1.57E-14 6.28E-12 4.52E-11
 1.20E-10 3.10E-10 6.36E-10 9.96E-10 1.11E-09 1.09E-09
 1.00E-74 1.00E-74 1.00E-74 8.61E-36 1.70E-22 1.49E-14 6.64E-12 5.01E-11
 1.35E-10 3.52E-10 7.09E-10 1.08E-09 1.21E-09 1.19E-09
 1.00E-74 1.00E-74 1.00E-74 8.22E-36 1.47E-22 1.12E-14 4.19E-12 2.86E-11
 7.23E-11 1.72E-10 3.12E-10 4.45E-10 5.07E-10 5.23E-10
 1.00E-74 1.00E-74 1.00E-74 7.34E-36 1.32E-22 8.94E-15 2.79E-12 1.61E-11
 3.39E-11 5.91E-11 7.64E-11 8.33E-11 8.48E-11 8.53E-11
  4775.55    7  14 /pl=01:ss= 1:pb= 1:sz= 1/type=excit/ispb = t/isel =   49
 1.00E+10 1.00E+11 1.00E+12 1.00E+13 1.00E+14 1.00E+15 1.00E+16
 6.89E-02 1.03E-01 1.72E-01 3.45E-01 6.89E-01 1.72E+00 3.45E+00 5.17E+00
 6.89E+00 1.03E+01 1.72E+01 3.45E+01 6.89E+01 1.03E+02
 1.00E-74 1.00E-74 1.00E-74 1.48E-35 2.65E-23 2.35E-15 1.49E-12 1.30E-11
 3.89E-11 1.20E-10 2.99E-10 5.56E-10 6.84E-10 6.93E-10
 1.00E-74 1.00E-74 1.00E-74 1.71E-35 2.95E-23 2.51E-15 1.61E-12 1.40E-11
 4.21E-11 1.30E-10 3.19E-10 5.88E-10 7.17E-10 7.23E-10
 1.00E-74 1.00E-74 1.00E-74 3.91E-35 5.85E-23 3.77E-15 2.32E-12 2.00E-11
 5.96E-11 1.80E-10 4.31E-10 7.69E-10 9.12E-10 9.05E-10
 1.00E-74 1.00E-74 1.00E-74 2.12E-34 2.81E-22 1.09E-14 5.52E-12 4.47E-11
 1.27E-10 3.60E-10 8.04E-10 1.33E-09 1.49E-09 1.45E-09
 1.00E-74 1.00E-74 1.00E-74 8.06E-34 1.17E-21 3.80E-14 1.57E-11 1.15E-10
 3.08E-10 8.09E-10 1.68E-09 2.65E-09 3.01E-09 2.97E-09
 1.00E-74 1.00E-74 1.00E-74 1.16E-33 1.79E-21 3.30E-14 7.59E-12 4.43E-11
 1.04E-10 2.30E-10 4.04E-10 5.72E-10 6.68E-10 7.04E-10
 1.00E-74 1.00E-74 1.00E-74 1.02E-33 1.51E-21 2.31E-14 4.34E-12 2.12E-11
 4.11E-11 6.60E-11 8.01E-11 8.35E-11 8.34E-11 8.34E-11
  4856.73    7  14 /pl=01:ss= 1:pb= 1:sz= 1/type=excit/ispb = t/isel =   50
 1.00E+10 1.00E+11 1.00E+12 1.00E+13 1.00E+14 1.00E+15 1.00E+16
 6.89E-02 1.03E-01 1.72E-01 3.45E-01 6.89E-01 1.72E+00 3.45E+00 5.17E+00
 6.89E+00 1.03E+01 1.72E+01 3.45E+01 6.89E+01 1.03E+02
 1.00E-74 1.00E-74 1.00E-74 9.09E-34 2.31E-21 5.19E-14 1.30E-11 7.80E-11
 1.88E-10 4.41E-10 8.34E-10 1.23E-09 1.35E-09 1.31E-09
 1.00E-74 1.00E-74 1.00E-74 9.07E-34 2.31E-21 5.19E-14 1.30E-11 7.82E-11
 1.88E-10 4.42E-10 8.36E-10 1.24E-09 1.35E-09 1.32E-09
 1.00E-74 1.00E-74 1.00E-74 8.89E-34 2.28E-21 5.16E-14 1.30E-11 7.89E-11
 1.91E-10 4.49E-10 8.50E-10 1.26E-09 1.37E-09 1.33E-09
 1.00E-74 1.00E-74 1.00E-74 7.52E-34 2.01E-21 4.77E-14 1.25E-11 7.78E-11
 1.90E-10 4.54E-10 8.68E-10 1.29E-09 1.40E-09 1.36E-09
 1.00E-74 1.00E-74 1.00E-74 4.16E-34 1.20E-21 3.22E-14 9.47E-12 6.20E-11
 1.56E-10 3.83E-10 7.42E-10 1.11E-09 1.24E-09 1.23E-09
 1.00E-74 1.00E-74 1.00E-74 2.76E-34 7.40E-22 1.79E-14 4.52E-12 2.70E-11
 6.37E-11 1.41E-10 2.45E-10 3.39E-10 3.84E-10 3.98E-10
 1.00E-74 1.00E-74 1.00E-74 2.20E-34 5.87E-22 1.30E-14 2.80E-12 1.43E-11
 2.83E-11 4.62E-11 5.70E-11 6.04E-11 6.12E-11 6.16E-11
c-------------------------------------------------------------------------------
 
C  root partition information
C  ==========================
C
C  nuclear charge : 18
C  ion charge+1   :  2
C
C  population calculation information
C  ----------------------------------
C
C  population processing code: adas810
C
C  adf04 source file    : adf04_copmm#18_ls_40#ar1.dat
C  adf18/a17_p208 file  : NULL
C
C  meta. ion. coeff. selector  : 
 
C  options  : lnorm =T  lpsel =F  lzsel =T  liosel=F
C           : lhsel =F  lrsel =F  lisel =F  lnsel =F
 
C  energy levels
C  -------------
C
C   lv      configuration    (2S+1)L(w-1/2)      energy (cm^-1)
C  ---   ------------------- --------------      --------------
c    1   24555                  (2)1(  2.5)             0.0
c    2   14565                  (2)0(  0.5)        119267.0
c    3   24545517               (4)1(  5.5)        136737.0
c    4   24545516               (4)2(  9.5)        137507.0
c    5   24545517               (2)1(  2.5)        140137.0
c    6   24545516               (4)3( 13.5)        145637.0
c    7   24545517               (2)2(  4.5)        149657.0
c    8   24545516               (2)1(  2.5)        149937.0
c    9   24545516               (4)1(  5.5)        150057.0
c   10   24545516               (2)3(  6.5)        152387.0
c   11   24545516               (2)4(  8.5)        156397.0
c   12   24545518               (4)1(  5.5)        157677.0
c   13   24545518               (4)2(  9.5)        159487.0
c   14   24545518               (2)2(  4.5)        160727.0
c   15   24545518               (2)1(  2.5)        162167.0
c   16   24545518               (4)0(  1.5)        162257.0
c   17   24545516               (2)2(  4.5)        162467.0
c   18   24545518               (2)0(  0.5)        162777.0
c   19   24545516               (2)3(  6.5)        164717.0
c   20   24545516               (2)2(  4.5)        166207.0
c   21   24545517               (2)0(  0.5)        168277.0
c   22   24545518               (2)3(  6.5)        171467.0
c   23   24545518               (2)1(  2.5)        173727.0
c   24   24545518               (2)2(  4.5)        173867.0
c   25   24545516               (2)1(  2.5)        176077.0
c   26   24545516               (2)2(  4.5)        181057.0
c   27   2454551B               (4)1(  5.5)        184327.0
c   28   2454551B               (2)1(  2.5)        185517.0
c   29   24545519               (4)2(  9.5)        186687.0
c   30   24545516               (2)0(  0.5)        187357.0
c   31   24545519               (4)3( 13.5)        188187.0
c   32   24545519               (4)1(  5.5)        189087.0
c   33   24545519               (2)3(  6.5)        189697.0
c   34   24545518               (2)1(  2.5)        190827.0
c   35   2454551C               (4)1(  5.5)        191327.0
c   36   2454551C               (4)2(  9.5)        192177.0
c   37   2454551C               (2)2(  4.5)        192297.0
c   38   2454551C               (2)0(  0.5)        192907.0
c   39   2454551C               (4)0(  1.5)        193097.0
c   40   24545519               (2)1(  2.5)        193247.0
c   41   2454551C               (2)1(  2.5)        194137.0
c   42   24545519               (2)2(  4.5)        195717.0
c   43   2454551A               (4)3( 13.5)        196727.0
c   44   2454551A               (2)3(  6.5)        196817.0
c   45   2454551B               (2)2(  4.5)        197107.0
c   46   2454551A               (2)4(  8.5)        197587.0
c   47   2454551A               (4)4( 17.5)        197607.0
c   48   2454551A               (4)2(  9.5)        197827.0
c   49   2454551A               (2)2(  4.5)        197837.0
c   50   24545519               (2)4(  8.5)        200197.0
c   51   2454551D               (2)1(  2.5)        201527.0
c   52   2454551G               (4)1(  5.5)        201537.0
c   53   24545519               (2)2(  4.5)        201697.0
c   54   2454551G               (2)1(  2.5)        201717.0
c   55   24545519               (2)3(  6.5)        201737.0
c   56   2454551D               (4)2(  9.5)        202397.0
c   57   2454551D               (4)3( 13.5)        203147.0
c   58   2454551D               (4)1(  5.5)        203687.0
c   59   2454551D               (2)3(  6.5)        204017.0
c   60   2454551C               (2)1(  2.5)        204177.0
c   61   2454551C               (2)3(  6.5)        204337.0
c   62   2454551H               (4)1(  5.5)        204507.0
c   63   2454551C               (2)2(  4.5)        205077.0
c   64   2454551H               (4)2(  9.5)        205107.0
c   65   2454551H               (2)2(  4.5)        205137.0
c   66   2454551H               (2)0(  0.5)        205587.0
c   67   2454551H               (4)0(  1.5)        205707.0
c   68   2454551H               (2)1(  2.5)        206867.0
c   69   2454551E               (2)3(  6.5)        206957.0
c   70   2454551E               (4)3( 13.5)        207027.0
c   71   24545519               (2)1(  2.5)        207587.0
c   72   2454551E               (2)4(  8.5)        207627.0
c   73   2454551E               (4)4( 17.5)        207657.0
c   74   2454551E               (4)2(  9.5)        207687.0
c   75   2454551E               (2)2(  4.5)        207867.0
c   76   2454551I               (2)2(  4.5)        208177.0
c   77   24545519               (2)0(  0.5)        208757.0
c   78   2454551A               (2)1(  2.5)        209367.0
c   79   2454551A               (2)5( 10.5)        209617.0
c   80   2454551A               (2)2(  4.5)        209657.0
c   81   2454551A               (2)3(  6.5)        209967.0
c   82   2454551I               (4)2(  9.5)        210037.0
c   83   2454551A               (2)4(  8.5)        210057.0
c   84   2454551I               (4)3( 13.5)        210717.0
c   85   2454551I               (2)3(  6.5)        210817.0
c   86   2454551I               (4)1(  5.5)        210937.0
c   87   2454551J               (2)3(  6.5)        212447.0
c   88   2454551J               (4)3( 13.5)        212547.0
c   89   2454551I               (2)1(  2.5)        212587.0
c   90   2454551J               (2)4(  8.5)        213097.0
c   91   2454551J               (4)4( 17.5)        213127.0
c   92   2454551J               (4)2(  9.5)        213157.0
c   93   2454551J               (2)2(  4.5)        213327.0
c   94   2454551G               (2)2(  4.5)        213987.0
c   95   2454551D               (2)4(  8.5)        215407.0
c   96   2454551D               (2)2(  4.5)        215577.0
c   97   2454551B               (2)0(  0.5)        215617.0
c   98   2454551D               (2)3(  6.5)        216057.0
c   99   2454551D               (2)2(  4.5)        216497.0
c  100   2454551H               (2)3(  6.5)        217357.0
c  101   2454551H               (2)1(  2.5)        217667.0
c  102   2454551H               (2)2(  4.5)        217697.0
c  103   2454551D               (2)1(  2.5)        218857.0
c  104   2454551D               (2)0(  0.5)        219517.0
c  105   2454551E               (2)1(  2.5)        219627.0
c  106   2454551E               (2)5( 10.5)        219777.0
c  107   2454551E               (2)2(  4.5)        219797.0
c  108   2454551E               (2)3(  6.5)        219957.0
c  109   2454551E               (2)4(  8.5)        219997.0
c  110   24545519               (2)2(  4.5)        221517.0
c  111   2454551I               (2)4(  8.5)        222897.0
c  112   2454551C               (2)1(  2.5)        223207.0
c  113   2454551I               (2)3(  6.5)        223227.0
c  114   2454551I               (2)1(  2.5)        224567.0
c  115   2454551I               (2)2(  4.5)        225067.0
c  116   2454551J               (2)1(  2.5)        225247.0
c  117   2454551J               (2)5( 10.5)        225297.0
c  118   2454551J               (2)2(  4.5)        225307.0
c  119   2454551J               (2)3(  6.5)        225387.0
c  120   2454551J               (2)4(  8.5)        225427.0
c  121   2454551I               (2)0(  0.5)        226417.0
c  122   2454551A               (2)3(  6.5)        228337.0
c  123   2454551G               (2)0(  0.5)        232547.0
c  124   2454551D               (2)2(  4.5)        234587.0
c  125   2454551H               (2)1(  2.5)        236037.0
c  126   2454551E               (2)3(  6.5)        238397.0
c  127   2454551I               (2)2(  4.5)        241717.0
c  128   2454551J               (2)3(  6.5)        243877.0
c  129   14555516               (4)1(  5.5)        275317.0
c  130   14555516               (4)3( 13.5)        280227.0
c  131   14555516               (4)2(  9.5)        288587.0
c  132   14555516               (2)3(  6.5)        294307.0
c  133   14555516               (2)2(  4.5)        295787.0
c  134   14555518               (4)0(  1.5)        297257.0
c  135   14555518               (4)2(  9.5)        300177.0
c  136   14555518               (2)2(  4.5)        302277.0
c  137   14555518               (4)1(  5.5)        302507.0
c  138   14555518               (2)1(  2.5)        303667.0
c  139   14555518               (2)0(  0.5)        306947.0
c  140   14555516               (2)1(  2.5)        307147.0
c  141   14555519               (4)1(  5.5)        327857.0
c  142   14555519               (4)3( 13.5)        328557.0
c  143   14555519               (2)1(  2.5)        329677.0
c  144   14555519               (4)2(  9.5)        330167.0
c  145   14555519               (2)2(  4.5)        330837.0
c  146   14555519               (2)3(  6.5)        331207.0
c  147   14555516               (2)3(  6.5)        331367.0
c  148   1455551C               (4)0(  1.5)        332317.0
c  149   1455551C               (4)2(  9.5)        333137.0
c  150   1455551C               (2)2(  4.5)        334077.0
c  151   1455551C               (4)1(  5.5)        334267.0
c  152   1455551C               (2)1(  2.5)        334357.0
c  153   1455551C               (2)0(  0.5)        335777.0
c  154   14555516               (2)2(  4.5)        338057.0
c  155   1455551D               (2)1(  2.5)        341957.0
c  156   1455551D               (4)1(  5.5)        343807.0
c  157   1455551D               (4)3( 13.5)        344117.0
c  158   1455551D               (4)2(  9.5)        344987.0
c  159   1455551D               (2)3(  6.5)        345637.0
c  160   1455551D               (2)2(  4.5)        345667.0
c  161   1455551H               (4)0(  1.5)        345797.0
c  162   1455551H               (2)0(  0.5)        346097.0
c  163   1455551H               (4)2(  9.5)        346287.0
c  164   1455551H               (2)1(  2.5)        346677.0
c  165   1455551H               (2)2(  4.5)        346797.0
c  166   1455551H               (4)1(  5.5)        347107.0
c  167   14555518               (2)2(  4.5)        348327.0
c  168   14555518               (2)1(  2.5)        349657.0
c  169   1455551I               (2)1(  2.5)        350337.0
c  170   14555518               (2)0(  0.5)        350517.0
c  171   1455551I               (4)1(  5.5)        351467.0
c  172   1455551I               (4)3( 13.5)        351677.0
c  173   1455551I               (2)3(  6.5)        352457.0
c  174   1455551I               (4)2(  9.5)        352647.0
c  175   1455551I               (2)2(  4.5)        352747.0
c  176   14555516               (2)1(  2.5)        363517.0
c  177   14555519               (2)3(  6.5)        376407.0
c  178   14555519               (2)2(  4.5)        377637.0
c  179   14555519               (2)1(  2.5)        380577.0
c  180   1455551C               (2)2(  4.5)        380797.0
c  181   1455551C               (2)0(  0.5)        380867.0
c  182   1455551C               (2)1(  2.5)        381217.0
c  183   1455551D               (2)3(  6.5)        391707.0
c  184   1455551D               (2)2(  4.5)        392197.0
c  185   1455551D               (2)1(  2.5)        392997.0
c  186   1455551H               (2)2(  4.5)        393747.0
c  187   1455551H               (2)0(  0.5)        393777.0
c  188   1455551H               (2)1(  2.5)        393947.0
c  189   1455551I               (2)3(  6.5)        399227.0
c  190   1455551I               (2)2(  4.5)        399487.0
c  191   1455551I               (2)1(  2.5)        399847.0
 
 
 
c-------------------------------------------------------------------------------
 
C  superstage partition information
C  ================================
C
C  element symbol   : AR
C  parent template  : 
C  partition level  :  1
C  superstage label :  1
C
C  tabulation       : photon emissivity coefft (te,ne)
C  units            : ph. emis coef(cm^3 s^-1); te (ev); ne (cm^-3)
C
C  photon emissivity atomic transitions
C  ------------------------------------
C  
C   isel  wvlen(A)            transition                type  ispb nspb
C                                                             ispp nspp sz    tg pr wr
C  ----- ---------- ----------------------------------- ----- ---- ---- --    -- -- --
C      1   409.417  176(2)1(  2.5)-  2(2)0(  0.5)       excit   1    1   1   324 50  1
C      2   413.707  127(2)2(  4.5)-  1(2)1(  2.5)       excit   1    1   1   119 46  2
C      3   426.281  124(2)2(  4.5)-  1(2)1(  2.5)       excit   1    1   1   116 25  3
C      4   441.663  121(2)0(  0.5)-  1(2)1(  2.5)       excit   1    1   1   113 16  4
C      5   444.312  115(2)2(  4.5)-  1(2)1(  2.5)       excit   1    1   1   108  2  5
C      6   445.301  114(2)1(  2.5)-  1(2)1(  2.5)       excit   1    1   1   107 13  6
C      7   451.433  110(2)2(  4.5)-  1(2)1(  2.5)       excit   1    1   1   104  7  7
C      8   455.546  104(2)0(  0.5)-  1(2)1(  2.5)       excit   1    1   1    99 23  8
C      9   456.919  103(2)1(  2.5)-  1(2)1(  2.5)       excit   1    1   1    98  9  9
C     10   461.900   99(2)2(  4.5)-  1(2)1(  2.5)       excit   1    1   1    94 15 10
C     11   463.871   96(2)2(  4.5)-  1(2)1(  2.5)       excit   1    1   1    91 14 11
C     12   470.396   89(2)1(  2.5)-  1(2)1(  2.5)       excit   1    1   1    85 35 12
C     13   479.026   77(2)0(  0.5)-  1(2)1(  2.5)       excit   1    1   1    74 19 13
C     14   480.360   76(2)2(  4.5)-  1(2)1(  2.5)       excit   1    1   1    73 11 14
C     15   481.726   71(2)1(  2.5)-  1(2)1(  2.5)       excit   1    1   1    68 17 15
C     16   495.744   54(2)1(  2.5)-  1(2)1(  2.5)       excit   1    1   1    51 49 16
C     17   495.793   53(2)2(  4.5)-  1(2)1(  2.5)       excit   1    1   1    50 33 17
C     18   507.339   45(2)2(  4.5)-  1(2)1(  2.5)       excit   1    1   1    43 42 18
C     19   510.942   42(2)2(  4.5)-  1(2)1(  2.5)       excit   1    1   1    40  5 19
C     20   517.472   40(2)1(  2.5)-  1(2)1(  2.5)       excit   1    1   1    38 18 20
C     21   532.255  140(2)1(  2.5)-  2(2)0(  0.5)       excit   1    1   1   292 30 21
C     22   533.740   30(2)0(  0.5)-  1(2)1(  2.5)       excit   1    1   1    28 12 22
C     23   539.034   28(2)1(  2.5)-  1(2)1(  2.5)       excit   1    1   1    26 26 23
C     24   552.312   26(2)2(  4.5)-  1(2)1(  2.5)       excit   1    1   1    24  8 24
C     25   567.933   25(2)1(  2.5)-  1(2)1(  2.5)       excit   1    1   1    23  1 25
C     26   594.258   21(2)0(  0.5)-  1(2)1(  2.5)       excit   1    1   1    19 22 26
C     27   601.659   20(2)2(  4.5)-  1(2)1(  2.5)       excit   1    1   1    18  3 27
C     28   615.510   17(2)2(  4.5)-  1(2)1(  2.5)       excit   1    1   1    15  6 28
C     29   656.224   10(2)3(  6.5)-  1(2)1(  2.5)       excit   1    1   1     9 38 29
C     30   666.413    9(4)1(  5.5)-  1(2)1(  2.5)       excit   1    1   1     8 32 30
C     31   666.947    8(2)1(  2.5)-  1(2)1(  2.5)       excit   1    1   1     7 43 31
C     32   668.195    7(2)2(  4.5)-  1(2)1(  2.5)       excit   1    1   1     6 10 32
C     33   686.639    6(4)3( 13.5)-  1(2)1(  2.5)       excit   1    1   1     5 44 33
C     34   713.587    5(2)1(  2.5)-  1(2)1(  2.5)       excit   1    1   1     4  4 34
C     35   727.236    4(4)2(  9.5)-  1(2)1(  2.5)       excit   1    1   1     3 31 35
C     36   731.331    3(4)1(  5.5)-  1(2)1(  2.5)       excit   1    1   1     2 21 36
C     37   838.455    2(2)0(  0.5)-  1(2)1(  2.5)       excit   1    1   1     1 20 37
C     38   1836.21   23(2)1(  2.5)-  2(2)0(  0.5)       excit   1    1   1   202 47 38
C     39   2977.08   23(2)1(  2.5)-  5(2)1(  2.5)       excit   1    1   1   726 36 39
C     40   3918.50   16(4)0(  1.5)-  3(4)1(  5.5)       excit   1    1   1   349 41 40
C     41   3932.36   15(2)1(  2.5)-  3(4)1(  5.5)       excit   1    1   1   348 48 41
C     42   4130.52   24(2)2(  4.5)-  7(2)2(  4.5)       excit   1    1   1  1087 34 42
C     43   4154.55   23(2)1(  2.5)-  7(2)2(  4.5)       excit   1    1   1  1086 24 43
C     44   4395.60   13(4)2(  9.5)-  3(4)1(  5.5)       excit   1    1   1   346 37 44
C     45   4416.96   18(2)0(  0.5)-  5(2)1(  2.5)       excit   1    1   1   721 45 45
C     46   4434.59   34(2)1(  2.5)- 21(2)0(  0.5)       excit   1    1   1  3469 40 46
C     47   4539.26   15(2)1(  2.5)-  5(2)1(  2.5)       excit   1    1   1   718 28 47
C     48   4585.05   22(2)3(  6.5)-  7(2)2(  4.5)       excit   1    1   1  1085 29 48
C     49   4775.55   12(4)1(  5.5)-  3(4)1(  5.5)       excit   1    1   1   345 39 49
C     50   4856.73   14(2)2(  4.5)-  5(2)1(  2.5)       excit   1    1   1   717 27 50
c-------------------------------------------------------------------------------
                                                                                
C  code     : adas810
C  producer : Adam Foster
C  date     : 13/05/09
                                                                                
c-------------------------------------------------------------------------------
