   50    /AR: 1 photon emissivity coefficients/
--------------------------------------------------------------------------------
    1    1    1    1    1    1    1    1    1    1    1    1    1    1
    1    1    1    1    1
--------------------------------------------------------------------------------
//#01/p00/ 00/p01/ 01/p02/ 02/p03/ 03/p04/ 04/p05/ 05/p06/ 06/p07/ 07/p08/ 08/  
      p09/ 09/p10/ 10/p11/ 11/p12/ 12/p13/ 13/p14/ 14/p15/ 15/p16/ 16/p17/ 17/  
      p18/ 18/                                                                  
--------------------------------------------------------------------------------
  425.594    7  14 /pl=01:ss= 1:pb= 1:sz= 1/type=excit/ispb = t/isel =    1
 1.00E+10 1.00E+11 1.00E+12 1.00E+13 1.00E+14 1.00E+15 1.00E+16
 6.89E-02 1.03E-01 1.72E-01 3.45E-01 6.89E-01 1.72E+00 3.45E+00 5.17E+00
 6.89E+00 1.03E+01 1.72E+01 3.45E+01 6.89E+01 1.03E+02
 1.00E-74 1.00E-74 1.00E-74 3.10E-45 4.72E-27 2.96E-16 9.73E-13 1.32E-11
 4.59E-11 1.45E-10 3.09E-10 4.47E-10 4.72E-10 4.61E-10
 1.00E-74 1.00E-74 1.00E-74 3.15E-45 4.73E-27 2.96E-16 9.74E-13 1.32E-11
 4.60E-11 1.45E-10 3.08E-10 4.42E-10 4.64E-10 4.51E-10
 1.00E-74 1.00E-74 1.00E-74 3.17E-45 4.76E-27 2.98E-16 9.80E-13 1.33E-11
 4.62E-11 1.46E-10 3.09E-10 4.43E-10 4.64E-10 4.50E-10
 1.00E-74 1.00E-74 1.00E-74 3.16E-45 4.70E-27 2.93E-16 9.64E-13 1.31E-11
 4.56E-11 1.44E-10 3.04E-10 4.35E-10 4.56E-10 4.43E-10
 1.00E-74 1.00E-74 1.00E-74 3.18E-45 4.65E-27 2.84E-16 9.23E-13 1.25E-11
 4.32E-11 1.35E-10 2.80E-10 3.94E-10 4.12E-10 4.01E-10
 1.00E-74 1.00E-74 1.00E-74 4.50E-45 6.16E-27 3.48E-16 1.08E-12 1.42E-11
 4.81E-11 1.43E-10 2.80E-10 3.76E-10 3.85E-10 3.71E-10
 1.00E-74 1.00E-74 1.00E-74 5.84E-45 8.79E-27 5.15E-16 1.48E-12 1.77E-11
 5.29E-11 1.27E-10 2.05E-10 2.54E-10 2.64E-10 2.60E-10
  440.841    7  14 /pl=01:ss= 1:pb= 1:sz= 1/type=excit/ispb = t/isel =    2
 1.00E+10 1.00E+11 1.00E+12 1.00E+13 1.00E+14 1.00E+15 1.00E+16
 6.89E-02 1.03E-01 1.72E-01 3.45E-01 6.89E-01 1.72E+00 3.45E+00 5.17E+00
 6.89E+00 1.03E+01 1.72E+01 3.45E+01 6.89E+01 1.03E+02
 1.00E-74 1.00E-74 1.00E-74 1.67E-43 5.80E-26 1.51E-15 3.72E-12 4.60E-11
 1.53E-10 4.59E-10 9.39E-10 1.31E-09 1.36E-09 1.32E-09
 1.00E-74 1.00E-74 1.00E-74 1.67E-43 5.80E-26 1.51E-15 3.72E-12 4.60E-11
 1.53E-10 4.58E-10 9.34E-10 1.30E-09 1.33E-09 1.29E-09
 1.00E-74 1.00E-74 1.00E-74 1.66E-43 5.79E-26 1.51E-15 3.71E-12 4.59E-11
 1.52E-10 4.58E-10 9.32E-10 1.29E-09 1.33E-09 1.28E-09
 1.00E-74 1.00E-74 1.00E-74 1.65E-43 5.75E-26 1.50E-15 3.69E-12 4.56E-11
 1.51E-10 4.54E-10 9.22E-10 1.28E-09 1.31E-09 1.27E-09
 1.00E-74 1.00E-74 1.00E-74 1.61E-43 5.63E-26 1.48E-15 3.63E-12 4.49E-11
 1.48E-10 4.40E-10 8.81E-10 1.21E-09 1.24E-09 1.20E-09
 1.00E-74 1.00E-74 1.00E-74 1.84E-43 6.00E-26 1.48E-15 3.55E-12 4.32E-11
 1.40E-10 4.01E-10 7.68E-10 1.03E-09 1.05E-09 1.02E-09
 1.00E-74 1.00E-74 1.00E-74 2.23E-43 7.79E-26 1.91E-15 4.12E-12 4.49E-11
 1.28E-10 2.93E-10 4.58E-10 5.54E-10 5.71E-10 5.64E-10
  443.315    7  14 /pl=01:ss= 1:pb= 1:sz= 1/type=excit/ispb = t/isel =    3
 1.00E+10 1.00E+11 1.00E+12 1.00E+13 1.00E+14 1.00E+15 1.00E+16
 6.89E-02 1.03E-01 1.72E-01 3.45E-01 6.89E-01 1.72E+00 3.45E+00 5.17E+00
 6.89E+00 1.03E+01 1.72E+01 3.45E+01 6.89E+01 1.03E+02
 1.00E-74 1.00E-74 1.00E-74 1.05E-43 3.67E-26 9.58E-16 2.35E-12 2.91E-11
 9.65E-11 2.90E-10 5.94E-10 8.29E-10 8.59E-10 8.32E-10
 1.00E-74 1.00E-74 1.00E-74 1.05E-43 3.67E-26 9.58E-16 2.35E-12 2.91E-11
 9.65E-11 2.90E-10 5.91E-10 8.20E-10 8.44E-10 8.14E-10
 1.00E-74 1.00E-74 1.00E-74 1.05E-43 3.66E-26 9.56E-16 2.35E-12 2.90E-11
 9.64E-11 2.90E-10 5.90E-10 8.18E-10 8.40E-10 8.10E-10
 1.00E-74 1.00E-74 1.00E-74 1.04E-43 3.63E-26 9.50E-16 2.33E-12 2.89E-11
 9.57E-11 2.87E-10 5.83E-10 8.08E-10 8.31E-10 8.01E-10
 1.00E-74 1.00E-74 1.00E-74 1.02E-43 3.56E-26 9.34E-16 2.30E-12 2.84E-11
 9.38E-11 2.78E-10 5.57E-10 7.63E-10 7.85E-10 7.59E-10
 1.00E-74 1.00E-74 1.00E-74 1.16E-43 3.79E-26 9.37E-16 2.25E-12 2.73E-11
 8.86E-11 2.54E-10 4.86E-10 6.48E-10 6.67E-10 6.47E-10
 1.00E-74 1.00E-74 1.00E-74 1.41E-43 4.93E-26 1.21E-15 2.61E-12 2.84E-11
 8.09E-11 1.85E-10 2.89E-10 3.51E-10 3.61E-10 3.57E-10
  443.864    7  14 /pl=01:ss= 1:pb= 1:sz= 1/type=excit/ispb = t/isel =    4
 1.00E+10 1.00E+11 1.00E+12 1.00E+13 1.00E+14 1.00E+15 1.00E+16
 6.89E-02 1.03E-01 1.72E-01 3.45E-01 6.89E-01 1.72E+00 3.45E+00 5.17E+00
 6.89E+00 1.03E+01 1.72E+01 3.45E+01 6.89E+01 1.03E+02
 1.00E-74 1.00E-74 1.00E-74 9.79E-43 2.58E-25 5.69E-15 1.32E-11 1.60E-10
 5.26E-10 1.57E-09 3.21E-09 4.50E-09 4.70E-09 4.59E-09
 1.00E-74 1.00E-74 1.00E-74 9.79E-43 2.58E-25 5.69E-15 1.32E-11 1.60E-10
 5.26E-10 1.57E-09 3.19E-09 4.45E-09 4.62E-09 4.49E-09
 1.00E-74 1.00E-74 1.00E-74 9.75E-43 2.57E-25 5.67E-15 1.32E-11 1.60E-10
 5.24E-10 1.56E-09 3.18E-09 4.44E-09 4.60E-09 4.47E-09
 1.00E-74 1.00E-74 1.00E-74 9.61E-43 2.54E-25 5.60E-15 1.30E-11 1.58E-10
 5.18E-10 1.54E-09 3.13E-09 4.36E-09 4.52E-09 4.39E-09
 1.00E-74 1.00E-74 1.00E-74 9.39E-43 2.47E-25 5.47E-15 1.27E-11 1.54E-10
 5.05E-10 1.49E-09 2.97E-09 4.07E-09 4.21E-09 4.10E-09
 1.00E-74 1.00E-74 1.00E-74 1.21E-42 2.95E-25 6.04E-15 1.35E-11 1.60E-10
 5.13E-10 1.45E-09 2.75E-09 3.63E-09 3.71E-09 3.59E-09
 1.00E-74 1.00E-74 1.00E-74 1.48E-42 3.92E-25 8.11E-15 1.65E-11 1.76E-10
 4.97E-10 1.13E-09 1.75E-09 2.11E-09 2.17E-09 2.14E-09
  444.645    7  14 /pl=01:ss= 1:pb= 1:sz= 1/type=excit/ispb = t/isel =    5
 1.00E+10 1.00E+11 1.00E+12 1.00E+13 1.00E+14 1.00E+15 1.00E+16
 6.89E-02 1.03E-01 1.72E-01 3.45E-01 6.89E-01 1.72E+00 3.45E+00 5.17E+00
 6.89E+00 1.03E+01 1.72E+01 3.45E+01 6.89E+01 1.03E+02
 1.00E-74 1.00E-74 1.00E-74 3.77E-43 9.23E-26 1.95E-15 4.46E-12 5.38E-11
 1.76E-10 5.25E-10 1.07E-09 1.49E-09 1.55E-09 1.50E-09
 1.00E-74 1.00E-74 1.00E-74 3.76E-43 9.23E-26 1.95E-15 4.46E-12 5.38E-11
 1.76E-10 5.24E-10 1.06E-09 1.47E-09 1.52E-09 1.47E-09
 1.00E-74 1.00E-74 1.00E-74 3.74E-43 9.17E-26 1.94E-15 4.44E-12 5.35E-11
 1.75E-10 5.22E-10 1.06E-09 1.47E-09 1.51E-09 1.46E-09
 1.00E-74 1.00E-74 1.00E-74 3.66E-43 8.96E-26 1.90E-15 4.35E-12 5.25E-11
 1.72E-10 5.12E-10 1.04E-09 1.44E-09 1.49E-09 1.43E-09
 1.00E-74 1.00E-74 1.00E-74 3.47E-43 8.52E-26 1.81E-15 4.17E-12 5.04E-11
 1.65E-10 4.86E-10 9.71E-10 1.33E-09 1.38E-09 1.33E-09
 1.00E-74 1.00E-74 1.00E-74 4.23E-43 9.65E-26 1.90E-15 4.20E-12 4.96E-11
 1.59E-10 4.50E-10 8.54E-10 1.13E-09 1.16E-09 1.12E-09
 1.00E-74 1.00E-74 1.00E-74 5.10E-43 1.26E-25 2.49E-15 5.01E-12 5.32E-11
 1.50E-10 3.39E-10 5.25E-10 6.33E-10 6.51E-10 6.43E-10
  445.387    7  14 /pl=01:ss= 1:pb= 1:sz= 1/type=excit/ispb = t/isel =    6
 1.00E+10 1.00E+11 1.00E+12 1.00E+13 1.00E+14 1.00E+15 1.00E+16
 6.89E-02 1.03E-01 1.72E-01 3.45E-01 6.89E-01 1.72E+00 3.45E+00 5.17E+00
 6.89E+00 1.03E+01 1.72E+01 3.45E+01 6.89E+01 1.03E+02
 1.00E-74 1.00E-74 1.00E-74 5.68E-43 1.64E-25 3.82E-15 9.05E-12 1.11E-10
 3.70E-10 1.12E-09 2.28E-09 3.18E-09 3.31E-09 3.23E-09
 1.00E-74 1.00E-74 1.00E-74 5.68E-43 1.64E-25 3.82E-15 9.05E-12 1.11E-10
 3.70E-10 1.11E-09 2.27E-09 3.15E-09 3.25E-09 3.15E-09
 1.00E-74 1.00E-74 1.00E-74 5.67E-43 1.64E-25 3.81E-15 9.04E-12 1.11E-10
 3.69E-10 1.11E-09 2.26E-09 3.14E-09 3.24E-09 3.14E-09
 1.00E-74 1.00E-74 1.00E-74 5.65E-43 1.63E-25 3.80E-15 9.01E-12 1.11E-10
 3.68E-10 1.11E-09 2.24E-09 3.11E-09 3.21E-09 3.11E-09
 1.00E-74 1.00E-74 1.00E-74 5.61E-43 1.62E-25 3.78E-15 8.96E-12 1.09E-10
 3.60E-10 1.07E-09 2.12E-09 2.91E-09 3.00E-09 2.92E-09
 1.00E-74 1.00E-74 1.00E-74 6.89E-43 1.85E-25 4.03E-15 9.22E-12 1.10E-10
 3.54E-10 1.00E-09 1.90E-09 2.50E-09 2.56E-09 2.48E-09
 1.00E-74 1.00E-74 1.00E-74 8.54E-43 2.46E-25 5.37E-15 1.12E-11 1.20E-10
 3.39E-10 7.70E-10 1.20E-09 1.44E-09 1.48E-09 1.46E-09
  446.644    7  14 /pl=01:ss= 1:pb= 1:sz= 1/type=excit/ispb = t/isel =    7
 1.00E+10 1.00E+11 1.00E+12 1.00E+13 1.00E+14 1.00E+15 1.00E+16
 6.89E-02 1.03E-01 1.72E-01 3.45E-01 6.89E-01 1.72E+00 3.45E+00 5.17E+00
 6.89E+00 1.03E+01 1.72E+01 3.45E+01 6.89E+01 1.03E+02
 1.00E-74 1.00E-74 1.00E-74 1.25E-43 3.21E-26 6.97E-16 1.61E-12 1.96E-11
 6.46E-11 1.94E-10 3.94E-10 5.48E-10 5.67E-10 5.49E-10
 1.00E-74 1.00E-74 1.00E-74 1.25E-43 3.21E-26 6.97E-16 1.61E-12 1.96E-11
 6.46E-11 1.93E-10 3.93E-10 5.42E-10 5.57E-10 5.37E-10
 1.00E-74 1.00E-74 1.00E-74 1.24E-43 3.19E-26 6.93E-16 1.60E-12 1.95E-11
 6.44E-11 1.93E-10 3.91E-10 5.40E-10 5.54E-10 5.35E-10
 1.00E-74 1.00E-74 1.00E-74 1.21E-43 3.11E-26 6.78E-16 1.57E-12 1.91E-11
 6.32E-11 1.89E-10 3.84E-10 5.31E-10 5.45E-10 5.26E-10
 1.00E-74 1.00E-74 1.00E-74 1.15E-43 2.97E-26 6.51E-16 1.51E-12 1.84E-11
 6.03E-11 1.78E-10 3.57E-10 4.88E-10 5.03E-10 4.88E-10
 1.00E-74 1.00E-74 1.00E-74 1.39E-43 3.32E-26 6.74E-16 1.51E-12 1.79E-11
 5.75E-11 1.63E-10 3.09E-10 4.09E-10 4.20E-10 4.07E-10
 1.00E-74 1.00E-74 1.00E-74 1.68E-43 4.33E-26 8.83E-16 1.79E-12 1.91E-11
 5.39E-11 1.22E-10 1.89E-10 2.28E-10 2.35E-10 2.32E-10
  450.730    7  14 /pl=01:ss= 1:pb= 1:sz= 1/type=excit/ispb = t/isel =    8
 1.00E+10 1.00E+11 1.00E+12 1.00E+13 1.00E+14 1.00E+15 1.00E+16
 6.89E-02 1.03E-01 1.72E-01 3.45E-01 6.89E-01 1.72E+00 3.45E+00 5.17E+00
 6.89E+00 1.03E+01 1.72E+01 3.45E+01 6.89E+01 1.03E+02
 1.00E-74 1.00E-74 1.00E-74 2.19E-42 3.10E-25 4.73E-15 9.73E-12 1.13E-10
 3.65E-10 1.07E-09 2.15E-09 2.99E-09 3.12E-09 3.04E-09
 1.00E-74 1.00E-74 1.00E-74 2.19E-42 3.10E-25 4.73E-15 9.73E-12 1.13E-10
 3.65E-10 1.07E-09 2.14E-09 2.96E-09 3.06E-09 2.98E-09
 1.00E-74 1.00E-74 1.00E-74 2.19E-42 3.11E-25 4.74E-15 9.73E-12 1.13E-10
 3.65E-10 1.07E-09 2.14E-09 2.95E-09 3.05E-09 2.96E-09
 1.00E-74 1.00E-74 1.00E-74 2.18E-42 3.10E-25 4.73E-15 9.72E-12 1.13E-10
 3.64E-10 1.06E-09 2.12E-09 2.91E-09 3.01E-09 2.93E-09
 1.00E-74 1.00E-74 1.00E-74 2.16E-42 3.06E-25 4.67E-15 9.60E-12 1.11E-10
 3.58E-10 1.03E-09 2.02E-09 2.74E-09 2.82E-09 2.74E-09
 1.00E-74 1.00E-74 1.00E-74 2.91E-42 3.83E-25 5.37E-15 1.05E-11 1.20E-10
 3.76E-10 1.04E-09 1.93E-09 2.52E-09 2.55E-09 2.47E-09
 1.00E-74 1.00E-74 1.00E-74 3.59E-42 5.13E-25 7.34E-15 1.32E-11 1.35E-10
 3.73E-10 8.29E-10 1.26E-09 1.51E-09 1.54E-09 1.52E-09
  452.948    7  14 /pl=01:ss= 1:pb= 1:sz= 1/type=excit/ispb = t/isel =    9
 1.00E+10 1.00E+11 1.00E+12 1.00E+13 1.00E+14 1.00E+15 1.00E+16
 6.89E-02 1.03E-01 1.72E-01 3.45E-01 6.89E-01 1.72E+00 3.45E+00 5.17E+00
 6.89E+00 1.03E+01 1.72E+01 3.45E+01 6.89E+01 1.03E+02
 1.00E-74 1.00E-74 1.00E-74 9.62E-43 1.42E-25 2.20E-15 4.56E-12 5.37E-11
 1.74E-10 5.15E-10 1.04E-09 1.43E-09 1.49E-09 1.45E-09
 1.00E-74 1.00E-74 1.00E-74 9.63E-43 1.42E-25 2.20E-15 4.56E-12 5.37E-11
 1.74E-10 5.14E-10 1.03E-09 1.42E-09 1.46E-09 1.42E-09
 1.00E-74 1.00E-74 1.00E-74 9.64E-43 1.42E-25 2.20E-15 4.57E-12 5.38E-11
 1.75E-10 5.15E-10 1.03E-09 1.42E-09 1.46E-09 1.42E-09
 1.00E-74 1.00E-74 1.00E-74 9.63E-43 1.42E-25 2.20E-15 4.57E-12 5.37E-11
 1.74E-10 5.13E-10 1.03E-09 1.40E-09 1.45E-09 1.41E-09
 1.00E-74 1.00E-74 1.00E-74 9.62E-43 1.41E-25 2.18E-15 4.53E-12 5.29E-11
 1.70E-10 4.93E-10 9.68E-10 1.31E-09 1.35E-09 1.31E-09
 1.00E-74 1.00E-74 1.00E-74 1.33E-42 1.80E-25 2.56E-15 5.06E-12 5.76E-11
 1.81E-10 5.00E-10 9.31E-10 1.21E-09 1.23E-09 1.18E-09
 1.00E-74 1.00E-74 1.00E-74 1.63E-42 2.40E-25 3.49E-15 6.33E-12 6.48E-11
 1.79E-10 3.98E-10 6.08E-10 7.25E-10 7.42E-10 7.31E-10
  454.675    7  14 /pl=01:ss= 1:pb= 1:sz= 1/type=excit/ispb = t/isel =   10
 1.00E+10 1.00E+11 1.00E+12 1.00E+13 1.00E+14 1.00E+15 1.00E+16
 6.89E-02 1.03E-01 1.72E-01 3.45E-01 6.89E-01 1.72E+00 3.45E+00 5.17E+00
 6.89E+00 1.03E+01 1.72E+01 3.45E+01 6.89E+01 1.03E+02
 1.00E-74 1.00E-74 1.00E-74 9.98E-43 1.00E-25 1.24E-15 2.38E-12 2.71E-11
 8.64E-11 2.50E-10 4.97E-10 6.79E-10 6.99E-10 6.77E-10
 1.00E-74 1.00E-74 1.00E-74 9.99E-43 1.00E-25 1.24E-15 2.38E-12 2.71E-11
 8.64E-11 2.50E-10 4.95E-10 6.72E-10 6.87E-10 6.62E-10
 1.00E-74 1.00E-74 1.00E-74 1.00E-42 1.01E-25 1.24E-15 2.38E-12 2.71E-11
 8.65E-11 2.50E-10 4.95E-10 6.71E-10 6.85E-10 6.60E-10
 1.00E-74 1.00E-74 1.00E-74 1.00E-42 1.01E-25 1.24E-15 2.39E-12 2.71E-11
 8.66E-11 2.50E-10 4.93E-10 6.68E-10 6.82E-10 6.56E-10
 1.00E-74 1.00E-74 1.00E-74 9.77E-43 9.85E-26 1.23E-15 2.37E-12 2.69E-11
 8.57E-11 2.45E-10 4.78E-10 6.42E-10 6.55E-10 6.31E-10
 1.00E-74 1.00E-74 1.00E-74 1.34E-42 1.24E-25 1.40E-15 2.55E-12 2.83E-11
 8.80E-11 2.42E-10 4.50E-10 5.86E-10 5.95E-10 5.73E-10
 1.00E-74 1.00E-74 1.00E-74 1.55E-42 1.57E-25 1.82E-15 3.05E-12 3.05E-11
 8.32E-11 1.83E-10 2.77E-10 3.28E-10 3.35E-10 3.30E-10
  456.083    7  14 /pl=01:ss= 1:pb= 1:sz= 1/type=excit/ispb = t/isel =   11
 1.00E+10 1.00E+11 1.00E+12 1.00E+13 1.00E+14 1.00E+15 1.00E+16
 6.89E-02 1.03E-01 1.72E-01 3.45E-01 6.89E-01 1.72E+00 3.45E+00 5.17E+00
 6.89E+00 1.03E+01 1.72E+01 3.45E+01 6.89E+01 1.03E+02
 1.00E-74 1.00E-74 1.00E-74 4.95E-42 4.40E-25 5.07E-15 9.49E-12 1.07E-10
 3.42E-10 9.90E-10 1.98E-09 2.72E-09 2.82E-09 2.74E-09
 1.00E-74 1.00E-74 1.00E-74 4.95E-42 4.40E-25 5.07E-15 9.49E-12 1.07E-10
 3.42E-10 9.88E-10 1.97E-09 2.70E-09 2.77E-09 2.68E-09
 1.00E-74 1.00E-74 1.00E-74 4.94E-42 4.40E-25 5.07E-15 9.48E-12 1.07E-10
 3.41E-10 9.87E-10 1.96E-09 2.69E-09 2.76E-09 2.66E-09
 1.00E-74 1.00E-74 1.00E-74 4.79E-42 4.28E-25 4.97E-15 9.33E-12 1.06E-10
 3.37E-10 9.73E-10 1.93E-09 2.64E-09 2.72E-09 2.62E-09
 1.00E-74 1.00E-74 1.00E-74 4.38E-42 3.94E-25 4.65E-15 8.84E-12 1.00E-10
 3.20E-10 9.19E-10 1.80E-09 2.44E-09 2.51E-09 2.43E-09
 1.00E-74 1.00E-74 1.00E-74 6.42E-42 5.25E-25 5.49E-15 9.69E-12 1.07E-10
 3.31E-10 9.10E-10 1.69E-09 2.22E-09 2.26E-09 2.18E-09
 1.00E-74 1.00E-74 1.00E-74 7.25E-42 6.49E-25 7.02E-15 1.15E-11 1.14E-10
 3.09E-10 6.77E-10 1.02E-09 1.22E-09 1.25E-09 1.23E-09
  456.856    7  14 /pl=01:ss= 1:pb= 1:sz= 1/type=excit/ispb = t/isel =   12
 1.00E+10 1.00E+11 1.00E+12 1.00E+13 1.00E+14 1.00E+15 1.00E+16
 6.89E-02 1.03E-01 1.72E-01 3.45E-01 6.89E-01 1.72E+00 3.45E+00 5.17E+00
 6.89E+00 1.03E+01 1.72E+01 3.45E+01 6.89E+01 1.03E+02
 1.00E-74 1.00E-74 1.00E-74 2.71E-42 2.27E-25 2.50E-15 4.64E-12 5.20E-11
 1.65E-10 4.79E-10 9.52E-10 1.32E-09 1.37E-09 1.33E-09
 1.00E-74 1.00E-74 1.00E-74 2.71E-42 2.27E-25 2.50E-15 4.64E-12 5.20E-11
 1.65E-10 4.78E-10 9.48E-10 1.30E-09 1.34E-09 1.30E-09
 1.00E-74 1.00E-74 1.00E-74 2.71E-42 2.27E-25 2.50E-15 4.64E-12 5.20E-11
 1.65E-10 4.78E-10 9.46E-10 1.30E-09 1.34E-09 1.29E-09
 1.00E-74 1.00E-74 1.00E-74 2.65E-42 2.22E-25 2.46E-15 4.57E-12 5.13E-11
 1.63E-10 4.71E-10 9.30E-10 1.27E-09 1.31E-09 1.27E-09
 1.00E-74 1.00E-74 1.00E-74 2.53E-42 2.11E-25 2.34E-15 4.37E-12 4.91E-11
 1.56E-10 4.45E-10 8.66E-10 1.17E-09 1.20E-09 1.17E-09
 1.00E-74 1.00E-74 1.00E-74 3.76E-42 2.86E-25 2.86E-15 4.99E-12 5.46E-11
 1.69E-10 4.60E-10 8.48E-10 1.10E-09 1.11E-09 1.07E-09
 1.00E-74 1.00E-74 1.00E-74 4.34E-42 3.64E-25 3.77E-15 6.09E-12 6.00E-11
 1.63E-10 3.55E-10 5.35E-10 6.33E-10 6.46E-10 6.37E-10
  458.574    7  14 /pl=01:ss= 1:pb= 1:sz= 1/type=excit/ispb = t/isel =   13
 1.00E+10 1.00E+11 1.00E+12 1.00E+13 1.00E+14 1.00E+15 1.00E+16
 6.89E-02 1.03E-01 1.72E-01 3.45E-01 6.89E-01 1.72E+00 3.45E+00 5.17E+00
 6.89E+00 1.03E+01 1.72E+01 3.45E+01 6.89E+01 1.03E+02
 1.00E-74 1.00E-74 1.00E-74 1.08E-42 9.74E-26 1.13E-15 2.12E-12 2.40E-11
 7.65E-11 2.21E-10 4.38E-10 5.98E-10 6.17E-10 5.98E-10
 1.00E-74 1.00E-74 1.00E-74 1.08E-42 9.74E-26 1.13E-15 2.12E-12 2.40E-11
 7.65E-11 2.21E-10 4.37E-10 5.92E-10 6.07E-10 5.85E-10
 1.00E-74 1.00E-74 1.00E-74 1.08E-42 9.77E-26 1.13E-15 2.12E-12 2.41E-11
 7.67E-11 2.21E-10 4.37E-10 5.92E-10 6.06E-10 5.84E-10
 1.00E-74 1.00E-74 1.00E-74 1.08E-42 9.75E-26 1.13E-15 2.12E-12 2.40E-11
 7.66E-11 2.21E-10 4.35E-10 5.88E-10 6.01E-10 5.79E-10
 1.00E-74 1.00E-74 1.00E-74 1.05E-42 9.45E-26 1.10E-15 2.08E-12 2.35E-11
 7.47E-11 2.13E-10 4.13E-10 5.52E-10 5.64E-10 5.45E-10
 1.00E-74 1.00E-74 1.00E-74 1.44E-42 1.19E-25 1.26E-15 2.25E-12 2.48E-11
 7.68E-11 2.10E-10 3.88E-10 5.03E-10 5.09E-10 4.90E-10
 1.00E-74 1.00E-74 1.00E-74 1.68E-42 1.52E-25 1.65E-15 2.71E-12 2.69E-11
 7.31E-11 1.60E-10 2.41E-10 2.86E-10 2.92E-10 2.87E-10
  459.590    7  14 /pl=01:ss= 1:pb= 1:sz= 1/type=excit/ispb = t/isel =   14
 1.00E+10 1.00E+11 1.00E+12 1.00E+13 1.00E+14 1.00E+15 1.00E+16
 6.89E-02 1.03E-01 1.72E-01 3.45E-01 6.89E-01 1.72E+00 3.45E+00 5.17E+00
 6.89E+00 1.03E+01 1.72E+01 3.45E+01 6.89E+01 1.03E+02
 1.00E-74 1.00E-74 1.00E-74 1.28E-42 1.06E-25 1.17E-15 2.16E-12 2.45E-11
 7.85E-11 2.28E-10 4.54E-10 6.23E-10 6.43E-10 6.23E-10
 1.00E-74 1.00E-74 1.00E-74 1.28E-42 1.06E-25 1.17E-15 2.16E-12 2.45E-11
 7.85E-11 2.28E-10 4.53E-10 6.17E-10 6.32E-10 6.09E-10
 1.00E-74 1.00E-74 1.00E-74 1.29E-42 1.07E-25 1.17E-15 2.17E-12 2.46E-11
 7.88E-11 2.29E-10 4.54E-10 6.17E-10 6.32E-10 6.08E-10
 1.00E-74 1.00E-74 1.00E-74 1.28E-42 1.06E-25 1.16E-15 2.16E-12 2.44E-11
 7.82E-11 2.27E-10 4.49E-10 6.11E-10 6.26E-10 6.03E-10
 1.00E-74 1.00E-74 1.00E-74 1.23E-42 1.01E-25 1.12E-15 2.07E-12 2.34E-11
 7.43E-11 2.13E-10 4.14E-10 5.58E-10 5.73E-10 5.54E-10
 1.00E-74 1.00E-74 1.00E-74 1.80E-42 1.36E-25 1.35E-15 2.35E-12 2.57E-11
 7.93E-11 2.16E-10 3.98E-10 5.17E-10 5.23E-10 5.03E-10
 1.00E-74 1.00E-74 1.00E-74 2.06E-42 1.71E-25 1.77E-15 2.85E-12 2.81E-11
 7.62E-11 1.66E-10 2.51E-10 2.96E-10 3.02E-10 2.98E-10
  467.060    7  14 /pl=01:ss= 1:pb= 1:sz= 1/type=excit/ispb = t/isel =   15
 1.00E+10 1.00E+11 1.00E+12 1.00E+13 1.00E+14 1.00E+15 1.00E+16
 6.89E-02 1.03E-01 1.72E-01 3.45E-01 6.89E-01 1.72E+00 3.45E+00 5.17E+00
 6.89E+00 1.03E+01 1.72E+01 3.45E+01 6.89E+01 1.03E+02
 1.00E-74 1.00E-74 1.00E-74 1.59E-41 5.59E-25 3.70E-15 5.79E-12 6.22E-11
 1.94E-10 5.55E-10 1.10E-09 1.52E-09 1.58E-09 1.54E-09
 1.00E-74 1.00E-74 1.00E-74 1.58E-41 5.58E-25 3.70E-15 5.78E-12 6.22E-11
 1.94E-10 5.54E-10 1.10E-09 1.51E-09 1.55E-09 1.50E-09
 1.00E-74 1.00E-74 1.00E-74 1.57E-41 5.54E-25 3.67E-15 5.75E-12 6.18E-11
 1.93E-10 5.51E-10 1.09E-09 1.50E-09 1.54E-09 1.49E-09
 1.00E-74 1.00E-74 1.00E-74 1.47E-41 5.23E-25 3.50E-15 5.52E-12 5.96E-11
 1.86E-10 5.32E-10 1.05E-09 1.44E-09 1.50E-09 1.45E-09
 1.00E-74 1.00E-74 1.00E-74 1.28E-41 4.53E-25 3.08E-15 4.92E-12 5.31E-11
 1.66E-10 4.70E-10 9.18E-10 1.25E-09 1.30E-09 1.27E-09
 1.00E-74 1.00E-74 1.00E-74 1.96E-41 6.37E-25 3.81E-15 5.56E-12 5.75E-11
 1.73E-10 4.64E-10 8.48E-10 1.10E-09 1.12E-09 1.08E-09
 1.00E-74 1.00E-74 1.00E-74 2.17E-41 7.72E-25 4.81E-15 6.53E-12 6.08E-11
 1.60E-10 3.40E-10 5.03E-10 5.87E-10 5.98E-10 5.90E-10
  470.144    7  14 /pl=01:ss= 1:pb= 1:sz= 1/type=excit/ispb = t/isel =   16
 1.00E+10 1.00E+11 1.00E+12 1.00E+13 1.00E+14 1.00E+15 1.00E+16
 6.89E-02 1.03E-01 1.72E-01 3.45E-01 6.89E-01 1.72E+00 3.45E+00 5.17E+00
 6.89E+00 1.03E+01 1.72E+01 3.45E+01 6.89E+01 1.03E+02
 1.00E-74 1.00E-74 1.00E-74 8.59E-42 2.96E-25 1.93E-15 3.03E-12 3.28E-11
 1.03E-10 2.97E-10 5.90E-10 8.14E-10 8.39E-10 8.14E-10
 1.00E-74 1.00E-74 1.00E-74 8.58E-42 2.96E-25 1.93E-15 3.02E-12 3.28E-11
 1.03E-10 2.97E-10 5.87E-10 8.05E-10 8.25E-10 7.96E-10
 1.00E-74 1.00E-74 1.00E-74 8.43E-42 2.91E-25 1.91E-15 3.00E-12 3.25E-11
 1.02E-10 2.95E-10 5.84E-10 8.00E-10 8.20E-10 7.91E-10
 1.00E-74 1.00E-74 1.00E-74 7.69E-42 2.69E-25 1.79E-15 2.83E-12 3.08E-11
 9.73E-11 2.81E-10 5.58E-10 7.69E-10 7.92E-10 7.67E-10
 1.00E-74 1.00E-74 1.00E-74 6.68E-42 2.32E-25 1.56E-15 2.50E-12 2.71E-11
 8.47E-11 2.41E-10 4.72E-10 6.48E-10 6.73E-10 6.56E-10
 1.00E-74 1.00E-74 1.00E-74 1.03E-41 3.25E-25 1.91E-15 2.78E-12 2.87E-11
 8.66E-11 2.31E-10 4.23E-10 5.50E-10 5.60E-10 5.41E-10
 1.00E-74 1.00E-74 1.00E-74 1.13E-41 3.92E-25 2.41E-15 3.25E-12 3.02E-11
 7.95E-11 1.69E-10 2.49E-10 2.91E-10 2.96E-10 2.92E-10
  478.058    7  14 /pl=01:ss= 1:pb= 1:sz= 1/type=excit/ispb = t/isel =   17
 1.00E+10 1.00E+11 1.00E+12 1.00E+13 1.00E+14 1.00E+15 1.00E+16
 6.89E-02 1.03E-01 1.72E-01 3.45E-01 6.89E-01 1.72E+00 3.45E+00 5.17E+00
 6.89E+00 1.03E+01 1.72E+01 3.45E+01 6.89E+01 1.03E+02
 1.00E-74 1.00E-74 1.00E-74 8.04E-41 1.17E-24 4.55E-15 5.93E-12 5.93E-11
 1.78E-10 4.85E-10 9.22E-10 1.22E-09 1.25E-09 1.22E-09
 1.00E-74 1.00E-74 1.00E-74 8.04E-41 1.17E-24 4.55E-15 5.93E-12 5.93E-11
 1.78E-10 4.84E-10 9.18E-10 1.21E-09 1.23E-09 1.19E-09
 1.00E-74 1.00E-74 1.00E-74 8.06E-41 1.17E-24 4.56E-15 5.94E-12 5.94E-11
 1.78E-10 4.84E-10 9.17E-10 1.21E-09 1.23E-09 1.18E-09
 1.00E-74 1.00E-74 1.00E-74 8.07E-41 1.17E-24 4.56E-15 5.94E-12 5.94E-11
 1.78E-10 4.83E-10 9.13E-10 1.20E-09 1.22E-09 1.18E-09
 1.00E-74 1.00E-74 1.00E-74 8.02E-41 1.16E-24 4.50E-15 5.88E-12 5.87E-11
 1.76E-10 4.72E-10 8.79E-10 1.15E-09 1.16E-09 1.13E-09
 1.00E-74 1.00E-74 1.00E-74 9.96E-41 1.37E-24 4.94E-15 6.15E-12 6.02E-11
 1.76E-10 4.55E-10 8.10E-10 1.03E-09 1.03E-09 9.98E-10
 1.00E-74 1.00E-74 1.00E-74 1.15E-40 1.68E-24 6.19E-15 7.09E-12 6.24E-11
 1.60E-10 3.30E-10 4.76E-10 5.44E-10 5.48E-10 5.39E-10
  479.844    7  14 /pl=01:ss= 1:pb= 1:sz= 1/type=excit/ispb = t/isel =   18
 1.00E+10 1.00E+11 1.00E+12 1.00E+13 1.00E+14 1.00E+15 1.00E+16
 6.89E-02 1.03E-01 1.72E-01 3.45E-01 6.89E-01 1.72E+00 3.45E+00 5.17E+00
 6.89E+00 1.03E+01 1.72E+01 3.45E+01 6.89E+01 1.03E+02
 1.00E-74 1.00E-74 1.00E-74 1.47E-40 1.85E-24 6.61E-15 8.38E-12 8.27E-11
 2.46E-10 6.65E-10 1.26E-09 1.69E-09 1.75E-09 1.71E-09
 1.00E-74 1.00E-74 1.00E-74 1.48E-40 1.86E-24 6.64E-15 8.41E-12 8.30E-11
 2.46E-10 6.66E-10 1.26E-09 1.68E-09 1.72E-09 1.67E-09
 1.00E-74 1.00E-74 1.00E-74 1.55E-40 1.94E-24 6.85E-15 8.65E-12 8.52E-11
 2.52E-10 6.81E-10 1.28E-09 1.70E-09 1.73E-09 1.68E-09
 1.00E-74 1.00E-74 1.00E-74 1.63E-40 2.04E-24 7.21E-15 9.11E-12 8.98E-11
 2.66E-10 7.17E-10 1.34E-09 1.77E-09 1.79E-09 1.73E-09
 1.00E-74 1.00E-74 1.00E-74 1.64E-40 2.03E-24 7.25E-15 9.28E-12 9.23E-11
 2.75E-10 7.40E-10 1.38E-09 1.80E-09 1.81E-09 1.73E-09
 1.00E-74 1.00E-74 1.00E-74 2.66E-40 3.12E-24 1.01E-14 1.19E-11 1.15E-10
 3.34E-10 8.62E-10 1.53E-09 1.94E-09 1.94E-09 1.86E-09
 1.00E-74 1.00E-74 1.00E-74 2.97E-40 3.80E-24 1.28E-14 1.42E-11 1.23E-10
 3.14E-10 6.45E-10 9.28E-10 1.06E-09 1.07E-09 1.06E-09
  480.684    7  14 /pl=01:ss= 1:pb= 1:sz= 1/type=excit/ispb = t/isel =   19
 1.00E+10 1.00E+11 1.00E+12 1.00E+13 1.00E+14 1.00E+15 1.00E+16
 6.89E-02 1.03E-01 1.72E-01 3.45E-01 6.89E-01 1.72E+00 3.45E+00 5.17E+00
 6.89E+00 1.03E+01 1.72E+01 3.45E+01 6.89E+01 1.03E+02
 1.00E-74 1.00E-74 1.00E-74 1.37E-40 1.63E-24 5.56E-15 6.98E-12 6.89E-11
 2.05E-10 5.54E-10 1.05E-09 1.40E-09 1.44E-09 1.41E-09
 1.00E-74 1.00E-74 1.00E-74 1.38E-40 1.64E-24 5.58E-15 7.00E-12 6.90E-11
 2.05E-10 5.54E-10 1.05E-09 1.39E-09 1.42E-09 1.38E-09
 1.00E-74 1.00E-74 1.00E-74 1.42E-40 1.67E-24 5.69E-15 7.12E-12 7.02E-11
 2.08E-10 5.62E-10 1.06E-09 1.40E-09 1.43E-09 1.38E-09
 1.00E-74 1.00E-74 1.00E-74 1.45E-40 1.71E-24 5.83E-15 7.32E-12 7.22E-11
 2.15E-10 5.78E-10 1.08E-09 1.43E-09 1.45E-09 1.40E-09
 1.00E-74 1.00E-74 1.00E-74 1.42E-40 1.65E-24 5.75E-15 7.33E-12 7.30E-11
 2.18E-10 5.86E-10 1.09E-09 1.42E-09 1.43E-09 1.38E-09
 1.00E-74 1.00E-74 1.00E-74 2.27E-40 2.49E-24 7.77E-15 9.09E-12 8.73E-11
 2.53E-10 6.53E-10 1.16E-09 1.47E-09 1.48E-09 1.42E-09
 1.00E-74 1.00E-74 1.00E-74 2.50E-40 2.99E-24 9.70E-15 1.06E-11 9.17E-11
 2.33E-10 4.78E-10 6.86E-10 7.86E-10 7.94E-10 7.82E-10
  480.969    7  14 /pl=01:ss= 1:pb= 1:sz= 1/type=excit/ispb = t/isel =   20
 1.00E+10 1.00E+11 1.00E+12 1.00E+13 1.00E+14 1.00E+15 1.00E+16
 6.89E-02 1.03E-01 1.72E-01 3.45E-01 6.89E-01 1.72E+00 3.45E+00 5.17E+00
 6.89E+00 1.03E+01 1.72E+01 3.45E+01 6.89E+01 1.03E+02
 1.00E-74 1.00E-74 1.00E-74 4.51E-41 6.56E-25 2.55E-15 3.33E-12 3.33E-11
 1.00E-10 2.72E-10 5.18E-10 6.88E-10 7.03E-10 6.83E-10
 1.00E-74 1.00E-74 1.00E-74 4.52E-41 6.56E-25 2.55E-15 3.33E-12 3.33E-11
 1.00E-10 2.72E-10 5.15E-10 6.81E-10 6.91E-10 6.68E-10
 1.00E-74 1.00E-74 1.00E-74 4.53E-41 6.58E-25 2.56E-15 3.33E-12 3.33E-11
 1.00E-10 2.72E-10 5.15E-10 6.79E-10 6.89E-10 6.65E-10
 1.00E-74 1.00E-74 1.00E-74 4.53E-41 6.58E-25 2.56E-15 3.34E-12 3.34E-11
 1.00E-10 2.72E-10 5.13E-10 6.75E-10 6.84E-10 6.61E-10
 1.00E-74 1.00E-74 1.00E-74 4.51E-41 6.50E-25 2.53E-15 3.30E-12 3.30E-11
 9.86E-11 2.65E-10 4.93E-10 6.44E-10 6.53E-10 6.32E-10
 1.00E-74 1.00E-74 1.00E-74 5.59E-41 7.67E-25 2.77E-15 3.46E-12 3.38E-11
 9.89E-11 2.56E-10 4.55E-10 5.76E-10 5.80E-10 5.61E-10
 1.00E-74 1.00E-74 1.00E-74 6.44E-41 9.46E-25 3.48E-15 3.98E-12 3.50E-11
 8.97E-11 1.85E-10 2.67E-10 3.06E-10 3.08E-10 3.03E-10
  481.632    7  14 /pl=01:ss= 1:pb= 1:sz= 1/type=excit/ispb = t/isel =   21
 1.00E+10 1.00E+11 1.00E+12 1.00E+13 1.00E+14 1.00E+15 1.00E+16
 6.89E-02 1.03E-01 1.72E-01 3.45E-01 6.89E-01 1.72E+00 3.45E+00 5.17E+00
 6.89E+00 1.03E+01 1.72E+01 3.45E+01 6.89E+01 1.03E+02
 1.00E-74 1.00E-74 1.00E-74 9.07E-41 1.25E-24 4.72E-15 6.08E-12 6.13E-11
 1.84E-10 5.04E-10 9.54E-10 1.27E-09 1.31E-09 1.27E-09
 1.00E-74 1.00E-74 1.00E-74 9.13E-41 1.26E-24 4.74E-15 6.11E-12 6.15E-11
 1.85E-10 5.05E-10 9.53E-10 1.26E-09 1.29E-09 1.24E-09
 1.00E-74 1.00E-74 1.00E-74 9.48E-41 1.30E-24 4.87E-15 6.26E-12 6.29E-11
 1.89E-10 5.15E-10 9.68E-10 1.28E-09 1.30E-09 1.25E-09
 1.00E-74 1.00E-74 1.00E-74 9.92E-41 1.35E-24 5.07E-15 6.54E-12 6.58E-11
 1.97E-10 5.38E-10 1.01E-09 1.33E-09 1.34E-09 1.28E-09
 1.00E-74 1.00E-74 1.00E-74 9.84E-41 1.33E-24 5.07E-15 6.63E-12 6.68E-11
 2.00E-10 5.41E-10 1.01E-09 1.32E-09 1.32E-09 1.27E-09
 1.00E-74 1.00E-74 1.00E-74 1.55E-40 1.98E-24 6.77E-15 8.16E-12 7.92E-11
 2.31E-10 5.96E-10 1.06E-09 1.35E-09 1.35E-09 1.29E-09
 1.00E-74 1.00E-74 1.00E-74 1.72E-40 2.40E-24 8.53E-15 9.60E-12 8.40E-11
 2.15E-10 4.42E-10 6.37E-10 7.31E-10 7.38E-10 7.27E-10
  509.840    7  14 /pl=01:ss= 1:pb= 1:sz= 1/type=excit/ispb = t/isel =   22
 1.00E+10 1.00E+11 1.00E+12 1.00E+13 1.00E+14 1.00E+15 1.00E+16
 6.89E-02 1.03E-01 1.72E-01 3.45E-01 6.89E-01 1.72E+00 3.45E+00 5.17E+00
 6.89E+00 1.03E+01 1.72E+01 3.45E+01 6.89E+01 1.03E+02
 1.00E-74 1.00E-74 1.00E-74 2.30E-38 3.22E-23 3.07E-14 2.52E-11 2.15E-10
 5.95E-10 1.50E-09 2.70E-09 3.49E-09 3.59E-09 3.51E-09
 1.00E-74 1.00E-74 1.00E-74 2.31E-38 3.22E-23 3.08E-14 2.52E-11 2.15E-10
 5.96E-10 1.50E-09 2.69E-09 3.46E-09 3.52E-09 3.43E-09
 1.00E-74 1.00E-74 1.00E-74 2.36E-38 3.27E-23 3.11E-14 2.54E-11 2.17E-10
 6.00E-10 1.51E-09 2.70E-09 3.46E-09 3.52E-09 3.42E-09
 1.00E-74 1.00E-74 1.00E-74 2.46E-38 3.40E-23 3.21E-14 2.61E-11 2.23E-10
 6.15E-10 1.54E-09 2.74E-09 3.49E-09 3.54E-09 3.43E-09
 1.00E-74 1.00E-74 1.00E-74 2.48E-38 3.39E-23 3.21E-14 2.63E-11 2.25E-10
 6.22E-10 1.55E-09 2.70E-09 3.39E-09 3.42E-09 3.31E-09
 1.00E-74 1.00E-74 1.00E-74 3.08E-38 4.11E-23 3.69E-14 2.87E-11 2.40E-10
 6.50E-10 1.55E-09 2.59E-09 3.14E-09 3.12E-09 3.01E-09
 1.00E-74 1.00E-74 1.00E-74 3.43E-38 4.87E-23 4.44E-14 3.19E-11 2.41E-10
 5.70E-10 1.09E-09 1.48E-09 1.63E-09 1.61E-09 1.58E-09
  513.185    7  14 /pl=01:ss= 1:pb= 1:sz= 1/type=excit/ispb = t/isel =   23
 1.00E+10 1.00E+11 1.00E+12 1.00E+13 1.00E+14 1.00E+15 1.00E+16
 6.89E-02 1.03E-01 1.72E-01 3.45E-01 6.89E-01 1.72E+00 3.45E+00 5.17E+00
 6.89E+00 1.03E+01 1.72E+01 3.45E+01 6.89E+01 1.03E+02
 1.00E-74 1.00E-74 1.00E-74 1.32E-38 1.83E-23 1.75E-14 1.44E-11 1.24E-10
 3.48E-10 8.83E-10 1.59E-09 2.04E-09 2.08E-09 2.04E-09
 1.00E-74 1.00E-74 1.00E-74 1.32E-38 1.84E-23 1.76E-14 1.44E-11 1.24E-10
 3.48E-10 8.83E-10 1.58E-09 2.02E-09 2.05E-09 1.99E-09
 1.00E-74 1.00E-74 1.00E-74 1.35E-38 1.87E-23 1.78E-14 1.45E-11 1.26E-10
 3.51E-10 8.88E-10 1.59E-09 2.02E-09 2.05E-09 1.99E-09
 1.00E-74 1.00E-74 1.00E-74 1.42E-38 1.94E-23 1.84E-14 1.50E-11 1.29E-10
 3.60E-10 9.08E-10 1.62E-09 2.05E-09 2.07E-09 2.00E-09
 1.00E-74 1.00E-74 1.00E-74 1.43E-38 1.95E-23 1.85E-14 1.51E-11 1.30E-10
 3.61E-10 9.00E-10 1.58E-09 1.97E-09 1.98E-09 1.92E-09
 1.00E-74 1.00E-74 1.00E-74 1.76E-38 2.35E-23 2.10E-14 1.64E-11 1.37E-10
 3.70E-10 8.84E-10 1.47E-09 1.78E-09 1.77E-09 1.71E-09
 1.00E-74 1.00E-74 1.00E-74 1.95E-38 2.76E-23 2.51E-14 1.81E-11 1.36E-10
 3.23E-10 6.17E-10 8.37E-10 9.19E-10 9.12E-10 8.95E-10
  515.747    7  14 /pl=01:ss= 1:pb= 1:sz= 1/type=excit/ispb = t/isel =   24
 1.00E+10 1.00E+11 1.00E+12 1.00E+13 1.00E+14 1.00E+15 1.00E+16
 6.89E-02 1.03E-01 1.72E-01 3.45E-01 6.89E-01 1.72E+00 3.45E+00 5.17E+00
 6.89E+00 1.03E+01 1.72E+01 3.45E+01 6.89E+01 1.03E+02
 1.00E-74 1.00E-74 1.00E-74 1.87E-38 1.74E-23 1.31E-14 9.91E-12 8.31E-11
 2.28E-10 5.71E-10 1.02E-09 1.31E-09 1.33E-09 1.30E-09
 1.00E-74 1.00E-74 1.00E-74 1.88E-38 1.75E-23 1.31E-14 9.93E-12 8.31E-11
 2.28E-10 5.70E-10 1.01E-09 1.30E-09 1.31E-09 1.27E-09
 1.00E-74 1.00E-74 1.00E-74 1.93E-38 1.79E-23 1.34E-14 1.01E-11 8.41E-11
 2.30E-10 5.75E-10 1.02E-09 1.30E-09 1.31E-09 1.26E-09
 1.00E-74 1.00E-74 1.00E-74 2.04E-38 1.88E-23 1.40E-14 1.05E-11 8.75E-11
 2.39E-10 5.93E-10 1.04E-09 1.32E-09 1.32E-09 1.27E-09
 1.00E-74 1.00E-74 1.00E-74 2.07E-38 1.89E-23 1.40E-14 1.06E-11 8.91E-11
 2.44E-10 6.00E-10 1.04E-09 1.30E-09 1.29E-09 1.24E-09
 1.00E-74 1.00E-74 1.00E-74 2.45E-38 2.20E-23 1.55E-14 1.12E-11 9.11E-11
 2.44E-10 5.76E-10 9.55E-10 1.16E-09 1.15E-09 1.11E-09
 1.00E-74 1.00E-74 1.00E-74 2.63E-38 2.50E-23 1.79E-14 1.19E-11 8.73E-11
 2.04E-10 3.86E-10 5.18E-10 5.66E-10 5.61E-10 5.50E-10
  532.545    7  14 /pl=01:ss= 1:pb= 1:sz= 1/type=excit/ispb = t/isel =   25
 1.00E+10 1.00E+11 1.00E+12 1.00E+13 1.00E+14 1.00E+15 1.00E+16
 6.89E-02 1.03E-01 1.72E-01 3.45E-01 6.89E-01 1.72E+00 3.45E+00 5.17E+00
 6.89E+00 1.03E+01 1.72E+01 3.45E+01 6.89E+01 1.03E+02
 1.00E-74 1.00E-74 1.00E-74 2.25E-37 6.97E-23 2.70E-14 1.64E-11 1.28E-10
 3.39E-10 8.20E-10 1.43E-09 1.80E-09 1.82E-09 1.76E-09
 1.00E-74 1.00E-74 1.00E-74 2.25E-37 6.97E-23 2.70E-14 1.64E-11 1.28E-10
 3.38E-10 8.19E-10 1.42E-09 1.78E-09 1.78E-09 1.72E-09
 1.00E-74 1.00E-74 1.00E-74 2.26E-37 6.98E-23 2.70E-14 1.64E-11 1.28E-10
 3.38E-10 8.18E-10 1.42E-09 1.78E-09 1.78E-09 1.71E-09
 1.00E-74 1.00E-74 1.00E-74 2.29E-37 7.05E-23 2.72E-14 1.65E-11 1.29E-10
 3.40E-10 8.18E-10 1.41E-09 1.77E-09 1.77E-09 1.70E-09
 1.00E-74 1.00E-74 1.00E-74 2.43E-37 7.38E-23 2.82E-14 1.70E-11 1.32E-10
 3.48E-10 8.31E-10 1.42E-09 1.76E-09 1.76E-09 1.69E-09
 1.00E-74 1.00E-74 1.00E-74 2.64E-37 7.97E-23 2.98E-14 1.76E-11 1.35E-10
 3.48E-10 8.03E-10 1.32E-09 1.60E-09 1.60E-09 1.54E-09
 1.00E-74 1.00E-74 1.00E-74 2.57E-37 8.10E-23 3.06E-14 1.70E-11 1.18E-10
 2.68E-10 4.94E-10 6.55E-10 7.12E-10 7.09E-10 6.98E-10
  536.159    7  14 /pl=01:ss= 1:pb= 1:sz= 1/type=excit/ispb = t/isel =   26
 1.00E+10 1.00E+11 1.00E+12 1.00E+13 1.00E+14 1.00E+15 1.00E+16
 6.89E-02 1.03E-01 1.72E-01 3.45E-01 6.89E-01 1.72E+00 3.45E+00 5.17E+00
 6.89E+00 1.03E+01 1.72E+01 3.45E+01 6.89E+01 1.03E+02
 1.00E-74 1.00E-74 1.00E-74 1.34E-37 4.15E-23 1.61E-14 9.77E-12 7.63E-11
 2.02E-10 4.89E-10 8.50E-10 1.07E-09 1.08E-09 1.05E-09
 1.00E-74 1.00E-74 1.00E-74 1.34E-37 4.15E-23 1.61E-14 9.77E-12 7.63E-11
 2.02E-10 4.88E-10 8.46E-10 1.06E-09 1.06E-09 1.02E-09
 1.00E-74 1.00E-74 1.00E-74 1.35E-37 4.16E-23 1.61E-14 9.77E-12 7.62E-11
 2.02E-10 4.87E-10 8.44E-10 1.06E-09 1.06E-09 1.02E-09
 1.00E-74 1.00E-74 1.00E-74 1.37E-37 4.20E-23 1.62E-14 9.83E-12 7.66E-11
 2.02E-10 4.88E-10 8.42E-10 1.05E-09 1.05E-09 1.01E-09
 1.00E-74 1.00E-74 1.00E-74 1.45E-37 4.40E-23 1.68E-14 1.01E-11 7.88E-11
 2.07E-10 4.95E-10 8.44E-10 1.05E-09 1.05E-09 1.01E-09
 1.00E-74 1.00E-74 1.00E-74 1.58E-37 4.75E-23 1.78E-14 1.05E-11 8.02E-11
 2.07E-10 4.79E-10 7.85E-10 9.53E-10 9.51E-10 9.17E-10
 1.00E-74 1.00E-74 1.00E-74 1.53E-37 4.83E-23 1.82E-14 1.01E-11 7.02E-11
 1.60E-10 2.95E-10 3.90E-10 4.24E-10 4.23E-10 4.16E-10
  551.556    7  14 /pl=01:ss= 1:pb= 1:sz= 1/type=excit/ispb = t/isel =   27
 1.00E+10 1.00E+11 1.00E+12 1.00E+13 1.00E+14 1.00E+15 1.00E+16
 6.89E-02 1.03E-01 1.72E-01 3.45E-01 6.89E-01 1.72E+00 3.45E+00 5.17E+00
 6.89E+00 1.03E+01 1.72E+01 3.45E+01 6.89E+01 1.03E+02
 1.00E-74 1.00E-74 1.00E-74 2.74E-36 2.65E-22 5.14E-14 2.47E-11 1.79E-10
 4.54E-10 1.05E-09 1.79E-09 2.24E-09 2.29E-09 2.25E-09
 1.00E-74 1.00E-74 1.00E-74 2.74E-36 2.65E-22 5.14E-14 2.47E-11 1.79E-10
 4.54E-10 1.05E-09 1.78E-09 2.22E-09 2.25E-09 2.20E-09
 1.00E-74 1.00E-74 1.00E-74 2.74E-36 2.65E-22 5.13E-14 2.47E-11 1.79E-10
 4.54E-10 1.05E-09 1.78E-09 2.21E-09 2.24E-09 2.19E-09
 1.00E-74 1.00E-74 1.00E-74 2.76E-36 2.66E-22 5.14E-14 2.48E-11 1.79E-10
 4.56E-10 1.05E-09 1.78E-09 2.20E-09 2.23E-09 2.18E-09
 1.00E-74 1.00E-74 1.00E-74 2.82E-36 2.72E-22 5.25E-14 2.55E-11 1.86E-10
 4.72E-10 1.09E-09 1.81E-09 2.21E-09 2.22E-09 2.16E-09
 1.00E-74 1.00E-74 1.00E-74 3.04E-36 2.90E-22 5.57E-14 2.67E-11 1.92E-10
 4.81E-10 1.07E-09 1.69E-09 2.00E-09 1.99E-09 1.94E-09
 1.00E-74 1.00E-74 1.00E-74 3.32E-36 3.29E-22 6.32E-14 2.79E-11 1.80E-10
 3.94E-10 6.97E-10 8.92E-10 9.45E-10 9.33E-10 9.22E-10
  554.133    7  14 /pl=01:ss= 1:pb= 1:sz= 1/type=excit/ispb = t/isel =   28
 1.00E+10 1.00E+11 1.00E+12 1.00E+13 1.00E+14 1.00E+15 1.00E+16
 6.89E-02 1.03E-01 1.72E-01 3.45E-01 6.89E-01 1.72E+00 3.45E+00 5.17E+00
 6.89E+00 1.03E+01 1.72E+01 3.45E+01 6.89E+01 1.03E+02
 1.00E-74 1.00E-74 1.00E-74 1.84E-36 1.93E-22 3.90E-14 1.92E-11 1.41E-10
 3.62E-10 8.47E-10 1.44E-09 1.79E-09 1.83E-09 1.79E-09
 1.00E-74 1.00E-74 1.00E-74 1.84E-36 1.93E-22 3.90E-14 1.92E-11 1.41E-10
 3.62E-10 8.46E-10 1.43E-09 1.78E-09 1.80E-09 1.75E-09
 1.00E-74 1.00E-74 1.00E-74 1.84E-36 1.93E-22 3.90E-14 1.92E-11 1.40E-10
 3.62E-10 8.45E-10 1.43E-09 1.77E-09 1.79E-09 1.75E-09
 1.00E-74 1.00E-74 1.00E-74 1.86E-36 1.94E-22 3.91E-14 1.92E-11 1.41E-10
 3.63E-10 8.46E-10 1.43E-09 1.77E-09 1.79E-09 1.74E-09
 1.00E-74 1.00E-74 1.00E-74 1.92E-36 1.99E-22 4.01E-14 1.97E-11 1.44E-10
 3.70E-10 8.54E-10 1.42E-09 1.73E-09 1.74E-09 1.70E-09
 1.00E-74 1.00E-74 1.00E-74 2.06E-36 2.13E-22 4.24E-14 2.06E-11 1.48E-10
 3.72E-10 8.22E-10 1.30E-09 1.53E-09 1.53E-09 1.49E-09
 1.00E-74 1.00E-74 1.00E-74 2.23E-36 2.39E-22 4.80E-14 2.16E-11 1.39E-10
 3.06E-10 5.41E-10 6.92E-10 7.34E-10 7.25E-10 7.15E-10
  565.806    7  14 /pl=01:ss= 1:pb= 1:sz= 1/type=excit/ispb = t/isel =   29
 1.00E+10 1.00E+11 1.00E+12 1.00E+13 1.00E+14 1.00E+15 1.00E+16
 6.89E-02 1.03E-01 1.72E-01 3.45E-01 6.89E-01 1.72E+00 3.45E+00 5.17E+00
 6.89E+00 1.03E+01 1.72E+01 3.45E+01 6.89E+01 1.03E+02
 1.00E-74 1.00E-74 1.00E-74 6.95E-36 2.95E-22 3.48E-14 1.42E-11 9.74E-11
 2.42E-10 5.48E-10 9.05E-10 1.10E-09 1.11E-09 1.08E-09
 1.00E-74 1.00E-74 1.00E-74 6.95E-36 2.95E-22 3.48E-14 1.42E-11 9.74E-11
 2.42E-10 5.47E-10 9.01E-10 1.09E-09 1.09E-09 1.05E-09
 1.00E-74 1.00E-74 1.00E-74 6.97E-36 2.96E-22 3.48E-14 1.42E-11 9.75E-11
 2.42E-10 5.47E-10 9.00E-10 1.09E-09 1.08E-09 1.05E-09
 1.00E-74 1.00E-74 1.00E-74 7.10E-36 3.00E-22 3.52E-14 1.43E-11 9.83E-11
 2.44E-10 5.50E-10 9.00E-10 1.08E-09 1.08E-09 1.05E-09
 1.00E-74 1.00E-74 1.00E-74 7.56E-36 3.17E-22 3.69E-14 1.50E-11 1.02E-10
 2.52E-10 5.60E-10 8.98E-10 1.06E-09 1.05E-09 1.01E-09
 1.00E-74 1.00E-74 1.00E-74 8.04E-36 3.35E-22 3.88E-14 1.56E-11 1.05E-10
 2.52E-10 5.39E-10 8.21E-10 9.38E-10 9.18E-10 8.88E-10
 1.00E-74 1.00E-74 1.00E-74 7.70E-36 3.36E-22 3.91E-14 1.47E-11 9.01E-11
 1.92E-10 3.30E-10 4.13E-10 4.29E-10 4.21E-10 4.15E-10
  566.984    7  14 /pl=01:ss= 1:pb= 1:sz= 1/type=excit/ispb = t/isel =   30
 1.00E+10 1.00E+11 1.00E+12 1.00E+13 1.00E+14 1.00E+15 1.00E+16
 6.89E-02 1.03E-01 1.72E-01 3.45E-01 6.89E-01 1.72E+00 3.45E+00 5.17E+00
 6.89E+00 1.03E+01 1.72E+01 3.45E+01 6.89E+01 1.03E+02
 1.00E-74 1.00E-74 1.00E-74 3.68E-35 1.46E-21 1.66E-13 6.71E-11 4.56E-10
 1.13E-09 2.54E-09 4.18E-09 5.12E-09 5.14E-09 5.01E-09
 1.00E-74 1.00E-74 1.00E-74 3.68E-35 1.46E-21 1.66E-13 6.71E-11 4.56E-10
 1.13E-09 2.54E-09 4.17E-09 5.06E-09 5.05E-09 4.90E-09
 1.00E-74 1.00E-74 1.00E-74 3.69E-35 1.47E-21 1.66E-13 6.71E-11 4.56E-10
 1.12E-09 2.53E-09 4.15E-09 5.04E-09 5.03E-09 4.87E-09
 1.00E-74 1.00E-74 1.00E-74 3.75E-35 1.49E-21 1.67E-13 6.75E-11 4.58E-10
 1.13E-09 2.53E-09 4.13E-09 4.99E-09 4.97E-09 4.82E-09
 1.00E-74 1.00E-74 1.00E-74 3.98E-35 1.57E-21 1.75E-13 7.03E-11 4.76E-10
 1.17E-09 2.58E-09 4.13E-09 4.89E-09 4.83E-09 4.67E-09
 1.00E-74 1.00E-74 1.00E-74 4.24E-35 1.66E-21 1.84E-13 7.31E-11 4.88E-10
 1.18E-09 2.51E-09 3.81E-09 4.36E-09 4.27E-09 4.13E-09
 1.00E-74 1.00E-74 1.00E-74 4.08E-35 1.67E-21 1.86E-13 6.94E-11 4.22E-10
 8.99E-10 1.54E-09 1.92E-09 2.00E-09 1.96E-09 1.93E-09
  569.888    7  14 /pl=01:ss= 1:pb= 1:sz= 1/type=excit/ispb = t/isel =   31
 1.00E+10 1.00E+11 1.00E+12 1.00E+13 1.00E+14 1.00E+15 1.00E+16
 6.89E-02 1.03E-01 1.72E-01 3.45E-01 6.89E-01 1.72E+00 3.45E+00 5.17E+00
 6.89E+00 1.03E+01 1.72E+01 3.45E+01 6.89E+01 1.03E+02
 1.00E-74 1.00E-74 1.00E-74 1.25E-35 5.31E-22 6.26E-14 2.55E-11 1.75E-10
 4.35E-10 9.86E-10 1.63E-09 1.98E-09 1.99E-09 1.94E-09
 1.00E-74 1.00E-74 1.00E-74 1.25E-35 5.31E-22 6.26E-14 2.55E-11 1.75E-10
 4.35E-10 9.85E-10 1.62E-09 1.96E-09 1.96E-09 1.90E-09
 1.00E-74 1.00E-74 1.00E-74 1.25E-35 5.32E-22 6.27E-14 2.56E-11 1.75E-10
 4.35E-10 9.85E-10 1.62E-09 1.96E-09 1.95E-09 1.89E-09
 1.00E-74 1.00E-74 1.00E-74 1.28E-35 5.40E-22 6.34E-14 2.58E-11 1.77E-10
 4.38E-10 9.89E-10 1.62E-09 1.95E-09 1.94E-09 1.88E-09
 1.00E-74 1.00E-74 1.00E-74 1.36E-35 5.69E-22 6.63E-14 2.70E-11 1.84E-10
 4.53E-10 1.01E-09 1.62E-09 1.91E-09 1.89E-09 1.82E-09
 1.00E-74 1.00E-74 1.00E-74 1.45E-35 6.03E-22 6.97E-14 2.80E-11 1.88E-10
 4.54E-10 9.69E-10 1.48E-09 1.69E-09 1.65E-09 1.60E-09
 1.00E-74 1.00E-74 1.00E-74 1.39E-35 6.04E-22 7.03E-14 2.65E-11 1.62E-10
 3.45E-10 5.94E-10 7.42E-10 7.72E-10 7.57E-10 7.46E-10
  570.072    7  14 /pl=01:ss= 1:pb= 1:sz= 1/type=excit/ispb = t/isel =   32
 1.00E+10 1.00E+11 1.00E+12 1.00E+13 1.00E+14 1.00E+15 1.00E+16
 6.89E-02 1.03E-01 1.72E-01 3.45E-01 6.89E-01 1.72E+00 3.45E+00 5.17E+00
 6.89E+00 1.03E+01 1.72E+01 3.45E+01 6.89E+01 1.03E+02
 1.00E-74 1.00E-74 1.00E-74 9.40E-36 3.16E-22 3.22E-14 1.27E-11 8.59E-11
 2.13E-10 4.82E-10 7.94E-10 9.71E-10 9.79E-10 9.54E-10
 1.00E-74 1.00E-74 1.00E-74 9.41E-36 3.16E-22 3.23E-14 1.27E-11 8.59E-11
 2.13E-10 4.81E-10 7.91E-10 9.61E-10 9.62E-10 9.33E-10
 1.00E-74 1.00E-74 1.00E-74 9.44E-36 3.17E-22 3.23E-14 1.27E-11 8.59E-11
 2.12E-10 4.80E-10 7.89E-10 9.58E-10 9.58E-10 9.29E-10
 1.00E-74 1.00E-74 1.00E-74 9.73E-36 3.25E-22 3.28E-14 1.28E-11 8.66E-11
 2.14E-10 4.81E-10 7.86E-10 9.50E-10 9.50E-10 9.21E-10
 1.00E-74 1.00E-74 1.00E-74 1.07E-35 3.53E-22 3.53E-14 1.37E-11 9.23E-11
 2.26E-10 5.01E-10 8.00E-10 9.46E-10 9.34E-10 9.02E-10
 1.00E-74 1.00E-74 1.00E-74 1.17E-35 3.85E-22 3.83E-14 1.47E-11 9.69E-11
 2.32E-10 4.94E-10 7.50E-10 8.56E-10 8.36E-10 8.07E-10
 1.00E-74 1.00E-74 1.00E-74 1.11E-35 3.84E-22 3.86E-14 1.38E-11 8.24E-11
 1.74E-10 2.97E-10 3.69E-10 3.83E-10 3.75E-10 3.69E-10
  571.036    7  14 /pl=01:ss= 1:pb= 1:sz= 1/type=excit/ispb = t/isel =   33
 1.00E+10 1.00E+11 1.00E+12 1.00E+13 1.00E+14 1.00E+15 1.00E+16
 6.89E-02 1.03E-01 1.72E-01 3.45E-01 6.89E-01 1.72E+00 3.45E+00 5.17E+00
 6.89E+00 1.03E+01 1.72E+01 3.45E+01 6.89E+01 1.03E+02
 1.00E-74 1.00E-74 1.00E-74 7.05E-35 2.24E-21 2.23E-13 8.65E-11 5.79E-10
 1.42E-09 3.19E-09 5.26E-09 6.45E-09 6.50E-09 6.39E-09
 1.00E-74 1.00E-74 1.00E-74 7.05E-35 2.25E-21 2.23E-13 8.64E-11 5.79E-10
 1.42E-09 3.19E-09 5.23E-09 6.38E-09 6.38E-09 6.25E-09
 1.00E-74 1.00E-74 1.00E-74 7.06E-35 2.25E-21 2.23E-13 8.63E-11 5.78E-10
 1.42E-09 3.17E-09 5.21E-09 6.35E-09 6.34E-09 6.21E-09
 1.00E-74 1.00E-74 1.00E-74 7.22E-35 2.29E-21 2.25E-13 8.68E-11 5.80E-10
 1.42E-09 3.17E-09 5.16E-09 6.26E-09 6.25E-09 6.12E-09
 1.00E-74 1.00E-74 1.00E-74 7.76E-35 2.44E-21 2.38E-13 9.18E-11 6.12E-10
 1.49E-09 3.29E-09 5.26E-09 6.24E-09 6.16E-09 6.00E-09
 1.00E-74 1.00E-74 1.00E-74 8.53E-35 2.66E-21 2.58E-13 9.79E-11 6.45E-10
 1.55E-09 3.28E-09 4.99E-09 5.71E-09 5.57E-09 5.42E-09
 1.00E-74 1.00E-74 1.00E-74 8.38E-35 2.74E-21 2.66E-13 9.38E-11 5.60E-10
 1.18E-09 2.01E-09 2.49E-09 2.59E-09 2.53E-09 2.50E-09
  571.083    7  14 /pl=01:ss= 1:pb= 1:sz= 1/type=excit/ispb = t/isel =   34
 1.00E+10 1.00E+11 1.00E+12 1.00E+13 1.00E+14 1.00E+15 1.00E+16
 6.89E-02 1.03E-01 1.72E-01 3.45E-01 6.89E-01 1.72E+00 3.45E+00 5.17E+00
 6.89E+00 1.03E+01 1.72E+01 3.45E+01 6.89E+01 1.03E+02
 1.00E-74 1.00E-74 1.00E-74 7.79E-36 3.10E-22 3.51E-14 1.42E-11 9.67E-11
 2.39E-10 5.38E-10 8.87E-10 1.08E-09 1.09E-09 1.06E-09
 1.00E-74 1.00E-74 1.00E-74 7.79E-36 3.10E-22 3.51E-14 1.42E-11 9.66E-11
 2.38E-10 5.37E-10 8.83E-10 1.07E-09 1.07E-09 1.04E-09
 1.00E-74 1.00E-74 1.00E-74 7.81E-36 3.11E-22 3.52E-14 1.42E-11 9.66E-11
 2.38E-10 5.36E-10 8.80E-10 1.07E-09 1.07E-09 1.03E-09
 1.00E-74 1.00E-74 1.00E-74 7.95E-36 3.15E-22 3.55E-14 1.43E-11 9.70E-11
 2.39E-10 5.36E-10 8.75E-10 1.06E-09 1.05E-09 1.02E-09
 1.00E-74 1.00E-74 1.00E-74 8.44E-36 3.32E-22 3.71E-14 1.49E-11 1.01E-10
 2.47E-10 5.48E-10 8.76E-10 1.04E-09 1.02E-09 9.90E-10
 1.00E-74 1.00E-74 1.00E-74 8.98E-36 3.51E-22 3.90E-14 1.55E-11 1.03E-10
 2.49E-10 5.31E-10 8.08E-10 9.25E-10 9.05E-10 8.74E-10
 1.00E-74 1.00E-74 1.00E-74 8.66E-36 3.53E-22 3.95E-14 1.47E-11 8.95E-11
 1.91E-10 3.27E-10 4.08E-10 4.24E-10 4.16E-10 4.09E-10
  574.216    7  14 /pl=01:ss= 1:pb= 1:sz= 1/type=excit/ispb = t/isel =   35
 1.00E+10 1.00E+11 1.00E+12 1.00E+13 1.00E+14 1.00E+15 1.00E+16
 6.89E-02 1.03E-01 1.72E-01 3.45E-01 6.89E-01 1.72E+00 3.45E+00 5.17E+00
 6.89E+00 1.03E+01 1.72E+01 3.45E+01 6.89E+01 1.03E+02
 1.00E-74 1.00E-74 1.00E-74 2.81E-35 9.45E-22 9.64E-14 3.79E-11 2.57E-10
 6.37E-10 1.44E-09 2.38E-09 2.90E-09 2.93E-09 2.85E-09
 1.00E-74 1.00E-74 1.00E-74 2.81E-35 9.45E-22 9.65E-14 3.79E-11 2.57E-10
 6.36E-10 1.44E-09 2.37E-09 2.87E-09 2.88E-09 2.79E-09
 1.00E-74 1.00E-74 1.00E-74 2.82E-35 9.48E-22 9.66E-14 3.79E-11 2.57E-10
 6.36E-10 1.44E-09 2.36E-09 2.86E-09 2.87E-09 2.78E-09
 1.00E-74 1.00E-74 1.00E-74 2.91E-35 9.71E-22 9.82E-14 3.84E-11 2.59E-10
 6.39E-10 1.44E-09 2.35E-09 2.84E-09 2.84E-09 2.75E-09
 1.00E-74 1.00E-74 1.00E-74 3.20E-35 1.06E-21 1.06E-13 4.11E-11 2.76E-10
 6.76E-10 1.50E-09 2.39E-09 2.83E-09 2.79E-09 2.70E-09
 1.00E-74 1.00E-74 1.00E-74 3.50E-35 1.15E-21 1.15E-13 4.39E-11 2.90E-10
 6.95E-10 1.48E-09 2.24E-09 2.56E-09 2.50E-09 2.41E-09
 1.00E-74 1.00E-74 1.00E-74 3.32E-35 1.15E-21 1.15E-13 4.12E-11 2.46E-10
 5.21E-10 8.89E-10 1.10E-09 1.15E-09 1.12E-09 1.10E-09
  592.784    7  14 /pl=01:ss= 1:pb= 1:sz= 1/type=excit/ispb = t/isel =   36
 1.00E+10 1.00E+11 1.00E+12 1.00E+13 1.00E+14 1.00E+15 1.00E+16
 6.89E-02 1.03E-01 1.72E-01 3.45E-01 6.89E-01 1.72E+00 3.45E+00 5.17E+00
 6.89E+00 1.03E+01 1.72E+01 3.45E+01 6.89E+01 1.03E+02
 1.00E-74 1.00E-74 1.00E-74 5.17E-35 5.21E-22 2.79E-14 9.78E-12 6.64E-11
 1.66E-10 3.86E-10 6.55E-10 8.21E-10 8.31E-10 8.08E-10
 1.00E-74 1.00E-74 1.00E-74 5.17E-35 5.21E-22 2.78E-14 9.76E-12 6.63E-11
 1.66E-10 3.84E-10 6.51E-10 8.12E-10 8.16E-10 7.89E-10
 1.00E-74 1.00E-74 1.00E-74 5.17E-35 5.21E-22 2.77E-14 9.65E-12 6.53E-11
 1.64E-10 3.78E-10 6.41E-10 8.00E-10 8.05E-10 7.80E-10
 1.00E-74 1.00E-74 1.00E-74 5.19E-35 5.21E-22 2.72E-14 9.23E-12 6.16E-11
 1.53E-10 3.50E-10 5.90E-10 7.39E-10 7.52E-10 7.34E-10
 1.00E-74 1.00E-74 1.00E-74 5.25E-35 5.27E-22 2.70E-14 8.78E-12 5.68E-11
 1.38E-10 3.05E-10 4.96E-10 6.09E-10 6.23E-10 6.14E-10
 1.00E-74 1.00E-74 1.00E-74 5.46E-35 5.49E-22 2.79E-14 8.72E-12 5.43E-11
 1.27E-10 2.65E-10 4.01E-10 4.66E-10 4.69E-10 4.62E-10
 1.00E-74 1.00E-74 1.00E-74 5.61E-35 5.88E-22 3.08E-14 8.88E-12 4.93E-11
 1.00E-10 1.65E-10 1.99E-10 2.03E-10 1.98E-10 1.96E-10
  597.266    7  14 /pl=01:ss= 1:pb= 1:sz= 1/type=excit/ispb = t/isel =   37
 1.00E+10 1.00E+11 1.00E+12 1.00E+13 1.00E+14 1.00E+15 1.00E+16
 6.89E-02 1.03E-01 1.72E-01 3.45E-01 6.89E-01 1.72E+00 3.45E+00 5.17E+00
 6.89E+00 1.03E+01 1.72E+01 3.45E+01 6.89E+01 1.03E+02
 1.00E-74 1.00E-74 1.00E-74 2.89E-35 2.91E-22 1.56E-14 5.46E-12 3.70E-11
 9.29E-11 2.15E-10 3.66E-10 4.58E-10 4.64E-10 4.51E-10
 1.00E-74 1.00E-74 1.00E-74 2.89E-35 2.91E-22 1.55E-14 5.45E-12 3.70E-11
 9.27E-11 2.15E-10 3.63E-10 4.53E-10 4.55E-10 4.40E-10
 1.00E-74 1.00E-74 1.00E-74 2.89E-35 2.91E-22 1.55E-14 5.39E-12 3.65E-11
 9.14E-11 2.11E-10 3.58E-10 4.47E-10 4.50E-10 4.35E-10
 1.00E-74 1.00E-74 1.00E-74 2.89E-35 2.91E-22 1.52E-14 5.15E-12 3.44E-11
 8.54E-11 1.96E-10 3.30E-10 4.13E-10 4.20E-10 4.10E-10
 1.00E-74 1.00E-74 1.00E-74 2.93E-35 2.94E-22 1.51E-14 4.90E-12 3.17E-11
 7.69E-11 1.70E-10 2.77E-10 3.40E-10 3.48E-10 3.43E-10
 1.00E-74 1.00E-74 1.00E-74 3.05E-35 3.06E-22 1.55E-14 4.87E-12 3.03E-11
 7.10E-11 1.48E-10 2.24E-10 2.60E-10 2.62E-10 2.58E-10
 1.00E-74 1.00E-74 1.00E-74 3.13E-35 3.28E-22 1.72E-14 4.96E-12 2.75E-11
 5.61E-11 9.21E-11 1.11E-10 1.13E-10 1.11E-10 1.09E-10
  647.087    7  14 /pl=01:ss= 1:pb= 1:sz= 1/type=excit/ispb = t/isel =   38
 1.00E+10 1.00E+11 1.00E+12 1.00E+13 1.00E+14 1.00E+15 1.00E+16
 6.89E-02 1.03E-01 1.72E-01 3.45E-01 6.89E-01 1.72E+00 3.45E+00 5.17E+00
 6.89E+00 1.03E+01 1.72E+01 3.45E+01 6.89E+01 1.03E+02
 1.00E-74 1.00E-74 1.00E-74 2.08E-32 1.65E-20 1.78E-13 3.35E-11 1.79E-10
 4.01E-10 8.19E-10 1.28E-09 1.54E-09 1.53E-09 1.49E-09
 1.00E-74 1.00E-74 1.00E-74 2.08E-32 1.64E-20 1.78E-13 3.35E-11 1.80E-10
 4.01E-10 8.19E-10 1.28E-09 1.52E-09 1.51E-09 1.46E-09
 1.00E-74 1.00E-74 1.00E-74 2.08E-32 1.65E-20 1.79E-13 3.35E-11 1.80E-10
 4.01E-10 8.20E-10 1.28E-09 1.52E-09 1.51E-09 1.46E-09
 1.00E-74 1.00E-74 1.00E-74 2.08E-32 1.65E-20 1.79E-13 3.38E-11 1.82E-10
 4.07E-10 8.32E-10 1.30E-09 1.53E-09 1.52E-09 1.46E-09
 1.00E-74 1.00E-74 1.00E-74 2.09E-32 1.66E-20 1.83E-13 3.53E-11 1.92E-10
 4.32E-10 8.82E-10 1.35E-09 1.58E-09 1.54E-09 1.48E-09
 1.00E-74 1.00E-74 1.00E-74 2.11E-32 1.70E-20 1.88E-13 3.58E-11 1.91E-10
 4.20E-10 8.20E-10 1.19E-09 1.33E-09 1.31E-09 1.27E-09
 1.00E-74 1.00E-74 1.00E-74 1.87E-32 1.56E-20 1.71E-13 2.92E-11 1.37E-10
 2.59E-10 3.94E-10 4.53E-10 4.50E-10 4.38E-10 4.34E-10
  655.152    7  14 /pl=01:ss= 1:pb= 1:sz= 1/type=excit/ispb = t/isel =   39
 1.00E+10 1.00E+11 1.00E+12 1.00E+13 1.00E+14 1.00E+15 1.00E+16
 6.89E-02 1.03E-01 1.72E-01 3.45E-01 6.89E-01 1.72E+00 3.45E+00 5.17E+00
 6.89E+00 1.03E+01 1.72E+01 3.45E+01 6.89E+01 1.03E+02
 1.00E-74 1.00E-74 1.00E-74 1.63E-32 1.15E-20 1.22E-13 2.37E-11 1.30E-10
 2.93E-10 6.10E-10 9.52E-10 1.12E-09 1.10E-09 1.06E-09
 1.00E-74 1.00E-74 1.00E-74 1.63E-32 1.15E-20 1.22E-13 2.37E-11 1.30E-10
 2.93E-10 6.09E-10 9.48E-10 1.11E-09 1.09E-09 1.04E-09
 1.00E-74 1.00E-74 1.00E-74 1.63E-32 1.15E-20 1.22E-13 2.37E-11 1.30E-10
 2.93E-10 6.08E-10 9.46E-10 1.11E-09 1.08E-09 1.03E-09
 1.00E-74 1.00E-74 1.00E-74 1.63E-32 1.15E-20 1.22E-13 2.37E-11 1.30E-10
 2.93E-10 6.08E-10 9.43E-10 1.10E-09 1.08E-09 1.03E-09
 1.00E-74 1.00E-74 1.00E-74 1.63E-32 1.16E-20 1.22E-13 2.38E-11 1.30E-10
 2.93E-10 6.01E-10 9.20E-10 1.07E-09 1.04E-09 9.98E-10
 1.00E-74 1.00E-74 1.00E-74 1.64E-32 1.17E-20 1.23E-13 2.32E-11 1.24E-10
 2.69E-10 5.24E-10 7.56E-10 8.46E-10 8.29E-10 8.04E-10
 1.00E-74 1.00E-74 1.00E-74 1.44E-32 1.07E-20 1.11E-13 1.86E-11 8.69E-11
 1.63E-10 2.48E-10 2.84E-10 2.81E-10 2.74E-10 2.71E-10
  666.035    7  14 /pl=01:ss= 1:pb= 1:sz= 1/type=excit/ispb = t/isel =   40
 1.00E+10 1.00E+11 1.00E+12 1.00E+13 1.00E+14 1.00E+15 1.00E+16
 6.89E-02 1.03E-01 1.72E-01 3.45E-01 6.89E-01 1.72E+00 3.45E+00 5.17E+00
 6.89E+00 1.03E+01 1.72E+01 3.45E+01 6.89E+01 1.03E+02
 1.00E-74 1.00E-74 1.00E-74 5.86E-32 2.14E-20 1.78E-13 3.70E-11 2.14E-10
 5.00E-10 1.09E-09 1.78E-09 2.17E-09 2.12E-09 2.02E-09
 1.00E-74 1.00E-74 1.00E-74 5.86E-32 2.14E-20 1.78E-13 3.70E-11 2.15E-10
 5.01E-10 1.09E-09 1.78E-09 2.16E-09 2.10E-09 1.99E-09
 1.00E-74 1.00E-74 1.00E-74 5.87E-32 2.14E-20 1.78E-13 3.70E-11 2.14E-10
 5.00E-10 1.09E-09 1.78E-09 2.17E-09 2.11E-09 2.00E-09
 1.00E-74 1.00E-74 1.00E-74 5.91E-32 2.15E-20 1.77E-13 3.65E-11 2.12E-10
 4.94E-10 1.07E-09 1.75E-09 2.13E-09 2.09E-09 1.98E-09
 1.00E-74 1.00E-74 1.00E-74 6.28E-32 2.25E-20 1.79E-13 3.58E-11 2.06E-10
 4.78E-10 1.03E-09 1.64E-09 1.97E-09 1.94E-09 1.85E-09
 1.00E-74 1.00E-74 1.00E-74 7.52E-32 2.68E-20 1.93E-13 3.27E-11 1.70E-10
 3.67E-10 7.15E-10 1.04E-09 1.18E-09 1.17E-09 1.15E-09
 1.00E-74 1.00E-74 1.00E-74 6.95E-32 2.60E-20 1.72E-13 2.44E-11 1.07E-10
 1.95E-10 2.88E-10 3.21E-10 3.11E-10 2.97E-10 2.92E-10
  672.363    7  14 /pl=01:ss= 1:pb= 1:sz= 1/type=excit/ispb = t/isel =   41
 1.00E+10 1.00E+11 1.00E+12 1.00E+13 1.00E+14 1.00E+15 1.00E+16
 6.89E-02 1.03E-01 1.72E-01 3.45E-01 6.89E-01 1.72E+00 3.45E+00 5.17E+00
 6.89E+00 1.03E+01 1.72E+01 3.45E+01 6.89E+01 1.03E+02
 1.00E-74 1.00E-74 1.00E-74 2.67E-32 9.71E-21 9.81E-14 2.40E-11 1.47E-10
 3.50E-10 7.72E-10 1.25E-09 1.48E-09 1.41E-09 1.31E-09
 1.00E-74 1.00E-74 1.00E-74 2.67E-32 9.71E-21 9.81E-14 2.39E-11 1.46E-10
 3.50E-10 7.70E-10 1.25E-09 1.47E-09 1.38E-09 1.28E-09
 1.00E-74 1.00E-74 1.00E-74 2.67E-32 9.72E-21 9.78E-14 2.38E-11 1.46E-10
 3.48E-10 7.66E-10 1.24E-09 1.46E-09 1.38E-09 1.28E-09
 1.00E-74 1.00E-74 1.00E-74 2.70E-32 9.78E-21 9.60E-14 2.30E-11 1.40E-10
 3.34E-10 7.36E-10 1.19E-09 1.41E-09 1.34E-09 1.25E-09
 1.00E-74 1.00E-74 1.00E-74 2.92E-32 1.04E-20 9.13E-14 2.01E-11 1.20E-10
 2.82E-10 6.13E-10 9.86E-10 1.18E-09 1.15E-09 1.09E-09
 1.00E-74 1.00E-74 1.00E-74 3.66E-32 1.27E-20 9.21E-14 1.58E-11 8.21E-11
 1.78E-10 3.49E-10 5.10E-10 5.82E-10 5.80E-10 5.69E-10
 1.00E-74 1.00E-74 1.00E-74 3.30E-32 1.18E-20 7.59E-14 1.07E-11 4.71E-11
 8.58E-11 1.27E-10 1.42E-10 1.37E-10 1.31E-10 1.29E-10
  708.427    7  14 /pl=01:ss= 1:pb= 1:sz= 1/type=excit/ispb = t/isel =   42
 1.00E+10 1.00E+11 1.00E+12 1.00E+13 1.00E+14 1.00E+15 1.00E+16
 6.89E-02 1.03E-01 1.72E-01 3.45E-01 6.89E-01 1.72E+00 3.45E+00 5.17E+00
 6.89E+00 1.03E+01 1.72E+01 3.45E+01 6.89E+01 1.03E+02
 1.00E-74 1.00E-74 1.00E-74 9.84E-31 7.02E-20 1.93E-13 2.51E-11 1.22E-10
 2.59E-10 5.12E-10 7.73E-10 8.98E-10 8.80E-10 8.45E-10
 1.00E-74 1.00E-74 1.00E-74 9.84E-31 7.02E-20 1.93E-13 2.51E-11 1.22E-10
 2.59E-10 5.12E-10 7.70E-10 8.90E-10 8.65E-10 8.27E-10
 1.00E-74 1.00E-74 1.00E-74 9.84E-31 7.02E-20 1.93E-13 2.51E-11 1.22E-10
 2.59E-10 5.12E-10 7.70E-10 8.89E-10 8.64E-10 8.25E-10
 1.00E-74 1.00E-74 1.00E-74 9.84E-31 7.02E-20 1.93E-13 2.49E-11 1.21E-10
 2.56E-10 5.05E-10 7.58E-10 8.75E-10 8.53E-10 8.16E-10
 1.00E-74 1.00E-74 1.00E-74 9.82E-31 7.00E-20 1.90E-13 2.40E-11 1.14E-10
 2.40E-10 4.63E-10 6.80E-10 7.77E-10 7.64E-10 7.37E-10
 1.00E-74 1.00E-74 1.00E-74 9.65E-31 6.92E-20 1.86E-13 2.24E-11 1.02E-10
 2.05E-10 3.67E-10 4.98E-10 5.40E-10 5.29E-10 5.17E-10
 1.00E-74 1.00E-74 1.70E-52 8.21E-31 6.17E-20 1.65E-13 1.77E-11 7.10E-11
 1.23E-10 1.73E-10 1.86E-10 1.78E-10 1.72E-10 1.71E-10
  712.972    7  14 /pl=01:ss= 1:pb= 1:sz= 1/type=excit/ispb = t/isel =   43
 1.00E+10 1.00E+11 1.00E+12 1.00E+13 1.00E+14 1.00E+15 1.00E+16
 6.89E-02 1.03E-01 1.72E-01 3.45E-01 6.89E-01 1.72E+00 3.45E+00 5.17E+00
 6.89E+00 1.03E+01 1.72E+01 3.45E+01 6.89E+01 1.03E+02
 1.00E-74 1.00E-74 1.00E-74 6.43E-30 3.91E-19 9.63E-13 1.19E-10 5.64E-10
 1.19E-09 2.33E-09 3.52E-09 4.11E-09 4.05E-09 3.90E-09
 1.00E-74 1.00E-74 1.00E-74 6.43E-30 3.91E-19 9.63E-13 1.19E-10 5.64E-10
 1.19E-09 2.32E-09 3.49E-09 4.06E-09 3.97E-09 3.80E-09
 1.00E-74 1.00E-74 1.00E-74 6.43E-30 3.91E-19 9.63E-13 1.19E-10 5.64E-10
 1.19E-09 2.32E-09 3.49E-09 4.05E-09 3.96E-09 3.78E-09
 1.00E-74 1.00E-74 1.00E-74 6.43E-30 3.90E-19 9.61E-13 1.19E-10 5.62E-10
 1.18E-09 2.31E-09 3.47E-09 4.03E-09 3.93E-09 3.77E-09
 1.00E-74 1.00E-74 1.00E-74 6.42E-30 3.90E-19 9.52E-13 1.17E-10 5.50E-10
 1.15E-09 2.22E-09 3.26E-09 3.74E-09 3.67E-09 3.54E-09
 1.00E-74 1.00E-74 1.00E-74 6.31E-30 3.85E-19 9.37E-13 1.09E-10 4.93E-10
 9.89E-10 1.77E-09 2.40E-09 2.60E-09 2.55E-09 2.49E-09
 1.00E-74 1.00E-74 8.00E-52 5.36E-30 3.43E-19 8.29E-13 8.61E-11 3.41E-10
 5.88E-10 8.22E-10 8.82E-10 8.40E-10 8.11E-10 8.06E-10
  714.838    7  14 /pl=01:ss= 1:pb= 1:sz= 1/type=excit/ispb = t/isel =   44
 1.00E+10 1.00E+11 1.00E+12 1.00E+13 1.00E+14 1.00E+15 1.00E+16
 6.89E-02 1.03E-01 1.72E-01 3.45E-01 6.89E-01 1.72E+00 3.45E+00 5.17E+00
 6.89E+00 1.03E+01 1.72E+01 3.45E+01 6.89E+01 1.03E+02
 1.00E-74 1.00E-74 1.00E-74 1.76E-30 1.26E-19 3.46E-13 4.48E-11 2.18E-10
 4.64E-10 9.16E-10 1.38E-09 1.61E-09 1.57E-09 1.51E-09
 1.00E-74 1.00E-74 1.00E-74 1.76E-30 1.26E-19 3.46E-13 4.48E-11 2.18E-10
 4.64E-10 9.15E-10 1.38E-09 1.59E-09 1.55E-09 1.48E-09
 1.00E-74 1.00E-74 1.00E-74 1.76E-30 1.26E-19 3.46E-13 4.48E-11 2.18E-10
 4.64E-10 9.15E-10 1.38E-09 1.59E-09 1.54E-09 1.48E-09
 1.00E-74 1.00E-74 1.00E-74 1.76E-30 1.25E-19 3.44E-13 4.44E-11 2.16E-10
 4.58E-10 9.02E-10 1.36E-09 1.57E-09 1.52E-09 1.46E-09
 1.00E-74 1.00E-74 1.00E-74 1.76E-30 1.25E-19 3.39E-13 4.28E-11 2.04E-10
 4.29E-10 8.27E-10 1.22E-09 1.39E-09 1.37E-09 1.32E-09
 1.00E-74 1.00E-74 1.00E-74 1.72E-30 1.24E-19 3.33E-13 4.00E-11 1.82E-10
 3.66E-10 6.57E-10 8.90E-10 9.65E-10 9.45E-10 9.23E-10
 1.00E-74 1.00E-74 3.04E-52 1.47E-30 1.10E-19 2.95E-13 3.17E-11 1.27E-10
 2.20E-10 3.09E-10 3.33E-10 3.18E-10 3.07E-10 3.05E-10
  719.465    7  14 /pl=01:ss= 1:pb= 1:sz= 1/type=excit/ispb = t/isel =   45
 1.00E+10 1.00E+11 1.00E+12 1.00E+13 1.00E+14 1.00E+15 1.00E+16
 6.89E-02 1.03E-01 1.72E-01 3.45E-01 6.89E-01 1.72E+00 3.45E+00 5.17E+00
 6.89E+00 1.03E+01 1.72E+01 3.45E+01 6.89E+01 1.03E+02
 1.00E-74 1.00E-74 1.00E-74 1.05E-30 6.39E-20 1.58E-13 1.95E-11 9.22E-11
 1.94E-10 3.81E-10 5.75E-10 6.73E-10 6.62E-10 6.37E-10
 1.00E-74 1.00E-74 1.00E-74 1.05E-30 6.39E-20 1.58E-13 1.95E-11 9.22E-11
 1.94E-10 3.80E-10 5.72E-10 6.65E-10 6.50E-10 6.22E-10
 1.00E-74 1.00E-74 1.00E-74 1.05E-30 6.39E-20 1.57E-13 1.95E-11 9.22E-11
 1.94E-10 3.80E-10 5.71E-10 6.63E-10 6.47E-10 6.19E-10
 1.00E-74 1.00E-74 1.00E-74 1.05E-30 6.39E-20 1.57E-13 1.94E-11 9.19E-11
 1.94E-10 3.78E-10 5.68E-10 6.59E-10 6.43E-10 6.16E-10
 1.00E-74 1.00E-74 1.00E-74 1.05E-30 6.37E-20 1.56E-13 1.91E-11 9.00E-11
 1.88E-10 3.62E-10 5.33E-10 6.11E-10 6.00E-10 5.78E-10
 1.00E-74 1.00E-74 1.00E-74 1.03E-30 6.30E-20 1.53E-13 1.79E-11 8.06E-11
 1.62E-10 2.89E-10 3.92E-10 4.25E-10 4.17E-10 4.07E-10
 1.00E-74 1.00E-74 1.31E-52 8.77E-31 5.61E-20 1.36E-13 1.41E-11 5.57E-11
 9.62E-11 1.34E-10 1.44E-10 1.37E-10 1.33E-10 1.32E-10
  727.514    7  14 /pl=01:ss= 1:pb= 1:sz= 1/type=excit/ispb = t/isel =   46
 1.00E+10 1.00E+11 1.00E+12 1.00E+13 1.00E+14 1.00E+15 1.00E+16
 6.89E-02 1.03E-01 1.72E-01 3.45E-01 6.89E-01 1.72E+00 3.45E+00 5.17E+00
 6.89E+00 1.03E+01 1.72E+01 3.45E+01 6.89E+01 1.03E+02
 1.00E-74 1.00E-74 1.00E-74 3.17E-31 1.25E-20 4.28E-14 8.49E-12 5.06E-11
 1.22E-10 2.84E-10 5.03E-10 6.55E-10 6.50E-10 6.11E-10
 1.00E-74 1.00E-74 1.00E-74 3.17E-31 1.25E-20 4.30E-14 8.58E-12 5.13E-11
 1.24E-10 2.87E-10 5.07E-10 6.55E-10 6.44E-10 6.01E-10
 1.00E-74 1.00E-74 1.00E-74 3.17E-31 1.25E-20 4.41E-14 9.18E-12 5.60E-11
 1.37E-10 3.19E-10 5.62E-10 7.21E-10 6.99E-10 6.48E-10
 1.00E-74 1.00E-74 1.00E-74 3.17E-31 1.26E-20 4.88E-14 1.13E-11 7.23E-11
 1.80E-10 4.26E-10 7.54E-10 9.59E-10 9.18E-10 8.43E-10
 1.00E-74 1.00E-74 1.00E-74 3.18E-31 1.28E-20 5.05E-14 1.07E-11 6.39E-11
 1.53E-10 3.47E-10 5.97E-10 7.79E-10 8.09E-10 7.89E-10
 1.00E-74 1.00E-74 1.34E-52 3.20E-31 1.26E-20 2.68E-14 3.00E-12 1.37E-11
 2.80E-11 5.20E-11 7.44E-11 8.65E-11 9.08E-11 9.30E-11
 1.00E-74 1.00E-74 1.34E-52 2.70E-31 1.01E-20 1.71E-14 1.52E-12 5.72E-12
 9.65E-12 1.32E-11 1.39E-11 1.28E-11 1.20E-11 1.17E-11
  731.495    7  14 /pl=01:ss= 1:pb= 1:sz= 1/type=excit/ispb = t/isel =   47
 1.00E+10 1.00E+11 1.00E+12 1.00E+13 1.00E+14 1.00E+15 1.00E+16
 6.89E-02 1.03E-01 1.72E-01 3.45E-01 6.89E-01 1.72E+00 3.45E+00 5.17E+00
 6.89E+00 1.03E+01 1.72E+01 3.45E+01 6.89E+01 1.03E+02
 1.00E-74 1.00E-74 1.00E-74 2.76E-32 1.56E-21 1.96E-14 5.36E-12 3.50E-11
 8.98E-11 2.27E-10 4.43E-10 6.24E-10 6.35E-10 5.97E-10
 1.00E-74 1.00E-74 1.00E-74 2.77E-32 1.56E-21 1.97E-14 5.42E-12 3.54E-11
 9.08E-11 2.29E-10 4.44E-10 6.21E-10 6.27E-10 5.86E-10
 1.00E-74 1.00E-74 1.00E-74 2.78E-32 1.58E-21 1.97E-14 5.40E-12 3.55E-11
 9.11E-11 2.29E-10 4.42E-10 6.16E-10 6.23E-10 5.83E-10
 1.00E-74 1.00E-74 1.00E-74 2.84E-32 1.56E-21 1.52E-14 3.81E-12 2.46E-11
 6.24E-11 1.55E-10 2.96E-10 4.16E-10 4.36E-10 4.20E-10
 1.00E-74 1.00E-74 2.83E-53 2.96E-32 1.26E-21 5.88E-15 1.18E-12 6.97E-12
 1.68E-11 3.88E-11 6.95E-11 9.71E-11 1.09E-10 1.11E-10
 1.00E-74 1.00E-74 1.98E-53 2.87E-32 9.61E-22 1.86E-15 2.01E-13 9.09E-13
 1.85E-12 3.46E-12 5.00E-12 5.89E-12 6.29E-12 6.51E-12
 1.00E-74 1.00E-74 1.47E-53 2.26E-32 7.35E-22 1.14E-15 9.77E-14 3.65E-13
 6.12E-13 8.33E-13 8.72E-13 8.03E-13 7.46E-13 7.26E-13
  835.473    7  14 /pl=01:ss= 1:pb= 1:sz= 1/type=excit/ispb = t/isel =   48
 1.00E+10 1.00E+11 1.00E+12 1.00E+13 1.00E+14 1.00E+15 1.00E+16
 6.89E-02 1.03E-01 1.72E-01 3.45E-01 6.89E-01 1.72E+00 3.45E+00 5.17E+00
 6.89E+00 1.03E+01 1.72E+01 3.45E+01 6.89E+01 1.03E+02
 1.00E-74 1.00E-74 2.55E-46 8.21E-28 1.22E-18 3.10E-13 1.95E-11 8.41E-11
 1.84E-10 4.23E-10 8.08E-10 1.15E-09 1.18E-09 1.10E-09
 1.00E-74 1.00E-74 2.55E-46 8.21E-28 1.22E-18 3.10E-13 1.94E-11 8.39E-11
 1.84E-10 4.21E-10 8.02E-10 1.14E-09 1.16E-09 1.08E-09
 1.00E-74 1.00E-74 2.54E-46 8.20E-28 1.22E-18 3.10E-13 1.92E-11 8.21E-11
 1.79E-10 4.08E-10 7.79E-10 1.11E-09 1.13E-09 1.05E-09
 1.00E-74 1.00E-74 2.49E-46 8.07E-28 1.21E-18 3.05E-13 1.84E-11 7.57E-11
 1.61E-10 3.63E-10 6.91E-10 9.89E-10 1.01E-09 9.50E-10
 1.00E-74 1.00E-74 2.04E-46 6.98E-28 1.08E-18 2.75E-13 1.50E-11 5.70E-11
 1.17E-10 2.54E-10 4.68E-10 6.42E-10 6.49E-10 6.11E-10
 1.00E-74 1.00E-74 7.27E-47 2.96E-28 5.39E-19 1.44E-13 6.35E-12 2.07E-11
 3.88E-11 7.58E-11 1.22E-10 1.49E-10 1.47E-10 1.40E-10
 1.00E-74 1.00E-74 9.78E-48 4.39E-29 8.96E-20 2.59E-14 1.02E-12 2.91E-12
 4.61E-12 6.66E-12 7.87E-12 8.05E-12 7.78E-12 7.58E-12
  844.403    7  14 /pl=01:ss= 1:pb= 1:sz= 1/type=excit/ispb = t/isel =   49
 1.00E+10 1.00E+11 1.00E+12 1.00E+13 1.00E+14 1.00E+15 1.00E+16
 6.89E-02 1.03E-01 1.72E-01 3.45E-01 6.89E-01 1.72E+00 3.45E+00 5.17E+00
 6.89E+00 1.03E+01 1.72E+01 3.45E+01 6.89E+01 1.03E+02
 1.00E-74 1.00E-74 1.73E-46 5.57E-28 8.28E-19 2.10E-13 1.32E-11 5.70E-11
 1.25E-10 2.87E-10 5.48E-10 7.82E-10 7.99E-10 7.47E-10
 1.00E-74 1.00E-74 1.73E-46 5.57E-28 8.28E-19 2.10E-13 1.32E-11 5.69E-11
 1.24E-10 2.85E-10 5.44E-10 7.72E-10 7.84E-10 7.29E-10
 1.00E-74 1.00E-74 1.72E-46 5.56E-28 8.27E-19 2.10E-13 1.30E-11 5.57E-11
 1.21E-10 2.77E-10 5.28E-10 7.53E-10 7.67E-10 7.15E-10
 1.00E-74 1.00E-74 1.69E-46 5.47E-28 8.18E-19 2.07E-13 1.25E-11 5.13E-11
 1.09E-10 2.46E-10 4.69E-10 6.71E-10 6.87E-10 6.44E-10
 1.00E-74 1.00E-74 1.38E-46 4.73E-28 7.35E-19 1.87E-13 1.02E-11 3.87E-11
 7.91E-11 1.73E-10 3.17E-10 4.35E-10 4.40E-10 4.15E-10
 1.00E-74 1.00E-74 4.93E-47 2.01E-28 3.66E-19 9.79E-14 4.31E-12 1.41E-11
 2.63E-11 5.14E-11 8.26E-11 1.01E-10 9.99E-11 9.52E-11
 1.00E-74 1.00E-74 6.63E-48 2.98E-29 6.07E-20 1.76E-14 6.93E-13 1.97E-12
 3.13E-12 4.52E-12 5.34E-12 5.46E-12 5.28E-12 5.14E-12
  4847.26    7  14 /pl=01:ss= 1:pb= 1:sz= 1/type=excit/ispb = t/isel =   50
 1.00E+10 1.00E+11 1.00E+12 1.00E+13 1.00E+14 1.00E+15 1.00E+16
 6.89E-02 1.03E-01 1.72E-01 3.45E-01 6.89E-01 1.72E+00 3.45E+00 5.17E+00
 6.89E+00 1.03E+01 1.72E+01 3.45E+01 6.89E+01 1.03E+02
 1.00E-74 1.00E-74 1.00E-74 4.87E-34 1.22E-21 2.69E-14 6.72E-12 4.10E-11
 9.92E-11 2.29E-10 4.02E-10 5.15E-10 5.00E-10 4.63E-10
 1.00E-74 1.00E-74 1.00E-74 4.86E-34 1.22E-21 2.69E-14 6.70E-12 4.08E-11
 9.84E-11 2.26E-10 3.94E-10 5.00E-10 4.82E-10 4.45E-10
 1.00E-74 1.00E-74 1.00E-74 4.78E-34 1.20E-21 2.68E-14 6.73E-12 4.11E-11
 9.92E-11 2.28E-10 3.94E-10 4.97E-10 4.75E-10 4.36E-10
 1.00E-74 1.00E-74 1.00E-74 4.18E-34 1.10E-21 2.57E-14 6.78E-12 4.24E-11
 1.04E-10 2.40E-10 4.15E-10 5.23E-10 5.00E-10 4.60E-10
 1.00E-74 1.00E-74 1.00E-74 2.51E-34 7.11E-22 1.90E-14 5.64E-12 3.70E-11
 9.21E-11 2.13E-10 3.65E-10 4.61E-10 4.55E-10 4.29E-10
 1.00E-74 1.00E-74 1.00E-74 1.73E-34 4.53E-22 1.07E-14 2.68E-12 1.58E-11
 3.64E-11 7.57E-11 1.16E-10 1.39E-10 1.43E-10 1.42E-10
 1.00E-74 1.00E-74 1.00E-74 1.38E-34 3.60E-22 7.86E-15 1.66E-12 8.30E-12
 1.61E-11 2.53E-11 2.96E-11 2.97E-11 2.89E-11 2.85E-11
c-------------------------------------------------------------------------------
 
C  root partition information
C  ==========================
C
C  nuclear charge : 18
C  ion charge+1   :  2
C
C  population calculation information
C  ----------------------------------
C
C  population processing code: adas810
C
C  adf04 source file    : adf04_copmm#18_ic_40#ar1.dat
C  adf18/a17_p208 file  : NULL
C
C  meta. ion. coeff. selector  : 
 
C  options  : lnorm =T  lpsel =F  lzsel =T  liosel=F
C           : lhsel =F  lrsel =F  lisel =F  lnsel =F
 
C  energy levels
C  -------------
C
C   lv      configuration    (2S+1)L(w-1/2)      energy (cm^-1)
C  ---   ------------------- --------------      --------------
c    1   24555                  (2)1(  1.5)             0.0
c    2   24555                  (2)1(  0.5)          1265.9
c    3   14565                  (2)0(  0.5)        119692.7
c    4   24545517               (4)1(  2.5)        136706.3
c    5   24545517               (4)1(  1.5)        137454.4
c    6   24545516               (4)2(  3.5)        137794.0
c    7   24545517               (4)1(  0.5)        137919.5
c    8   24545516               (4)2(  2.5)        137931.8
c    9   24545516               (4)2(  1.5)        138066.4
c   10   24545516               (4)2(  0.5)        138161.8
c   11   24545517               (2)1(  1.5)        140258.0
c   12   24545517               (2)1(  0.5)        141157.8
c   13   24545516               (4)3(  4.5)        145595.9
c   14   24545516               (4)3(  3.5)        146068.9
c   15   24545516               (4)3(  2.5)        146415.5
c   16   24545516               (4)3(  1.5)        146649.2
c   17   24545516               (2)1(  0.5)        149638.7
c   18   24545517               (2)2(  1.5)        149995.1
c   19   24545517               (2)2(  2.5)        150142.3
c   20   24545516               (4)1(  0.5)        150181.3
c   21   24545516               (4)1(  1.5)        150234.3
c   22   24545516               (2)1(  1.5)        150724.1
c   23   24545516               (4)1(  2.5)        150745.9
c   24   24545516               (2)3(  3.5)        152430.3
c   25   24545516               (2)3(  2.5)        153308.0
c   26   24545516               (2)2(  1.5)        153902.2
c   27   24545516               (2)2(  2.5)        154538.7
c   28   24545516               (2)4(  4.5)        156814.3
c   29   24545516               (2)4(  3.5)        156822.0
c   30   24545518               (4)1(  2.5)        157900.2
c   31   24545518               (4)1(  1.5)        158192.5
c   32   24545518               (4)1(  0.5)        158522.3
c   33   24545518               (4)2(  3.5)        159499.5
c   34   24545518               (4)2(  2.5)        159927.6
c   35   24545518               (4)2(  1.5)        160369.9
c   36   24545518               (4)2(  0.5)        160601.4
c   37   24545518               (2)2(  2.5)        160888.2
c   38   24545518               (2)2(  1.5)        161537.9
c   39   24545518               (2)1(  0.5)        162139.9
c   40   24545518               (4)0(  1.5)        162674.6
c   41   24545518               (2)1(  1.5)        162808.0
c   42   24545518               (2)0(  0.5)        163201.4
c   43   24545516               (2)3(  2.5)        165029.3
c   44   24545516               (2)3(  3.5)        165221.1
c   45   24545517               (2)0(  0.5)        168695.6
c   46   24545518               (2)3(  2.5)        171844.4
c   47   24545518               (2)3(  3.5)        171931.0
c   48   24545518               (2)1(  1.5)        173966.3
c   49   24545518               (2)2(  2.5)        174284.0
c   50   24545518               (2)2(  1.5)        174300.8
c   51   24545518               (2)1(  0.5)        174511.1
c   52   24545516               (2)2(  2.5)        175120.2
c   53   24545516               (2)2(  1.5)        175416.3
c   54   24545516               (2)1(  1.5)        176371.7
c   55   24545516               (2)1(  0.5)        176739.0
c   56   24545516               (2)2(  2.5)        181305.3
c   57   24545516               (2)2(  1.5)        181728.0
c   58   2454551B               (4)1(  2.5)        184367.5
c   59   2454551B               (4)1(  1.5)        184919.9
c   60   2454551B               (4)1(  0.5)        185579.1
c   61   2454551B               (2)1(  1.5)        185690.9
c   62   2454551B               (2)1(  0.5)        186431.6
c   63   24545519               (4)2(  3.5)        186976.8
c   64   24545519               (4)2(  2.5)        187083.5
c   65   24545519               (4)2(  1.5)        187253.1
c   66   24545519               (4)2(  0.5)        187420.0
c   67   24545516               (2)0(  0.5)        187777.7
c   68   24545519               (4)3(  4.5)        188123.8
c   69   24545519               (4)3(  3.5)        188617.5
c   70   24545519               (4)3(  2.5)        189009.4
c   71   24545519               (4)1(  0.5)        189123.0
c   72   24545519               (4)3(  1.5)        189238.5
c   73   24545519               (4)1(  1.5)        189356.7
c   74   24545519               (4)1(  2.5)        189730.1
c   75   24545519               (2)3(  3.5)        189812.8
c   76   24545519               (2)3(  2.5)        190521.4
c   77   24545518               (2)1(  0.5)        191211.8
c   78   24545518               (2)1(  1.5)        191265.7
c   79   2454551C               (4)1(  2.5)        191563.8
c   80   2454551C               (4)1(  1.5)        191813.4
c   81   2454551C               (4)2(  3.5)        192017.7
c   82   2454551C               (4)1(  0.5)        192197.7
c   83   2454551C               (2)2(  2.5)        192249.4
c   84   2454551C               (4)2(  1.5)        192841.7
c   85   2454551C               (4)2(  2.5)        193014.3
c   86   2454551C               (4)2(  0.5)        193192.6
c   87   24545519               (2)1(  0.5)        193228.2
c   88   2454551C               (2)0(  0.5)        193331.2
c   89   2454551C               (2)2(  1.5)        193431.7
c   90   2454551C               (4)0(  1.5)        193523.7
c   91   24545519               (2)1(  1.5)        193893.6
c   92   2454551C               (2)1(  1.5)        194437.7
c   93   2454551C               (2)1(  0.5)        194787.9
c   94   24545519               (2)2(  1.5)        196127.3
c   95   24545519               (2)2(  2.5)        196140.0
c   96   2454551A               (4)3(  4.5)        197110.1
c   97   2454551A               (4)3(  3.5)        197125.9
c   98   2454551A               (4)3(  2.5)        197160.5
c   99   2454551A               (2)3(  3.5)        197192.6
c  100   2454551A               (4)3(  1.5)        197271.6
c  101   2454551A               (2)3(  2.5)        197309.0
c  102   2454551A               (4)4(  5.5)        197409.5
c  103   2454551A               (2)4(  4.5)        197423.5
c  104   2454551A               (4)2(  0.5)        197503.2
c  105   2454551B               (2)2(  2.5)        197524.5
c  106   2454551B               (2)2(  1.5)        197525.5
c  107   2454551A               (2)2(  1.5)        197527.5
c  108   2454551A               (4)2(  1.5)        198230.3
c  109   2454551A               (4)2(  2.5)        198242.2
c  110   2454551A               (4)4(  4.5)        198282.3
c  111   2454551A               (4)4(  3.5)        198299.8
c  112   2454551A               (4)2(  3.5)        198441.0
c  113   2454551A               (4)4(  2.5)        198456.4
c  114   2454551A               (2)4(  3.5)        198739.6
c  115   2454551A               (2)2(  2.5)        198749.8
c  116   24545519               (2)4(  3.5)        200619.7
c  117   24545519               (2)4(  4.5)        200624.4
c  118   2454551G               (4)1(  2.5)        201405.9
c  119   2454551G               (2)1(  1.5)        201696.7
c  120   2454551D               (2)1(  1.5)        201942.9
c  121   24545519               (2)2(  2.5)        201946.4
c  122   2454551D               (2)1(  0.5)        201951.6
c  123   24545519               (2)3(  3.5)        202132.0
c  124   24545519               (2)3(  2.5)        202191.1
c  125   24545519               (2)2(  1.5)        202381.2
c  126   2454551G               (4)1(  1.5)        202485.5
c  127   2454551G               (4)1(  0.5)        202562.3
c  128   2454551D               (4)2(  3.5)        202710.9
c  129   2454551D               (4)2(  2.5)        202777.9
c  130   2454551D               (4)2(  1.5)        202931.4
c  131   2454551G               (2)1(  0.5)        203023.9
c  132   2454551D               (4)3(  4.5)        203096.8
c  133   2454551D               (4)2(  0.5)        203147.8
c  134   2454551D               (4)3(  3.5)        203509.6
c  135   2454551D               (4)1(  0.5)        203680.5
c  136   2454551D               (4)1(  1.5)        203955.3
c  137   2454551D               (4)3(  2.5)        203968.9
c  138   2454551D               (2)3(  3.5)        204212.9
c  139   2454551D               (4)3(  1.5)        204297.7
c  140   2454551D               (4)1(  2.5)        204344.4
c  141   2454551C               (2)1(  1.5)        204546.5
c  142   2454551C               (2)1(  0.5)        204707.4
c  143   2454551C               (2)3(  2.5)        204737.0
c  144   2454551D               (2)3(  2.5)        204751.5
c  145   2454551H               (4)1(  2.5)        204765.0
c  146   2454551C               (2)3(  3.5)        204769.7
c  147   2454551H               (4)2(  3.5)        204951.5
c  148   2454551H               (4)1(  1.5)        204951.7
c  149   2454551H               (2)2(  2.5)        205057.0
c  150   2454551H               (4)1(  0.5)        205384.4
c  151   2454551C               (2)2(  1.5)        205479.2
c  152   2454551C               (2)2(  2.5)        205515.5
c  153   2454551H               (4)2(  1.5)        205737.5
c  154   2454551H               (4)2(  2.5)        205933.3
c  155   2454551H               (2)0(  0.5)        206005.1
c  156   2454551H               (4)0(  1.5)        206125.7
c  157   2454551H               (4)2(  0.5)        206175.5
c  158   2454551H               (2)2(  1.5)        206313.0
c  159   2454551H               (2)1(  1.5)        207177.6
c  160   2454551E               (4)3(  4.5)        207293.1
c  161   2454551E               (4)3(  3.5)        207301.0
c  162   2454551E               (4)3(  2.5)        207324.2
c  163   2454551E               (2)3(  3.5)        207349.2
c  164   2454551E               (4)2(  1.5)        207388.3
c  165   2454551E               (2)3(  2.5)        207412.4
c  166   2454551E               (4)4(  5.5)        207441.7
c  167   2454551E               (2)4(  4.5)        207452.8
c  168   2454551E               (4)2(  0.5)        207486.1
c  169   2454551E               (2)2(  1.5)        207508.1
c  170   2454551H               (2)1(  0.5)        207511.0
c  171   24545519               (2)1(  0.5)        207966.8
c  172   24545519               (2)1(  1.5)        208036.9
c  173   2454551E               (4)3(  1.5)        208324.0
c  174   2454551E               (4)2(  2.5)        208338.9
c  175   2454551E               (4)4(  4.5)        208362.1
c  176   2454551E               (4)4(  3.5)        208378.9
c  177   2454551I               (2)2(  2.5)        208400.9
c  178   2454551E               (4)2(  3.5)        208450.8
c  179   2454551E               (4)4(  2.5)        208463.8
c  180   2454551E               (2)4(  3.5)        208802.9
c  181   2454551E               (2)2(  2.5)        208810.2
c  182   2454551I               (2)2(  1.5)        208893.1
c  183   24545519               (2)0(  0.5)        209179.6
c  184   2454551A               (2)1(  0.5)        209785.3
c  185   2454551A               (2)1(  1.5)        209785.6
c  186   2454551A               (2)5(  5.5)        210040.1
c  187   2454551A               (2)5(  4.5)        210040.2
c  188   2454551A               (2)2(  2.5)        210075.9
c  189   2454551A               (2)2(  1.5)        210080.0
c  190   2454551I               (4)2(  3.5)        210344.4
c  191   2454551I               (4)2(  2.5)        210384.0
c  192   2454551A               (2)3(  3.5)        210389.5
c  193   2454551A               (2)3(  2.5)        210392.1
c  194   2454551A               (2)4(  3.5)        210474.5
c  195   2454551A               (2)4(  4.5)        210475.0
c  196   2454551I               (4)2(  1.5)        210476.1
c  197   2454551I               (4)3(  4.5)        210510.1
c  198   2454551I               (4)1(  0.5)        210596.5
c  199   2454551I               (2)3(  3.5)        210726.8
c  200   2454551I               (4)2(  0.5)        211129.8
c  201   2454551I               (4)1(  1.5)        211308.3
c  202   2454551I               (4)3(  2.5)        211310.2
c  203   2454551I               (4)3(  3.5)        211502.2
c  204   2454551I               (4)1(  2.5)        211653.0
c  205   2454551I               (4)3(  1.5)        211734.9
c  206   2454551I               (2)3(  2.5)        211918.8
c  207   2454551I               (2)1(  0.5)        212732.6
c  208   2454551J               (4)3(  4.5)        212820.1
c  209   2454551J               (4)3(  3.5)        212824.3
c  210   2454551J               (4)3(  2.5)        212839.0
c  211   2454551J               (2)3(  3.5)        212855.6
c  212   2454551J               (4)2(  1.5)        212876.7
c  213   2454551J               (2)3(  2.5)        212891.9
c  214   2454551J               (4)4(  5.5)        212903.0
c  215   2454551J               (2)4(  4.5)        212910.8
c  216   2454551J               (4)2(  0.5)        212926.7
c  217   2454551J               (2)2(  1.5)        212942.9
c  218   2454551I               (2)1(  1.5)        213146.7
c  219   2454551J               (4)3(  1.5)        213826.7
c  220   2454551J               (4)2(  2.5)        213837.8
c  221   2454551J               (4)4(  4.5)        213850.7
c  222   2454551J               (4)4(  3.5)        213863.1
c  223   2454551J               (4)2(  3.5)        213903.4
c  224   2454551J               (4)4(  2.5)        213913.1
c  225   2454551D               (2)2(  1.5)        213966.6
c  226   2454551D               (2)2(  2.5)        214105.3
c  227   2454551J               (2)4(  3.5)        214282.3
c  228   2454551J               (2)2(  2.5)        214287.7
c  229   2454551G               (2)2(  1.5)        214405.8
c  230   2454551G               (2)2(  2.5)        214408.0
c  231   2454551D               (2)4(  3.5)        215828.1
c  232   2454551D               (2)4(  4.5)        215830.0
c  233   2454551B               (2)0(  0.5)        216036.3
c  234   2454551D               (2)3(  2.5)        216467.9
c  235   2454551D               (2)3(  3.5)        216489.8
c  236   2454551H               (2)3(  2.5)        217765.7
c  237   2454551H               (2)3(  3.5)        217781.3
c  238   2454551H               (2)1(  1.5)        218058.5
c  239   2454551H               (2)2(  2.5)        218115.4
c  240   2454551H               (2)2(  1.5)        218119.3
c  241   2454551H               (2)1(  0.5)        218156.1
c  242   2454551D               (2)2(  1.5)        218851.3
c  243   2454551D               (2)2(  2.5)        218887.4
c  244   2454551D               (2)1(  1.5)        219258.3
c  245   2454551D               (2)1(  0.5)        219333.3
c  246   2454551D               (2)0(  0.5)        219937.2
c  247   2454551E               (2)1(  0.5)        220053.2
c  248   2454551E               (2)1(  1.5)        220053.5
c  249   2454551E               (2)5(  5.5)        220201.0
c  250   2454551E               (2)5(  4.5)        220201.0
c  251   2454551E               (2)2(  2.5)        220217.9
c  252   2454551E               (2)2(  1.5)        220221.2
c  253   2454551E               (2)3(  3.5)        220375.6
c  254   2454551E               (2)3(  2.5)        220377.8
c  255   2454551E               (2)4(  3.5)        220423.4
c  256   2454551E               (2)4(  4.5)        220423.8
c  257   24545519               (2)2(  2.5)        221862.5
c  258   24545519               (2)2(  1.5)        222041.8
c  259   2454551I               (2)4(  3.5)        223321.8
c  260   2454551I               (2)4(  4.5)        223322.9
c  261   2454551C               (2)1(  0.5)        223621.9
c  262   2454551C               (2)1(  1.5)        223632.6
c  263   2454551I               (2)3(  2.5)        223640.0
c  264   2454551I               (2)3(  3.5)        223652.4
c  265   2454551I               (2)1(  1.5)        224898.7
c  266   2454551I               (2)1(  0.5)        225157.7
c  267   2454551I               (2)2(  2.5)        225294.4
c  268   2454551J               (2)1(  0.5)        225665.6
c  269   2454551J               (2)1(  1.5)        225665.6
c  270   2454551J               (2)5(  5.5)        225718.4
c  271   2454551J               (2)5(  4.5)        225718.4
c  272   2454551J               (2)2(  2.5)        225726.7
c  273   2454551J               (2)2(  1.5)        225728.8
c  274   2454551I               (2)2(  1.5)        225789.6
c  275   2454551J               (2)3(  3.5)        225812.0
c  276   2454551J               (2)3(  2.5)        225813.7
c  277   2454551J               (2)4(  3.5)        225847.4
c  278   2454551J               (2)4(  4.5)        225847.6
c  279   2454551I               (2)0(  0.5)        226839.1
c  280   2454551A               (2)3(  3.5)        228761.2
c  281   2454551A               (2)3(  2.5)        228762.2
c  282   2454551G               (2)0(  0.5)        232964.4
c  283   2454551D               (2)2(  2.5)        234965.6
c  284   2454551D               (2)2(  1.5)        235076.3
c  285   2454551H               (2)1(  0.5)        236452.6
c  286   2454551H               (2)1(  1.5)        236457.7
c  287   2454551E               (2)3(  3.5)        238821.6
c  288   2454551E               (2)3(  2.5)        238822.6
c  289   2454551I               (2)2(  2.5)        242121.5
c  290   2454551I               (2)2(  1.5)        242167.4
c  291   2454551J               (2)3(  3.5)        244300.5
c  292   2454551J               (2)3(  2.5)        244301.2
c  293   14555516               (4)1(  0.5)        275360.4
c  294   14555516               (4)1(  1.5)        275587.6
c  295   14555516               (4)1(  2.5)        275975.1
c  296   14555516               (4)3(  4.5)        280229.0
c  297   14555516               (4)3(  3.5)        280642.5
c  298   14555516               (4)3(  2.5)        280983.3
c  299   14555516               (4)3(  1.5)        281238.2
c  300   14555516               (4)2(  3.5)        288863.5
c  301   14555516               (4)2(  2.5)        289049.4
c  302   14555516               (4)2(  1.5)        289153.1
c  303   14555516               (4)2(  0.5)        289203.9
c  304   14555516               (2)3(  3.5)        294486.1
c  305   14555516               (2)3(  2.5)        295052.1
c  306   14555516               (2)2(  2.5)        296174.8
c  307   14555516               (2)2(  1.5)        296261.3
c  308   14555518               (4)0(  1.5)        297679.0
c  309   14555518               (4)2(  3.5)        300228.1
c  310   14555518               (4)2(  2.5)        300604.7
c  311   14555518               (4)2(  1.5)        300990.3
c  312   14555518               (4)2(  0.5)        301280.5
c  313   14555518               (2)2(  2.5)        302368.1
c  314   14555518               (4)1(  2.5)        302827.0
c  315   14555518               (4)1(  1.5)        302981.5
c  316   14555518               (4)1(  0.5)        303129.8
c  317   14555518               (2)2(  1.5)        303200.2
c  318   14555518               (2)1(  1.5)        304020.1
c  319   14555518               (2)1(  0.5)        304240.3
c  320   14555516               (2)1(  0.5)        307140.9
c  321   14555518               (2)0(  0.5)        307365.5
c  322   14555516               (2)1(  1.5)        307789.0
c  323   14555519               (4)1(  0.5)        327960.6
c  324   14555519               (4)1(  1.5)        328139.9
c  325   14555519               (4)1(  2.5)        328480.1
c  326   14555519               (4)3(  4.5)        328590.2
c  327   14555519               (4)3(  3.5)        328931.1
c  328   14555519               (4)3(  2.5)        329281.0
c  329   14555519               (4)3(  1.5)        329570.8
c  330   14555519               (2)1(  0.5)        329921.5
c  331   14555519               (2)1(  1.5)        330186.1
c  332   14555519               (4)2(  3.5)        330318.0
c  333   14555519               (4)2(  2.5)        330697.6
c  334   14555519               (4)2(  0.5)        330820.3
c  335   14555519               (4)2(  1.5)        330839.7
c  336   14555519               (2)3(  3.5)        330971.8
c  337   14555519               (2)2(  2.5)        331026.4
c  338   14555516               (2)3(  2.5)        331431.5
c  339   14555519               (2)2(  1.5)        331614.5
c  340   14555516               (2)3(  3.5)        332057.3
c  341   14555519               (2)3(  2.5)        332504.5
c  342   1455551C               (4)0(  1.5)        332738.4
c  343   1455551C               (4)2(  3.5)        333266.4
c  344   1455551C               (4)2(  2.5)        333515.1
c  345   1455551C               (4)2(  1.5)        333857.9
c  346   1455551C               (2)2(  2.5)        333972.4
c  347   1455551C               (4)2(  0.5)        334227.8
c  348   1455551C               (2)1(  1.5)        334616.3
c  349   1455551C               (4)1(  2.5)        334625.2
c  350   1455551C               (4)1(  1.5)        334739.3
c  351   1455551C               (4)1(  0.5)        334787.9
c  352   1455551C               (2)1(  0.5)        335100.4
c  353   1455551C               (2)2(  1.5)        335294.4
c  354   1455551C               (2)0(  0.5)        336200.6
c  355   14555516               (2)2(  2.5)        338462.3
c  356   14555516               (2)2(  1.5)        338507.5
c  357   1455551D               (2)1(  0.5)        342166.5
c  358   1455551D               (2)1(  1.5)        342482.1
c  359   1455551D               (4)1(  0.5)        344014.0
c  360   1455551D               (4)1(  1.5)        344145.4
c  361   1455551D               (4)3(  4.5)        344219.6
c  362   1455551D               (4)1(  2.5)        344355.5
c  363   1455551D               (4)3(  3.5)        344442.8
c  364   1455551D               (4)3(  2.5)        344821.5
c  365   1455551D               (4)2(  3.5)        345039.4
c  366   1455551D               (4)3(  1.5)        345116.1
c  367   1455551D               (4)2(  0.5)        345555.7
c  368   1455551D               (4)2(  2.5)        345652.4
c  369   1455551D               (2)3(  3.5)        345696.4
c  370   1455551D               (4)2(  1.5)        345728.3
c  371   1455551D               (2)2(  2.5)        345861.9
c  372   1455551H               (4)0(  1.5)        346220.5
c  373   1455551H               (4)2(  3.5)        346362.9
c  374   1455551D               (2)2(  1.5)        346417.8
c  375   1455551H               (4)2(  2.5)        346502.8
c  376   1455551H               (2)0(  0.5)        346522.9
c  377   1455551D               (2)3(  2.5)        346548.0
c  378   1455551H               (2)2(  2.5)        346683.3
c  379   1455551H               (2)1(  1.5)        346705.5
c  380   1455551H               (4)2(  0.5)        347315.5
c  381   1455551H               (4)2(  1.5)        347397.0
c  382   1455551H               (4)1(  2.5)        347466.8
c  383   1455551H               (4)1(  1.5)        347546.0
c  384   1455551H               (4)1(  0.5)        347657.8
c  385   1455551H               (2)1(  0.5)        347897.8
c  386   1455551H               (2)2(  1.5)        348010.3
c  387   14555518               (2)2(  1.5)        348707.5
c  388   14555518               (2)2(  2.5)        348784.1
c  389   14555518               (2)1(  0.5)        350052.1
c  390   14555518               (2)1(  1.5)        350089.7
c  391   1455551I               (2)1(  0.5)        350508.5
c  392   1455551I               (2)1(  1.5)        350884.9
c  393   14555518               (2)0(  0.5)        350936.7
c  394   1455551I               (4)1(  0.5)        351766.9
c  395   1455551I               (4)1(  1.5)        351849.4
c  396   1455551I               (4)3(  4.5)        351850.2
c  397   1455551I               (4)1(  2.5)        351959.0
c  398   1455551I               (4)3(  3.5)        351984.7
c  399   1455551I               (2)3(  3.5)        352294.4
c  400   1455551I               (4)3(  2.5)        352301.3
c  401   1455551I               (4)3(  1.5)        352655.3
c  402   1455551I               (4)2(  0.5)        352934.6
c  403   1455551I               (2)2(  2.5)        352990.6
c  404   1455551I               (4)2(  3.5)        353022.4
c  405   1455551I               (4)2(  2.5)        353114.2
c  406   1455551I               (4)2(  1.5)        353158.9
c  407   1455551I               (2)2(  1.5)        353448.7
c  408   1455551I               (2)3(  2.5)        353656.8
c  409   14555516               (2)1(  0.5)        363722.0
c  410   14555516               (2)1(  1.5)        364046.3
c  411   14555519               (2)3(  2.5)        376832.8
c  412   14555519               (2)3(  3.5)        376833.3
c  413   14555519               (2)2(  2.5)        378059.9
c  414   14555519               (2)2(  1.5)        378063.0
c  415   14555519               (2)1(  1.5)        380977.6
c  416   14555519               (2)1(  0.5)        381043.8
c  417   1455551C               (2)2(  1.5)        381195.5
c  418   1455551C               (2)2(  2.5)        381227.9
c  419   1455551C               (2)0(  0.5)        381292.7
c  420   1455551C               (2)1(  0.5)        381630.5
c  421   1455551C               (2)1(  1.5)        381647.0
c  422   1455551D               (2)3(  2.5)        392126.1
c  423   1455551D               (2)3(  3.5)        392126.8
c  424   1455551D               (2)2(  2.5)        392622.3
c  425   1455551D               (2)2(  1.5)        392623.3
c  426   1455551D               (2)1(  1.5)        393401.1
c  427   1455551D               (2)1(  0.5)        393445.9
c  428   1455551H               (2)2(  1.5)        394160.1
c  429   1455551H               (2)2(  2.5)        394175.9
c  430   1455551H               (2)0(  0.5)        394196.4
c  431   1455551H               (2)1(  0.5)        394363.1
c  432   1455551H               (2)1(  1.5)        394371.1
c  433   1455551I               (2)3(  2.5)        399646.7
c  434   1455551I               (2)3(  3.5)        399647.1
c  435   1455551I               (2)2(  2.5)        399904.1
c  436   1455551I               (2)2(  1.5)        399904.8
c  437   1455551I               (2)1(  1.5)        400260.7
c  438   1455551I               (2)1(  0.5)        400289.5
 
 
 
c-------------------------------------------------------------------------------
 
C  superstage partition information
C  ================================
C
C  element symbol   : AR
C  parent template  : 
C  partition level  :  1
C  superstage label :  1
C
C  tabulation       : photon emissivity coefft (te,ne)
C  units            : ph. emis coef(cm^3 s^-1); te (ev); ne (cm^-3)
C
C  photon emissivity atomic transitions
C  ------------------------------------
C  
C   isel  wvlen(A)            transition                type  ispb nspb
C                                                             ispp nspp sz    tg pr wr
C  ----- ---------- ----------------------------------- ----- ---- ---- --    -- -- --
C      1   425.594  283(2)2(  2.5)-  1(2)1(  1.5)       excit   1    1   1   231 49  1
C      2   440.841  279(2)0(  0.5)-  1(2)1(  1.5)       excit   1    1   1   227 25  2
C      3   443.315  279(2)0(  0.5)-  2(2)1(  0.5)       excit   1    1   1   542 36  3
C      4   443.864  267(2)2(  2.5)-  1(2)1(  1.5)       excit   1    1   1   218  3  4
C      5   444.645  265(2)1(  1.5)-  1(2)1(  1.5)       excit   1    1   1   216 19  5
C      6   445.387  274(2)2(  1.5)-  2(2)1(  0.5)       excit   1    1   1   540  6  6
C      7   446.644  266(2)1(  0.5)-  2(2)1(  0.5)       excit   1    1   1   535 47  7
C      8   450.730  257(2)2(  2.5)-  1(2)1(  1.5)       excit   1    1   1   211  7  8
C      9   452.948  258(2)2(  1.5)-  2(2)1(  0.5)       excit   1    1   1   531 21  9
C     10   454.675  246(2)0(  0.5)-  1(2)1(  1.5)       excit   1    1   1   203 41 10
C     11   456.083  244(2)1(  1.5)-  1(2)1(  1.5)       excit   1    1   1   201  9 11
C     12   456.856  243(2)2(  2.5)-  1(2)1(  1.5)       excit   1    1   1   200 24 12
C     13   458.574  245(2)1(  0.5)-  2(2)1(  0.5)       excit   1    1   1   524 46 13
C     14   459.590  242(2)2(  1.5)-  2(2)1(  0.5)       excit   1    1   1   522 43 14
C     15   467.060  226(2)2(  2.5)-  1(2)1(  1.5)       excit   1    1   1   186 17 15
C     16   470.144  225(2)2(  1.5)-  2(2)1(  0.5)       excit   1    1   1   513 37 16
C     17   478.058  183(2)0(  0.5)-  1(2)1(  1.5)       excit   1    1   1   155 28 17
C     18   479.844  177(2)2(  2.5)-  1(2)1(  1.5)       excit   1    1   1   149 16 18
C     19   480.684  172(2)1(  1.5)-  1(2)1(  1.5)       excit   1    1   1   145 22 19
C     20   480.969  183(2)0(  0.5)-  2(2)1(  0.5)       excit   1    1   1   493 40 20
C     21   481.632  182(2)2(  1.5)-  2(2)1(  0.5)       excit   1    1   1   492 27 21
C     22   509.840   95(2)2(  2.5)-  1(2)1(  1.5)       excit   1    1   1    83  5 22
C     23   513.185   94(2)2(  1.5)-  2(2)1(  0.5)       excit   1    1   1   442 11 23
C     24   515.747   91(2)1(  1.5)-  1(2)1(  1.5)       excit   1    1   1    79 26 24
C     25   532.545   67(2)0(  0.5)-  1(2)1(  1.5)       excit   1    1   1    58 15 25
C     26   536.159   67(2)0(  0.5)-  2(2)1(  0.5)       excit   1    1   1   422 33 26
C     27   551.556   56(2)2(  2.5)-  1(2)1(  1.5)       excit   1    1   1    48 10 27
C     28   554.133   57(2)2(  1.5)-  2(2)1(  0.5)       excit   1    1   1   415 14 28
C     29   565.806   55(2)1(  0.5)-  1(2)1(  1.5)       excit   1    1   1    47 30 29
C     30   566.984   54(2)1(  1.5)-  1(2)1(  1.5)       excit   1    1   1    46  2 30
C     31   569.888   55(2)1(  0.5)-  2(2)1(  0.5)       excit   1    1   1   414 13 31
C     32   570.072   53(2)2(  1.5)-  1(2)1(  1.5)       excit   1    1   1    45 34 32
C     33   571.036   52(2)2(  2.5)-  1(2)1(  1.5)       excit   1    1   1    44  1 33
C     34   571.083   54(2)1(  1.5)-  2(2)1(  0.5)       excit   1    1   1   413 31 34
C     35   574.216   53(2)2(  1.5)-  2(2)1(  0.5)       excit   1    1   1   412  8 35
C     36   592.784   45(2)0(  0.5)-  1(2)1(  1.5)       excit   1    1   1    37 38 36
C     37   597.266   45(2)0(  0.5)-  2(2)1(  0.5)       excit   1    1   1   406 50 37
C     38   647.087   27(2)2(  2.5)-  1(2)1(  1.5)       excit   1    1   1    22 20 38
C     39   655.152   26(2)2(  1.5)-  2(2)1(  0.5)       excit   1    1   1   393 32 39
C     40   666.035   19(2)2(  2.5)-  1(2)1(  1.5)       excit   1    1   1    15 12 40
C     41   672.363   18(2)2(  1.5)-  2(2)1(  0.5)       excit   1    1   1   389 23 41
C     42   708.427   12(2)1(  0.5)-  1(2)1(  1.5)       excit   1    1   1    10 35 42
C     43   712.972   11(2)1(  1.5)-  1(2)1(  1.5)       excit   1    1   1     9  4 43
C     44   714.838   12(2)1(  0.5)-  2(2)1(  0.5)       excit   1    1   1   386 18 44
C     45   719.465   11(2)1(  1.5)-  2(2)1(  0.5)       excit   1    1   1   385 42 45
C     46   727.514    5(4)1(  1.5)-  1(2)1(  1.5)       excit   1    1   1     4 44 46
C     47   731.495    4(4)1(  2.5)-  1(2)1(  1.5)       excit   1    1   1     3 45 47
C     48   835.473    3(2)0(  0.5)-  1(2)1(  1.5)       excit   1    1   1     2 29 48
C     49   844.403    3(2)0(  0.5)-  2(2)1(  0.5)       excit   1    1   1   380 39 49
C     50   4847.26   37(2)2(  2.5)- 11(2)1(  1.5)       excit   1    1   1  3166 48 50
c-------------------------------------------------------------------------------
                                                                                
C  code     : adas810
C  producer : Adam Foster
C  date     : 13/05/09
                                                                                
c-------------------------------------------------------------------------------
