   50    /AR:12 photon emissivity coefficients/
--------------------------------------------------------------------------------
    1    1    1    1    1    1    1    1    1    1    1    1    1    1
    1    1    1    1    1
--------------------------------------------------------------------------------
//#01/p00/ 00/p01/ 01/p02/ 02/p03/ 03/p04/ 04/p05/ 05/p06/ 06/p07/ 07/p08/ 08/  
      p09/ 09/p10/ 10/p11/ 11/p12/ 12/p13/ 13/p14/ 14/p15/ 15/p16/ 16/p17/ 17/  
      p18/ 18/                                                                  
--------------------------------------------------------------------------------
  19.9142    7  14 /pl=01:ss=12:pb= 1:sz=12/type=excit/ispb = t/isel =    1
 1.00E+10 1.00E+11 1.00E+12 1.00E+13 1.00E+14 1.00E+15 1.00E+16
 2.91E+00 4.37E+00 7.28E+00 1.46E+01 2.91E+01 7.28E+01 1.46E+02 2.18E+02
 2.91E+02 4.37E+02 7.28E+02 1.46E+03 2.91E+03 4.37E+03
 1.00E-74 1.00E-74 1.00E-74 1.33E-29 1.82E-20 4.33E-15 2.24E-13 7.73E-13
 1.39E-12 2.39E-12 3.49E-12 4.30E-12 4.42E-12 4.29E-12
 1.00E-74 1.00E-74 1.00E-74 1.33E-29 1.81E-20 4.28E-15 2.20E-13 7.59E-13
 1.36E-12 2.34E-12 3.40E-12 4.19E-12 4.31E-12 4.19E-12
 1.00E-74 1.00E-74 1.00E-74 1.31E-29 1.74E-20 3.96E-15 2.01E-13 6.86E-13
 1.22E-12 2.09E-12 3.03E-12 3.72E-12 3.83E-12 3.74E-12
 1.00E-74 1.00E-74 1.00E-74 1.22E-29 1.54E-20 3.46E-15 1.76E-13 6.04E-13
 1.08E-12 1.86E-12 2.70E-12 3.31E-12 3.39E-12 3.28E-12
 1.00E-74 1.00E-74 3.20E-48 1.13E-29 1.45E-20 3.32E-15 1.70E-13 5.86E-13
 1.05E-12 1.82E-12 2.65E-12 3.24E-12 3.30E-12 3.19E-12
 1.00E-74 1.00E-74 4.64E-48 1.11E-29 1.44E-20 3.30E-15 1.69E-13 5.84E-13
 1.05E-12 1.81E-12 2.64E-12 3.23E-12 3.29E-12 3.18E-12
 1.00E-74 1.00E-74 4.58E-48 1.10E-29 1.43E-20 3.27E-15 1.68E-13 5.78E-13
 1.04E-12 1.79E-12 2.61E-12 3.19E-12 3.26E-12 3.15E-12
  20.8627    7  14 /pl=01:ss=12:pb= 1:sz=12/type=excit/ispb = t/isel =    2
 1.00E+10 1.00E+11 1.00E+12 1.00E+13 1.00E+14 1.00E+15 1.00E+16
 2.91E+00 4.37E+00 7.28E+00 1.46E+01 2.91E+01 7.28E+01 1.46E+02 2.18E+02
 2.91E+02 4.37E+02 7.28E+02 1.46E+03 2.91E+03 4.37E+03
 1.00E-74 1.00E-74 1.00E-74 1.20E-28 6.23E-20 8.35E-15 3.58E-13 1.16E-12
 2.03E-12 3.41E-12 4.92E-12 6.05E-12 6.29E-12 6.16E-12
 1.00E-74 1.00E-74 1.00E-74 1.20E-28 6.20E-20 8.26E-15 3.53E-13 1.14E-12
 1.99E-12 3.34E-12 4.79E-12 5.89E-12 6.14E-12 6.02E-12
 1.00E-74 1.00E-74 1.00E-74 1.19E-28 5.96E-20 7.66E-15 3.22E-13 1.03E-12
 1.79E-12 2.98E-12 4.27E-12 5.24E-12 5.47E-12 5.37E-12
 1.00E-74 1.00E-74 2.93E-46 1.11E-28 5.30E-20 6.69E-15 2.82E-13 9.12E-13
 1.59E-12 2.66E-12 3.82E-12 4.68E-12 4.84E-12 4.73E-12
 1.00E-74 1.00E-74 2.94E-46 1.02E-28 5.00E-20 6.42E-15 2.73E-13 8.86E-13
 1.55E-12 2.60E-12 3.74E-12 4.57E-12 4.73E-12 4.60E-12
 1.00E-74 1.00E-74 2.89E-46 1.00E-28 4.96E-20 6.39E-15 2.71E-13 8.83E-13
 1.54E-12 2.59E-12 3.73E-12 4.56E-12 4.71E-12 4.59E-12
 1.00E-74 1.00E-74 2.89E-46 1.00E-28 4.94E-20 6.34E-15 2.69E-13 8.74E-13
 1.53E-12 2.57E-12 3.69E-12 4.51E-12 4.66E-12 4.55E-12
  20.9146    7  14 /pl=01:ss=12:pb= 1:sz=12/type=excit/ispb = t/isel =    3
 1.00E+10 1.00E+11 1.00E+12 1.00E+13 1.00E+14 1.00E+15 1.00E+16
 2.91E+00 4.37E+00 7.28E+00 1.46E+01 2.91E+01 7.28E+01 1.46E+02 2.18E+02
 2.91E+02 4.37E+02 7.28E+02 1.46E+03 2.91E+03 4.37E+03
 1.00E-74 1.00E-74 1.00E-74 2.16E-28 1.07E-19 1.39E-14 5.87E-13 1.90E-12
 3.31E-12 5.53E-12 7.91E-12 9.60E-12 9.84E-12 9.54E-12
 1.00E-74 1.00E-74 1.00E-74 2.16E-28 1.06E-19 1.37E-14 5.78E-13 1.87E-12
 3.24E-12 5.40E-12 7.70E-12 9.34E-12 9.58E-12 9.30E-12
 1.00E-74 1.00E-74 6.57E-46 2.13E-28 1.02E-19 1.26E-14 5.25E-13 1.68E-12
 2.90E-12 4.81E-12 6.82E-12 8.26E-12 8.49E-12 8.25E-12
 1.00E-74 1.00E-74 6.32E-46 1.98E-28 8.98E-20 1.10E-14 4.56E-13 1.47E-12
 2.56E-12 4.26E-12 6.07E-12 7.32E-12 7.46E-12 7.21E-12
 1.00E-74 1.00E-74 5.77E-46 1.80E-28 8.44E-20 1.05E-14 4.40E-13 1.43E-12
 2.49E-12 4.16E-12 5.93E-12 7.15E-12 7.27E-12 7.00E-12
 1.00E-74 1.00E-74 5.60E-46 1.77E-28 8.36E-20 1.04E-14 4.38E-13 1.42E-12
 2.48E-12 4.14E-12 5.90E-12 7.12E-12 7.24E-12 6.97E-12
 1.00E-74 1.00E-74 5.60E-46 1.76E-28 8.30E-20 1.03E-14 4.34E-13 1.41E-12
 2.45E-12 4.09E-12 5.84E-12 7.05E-12 7.17E-12 6.91E-12
  22.0180    7  14 /pl=01:ss=12:pb= 1:sz=12/type=excit/ispb = t/isel =    4
 1.00E+10 1.00E+11 1.00E+12 1.00E+13 1.00E+14 1.00E+15 1.00E+16
 2.91E+00 4.37E+00 7.28E+00 1.46E+01 2.91E+01 7.28E+01 1.46E+02 2.18E+02
 2.91E+02 4.37E+02 7.28E+02 1.46E+03 2.91E+03 4.37E+03
 1.00E-74 1.00E-74 1.00E-74 5.87E-28 1.04E-19 7.42E-15 2.61E-13 8.04E-13
 1.38E-12 2.30E-12 3.37E-12 4.38E-12 4.92E-12 5.03E-12
 1.00E-74 1.00E-74 1.26E-44 5.86E-28 1.03E-19 7.33E-15 2.57E-13 7.88E-13
 1.35E-12 2.24E-12 3.28E-12 4.26E-12 4.78E-12 4.89E-12
 1.00E-74 1.00E-74 1.32E-44 5.77E-28 9.87E-20 6.73E-15 2.32E-13 7.05E-13
 1.20E-12 1.98E-12 2.88E-12 3.74E-12 4.20E-12 4.32E-12
 1.00E-74 1.00E-74 1.27E-44 5.30E-28 8.62E-20 5.77E-15 2.00E-13 6.12E-13
 1.05E-12 1.74E-12 2.54E-12 3.29E-12 3.67E-12 3.74E-12
 1.00E-74 1.00E-74 1.17E-44 4.79E-28 8.05E-20 5.51E-15 1.92E-13 5.92E-13
 1.02E-12 1.69E-12 2.48E-12 3.20E-12 3.56E-12 3.63E-12
 1.00E-74 1.00E-74 1.13E-44 4.69E-28 7.97E-20 5.48E-15 1.91E-13 5.89E-13
 1.01E-12 1.69E-12 2.47E-12 3.19E-12 3.55E-12 3.61E-12
 1.00E-74 1.00E-74 1.15E-44 4.72E-28 7.99E-20 5.46E-15 1.90E-13 5.85E-13
 1.01E-12 1.67E-12 2.45E-12 3.16E-12 3.52E-12 3.58E-12
  22.0627    7  14 /pl=01:ss=12:pb= 1:sz=12/type=excit/ispb = t/isel =    5
 1.00E+10 1.00E+11 1.00E+12 1.00E+13 1.00E+14 1.00E+15 1.00E+16
 2.91E+00 4.37E+00 7.28E+00 1.46E+01 2.91E+01 7.28E+01 1.46E+02 2.18E+02
 2.91E+02 4.37E+02 7.28E+02 1.46E+03 2.91E+03 4.37E+03
 1.00E-74 1.00E-74 1.00E-74 1.08E-27 1.85E-19 1.29E-14 4.52E-13 1.39E-12
 2.37E-12 3.94E-12 5.77E-12 7.51E-12 8.42E-12 8.62E-12
 1.00E-74 1.00E-74 2.58E-44 1.08E-27 1.84E-19 1.27E-14 4.44E-13 1.36E-12
 2.31E-12 3.84E-12 5.61E-12 7.29E-12 8.19E-12 8.39E-12
 1.00E-74 1.00E-74 2.63E-44 1.07E-27 1.76E-19 1.17E-14 4.01E-13 1.21E-12
 2.06E-12 3.39E-12 4.93E-12 6.39E-12 7.20E-12 7.39E-12
 1.00E-74 1.00E-74 2.55E-44 9.79E-28 1.53E-19 9.99E-15 3.44E-13 1.05E-12
 1.79E-12 2.98E-12 4.34E-12 5.62E-12 6.27E-12 6.40E-12
 1.00E-74 1.00E-74 2.33E-44 8.83E-28 1.43E-19 9.53E-15 3.31E-13 1.02E-12
 1.74E-12 2.90E-12 4.24E-12 5.48E-12 6.09E-12 6.20E-12
 1.00E-74 1.00E-74 2.26E-44 8.64E-28 1.42E-19 9.47E-15 3.30E-13 1.01E-12
 1.73E-12 2.89E-12 4.22E-12 5.45E-12 6.07E-12 6.17E-12
 1.00E-74 1.00E-74 2.30E-44 8.72E-28 1.42E-19 9.45E-15 3.28E-13 1.01E-12
 1.72E-12 2.87E-12 4.18E-12 5.41E-12 6.02E-12 6.12E-12
  22.9192    7  14 /pl=01:ss=12:pb= 1:sz=12/type=excit/ispb = t/isel =    6
 1.00E+10 1.00E+11 1.00E+12 1.00E+13 1.00E+14 1.00E+15 1.00E+16
 2.91E+00 4.37E+00 7.28E+00 1.46E+01 2.91E+01 7.28E+01 1.46E+02 2.18E+02
 2.91E+02 4.37E+02 7.28E+02 1.46E+03 2.91E+03 4.37E+03
 1.00E-74 1.00E-74 1.27E-42 1.25E-26 1.04E-18 4.65E-14 1.39E-12 4.02E-12
 6.62E-12 1.05E-11 1.45E-11 1.71E-11 1.74E-11 1.70E-11
 1.00E-74 1.00E-74 1.30E-42 1.25E-26 1.03E-18 4.59E-14 1.37E-12 3.94E-12
 6.48E-12 1.02E-11 1.41E-11 1.66E-11 1.70E-11 1.65E-11
 1.00E-74 1.00E-74 1.30E-42 1.23E-26 9.92E-19 4.25E-14 1.25E-12 3.56E-12
 5.82E-12 9.11E-12 1.25E-11 1.47E-11 1.51E-11 1.47E-11
 1.00E-74 1.00E-74 1.26E-42 1.15E-26 8.77E-19 3.69E-14 1.09E-12 3.13E-12
 5.14E-12 8.11E-12 1.12E-11 1.31E-11 1.33E-11 1.29E-11
 1.00E-74 1.00E-74 1.18E-42 1.05E-26 8.25E-19 3.54E-14 1.05E-12 3.03E-12
 5.01E-12 7.92E-12 1.09E-11 1.28E-11 1.30E-11 1.26E-11
 1.00E-74 1.00E-74 1.15E-42 1.03E-26 8.18E-19 3.52E-14 1.04E-12 3.02E-12
 4.98E-12 7.89E-12 1.09E-11 1.28E-11 1.29E-11 1.25E-11
 1.00E-74 1.00E-74 1.15E-42 1.03E-26 8.15E-19 3.50E-14 1.04E-12 3.00E-12
 4.94E-12 7.81E-12 1.08E-11 1.27E-11 1.28E-11 1.24E-11
  22.9888    7  14 /pl=01:ss=12:pb= 1:sz=12/type=excit/ispb = t/isel =    7
 1.00E+10 1.00E+11 1.00E+12 1.00E+13 1.00E+14 1.00E+15 1.00E+16
 2.91E+00 4.37E+00 7.28E+00 1.46E+01 2.91E+01 7.28E+01 1.46E+02 2.18E+02
 2.91E+02 4.37E+02 7.28E+02 1.46E+03 2.91E+03 4.37E+03
 1.00E-74 1.00E-74 2.85E-42 2.50E-26 1.95E-18 8.45E-14 2.49E-12 7.18E-12
 1.18E-11 1.86E-11 2.56E-11 3.05E-11 3.11E-11 3.03E-11
 1.00E-74 1.00E-74 2.89E-42 2.49E-26 1.94E-18 8.35E-14 2.45E-12 7.05E-12
 1.16E-11 1.82E-11 2.50E-11 2.97E-11 3.03E-11 2.95E-11
 1.00E-74 1.00E-74 2.89E-42 2.46E-26 1.86E-18 7.72E-14 2.23E-12 6.36E-12
 1.04E-11 1.62E-11 2.22E-11 2.63E-11 2.69E-11 2.63E-11
 1.00E-74 1.00E-74 2.80E-42 2.29E-26 1.65E-18 6.72E-14 1.95E-12 5.59E-12
 9.19E-12 1.45E-11 1.98E-11 2.34E-11 2.37E-11 2.31E-11
 1.00E-74 1.00E-74 2.63E-42 2.10E-26 1.55E-18 6.44E-14 1.88E-12 5.43E-12
 8.95E-12 1.41E-11 1.94E-11 2.29E-11 2.31E-11 2.24E-11
 1.00E-74 1.00E-74 2.57E-42 2.06E-26 1.54E-18 6.40E-14 1.87E-12 5.41E-12
 8.91E-12 1.41E-11 1.93E-11 2.28E-11 2.30E-11 2.23E-11
 1.00E-74 1.00E-74 2.57E-42 2.05E-26 1.53E-18 6.36E-14 1.86E-12 5.36E-12
 8.82E-12 1.39E-11 1.91E-11 2.26E-11 2.29E-11 2.22E-11
  23.9207    7  14 /pl=01:ss=12:pb= 1:sz=12/type=excit/ispb = t/isel =    8
 1.00E+10 1.00E+11 1.00E+12 1.00E+13 1.00E+14 1.00E+15 1.00E+16
 2.91E+00 4.37E+00 7.28E+00 1.46E+01 2.91E+01 7.28E+01 1.46E+02 2.18E+02
 2.91E+02 4.37E+02 7.28E+02 1.46E+03 2.91E+03 4.37E+03
 1.00E-74 1.00E-74 1.00E-74 1.06E-27 2.22E-19 1.71E-14 6.03E-13 1.82E-12
 3.03E-12 4.79E-12 6.33E-12 6.79E-12 6.02E-12 5.34E-12
 1.00E-74 1.00E-74 1.46E-44 1.05E-27 2.21E-19 1.69E-14 5.92E-13 1.78E-12
 2.96E-12 4.66E-12 6.15E-12 6.59E-12 5.85E-12 5.19E-12
 1.00E-74 1.00E-74 1.74E-44 1.04E-27 2.11E-19 1.55E-14 5.34E-13 1.59E-12
 2.63E-12 4.11E-12 5.40E-12 5.78E-12 5.14E-12 4.57E-12
 1.00E-74 1.00E-74 1.62E-44 9.53E-28 1.84E-19 1.33E-14 4.59E-13 1.38E-12
 2.30E-12 3.61E-12 4.76E-12 5.08E-12 4.48E-12 3.96E-12
 1.00E-74 1.00E-74 1.48E-44 8.60E-28 1.72E-19 1.27E-14 4.42E-13 1.34E-12
 2.23E-12 3.52E-12 4.65E-12 4.95E-12 4.36E-12 3.84E-12
 1.00E-74 1.00E-74 1.43E-44 8.42E-28 1.70E-19 1.26E-14 4.40E-13 1.33E-12
 2.22E-12 3.51E-12 4.63E-12 4.93E-12 4.34E-12 3.82E-12
 1.00E-74 1.00E-74 1.49E-44 8.65E-28 1.73E-19 1.27E-14 4.41E-13 1.33E-12
 2.22E-12 3.50E-12 4.62E-12 4.92E-12 4.33E-12 3.82E-12
  24.2068    7  14 /pl=01:ss=12:pb= 1:sz=12/type=excit/ispb = t/isel =    9
 1.00E+10 1.00E+11 1.00E+12 1.00E+13 1.00E+14 1.00E+15 1.00E+16
 2.91E+00 4.37E+00 7.28E+00 1.46E+01 2.91E+01 7.28E+01 1.46E+02 2.18E+02
 2.91E+02 4.37E+02 7.28E+02 1.46E+03 2.91E+03 4.37E+03
 1.00E-74 1.00E-74 1.00E-74 5.17E-28 1.15E-19 9.13E-15 3.25E-13 9.85E-13
 1.64E-12 2.60E-12 3.44E-12 3.70E-12 3.28E-12 2.91E-12
 1.00E-74 1.00E-74 1.15E-44 5.16E-28 1.14E-19 9.01E-15 3.20E-13 9.65E-13
 1.61E-12 2.53E-12 3.35E-12 3.60E-12 3.19E-12 2.83E-12
 1.00E-74 1.00E-74 6.87E-45 5.09E-28 1.09E-19 8.27E-15 2.89E-13 8.63E-13
 1.43E-12 2.24E-12 2.94E-12 3.16E-12 2.80E-12 2.50E-12
 1.00E-74 1.00E-74 7.15E-45 4.68E-28 9.53E-20 7.10E-15 2.49E-13 7.49E-13
 1.25E-12 1.97E-12 2.60E-12 2.78E-12 2.44E-12 2.17E-12
 1.00E-74 1.00E-74 6.56E-45 4.22E-28 8.90E-20 6.77E-15 2.39E-13 7.25E-13
 1.21E-12 1.92E-12 2.53E-12 2.71E-12 2.38E-12 2.10E-12
 1.00E-74 1.00E-74 6.37E-45 4.14E-28 8.83E-20 6.74E-15 2.38E-13 7.22E-13
 1.21E-12 1.91E-12 2.52E-12 2.70E-12 2.37E-12 2.09E-12
 1.00E-74 1.00E-74 6.57E-45 4.22E-28 8.93E-20 6.76E-15 2.38E-13 7.21E-13
 1.20E-12 1.90E-12 2.51E-12 2.69E-12 2.36E-12 2.09E-12
  26.2478    7  14 /pl=01:ss=12:pb= 1:sz=12/type=excit/ispb = t/isel =   10
 1.00E+10 1.00E+11 1.00E+12 1.00E+13 1.00E+14 1.00E+15 1.00E+16
 2.91E+00 4.37E+00 7.28E+00 1.46E+01 2.91E+01 7.28E+01 1.46E+02 2.18E+02
 2.91E+02 4.37E+02 7.28E+02 1.46E+03 2.91E+03 4.37E+03
 1.00E-74 1.00E-74 2.06E-39 1.78E-25 1.40E-18 1.55E-14 3.01E-13 7.71E-13
 1.22E-12 1.89E-12 2.65E-12 3.43E-12 3.90E-12 4.04E-12
 1.00E-74 1.00E-74 2.06E-39 1.78E-25 1.39E-18 1.53E-14 2.96E-13 7.56E-13
 1.19E-12 1.84E-12 2.58E-12 3.34E-12 3.79E-12 3.93E-12
 1.00E-74 1.00E-74 2.05E-39 1.75E-25 1.33E-18 1.41E-14 2.68E-13 6.79E-13
 1.07E-12 1.63E-12 2.27E-12 2.94E-12 3.35E-12 3.48E-12
 1.00E-74 1.00E-74 1.98E-39 1.62E-25 1.17E-18 1.22E-14 2.32E-13 5.93E-13
 9.35E-13 1.44E-12 2.02E-12 2.60E-12 2.93E-12 3.03E-12
 1.00E-74 1.00E-74 1.82E-39 1.47E-25 1.10E-18 1.16E-14 2.24E-13 5.74E-13
 9.09E-13 1.41E-12 1.97E-12 2.54E-12 2.85E-12 2.94E-12
 1.00E-74 1.00E-74 1.78E-39 1.44E-25 1.09E-18 1.16E-14 2.23E-13 5.72E-13
 9.06E-13 1.40E-12 1.96E-12 2.53E-12 2.84E-12 2.93E-12
 1.00E-74 1.00E-74 1.83E-39 1.47E-25 1.10E-18 1.16E-14 2.22E-13 5.70E-13
 9.01E-13 1.39E-12 1.95E-12 2.51E-12 2.82E-12 2.90E-12
  26.3912    7  14 /pl=01:ss=12:pb= 1:sz=12/type=excit/ispb = t/isel =   11
 1.00E+10 1.00E+11 1.00E+12 1.00E+13 1.00E+14 1.00E+15 1.00E+16
 2.91E+00 4.37E+00 7.28E+00 1.46E+01 2.91E+01 7.28E+01 1.46E+02 2.18E+02
 2.91E+02 4.37E+02 7.28E+02 1.46E+03 2.91E+03 4.37E+03
 1.00E-74 1.00E-74 3.88E-39 2.81E-25 2.03E-18 2.18E-14 4.35E-13 1.13E-12
 1.79E-12 2.79E-12 3.90E-12 4.95E-12 5.51E-12 5.63E-12
 1.00E-74 1.00E-74 3.89E-39 2.81E-25 2.02E-18 2.16E-14 4.29E-13 1.12E-12
 1.76E-12 2.73E-12 3.82E-12 4.84E-12 5.40E-12 5.52E-12
 1.00E-74 1.00E-74 3.88E-39 2.79E-25 1.96E-18 2.03E-14 3.96E-13 1.02E-12
 1.60E-12 2.47E-12 3.45E-12 4.36E-12 4.87E-12 4.99E-12
 1.00E-74 1.00E-74 3.85E-39 2.65E-25 1.78E-18 1.81E-14 3.53E-13 9.16E-13
 1.44E-12 2.24E-12 3.13E-12 3.95E-12 4.38E-12 4.47E-12
 1.00E-74 1.00E-74 3.78E-39 2.51E-25 1.70E-18 1.75E-14 3.43E-13 8.93E-13
 1.41E-12 2.19E-12 3.07E-12 3.87E-12 4.29E-12 4.36E-12
 1.00E-74 1.00E-74 3.76E-39 2.48E-25 1.69E-18 1.74E-14 3.42E-13 8.90E-13
 1.40E-12 2.19E-12 3.06E-12 3.86E-12 4.27E-12 4.35E-12
 1.00E-74 1.00E-74 3.89E-39 2.53E-25 1.71E-18 1.75E-14 3.42E-13 8.88E-13
 1.40E-12 2.18E-12 3.04E-12 3.83E-12 4.24E-12 4.32E-12
  26.4764    7  14 /pl=01:ss=12:pb= 1:sz=12/type=excit/ispb = t/isel =   12
 1.00E+10 1.00E+11 1.00E+12 1.00E+13 1.00E+14 1.00E+15 1.00E+16
 2.91E+00 4.37E+00 7.28E+00 1.46E+01 2.91E+01 7.28E+01 1.46E+02 2.18E+02
 2.91E+02 4.37E+02 7.28E+02 1.46E+03 2.91E+03 4.37E+03
 1.00E-74 1.00E-74 6.15E-39 4.01E-25 2.77E-18 2.98E-14 6.10E-13 1.62E-12
 2.58E-12 4.05E-12 5.67E-12 7.13E-12 7.83E-12 7.95E-12
 1.00E-74 1.00E-74 6.18E-39 4.03E-25 2.78E-18 2.97E-14 6.06E-13 1.60E-12
 2.56E-12 4.01E-12 5.61E-12 7.06E-12 7.78E-12 7.92E-12
 1.00E-74 1.00E-74 6.23E-39 4.05E-25 2.74E-18 2.85E-14 5.74E-13 1.51E-12
 2.39E-12 3.73E-12 5.20E-12 6.54E-12 7.22E-12 7.36E-12
 1.00E-74 1.00E-74 6.52E-39 4.09E-25 2.63E-18 2.66E-14 5.32E-13 1.40E-12
 2.22E-12 3.47E-12 4.84E-12 6.08E-12 6.67E-12 6.78E-12
 1.00E-74 1.00E-74 7.15E-39 4.13E-25 2.58E-18 2.61E-14 5.22E-13 1.38E-12
 2.19E-12 3.42E-12 4.78E-12 5.99E-12 6.57E-12 6.66E-12
 1.00E-74 1.00E-74 7.39E-39 4.15E-25 2.58E-18 2.60E-14 5.21E-13 1.37E-12
 2.18E-12 3.42E-12 4.76E-12 5.98E-12 6.55E-12 6.64E-12
 1.00E-74 1.00E-74 7.60E-39 4.22E-25 2.60E-18 2.60E-14 5.20E-13 1.37E-12
 2.17E-12 3.39E-12 4.73E-12 5.93E-12 6.50E-12 6.60E-12
  28.2243    7  14 /pl=01:ss=12:pb= 1:sz=12/type=excit/ispb = t/isel =   13
 1.00E+10 1.00E+11 1.00E+12 1.00E+13 1.00E+14 1.00E+15 1.00E+16
 2.91E+00 4.37E+00 7.28E+00 1.46E+01 2.91E+01 7.28E+01 1.46E+02 2.18E+02
 2.91E+02 4.37E+02 7.28E+02 1.46E+03 2.91E+03 4.37E+03
 1.00E-74 1.00E-74 1.15E-36 1.02E-23 2.59E-17 1.45E-13 2.26E-12 5.37E-12
 8.14E-12 1.22E-11 1.65E-11 2.09E-11 2.31E-11 2.36E-11
 1.00E-74 1.00E-74 1.14E-36 1.02E-23 2.57E-17 1.43E-13 2.22E-12 5.26E-12
 7.96E-12 1.18E-11 1.61E-11 2.03E-11 2.25E-11 2.30E-11
 1.00E-74 1.00E-74 1.14E-36 1.01E-23 2.46E-17 1.32E-13 2.00E-12 4.71E-12
 7.08E-12 1.05E-11 1.41E-11 1.78E-11 1.98E-11 2.02E-11
 1.00E-74 1.00E-74 1.10E-36 9.24E-24 2.14E-17 1.13E-13 1.72E-12 4.08E-12
 6.18E-12 9.20E-12 1.25E-11 1.56E-11 1.72E-11 1.75E-11
 1.00E-74 1.00E-74 1.00E-36 8.35E-24 2.00E-17 1.08E-13 1.66E-12 3.95E-12
 6.00E-12 8.96E-12 1.22E-11 1.52E-11 1.68E-11 1.70E-11
 1.00E-74 1.00E-74 9.73E-37 8.16E-24 1.98E-17 1.07E-13 1.65E-12 3.93E-12
 5.97E-12 8.92E-12 1.21E-11 1.52E-11 1.67E-11 1.69E-11
 1.00E-74 1.00E-74 9.84E-37 8.21E-24 1.98E-17 1.07E-13 1.64E-12 3.91E-12
 5.92E-12 8.85E-12 1.20E-11 1.50E-11 1.65E-11 1.68E-11
  28.3620    7  14 /pl=01:ss=12:pb= 1:sz=12/type=excit/ispb = t/isel =   14
 1.00E+10 1.00E+11 1.00E+12 1.00E+13 1.00E+14 1.00E+15 1.00E+16
 2.91E+00 4.37E+00 7.28E+00 1.46E+01 2.91E+01 7.28E+01 1.46E+02 2.18E+02
 2.91E+02 4.37E+02 7.28E+02 1.46E+03 2.91E+03 4.37E+03
 1.00E-74 1.00E-74 2.54E-36 1.96E-23 4.60E-17 2.47E-13 3.79E-12 9.00E-12
 1.36E-11 2.02E-11 2.75E-11 3.44E-11 3.82E-11 3.90E-11
 1.00E-74 1.00E-74 2.54E-36 1.96E-23 4.58E-17 2.44E-13 3.72E-12 8.82E-12
 1.33E-11 1.97E-11 2.68E-11 3.34E-11 3.71E-11 3.79E-11
 1.00E-74 1.00E-74 2.53E-36 1.93E-23 4.37E-17 2.24E-13 3.36E-12 7.89E-12
 1.18E-11 1.74E-11 2.35E-11 2.93E-11 3.26E-11 3.34E-11
 1.00E-74 1.00E-74 2.43E-36 1.77E-23 3.81E-17 1.92E-13 2.89E-12 6.84E-12
 1.03E-11 1.53E-11 2.08E-11 2.58E-11 2.85E-11 2.90E-11
 1.00E-74 1.00E-74 2.23E-36 1.60E-23 3.56E-17 1.83E-13 2.78E-12 6.62E-12
 9.99E-12 1.49E-11 2.03E-11 2.51E-11 2.77E-11 2.81E-11
 1.00E-74 1.00E-74 2.16E-36 1.56E-23 3.53E-17 1.82E-13 2.77E-12 6.59E-12
 9.95E-12 1.48E-11 2.02E-11 2.50E-11 2.75E-11 2.79E-11
 1.00E-74 1.00E-74 2.19E-36 1.58E-23 3.54E-17 1.82E-13 2.75E-12 6.55E-12
 9.88E-12 1.47E-11 2.00E-11 2.48E-11 2.73E-11 2.77E-11
  28.6177    7  14 /pl=01:ss=12:pb= 1:sz=12/type=excit/ispb = t/isel =   15
 1.00E+10 1.00E+11 1.00E+12 1.00E+13 1.00E+14 1.00E+15 1.00E+16
 2.91E+00 4.37E+00 7.28E+00 1.46E+01 2.91E+01 7.28E+01 1.46E+02 2.18E+02
 2.91E+02 4.37E+02 7.28E+02 1.46E+03 2.91E+03 4.37E+03
 1.00E-74 1.00E-74 3.91E-37 2.31E-24 4.76E-18 2.42E-14 3.78E-13 9.10E-13
 1.39E-12 2.08E-12 2.81E-12 3.46E-12 3.76E-12 3.78E-12
 1.00E-74 1.00E-74 3.91E-37 2.30E-24 4.73E-18 2.39E-14 3.72E-13 8.92E-13
 1.36E-12 2.03E-12 2.73E-12 3.36E-12 3.65E-12 3.68E-12
 1.00E-74 1.00E-74 3.89E-37 2.27E-24 4.52E-18 2.19E-14 3.35E-13 7.97E-13
 1.21E-12 1.79E-12 2.40E-12 2.95E-12 3.21E-12 3.24E-12
 1.00E-74 1.00E-74 3.75E-37 2.09E-24 3.94E-18 1.88E-14 2.89E-13 6.92E-13
 1.05E-12 1.57E-12 2.12E-12 2.59E-12 2.80E-12 2.81E-12
 1.00E-74 1.00E-74 3.43E-37 1.88E-24 3.68E-18 1.79E-14 2.78E-13 6.69E-13
 1.02E-12 1.53E-12 2.07E-12 2.53E-12 2.72E-12 2.73E-12
 1.00E-74 1.00E-74 3.34E-37 1.85E-24 3.65E-18 1.79E-14 2.77E-13 6.70E-13
 1.03E-12 1.54E-12 2.08E-12 2.54E-12 2.73E-12 2.73E-12
 1.00E-74 1.00E-74 3.47E-37 1.90E-24 3.71E-18 1.82E-14 2.86E-13 6.96E-13
 1.07E-12 1.61E-12 2.18E-12 2.65E-12 2.83E-12 2.82E-12
  28.6379    7  14 /pl=01:ss=12:pb= 1:sz=12/type=excit/ispb = t/isel =   16
 1.00E+10 1.00E+11 1.00E+12 1.00E+13 1.00E+14 1.00E+15 1.00E+16
 2.91E+00 4.37E+00 7.28E+00 1.46E+01 2.91E+01 7.28E+01 1.46E+02 2.18E+02
 2.91E+02 4.37E+02 7.28E+02 1.46E+03 2.91E+03 4.37E+03
 1.00E-74 1.00E-74 4.18E-39 7.43E-25 8.34E-18 1.11E-13 2.19E-12 5.45E-12
 8.29E-12 1.20E-11 1.49E-11 1.53E-11 1.35E-11 1.19E-11
 1.00E-74 1.00E-74 4.19E-39 7.44E-25 8.33E-18 1.10E-13 2.16E-12 5.38E-12
 8.18E-12 1.18E-11 1.46E-11 1.50E-11 1.33E-11 1.17E-11
 1.00E-74 1.00E-74 4.20E-39 7.41E-25 8.12E-18 1.04E-13 2.02E-12 4.98E-12
 7.52E-12 1.08E-11 1.34E-11 1.37E-11 1.21E-11 1.07E-11
 1.00E-74 1.00E-74 4.25E-39 7.21E-25 7.51E-18 9.42E-14 1.82E-12 4.52E-12
 6.86E-12 9.88E-12 1.22E-11 1.25E-11 1.10E-11 9.70E-12
 1.00E-74 1.00E-74 4.35E-39 6.98E-25 7.24E-18 9.14E-14 1.78E-12 4.42E-12
 6.72E-12 9.70E-12 1.20E-11 1.23E-11 1.08E-11 9.50E-12
 1.00E-74 1.00E-74 4.39E-39 6.94E-25 7.20E-18 9.11E-14 1.77E-12 4.41E-12
 6.70E-12 9.67E-12 1.20E-11 1.23E-11 1.08E-11 9.46E-12
 1.00E-74 1.00E-74 4.46E-39 6.99E-25 7.21E-18 9.08E-14 1.76E-12 4.38E-12
 6.66E-12 9.60E-12 1.19E-11 1.22E-11 1.07E-11 9.41E-12
  28.7319    7  14 /pl=01:ss=12:pb= 1:sz=12/type=excit/ispb = t/isel =   17
 1.00E+10 1.00E+11 1.00E+12 1.00E+13 1.00E+14 1.00E+15 1.00E+16
 2.91E+00 4.37E+00 7.28E+00 1.46E+01 2.91E+01 7.28E+01 1.46E+02 2.18E+02
 2.91E+02 4.37E+02 7.28E+02 1.46E+03 2.91E+03 4.37E+03
 1.00E-74 1.00E-74 6.83E-37 3.57E-24 6.92E-18 3.31E-14 4.86E-13 1.14E-12
 1.71E-12 2.54E-12 3.43E-12 4.28E-12 4.71E-12 4.81E-12
 1.00E-74 1.00E-74 6.82E-37 3.56E-24 6.88E-18 3.27E-14 4.78E-13 1.12E-12
 1.67E-12 2.48E-12 3.33E-12 4.16E-12 4.58E-12 4.68E-12
 1.00E-74 1.00E-74 6.79E-37 3.51E-24 6.58E-18 3.00E-14 4.31E-13 1.00E-12
 1.49E-12 2.19E-12 2.93E-12 3.65E-12 4.02E-12 4.12E-12
 1.00E-74 1.00E-74 6.54E-37 3.22E-24 5.74E-18 2.57E-14 3.71E-13 8.69E-13
 1.30E-12 1.92E-12 2.58E-12 3.21E-12 3.51E-12 3.57E-12
 1.00E-74 1.00E-74 6.00E-37 2.91E-24 5.36E-18 2.46E-14 3.57E-13 8.41E-13
 1.26E-12 1.87E-12 2.52E-12 3.13E-12 3.41E-12 3.46E-12
 1.00E-74 1.00E-74 5.81E-37 2.85E-24 5.31E-18 2.44E-14 3.55E-13 8.37E-13
 1.26E-12 1.86E-12 2.51E-12 3.12E-12 3.40E-12 3.45E-12
 1.00E-74 1.00E-74 5.83E-37 2.85E-24 5.29E-18 2.43E-14 3.54E-13 8.33E-13
 1.25E-12 1.86E-12 2.50E-12 3.10E-12 3.38E-12 3.43E-12
  28.9900    7  14 /pl=01:ss=12:pb= 1:sz=12/type=excit/ispb = t/isel =   18
 1.00E+10 1.00E+11 1.00E+12 1.00E+13 1.00E+14 1.00E+15 1.00E+16
 2.91E+00 4.37E+00 7.28E+00 1.46E+01 2.91E+01 7.28E+01 1.46E+02 2.18E+02
 2.91E+02 4.37E+02 7.28E+02 1.46E+03 2.91E+03 4.37E+03
 1.00E-74 1.00E-74 1.59E-39 3.34E-25 4.07E-18 5.69E-14 1.14E-12 2.85E-12
 4.35E-12 6.30E-12 7.83E-12 8.10E-12 7.12E-12 6.32E-12
 1.00E-74 1.00E-74 1.60E-39 3.34E-25 4.06E-18 5.64E-14 1.12E-12 2.81E-12
 4.28E-12 6.19E-12 7.69E-12 7.95E-12 7.00E-12 6.22E-12
 1.00E-74 1.00E-74 1.60E-39 3.32E-25 3.95E-18 5.31E-14 1.04E-12 2.59E-12
 3.93E-12 5.64E-12 6.98E-12 7.21E-12 6.36E-12 5.66E-12
 1.00E-74 1.00E-74 1.61E-39 3.21E-25 3.63E-18 4.77E-14 9.39E-13 2.34E-12
 3.56E-12 5.14E-12 6.38E-12 6.56E-12 5.75E-12 5.09E-12
 1.00E-74 1.00E-74 1.62E-39 3.08E-25 3.48E-18 4.63E-14 9.14E-13 2.29E-12
 3.49E-12 5.05E-12 6.27E-12 6.45E-12 5.63E-12 4.98E-12
 1.00E-74 1.00E-74 1.63E-39 3.05E-25 3.46E-18 4.61E-14 9.11E-13 2.28E-12
 3.48E-12 5.03E-12 6.25E-12 6.43E-12 5.62E-12 4.96E-12
 1.00E-74 1.00E-74 1.65E-39 3.08E-25 3.47E-18 4.60E-14 9.07E-13 2.27E-12
 3.46E-12 5.00E-12 6.20E-12 6.38E-12 5.58E-12 4.94E-12
  29.1941    7  14 /pl=01:ss=12:pb= 1:sz=12/type=excit/ispb = t/isel =   19
 1.00E+10 1.00E+11 1.00E+12 1.00E+13 1.00E+14 1.00E+15 1.00E+16
 2.91E+00 4.37E+00 7.28E+00 1.46E+01 2.91E+01 7.28E+01 1.46E+02 2.18E+02
 2.91E+02 4.37E+02 7.28E+02 1.46E+03 2.91E+03 4.37E+03
 1.00E-74 1.00E-74 5.66E-35 1.85E-22 2.83E-16 1.16E-12 1.57E-11 3.52E-11
 5.15E-11 7.30E-11 9.30E-11 1.07E-10 1.09E-10 1.06E-10
 1.00E-74 1.00E-74 5.66E-35 1.85E-22 2.81E-16 1.14E-12 1.55E-11 3.46E-11
 5.04E-11 7.13E-11 9.06E-11 1.04E-10 1.06E-10 1.03E-10
 1.00E-74 1.00E-74 5.63E-35 1.83E-22 2.70E-16 1.05E-12 1.41E-11 3.12E-11
 4.52E-11 6.36E-11 8.04E-11 9.19E-11 9.38E-11 9.19E-11
 1.00E-74 1.00E-74 5.46E-35 1.69E-22 2.38E-16 9.15E-13 1.23E-11 2.74E-11
 3.99E-11 5.65E-11 7.17E-11 8.17E-11 8.28E-11 8.06E-11
 1.00E-74 1.00E-74 5.09E-35 1.55E-22 2.24E-16 8.77E-13 1.18E-11 2.66E-11
 3.88E-11 5.51E-11 7.01E-11 7.98E-11 8.06E-11 7.84E-11
 1.00E-74 1.00E-74 4.97E-35 1.52E-22 2.22E-16 8.72E-13 1.18E-11 2.65E-11
 3.87E-11 5.49E-11 6.99E-11 7.95E-11 8.03E-11 7.80E-11
 1.00E-74 1.00E-74 5.04E-35 1.53E-22 2.22E-16 8.70E-13 1.17E-11 2.63E-11
 3.85E-11 5.46E-11 6.93E-11 7.89E-11 7.97E-11 7.75E-11
  29.2942    7  14 /pl=01:ss=12:pb= 1:sz=12/type=excit/ispb = t/isel =   20
 1.00E+10 1.00E+11 1.00E+12 1.00E+13 1.00E+14 1.00E+15 1.00E+16
 2.91E+00 4.37E+00 7.28E+00 1.46E+01 2.91E+01 7.28E+01 1.46E+02 2.18E+02
 2.91E+02 4.37E+02 7.28E+02 1.46E+03 2.91E+03 4.37E+03
 1.00E-74 1.00E-74 1.57E-34 4.64E-22 6.74E-16 2.66E-12 3.57E-11 7.97E-11
 1.16E-10 1.64E-10 2.10E-10 2.40E-10 2.44E-10 2.39E-10
 1.00E-74 1.00E-74 1.56E-34 4.63E-22 6.70E-16 2.63E-12 3.51E-11 7.82E-11
 1.14E-10 1.60E-10 2.04E-10 2.33E-10 2.37E-10 2.33E-10
 1.00E-74 1.00E-74 1.56E-34 4.56E-22 6.41E-16 2.42E-12 3.18E-11 7.01E-11
 1.01E-10 1.42E-10 1.80E-10 2.05E-10 2.09E-10 2.06E-10
 1.00E-74 1.00E-74 1.50E-34 4.21E-22 5.62E-16 2.08E-12 2.75E-11 6.12E-11
 8.89E-11 1.25E-10 1.60E-10 1.81E-10 1.84E-10 1.79E-10
 1.00E-74 1.00E-74 1.39E-34 3.82E-22 5.26E-16 1.99E-12 2.65E-11 5.93E-11
 8.64E-11 1.22E-10 1.56E-10 1.77E-10 1.79E-10 1.74E-10
 1.00E-74 1.00E-74 1.35E-34 3.74E-22 5.22E-16 1.98E-12 2.64E-11 5.90E-11
 8.60E-11 1.22E-10 1.55E-10 1.76E-10 1.78E-10 1.73E-10
 1.00E-74 1.00E-74 1.36E-34 3.76E-22 5.22E-16 1.97E-12 2.62E-11 5.86E-11
 8.54E-11 1.21E-10 1.54E-10 1.75E-10 1.76E-10 1.72E-10
  29.4833    7  14 /pl=01:ss=12:pb= 1:sz=12/type=excit/ispb = t/isel =   21
 1.00E+10 1.00E+11 1.00E+12 1.00E+13 1.00E+14 1.00E+15 1.00E+16
 2.91E+00 4.37E+00 7.28E+00 1.46E+01 2.91E+01 7.28E+01 1.46E+02 2.18E+02
 2.91E+02 4.37E+02 7.28E+02 1.46E+03 2.91E+03 4.37E+03
 1.00E-74 1.00E-74 7.54E-36 1.85E-23 2.46E-17 9.35E-14 1.27E-12 2.86E-12
 4.18E-12 5.94E-12 7.59E-12 8.66E-12 8.73E-12 8.50E-12
 1.00E-74 1.00E-74 7.56E-36 1.86E-23 2.48E-17 9.48E-14 1.29E-12 2.90E-12
 4.25E-12 6.05E-12 7.73E-12 8.82E-12 8.88E-12 8.63E-12
 1.00E-74 1.00E-74 7.76E-36 1.93E-23 2.65E-17 1.03E-13 1.40E-12 3.17E-12
 4.65E-12 6.63E-12 8.47E-12 9.66E-12 9.74E-12 9.46E-12
 1.00E-74 1.00E-74 9.19E-36 2.29E-23 3.13E-17 1.17E-13 1.56E-12 3.47E-12
 5.06E-12 7.15E-12 9.11E-12 1.04E-11 1.06E-11 1.03E-11
 1.00E-74 1.00E-74 1.23E-35 2.69E-23 3.34E-17 1.21E-13 1.59E-12 3.54E-12
 5.14E-12 7.25E-12 9.23E-12 1.05E-11 1.07E-11 1.05E-11
 1.00E-74 1.00E-74 1.35E-35 2.78E-23 3.38E-17 1.22E-13 1.60E-12 3.55E-12
 5.15E-12 7.26E-12 9.23E-12 1.05E-11 1.07E-11 1.05E-11
 1.00E-74 1.00E-74 1.40E-35 2.84E-23 3.42E-17 1.22E-13 1.61E-12 3.56E-12
 5.17E-12 7.28E-12 9.24E-12 1.05E-11 1.07E-11 1.04E-11
  29.4877    7  14 /pl=01:ss=12:pb= 1:sz=12/type=excit/ispb = t/isel =   22
 1.00E+10 1.00E+11 1.00E+12 1.00E+13 1.00E+14 1.00E+15 1.00E+16
 2.91E+00 4.37E+00 7.28E+00 1.46E+01 2.91E+01 7.28E+01 1.46E+02 2.18E+02
 2.91E+02 4.37E+02 7.28E+02 1.46E+03 2.91E+03 4.37E+03
 1.00E-74 1.00E-74 6.39E-36 1.57E-23 2.08E-17 8.19E-14 1.18E-12 2.74E-12
 4.09E-12 5.91E-12 7.62E-12 8.68E-12 8.68E-12 8.36E-12
 1.00E-74 1.00E-74 6.40E-36 1.57E-23 2.09E-17 8.22E-14 1.18E-12 2.75E-12
 4.10E-12 5.94E-12 7.65E-12 8.71E-12 8.70E-12 8.37E-12
 1.00E-74 1.00E-74 6.50E-36 1.60E-23 2.15E-17 8.49E-14 1.22E-12 2.83E-12
 4.22E-12 6.11E-12 7.88E-12 8.97E-12 8.95E-12 8.61E-12
 1.00E-74 1.00E-74 7.21E-36 1.75E-23 2.32E-17 8.93E-14 1.27E-12 2.92E-12
 4.35E-12 6.27E-12 8.08E-12 9.20E-12 9.19E-12 8.86E-12
 1.00E-74 1.00E-74 8.77E-36 1.93E-23 2.40E-17 9.06E-14 1.28E-12 2.94E-12
 4.38E-12 6.31E-12 8.12E-12 9.24E-12 9.24E-12 8.91E-12
 1.00E-74 1.00E-74 9.51E-36 1.99E-23 2.44E-17 9.15E-14 1.29E-12 2.97E-12
 4.41E-12 6.35E-12 8.16E-12 9.28E-12 9.26E-12 8.93E-12
 1.00E-74 1.00E-74 1.10E-35 2.23E-23 2.66E-17 9.78E-14 1.37E-12 3.14E-12
 4.65E-12 6.66E-12 8.50E-12 9.57E-12 9.47E-12 9.10E-12
  29.6000    7  14 /pl=01:ss=12:pb= 1:sz=12/type=excit/ispb = t/isel =   23
 1.00E+10 1.00E+11 1.00E+12 1.00E+13 1.00E+14 1.00E+15 1.00E+16
 2.91E+00 4.37E+00 7.28E+00 1.46E+01 2.91E+01 7.28E+01 1.46E+02 2.18E+02
 2.91E+02 4.37E+02 7.28E+02 1.46E+03 2.91E+03 4.37E+03
 1.00E-74 1.00E-74 9.51E-39 6.43E-25 4.46E-18 4.43E-14 7.92E-13 1.91E-12
 2.86E-12 4.07E-12 4.97E-12 5.09E-12 4.44E-12 3.93E-12
 1.00E-74 1.00E-74 9.51E-39 6.42E-25 4.43E-18 4.38E-14 7.79E-13 1.88E-12
 2.80E-12 3.97E-12 4.85E-12 4.95E-12 4.33E-12 3.83E-12
 1.00E-74 1.00E-74 9.47E-39 6.33E-25 4.26E-18 4.05E-14 7.10E-13 1.70E-12
 2.52E-12 3.55E-12 4.32E-12 4.41E-12 3.87E-12 3.43E-12
 1.00E-74 1.00E-74 9.20E-39 5.88E-25 3.76E-18 3.52E-14 6.20E-13 1.49E-12
 2.23E-12 3.17E-12 3.87E-12 3.95E-12 3.44E-12 3.04E-12
 1.00E-74 1.00E-74 8.63E-39 5.40E-25 3.55E-18 3.38E-14 6.00E-13 1.45E-12
 2.17E-12 3.10E-12 3.79E-12 3.86E-12 3.36E-12 2.96E-12
 1.00E-74 1.00E-74 8.76E-39 5.45E-25 3.59E-18 3.41E-14 6.04E-13 1.46E-12
 2.19E-12 3.12E-12 3.81E-12 3.88E-12 3.37E-12 2.97E-12
 1.00E-74 1.00E-74 1.22E-38 6.99E-25 4.32E-18 3.88E-14 6.68E-13 1.60E-12
 2.38E-12 3.37E-12 4.09E-12 4.16E-12 3.60E-12 3.17E-12
  29.7336    7  14 /pl=01:ss=12:pb= 1:sz=12/type=excit/ispb = t/isel =   24
 1.00E+10 1.00E+11 1.00E+12 1.00E+13 1.00E+14 1.00E+15 1.00E+16
 2.91E+00 4.37E+00 7.28E+00 1.46E+01 2.91E+01 7.28E+01 1.46E+02 2.18E+02
 2.91E+02 4.37E+02 7.28E+02 1.46E+03 2.91E+03 4.37E+03
 1.00E-74 1.00E-74 2.28E-36 7.48E-24 1.14E-17 4.66E-14 6.35E-13 1.42E-12
 2.08E-12 2.95E-12 3.75E-12 4.30E-12 4.38E-12 4.28E-12
 1.00E-74 1.00E-74 2.28E-36 7.47E-24 1.13E-17 4.60E-14 6.24E-13 1.40E-12
 2.03E-12 2.88E-12 3.66E-12 4.18E-12 4.26E-12 4.17E-12
 1.00E-74 1.00E-74 2.27E-36 7.37E-24 1.09E-17 4.25E-14 5.68E-13 1.26E-12
 1.82E-12 2.56E-12 3.25E-12 3.71E-12 3.79E-12 3.71E-12
 1.00E-74 1.00E-74 2.21E-36 6.83E-24 9.60E-18 3.69E-14 4.95E-13 1.10E-12
 1.61E-12 2.28E-12 2.89E-12 3.30E-12 3.34E-12 3.25E-12
 1.00E-74 1.00E-74 2.06E-36 6.25E-24 9.03E-18 3.54E-14 4.77E-13 1.07E-12
 1.57E-12 2.22E-12 2.83E-12 3.22E-12 3.25E-12 3.16E-12
 1.00E-74 1.00E-74 2.01E-36 6.13E-24 8.95E-18 3.52E-14 4.75E-13 1.07E-12
 1.56E-12 2.22E-12 2.82E-12 3.21E-12 3.24E-12 3.15E-12
 1.00E-74 1.00E-74 2.04E-36 6.18E-24 8.98E-18 3.51E-14 4.74E-13 1.06E-12
 1.55E-12 2.20E-12 2.80E-12 3.18E-12 3.22E-12 3.13E-12
  29.8374    7  14 /pl=01:ss=12:pb= 1:sz=12/type=excit/ispb = t/isel =   25
 1.00E+10 1.00E+11 1.00E+12 1.00E+13 1.00E+14 1.00E+15 1.00E+16
 2.91E+00 4.37E+00 7.28E+00 1.46E+01 2.91E+01 7.28E+01 1.46E+02 2.18E+02
 2.91E+02 4.37E+02 7.28E+02 1.46E+03 2.91E+03 4.37E+03
 1.00E-74 1.00E-74 3.04E-36 9.02E-24 1.31E-17 5.17E-14 6.95E-13 1.55E-12
 2.26E-12 3.19E-12 4.07E-12 4.66E-12 4.74E-12 4.64E-12
 1.00E-74 1.00E-74 3.04E-36 9.00E-24 1.30E-17 5.11E-14 6.83E-13 1.52E-12
 2.21E-12 3.11E-12 3.96E-12 4.53E-12 4.61E-12 4.52E-12
 1.00E-74 1.00E-74 3.03E-36 8.87E-24 1.25E-17 4.70E-14 6.18E-13 1.36E-12
 1.97E-12 2.76E-12 3.50E-12 3.99E-12 4.07E-12 4.00E-12
 1.00E-74 1.00E-74 2.92E-36 8.18E-24 1.09E-17 4.05E-14 5.35E-13 1.19E-12
 1.73E-12 2.44E-12 3.10E-12 3.53E-12 3.57E-12 3.49E-12
 1.00E-74 1.00E-74 2.70E-36 7.43E-24 1.02E-17 3.87E-14 5.15E-13 1.15E-12
 1.68E-12 2.38E-12 3.03E-12 3.44E-12 3.47E-12 3.38E-12
 1.00E-74 1.00E-74 2.62E-36 7.27E-24 1.01E-17 3.85E-14 5.13E-13 1.15E-12
 1.67E-12 2.37E-12 3.02E-12 3.43E-12 3.46E-12 3.37E-12
 1.00E-74 1.00E-74 2.65E-36 7.31E-24 1.01E-17 3.84E-14 5.10E-13 1.14E-12
 1.66E-12 2.35E-12 2.99E-12 3.40E-12 3.43E-12 3.34E-12
  29.9772    7  14 /pl=01:ss=12:pb= 1:sz=12/type=excit/ispb = t/isel =   26
 1.00E+10 1.00E+11 1.00E+12 1.00E+13 1.00E+14 1.00E+15 1.00E+16
 2.91E+00 4.37E+00 7.28E+00 1.46E+01 2.91E+01 7.28E+01 1.46E+02 2.18E+02
 2.91E+02 4.37E+02 7.28E+02 1.46E+03 2.91E+03 4.37E+03
 1.00E-74 1.00E-74 1.35E-39 3.07E-25 3.90E-18 5.58E-14 1.13E-12 2.83E-12
 4.31E-12 6.26E-12 7.79E-12 8.05E-12 7.07E-12 6.27E-12
 1.00E-74 1.00E-74 1.34E-39 3.06E-25 3.88E-18 5.52E-14 1.11E-12 2.78E-12
 4.23E-12 6.12E-12 7.59E-12 7.84E-12 6.89E-12 6.12E-12
 1.00E-74 1.00E-74 1.34E-39 3.02E-25 3.73E-18 5.12E-14 1.01E-12 2.52E-12
 3.81E-12 5.49E-12 6.78E-12 6.99E-12 6.16E-12 5.48E-12
 1.00E-74 1.00E-74 1.31E-39 2.83E-25 3.33E-18 4.50E-14 8.91E-13 2.23E-12
 3.39E-12 4.91E-12 6.09E-12 6.26E-12 5.48E-12 4.85E-12
 1.00E-74 1.00E-74 1.24E-39 2.62E-25 3.15E-18 4.32E-14 8.63E-13 2.17E-12
 3.31E-12 4.80E-12 5.96E-12 6.13E-12 5.35E-12 4.72E-12
 1.00E-74 1.00E-74 1.22E-39 2.58E-25 3.13E-18 4.30E-14 8.59E-13 2.16E-12
 3.30E-12 4.79E-12 5.94E-12 6.11E-12 5.33E-12 4.70E-12
 1.00E-74 1.00E-74 1.25E-39 2.62E-25 3.16E-18 4.31E-14 8.58E-13 2.15E-12
 3.28E-12 4.76E-12 5.91E-12 6.08E-12 5.31E-12 4.68E-12
  30.0337    7  14 /pl=01:ss=12:pb= 1:sz=12/type=excit/ispb = t/isel =   27
 1.00E+10 1.00E+11 1.00E+12 1.00E+13 1.00E+14 1.00E+15 1.00E+16
 2.91E+00 4.37E+00 7.28E+00 1.46E+01 2.91E+01 7.28E+01 1.46E+02 2.18E+02
 2.91E+02 4.37E+02 7.28E+02 1.46E+03 2.91E+03 4.37E+03
 1.00E-74 1.00E-74 8.45E-36 2.08E-23 2.76E-17 1.05E-13 1.42E-12 3.20E-12
 4.68E-12 6.66E-12 8.50E-12 9.70E-12 9.78E-12 9.52E-12
 1.00E-74 1.00E-74 8.47E-36 2.09E-23 2.78E-17 1.06E-13 1.44E-12 3.25E-12
 4.77E-12 6.78E-12 8.66E-12 9.88E-12 9.95E-12 9.67E-12
 1.00E-74 1.00E-74 8.69E-36 2.16E-23 2.97E-17 1.16E-13 1.57E-12 3.55E-12
 5.21E-12 7.42E-12 9.49E-12 1.08E-11 1.09E-11 1.06E-11
 1.00E-74 1.00E-74 1.03E-35 2.56E-23 3.50E-17 1.31E-13 1.74E-12 3.89E-12
 5.67E-12 8.01E-12 1.02E-11 1.16E-11 1.18E-11 1.15E-11
 1.00E-74 1.00E-74 1.38E-35 3.01E-23 3.74E-17 1.36E-13 1.78E-12 3.96E-12
 5.76E-12 8.13E-12 1.03E-11 1.18E-11 1.20E-11 1.17E-11
 1.00E-74 1.00E-74 1.51E-35 3.11E-23 3.78E-17 1.36E-13 1.79E-12 3.97E-12
 5.77E-12 8.14E-12 1.03E-11 1.18E-11 1.20E-11 1.17E-11
 1.00E-74 1.00E-74 1.57E-35 3.18E-23 3.83E-17 1.37E-13 1.80E-12 3.99E-12
 5.79E-12 8.16E-12 1.04E-11 1.18E-11 1.20E-11 1.17E-11
  30.0382    7  14 /pl=01:ss=12:pb= 1:sz=12/type=excit/ispb = t/isel =   28
 1.00E+10 1.00E+11 1.00E+12 1.00E+13 1.00E+14 1.00E+15 1.00E+16
 2.91E+00 4.37E+00 7.28E+00 1.46E+01 2.91E+01 7.28E+01 1.46E+02 2.18E+02
 2.91E+02 4.37E+02 7.28E+02 1.46E+03 2.91E+03 4.37E+03
 1.00E-74 1.00E-74 4.65E-36 1.14E-23 1.51E-17 5.95E-14 8.57E-13 1.99E-12
 2.97E-12 4.30E-12 5.54E-12 6.31E-12 6.31E-12 6.08E-12
 1.00E-74 1.00E-74 4.65E-36 1.14E-23 1.52E-17 5.98E-14 8.60E-13 2.00E-12
 2.98E-12 4.32E-12 5.56E-12 6.34E-12 6.32E-12 6.09E-12
 1.00E-74 1.00E-74 4.72E-36 1.16E-23 1.56E-17 6.18E-14 8.86E-13 2.06E-12
 3.07E-12 4.44E-12 5.73E-12 6.52E-12 6.51E-12 6.26E-12
 1.00E-74 1.00E-74 5.24E-36 1.27E-23 1.69E-17 6.50E-14 9.20E-13 2.12E-12
 3.16E-12 4.56E-12 5.87E-12 6.69E-12 6.68E-12 6.44E-12
 1.00E-74 1.00E-74 6.38E-36 1.40E-23 1.75E-17 6.59E-14 9.29E-13 2.14E-12
 3.18E-12 4.59E-12 5.90E-12 6.72E-12 6.72E-12 6.48E-12
 1.00E-74 1.00E-74 6.91E-36 1.45E-23 1.77E-17 6.66E-14 9.37E-13 2.16E-12
 3.20E-12 4.61E-12 5.93E-12 6.74E-12 6.73E-12 6.49E-12
 1.00E-74 1.00E-74 8.01E-36 1.62E-23 1.93E-17 7.11E-14 9.95E-13 2.28E-12
 3.38E-12 4.84E-12 6.18E-12 6.96E-12 6.89E-12 6.61E-12
  30.4221    7  14 /pl=01:ss=12:pb= 1:sz=12/type=excit/ispb = t/isel =   29
 1.00E+10 1.00E+11 1.00E+12 1.00E+13 1.00E+14 1.00E+15 1.00E+16
 2.91E+00 4.37E+00 7.28E+00 1.46E+01 2.91E+01 7.28E+01 1.46E+02 2.18E+02
 2.91E+02 4.37E+02 7.28E+02 1.46E+03 2.91E+03 4.37E+03
 1.00E-74 1.00E-74 1.01E-37 3.13E-24 1.48E-17 1.16E-13 1.92E-12 4.52E-12
 6.65E-12 9.33E-12 1.13E-11 1.14E-11 9.86E-12 8.73E-12
 1.00E-74 1.00E-74 1.01E-37 3.13E-24 1.47E-17 1.15E-13 1.88E-12 4.43E-12
 6.50E-12 9.09E-12 1.09E-11 1.11E-11 9.58E-12 8.49E-12
 1.00E-74 1.00E-74 1.00E-37 3.08E-24 1.40E-17 1.05E-13 1.70E-12 3.96E-12
 5.77E-12 8.03E-12 9.61E-12 9.73E-12 8.42E-12 7.48E-12
 1.00E-74 1.00E-74 9.65E-38 2.83E-24 1.22E-17 9.03E-14 1.46E-12 3.43E-12
 5.03E-12 7.05E-12 8.47E-12 8.55E-12 7.34E-12 6.48E-12
 1.00E-74 1.00E-74 8.83E-38 2.55E-24 1.14E-17 8.62E-14 1.41E-12 3.32E-12
 4.89E-12 6.86E-12 8.27E-12 8.34E-12 7.13E-12 6.28E-12
 1.00E-74 1.00E-74 8.57E-38 2.50E-24 1.13E-17 8.57E-14 1.40E-12 3.30E-12
 4.87E-12 6.84E-12 8.24E-12 8.30E-12 7.10E-12 6.25E-12
 1.00E-74 1.00E-74 8.79E-38 2.54E-24 1.14E-17 8.58E-14 1.40E-12 3.29E-12
 4.85E-12 6.80E-12 8.19E-12 8.26E-12 7.07E-12 6.23E-12
  30.7193    7  14 /pl=01:ss=12:pb= 1:sz=12/type=excit/ispb = t/isel =   30
 1.00E+10 1.00E+11 1.00E+12 1.00E+13 1.00E+14 1.00E+15 1.00E+16
 2.91E+00 4.37E+00 7.28E+00 1.46E+01 2.91E+01 7.28E+01 1.46E+02 2.18E+02
 2.91E+02 4.37E+02 7.28E+02 1.46E+03 2.91E+03 4.37E+03
 1.00E-74 1.00E-74 6.17E-37 1.46E-23 5.98E-17 4.34E-13 6.99E-12 1.63E-11
 2.39E-11 3.34E-11 4.01E-11 4.05E-11 3.50E-11 3.09E-11
 1.00E-74 1.00E-74 6.17E-37 1.46E-23 5.95E-17 4.28E-13 6.86E-12 1.59E-11
 2.33E-11 3.25E-11 3.90E-11 3.93E-11 3.40E-11 3.00E-11
 1.00E-74 1.00E-74 6.14E-37 1.44E-23 5.68E-17 3.93E-13 6.19E-12 1.42E-11
 2.07E-11 2.87E-11 3.42E-11 3.45E-11 2.99E-11 2.65E-11
 1.00E-74 1.00E-74 5.91E-37 1.32E-23 4.95E-17 3.37E-13 5.32E-12 1.23E-11
 1.81E-11 2.52E-11 3.02E-11 3.03E-11 2.60E-11 2.29E-11
 1.00E-74 1.00E-74 5.40E-37 1.19E-23 4.62E-17 3.21E-13 5.12E-12 1.19E-11
 1.76E-11 2.45E-11 2.94E-11 2.95E-11 2.53E-11 2.22E-11
 1.00E-74 1.00E-74 5.24E-37 1.17E-23 4.58E-17 3.19E-13 5.09E-12 1.19E-11
 1.75E-11 2.45E-11 2.93E-11 2.94E-11 2.52E-11 2.21E-11
 1.00E-74 1.00E-74 5.35E-37 1.18E-23 4.61E-17 3.19E-13 5.08E-12 1.18E-11
 1.74E-11 2.43E-11 2.91E-11 2.92E-11 2.51E-11 2.20E-11
  31.0032    7  14 /pl=01:ss=12:pb= 1:sz=12/type=excit/ispb = t/isel =   31
 1.00E+10 1.00E+11 1.00E+12 1.00E+13 1.00E+14 1.00E+15 1.00E+16
 2.91E+00 4.37E+00 7.28E+00 1.46E+01 2.91E+01 7.28E+01 1.46E+02 2.18E+02
 2.91E+02 4.37E+02 7.28E+02 1.46E+03 2.91E+03 4.37E+03
 1.00E-74 1.00E-74 1.70E-37 5.27E-24 2.49E-17 1.96E-13 3.23E-12 7.61E-12
 1.12E-11 1.57E-11 1.90E-11 1.92E-11 1.66E-11 1.47E-11
 1.00E-74 1.00E-74 1.70E-37 5.26E-24 2.47E-17 1.93E-13 3.17E-12 7.45E-12
 1.09E-11 1.53E-11 1.84E-11 1.87E-11 1.61E-11 1.43E-11
 1.00E-74 1.00E-74 1.69E-37 5.18E-24 2.36E-17 1.77E-13 2.86E-12 6.66E-12
 9.72E-12 1.35E-11 1.62E-11 1.64E-11 1.42E-11 1.26E-11
 1.00E-74 1.00E-74 1.62E-37 4.76E-24 2.06E-17 1.52E-13 2.46E-12 5.77E-12
 8.47E-12 1.19E-11 1.43E-11 1.44E-11 1.23E-11 1.09E-11
 1.00E-74 1.00E-74 1.49E-37 4.29E-24 1.92E-17 1.45E-13 2.37E-12 5.58E-12
 8.22E-12 1.16E-11 1.39E-11 1.40E-11 1.20E-11 1.06E-11
 1.00E-74 1.00E-74 1.44E-37 4.20E-24 1.90E-17 1.44E-13 2.36E-12 5.56E-12
 8.19E-12 1.15E-11 1.39E-11 1.40E-11 1.20E-11 1.05E-11
 1.00E-74 1.00E-74 1.48E-37 4.27E-24 1.92E-17 1.44E-13 2.35E-12 5.54E-12
 8.16E-12 1.15E-11 1.38E-11 1.39E-11 1.19E-11 1.05E-11
  31.5142    7  14 /pl=01:ss=12:pb= 1:sz=12/type=excit/ispb = t/isel =   32
 1.00E+10 1.00E+11 1.00E+12 1.00E+13 1.00E+14 1.00E+15 1.00E+16
 2.91E+00 4.37E+00 7.28E+00 1.46E+01 2.91E+01 7.28E+01 1.46E+02 2.18E+02
 2.91E+02 4.37E+02 7.28E+02 1.46E+03 2.91E+03 4.37E+03
 1.00E-74 1.00E-74 2.15E-37 4.29E-24 1.61E-17 1.11E-13 1.75E-12 4.05E-12
 5.94E-12 8.25E-12 9.92E-12 9.99E-12 8.60E-12 7.63E-12
 1.00E-74 1.00E-74 2.15E-37 4.28E-24 1.60E-17 1.09E-13 1.72E-12 3.97E-12
 5.80E-12 8.04E-12 9.65E-12 9.70E-12 8.36E-12 7.42E-12
 1.00E-74 1.00E-74 2.14E-37 4.21E-24 1.53E-17 1.00E-13 1.55E-12 3.55E-12
 5.16E-12 7.10E-12 8.48E-12 8.51E-12 7.34E-12 6.54E-12
 1.00E-74 1.00E-74 2.06E-37 3.87E-24 1.33E-17 8.60E-14 1.34E-12 3.08E-12
 4.50E-12 6.24E-12 7.47E-12 7.48E-12 6.40E-12 5.66E-12
 1.00E-74 1.00E-74 1.89E-37 3.49E-24 1.24E-17 8.21E-14 1.29E-12 2.98E-12
 4.37E-12 6.07E-12 7.29E-12 7.29E-12 6.22E-12 5.49E-12
 1.00E-74 1.00E-74 1.83E-37 3.42E-24 1.23E-17 8.16E-14 1.28E-12 2.97E-12
 4.35E-12 6.05E-12 7.27E-12 7.27E-12 6.20E-12 5.47E-12
 1.00E-74 1.00E-74 1.87E-37 3.47E-24 1.24E-17 8.17E-14 1.28E-12 2.96E-12
 4.34E-12 6.03E-12 7.24E-12 7.25E-12 6.20E-12 5.47E-12
  31.7778    7  14 /pl=01:ss=12:pb= 1:sz=12/type=excit/ispb = t/isel =   33
 1.00E+10 1.00E+11 1.00E+12 1.00E+13 1.00E+14 1.00E+15 1.00E+16
 2.91E+00 4.37E+00 7.28E+00 1.46E+01 2.91E+01 7.28E+01 1.46E+02 2.18E+02
 2.91E+02 4.37E+02 7.28E+02 1.46E+03 2.91E+03 4.37E+03
 1.00E-74 1.00E-74 8.19E-34 3.71E-22 2.41E-16 6.63E-13 8.89E-12 2.04E-11
 3.01E-11 4.30E-11 5.39E-11 5.86E-11 5.55E-11 5.19E-11
 1.00E-74 1.00E-74 8.18E-34 3.71E-22 2.40E-16 6.56E-13 8.77E-12 2.01E-11
 2.96E-11 4.21E-11 5.28E-11 5.73E-11 5.43E-11 5.09E-11
 1.00E-74 1.00E-74 8.16E-34 3.66E-22 2.31E-16 6.14E-13 8.12E-12 1.85E-11
 2.72E-11 3.85E-11 4.82E-11 5.22E-11 4.96E-11 4.65E-11
 1.00E-74 1.00E-74 7.96E-34 3.44E-22 2.08E-16 5.46E-13 7.27E-12 1.67E-11
 2.47E-11 3.52E-11 4.42E-11 4.79E-11 4.52E-11 4.22E-11
 1.00E-74 1.00E-74 7.54E-34 3.20E-22 1.98E-16 5.27E-13 7.07E-12 1.63E-11
 2.42E-11 3.46E-11 4.35E-11 4.71E-11 4.44E-11 4.13E-11
 1.00E-74 5.11E-49 7.39E-34 3.15E-22 1.96E-16 5.24E-13 7.03E-12 1.62E-11
 2.40E-11 3.44E-11 4.33E-11 4.68E-11 4.42E-11 4.11E-11
 1.00E-74 2.55E-49 7.46E-34 3.16E-22 1.95E-16 5.13E-13 6.85E-12 1.58E-11
 2.34E-11 3.35E-11 4.22E-11 4.58E-11 4.33E-11 4.04E-11
  32.1896    7  14 /pl=01:ss=12:pb= 1:sz=12/type=excit/ispb = t/isel =   34
 1.00E+10 1.00E+11 1.00E+12 1.00E+13 1.00E+14 1.00E+15 1.00E+16
 2.91E+00 4.37E+00 7.28E+00 1.46E+01 2.91E+01 7.28E+01 1.46E+02 2.18E+02
 2.91E+02 4.37E+02 7.28E+02 1.46E+03 2.91E+03 4.37E+03
 1.00E-74 1.00E-74 1.28E-35 8.62E-24 6.76E-18 2.58E-14 4.64E-13 1.20E-12
 1.89E-12 2.87E-12 3.75E-12 4.13E-12 3.87E-12 3.57E-12
 1.00E-74 1.00E-74 1.39E-35 9.47E-24 7.96E-18 3.16E-14 5.56E-13 1.44E-12
 2.28E-12 3.47E-12 4.56E-12 5.03E-12 4.69E-12 4.31E-12
 1.00E-74 1.00E-74 2.10E-35 1.51E-23 1.62E-17 6.66E-14 1.06E-12 2.65E-12
 4.10E-12 6.13E-12 7.93E-12 8.66E-12 8.04E-12 7.38E-12
 1.00E-74 1.00E-74 7.05E-35 4.45E-23 3.87E-17 1.23E-13 1.72E-12 4.00E-12
 5.96E-12 8.56E-12 1.08E-11 1.18E-11 1.12E-11 1.04E-11
 1.00E-74 1.00E-74 1.79E-34 7.69E-23 4.88E-17 1.38E-13 1.88E-12 4.28E-12
 6.33E-12 9.02E-12 1.13E-11 1.24E-11 1.17E-11 1.10E-11
 1.00E-74 1.00E-74 2.18E-34 8.39E-23 5.03E-17 1.40E-13 1.89E-12 4.31E-12
 6.37E-12 9.06E-12 1.14E-11 1.24E-11 1.18E-11 1.11E-11
 1.00E-74 7.04E-50 2.27E-34 8.69E-23 5.13E-17 1.41E-13 1.89E-12 4.30E-12
 6.34E-12 9.02E-12 1.13E-11 1.23E-11 1.17E-11 1.10E-11
  34.5139    7  14 /pl=01:ss=12:pb= 1:sz=12/type=excit/ispb = t/isel =   35
 1.00E+10 1.00E+11 1.00E+12 1.00E+13 1.00E+14 1.00E+15 1.00E+16
 2.91E+00 4.37E+00 7.28E+00 1.46E+01 2.91E+01 7.28E+01 1.46E+02 2.18E+02
 2.91E+02 4.37E+02 7.28E+02 1.46E+03 2.91E+03 4.37E+03
 1.00E-74 1.00E-74 1.27E-34 1.43E-22 1.28E-16 3.79E-13 4.64E-12 9.96E-12
 1.41E-11 1.90E-11 2.24E-11 2.24E-11 1.96E-11 1.74E-11
 1.00E-74 1.00E-74 1.27E-34 1.43E-22 1.27E-16 3.74E-13 4.56E-12 9.76E-12
 1.38E-11 1.85E-11 2.18E-11 2.18E-11 1.90E-11 1.70E-11
 1.00E-74 1.00E-74 1.26E-34 1.41E-22 1.22E-16 3.43E-13 4.12E-12 8.75E-12
 1.23E-11 1.64E-11 1.92E-11 1.92E-11 1.68E-11 1.50E-11
 1.00E-74 1.00E-74 1.22E-34 1.29E-22 1.06E-16 2.95E-13 3.56E-12 7.62E-12
 1.07E-11 1.45E-11 1.70E-11 1.70E-11 1.48E-11 1.31E-11
 1.00E-74 1.00E-74 1.12E-34 1.17E-22 9.94E-17 2.82E-13 3.42E-12 7.37E-12
 1.04E-11 1.41E-11 1.66E-11 1.66E-11 1.44E-11 1.27E-11
 1.00E-74 9.30E-51 1.08E-34 1.14E-22 9.80E-17 2.79E-13 3.39E-12 7.32E-12
 1.04E-11 1.40E-11 1.65E-11 1.65E-11 1.43E-11 1.27E-11
 1.00E-74 7.73E-51 1.02E-34 1.08E-22 9.34E-17 2.67E-13 3.26E-12 7.04E-12
 9.98E-12 1.35E-11 1.60E-11 1.60E-11 1.40E-11 1.24E-11
  35.2638    7  14 /pl=01:ss=12:pb= 1:sz=12/type=excit/ispb = t/isel =   36
 1.00E+10 1.00E+11 1.00E+12 1.00E+13 1.00E+14 1.00E+15 1.00E+16
 2.91E+00 4.37E+00 7.28E+00 1.46E+01 2.91E+01 7.28E+01 1.46E+02 2.18E+02
 2.91E+02 4.37E+02 7.28E+02 1.46E+03 2.91E+03 4.37E+03
 1.00E-74 1.00E-74 5.83E-35 6.56E-23 5.88E-17 1.74E-13 2.13E-12 4.57E-12
 6.45E-12 8.71E-12 1.03E-11 1.03E-11 8.97E-12 7.99E-12
 1.00E-74 1.00E-74 5.83E-35 6.55E-23 5.84E-17 1.71E-13 2.09E-12 4.48E-12
 6.31E-12 8.49E-12 1.00E-11 1.00E-11 8.73E-12 7.78E-12
 1.00E-74 1.00E-74 5.80E-35 6.45E-23 5.59E-17 1.58E-13 1.89E-12 4.01E-12
 5.62E-12 7.53E-12 8.83E-12 8.81E-12 7.72E-12 6.90E-12
 1.00E-74 1.00E-74 5.59E-35 5.94E-23 4.88E-17 1.35E-13 1.63E-12 3.49E-12
 4.93E-12 6.64E-12 7.82E-12 7.79E-12 6.77E-12 6.02E-12
 1.00E-74 1.00E-74 5.13E-35 5.37E-23 4.56E-17 1.29E-13 1.57E-12 3.38E-12
 4.78E-12 6.47E-12 7.63E-12 7.60E-12 6.59E-12 5.84E-12
 1.00E-74 4.27E-51 4.95E-35 5.22E-23 4.50E-17 1.28E-13 1.56E-12 3.36E-12
 4.75E-12 6.43E-12 7.59E-12 7.55E-12 6.55E-12 5.81E-12
 1.00E-74 3.55E-51 4.70E-35 4.97E-23 4.28E-17 1.22E-13 1.49E-12 3.23E-12
 4.58E-12 6.21E-12 7.35E-12 7.35E-12 6.40E-12 5.69E-12
  36.8722    7  14 /pl=01:ss=12:pb= 1:sz=12/type=excit/ispb = t/isel =   37
 1.00E+10 1.00E+11 1.00E+12 1.00E+13 1.00E+14 1.00E+15 1.00E+16
 2.91E+00 4.37E+00 7.28E+00 1.46E+01 2.91E+01 7.28E+01 1.46E+02 2.18E+02
 2.91E+02 4.37E+02 7.28E+02 1.46E+03 2.91E+03 4.37E+03
 1.00E-74 1.00E-74 6.83E-35 7.69E-23 6.89E-17 2.03E-13 2.49E-12 5.35E-12
 7.56E-12 1.02E-11 1.20E-11 1.20E-11 1.05E-11 9.36E-12
 1.00E-74 1.00E-74 6.82E-35 7.67E-23 6.84E-17 2.01E-13 2.45E-12 5.24E-12
 7.39E-12 9.95E-12 1.17E-11 1.17E-11 1.02E-11 9.12E-12
 1.00E-74 1.00E-74 6.79E-35 7.56E-23 6.54E-17 1.85E-13 2.21E-12 4.70E-12
 6.59E-12 8.81E-12 1.03E-11 1.03E-11 9.04E-12 8.08E-12
 1.00E-74 1.00E-74 6.55E-35 6.95E-23 5.72E-17 1.59E-13 1.91E-12 4.09E-12
 5.77E-12 7.78E-12 9.16E-12 9.12E-12 7.93E-12 7.04E-12
 1.00E-74 1.00E-74 6.01E-35 6.29E-23 5.34E-17 1.51E-13 1.84E-12 3.96E-12
 5.60E-12 7.58E-12 8.94E-12 8.90E-12 7.71E-12 6.84E-12
 1.00E-74 5.00E-51 5.79E-35 6.12E-23 5.27E-17 1.50E-13 1.82E-12 3.93E-12
 5.56E-12 7.53E-12 8.89E-12 8.85E-12 7.67E-12 6.80E-12
 1.00E-74 4.15E-51 5.50E-35 5.82E-23 5.02E-17 1.43E-13 1.75E-12 3.78E-12
 5.36E-12 7.27E-12 8.61E-12 8.61E-12 7.50E-12 6.67E-12
  85.7927    7  14 /pl=01:ss=12:pb= 1:sz=12/type=excit/ispb = t/isel =   38
 1.00E+10 1.00E+11 1.00E+12 1.00E+13 1.00E+14 1.00E+15 1.00E+16
 2.91E+00 4.37E+00 7.28E+00 1.46E+01 2.91E+01 7.28E+01 1.46E+02 2.18E+02
 2.91E+02 4.37E+02 7.28E+02 1.46E+03 2.91E+03 4.37E+03
 1.00E-74 1.00E-74 1.47E-42 9.20E-27 6.18E-19 2.47E-14 7.12E-13 2.02E-12
 3.27E-12 5.04E-12 6.57E-12 7.05E-12 6.34E-12 5.69E-12
 1.00E-74 1.00E-74 1.48E-42 9.18E-27 6.15E-19 2.44E-14 7.01E-13 1.98E-12
 3.21E-12 4.92E-12 6.40E-12 6.87E-12 6.18E-12 5.55E-12
 1.00E-74 1.00E-74 1.47E-42 9.06E-27 5.90E-19 2.26E-14 6.39E-13 1.79E-12
 2.88E-12 4.40E-12 5.70E-12 6.10E-12 5.50E-12 4.96E-12
 1.00E-74 1.00E-74 1.43E-42 8.43E-27 5.23E-19 1.97E-14 5.58E-13 1.58E-12
 2.55E-12 3.92E-12 5.09E-12 5.44E-12 4.87E-12 4.37E-12
 1.00E-74 1.00E-74 1.34E-42 7.74E-27 4.92E-19 1.89E-14 5.39E-13 1.53E-12
 2.48E-12 3.82E-12 4.98E-12 5.32E-12 4.75E-12 4.25E-12
 1.00E-74 1.00E-74 1.31E-42 7.59E-27 4.88E-19 1.87E-14 5.36E-13 1.52E-12
 2.47E-12 3.81E-12 4.96E-12 5.30E-12 4.73E-12 4.23E-12
 1.00E-74 1.00E-74 1.31E-42 7.52E-27 4.82E-19 1.85E-14 5.28E-13 1.50E-12
 2.44E-12 3.75E-12 4.89E-12 5.23E-12 4.68E-12 4.18E-12
  170.046    7  14 /pl=01:ss=12:pb= 1:sz=12/type=excit/ispb = t/isel =   39
 1.00E+10 1.00E+11 1.00E+12 1.00E+13 1.00E+14 1.00E+15 1.00E+16
 2.91E+00 4.37E+00 7.28E+00 1.46E+01 2.91E+01 7.28E+01 1.46E+02 2.18E+02
 2.91E+02 4.37E+02 7.28E+02 1.46E+03 2.91E+03 4.37E+03
 1.25E-19 4.30E-16 2.65E-13 2.82E-11 2.47E-10 7.40E-10 9.29E-10 9.49E-10
 9.36E-10 8.92E-10 8.12E-10 6.84E-10 5.59E-10 4.92E-10
 1.25E-19 4.30E-16 2.65E-13 2.81E-11 2.46E-10 7.30E-10 9.13E-10 9.30E-10
 9.14E-10 8.69E-10 7.90E-10 6.64E-10 5.44E-10 4.79E-10
 1.25E-19 4.29E-16 2.64E-13 2.77E-11 2.35E-10 6.70E-10 8.24E-10 8.31E-10
 8.12E-10 7.67E-10 6.94E-10 5.83E-10 4.78E-10 4.23E-10
 1.24E-19 4.20E-16 2.54E-13 2.54E-11 2.05E-10 5.74E-10 7.08E-10 7.20E-10
 7.08E-10 6.74E-10 6.12E-10 5.13E-10 4.17E-10 3.66E-10
 1.22E-19 4.02E-16 2.32E-13 2.29E-11 1.91E-10 5.47E-10 6.81E-10 6.96E-10
 6.87E-10 6.56E-10 5.97E-10 5.00E-10 4.05E-10 3.55E-10
 1.21E-19 3.95E-16 2.25E-13 2.24E-11 1.89E-10 5.43E-10 6.77E-10 6.93E-10
 6.84E-10 6.53E-10 5.94E-10 4.97E-10 4.04E-10 3.53E-10
 1.20E-19 3.93E-16 2.23E-13 2.22E-11 1.87E-10 5.38E-10 6.69E-10 6.85E-10
 6.76E-10 6.45E-10 5.87E-10 4.92E-10 3.99E-10 3.50E-10
  170.729    7  14 /pl=01:ss=12:pb= 1:sz=12/type=excit/ispb = t/isel =   40
 1.00E+10 1.00E+11 1.00E+12 1.00E+13 1.00E+14 1.00E+15 1.00E+16
 2.91E+00 4.37E+00 7.28E+00 1.46E+01 2.91E+01 7.28E+01 1.46E+02 2.18E+02
 2.91E+02 4.37E+02 7.28E+02 1.46E+03 2.91E+03 4.37E+03
 7.47E-23 5.86E-19 6.97E-16 1.28E-13 1.68E-12 6.68E-12 9.89E-12 1.18E-11
 1.31E-11 1.45E-11 1.52E-11 1.42E-11 1.20E-11 1.06E-11
 1.15E-22 8.90E-19 1.05E-15 2.09E-13 3.19E-12 1.44E-11 2.22E-11 2.65E-11
 2.93E-11 3.22E-11 3.30E-11 3.03E-11 2.54E-11 2.24E-11
 2.86E-22 2.11E-18 2.43E-15 5.80E-13 1.13E-11 5.60E-11 8.31E-11 9.34E-11
 9.82E-11 1.00E-10 9.66E-11 8.41E-11 6.87E-11 5.99E-11
 1.45E-21 1.05E-17 1.17E-14 2.45E-12 3.34E-11 1.23E-10 1.62E-10 1.68E-10
 1.68E-10 1.63E-10 1.51E-10 1.30E-10 1.08E-10 9.65E-11
 3.92E-21 2.94E-17 3.19E-14 4.51E-12 4.34E-11 1.41E-10 1.80E-10 1.84E-10
 1.82E-10 1.74E-10 1.61E-10 1.39E-10 1.16E-10 1.04E-10
 4.78E-21 3.63E-17 3.92E-14 4.94E-12 4.47E-11 1.43E-10 1.82E-10 1.86E-10
 1.83E-10 1.75E-10 1.61E-10 1.39E-10 1.17E-10 1.04E-10
 4.86E-21 3.71E-17 3.99E-14 4.97E-12 4.45E-11 1.42E-10 1.81E-10 1.84E-10
 1.82E-10 1.74E-10 1.60E-10 1.38E-10 1.16E-10 1.04E-10
  190.576    7  14 /pl=01:ss=12:pb= 1:sz=12/type=excit/ispb = t/isel =   41
 1.00E+10 1.00E+11 1.00E+12 1.00E+13 1.00E+14 1.00E+15 1.00E+16
 2.91E+00 4.37E+00 7.28E+00 1.46E+01 2.91E+01 7.28E+01 1.46E+02 2.18E+02
 2.91E+02 4.37E+02 7.28E+02 1.46E+03 2.91E+03 4.37E+03
 3.25E-21 1.10E-17 6.66E-15 7.11E-13 6.48E-12 2.05E-11 2.71E-11 2.92E-11
 3.02E-11 3.05E-11 2.94E-11 2.57E-11 2.11E-11 1.85E-11
 3.80E-21 1.26E-17 7.57E-15 8.75E-13 1.02E-11 4.15E-11 5.99E-11 6.80E-11
 7.24E-11 7.54E-11 7.34E-11 6.30E-11 4.96E-11 4.20E-11
 9.07E-21 2.82E-17 1.63E-14 2.39E-12 3.97E-11 1.77E-10 2.52E-10 2.78E-10
 2.88E-10 2.91E-10 2.76E-10 2.35E-10 1.88E-10 1.61E-10
 4.71E-20 1.43E-16 8.00E-14 1.05E-11 1.21E-10 3.96E-10 5.00E-10 5.13E-10
 5.09E-10 4.88E-10 4.49E-10 3.85E-10 3.17E-10 2.80E-10
 1.28E-19 4.02E-16 2.19E-13 1.94E-11 1.58E-10 4.56E-10 5.58E-10 5.63E-10
 5.53E-10 5.25E-10 4.81E-10 4.12E-10 3.42E-10 3.04E-10
 1.56E-19 4.97E-16 2.69E-13 2.13E-11 1.62E-10 4.63E-10 5.64E-10 5.68E-10
 5.57E-10 5.29E-10 4.84E-10 4.15E-10 3.45E-10 3.06E-10
 1.58E-19 5.07E-16 2.74E-13 2.14E-11 1.62E-10 4.59E-10 5.60E-10 5.64E-10
 5.53E-10 5.25E-10 4.81E-10 4.12E-10 3.43E-10 3.05E-10
  202.049    7  14 /pl=01:ss=12:pb= 1:sz=12/type=excit/ispb = t/isel =   42
 1.00E+10 1.00E+11 1.00E+12 1.00E+13 1.00E+14 1.00E+15 1.00E+16
 2.91E+00 4.37E+00 7.28E+00 1.46E+01 2.91E+01 7.28E+01 1.46E+02 2.18E+02
 2.91E+02 4.37E+02 7.28E+02 1.46E+03 2.91E+03 4.37E+03
 3.51E-23 2.75E-19 3.27E-16 6.00E-14 7.90E-13 3.14E-12 4.64E-12 5.52E-12
 6.14E-12 6.82E-12 7.13E-12 6.67E-12 5.64E-12 4.97E-12
 5.41E-23 4.18E-19 4.91E-16 9.82E-14 1.50E-12 6.76E-12 1.04E-11 1.24E-11
 1.38E-11 1.51E-11 1.55E-11 1.42E-11 1.19E-11 1.05E-11
 1.34E-22 9.91E-19 1.14E-15 2.72E-13 5.31E-12 2.63E-11 3.90E-11 4.38E-11
 4.61E-11 4.71E-11 4.53E-11 3.95E-11 3.22E-11 2.81E-11
 6.82E-22 4.93E-18 5.49E-15 1.15E-12 1.57E-11 5.75E-11 7.58E-11 7.89E-11
 7.88E-11 7.63E-11 7.07E-11 6.11E-11 5.09E-11 4.53E-11
 1.84E-21 1.38E-17 1.50E-14 2.12E-12 2.03E-11 6.61E-11 8.45E-11 8.64E-11
 8.54E-11 8.18E-11 7.53E-11 6.50E-11 5.44E-11 4.87E-11
 2.24E-21 1.70E-17 1.84E-14 2.32E-12 2.10E-11 6.70E-11 8.54E-11 8.71E-11
 8.60E-11 8.23E-11 7.57E-11 6.54E-11 5.48E-11 4.90E-11
 2.28E-21 1.74E-17 1.87E-14 2.33E-12 2.09E-11 6.65E-11 8.48E-11 8.65E-11
 8.55E-11 8.18E-11 7.53E-11 6.50E-11 5.45E-11 4.88E-11
  215.342    7  14 /pl=01:ss=12:pb= 1:sz=12/type=excit/ispb = t/isel =   43
 1.00E+10 1.00E+11 1.00E+12 1.00E+13 1.00E+14 1.00E+15 1.00E+16
 2.91E+00 4.37E+00 7.28E+00 1.46E+01 2.91E+01 7.28E+01 1.46E+02 2.18E+02
 2.91E+02 4.37E+02 7.28E+02 1.46E+03 2.91E+03 4.37E+03
 1.91E-17 1.13E-14 1.71E-12 6.38E-11 3.32E-10 7.30E-10 8.39E-10 8.37E-10
 8.22E-10 7.81E-10 7.10E-10 5.98E-10 4.86E-10 4.27E-10
 1.91E-17 1.13E-14 1.71E-12 6.37E-11 3.30E-10 7.20E-10 8.25E-10 8.20E-10
 8.04E-10 7.61E-10 6.90E-10 5.81E-10 4.73E-10 4.16E-10
 1.90E-17 1.13E-14 1.70E-12 6.27E-11 3.15E-10 6.61E-10 7.44E-10 7.33E-10
 7.14E-10 6.73E-10 6.08E-10 5.11E-10 4.17E-10 3.68E-10
 1.89E-17 1.11E-14 1.63E-12 5.76E-11 2.75E-10 5.66E-10 6.40E-10 6.36E-10
 6.24E-10 5.92E-10 5.37E-10 4.50E-10 3.64E-10 3.19E-10
 1.86E-17 1.06E-14 1.49E-12 5.19E-11 2.56E-10 5.40E-10 6.15E-10 6.15E-10
 6.05E-10 5.76E-10 5.24E-10 4.39E-10 3.54E-10 3.10E-10
 1.84E-17 1.04E-14 1.44E-12 5.07E-11 2.54E-10 5.36E-10 6.12E-10 6.12E-10
 6.02E-10 5.74E-10 5.21E-10 4.37E-10 3.53E-10 3.08E-10
 1.83E-17 1.03E-14 1.43E-12 5.02E-11 2.51E-10 5.30E-10 6.05E-10 6.04E-10
 5.95E-10 5.66E-10 5.15E-10 4.32E-10 3.49E-10 3.05E-10
  248.283    7  14 /pl=01:ss=12:pb= 1:sz=12/type=excit/ispb = t/isel =   44
 1.00E+10 1.00E+11 1.00E+12 1.00E+13 1.00E+14 1.00E+15 1.00E+16
 2.91E+00 4.37E+00 7.28E+00 1.46E+01 2.91E+01 7.28E+01 1.46E+02 2.18E+02
 2.91E+02 4.37E+02 7.28E+02 1.46E+03 2.91E+03 4.37E+03
 4.40E-16 1.09E-13 8.23E-12 1.82E-10 7.31E-10 1.39E-09 1.51E-09 1.49E-09
 1.45E-09 1.37E-09 1.23E-09 1.03E-09 8.35E-10 7.31E-10
 4.40E-16 1.09E-13 8.23E-12 1.81E-10 7.26E-10 1.37E-09 1.49E-09 1.46E-09
 1.42E-09 1.34E-09 1.20E-09 1.01E-09 8.14E-10 7.12E-10
 4.39E-16 1.09E-13 8.19E-12 1.79E-10 6.95E-10 1.26E-09 1.34E-09 1.31E-09
 1.27E-09 1.19E-09 1.07E-09 8.93E-10 7.24E-10 6.35E-10
 4.37E-16 1.07E-13 7.90E-12 1.65E-10 6.08E-10 1.08E-09 1.16E-09 1.14E-09
 1.11E-09 1.05E-09 9.50E-10 7.94E-10 6.39E-10 5.58E-10
 4.33E-16 1.03E-13 7.27E-12 1.49E-10 5.69E-10 1.03E-09 1.12E-09 1.11E-09
 1.08E-09 1.03E-09 9.29E-10 7.76E-10 6.23E-10 5.43E-10
 4.30E-16 1.02E-13 7.04E-12 1.46E-10 5.63E-10 1.03E-09 1.11E-09 1.10E-09
 1.08E-09 1.02E-09 9.25E-10 7.73E-10 6.21E-10 5.40E-10
 4.24E-16 1.00E-13 6.95E-12 1.44E-10 5.56E-10 1.01E-09 1.10E-09 1.09E-09
 1.06E-09 1.01E-09 9.12E-10 7.63E-10 6.14E-10 5.35E-10
  293.587    7  14 /pl=01:ss=12:pb= 1:sz=12/type=excit/ispb = t/isel =   45
 1.00E+10 1.00E+11 1.00E+12 1.00E+13 1.00E+14 1.00E+15 1.00E+16
 2.91E+00 4.37E+00 7.28E+00 1.46E+01 2.91E+01 7.28E+01 1.46E+02 2.18E+02
 2.91E+02 4.37E+02 7.28E+02 1.46E+03 2.91E+03 4.37E+03
 4.68E-18 1.17E-15 8.77E-14 1.94E-12 7.79E-12 1.48E-11 1.61E-11 1.59E-11
 1.55E-11 1.46E-11 1.32E-11 1.10E-11 8.90E-12 7.78E-12
 4.68E-18 1.17E-15 8.76E-14 1.93E-12 7.74E-12 1.46E-11 1.58E-11 1.56E-11
 1.51E-11 1.42E-11 1.28E-11 1.07E-11 8.67E-12 7.59E-12
 4.68E-18 1.16E-15 8.72E-14 1.90E-12 7.40E-12 1.34E-11 1.43E-11 1.40E-11
 1.35E-11 1.27E-11 1.14E-11 9.51E-12 7.71E-12 6.77E-12
 4.66E-18 1.14E-15 8.42E-14 1.75E-12 6.48E-12 1.15E-11 1.24E-11 1.22E-11
 1.19E-11 1.12E-11 1.01E-11 8.46E-12 6.81E-12 5.94E-12
 4.61E-18 1.10E-15 7.75E-14 1.59E-12 6.06E-12 1.10E-11 1.19E-11 1.18E-11
 1.15E-11 1.09E-11 9.90E-12 8.27E-12 6.64E-12 5.78E-12
 4.59E-18 1.08E-15 7.50E-14 1.55E-12 6.00E-12 1.09E-11 1.19E-11 1.17E-11
 1.15E-11 1.09E-11 9.85E-12 8.23E-12 6.61E-12 5.76E-12
 4.52E-18 1.07E-15 7.40E-14 1.53E-12 5.93E-12 1.08E-11 1.17E-11 1.16E-11
 1.13E-11 1.07E-11 9.72E-12 8.13E-12 6.54E-12 5.70E-12
  445.539    7  14 /pl=01:ss=12:pb= 1:sz=12/type=excit/ispb = t/isel =   46
 1.00E+10 1.00E+11 1.00E+12 1.00E+13 1.00E+14 1.00E+15 1.00E+16
 2.91E+00 4.37E+00 7.28E+00 1.46E+01 2.91E+01 7.28E+01 1.46E+02 2.18E+02
 2.91E+02 4.37E+02 7.28E+02 1.46E+03 2.91E+03 4.37E+03
 1.08E-15 2.13E-14 2.13E-13 1.04E-12 2.01E-12 2.52E-12 2.90E-12 3.52E-12
 4.07E-12 4.79E-12 5.29E-12 5.20E-12 4.58E-12 4.13E-12
 1.07E-15 2.13E-14 2.13E-13 1.04E-12 1.99E-12 2.49E-12 2.85E-12 3.45E-12
 3.98E-12 4.67E-12 5.15E-12 5.05E-12 4.45E-12 4.02E-12
 1.07E-15 2.12E-14 2.12E-13 1.03E-12 1.91E-12 2.29E-12 2.58E-12 3.08E-12
 3.54E-12 4.12E-12 4.52E-12 4.44E-12 3.92E-12 3.55E-12
 1.07E-15 2.08E-14 2.04E-13 9.44E-13 1.66E-12 1.96E-12 2.22E-12 2.68E-12
 3.09E-12 3.62E-12 3.99E-12 3.90E-12 3.41E-12 3.07E-12
 1.05E-15 2.00E-14 1.87E-13 8.53E-13 1.55E-12 1.87E-12 2.13E-12 2.58E-12
 2.99E-12 3.51E-12 3.87E-12 3.78E-12 3.30E-12 2.96E-12
 1.04E-15 1.95E-14 1.80E-13 8.30E-13 1.53E-12 1.85E-12 2.10E-12 2.51E-12
 2.87E-12 3.33E-12 3.64E-12 3.54E-12 3.11E-12 2.80E-12
 9.49E-16 1.81E-14 1.69E-13 7.91E-13 1.47E-12 1.78E-12 1.85E-12 2.00E-12
 2.13E-12 2.26E-12 2.31E-12 2.22E-12 2.01E-12 1.86E-12
  652.316    7  14 /pl=01:ss=12:pb= 1:sz=12/type=excit/ispb = t/isel =   47
 1.00E+10 1.00E+11 1.00E+12 1.00E+13 1.00E+14 1.00E+15 1.00E+16
 2.91E+00 4.37E+00 7.28E+00 1.46E+01 2.91E+01 7.28E+01 1.46E+02 2.18E+02
 2.91E+02 4.37E+02 7.28E+02 1.46E+03 2.91E+03 4.37E+03
 1.00E-74 1.00E-74 9.61E-35 1.08E-22 9.69E-17 2.86E-13 3.51E-12 7.53E-12
 1.06E-11 1.44E-11 1.70E-11 1.70E-11 1.48E-11 1.32E-11
 1.00E-74 1.00E-74 9.61E-35 1.08E-22 9.63E-17 2.83E-13 3.45E-12 7.38E-12
 1.04E-11 1.40E-11 1.65E-11 1.65E-11 1.44E-11 1.28E-11
 1.00E-74 1.00E-74 9.56E-35 1.06E-22 9.21E-17 2.60E-13 3.12E-12 6.62E-12
 9.27E-12 1.24E-11 1.46E-11 1.45E-11 1.27E-11 1.14E-11
 1.00E-74 1.00E-74 9.22E-35 9.79E-23 8.05E-17 2.23E-13 2.69E-12 5.76E-12
 8.12E-12 1.09E-11 1.29E-11 1.28E-11 1.12E-11 9.92E-12
 1.00E-74 1.00E-74 8.46E-35 8.85E-23 7.52E-17 2.13E-13 2.59E-12 5.57E-12
 7.89E-12 1.07E-11 1.26E-11 1.25E-11 1.09E-11 9.63E-12
 1.00E-74 7.03E-51 8.15E-35 8.61E-23 7.41E-17 2.11E-13 2.57E-12 5.53E-12
 7.83E-12 1.06E-11 1.25E-11 1.25E-11 1.08E-11 9.57E-12
 1.00E-74 5.85E-51 7.75E-35 8.20E-23 7.06E-17 2.02E-13 2.46E-12 5.32E-12
 7.55E-12 1.02E-11 1.21E-11 1.21E-11 1.06E-11 9.38E-12
  848.176    7  14 /pl=01:ss=12:pb= 1:sz=12/type=excit/ispb = t/isel =   48
 1.00E+10 1.00E+11 1.00E+12 1.00E+13 1.00E+14 1.00E+15 1.00E+16
 2.91E+00 4.37E+00 7.28E+00 1.46E+01 2.91E+01 7.28E+01 1.46E+02 2.18E+02
 2.91E+02 4.37E+02 7.28E+02 1.46E+03 2.91E+03 4.37E+03
 1.00E-74 1.00E-74 7.46E-35 6.24E-23 4.83E-17 1.43E-13 1.97E-12 4.57E-12
 6.81E-12 9.80E-12 1.24E-11 1.34E-11 1.26E-11 1.18E-11
 1.00E-74 1.00E-74 7.46E-35 6.23E-23 4.81E-17 1.41E-13 1.95E-12 4.51E-12
 6.72E-12 9.65E-12 1.22E-11 1.32E-11 1.24E-11 1.16E-11
 1.00E-74 1.00E-74 7.45E-35 6.17E-23 4.66E-17 1.34E-13 1.83E-12 4.22E-12
 6.28E-12 9.00E-12 1.13E-11 1.23E-11 1.17E-11 1.09E-11
 1.00E-74 1.00E-74 7.38E-35 5.89E-23 4.27E-17 1.21E-13 1.67E-12 3.90E-12
 5.83E-12 8.41E-12 1.06E-11 1.16E-11 1.09E-11 1.02E-11
 1.00E-74 1.10E-50 7.22E-35 5.56E-23 4.08E-17 1.17E-13 1.63E-12 3.82E-12
 5.73E-12 8.29E-12 1.05E-11 1.14E-11 1.08E-11 1.00E-11
 1.00E-74 7.56E-51 6.98E-35 5.36E-23 3.96E-17 1.14E-13 1.60E-12 3.75E-12
 5.63E-12 8.16E-12 1.03E-11 1.13E-11 1.07E-11 9.94E-12
 1.00E-74 6.03E-51 5.53E-35 4.29E-23 3.20E-17 9.46E-14 1.35E-12 3.21E-12
 4.85E-12 7.13E-12 9.19E-12 1.02E-11 9.85E-12 9.26E-12
  1101.39    7  14 /pl=01:ss=12:pb= 1:sz=12/type=excit/ispb = t/isel =   49
 1.00E+10 1.00E+11 1.00E+12 1.00E+13 1.00E+14 1.00E+15 1.00E+16
 2.91E+00 4.37E+00 7.28E+00 1.46E+01 2.91E+01 7.28E+01 1.46E+02 2.18E+02
 2.91E+02 4.37E+02 7.28E+02 1.46E+03 2.91E+03 4.37E+03
 1.61E-15 1.22E-14 5.88E-14 2.66E-13 9.58E-13 2.01E-12 2.77E-12 3.55E-12
 4.25E-12 5.28E-12 6.39E-12 7.33E-12 7.72E-12 7.74E-12
 5.85E-16 4.75E-15 2.50E-14 1.12E-13 3.02E-13 5.52E-13 7.35E-13 9.10E-13
 1.06E-12 1.28E-12 1.51E-12 1.74E-12 1.89E-12 1.95E-12
 1.69E-16 1.35E-15 7.19E-15 3.49E-14 1.02E-13 1.96E-13 2.47E-13 2.80E-13
 3.03E-13 3.31E-13 3.58E-13 3.79E-13 3.92E-13 3.95E-13
 8.75E-17 6.89E-16 3.57E-15 1.46E-14 2.90E-14 4.20E-14 4.69E-14 4.88E-14
 4.99E-14 5.13E-14 5.29E-14 5.48E-14 5.68E-14 5.78E-14
 2.37E-17 1.93E-16 9.79E-16 2.67E-15 3.75E-15 4.81E-15 5.21E-15 5.32E-15
 5.38E-15 5.47E-15 5.60E-15 5.79E-15 6.02E-15 6.14E-15
 2.88E-18 2.39E-17 1.20E-16 2.93E-16 3.86E-16 4.88E-16 5.26E-16 5.37E-16
 5.42E-16 5.51E-16 5.63E-16 5.82E-16 6.05E-16 6.17E-16
 2.95E-19 2.45E-18 1.23E-17 2.95E-17 3.86E-17 4.85E-17 5.23E-17 5.34E-17
 5.39E-17 5.48E-17 5.60E-17 5.79E-17 6.02E-17 6.15E-17
  1608.93    7  14 /pl=01:ss=12:pb= 1:sz=12/type=excit/ispb = t/isel =   50
 1.00E+10 1.00E+11 1.00E+12 1.00E+13 1.00E+14 1.00E+15 1.00E+16
 2.91E+00 4.37E+00 7.28E+00 1.46E+01 2.91E+01 7.28E+01 1.46E+02 2.18E+02
 2.91E+02 4.37E+02 7.28E+02 1.46E+03 2.91E+03 4.37E+03
 5.24E-13 1.10E-12 2.06E-12 6.09E-12 2.10E-11 4.74E-11 6.31E-11 7.47E-11
 8.37E-11 9.50E-11 1.03E-10 1.04E-10 9.71E-11 9.10E-11
 5.22E-13 1.10E-12 2.06E-12 6.06E-12 2.05E-11 4.53E-11 5.94E-11 6.94E-11
 7.71E-11 8.63E-11 9.32E-11 9.39E-11 8.80E-11 8.29E-11
 5.04E-13 1.07E-12 1.99E-12 5.62E-12 1.66E-11 3.07E-11 3.69E-11 4.04E-11
 4.28E-11 4.54E-11 4.74E-11 4.80E-11 4.68E-11 4.56E-11
 3.77E-13 8.13E-13 1.50E-12 3.24E-12 5.67E-12 7.29E-12 7.70E-12 7.80E-12
 7.86E-12 7.92E-12 8.01E-12 8.14E-12 8.24E-12 8.30E-12
 1.07E-13 2.40E-13 4.36E-13 6.19E-13 7.47E-13 8.45E-13 8.64E-13 8.60E-13
 8.57E-13 8.56E-13 8.60E-13 8.75E-13 8.92E-13 9.04E-13
 1.31E-14 2.99E-14 5.37E-14 6.80E-14 7.72E-14 8.58E-14 8.74E-14 8.68E-14
 8.65E-14 8.62E-14 8.66E-14 8.81E-14 8.99E-14 9.12E-14
 1.34E-15 3.06E-15 5.50E-15 6.86E-15 7.70E-15 8.52E-15 8.69E-15 8.63E-15
 8.60E-15 8.57E-15 8.61E-15 8.76E-15 8.95E-15 9.08E-15
c-------------------------------------------------------------------------------
 
C  root partition information
C  ==========================
C
C  nuclear charge : 18
C  ion charge+1   : 13
C
C  population calculation information
C  ----------------------------------
C
C  population processing code: adas810
C
C  adf04 source file    : adf04_copmm#18_ls_40#ar12.dat
C  adf18/a17_p208 file  : NULL
C
C  meta. ion. coeff. selector  : 
 
C  options  : lnorm =T  lpsel =F  lzsel =T  liosel=F
C           : lhsel =F  lrsel =F  lisel =F  lnsel =F
 
C  energy levels
C  -------------
C
C   lv      configuration    (2S+1)L(w-1/2)      energy (cm^-1)
C  ---   ------------------- --------------      --------------
c    1   22523                  (3)1(  4.0)             0.0
c    2   22523                  (1)2(  2.0)         62153.0
c    3   22523                  (1)0(  0.0)        152947.0
c    4   12533                  (5)0(  2.0)        224447.0
c    5   12533                  (3)2(  7.0)        402767.0
c    6   12533                  (3)1(  4.0)        464377.0
c    7   12533                  (1)2(  2.0)        586877.0
c    8   12533                  (3)0(  1.0)        588077.0
c    9   12533                  (1)1(  1.0)        647877.0
c   10   22513514               (3)1(  4.0)       3146847.0
c   11   22513514               (1)1(  1.0)       3168747.0
c   12   22513515               (1)1(  1.0)       3260947.0
c   13   22513515               (3)2(  7.0)       3264747.0
c   14   22513515               (3)0(  1.0)       3281247.0
c   15   22513515               (3)1(  4.0)       3300147.0
c   16   22513515               (1)2(  2.0)       3324447.0
c   17   22513515               (1)0(  0.0)       3357547.0
c   18   22513516               (3)3( 10.0)       3391247.0
c   19   22513516               (1)2(  2.0)       3391747.0
c   20   22513516               (3)2(  7.0)       3413647.0
c   21   22513516               (3)1(  4.0)       3425347.0
c   22   22513516               (1)1(  1.0)       3456047.0
c   23   22513516               (1)3(  3.0)       3457947.0
c   24   12523515               (3)0(  1.0)       3480447.0
c   25   12523515               (5)2( 12.0)       3484047.0
c   26   12523515               (5)1(  7.0)       3494347.0
c   27   12523515               (3)2(  7.0)       3525847.0
c   28   12523515               (5)0(  2.0)       3533747.0
c   29   12523515               (3)1(  4.0)       3543047.0
c   30   12523516               (5)3( 17.0)       3601547.0
c   31   12523516               (5)2( 12.0)       3615847.0
c   32   12523516               (5)1(  7.0)       3636147.0
c   33   12523516               (3)1(  4.0)       3637547.0
c   34   12523515               (3)3( 10.0)       3649647.0
c   35   12523516               (3)3( 10.0)       3658047.0
c   36   12523515               (1)3(  3.0)       3663147.0
c   37   12523515               (1)2(  2.0)       3666347.0
c   38   12523515               (3)2(  7.0)       3668247.0
c   39   12523515               (1)1(  1.0)       3681047.0
c   40   12523515               (3)1(  4.0)       3683547.0
c   41   12523516               (3)2(  7.0)       3689847.0
c   42   12523515               (3)1(  4.0)       3746147.0
c   43   12523515               (1)1(  1.0)       3753147.0
c   44   12523515               (1)0(  0.0)       3755247.0
c   45   12523516               (3)4( 13.0)       3772547.0
c   46   12523515               (3)2(  7.0)       3776947.0
c   47   12523516               (3)3( 10.0)       3781147.0
c   48   12523516               (3)2(  7.0)       3786347.0
c   49   12523515               (3)1(  4.0)       3789147.0
c   50   12523516               (1)3(  3.0)       3793647.0
c   51   12523516               (1)4(  4.0)       3802347.0
c   52   12523516               (3)1(  4.0)       3805147.0
c   53   12523515               (3)0(  1.0)       3809847.0
c   54   12523516               (3)0(  1.0)       3812147.0
c   55   12523516               (1)2(  2.0)       3814747.0
c   56   12523515               (1)2(  2.0)       3818947.0
c   57   12523516               (1)1(  1.0)       3825347.0
c   58   12523516               (1)0(  0.0)       3841047.0
c   59   12523515               (1)1(  1.0)       3842647.0
c   60   12523516               (3)2(  7.0)       3869947.0
c   61   12523516               (3)3( 10.0)       3894647.0
c   62   12523516               (1)2(  2.0)       3902047.0
c   63   12523516               (1)1(  1.0)       3903847.0
c   64   12523516               (3)2(  7.0)       3913847.0
c   65   12523516               (3)1(  4.0)       3923947.0
c   66   12523516               (1)3(  3.0)       3940847.0
c   67   12523516               (1)2(  2.0)       3965847.0
c   68   22513517               (3)1(  4.0)       4250247.0
c   69   22513517               (1)1(  1.0)       4263447.0
c   70   22513518               (3)0(  1.0)       4291147.0
c   71   22513518               (3)2(  7.0)       4297647.0
c   72   22513518               (1)1(  1.0)       4308147.0
c   73   22513518               (3)1(  4.0)       4312447.0
c   74   22513518               (1)2(  2.0)       4322747.0
c   75   22513518               (1)0(  0.0)       4334247.0
c   76   22513519               (3)3( 10.0)       4344247.0
c   77   22513519               (3)2(  7.0)       4349947.0
c   78   22513519               (1)2(  2.0)       4356447.0
c   79   22513519               (3)1(  4.0)       4363147.0
c   80   2251351A               (3)3( 10.0)       4371547.0
c   81   2251351A               (3)4( 13.0)       4371847.0
c   82   22513519               (1)3(  3.0)       4373347.0
c   83   22513519               (1)1(  1.0)       4373447.0
c   84   2251351A               (1)3(  3.0)       4382747.0
c   85   2251351A               (3)2(  7.0)       4385547.0
c   86   2251351A               (1)4(  4.0)       4386247.0
c   87   2251351A               (1)2(  2.0)       4388347.0
c   88   12523518               (3)0(  1.0)       4512347.0
c   89   12523518               (5)2( 12.0)       4515647.0
c   90   12523518               (5)1(  7.0)       4521647.0
c   91   12523518               (3)2(  7.0)       4532547.0
c   92   12523518               (5)0(  2.0)       4534147.0
c   93   12523518               (3)1(  4.0)       4541747.0
c   94   12523519               (5)3( 17.0)       4559547.0
c   95   12523519               (5)2( 12.0)       4566047.0
c   96   12523519               (3)1(  4.0)       4573247.0
c   97   12523519               (5)1(  7.0)       4576747.0
c   98   12523519               (3)3( 10.0)       4583247.0
c   99   12523519               (3)2(  7.0)       4595447.0
c  100   12523518               (3)3( 10.0)       4674947.0
c  101   12523518               (3)2(  7.0)       4678547.0
c  102   12523518               (1)3(  3.0)       4679547.0
c  103   12523518               (1)2(  2.0)       4681147.0
c  104   12523518               (3)1(  4.0)       4684647.0
c  105   12523518               (1)1(  1.0)       4687647.0
c  106   12523519               (3)4( 13.0)       4721247.0
c  107   12523519               (3)3( 10.0)       4722247.0
c  108   12523519               (3)2(  7.0)       4725947.0
c  109   12523519               (1)3(  3.0)       4730547.0
c  110   12523519               (1)4(  4.0)       4731447.0
c  111   12523519               (3)1(  4.0)       4731647.0
c  112   2251351B               (3)1(  4.0)       4732847.0
c  113   12523519               (3)0(  1.0)       4734447.0
c  114   12523519               (1)2(  2.0)       4736047.0
c  115   12523519               (1)1(  1.0)       4740147.0
c  116   2251351B               (1)1(  1.0)       4743947.0
c  117   12523519               (1)0(  0.0)       4744347.0
c  118   2251351C               (3)2(  7.0)       4756047.0
c  119   2251351C               (3)1(  4.0)       4760347.0
c  120   12523518               (3)1(  4.0)       4764647.0
c  121   2251351C               (1)1(  1.0)       4766847.0
c  122   12523518               (1)1(  1.0)       4768347.0
c  123   2251351C               (3)0(  1.0)       4769647.0
c  124   2251351C               (1)2(  2.0)       4773347.0
c  125   2251351D               (3)3( 10.0)       4778447.0
c  126   2251351C               (1)0(  0.0)       4778947.0
c  127   2251351D               (3)2(  7.0)       4781347.0
c  128   2251351D               (1)2(  2.0)       4790347.0
c  129   12523518               (1)0(  0.0)       4790647.0
c  130   2251351E               (3)3( 10.0)       4791447.0
c  131   2251351E               (3)4( 13.0)       4791747.0
c  132   2251351D               (3)1(  4.0)       4793247.0
c  133   2251351D               (1)3(  3.0)       4798047.0
c  134   2251351D               (1)1(  1.0)       4798347.0
c  135   12523518               (3)2(  7.0)       4800247.0
c  136   2251351E               (1)3(  3.0)       4803347.0
c  137   2251351E               (3)2(  7.0)       4804447.0
c  138   12523518               (3)1(  4.0)       4805247.0
c  139   2251351E               (1)4(  4.0)       4805547.0
c  140   2251351E               (1)2(  2.0)       4805947.0
c  141   12523518               (3)0(  1.0)       4810847.0
c  142   12523519               (3)2(  7.0)       4811947.0
c  143   12523518               (1)2(  2.0)       4814547.0
c  144   12523519               (1)2(  2.0)       4818547.0
c  145   12523518               (1)1(  1.0)       4823147.0
c  146   12523519               (1)1(  1.0)       4844847.0
c  147   12523519               (3)3( 10.0)       4846447.0
c  148   12523519               (3)1(  4.0)       4853147.0
c  149   12523519               (3)2(  7.0)       4855247.0
c  150   12523519               (1)3(  3.0)       4862247.0
c  151   12523519               (1)2(  2.0)       4871547.0
c  152   1252351C               (3)0(  1.0)       4969947.0
c  153   1252351C               (5)2( 12.0)       4973847.0
c  154   1252351C               (5)1(  7.0)       4978447.0
c  155   1252351C               (3)2(  7.0)       4983847.0
c  156   1252351C               (5)0(  2.0)       4986947.0
c  157   2251351G               (3)1(  4.0)       4987647.0
c  158   1252351C               (3)1(  4.0)       4990447.0
c  159   1252351D               (5)3( 17.0)       4996547.0
c  160   2251351G               (1)1(  1.0)       4998347.0
c  161   1252351D               (5)1(  7.0)       4999447.0
c  162   2251351H               (3)2(  7.0)       4999847.0
c  163   1252351D               (3)1(  4.0)       5000047.0
c  164   2251351H               (3)1(  4.0)       5002847.0
c  165   1252351D               (5)2( 12.0)       5003147.0
c  166   1252351D               (3)3( 10.0)       5008447.0
c  167   2251351H               (1)1(  1.0)       5010947.0
c  168   2251351I               (3)3( 10.0)       5012147.0
c  169   2251351H               (3)0(  1.0)       5012447.0
c  170   2251351I               (3)1(  4.0)       5013847.0
c  171   2251351H               (1)2(  2.0)       5014647.0
c  172   2251351J               (3)2(  7.0)       5015047.0
c  173   1252351D               (3)2(  7.0)       5016947.0
c  174   2251351H               (1)0(  0.0)       5017447.0
c  175   2251351J               (3)4( 13.0)       5019347.0
c  176   2251351I               (3)2(  7.0)       5021547.0
c  177   2251351I               (1)2(  2.0)       5024347.0
c  178   2251351I               (1)3(  3.0)       5028447.0
c  179   2251351I               (1)1(  1.0)       5028747.0
c  180   2251351J               (1)3(  3.0)       5031847.0
c  181   2251351J               (3)3( 10.0)       5032347.0
c  182   2251351J               (1)4(  4.0)       5032947.0
c  183   2251351J               (1)2(  2.0)       5033547.0
c  184   1252351C               (3)3( 10.0)       5131847.0
c  185   1252351C               (3)2(  7.0)       5133147.0
c  186   1252351C               (1)3(  3.0)       5134047.0
c  187   1252351C               (1)2(  2.0)       5134747.0
c  188   1252351C               (3)1(  4.0)       5136447.0
c  189   2251351M               (3)1(  4.0)       5138147.0
c  190   1252351C               (1)1(  1.0)       5138147.0
c  191   2251351N               (3)2(  7.0)       5144747.0
c  192   2251351N               (3)1(  4.0)       5147547.0
c  193   2251351M               (1)1(  1.0)       5148647.0
c  194   2251351P               (3)2(  7.0)       5152147.0
c  195   2251351O               (3)3( 10.0)       5152347.0
c  196   2251351O               (3)1(  4.0)       5153447.0
c  197   1252351D               (3)4( 13.0)       5154647.0
c  198   1252351D               (3)3( 10.0)       5154847.0
c  199   2251351N               (1)1(  1.0)       5155947.0
c  200   2251351P               (3)4( 13.0)       5156547.0
c  201   2251351N               (3)0(  1.0)       5156747.0
c  202   1252351D               (3)2(  7.0)       5157047.0
c  203   2251351N               (1)2(  2.0)       5158247.0
c  204   1252351D               (1)4(  4.0)       5159347.0
c  205   1252351D               (1)3(  3.0)       5159347.0
c  206   1252351D               (3)1(  4.0)       5159747.0
c  207   2251351N               (1)0(  0.0)       5160347.0
c  208   2251351O               (3)2(  7.0)       5161247.0
c  209   1252351D               (3)0(  1.0)       5161547.0
c  210   1252351D               (1)2(  2.0)       5161947.0
c  211   1252351D               (1)1(  1.0)       5164347.0
c  212   2251351O               (1)2(  2.0)       5164747.0
c  213   1252351D               (1)0(  0.0)       5166147.0
c  214   2251351O               (1)3(  3.0)       5167247.0
c  215   2251351O               (1)1(  1.0)       5167347.0
c  216   2251351P               (1)3(  3.0)       5169347.0
c  217   2251351P               (3)3( 10.0)       5169647.0
c  218   2251351P               (1)4(  4.0)       5170147.0
c  219   2251351P               (1)2(  2.0)       5170347.0
c  220   1252351H               (3)0(  1.0)       5218547.0
c  221   1252351H               (5)1(  7.0)       5219247.0
c  222   1252351H               (5)2( 12.0)       5219347.0
c  223   1252351C               (3)1(  4.0)       5220247.0
c  224   1252351C               (1)1(  1.0)       5222047.0
c  225   1252351H               (3)2(  7.0)       5223547.0
c  226   1252351H               (5)0(  2.0)       5229247.0
c  227   1252351I               (5)3( 17.0)       5230747.0
c  228   1252351H               (3)1(  4.0)       5230747.0
c  229   1252351I               (5)1(  7.0)       5232647.0
c  230   1252351I               (3)1(  4.0)       5234247.0
c  231   1252351I               (5)2( 12.0)       5236747.0
c  232   1252351I               (3)3( 10.0)       5238747.0
c  233   1252351D               (3)2(  7.0)       5242847.0
c  234   1252351I               (3)2(  7.0)       5244347.0
c  235   1252351D               (1)2(  2.0)       5246647.0
c  236   1252351C               (1)0(  0.0)       5250247.0
c  237   1252351C               (3)2(  7.0)       5256447.0
c  238   1252351C               (3)1(  4.0)       5259647.0
c  239   1252351C               (3)0(  1.0)       5263847.0
c  240   1252351C               (1)2(  2.0)       5265447.0
c  241   1252351C               (1)1(  1.0)       5269347.0
c  242   1252351D               (3)3( 10.0)       5278947.0
c  243   1252351D               (3)1(  4.0)       5282247.0
c  244   1252351D               (3)2(  7.0)       5284147.0
c  245   1252351D               (1)1(  1.0)       5285347.0
c  246   1252351D               (1)3(  3.0)       5288947.0
c  247   1252351D               (1)2(  2.0)       5293247.0
c  248   1252351H               (3)3( 10.0)       5375147.0
c  249   1252351H               (3)2(  7.0)       5375847.0
c  250   1252351H               (1)3(  3.0)       5376647.0
c  251   1252351H               (1)2(  2.0)       5377047.0
c  252   1252351H               (3)1(  4.0)       5377747.0
c  253   1252351H               (1)1(  1.0)       5379047.0
c  254   1252351I               (3)4( 13.0)       5388047.0
c  255   1252351I               (3)3( 10.0)       5388247.0
c  256   1252351I               (3)2(  7.0)       5389247.0
c  257   1252351I               (3)1(  4.0)       5390747.0
c  258   1252351I               (1)4(  4.0)       5390747.0
c  259   1252351I               (1)3(  3.0)       5390947.0
c  260   1252351I               (3)0(  1.0)       5391747.0
c  261   1252351I               (1)2(  2.0)       5392147.0
c  262   1252351I               (1)1(  1.0)       5393547.0
c  263   1252351I               (1)0(  0.0)       5394347.0
c  264   1252351H               (3)1(  4.0)       5462947.0
c  265   1252351H               (1)1(  1.0)       5464047.0
c  266   1252351I               (3)2(  7.0)       5475947.0
c  267   1252351I               (1)2(  2.0)       5477947.0
c  268   1252351H               (3)2(  7.0)       5499647.0
c  269   1252351H               (3)1(  4.0)       5501147.0
c  270   1252351H               (1)0(  0.0)       5503947.0
c  271   1252351H               (3)0(  1.0)       5505947.0
c  272   1252351H               (1)2(  2.0)       5506947.0
c  273   1252351H               (1)1(  1.0)       5508947.0
c  274   1252351I               (3)3( 10.0)       5512247.0
c  275   1252351I               (3)1(  4.0)       5514047.0
c  276   1252351I               (3)2(  7.0)       5516647.0
c  277   1252351I               (1)1(  1.0)       5518247.0
c  278   1252351I               (1)3(  3.0)       5520147.0
c  279   1252351I               (1)2(  2.0)       5522447.0
 
 
 
c-------------------------------------------------------------------------------
 
C  superstage partition information
C  ================================
C
C  element symbol   : AR
C  parent template  : 
C  partition level  :  1
C  superstage label : 12
C
C  tabulation       : photon emissivity coefft (te,ne)
C  units            : ph. emis coef(cm^3 s^-1); te (ev); ne (cm^-3)
C
C  photon emissivity atomic transitions
C  ------------------------------------
C  
C   isel  wvlen(A)            transition                type  ispb nspb
C                                                             ispp nspp sz    tg pr wr
C  ----- ---------- ----------------------------------- ----- ---- ---- --    -- -- --
C      1   19.9142  176(3)2(  7.0)-  1(3)1(  4.0)       excit   1    1  12   175 45  1
C      2   20.8627  132(3)1(  4.0)-  1(3)1(  4.0)       excit   1    1  12   131 38  2
C      3   20.9146  127(3)2(  7.0)-  1(3)1(  4.0)       excit   1    1  12   126 25  3
C      4   22.0180   93(3)1(  4.0)-  1(3)1(  4.0)       excit   1    1  12    92 42  4
C      5   22.0627   91(3)2(  7.0)-  1(3)1(  4.0)       excit   1    1  12    90 29  5
C      6   22.9192   79(3)1(  4.0)-  1(3)1(  4.0)       excit   1    1  12    78 15  6
C      7   22.9888   77(3)2(  7.0)-  1(3)1(  4.0)       excit   1    1  12    76 10  7
C      8   23.9207   98(3)3( 10.0)-  5(3)2(  7.0)       excit   1    1  12  1087 36  8
C      9   24.2068   99(3)2(  7.0)-  6(3)1(  4.0)       excit   1    1  12  1359 50  9
C     10   26.2478   53(3)0(  1.0)-  1(3)1(  4.0)       excit   1    1  12    52 48 10
C     11   26.3912   49(3)1(  4.0)-  1(3)1(  4.0)       excit   1    1  12    48 39 11
C     12   26.4764   46(3)2(  7.0)-  1(3)1(  4.0)       excit   1    1  12    45 32 12
C     13   28.2243   29(3)1(  4.0)-  1(3)1(  4.0)       excit   1    1  12    28 12 13
C     14   28.3620   27(3)2(  7.0)-  1(3)1(  4.0)       excit   1    1  12    26  9 14
C     15   28.6177   26(5)1(  7.0)-  1(3)1(  4.0)       excit   1    1  12    25 49 15
C     16   28.6379   61(3)3( 10.0)-  5(3)2(  7.0)       excit   1    1  12  1050 18 16
C     17   28.7319   24(3)0(  1.0)-  1(3)1(  4.0)       excit   1    1  12    23 43 17
C     18   28.9900   64(3)2(  7.0)-  6(3)1(  4.0)       excit   1    1  12  1325 30 18
C     19   29.1941   21(3)1(  4.0)-  1(3)1(  4.0)       excit   1    1  12    20  5 19
C     20   29.2942   20(3)2(  7.0)-  1(3)1(  4.0)       excit   1    1  12    19  4 20
C     21   29.4833   19(1)2(  2.0)-  1(3)1(  4.0)       excit   1    1  12    18 27 21
C     22   29.4877   18(3)3( 10.0)-  1(3)1(  4.0)       excit   1    1  12    17 28 22
C     23   29.6000   47(3)3( 10.0)-  5(3)2(  7.0)       excit   1    1  12  1036 41 23
C     24   29.7336   21(3)1(  4.0)-  2(1)2(  2.0)       excit   1    1  12   297 46 24
C     25   29.8374   20(3)2(  7.0)-  2(1)2(  2.0)       excit   1    1  12   296 44 25
C     26   29.9772   65(3)1(  4.0)-  8(3)0(  1.0)       excit   1    1  12  1841 31 26
C     27   30.0337   19(1)2(  2.0)-  2(1)2(  2.0)       excit   1    1  12   295 26 27
C     28   30.0382   18(3)3( 10.0)-  2(1)2(  2.0)       excit   1    1  12   294 37 28
C     29   30.4221   41(3)2(  7.0)-  5(3)2(  7.0)       excit   1    1  12  1030 22 29
C     30   30.7193   35(3)3( 10.0)-  5(3)2(  7.0)       excit   1    1  12  1024  8 30
C     31   31.0032   41(3)2(  7.0)-  6(3)1(  4.0)       excit   1    1  12  1303 14 31
C     32   31.5142   33(3)1(  4.0)-  6(3)1(  4.0)       excit   1    1  12  1295 24 32
C     33   31.7778   10(3)1(  4.0)-  1(3)1(  4.0)       excit   1    1  12     9  7 33
C     34   32.1896   11(1)1(  1.0)-  2(1)2(  2.0)       excit   1    1  12   287 47 34
C     35   34.5139   15(3)1(  4.0)-  5(3)2(  7.0)       excit   1    1  12  1004 13 35
C     36   35.2638   15(3)1(  4.0)-  6(3)1(  4.0)       excit   1    1  12  1277 23 36
C     37   36.8722   15(3)1(  4.0)-  8(3)0(  1.0)       excit   1    1  12  1795 21 37
C     38   85.7927   73(3)1(  4.0)- 10(3)1(  4.0)       excit   1    1  12  2327 35 38
C     39   170.046    8(3)0(  1.0)-  1(3)1(  4.0)       excit   1    1  12     7  2 39
C     40   170.729    9(1)1(  1.0)-  2(1)2(  2.0)       excit   1    1  12   285 19 40
C     41   190.576    7(1)2(  2.0)-  2(1)2(  2.0)       excit   1    1  12   283 11 41
C     42   202.049    9(1)1(  1.0)-  3(1)0(  0.0)       excit   1    1  12   555 34 42
C     43   215.342    6(3)1(  4.0)-  1(3)1(  4.0)       excit   1    1  12     5  3 43
C     44   248.283    5(3)2(  7.0)-  1(3)1(  4.0)       excit   1    1  12     4  1 44
C     45   293.587    5(3)2(  7.0)-  2(1)2(  2.0)       excit   1    1  12   281 17 45
C     46   445.539    4(5)0(  2.0)-  1(3)1(  4.0)       excit   1    1  12     3 40 46
C     47   652.316   15(3)1(  4.0)- 10(3)1(  4.0)       excit   1    1  12  2270 16 47
C     48   848.176   13(3)2(  7.0)- 10(3)1(  4.0)       excit   1    1  12  2268 20 48
C     49   1101.39    3(1)0(  0.0)-  2(1)2(  2.0)       excit   1    1  12   279 33 49
C     50   1608.93    2(1)2(  2.0)-  1(3)1(  4.0)       excit   1    1  12     1  6 50
c-------------------------------------------------------------------------------
                                                                                
C  code     : adas810
C  producer : Adam Foster
C  date     : 13/05/09
                                                                                
c-------------------------------------------------------------------------------
