   50    /Ar: 4 photon emissivity coefficients/
--------------------------------------------------------------------------------
    1    1    1    1    1    1    1    1    1    1    1    1    1    1
    1    1    1    1    1
--------------------------------------------------------------------------------
//#01/p00/ 00/p01/ 01/p02/ 02/p03/ 03/p04/ 04/p05/ 05/p06/ 06/p07/ 07/p08/ 08/  
      p09/ 09/p10/ 10/p11/ 11/p12/ 12/p13/ 13/p14/ 14/p15/ 15/p16/ 16/p17/ 17/  
      p18/ 18/                                                                  
--------------------------------------------------------------------------------
  174.582    7  14 /pl=01:ss= 4:pb= 1:sz= 4/type=excit/ispb = t/isel =    1
 1.00E+10 1.00E+11 1.00E+12 1.00E+13 1.00E+14 1.00E+15 1.00E+16
 4.31E-01 6.46E-01 1.08E+00 2.15E+00 4.31E+00 1.08E+01 2.15E+01 3.23E+01
 4.31E+01 6.46E+01 1.08E+02 2.15E+02 4.31E+02 6.46E+02
 1.00E-74 1.00E-74 1.52E-38 2.32E-24 2.50E-17 3.32E-13 6.61E-12 1.66E-11
 2.55E-11 3.77E-11 4.94E-11 5.77E-11 6.05E-11 6.04E-11
 1.00E-74 1.00E-74 1.52E-38 2.32E-24 2.50E-17 3.32E-13 6.61E-12 1.66E-11
 2.55E-11 3.77E-11 4.94E-11 5.77E-11 6.05E-11 6.04E-11
 1.00E-74 1.00E-74 1.53E-38 2.32E-24 2.50E-17 3.32E-13 6.61E-12 1.66E-11
 2.55E-11 3.77E-11 4.94E-11 5.77E-11 6.05E-11 6.04E-11
 1.00E-74 1.00E-74 1.54E-38 2.34E-24 2.51E-17 3.33E-13 6.61E-12 1.66E-11
 2.55E-11 3.77E-11 4.94E-11 5.78E-11 6.05E-11 6.04E-11
 1.00E-74 1.00E-74 1.64E-38 2.44E-24 2.59E-17 3.39E-13 6.69E-12 1.68E-11
 2.57E-11 3.80E-11 4.96E-11 5.78E-11 6.04E-11 6.02E-11
 1.00E-74 1.00E-74 2.69E-38 3.52E-24 3.35E-17 3.99E-13 7.49E-12 1.84E-11
 2.78E-11 4.03E-11 5.16E-11 5.87E-11 6.01E-11 5.94E-11
 1.00E-74 1.00E-74 1.76E-37 1.86E-23 1.39E-16 1.16E-12 1.72E-11 3.74E-11
 5.26E-11 6.97E-11 8.03E-11 7.98E-11 7.20E-11 6.65E-11
  187.388    7  14 /pl=01:ss= 4:pb= 1:sz= 4/type=excit/ispb = t/isel =    2
 1.00E+10 1.00E+11 1.00E+12 1.00E+13 1.00E+14 1.00E+15 1.00E+16
 4.31E-01 6.46E-01 1.08E+00 2.15E+00 4.31E+00 1.08E+01 2.15E+01 3.23E+01
 4.31E+01 6.46E+01 1.08E+02 2.15E+02 4.31E+02 6.46E+02
 1.00E-74 1.00E-74 6.22E-37 1.03E-23 3.56E-17 2.36E-13 3.71E-12 8.62E-12
 1.27E-11 1.81E-11 2.28E-11 2.58E-11 2.62E-11 2.59E-11
 1.00E-74 1.00E-74 6.23E-37 1.03E-23 3.57E-17 2.36E-13 3.71E-12 8.62E-12
 1.27E-11 1.81E-11 2.28E-11 2.58E-11 2.62E-11 2.59E-11
 1.00E-74 1.00E-74 6.34E-37 1.04E-23 3.60E-17 2.38E-13 3.74E-12 8.67E-12
 1.28E-11 1.82E-11 2.29E-11 2.58E-11 2.62E-11 2.59E-11
 1.00E-74 1.00E-74 7.17E-37 1.13E-23 3.84E-17 2.52E-13 3.93E-12 9.09E-12
 1.34E-11 1.89E-11 2.37E-11 2.63E-11 2.64E-11 2.59E-11
 1.00E-74 1.00E-74 8.90E-37 1.31E-23 4.28E-17 2.74E-13 4.26E-12 9.87E-12
 1.45E-11 2.05E-11 2.54E-11 2.73E-11 2.63E-11 2.51E-11
 1.00E-74 1.00E-74 1.16E-36 1.52E-23 4.57E-17 2.73E-13 4.10E-12 9.36E-12
 1.37E-11 1.91E-11 2.33E-11 2.44E-11 2.26E-11 2.09E-11
 1.00E-74 1.00E-74 3.34E-36 3.82E-23 9.01E-17 4.00E-13 5.07E-12 1.08E-11
 1.51E-11 2.03E-11 2.40E-11 2.45E-11 2.20E-11 1.99E-11
  192.474    7  14 /pl=01:ss= 4:pb= 1:sz= 4/type=excit/ispb = t/isel =    3
 1.00E+10 1.00E+11 1.00E+12 1.00E+13 1.00E+14 1.00E+15 1.00E+16
 4.31E-01 6.46E-01 1.08E+00 2.15E+00 4.31E+00 1.08E+01 2.15E+01 3.23E+01
 4.31E+01 6.46E+01 1.08E+02 2.15E+02 4.31E+02 6.46E+02
 1.00E-74 1.00E-74 1.81E-36 1.27E-23 2.83E-17 1.45E-13 2.13E-12 4.90E-12
 7.25E-12 1.05E-11 1.37E-11 1.63E-11 1.71E-11 1.69E-11
 1.00E-74 1.00E-74 1.81E-36 1.27E-23 2.84E-17 1.46E-13 2.13E-12 4.90E-12
 7.26E-12 1.05E-11 1.37E-11 1.63E-11 1.71E-11 1.69E-11
 1.00E-74 1.00E-74 1.83E-36 1.28E-23 2.88E-17 1.47E-13 2.15E-12 4.94E-12
 7.32E-12 1.06E-11 1.38E-11 1.63E-11 1.71E-11 1.69E-11
 1.00E-74 1.00E-74 2.02E-36 1.43E-23 3.20E-17 1.62E-13 2.35E-12 5.35E-12
 7.86E-12 1.12E-11 1.45E-11 1.69E-11 1.75E-11 1.72E-11
 1.00E-74 1.00E-74 2.88E-36 2.04E-23 4.52E-17 2.26E-13 3.22E-12 7.23E-12
 1.05E-11 1.46E-11 1.82E-11 2.00E-11 1.96E-11 1.88E-11
 1.00E-74 1.00E-74 4.26E-36 2.58E-23 5.24E-17 2.50E-13 3.51E-12 7.87E-12
 1.14E-11 1.59E-11 1.97E-11 2.14E-11 2.06E-11 1.95E-11
 1.00E-74 1.00E-74 1.16E-35 5.95E-23 9.39E-17 3.28E-13 3.85E-12 8.00E-12
 1.11E-11 1.48E-11 1.75E-11 1.80E-11 1.65E-11 1.53E-11
  195.976    7  14 /pl=01:ss= 4:pb= 1:sz= 4/type=excit/ispb = t/isel =    4
 1.00E+10 1.00E+11 1.00E+12 1.00E+13 1.00E+14 1.00E+15 1.00E+16
 4.31E-01 6.46E-01 1.08E+00 2.15E+00 4.31E+00 1.08E+01 2.15E+01 3.23E+01
 4.31E+01 6.46E+01 1.08E+02 2.15E+02 4.31E+02 6.46E+02
 1.00E-74 1.00E-74 1.63E-35 7.28E-23 1.38E-16 6.53E-13 9.20E-12 2.05E-11
 2.97E-11 4.12E-11 5.07E-11 5.48E-11 5.34E-11 5.12E-11
 1.00E-74 1.00E-74 1.63E-35 7.28E-23 1.38E-16 6.53E-13 9.20E-12 2.05E-11
 2.97E-11 4.12E-11 5.06E-11 5.48E-11 5.34E-11 5.12E-11
 1.00E-74 1.00E-74 1.64E-35 7.31E-23 1.38E-16 6.53E-13 9.19E-12 2.05E-11
 2.97E-11 4.11E-11 5.06E-11 5.47E-11 5.34E-11 5.12E-11
 1.00E-74 1.00E-74 1.75E-35 7.56E-23 1.40E-16 6.52E-13 9.15E-12 2.04E-11
 2.96E-11 4.10E-11 5.04E-11 5.45E-11 5.31E-11 5.09E-11
 1.00E-74 1.00E-74 2.30E-35 8.89E-23 1.52E-16 6.70E-13 9.25E-12 2.06E-11
 2.97E-11 4.10E-11 5.01E-11 5.37E-11 5.17E-11 4.93E-11
 1.00E-74 1.00E-74 3.06E-35 1.05E-22 1.60E-16 6.45E-13 8.59E-12 1.89E-11
 2.71E-11 3.72E-11 4.52E-11 4.77E-11 4.47E-11 4.18E-11
 1.00E-74 1.10E-51 7.46E-35 2.28E-22 2.77E-16 8.26E-13 9.21E-12 1.88E-11
 2.59E-11 3.42E-11 4.01E-11 4.10E-11 3.72E-11 3.40E-11
  205.537    7  14 /pl=01:ss= 4:pb= 1:sz= 4/type=excit/ispb = t/isel =    5
 1.00E+10 1.00E+11 1.00E+12 1.00E+13 1.00E+14 1.00E+15 1.00E+16
 4.31E-01 6.46E-01 1.08E+00 2.15E+00 4.31E+00 1.08E+01 2.15E+01 3.23E+01
 4.31E+01 6.46E+01 1.08E+02 2.15E+02 4.31E+02 6.46E+02
 1.00E-74 1.00E-74 1.80E-34 1.90E-22 1.68E-16 4.96E-13 6.09E-12 1.32E-11
 1.91E-11 2.68E-11 3.43E-11 4.00E-11 4.14E-11 4.08E-11
 1.00E-74 1.00E-74 1.80E-34 1.90E-22 1.68E-16 4.96E-13 6.09E-12 1.32E-11
 1.91E-11 2.68E-11 3.43E-11 4.00E-11 4.14E-11 4.08E-11
 1.00E-74 1.00E-74 1.80E-34 1.91E-22 1.69E-16 4.97E-13 6.10E-12 1.32E-11
 1.91E-11 2.69E-11 3.43E-11 4.00E-11 4.15E-11 4.08E-11
 1.00E-74 1.00E-74 1.85E-34 1.97E-22 1.74E-16 5.11E-13 6.25E-12 1.35E-11
 1.95E-11 2.73E-11 3.47E-11 4.03E-11 4.17E-11 4.10E-11
 1.00E-74 1.00E-74 2.21E-34 2.42E-22 2.14E-16 6.20E-13 7.42E-12 1.58E-11
 2.25E-11 3.10E-11 3.84E-11 4.33E-11 4.36E-11 4.24E-11
 1.00E-74 3.05E-50 3.70E-34 3.70E-22 3.04E-16 8.35E-13 9.77E-12 2.06E-11
 2.91E-11 3.94E-11 4.78E-11 5.15E-11 4.95E-11 4.70E-11
 1.00E-74 8.35E-50 9.64E-34 7.90E-22 4.98E-16 1.00E-12 9.86E-12 1.94E-11
 2.64E-11 3.46E-11 4.07E-11 4.27E-11 4.04E-11 3.81E-11
  212.650    7  14 /pl=01:ss= 4:pb= 1:sz= 4/type=excit/ispb = t/isel =    6
 1.00E+10 1.00E+11 1.00E+12 1.00E+13 1.00E+14 1.00E+15 1.00E+16
 4.31E-01 6.46E-01 1.08E+00 2.15E+00 4.31E+00 1.08E+01 2.15E+01 3.23E+01
 4.31E+01 6.46E+01 1.08E+02 2.15E+02 4.31E+02 6.46E+02
 1.00E-74 1.00E-74 3.30E-33 1.45E-21 9.01E-16 2.33E-12 2.74E-11 5.78E-11
 8.10E-11 1.08E-10 1.28E-10 1.32E-10 1.22E-10 1.13E-10
 1.00E-74 1.00E-74 3.30E-33 1.45E-21 9.01E-16 2.33E-12 2.74E-11 5.78E-11
 8.10E-11 1.08E-10 1.28E-10 1.32E-10 1.22E-10 1.13E-10
 1.00E-74 1.20E-48 3.31E-33 1.45E-21 9.02E-16 2.33E-12 2.74E-11 5.77E-11
 8.09E-11 1.08E-10 1.28E-10 1.32E-10 1.21E-10 1.13E-10
 1.00E-74 9.60E-49 3.41E-33 1.48E-21 9.05E-16 2.32E-12 2.72E-11 5.73E-11
 8.03E-11 1.08E-10 1.27E-10 1.31E-10 1.21E-10 1.13E-10
 1.00E-74 1.21E-48 4.19E-33 1.67E-21 9.50E-16 2.30E-12 2.64E-11 5.54E-11
 7.76E-11 1.04E-10 1.23E-10 1.27E-10 1.18E-10 1.10E-10
 1.00E-74 2.08E-48 6.65E-33 2.27E-21 1.10E-15 2.29E-12 2.49E-11 5.12E-11
 7.13E-11 9.51E-11 1.12E-10 1.16E-10 1.08E-10 1.00E-10
 1.00E-74 3.67E-48 1.20E-32 3.93E-21 1.59E-15 2.45E-12 2.20E-11 4.22E-11
 5.66E-11 7.29E-11 8.45E-11 8.66E-11 7.97E-11 7.38E-11
  216.109    7  14 /pl=01:ss= 4:pb= 1:sz= 4/type=excit/ispb = t/isel =    7
 1.00E+10 1.00E+11 1.00E+12 1.00E+13 1.00E+14 1.00E+15 1.00E+16
 4.31E-01 6.46E-01 1.08E+00 2.15E+00 4.31E+00 1.08E+01 2.15E+01 3.23E+01
 4.31E+01 6.46E+01 1.08E+02 2.15E+02 4.31E+02 6.46E+02
 1.00E-74 1.00E-74 9.07E-40 5.98E-25 1.30E-17 2.55E-13 5.74E-12 1.49E-11
 2.32E-11 3.43E-11 4.36E-11 4.64E-11 4.18E-11 3.75E-11
 1.00E-74 1.00E-74 9.07E-40 5.98E-25 1.30E-17 2.55E-13 5.74E-12 1.49E-11
 2.32E-11 3.43E-11 4.36E-11 4.64E-11 4.18E-11 3.75E-11
 1.00E-74 1.00E-74 9.07E-40 5.98E-25 1.30E-17 2.55E-13 5.74E-12 1.49E-11
 2.32E-11 3.44E-11 4.36E-11 4.64E-11 4.18E-11 3.75E-11
 1.00E-74 1.00E-74 9.11E-40 6.00E-25 1.30E-17 2.56E-13 5.75E-12 1.49E-11
 2.33E-11 3.44E-11 4.37E-11 4.65E-11 4.19E-11 3.76E-11
 1.00E-74 1.00E-74 9.52E-40 6.21E-25 1.34E-17 2.62E-13 5.86E-12 1.52E-11
 2.36E-11 3.50E-11 4.44E-11 4.73E-11 4.27E-11 3.84E-11
 1.00E-74 1.00E-74 1.54E-39 8.91E-25 1.77E-17 3.22E-13 6.93E-12 1.77E-11
 2.72E-11 3.98E-11 5.03E-11 5.38E-11 4.94E-11 4.49E-11
 1.00E-74 1.00E-74 1.15E-38 5.37E-24 8.39E-17 1.08E-12 1.83E-11 4.18E-11
 5.99E-11 8.07E-11 9.38E-11 9.28E-11 8.18E-11 7.40E-11
  216.633    7  14 /pl=01:ss= 4:pb= 1:sz= 4/type=excit/ispb = t/isel =    8
 1.00E+10 1.00E+11 1.00E+12 1.00E+13 1.00E+14 1.00E+15 1.00E+16
 4.31E-01 6.46E-01 1.08E+00 2.15E+00 4.31E+00 1.08E+01 2.15E+01 3.23E+01
 4.31E+01 6.46E+01 1.08E+02 2.15E+02 4.31E+02 6.46E+02
 1.00E-74 1.00E-74 2.23E-32 5.50E-21 2.44E-15 5.12E-12 5.66E-11 1.17E-10
 1.64E-10 2.21E-10 2.66E-10 2.92E-10 2.93E-10 2.87E-10
 1.00E-74 1.00E-74 2.23E-32 5.50E-21 2.44E-15 5.12E-12 5.66E-11 1.17E-10
 1.64E-10 2.21E-10 2.66E-10 2.92E-10 2.93E-10 2.87E-10
 1.00E-74 1.19E-47 2.23E-32 5.50E-21 2.45E-15 5.12E-12 5.66E-11 1.17E-10
 1.64E-10 2.21E-10 2.66E-10 2.92E-10 2.93E-10 2.87E-10
 1.00E-74 1.19E-47 2.25E-32 5.54E-21 2.46E-15 5.14E-12 5.67E-11 1.17E-10
 1.64E-10 2.21E-10 2.66E-10 2.92E-10 2.93E-10 2.87E-10
 1.00E-74 1.32E-47 2.43E-32 5.85E-21 2.55E-15 5.26E-12 5.77E-11 1.19E-10
 1.66E-10 2.24E-10 2.69E-10 2.94E-10 2.94E-10 2.88E-10
 1.00E-74 2.55E-47 4.22E-32 8.99E-21 3.51E-15 6.46E-12 6.69E-11 1.35E-10
 1.85E-10 2.45E-10 2.89E-10 3.08E-10 3.03E-10 2.94E-10
 1.00E-74 1.25E-46 1.95E-31 3.72E-20 1.23E-14 1.69E-11 1.40E-10 2.56E-10
 3.30E-10 4.04E-10 4.40E-10 4.23E-10 3.76E-10 3.46E-10
  235.044    7  14 /pl=01:ss= 4:pb= 1:sz= 4/type=excit/ispb = t/isel =    9
 1.00E+10 1.00E+11 1.00E+12 1.00E+13 1.00E+14 1.00E+15 1.00E+16
 4.31E-01 6.46E-01 1.08E+00 2.15E+00 4.31E+00 1.08E+01 2.15E+01 3.23E+01
 4.31E+01 6.46E+01 1.08E+02 2.15E+02 4.31E+02 6.46E+02
 1.00E-74 5.36E-45 6.41E-31 2.06E-20 3.23E-15 3.50E-12 3.11E-11 6.09E-11
 8.36E-11 1.12E-10 1.38E-10 1.56E-10 1.59E-10 1.56E-10
 1.00E-74 5.36E-45 6.41E-31 2.06E-20 3.23E-15 3.50E-12 3.11E-11 6.09E-11
 8.36E-11 1.12E-10 1.38E-10 1.56E-10 1.59E-10 1.56E-10
 1.00E-74 5.37E-45 6.41E-31 2.06E-20 3.23E-15 3.50E-12 3.11E-11 6.09E-11
 8.36E-11 1.12E-10 1.38E-10 1.56E-10 1.59E-10 1.56E-10
 1.00E-74 5.39E-45 6.44E-31 2.08E-20 3.25E-15 3.51E-12 3.12E-11 6.10E-11
 8.37E-11 1.12E-10 1.38E-10 1.56E-10 1.59E-10 1.56E-10
 1.00E-74 5.57E-45 6.69E-31 2.19E-20 3.44E-15 3.69E-12 3.24E-11 6.30E-11
 8.61E-11 1.15E-10 1.40E-10 1.58E-10 1.60E-10 1.56E-10
 1.00E-74 7.46E-45 8.93E-31 2.98E-20 4.64E-15 4.77E-12 4.03E-11 7.67E-11
 1.03E-10 1.34E-10 1.59E-10 1.72E-10 1.68E-10 1.62E-10
 1.00E-74 2.02E-44 2.27E-30 6.56E-20 8.30E-15 6.38E-12 4.59E-11 8.22E-11
 1.07E-10 1.35E-10 1.57E-10 1.65E-10 1.60E-10 1.53E-10
  254.950    7  14 /pl=01:ss= 4:pb= 1:sz= 4/type=excit/ispb = t/isel =   10
 1.00E+10 1.00E+11 1.00E+12 1.00E+13 1.00E+14 1.00E+15 1.00E+16
 4.31E-01 6.46E-01 1.08E+00 2.15E+00 4.31E+00 1.08E+01 2.15E+01 3.23E+01
 4.31E+01 6.46E+01 1.08E+02 2.15E+02 4.31E+02 6.46E+02
 1.00E-74 5.54E-42 5.08E-29 2.34E-19 1.46E-14 1.01E-11 8.02E-11 1.49E-10
 1.98E-10 2.47E-10 2.74E-10 2.60E-10 2.22E-10 1.96E-10
 1.00E-74 5.54E-42 5.08E-29 2.34E-19 1.46E-14 1.01E-11 8.02E-11 1.49E-10
 1.98E-10 2.47E-10 2.74E-10 2.60E-10 2.22E-10 1.96E-10
 1.00E-74 5.55E-42 5.09E-29 2.35E-19 1.46E-14 1.01E-11 8.02E-11 1.49E-10
 1.98E-10 2.47E-10 2.74E-10 2.60E-10 2.22E-10 1.96E-10
 1.00E-74 5.63E-42 5.14E-29 2.36E-19 1.46E-14 1.01E-11 8.01E-11 1.49E-10
 1.97E-10 2.46E-10 2.74E-10 2.60E-10 2.22E-10 1.96E-10
 1.00E-74 6.33E-42 5.64E-29 2.51E-19 1.51E-14 1.02E-11 7.98E-11 1.48E-10
 1.96E-10 2.44E-10 2.71E-10 2.58E-10 2.21E-10 1.95E-10
 1.00E-74 1.09E-41 9.11E-29 3.61E-19 1.90E-14 1.10E-11 8.11E-11 1.48E-10
 1.93E-10 2.40E-10 2.66E-10 2.54E-10 2.19E-10 1.94E-10
 1.00E-74 1.58E-41 1.40E-28 5.58E-19 2.67E-14 1.18E-11 7.22E-11 1.23E-10
 1.56E-10 1.91E-10 2.14E-10 2.14E-10 1.93E-10 1.77E-10
  260.288    7  14 /pl=01:ss= 4:pb= 1:sz= 4/type=excit/ispb = t/isel =   11
 1.00E+10 1.00E+11 1.00E+12 1.00E+13 1.00E+14 1.00E+15 1.00E+16
 4.31E-01 6.46E-01 1.08E+00 2.15E+00 4.31E+00 1.08E+01 2.15E+01 3.23E+01
 4.31E+01 6.46E+01 1.08E+02 2.15E+02 4.31E+02 6.46E+02
 1.00E-74 1.00E-74 9.98E-36 7.22E-23 1.68E-16 8.98E-13 1.32E-11 2.99E-11
 4.33E-11 5.96E-11 7.14E-11 7.27E-11 6.47E-11 5.85E-11
 1.00E-74 1.00E-74 9.98E-36 7.22E-23 1.68E-16 8.98E-13 1.32E-11 2.99E-11
 4.33E-11 5.96E-11 7.14E-11 7.27E-11 6.47E-11 5.85E-11
 1.00E-74 1.00E-74 9.99E-36 7.23E-23 1.68E-16 8.98E-13 1.32E-11 2.99E-11
 4.33E-11 5.96E-11 7.14E-11 7.27E-11 6.47E-11 5.85E-11
 1.00E-74 1.00E-74 1.00E-35 7.25E-23 1.68E-16 9.00E-13 1.32E-11 2.99E-11
 4.34E-11 5.97E-11 7.14E-11 7.27E-11 6.47E-11 5.85E-11
 1.00E-74 1.00E-74 1.05E-35 7.51E-23 1.73E-16 9.16E-13 1.34E-11 3.03E-11
 4.38E-11 6.02E-11 7.20E-11 7.32E-11 6.51E-11 5.89E-11
 1.00E-74 1.00E-74 1.73E-35 1.08E-22 2.25E-16 1.10E-12 1.54E-11 3.40E-11
 4.86E-11 6.61E-11 7.81E-11 7.87E-11 6.96E-11 6.28E-11
 1.00E-74 8.81E-52 1.18E-34 6.24E-22 1.05E-15 3.60E-12 3.97E-11 7.85E-11
 1.05E-10 1.32E-10 1.45E-10 1.36E-10 1.14E-10 1.01E-10
  283.125    7  14 /pl=01:ss= 4:pb= 1:sz= 4/type=excit/ispb = t/isel =   12
 1.00E+10 1.00E+11 1.00E+12 1.00E+13 1.00E+14 1.00E+15 1.00E+16
 4.31E-01 6.46E-01 1.08E+00 2.15E+00 4.31E+00 1.08E+01 2.15E+01 3.23E+01
 4.31E+01 6.46E+01 1.08E+02 2.15E+02 4.31E+02 6.46E+02
 1.00E-74 1.00E-74 3.35E-37 1.41E-23 7.67E-17 6.62E-13 1.13E-11 2.68E-11
 3.98E-11 5.61E-11 6.83E-11 6.95E-11 6.04E-11 5.33E-11
 1.00E-74 1.00E-74 3.35E-37 1.41E-23 7.67E-17 6.62E-13 1.13E-11 2.68E-11
 3.98E-11 5.61E-11 6.83E-11 6.95E-11 6.04E-11 5.34E-11
 1.00E-74 1.00E-74 3.35E-37 1.41E-23 7.68E-17 6.62E-13 1.13E-11 2.68E-11
 3.98E-11 5.62E-11 6.84E-11 6.96E-11 6.05E-11 5.34E-11
 1.00E-74 1.00E-74 3.47E-37 1.45E-23 7.85E-17 6.74E-13 1.15E-11 2.71E-11
 4.03E-11 5.68E-11 6.90E-11 7.03E-11 6.12E-11 5.42E-11
 1.00E-74 1.00E-74 4.23E-37 1.70E-23 9.05E-17 7.63E-13 1.28E-11 3.02E-11
 4.47E-11 6.26E-11 7.59E-11 7.71E-11 6.73E-11 5.97E-11
 1.00E-74 1.00E-74 6.58E-37 2.36E-23 1.17E-16 9.39E-13 1.54E-11 3.60E-11
 5.31E-11 7.43E-11 9.02E-11 9.24E-11 8.17E-11 7.31E-11
 1.00E-74 1.00E-74 2.11E-36 6.56E-23 2.55E-16 1.53E-12 2.14E-11 4.68E-11
 6.68E-11 9.07E-11 1.08E-10 1.10E-10 9.84E-11 8.87E-11
  289.687    7  14 /pl=01:ss= 4:pb= 1:sz= 4/type=excit/ispb = t/isel =   13
 1.00E+10 1.00E+11 1.00E+12 1.00E+13 1.00E+14 1.00E+15 1.00E+16
 4.31E-01 6.46E-01 1.08E+00 2.15E+00 4.31E+00 1.08E+01 2.15E+01 3.23E+01
 4.31E+01 6.46E+01 1.08E+02 2.15E+02 4.31E+02 6.46E+02
 1.00E-74 1.00E-74 1.72E-37 4.57E-24 1.98E-17 1.49E-13 2.43E-12 5.66E-12
 8.36E-12 1.17E-11 1.41E-11 1.43E-11 1.24E-11 1.09E-11
 1.00E-74 1.00E-74 1.71E-37 4.56E-24 1.98E-17 1.49E-13 2.43E-12 5.65E-12
 8.34E-12 1.17E-11 1.41E-11 1.43E-11 1.24E-11 1.09E-11
 1.00E-74 1.00E-74 1.67E-37 4.45E-24 1.93E-17 1.46E-13 2.38E-12 5.55E-12
 8.20E-12 1.15E-11 1.39E-11 1.41E-11 1.23E-11 1.08E-11
 1.00E-74 1.00E-74 1.38E-37 3.67E-24 1.60E-17 1.23E-13 2.03E-12 4.79E-12
 7.13E-12 1.01E-11 1.25E-11 1.29E-11 1.15E-11 1.02E-11
 1.00E-74 1.00E-74 8.12E-38 2.11E-24 9.12E-18 7.00E-14 1.18E-12 2.81E-12
 4.22E-12 6.11E-12 7.75E-12 8.47E-12 8.00E-12 7.43E-12
 1.00E-74 1.00E-74 7.78E-38 1.78E-24 7.04E-18 4.99E-14 7.97E-13 1.86E-12
 2.75E-12 3.88E-12 4.81E-12 5.14E-12 4.80E-12 4.46E-12
 1.00E-74 1.00E-74 2.25E-37 4.42E-24 1.37E-17 7.15E-14 9.57E-13 2.07E-12
 2.93E-12 3.96E-12 4.71E-12 4.83E-12 4.34E-12 3.94E-12
  294.375    7  14 /pl=01:ss= 4:pb= 1:sz= 4/type=excit/ispb = t/isel =   14
 1.00E+10 1.00E+11 1.00E+12 1.00E+13 1.00E+14 1.00E+15 1.00E+16
 4.31E-01 6.46E-01 1.08E+00 2.15E+00 4.31E+00 1.08E+01 2.15E+01 3.23E+01
 4.31E+01 6.46E+01 1.08E+02 2.15E+02 4.31E+02 6.46E+02
 1.00E-74 1.00E-74 2.59E-36 5.03E-23 1.87E-16 1.28E-12 2.01E-11 4.66E-11
 6.84E-11 9.55E-11 1.15E-10 1.17E-10 1.01E-10 8.95E-11
 1.00E-74 1.00E-74 2.59E-36 5.03E-23 1.87E-16 1.28E-12 2.01E-11 4.66E-11
 6.84E-11 9.55E-11 1.15E-10 1.17E-10 1.01E-10 8.95E-11
 1.00E-74 1.00E-74 2.60E-36 5.04E-23 1.87E-16 1.28E-12 2.01E-11 4.67E-11
 6.85E-11 9.56E-11 1.15E-10 1.17E-10 1.01E-10 8.96E-11
 1.00E-74 1.00E-74 2.66E-36 5.14E-23 1.90E-16 1.30E-12 2.04E-11 4.72E-11
 6.92E-11 9.64E-11 1.16E-10 1.18E-10 1.02E-10 9.03E-11
 1.00E-74 1.00E-74 3.15E-36 5.88E-23 2.13E-16 1.43E-12 2.22E-11 5.12E-11
 7.47E-11 1.04E-10 1.24E-10 1.25E-10 1.09E-10 9.61E-11
 1.00E-74 1.00E-74 5.01E-36 8.29E-23 2.78E-16 1.76E-12 2.68E-11 6.11E-11
 8.89E-11 1.23E-10 1.48E-10 1.50E-10 1.31E-10 1.17E-10
 1.00E-74 1.00E-74 1.55E-35 2.23E-22 5.88E-16 2.79E-12 3.62E-11 7.73E-11
 1.09E-10 1.46E-10 1.73E-10 1.76E-10 1.56E-10 1.41E-10
  305.456    7  14 /pl=01:ss= 4:pb= 1:sz= 4/type=excit/ispb = t/isel =   15
 1.00E+10 1.00E+11 1.00E+12 1.00E+13 1.00E+14 1.00E+15 1.00E+16
 4.31E-01 6.46E-01 1.08E+00 2.15E+00 4.31E+00 1.08E+01 2.15E+01 3.23E+01
 4.31E+01 6.46E+01 1.08E+02 2.15E+02 4.31E+02 6.46E+02
 1.00E-74 1.00E-74 2.48E-36 2.38E-23 6.23E-17 3.47E-13 5.11E-12 1.16E-11
 1.67E-11 2.30E-11 2.76E-11 2.77E-11 2.40E-11 2.12E-11
 1.00E-74 1.00E-74 2.48E-36 2.38E-23 6.22E-17 3.47E-13 5.10E-12 1.15E-11
 1.67E-11 2.30E-11 2.76E-11 2.77E-11 2.40E-11 2.12E-11
 1.00E-74 1.00E-74 2.46E-36 2.36E-23 6.17E-17 3.44E-13 5.07E-12 1.15E-11
 1.66E-11 2.29E-11 2.74E-11 2.76E-11 2.39E-11 2.12E-11
 1.00E-74 1.00E-74 2.28E-36 2.19E-23 5.73E-17 3.21E-13 4.76E-12 1.08E-11
 1.58E-11 2.18E-11 2.63E-11 2.66E-11 2.33E-11 2.07E-11
 1.00E-74 1.00E-74 1.54E-36 1.46E-23 3.82E-17 2.16E-13 3.28E-12 7.57E-12
 1.12E-11 1.58E-11 1.96E-11 2.08E-11 1.90E-11 1.74E-11
 1.00E-74 1.00E-74 1.19E-36 9.89E-24 2.36E-17 1.25E-13 1.82E-12 4.15E-12
 6.08E-12 8.55E-12 1.06E-11 1.15E-11 1.09E-11 1.02E-11
 1.00E-74 1.00E-74 2.90E-36 2.06E-23 3.83E-17 1.48E-13 1.79E-12 3.76E-12
 5.25E-12 7.02E-12 8.31E-12 8.54E-12 7.76E-12 7.11E-12
  313.668    7  14 /pl=01:ss= 4:pb= 1:sz= 4/type=excit/ispb = t/isel =   16
 1.00E+10 1.00E+11 1.00E+12 1.00E+13 1.00E+14 1.00E+15 1.00E+16
 4.31E-01 6.46E-01 1.08E+00 2.15E+00 4.31E+00 1.08E+01 2.15E+01 3.23E+01
 4.31E+01 6.46E+01 1.08E+02 2.15E+02 4.31E+02 6.46E+02
 1.00E-74 1.00E-74 5.25E-35 3.05E-22 6.22E-16 2.98E-12 4.18E-11 9.30E-11
 1.34E-10 1.83E-10 2.19E-10 2.20E-10 1.90E-10 1.68E-10
 1.00E-74 1.00E-74 5.25E-35 3.05E-22 6.22E-16 2.98E-12 4.18E-11 9.30E-11
 1.34E-10 1.83E-10 2.19E-10 2.20E-10 1.90E-10 1.68E-10
 1.00E-74 1.00E-74 5.25E-35 3.06E-22 6.23E-16 2.98E-12 4.18E-11 9.31E-11
 1.34E-10 1.84E-10 2.19E-10 2.20E-10 1.90E-10 1.68E-10
 1.00E-74 1.00E-74 5.30E-35 3.08E-22 6.28E-16 3.00E-12 4.21E-11 9.37E-11
 1.35E-10 1.85E-10 2.20E-10 2.21E-10 1.91E-10 1.68E-10
 1.00E-74 1.00E-74 5.90E-35 3.35E-22 6.74E-16 3.18E-12 4.43E-11 9.82E-11
 1.41E-10 1.92E-10 2.28E-10 2.28E-10 1.96E-10 1.73E-10
 1.00E-74 1.00E-74 9.79E-35 4.89E-22 9.02E-16 3.99E-12 5.38E-11 1.18E-10
 1.68E-10 2.27E-10 2.68E-10 2.67E-10 2.30E-10 2.03E-10
 1.00E-74 2.81E-51 2.93E-34 1.29E-21 1.89E-15 6.28E-12 7.22E-11 1.49E-10
 2.06E-10 2.71E-10 3.17E-10 3.20E-10 2.84E-10 2.55E-10
  335.123    7  14 /pl=01:ss= 4:pb= 1:sz= 4/type=excit/ispb = t/isel =   17
 1.00E+10 1.00E+11 1.00E+12 1.00E+13 1.00E+14 1.00E+15 1.00E+16
 4.31E-01 6.46E-01 1.08E+00 2.15E+00 4.31E+00 1.08E+01 2.15E+01 3.23E+01
 4.31E+01 6.46E+01 1.08E+02 2.15E+02 4.31E+02 6.46E+02
 1.00E-74 1.00E-74 1.56E-34 2.83E-22 3.25E-16 1.11E-12 1.39E-11 2.99E-11
 4.23E-11 5.68E-11 6.67E-11 6.63E-11 5.74E-11 5.08E-11
 1.00E-74 1.00E-74 1.56E-34 2.83E-22 3.25E-16 1.11E-12 1.39E-11 2.99E-11
 4.22E-11 5.68E-11 6.67E-11 6.63E-11 5.74E-11 5.08E-11
 1.00E-74 1.00E-74 1.55E-34 2.83E-22 3.24E-16 1.11E-12 1.39E-11 2.99E-11
 4.22E-11 5.67E-11 6.66E-11 6.63E-11 5.73E-11 5.08E-11
 1.00E-74 1.00E-74 1.52E-34 2.76E-22 3.17E-16 1.09E-12 1.37E-11 2.94E-11
 4.15E-11 5.59E-11 6.57E-11 6.56E-11 5.69E-11 5.04E-11
 1.00E-74 6.05E-51 1.27E-34 2.31E-22 2.65E-16 9.14E-13 1.16E-11 2.52E-11
 3.59E-11 4.89E-11 5.84E-11 5.95E-11 5.26E-11 4.72E-11
 1.00E-74 3.03E-51 8.73E-35 1.47E-22 1.57E-16 5.16E-13 6.49E-12 1.41E-11
 2.03E-11 2.80E-11 3.43E-11 3.67E-11 3.45E-11 3.21E-11
 1.00E-74 6.48E-51 1.56E-34 2.22E-22 1.84E-16 4.37E-13 4.55E-12 9.13E-12
 1.25E-11 1.65E-11 1.95E-11 2.03E-11 1.89E-11 1.76E-11
  344.903    7  14 /pl=01:ss= 4:pb= 1:sz= 4/type=excit/ispb = t/isel =   18
 1.00E+10 1.00E+11 1.00E+12 1.00E+13 1.00E+14 1.00E+15 1.00E+16
 4.31E-01 6.46E-01 1.08E+00 2.15E+00 4.31E+00 1.08E+01 2.15E+01 3.23E+01
 4.31E+01 6.46E+01 1.08E+02 2.15E+02 4.31E+02 6.46E+02
 9.74E-45 9.83E-33 3.51E-23 4.58E-16 1.50E-12 1.73E-10 7.65E-10 1.21E-09
 1.51E-09 1.84E-09 2.12E-09 2.27E-09 2.24E-09 2.16E-09
 1.01E-44 9.83E-33 3.51E-23 4.58E-16 1.50E-12 1.73E-10 7.65E-10 1.21E-09
 1.51E-09 1.84E-09 2.12E-09 2.27E-09 2.24E-09 2.16E-09
 1.01E-44 9.83E-33 3.51E-23 4.58E-16 1.50E-12 1.73E-10 7.65E-10 1.21E-09
 1.51E-09 1.84E-09 2.12E-09 2.27E-09 2.24E-09 2.16E-09
 1.01E-44 9.83E-33 3.51E-23 4.58E-16 1.50E-12 1.73E-10 7.65E-10 1.21E-09
 1.51E-09 1.84E-09 2.12E-09 2.27E-09 2.24E-09 2.15E-09
 1.01E-44 9.86E-33 3.52E-23 4.59E-16 1.51E-12 1.73E-10 7.65E-10 1.21E-09
 1.50E-09 1.83E-09 2.11E-09 2.26E-09 2.23E-09 2.15E-09
 1.04E-44 1.01E-32 3.61E-23 4.73E-16 1.57E-12 1.79E-10 7.72E-10 1.21E-09
 1.49E-09 1.80E-09 2.06E-09 2.21E-09 2.18E-09 2.10E-09
 1.32E-44 1.25E-32 4.31E-23 5.67E-16 1.93E-12 1.97E-10 7.45E-10 1.09E-09
 1.31E-09 1.53E-09 1.72E-09 1.83E-09 1.82E-09 1.78E-09
  352.099    7  14 /pl=01:ss= 4:pb= 1:sz= 4/type=excit/ispb = t/isel =   19
 1.00E+10 1.00E+11 1.00E+12 1.00E+13 1.00E+14 1.00E+15 1.00E+16
 4.31E-01 6.46E-01 1.08E+00 2.15E+00 4.31E+00 1.08E+01 2.15E+01 3.23E+01
 4.31E+01 6.46E+01 1.08E+02 2.15E+02 4.31E+02 6.46E+02
 1.00E-74 1.00E-74 6.20E-33 4.87E-21 3.66E-15 9.61E-12 1.11E-10 2.31E-10
 3.24E-10 4.29E-10 5.00E-10 4.96E-10 4.28E-10 3.77E-10
 1.00E-74 1.00E-74 6.20E-33 4.87E-21 3.66E-15 9.61E-12 1.11E-10 2.31E-10
 3.24E-10 4.29E-10 5.00E-10 4.96E-10 4.28E-10 3.77E-10
 1.00E-74 1.00E-74 6.20E-33 4.87E-21 3.66E-15 9.62E-12 1.11E-10 2.32E-10
 3.24E-10 4.29E-10 5.00E-10 4.96E-10 4.28E-10 3.77E-10
 1.00E-74 1.01E-48 6.23E-33 4.89E-21 3.67E-15 9.65E-12 1.11E-10 2.32E-10
 3.25E-10 4.30E-10 5.01E-10 4.97E-10 4.28E-10 3.77E-10
 1.00E-74 7.05E-49 6.57E-33 5.09E-21 3.80E-15 9.93E-12 1.14E-10 2.38E-10
 3.32E-10 4.39E-10 5.10E-10 5.04E-10 4.34E-10 3.82E-10
 1.00E-74 1.36E-48 1.06E-32 7.21E-21 4.94E-15 1.21E-11 1.35E-10 2.76E-10
 3.81E-10 4.99E-10 5.73E-10 5.61E-10 4.78E-10 4.19E-10
 1.00E-74 4.04E-48 3.17E-32 1.97E-20 1.10E-14 2.05E-11 1.94E-10 3.75E-10
 5.03E-10 6.44E-10 7.34E-10 7.25E-10 6.31E-10 5.60E-10
  400.188    7  14 /pl=01:ss= 4:pb= 1:sz= 4/type=excit/ispb = t/isel =   20
 1.00E+10 1.00E+11 1.00E+12 1.00E+13 1.00E+14 1.00E+15 1.00E+16
 4.31E-01 6.46E-01 1.08E+00 2.15E+00 4.31E+00 1.08E+01 2.15E+01 3.23E+01
 4.31E+01 6.46E+01 1.08E+02 2.15E+02 4.31E+02 6.46E+02
 1.00E-74 1.00E-74 1.48E-38 2.26E-24 2.44E-17 3.24E-13 6.43E-12 1.62E-11
 2.48E-11 3.67E-11 4.80E-11 5.62E-11 5.89E-11 5.88E-11
 1.00E-74 1.00E-74 1.48E-38 2.26E-24 2.44E-17 3.24E-13 6.43E-12 1.62E-11
 2.48E-11 3.67E-11 4.80E-11 5.62E-11 5.89E-11 5.88E-11
 1.00E-74 1.00E-74 1.48E-38 2.26E-24 2.44E-17 3.24E-13 6.43E-12 1.62E-11
 2.48E-11 3.67E-11 4.81E-11 5.62E-11 5.89E-11 5.88E-11
 1.00E-74 1.00E-74 1.49E-38 2.27E-24 2.44E-17 3.24E-13 6.44E-12 1.62E-11
 2.49E-11 3.67E-11 4.81E-11 5.62E-11 5.89E-11 5.88E-11
 1.00E-74 1.00E-74 1.59E-38 2.38E-24 2.52E-17 3.30E-13 6.51E-12 1.63E-11
 2.50E-11 3.69E-11 4.82E-11 5.62E-11 5.88E-11 5.86E-11
 1.00E-74 1.00E-74 2.62E-38 3.42E-24 3.26E-17 3.88E-13 7.29E-12 1.79E-11
 2.71E-11 3.92E-11 5.02E-11 5.71E-11 5.85E-11 5.78E-11
 1.00E-74 1.00E-74 1.71E-37 1.81E-23 1.35E-16 1.13E-12 1.67E-11 3.64E-11
 5.12E-11 6.78E-11 7.82E-11 7.77E-11 7.00E-11 6.47E-11
  406.054    7  14 /pl=01:ss= 4:pb= 1:sz= 4/type=excit/ispb = t/isel =   21
 1.00E+10 1.00E+11 1.00E+12 1.00E+13 1.00E+14 1.00E+15 1.00E+16
 4.31E-01 6.46E-01 1.08E+00 2.15E+00 4.31E+00 1.08E+01 2.15E+01 3.23E+01
 4.31E+01 6.46E+01 1.08E+02 2.15E+02 4.31E+02 6.46E+02
 1.00E-74 3.62E-46 2.00E-31 1.81E-20 4.68E-15 6.72E-12 6.34E-11 1.24E-10
 1.68E-10 2.17E-10 2.46E-10 2.39E-10 2.06E-10 1.82E-10
 1.00E-74 4.10E-46 2.00E-31 1.81E-20 4.68E-15 6.72E-12 6.34E-11 1.24E-10
 1.68E-10 2.17E-10 2.46E-10 2.39E-10 2.06E-10 1.82E-10
 1.00E-74 4.04E-46 1.99E-31 1.81E-20 4.68E-15 6.72E-12 6.34E-11 1.24E-10
 1.68E-10 2.16E-10 2.46E-10 2.39E-10 2.06E-10 1.82E-10
 1.00E-74 4.02E-46 1.98E-31 1.80E-20 4.66E-15 6.69E-12 6.31E-11 1.24E-10
 1.68E-10 2.16E-10 2.45E-10 2.38E-10 2.05E-10 1.82E-10
 1.00E-74 3.80E-46 1.89E-31 1.72E-20 4.45E-15 6.39E-12 6.03E-11 1.19E-10
 1.61E-10 2.08E-10 2.37E-10 2.32E-10 2.01E-10 1.78E-10
 1.00E-74 2.88E-46 1.46E-31 1.33E-20 3.35E-15 4.66E-12 4.39E-11 8.68E-11
 1.19E-10 1.55E-10 1.82E-10 1.84E-10 1.65E-10 1.50E-10
 1.00E-74 3.35E-46 1.59E-31 1.31E-20 2.74E-15 2.86E-12 2.30E-11 4.27E-11
 5.67E-11 7.27E-11 8.51E-11 8.92E-11 8.45E-11 7.95E-11
  456.250    7  14 /pl=01:ss= 4:pb= 1:sz= 4/type=excit/ispb = t/isel =   22
 1.00E+10 1.00E+11 1.00E+12 1.00E+13 1.00E+14 1.00E+15 1.00E+16
 4.31E-01 6.46E-01 1.08E+00 2.15E+00 4.31E+00 1.08E+01 2.15E+01 3.23E+01
 4.31E+01 6.46E+01 1.08E+02 2.15E+02 4.31E+02 6.46E+02
 1.00E-74 4.86E-43 2.98E-29 5.62E-19 6.51E-14 5.62E-11 4.49E-10 8.33E-10
 1.10E-09 1.38E-09 1.55E-09 1.50E-09 1.28E-09 1.12E-09
 1.00E-74 4.85E-43 2.98E-29 5.62E-19 6.51E-14 5.62E-11 4.49E-10 8.33E-10
 1.10E-09 1.38E-09 1.55E-09 1.50E-09 1.28E-09 1.12E-09
 1.00E-74 4.85E-43 2.98E-29 5.62E-19 6.51E-14 5.62E-11 4.49E-10 8.33E-10
 1.10E-09 1.38E-09 1.55E-09 1.50E-09 1.28E-09 1.12E-09
 1.00E-74 4.87E-43 2.99E-29 5.63E-19 6.52E-14 5.63E-11 4.50E-10 8.34E-10
 1.10E-09 1.38E-09 1.55E-09 1.50E-09 1.28E-09 1.12E-09
 1.00E-74 5.08E-43 3.09E-29 5.77E-19 6.64E-14 5.71E-11 4.55E-10 8.43E-10
 1.11E-09 1.39E-09 1.56E-09 1.51E-09 1.28E-09 1.13E-09
 1.00E-74 7.74E-43 4.32E-29 7.34E-19 7.94E-14 6.49E-11 5.03E-10 9.22E-10
 1.20E-09 1.50E-09 1.67E-09 1.59E-09 1.35E-09 1.18E-09
 1.00E-74 2.57E-42 1.39E-28 2.11E-18 1.93E-13 1.22E-10 8.07E-10 1.38E-09
 1.75E-09 2.10E-09 2.28E-09 2.16E-09 1.83E-09 1.60E-09
  484.614    7  14 /pl=01:ss= 4:pb= 1:sz= 4/type=excit/ispb = t/isel =   23
 1.00E+10 1.00E+11 1.00E+12 1.00E+13 1.00E+14 1.00E+15 1.00E+16
 4.31E-01 6.46E-01 1.08E+00 2.15E+00 4.31E+00 1.08E+01 2.15E+01 3.23E+01
 4.31E+01 6.46E+01 1.08E+02 2.15E+02 4.31E+02 6.46E+02
 1.00E-74 1.00E-74 5.08E-35 9.25E-23 1.06E-16 3.63E-13 4.55E-12 9.77E-12
 1.38E-11 1.85E-11 2.18E-11 2.16E-11 1.87E-11 1.66E-11
 1.00E-74 1.00E-74 5.08E-35 9.25E-23 1.06E-16 3.63E-13 4.55E-12 9.76E-12
 1.38E-11 1.85E-11 2.18E-11 2.16E-11 1.87E-11 1.66E-11
 1.00E-74 1.00E-74 5.07E-35 9.22E-23 1.06E-16 3.62E-13 4.54E-12 9.75E-12
 1.38E-11 1.85E-11 2.17E-11 2.16E-11 1.87E-11 1.66E-11
 1.00E-74 1.00E-74 4.95E-35 9.02E-23 1.04E-16 3.55E-13 4.46E-12 9.58E-12
 1.35E-11 1.82E-11 2.15E-11 2.14E-11 1.86E-11 1.65E-11
 1.00E-74 1.98E-51 4.15E-35 7.55E-23 8.66E-17 2.98E-13 3.80E-12 8.23E-12
 1.17E-11 1.60E-11 1.91E-11 1.94E-11 1.72E-11 1.54E-11
 1.00E-74 9.88E-52 2.85E-35 4.80E-23 5.13E-17 1.68E-13 2.12E-12 4.61E-12
 6.61E-12 9.13E-12 1.12E-11 1.20E-11 1.13E-11 1.05E-11
 1.00E-74 2.11E-51 5.10E-35 7.23E-23 6.00E-17 1.43E-13 1.49E-12 2.98E-12
 4.09E-12 5.38E-12 6.36E-12 6.63E-12 6.17E-12 5.75E-12
  505.333    7  14 /pl=01:ss= 4:pb= 1:sz= 4/type=excit/ispb = t/isel =   24
 1.00E+10 1.00E+11 1.00E+12 1.00E+13 1.00E+14 1.00E+15 1.00E+16
 4.31E-01 6.46E-01 1.08E+00 2.15E+00 4.31E+00 1.08E+01 2.15E+01 3.23E+01
 4.31E+01 6.46E+01 1.08E+02 2.15E+02 4.31E+02 6.46E+02
 1.17E-31 1.67E-23 5.10E-17 3.20E-12 6.80E-10 1.38E-08 3.35E-08 4.30E-08
 4.78E-08 5.18E-08 5.26E-08 4.97E-08 4.40E-08 4.03E-08
 1.17E-31 1.67E-23 5.10E-17 3.20E-12 6.80E-10 1.38E-08 3.35E-08 4.30E-08
 4.78E-08 5.18E-08 5.26E-08 4.97E-08 4.40E-08 4.03E-08
 1.17E-31 1.67E-23 5.10E-17 3.20E-12 6.80E-10 1.38E-08 3.35E-08 4.30E-08
 4.78E-08 5.18E-08 5.26E-08 4.97E-08 4.40E-08 4.03E-08
 1.17E-31 1.67E-23 5.10E-17 3.20E-12 6.80E-10 1.38E-08 3.34E-08 4.30E-08
 4.78E-08 5.18E-08 5.26E-08 4.97E-08 4.40E-08 4.03E-08
 1.16E-31 1.67E-23 5.09E-17 3.20E-12 6.79E-10 1.38E-08 3.34E-08 4.29E-08
 4.77E-08 5.16E-08 5.25E-08 4.96E-08 4.39E-08 4.02E-08
 1.15E-31 1.65E-23 5.05E-17 3.18E-12 6.75E-10 1.36E-08 3.27E-08 4.19E-08
 4.65E-08 5.03E-08 5.12E-08 4.85E-08 4.31E-08 3.95E-08
 1.01E-31 1.48E-23 4.63E-17 2.99E-12 6.40E-10 1.22E-08 2.75E-08 3.41E-08
 3.74E-08 4.00E-08 4.08E-08 3.94E-08 3.60E-08 3.36E-08
  535.599    7  14 /pl=01:ss= 4:pb= 1:sz= 4/type=excit/ispb = t/isel =   25
 1.00E+10 1.00E+11 1.00E+12 1.00E+13 1.00E+14 1.00E+15 1.00E+16
 4.31E-01 6.46E-01 1.08E+00 2.15E+00 4.31E+00 1.08E+01 2.15E+01 3.23E+01
 4.31E+01 6.46E+01 1.08E+02 2.15E+02 4.31E+02 6.46E+02
 1.00E-74 1.67E-34 7.46E-24 6.24E-16 4.79E-12 8.11E-10 3.76E-09 5.81E-09
 6.94E-09 7.89E-09 8.05E-09 7.11E-09 5.77E-09 4.97E-09
 1.00E-74 1.67E-34 7.46E-24 6.24E-16 4.79E-12 8.11E-10 3.76E-09 5.81E-09
 6.94E-09 7.89E-09 8.05E-09 7.12E-09 5.77E-09 4.97E-09
 9.26E-48 1.67E-34 7.46E-24 6.24E-16 4.79E-12 8.11E-10 3.76E-09 5.82E-09
 6.94E-09 7.89E-09 8.05E-09 7.12E-09 5.77E-09 4.97E-09
 7.41E-48 1.68E-34 7.51E-24 6.27E-16 4.81E-12 8.12E-10 3.77E-09 5.82E-09
 6.95E-09 7.90E-09 8.06E-09 7.12E-09 5.78E-09 4.97E-09
 7.97E-48 1.80E-34 7.94E-24 6.53E-16 4.95E-12 8.28E-10 3.83E-09 5.90E-09
 7.04E-09 8.00E-09 8.15E-09 7.20E-09 5.83E-09 5.02E-09
 1.40E-47 2.96E-34 1.20E-23 9.00E-16 6.34E-12 9.86E-10 4.39E-09 6.68E-09
 7.90E-09 8.91E-09 9.02E-09 7.93E-09 6.39E-09 5.48E-09
 4.35E-47 9.31E-34 3.74E-23 2.64E-15 1.69E-11 2.19E-09 8.48E-09 1.21E-08
 1.39E-08 1.52E-08 1.51E-08 1.32E-08 1.06E-08 9.10E-09
  629.503    7  14 /pl=01:ss= 4:pb= 1:sz= 4/type=excit/ispb = t/isel =   26
 1.00E+10 1.00E+11 1.00E+12 1.00E+13 1.00E+14 1.00E+15 1.00E+16
 4.31E-01 6.46E-01 1.08E+00 2.15E+00 4.31E+00 1.08E+01 2.15E+01 3.23E+01
 4.31E+01 6.46E+01 1.08E+02 2.15E+02 4.31E+02 6.46E+02
 1.00E-74 1.00E-74 8.63E-38 3.63E-24 1.98E-17 1.71E-13 2.91E-12 6.90E-12
 1.03E-11 1.45E-11 1.76E-11 1.79E-11 1.56E-11 1.38E-11
 1.00E-74 1.00E-74 8.63E-38 3.63E-24 1.98E-17 1.71E-13 2.91E-12 6.90E-12
 1.03E-11 1.45E-11 1.76E-11 1.79E-11 1.56E-11 1.38E-11
 1.00E-74 1.00E-74 8.65E-38 3.63E-24 1.98E-17 1.71E-13 2.91E-12 6.91E-12
 1.03E-11 1.45E-11 1.76E-11 1.79E-11 1.56E-11 1.38E-11
 1.00E-74 1.00E-74 8.95E-38 3.73E-24 2.02E-17 1.74E-13 2.95E-12 6.99E-12
 1.04E-11 1.46E-11 1.78E-11 1.81E-11 1.58E-11 1.40E-11
 1.00E-74 1.00E-74 1.09E-37 4.39E-24 2.33E-17 1.97E-13 3.31E-12 7.78E-12
 1.15E-11 1.61E-11 1.96E-11 1.99E-11 1.73E-11 1.54E-11
 1.00E-74 1.00E-74 1.70E-37 6.09E-24 3.02E-17 2.42E-13 3.98E-12 9.29E-12
 1.37E-11 1.92E-11 2.33E-11 2.38E-11 2.10E-11 1.89E-11
 1.00E-74 1.00E-74 5.45E-37 1.69E-23 6.58E-17 3.95E-13 5.52E-12 1.21E-11
 1.72E-11 2.34E-11 2.79E-11 2.85E-11 2.54E-11 2.29E-11
  648.404    7  14 /pl=01:ss= 4:pb= 1:sz= 4/type=excit/ispb = t/isel =   27
 1.00E+10 1.00E+11 1.00E+12 1.00E+13 1.00E+14 1.00E+15 1.00E+16
 4.31E-01 6.46E-01 1.08E+00 2.15E+00 4.31E+00 1.08E+01 2.15E+01 3.23E+01
 4.31E+01 6.46E+01 1.08E+02 2.15E+02 4.31E+02 6.46E+02
 1.00E-74 6.85E-47 3.78E-32 3.43E-21 8.86E-16 1.27E-12 1.20E-11 2.36E-11
 3.19E-11 4.10E-11 4.66E-11 4.52E-11 3.89E-11 3.45E-11
 1.00E-74 7.77E-47 3.78E-32 3.43E-21 8.86E-16 1.27E-12 1.20E-11 2.36E-11
 3.19E-11 4.10E-11 4.66E-11 4.52E-11 3.89E-11 3.45E-11
 1.00E-74 7.65E-47 3.78E-32 3.42E-21 8.86E-16 1.27E-12 1.20E-11 2.35E-11
 3.19E-11 4.10E-11 4.66E-11 4.52E-11 3.89E-11 3.44E-11
 1.00E-74 7.61E-47 3.76E-32 3.41E-21 8.82E-16 1.27E-12 1.19E-11 2.34E-11
 3.17E-11 4.08E-11 4.64E-11 4.51E-11 3.88E-11 3.44E-11
 1.00E-74 7.18E-47 3.58E-32 3.26E-21 8.43E-16 1.21E-12 1.14E-11 2.25E-11
 3.05E-11 3.93E-11 4.49E-11 4.38E-11 3.80E-11 3.37E-11
 1.00E-74 5.46E-47 2.77E-32 2.53E-21 6.35E-16 8.83E-13 8.31E-12 1.64E-11
 2.25E-11 2.94E-11 3.44E-11 3.48E-11 3.13E-11 2.84E-11
 1.00E-74 6.34E-47 3.02E-32 2.48E-21 5.18E-16 5.42E-13 4.35E-12 8.07E-12
 1.07E-11 1.38E-11 1.61E-11 1.69E-11 1.60E-11 1.51E-11
  653.801    7  14 /pl=01:ss= 4:pb= 1:sz= 4/type=excit/ispb = t/isel =   28
 1.00E+10 1.00E+11 1.00E+12 1.00E+13 1.00E+14 1.00E+15 1.00E+16
 4.31E-01 6.46E-01 1.08E+00 2.15E+00 4.31E+00 1.08E+01 2.15E+01 3.23E+01
 4.31E+01 6.46E+01 1.08E+02 2.15E+02 4.31E+02 6.46E+02
 1.00E-74 1.00E-74 8.65E-35 9.15E-23 8.10E-17 2.39E-13 2.93E-12 6.36E-12
 9.19E-12 1.29E-11 1.65E-11 1.93E-11 2.00E-11 1.96E-11
 1.00E-74 1.00E-74 8.65E-35 9.16E-23 8.10E-17 2.39E-13 2.93E-12 6.36E-12
 9.19E-12 1.29E-11 1.65E-11 1.93E-11 2.00E-11 1.96E-11
 1.00E-74 1.00E-74 8.67E-35 9.19E-23 8.13E-17 2.39E-13 2.94E-12 6.37E-12
 9.21E-12 1.29E-11 1.65E-11 1.93E-11 2.00E-11 1.97E-11
 1.00E-74 1.00E-74 8.89E-35 9.48E-23 8.39E-17 2.46E-13 3.01E-12 6.51E-12
 9.38E-12 1.32E-11 1.67E-11 1.94E-11 2.01E-11 1.97E-11
 1.00E-74 1.00E-74 1.06E-34 1.16E-22 1.03E-16 2.98E-13 3.57E-12 7.61E-12
 1.08E-11 1.49E-11 1.85E-11 2.08E-11 2.10E-11 2.04E-11
 1.00E-74 1.47E-50 1.78E-34 1.78E-22 1.46E-16 4.02E-13 4.70E-12 9.92E-12
 1.40E-11 1.90E-11 2.30E-11 2.48E-11 2.39E-11 2.26E-11
 1.00E-74 4.02E-50 4.64E-34 3.80E-22 2.40E-16 4.82E-13 4.75E-12 9.35E-12
 1.27E-11 1.67E-11 1.96E-11 2.06E-11 1.95E-11 1.84E-11
  687.957    7  14 /pl=01:ss= 4:pb= 1:sz= 4/type=excit/ispb = t/isel =   29
 1.00E+10 1.00E+11 1.00E+12 1.00E+13 1.00E+14 1.00E+15 1.00E+16
 4.31E-01 6.46E-01 1.08E+00 2.15E+00 4.31E+00 1.08E+01 2.15E+01 3.23E+01
 4.31E+01 6.46E+01 1.08E+02 2.15E+02 4.31E+02 6.46E+02
 1.00E-74 1.00E-74 6.38E-37 1.24E-23 4.59E-17 3.14E-13 4.95E-12 1.15E-11
 1.68E-11 2.35E-11 2.83E-11 2.87E-11 2.49E-11 2.20E-11
 1.00E-74 1.00E-74 6.38E-37 1.24E-23 4.59E-17 3.14E-13 4.95E-12 1.15E-11
 1.68E-11 2.35E-11 2.83E-11 2.87E-11 2.49E-11 2.20E-11
 1.00E-74 1.00E-74 6.39E-37 1.24E-23 4.60E-17 3.14E-13 4.95E-12 1.15E-11
 1.68E-11 2.35E-11 2.84E-11 2.87E-11 2.49E-11 2.20E-11
 1.00E-74 1.00E-74 6.53E-37 1.26E-23 4.67E-17 3.19E-13 5.01E-12 1.16E-11
 1.70E-11 2.37E-11 2.86E-11 2.90E-11 2.51E-11 2.22E-11
 1.00E-74 1.00E-74 7.74E-37 1.45E-23 5.25E-17 3.52E-13 5.47E-12 1.26E-11
 1.84E-11 2.55E-11 3.06E-11 3.09E-11 2.67E-11 2.36E-11
 1.00E-74 1.00E-74 1.23E-36 2.04E-23 6.84E-17 4.34E-13 6.60E-12 1.50E-11
 2.19E-11 3.03E-11 3.63E-11 3.69E-11 3.23E-11 2.88E-11
 1.00E-74 1.00E-74 3.82E-36 5.48E-23 1.45E-16 6.87E-13 8.90E-12 1.90E-11
 2.68E-11 3.59E-11 4.25E-11 4.32E-11 3.84E-11 3.47E-11
  720.997    7  14 /pl=01:ss= 4:pb= 1:sz= 4/type=excit/ispb = t/isel =   30
 1.00E+10 1.00E+11 1.00E+12 1.00E+13 1.00E+14 1.00E+15 1.00E+16
 4.31E-01 6.46E-01 1.08E+00 2.15E+00 4.31E+00 1.08E+01 2.15E+01 3.23E+01
 4.31E+01 6.46E+01 1.08E+02 2.15E+02 4.31E+02 6.46E+02
 1.00E-74 1.00E-74 3.14E-32 7.76E-21 3.45E-15 7.23E-12 7.99E-11 1.66E-10
 2.31E-10 3.12E-10 3.76E-10 4.12E-10 4.14E-10 4.06E-10
 1.00E-74 1.00E-74 3.14E-32 7.77E-21 3.45E-15 7.23E-12 7.99E-11 1.66E-10
 2.31E-10 3.12E-10 3.76E-10 4.12E-10 4.14E-10 4.06E-10
 1.00E-74 1.68E-47 3.15E-32 7.77E-21 3.45E-15 7.23E-12 7.99E-11 1.66E-10
 2.31E-10 3.12E-10 3.76E-10 4.12E-10 4.14E-10 4.06E-10
 1.00E-74 1.68E-47 3.17E-32 7.81E-21 3.47E-15 7.25E-12 8.01E-11 1.66E-10
 2.32E-10 3.13E-10 3.76E-10 4.12E-10 4.14E-10 4.06E-10
 1.00E-74 1.87E-47 3.43E-32 8.26E-21 3.60E-15 7.42E-12 8.14E-11 1.68E-10
 2.35E-10 3.16E-10 3.79E-10 4.14E-10 4.16E-10 4.06E-10
 1.00E-74 3.60E-47 5.96E-32 1.27E-20 4.96E-15 9.11E-12 9.44E-11 1.90E-10
 2.62E-10 3.46E-10 4.07E-10 4.35E-10 4.28E-10 4.15E-10
 1.00E-74 1.76E-46 2.76E-31 5.25E-20 1.74E-14 2.38E-11 1.98E-10 3.61E-10
 4.66E-10 5.71E-10 6.21E-10 5.97E-10 5.31E-10 4.89E-10
  734.183    7  14 /pl=01:ss= 4:pb= 1:sz= 4/type=excit/ispb = t/isel =   31
 1.00E+10 1.00E+11 1.00E+12 1.00E+13 1.00E+14 1.00E+15 1.00E+16
 4.31E-01 6.46E-01 1.08E+00 2.15E+00 4.31E+00 1.08E+01 2.15E+01 3.23E+01
 4.31E+01 6.46E+01 1.08E+02 2.15E+02 4.31E+02 6.46E+02
 7.11E-24 2.75E-18 7.37E-14 1.33E-10 4.80E-09 3.40E-08 5.84E-08 6.71E-08
 7.02E-08 7.14E-08 6.84E-08 6.07E-08 5.16E-08 4.62E-08
 7.11E-24 2.75E-18 7.37E-14 1.33E-10 4.80E-09 3.40E-08 5.84E-08 6.71E-08
 7.02E-08 7.14E-08 6.84E-08 6.07E-08 5.16E-08 4.62E-08
 7.11E-24 2.74E-18 7.37E-14 1.33E-10 4.80E-09 3.40E-08 5.84E-08 6.71E-08
 7.02E-08 7.14E-08 6.84E-08 6.07E-08 5.16E-08 4.62E-08
 7.11E-24 2.74E-18 7.37E-14 1.33E-10 4.79E-09 3.39E-08 5.84E-08 6.71E-08
 7.02E-08 7.14E-08 6.84E-08 6.07E-08 5.16E-08 4.62E-08
 7.07E-24 2.73E-18 7.34E-14 1.33E-10 4.78E-09 3.39E-08 5.82E-08 6.69E-08
 7.00E-08 7.12E-08 6.82E-08 6.05E-08 5.15E-08 4.61E-08
 6.67E-24 2.61E-18 7.08E-14 1.29E-10 4.69E-09 3.32E-08 5.68E-08 6.50E-08
 6.80E-08 6.91E-08 6.63E-08 5.90E-08 5.04E-08 4.52E-08
 4.30E-24 1.79E-18 5.21E-14 1.03E-10 3.92E-09 2.74E-08 4.47E-08 5.00E-08
 5.17E-08 5.23E-08 5.06E-08 4.63E-08 4.08E-08 3.74E-08
  736.973    7  14 /pl=01:ss= 4:pb= 1:sz= 4/type=excit/ispb = t/isel =   32
 1.00E+10 1.00E+11 1.00E+12 1.00E+13 1.00E+14 1.00E+15 1.00E+16
 4.31E-01 6.46E-01 1.08E+00 2.15E+00 4.31E+00 1.08E+01 2.15E+01 3.23E+01
 4.31E+01 6.46E+01 1.08E+02 2.15E+02 4.31E+02 6.46E+02
 1.00E-74 5.35E-36 5.44E-25 8.42E-17 9.08E-13 2.01E-10 1.06E-09 1.73E-09
 2.14E-09 2.52E-09 2.68E-09 2.48E-09 2.07E-09 1.81E-09
 1.00E-74 5.35E-36 5.44E-25 8.42E-17 9.08E-13 2.01E-10 1.06E-09 1.73E-09
 2.14E-09 2.52E-09 2.68E-09 2.48E-09 2.07E-09 1.81E-09
 1.00E-74 5.35E-36 5.43E-25 8.42E-17 9.08E-13 2.01E-10 1.06E-09 1.73E-09
 2.14E-09 2.52E-09 2.68E-09 2.48E-09 2.07E-09 1.81E-09
 1.00E-74 5.34E-36 5.43E-25 8.42E-17 9.07E-13 2.01E-10 1.06E-09 1.73E-09
 2.13E-09 2.52E-09 2.68E-09 2.47E-09 2.07E-09 1.81E-09
 9.75E-50 5.27E-36 5.37E-25 8.35E-17 9.01E-13 1.99E-10 1.05E-09 1.71E-09
 2.11E-09 2.50E-09 2.65E-09 2.46E-09 2.05E-09 1.80E-09
 7.15E-50 4.67E-36 4.87E-25 7.76E-17 8.45E-13 1.84E-10 9.58E-10 1.56E-09
 1.93E-09 2.28E-09 2.44E-09 2.29E-09 1.94E-09 1.71E-09
 4.52E-50 3.01E-36 3.22E-25 5.42E-17 6.01E-13 1.16E-10 5.40E-10 8.45E-10
 1.03E-09 1.23E-09 1.36E-09 1.36E-09 1.25E-09 1.16E-09
  751.685    7  14 /pl=01:ss= 4:pb= 1:sz= 4/type=excit/ispb = t/isel =   33
 1.00E+10 1.00E+11 1.00E+12 1.00E+13 1.00E+14 1.00E+15 1.00E+16
 4.31E-01 6.46E-01 1.08E+00 2.15E+00 4.31E+00 1.08E+01 2.15E+01 3.23E+01
 4.31E+01 6.46E+01 1.08E+02 2.15E+02 4.31E+02 6.46E+02
 1.00E-74 1.00E-74 1.62E-36 1.56E-23 4.08E-17 2.27E-13 3.34E-12 7.56E-12
 1.10E-11 1.51E-11 1.81E-11 1.81E-11 1.57E-11 1.39E-11
 1.00E-74 1.00E-74 1.62E-36 1.56E-23 4.07E-17 2.27E-13 3.34E-12 7.56E-12
 1.10E-11 1.51E-11 1.80E-11 1.81E-11 1.57E-11 1.39E-11
 1.00E-74 1.00E-74 1.61E-36 1.55E-23 4.04E-17 2.25E-13 3.32E-12 7.51E-12
 1.09E-11 1.50E-11 1.80E-11 1.80E-11 1.56E-11 1.39E-11
 1.00E-74 1.00E-74 1.49E-36 1.43E-23 3.75E-17 2.10E-13 3.12E-12 7.09E-12
 1.03E-11 1.43E-11 1.72E-11 1.74E-11 1.52E-11 1.36E-11
 1.00E-74 1.00E-74 1.01E-36 9.59E-24 2.50E-17 1.42E-13 2.15E-12 4.96E-12
 7.30E-12 1.03E-11 1.28E-11 1.36E-11 1.25E-11 1.14E-11
 1.00E-74 1.00E-74 7.76E-37 6.47E-24 1.55E-17 8.16E-14 1.19E-12 2.72E-12
 3.98E-12 5.60E-12 6.96E-12 7.51E-12 7.13E-12 6.69E-12
 1.00E-74 1.00E-74 1.90E-36 1.35E-23 2.51E-17 9.67E-14 1.17E-12 2.46E-12
 3.44E-12 4.59E-12 5.44E-12 5.59E-12 5.08E-12 4.66E-12
  803.445    7  14 /pl=01:ss= 4:pb= 1:sz= 4/type=excit/ispb = t/isel =   34
 1.00E+10 1.00E+11 1.00E+12 1.00E+13 1.00E+14 1.00E+15 1.00E+16
 4.31E-01 6.46E-01 1.08E+00 2.15E+00 4.31E+00 1.08E+01 2.15E+01 3.23E+01
 4.31E+01 6.46E+01 1.08E+02 2.15E+02 4.31E+02 6.46E+02
 1.00E-74 1.00E-74 1.18E-35 6.87E-23 1.40E-16 6.70E-13 9.39E-12 2.09E-11
 3.01E-11 4.13E-11 4.92E-11 4.94E-11 4.27E-11 3.77E-11
 1.00E-74 1.00E-74 1.18E-35 6.87E-23 1.40E-16 6.70E-13 9.39E-12 2.09E-11
 3.01E-11 4.13E-11 4.92E-11 4.94E-11 4.27E-11 3.77E-11
 1.00E-74 1.00E-74 1.18E-35 6.88E-23 1.40E-16 6.70E-13 9.40E-12 2.09E-11
 3.01E-11 4.13E-11 4.92E-11 4.95E-11 4.27E-11 3.77E-11
 1.00E-74 1.00E-74 1.19E-35 6.94E-23 1.41E-16 6.75E-13 9.46E-12 2.11E-11
 3.03E-11 4.15E-11 4.94E-11 4.97E-11 4.29E-11 3.79E-11
 1.00E-74 1.00E-74 1.33E-35 7.54E-23 1.52E-16 7.16E-13 9.96E-12 2.21E-11
 3.17E-11 4.32E-11 5.13E-11 5.13E-11 4.42E-11 3.90E-11
 1.00E-74 1.00E-74 2.20E-35 1.10E-22 2.03E-16 8.98E-13 1.21E-11 2.65E-11
 3.78E-11 5.11E-11 6.03E-11 6.01E-11 5.17E-11 4.57E-11
 1.00E-74 6.32E-52 6.60E-35 2.91E-22 4.25E-16 1.41E-12 1.63E-11 3.34E-11
 4.63E-11 6.11E-11 7.14E-11 7.20E-11 6.38E-11 5.74E-11
  961.050    7  14 /pl=01:ss= 4:pb= 1:sz= 4/type=excit/ispb = t/isel =   35
 1.00E+10 1.00E+11 1.00E+12 1.00E+13 1.00E+14 1.00E+15 1.00E+16
 4.31E-01 6.46E-01 1.08E+00 2.15E+00 4.31E+00 1.08E+01 2.15E+01 3.23E+01
 4.31E+01 6.46E+01 1.08E+02 2.15E+02 4.31E+02 6.46E+02
 1.00E-74 1.00E-74 1.09E-34 1.98E-22 2.27E-16 7.77E-13 9.75E-12 2.09E-11
 2.95E-11 3.97E-11 4.66E-11 4.64E-11 4.01E-11 3.55E-11
 1.00E-74 1.00E-74 1.09E-34 1.98E-22 2.27E-16 7.77E-13 9.75E-12 2.09E-11
 2.95E-11 3.97E-11 4.66E-11 4.64E-11 4.01E-11 3.55E-11
 1.00E-74 1.00E-74 1.09E-34 1.98E-22 2.27E-16 7.75E-13 9.73E-12 2.09E-11
 2.95E-11 3.96E-11 4.66E-11 4.63E-11 4.01E-11 3.55E-11
 1.00E-74 1.00E-74 1.06E-34 1.93E-22 2.22E-16 7.60E-13 9.55E-12 2.05E-11
 2.90E-11 3.91E-11 4.60E-11 4.58E-11 3.97E-11 3.52E-11
 1.00E-74 4.23E-51 8.88E-35 1.62E-22 1.85E-16 6.39E-13 8.13E-12 1.76E-11
 2.51E-11 3.42E-11 4.08E-11 4.16E-11 3.68E-11 3.30E-11
 1.00E-74 2.12E-51 6.10E-35 1.03E-22 1.10E-16 3.61E-13 4.54E-12 9.88E-12
 1.42E-11 1.96E-11 2.40E-11 2.57E-11 2.41E-11 2.24E-11
 1.00E-74 4.53E-51 1.09E-34 1.55E-22 1.29E-16 3.05E-13 3.18E-12 6.38E-12
 8.75E-12 1.15E-11 1.36E-11 1.42E-11 1.32E-11 1.23E-11
  1088.47    7  14 /pl=01:ss= 4:pb= 1:sz= 4/type=excit/ispb = t/isel =   36
 1.00E+10 1.00E+11 1.00E+12 1.00E+13 1.00E+14 1.00E+15 1.00E+16
 4.31E-01 6.46E-01 1.08E+00 2.15E+00 4.31E+00 1.08E+01 2.15E+01 3.23E+01
 4.31E+01 6.46E+01 1.08E+02 2.15E+02 4.31E+02 6.46E+02
 1.00E-74 2.91E-45 3.49E-31 1.12E-20 1.76E-15 1.90E-12 1.69E-11 3.31E-11
 4.55E-11 6.10E-11 7.51E-11 8.50E-11 8.65E-11 8.48E-11
 1.00E-74 2.91E-45 3.49E-31 1.12E-20 1.76E-15 1.90E-12 1.69E-11 3.31E-11
 4.55E-11 6.10E-11 7.51E-11 8.50E-11 8.65E-11 8.48E-11
 1.00E-74 2.92E-45 3.49E-31 1.12E-20 1.76E-15 1.90E-12 1.69E-11 3.31E-11
 4.55E-11 6.10E-11 7.51E-11 8.50E-11 8.65E-11 8.48E-11
 1.00E-74 2.93E-45 3.50E-31 1.13E-20 1.77E-15 1.91E-12 1.70E-11 3.32E-11
 4.56E-11 6.10E-11 7.51E-11 8.50E-11 8.65E-11 8.48E-11
 1.00E-74 3.03E-45 3.64E-31 1.19E-20 1.87E-15 2.01E-12 1.76E-11 3.43E-11
 4.68E-11 6.24E-11 7.63E-11 8.58E-11 8.69E-11 8.50E-11
 1.00E-74 4.06E-45 4.86E-31 1.62E-20 2.53E-15 2.59E-12 2.19E-11 4.17E-11
 5.61E-11 7.30E-11 8.66E-11 9.34E-11 9.16E-11 8.83E-11
 1.00E-74 1.10E-44 1.23E-30 3.57E-20 4.52E-15 3.47E-12 2.50E-11 4.47E-11
 5.83E-11 7.35E-11 8.52E-11 9.00E-11 8.68E-11 8.31E-11
  1115.25    7  14 /pl=01:ss= 4:pb= 1:sz= 4/type=excit/ispb = t/isel =   37
 1.00E+10 1.00E+11 1.00E+12 1.00E+13 1.00E+14 1.00E+15 1.00E+16
 4.31E-01 6.46E-01 1.08E+00 2.15E+00 4.31E+00 1.08E+01 2.15E+01 3.23E+01
 4.31E+01 6.46E+01 1.08E+02 2.15E+02 4.31E+02 6.46E+02
 1.00E-74 1.00E-74 1.05E-33 8.26E-22 6.21E-16 1.63E-12 1.88E-11 3.93E-11
 5.49E-11 7.28E-11 8.48E-11 8.42E-11 7.26E-11 6.39E-11
 1.00E-74 1.00E-74 1.05E-33 8.26E-22 6.21E-16 1.63E-12 1.88E-11 3.93E-11
 5.49E-11 7.28E-11 8.48E-11 8.42E-11 7.26E-11 6.39E-11
 1.00E-74 1.00E-74 1.05E-33 8.26E-22 6.21E-16 1.63E-12 1.89E-11 3.93E-11
 5.49E-11 7.28E-11 8.48E-11 8.42E-11 7.26E-11 6.39E-11
 1.00E-74 1.71E-49 1.06E-33 8.29E-22 6.23E-16 1.64E-12 1.89E-11 3.94E-11
 5.51E-11 7.30E-11 8.50E-11 8.43E-11 7.27E-11 6.40E-11
 1.00E-74 1.20E-49 1.11E-33 8.64E-22 6.45E-16 1.69E-12 1.94E-11 4.03E-11
 5.63E-11 7.45E-11 8.65E-11 8.56E-11 7.36E-11 6.48E-11
 1.00E-74 2.31E-49 1.80E-33 1.22E-21 8.38E-16 2.05E-12 2.28E-11 4.68E-11
 6.47E-11 8.47E-11 9.73E-11 9.51E-11 8.12E-11 7.11E-11
 1.00E-74 6.86E-49 5.37E-33 3.34E-21 1.87E-15 3.48E-12 3.30E-11 6.36E-11
 8.54E-11 1.09E-10 1.24E-10 1.23E-10 1.07E-10 9.51E-11
  1701.08    7  14 /pl=01:ss= 4:pb= 1:sz= 4/type=excit/ispb = t/isel =   38
 1.00E+10 1.00E+11 1.00E+12 1.00E+13 1.00E+14 1.00E+15 1.00E+16
 4.31E-01 6.46E-01 1.08E+00 2.15E+00 4.31E+00 1.08E+01 2.15E+01 3.23E+01
 4.31E+01 6.46E+01 1.08E+02 2.15E+02 4.31E+02 6.46E+02
 1.00E-74 1.00E-74 2.51E-35 1.81E-22 4.21E-16 2.26E-12 3.32E-11 7.51E-11
 1.09E-10 1.50E-10 1.79E-10 1.83E-10 1.62E-10 1.47E-10
 1.00E-74 1.00E-74 2.51E-35 1.81E-22 4.21E-16 2.26E-12 3.32E-11 7.51E-11
 1.09E-10 1.50E-10 1.79E-10 1.83E-10 1.62E-10 1.47E-10
 1.00E-74 1.00E-74 2.51E-35 1.82E-22 4.22E-16 2.26E-12 3.32E-11 7.51E-11
 1.09E-10 1.50E-10 1.79E-10 1.83E-10 1.62E-10 1.47E-10
 1.00E-74 1.00E-74 2.52E-35 1.82E-22 4.23E-16 2.26E-12 3.32E-11 7.52E-11
 1.09E-10 1.50E-10 1.79E-10 1.83E-10 1.63E-10 1.47E-10
 1.00E-74 1.00E-74 2.65E-35 1.89E-22 4.34E-16 2.30E-12 3.37E-11 7.61E-11
 1.10E-10 1.51E-10 1.81E-10 1.84E-10 1.64E-10 1.48E-10
 1.00E-74 1.00E-74 4.34E-35 2.71E-22 5.65E-16 2.75E-12 3.86E-11 8.54E-11
 1.22E-10 1.66E-10 1.96E-10 1.98E-10 1.75E-10 1.58E-10
 1.00E-74 2.21E-51 2.97E-34 1.57E-21 2.63E-15 9.04E-12 9.96E-11 1.97E-10
 2.64E-10 3.32E-10 3.65E-10 3.41E-10 2.87E-10 2.53E-10
  1704.90    7  14 /pl=01:ss= 4:pb= 1:sz= 4/type=excit/ispb = t/isel =   39
 1.00E+10 1.00E+11 1.00E+12 1.00E+13 1.00E+14 1.00E+15 1.00E+16
 4.31E-01 6.46E-01 1.08E+00 2.15E+00 4.31E+00 1.08E+01 2.15E+01 3.23E+01
 4.31E+01 6.46E+01 1.08E+02 2.15E+02 4.31E+02 6.46E+02
 1.00E-74 1.38E-41 1.26E-28 5.83E-19 3.62E-14 2.52E-11 2.00E-10 3.72E-10
 4.92E-10 6.15E-10 6.82E-10 6.48E-10 5.52E-10 4.89E-10
 1.00E-74 1.38E-41 1.26E-28 5.83E-19 3.62E-14 2.52E-11 2.00E-10 3.72E-10
 4.92E-10 6.15E-10 6.82E-10 6.48E-10 5.52E-10 4.89E-10
 1.00E-74 1.38E-41 1.27E-28 5.84E-19 3.62E-14 2.52E-11 2.00E-10 3.72E-10
 4.91E-10 6.14E-10 6.82E-10 6.48E-10 5.52E-10 4.88E-10
 1.00E-74 1.40E-41 1.28E-28 5.88E-19 3.64E-14 2.52E-11 1.99E-10 3.71E-10
 4.91E-10 6.13E-10 6.81E-10 6.47E-10 5.51E-10 4.88E-10
 1.00E-74 1.57E-41 1.40E-28 6.25E-19 3.77E-14 2.53E-11 1.98E-10 3.68E-10
 4.86E-10 6.08E-10 6.75E-10 6.42E-10 5.49E-10 4.86E-10
 1.00E-74 2.72E-41 2.27E-28 8.99E-19 4.74E-14 2.75E-11 2.02E-10 3.67E-10
 4.81E-10 5.97E-10 6.62E-10 6.33E-10 5.44E-10 4.84E-10
 1.00E-74 3.93E-41 3.47E-28 1.39E-18 6.64E-14 2.94E-11 1.80E-10 3.06E-10
 3.88E-10 4.76E-10 5.33E-10 5.33E-10 4.81E-10 4.40E-10
  1817.81    7  14 /pl=01:ss= 4:pb= 1:sz= 4/type=excit/ispb = t/isel =   40
 1.00E+10 1.00E+11 1.00E+12 1.00E+13 1.00E+14 1.00E+15 1.00E+16
 4.31E-01 6.46E-01 1.08E+00 2.15E+00 4.31E+00 1.08E+01 2.15E+01 3.23E+01
 4.31E+01 6.46E+01 1.08E+02 2.15E+02 4.31E+02 6.46E+02
 1.00E-74 1.00E-74 1.30E-36 1.24E-23 3.25E-17 1.81E-13 2.67E-12 6.03E-12
 8.74E-12 1.20E-11 1.44E-11 1.44E-11 1.25E-11 1.11E-11
 1.00E-74 1.00E-74 1.29E-36 1.24E-23 3.25E-17 1.81E-13 2.66E-12 6.03E-12
 8.74E-12 1.20E-11 1.44E-11 1.44E-11 1.25E-11 1.11E-11
 1.00E-74 1.00E-74 1.28E-36 1.23E-23 3.22E-17 1.80E-13 2.65E-12 5.99E-12
 8.69E-12 1.20E-11 1.43E-11 1.44E-11 1.25E-11 1.11E-11
 1.00E-74 1.00E-74 1.19E-36 1.14E-23 2.99E-17 1.68E-13 2.49E-12 5.65E-12
 8.22E-12 1.14E-11 1.37E-11 1.39E-11 1.22E-11 1.08E-11
 1.00E-74 1.00E-74 8.04E-37 7.65E-24 1.99E-17 1.13E-13 1.71E-12 3.95E-12
 5.83E-12 8.24E-12 1.02E-11 1.08E-11 9.94E-12 9.08E-12
 1.00E-74 1.00E-74 6.19E-37 5.16E-24 1.23E-17 6.51E-14 9.51E-13 2.17E-12
 3.17E-12 4.46E-12 5.55E-12 5.99E-12 5.69E-12 5.34E-12
 1.00E-74 1.00E-74 1.51E-36 1.08E-23 2.00E-17 7.71E-14 9.36E-13 1.96E-12
 2.74E-12 3.66E-12 4.34E-12 4.46E-12 4.05E-12 3.71E-12
  1880.06    7  14 /pl=01:ss= 4:pb= 1:sz= 4/type=excit/ispb = t/isel =   41
 1.00E+10 1.00E+11 1.00E+12 1.00E+13 1.00E+14 1.00E+15 1.00E+16
 4.31E-01 6.46E-01 1.08E+00 2.15E+00 4.31E+00 1.08E+01 2.15E+01 3.23E+01
 4.31E+01 6.46E+01 1.08E+02 2.15E+02 4.31E+02 6.46E+02
 1.00E-74 1.00E-74 6.72E-34 2.95E-22 1.83E-16 4.74E-13 5.58E-12 1.17E-11
 1.65E-11 2.21E-11 2.60E-11 2.68E-11 2.47E-11 2.30E-11
 1.00E-74 1.00E-74 6.72E-34 2.95E-22 1.83E-16 4.74E-13 5.58E-12 1.17E-11
 1.65E-11 2.20E-11 2.60E-11 2.68E-11 2.47E-11 2.30E-11
 1.00E-74 2.44E-49 6.74E-34 2.95E-22 1.83E-16 4.74E-13 5.57E-12 1.17E-11
 1.64E-11 2.20E-11 2.60E-11 2.67E-11 2.47E-11 2.30E-11
 1.00E-74 1.95E-49 6.93E-34 3.00E-22 1.84E-16 4.72E-13 5.53E-12 1.16E-11
 1.63E-11 2.19E-11 2.58E-11 2.66E-11 2.46E-11 2.29E-11
 1.00E-74 2.46E-49 8.51E-34 3.39E-22 1.93E-16 4.67E-13 5.38E-12 1.13E-11
 1.58E-11 2.11E-11 2.50E-11 2.58E-11 2.40E-11 2.24E-11
 1.00E-74 4.23E-49 1.35E-33 4.61E-22 2.24E-16 4.66E-13 5.05E-12 1.04E-11
 1.45E-11 1.93E-11 2.29E-11 2.36E-11 2.19E-11 2.04E-11
 1.00E-74 7.45E-49 2.45E-33 7.98E-22 3.23E-16 4.97E-13 4.48E-12 8.57E-12
 1.15E-11 1.48E-11 1.72E-11 1.76E-11 1.62E-11 1.50E-11
  1908.41    7  14 /pl=01:ss= 4:pb= 1:sz= 4/type=excit/ispb = t/isel =   42
 1.00E+10 1.00E+11 1.00E+12 1.00E+13 1.00E+14 1.00E+15 1.00E+16
 4.31E-01 6.46E-01 1.08E+00 2.15E+00 4.31E+00 1.08E+01 2.15E+01 3.23E+01
 4.31E+01 6.46E+01 1.08E+02 2.15E+02 4.31E+02 6.46E+02
 1.00E-74 1.00E-74 1.29E-38 1.97E-24 2.12E-17 2.81E-13 5.59E-12 1.41E-11
 2.16E-11 3.19E-11 4.18E-11 4.89E-11 5.12E-11 5.11E-11
 1.00E-74 1.00E-74 1.29E-38 1.97E-24 2.12E-17 2.81E-13 5.59E-12 1.41E-11
 2.16E-11 3.19E-11 4.18E-11 4.89E-11 5.12E-11 5.11E-11
 1.00E-74 1.00E-74 1.29E-38 1.97E-24 2.12E-17 2.81E-13 5.59E-12 1.41E-11
 2.16E-11 3.19E-11 4.18E-11 4.89E-11 5.12E-11 5.11E-11
 1.00E-74 1.00E-74 1.30E-38 1.98E-24 2.13E-17 2.82E-13 5.60E-12 1.41E-11
 2.16E-11 3.19E-11 4.18E-11 4.89E-11 5.12E-11 5.11E-11
 1.00E-74 1.00E-74 1.39E-38 2.07E-24 2.19E-17 2.87E-13 5.66E-12 1.42E-11
 2.18E-11 3.21E-11 4.20E-11 4.89E-11 5.11E-11 5.10E-11
 1.00E-74 1.00E-74 2.28E-38 2.98E-24 2.84E-17 3.37E-13 6.34E-12 1.56E-11
 2.35E-11 3.41E-11 4.37E-11 4.97E-11 5.09E-11 5.03E-11
 1.00E-74 1.00E-74 1.49E-37 1.57E-23 1.18E-16 9.85E-13 1.45E-11 3.17E-11
 4.45E-11 5.90E-11 6.80E-11 6.76E-11 6.09E-11 5.63E-11
  1925.75    7  14 /pl=01:ss= 4:pb= 1:sz= 4/type=excit/ispb = t/isel =   43
 1.00E+10 1.00E+11 1.00E+12 1.00E+13 1.00E+14 1.00E+15 1.00E+16
 4.31E-01 6.46E-01 1.08E+00 2.15E+00 4.31E+00 1.08E+01 2.15E+01 3.23E+01
 4.31E+01 6.46E+01 1.08E+02 2.15E+02 4.31E+02 6.46E+02
 1.00E-74 3.27E-46 1.81E-31 1.64E-20 4.24E-15 6.08E-12 5.74E-11 1.13E-10
 1.52E-10 1.96E-10 2.23E-10 2.16E-10 1.86E-10 1.65E-10
 1.00E-74 3.71E-46 1.81E-31 1.64E-20 4.24E-15 6.08E-12 5.73E-11 1.13E-10
 1.52E-10 1.96E-10 2.23E-10 2.16E-10 1.86E-10 1.65E-10
 1.00E-74 3.66E-46 1.80E-31 1.64E-20 4.23E-15 6.08E-12 5.73E-11 1.13E-10
 1.52E-10 1.96E-10 2.23E-10 2.16E-10 1.86E-10 1.65E-10
 1.00E-74 3.64E-46 1.79E-31 1.63E-20 4.21E-15 6.05E-12 5.71E-11 1.12E-10
 1.52E-10 1.95E-10 2.22E-10 2.15E-10 1.86E-10 1.64E-10
 1.00E-74 3.43E-46 1.71E-31 1.56E-20 4.03E-15 5.78E-12 5.46E-11 1.07E-10
 1.46E-10 1.88E-10 2.15E-10 2.10E-10 1.81E-10 1.61E-10
 1.00E-74 2.61E-46 1.33E-31 1.21E-20 3.04E-15 4.22E-12 3.97E-11 7.86E-11
 1.07E-10 1.41E-10 1.64E-10 1.66E-10 1.50E-10 1.36E-10
 1.00E-74 3.03E-46 1.44E-31 1.18E-20 2.48E-15 2.59E-12 2.08E-11 3.86E-11
 5.13E-11 6.58E-11 7.70E-11 8.07E-11 7.64E-11 7.20E-11
  2291.34    7  14 /pl=01:ss= 4:pb= 1:sz= 4/type=excit/ispb = t/isel =   44
 1.00E+10 1.00E+11 1.00E+12 1.00E+13 1.00E+14 1.00E+15 1.00E+16
 4.31E-01 6.46E-01 1.08E+00 2.15E+00 4.31E+00 1.08E+01 2.15E+01 3.23E+01
 4.31E+01 6.46E+01 1.08E+02 2.15E+02 4.31E+02 6.46E+02
 1.00E-74 1.06E-36 1.08E-25 1.67E-17 1.80E-13 3.98E-11 2.10E-10 3.42E-10
 4.24E-10 5.00E-10 5.31E-10 4.91E-10 4.10E-10 3.59E-10
 1.00E-74 1.06E-36 1.08E-25 1.67E-17 1.80E-13 3.98E-11 2.10E-10 3.42E-10
 4.24E-10 5.00E-10 5.31E-10 4.91E-10 4.10E-10 3.59E-10
 1.00E-74 1.06E-36 1.08E-25 1.67E-17 1.80E-13 3.98E-11 2.10E-10 3.42E-10
 4.24E-10 5.00E-10 5.31E-10 4.91E-10 4.10E-10 3.59E-10
 1.00E-74 1.06E-36 1.08E-25 1.67E-17 1.80E-13 3.98E-11 2.10E-10 3.42E-10
 4.23E-10 4.99E-10 5.31E-10 4.90E-10 4.10E-10 3.59E-10
 1.93E-50 1.04E-36 1.06E-25 1.66E-17 1.79E-13 3.94E-11 2.08E-10 3.39E-10
 4.19E-10 4.95E-10 5.26E-10 4.87E-10 4.07E-10 3.57E-10
 1.42E-50 9.27E-37 9.67E-26 1.54E-17 1.67E-13 3.65E-11 1.90E-10 3.09E-10
 3.82E-10 4.53E-10 4.85E-10 4.54E-10 3.85E-10 3.40E-10
 8.96E-51 5.97E-37 6.39E-26 1.08E-17 1.19E-13 2.29E-11 1.07E-10 1.68E-10
 2.05E-10 2.43E-10 2.69E-10 2.70E-10 2.49E-10 2.31E-10
  3825.64    7  14 /pl=01:ss= 4:pb= 1:sz= 4/type=excit/ispb = t/isel =   45
 1.00E+10 1.00E+11 1.00E+12 1.00E+13 1.00E+14 1.00E+15 1.00E+16
 4.31E-01 6.46E-01 1.08E+00 2.15E+00 4.31E+00 1.08E+01 2.15E+01 3.23E+01
 4.31E+01 6.46E+01 1.08E+02 2.15E+02 4.31E+02 6.46E+02
 1.00E-74 1.00E-74 4.87E-40 3.22E-25 6.97E-18 1.37E-13 3.09E-12 8.01E-12
 1.25E-11 1.85E-11 2.35E-11 2.50E-11 2.25E-11 2.02E-11
 1.00E-74 1.00E-74 4.87E-40 3.22E-25 6.97E-18 1.37E-13 3.09E-12 8.02E-12
 1.25E-11 1.85E-11 2.35E-11 2.50E-11 2.25E-11 2.02E-11
 1.00E-74 1.00E-74 4.88E-40 3.22E-25 6.98E-18 1.37E-13 3.09E-12 8.02E-12
 1.25E-11 1.85E-11 2.35E-11 2.50E-11 2.25E-11 2.02E-11
 1.00E-74 1.00E-74 4.90E-40 3.23E-25 7.00E-18 1.38E-13 3.09E-12 8.03E-12
 1.25E-11 1.85E-11 2.35E-11 2.50E-11 2.25E-11 2.02E-11
 1.00E-74 1.00E-74 5.12E-40 3.34E-25 7.20E-18 1.41E-13 3.15E-12 8.17E-12
 1.27E-11 1.88E-11 2.39E-11 2.54E-11 2.30E-11 2.06E-11
 1.00E-74 1.00E-74 8.29E-40 4.79E-25 9.51E-18 1.73E-13 3.73E-12 9.50E-12
 1.46E-11 2.14E-11 2.70E-11 2.89E-11 2.66E-11 2.42E-11
 1.00E-74 1.00E-74 6.16E-39 2.89E-24 4.51E-17 5.82E-13 9.86E-12 2.25E-11
 3.22E-11 4.34E-11 5.04E-11 4.99E-11 4.40E-11 3.98E-11
  3832.08    7  14 /pl=01:ss= 4:pb= 1:sz= 4/type=excit/ispb = t/isel =   46
 1.00E+10 1.00E+11 1.00E+12 1.00E+13 1.00E+14 1.00E+15 1.00E+16
 4.31E-01 6.46E-01 1.08E+00 2.15E+00 4.31E+00 1.08E+01 2.15E+01 3.23E+01
 4.31E+01 6.46E+01 1.08E+02 2.15E+02 4.31E+02 6.46E+02
 1.00E-74 1.00E-74 1.54E-33 6.76E-22 4.20E-16 1.09E-12 1.28E-11 2.69E-11
 3.78E-11 5.06E-11 5.97E-11 6.14E-11 5.66E-11 5.27E-11
 1.00E-74 1.00E-74 1.54E-33 6.76E-22 4.20E-16 1.09E-12 1.28E-11 2.69E-11
 3.77E-11 5.06E-11 5.97E-11 6.14E-11 5.66E-11 5.27E-11
 1.00E-74 5.59E-49 1.54E-33 6.77E-22 4.20E-16 1.09E-12 1.28E-11 2.69E-11
 3.77E-11 5.05E-11 5.96E-11 6.13E-11 5.66E-11 5.26E-11
 1.00E-74 4.47E-49 1.59E-33 6.88E-22 4.22E-16 1.08E-12 1.27E-11 2.67E-11
 3.74E-11 5.01E-11 5.92E-11 6.10E-11 5.64E-11 5.25E-11
 1.00E-74 5.65E-49 1.95E-33 7.77E-22 4.43E-16 1.07E-12 1.23E-11 2.58E-11
 3.62E-11 4.84E-11 5.73E-11 5.92E-11 5.50E-11 5.13E-11
 1.00E-74 9.70E-49 3.10E-33 1.06E-21 5.13E-16 1.07E-12 1.16E-11 2.39E-11
 3.32E-11 4.43E-11 5.24E-11 5.42E-11 5.01E-11 4.67E-11
 1.00E-74 1.71E-48 5.61E-33 1.83E-21 7.41E-16 1.14E-12 1.03E-11 1.97E-11
 2.64E-11 3.40E-11 3.94E-11 4.04E-11 3.71E-11 3.44E-11
  3841.77    7  14 /pl=01:ss= 4:pb= 1:sz= 4/type=excit/ispb = t/isel =   47
 1.00E+10 1.00E+11 1.00E+12 1.00E+13 1.00E+14 1.00E+15 1.00E+16
 4.31E-01 6.46E-01 1.08E+00 2.15E+00 4.31E+00 1.08E+01 2.15E+01 3.23E+01
 4.31E+01 6.46E+01 1.08E+02 2.15E+02 4.31E+02 6.46E+02
 1.00E-74 1.00E-74 1.11E-34 2.02E-22 2.32E-16 7.93E-13 9.94E-12 2.13E-11
 3.01E-11 4.05E-11 4.75E-11 4.73E-11 4.09E-11 3.62E-11
 1.00E-74 1.00E-74 1.11E-34 2.02E-22 2.32E-16 7.92E-13 9.94E-12 2.13E-11
 3.01E-11 4.05E-11 4.75E-11 4.73E-11 4.09E-11 3.62E-11
 1.00E-74 1.00E-74 1.11E-34 2.01E-22 2.31E-16 7.91E-13 9.92E-12 2.13E-11
 3.01E-11 4.04E-11 4.75E-11 4.72E-11 4.09E-11 3.62E-11
 1.00E-74 1.00E-74 1.08E-34 1.97E-22 2.26E-16 7.75E-13 9.74E-12 2.09E-11
 2.96E-11 3.98E-11 4.69E-11 4.67E-11 4.05E-11 3.59E-11
 1.00E-74 4.32E-51 9.06E-35 1.65E-22 1.89E-16 6.52E-13 8.29E-12 1.80E-11
 2.56E-11 3.49E-11 4.16E-11 4.24E-11 3.75E-11 3.36E-11
 1.00E-74 2.16E-51 6.22E-35 1.05E-22 1.12E-16 3.68E-13 4.63E-12 1.01E-11
 1.44E-11 1.99E-11 2.45E-11 2.62E-11 2.46E-11 2.29E-11
 1.00E-74 4.62E-51 1.11E-34 1.58E-22 1.31E-16 3.11E-13 3.25E-12 6.51E-12
 8.93E-12 1.18E-11 1.39E-11 1.45E-11 1.35E-11 1.26E-11
  4026.82    7  14 /pl=01:ss= 4:pb= 1:sz= 4/type=excit/ispb = t/isel =   48
 1.00E+10 1.00E+11 1.00E+12 1.00E+13 1.00E+14 1.00E+15 1.00E+16
 4.31E-01 6.46E-01 1.08E+00 2.15E+00 4.31E+00 1.08E+01 2.15E+01 3.23E+01
 4.31E+01 6.46E+01 1.08E+02 2.15E+02 4.31E+02 6.46E+02
 1.00E-74 4.69E-45 2.88E-31 5.43E-21 6.28E-16 5.43E-13 4.34E-12 8.05E-12
 1.06E-11 1.33E-11 1.50E-11 1.45E-11 1.23E-11 1.08E-11
 1.00E-74 4.68E-45 2.88E-31 5.43E-21 6.28E-16 5.43E-13 4.34E-12 8.05E-12
 1.06E-11 1.33E-11 1.50E-11 1.45E-11 1.23E-11 1.08E-11
 1.00E-74 4.69E-45 2.88E-31 5.43E-21 6.28E-16 5.43E-13 4.34E-12 8.05E-12
 1.06E-11 1.33E-11 1.50E-11 1.45E-11 1.23E-11 1.08E-11
 1.00E-74 4.71E-45 2.89E-31 5.44E-21 6.29E-16 5.44E-13 4.34E-12 8.06E-12
 1.06E-11 1.34E-11 1.50E-11 1.45E-11 1.23E-11 1.09E-11
 1.00E-74 4.90E-45 2.98E-31 5.57E-21 6.41E-16 5.51E-13 4.39E-12 8.13E-12
 1.07E-11 1.35E-11 1.51E-11 1.45E-11 1.24E-11 1.09E-11
 1.00E-74 7.47E-45 4.17E-31 7.08E-21 7.67E-16 6.27E-13 4.86E-12 8.90E-12
 1.16E-11 1.45E-11 1.61E-11 1.54E-11 1.30E-11 1.14E-11
 1.00E-74 2.48E-44 1.34E-30 2.04E-20 1.87E-15 1.18E-12 7.79E-12 1.34E-11
 1.69E-11 2.03E-11 2.21E-11 2.09E-11 1.76E-11 1.55E-11
  5344.68    7  14 /pl=01:ss= 4:pb= 1:sz= 4/type=excit/ispb = t/isel =   49
 1.00E+10 1.00E+11 1.00E+12 1.00E+13 1.00E+14 1.00E+15 1.00E+16
 4.31E-01 6.46E-01 1.08E+00 2.15E+00 4.31E+00 1.08E+01 2.15E+01 3.23E+01
 4.31E+01 6.46E+01 1.08E+02 2.15E+02 4.31E+02 6.46E+02
 1.00E-74 4.62E-47 2.55E-32 2.31E-21 5.98E-16 8.59E-13 8.10E-12 1.59E-11
 2.15E-11 2.77E-11 3.14E-11 3.05E-11 2.63E-11 2.33E-11
 1.00E-74 5.24E-47 2.55E-32 2.31E-21 5.98E-16 8.59E-13 8.10E-12 1.59E-11
 2.15E-11 2.77E-11 3.14E-11 3.05E-11 2.63E-11 2.33E-11
 1.00E-74 5.16E-47 2.55E-32 2.31E-21 5.98E-16 8.59E-13 8.09E-12 1.59E-11
 2.15E-11 2.77E-11 3.14E-11 3.05E-11 2.63E-11 2.32E-11
 1.00E-74 5.13E-47 2.53E-32 2.30E-21 5.95E-16 8.55E-13 8.06E-12 1.58E-11
 2.14E-11 2.76E-11 3.13E-11 3.04E-11 2.62E-11 2.32E-11
 1.00E-74 4.85E-47 2.42E-32 2.20E-21 5.69E-16 8.16E-13 7.71E-12 1.52E-11
 2.06E-11 2.65E-11 3.03E-11 2.96E-11 2.56E-11 2.28E-11
 1.00E-74 3.68E-47 1.87E-32 1.70E-21 4.29E-16 5.96E-13 5.61E-12 1.11E-11
 1.52E-11 1.99E-11 2.32E-11 2.35E-11 2.11E-11 1.92E-11
 1.00E-74 4.28E-47 2.04E-32 1.67E-21 3.50E-16 3.66E-13 2.93E-12 5.45E-12
 7.24E-12 9.29E-12 1.09E-11 1.14E-11 1.08E-11 1.02E-11
  6666.18    7  14 /pl=01:ss= 4:pb= 1:sz= 4/type=excit/ispb = t/isel =   50
 1.00E+10 1.00E+11 1.00E+12 1.00E+13 1.00E+14 1.00E+15 1.00E+16
 4.31E-01 6.46E-01 1.08E+00 2.15E+00 4.31E+00 1.08E+01 2.15E+01 3.23E+01
 4.31E+01 6.46E+01 1.08E+02 2.15E+02 4.31E+02 6.46E+02
 1.00E-74 1.00E-74 1.40E-36 1.34E-23 3.50E-17 1.95E-13 2.87E-12 6.50E-12
 9.41E-12 1.30E-11 1.55E-11 1.56E-11 1.35E-11 1.19E-11
 1.00E-74 1.00E-74 1.39E-36 1.34E-23 3.50E-17 1.95E-13 2.87E-12 6.49E-12
 9.41E-12 1.29E-11 1.55E-11 1.56E-11 1.35E-11 1.19E-11
 1.00E-74 1.00E-74 1.38E-36 1.33E-23 3.47E-17 1.93E-13 2.85E-12 6.45E-12
 9.35E-12 1.29E-11 1.54E-11 1.55E-11 1.34E-11 1.19E-11
 1.00E-74 1.00E-74 1.28E-36 1.23E-23 3.22E-17 1.81E-13 2.68E-12 6.09E-12
 8.86E-12 1.23E-11 1.48E-11 1.50E-11 1.31E-11 1.16E-11
 1.00E-74 1.00E-74 8.66E-37 8.23E-24 2.15E-17 1.22E-13 1.84E-12 4.26E-12
 6.27E-12 8.87E-12 1.10E-11 1.17E-11 1.07E-11 9.78E-12
 1.00E-74 1.00E-74 6.67E-37 5.56E-24 1.33E-17 7.01E-14 1.02E-12 2.33E-12
 3.42E-12 4.81E-12 5.98E-12 6.45E-12 6.12E-12 5.75E-12
 1.00E-74 1.00E-74 1.63E-36 1.16E-23 2.15E-17 8.31E-14 1.01E-12 2.11E-12
 2.95E-12 3.95E-12 4.67E-12 4.80E-12 4.36E-12 4.00E-12
c-------------------------------------------------------------------------------
 
C  root partition information
C  ==========================
C
C  nuclear charge : 18
C  ion charge+1   :  5
C
C  population calculation information
C  ----------------------------------
C
C  population processing code: adas810
C
C  adf04 source file    : adf04_copmm#18_ca_40#ar4_t3.dat
C  adf18/a17_p208 file  : NULL
C
C  meta. ion. coeff. selector  : 
 
C  options  : lnorm =T  lpsel =F  lzsel =T  liosel=F
C           : lhsel =F  lrsel =F  lisel =F  lnsel =F
 
C  energy levels
C  -------------
C
C   lv      configuration    (2S+1)L(w-1/2)      energy (cm^-1)
C  ---   ------------------- --------------      --------------
c    1   24525                  (0)0(  7.0)             0.0
c    2   14535                  (0)0( 19.5)        136205.9
c    3   24515516               (0)0( 29.5)        197889.2
c    4   24515517               (0)0(  5.5)        289936.8
c    5   14525516               (0)0(149.5)        322912.9
c    6   24515518               (0)0( 17.5)        333579.3
c    7   24515519               (0)0( 29.5)        392233.9
c    8   2451551A               (0)0( 41.5)        417067.4
c    9   2451551B               (0)0(  5.5)        425451.4
c   10   2451551C               (0)0( 17.5)        444161.6
c   11   14525518               (0)0( 89.5)        461609.8
c   12   2451551D               (0)0( 29.5)        470257.1
c   13   2451551E               (0)0( 41.5)        481900.2
c   14   2451551G               (0)0(  5.5)        486531.1
c   15   2451551H               (0)0( 17.5)        496286.8
c   16   2451551I               (0)0( 29.5)        510267.3
c   17   2451551J               (0)0( 41.5)        516697.9
c   18   2451551M               (0)0(  5.5)        519551.1
c   19   14525519               (0)0(149.5)        520396.0
c   20   2451551N               (0)0( 17.5)        525268.4
c   21   2451551O               (0)0( 29.5)        533652.3
c   22   2451551P               (0)0( 41.5)        537591.9
c   23   2451551T               (0)0(  5.5)        539446.4
c   24   2451551U               (0)0( 17.5)        543089.7
c   25   2451551V               (0)0( 29.5)        548510.7
c   26   2451551W               (0)0( 41.5)        551089.5
c   27   1452551C               (0)0( 89.5)        572795.6
c   28   1452551D               (0)0(149.5)        598935.0
 
 
 
c-------------------------------------------------------------------------------
 
C  superstage partition information
C  ================================
C
C  element symbol   : Ar
C  parent template  : 
C  partition level  :  1
C  superstage label :  4
C
C  tabulation       : photon emissivity coefft (te,ne)
C  units            : ph. emis coef(cm^3 s^-1); te (ev); ne (cm^-3)
C
C  photon emissivity atomic transitions
C  ------------------------------------
C  
C   isel  wvlen(A)            transition                type  ispb nspb
C                                                             ispp nspp sz    tg pr wr
C  ----- ---------- ----------------------------------- ----- ---- ---- --    -- -- --
C      1   174.582   27(0)0( 89.5)-  1(0)0(  7.0)       excit   1    1   4    26 26  1
C      2   187.388   21(0)0( 29.5)-  1(0)0(  7.0)       excit   1    1   4    16 40  2
C      3   192.474   18(0)0(  5.5)-  1(0)0(  7.0)       excit   1    1   4    14 46  3
C      4   195.976   16(0)0( 29.5)-  1(0)0(  7.0)       excit   1    1   4    12 28  4
C      5   205.537   14(0)0(  5.5)-  1(0)0(  7.0)       excit   1    1   4    10 35  5
C      6   212.650   12(0)0( 29.5)-  1(0)0(  7.0)       excit   1    1   4     8 18  6
C      7   216.109   28(0)0(149.5)-  2(0)0( 19.5)       excit   1    1   4   217 34  7
C      8   216.633   11(0)0( 89.5)-  1(0)0(  7.0)       excit   1    1   4    24 11  8
C      9   235.044    9(0)0(  5.5)-  1(0)0(  7.0)       excit   1    1   4     6 17  9
C     10   254.950    7(0)0( 29.5)-  1(0)0(  7.0)       excit   1    1   4     4 12 10
C     11   260.288   19(0)0(149.5)-  2(0)0( 19.5)       excit   1    1   4   215 22 11
C     12   283.125   26(0)0( 41.5)-  3(0)0( 29.5)       excit   1    1   4    47 23 12
C     13   289.687   24(0)0( 17.5)-  3(0)0( 29.5)       excit   1    1   4    45 50 13
C     14   294.375   22(0)0( 41.5)-  3(0)0( 29.5)       excit   1    1   4    43 19 14
C     15   305.456   20(0)0( 17.5)-  3(0)0( 29.5)       excit   1    1   4    41 38 15
C     16   313.668   17(0)0( 41.5)-  3(0)0( 29.5)       excit   1    1   4    39 15 16
C     17   335.123   15(0)0( 17.5)-  3(0)0( 29.5)       excit   1    1   4    37 24 17
C     18   344.903    4(0)0(  5.5)-  1(0)0(  7.0)       excit   1    1   4     2  5 18
C     19   352.099   13(0)0( 41.5)-  3(0)0( 29.5)       excit   1    1   4    35  9 19
C     20   400.188   27(0)0( 89.5)-  5(0)0(149.5)       excit   1    1   4   220 27 20
C     21   406.054   10(0)0( 17.5)-  3(0)0( 29.5)       excit   1    1   4    33 13 21
C     22   456.250    8(0)0( 41.5)-  3(0)0( 29.5)       excit   1    1   4    31  6 22
C     23   484.614   15(0)0( 17.5)-  4(0)0(  5.5)       excit   1    1   4    54 42 23
C     24   505.333    3(0)0( 29.5)-  1(0)0(  7.0)       excit   1    1   4     1  2 24
C     25   535.599    5(0)0(149.5)-  2(0)0( 19.5)       excit   1    1   4   213  3 25
C     26   629.503   26(0)0( 41.5)-  7(0)0( 29.5)       excit   1    1   4    96 45 26
C     27   648.404   10(0)0( 17.5)-  4(0)0(  5.5)       excit   1    1   4    51 33 27
C     28   653.801   14(0)0(  5.5)-  6(0)0( 17.5)       excit   1    1   4    68 43 28
C     29   687.957   22(0)0( 41.5)-  7(0)0( 29.5)       excit   1    1   4    92 37 29
C     30   720.997   11(0)0( 89.5)-  5(0)0(149.5)       excit   1    1   4   218 10 30
C     31   734.183    2(0)0( 19.5)-  1(0)0(  7.0)       excit   1    1   4    22  1 31
C     32   736.973    6(0)0( 17.5)-  3(0)0( 29.5)       excit   1    1   4    29  4 32
C     33   751.685   20(0)0( 17.5)-  7(0)0( 29.5)       excit   1    1   4    90 44 33
C     34   803.445   17(0)0( 41.5)-  7(0)0( 29.5)       excit   1    1   4    88 30 34
C     35   961.050   15(0)0( 17.5)-  7(0)0( 29.5)       excit   1    1   4    86 32 35
C     36   1088.47    9(0)0(  5.5)-  6(0)0( 17.5)       excit   1    1   4    64 20 36
C     37   1115.25   13(0)0( 41.5)-  7(0)0( 29.5)       excit   1    1   4    84 21 37
C     38   1701.08   19(0)0(149.5)- 11(0)0( 89.5)       excit   1    1   4   222 16 38
C     39   1704.90    7(0)0( 29.5)-  6(0)0( 17.5)       excit   1    1   4    62  7 39
C     40   1817.81   20(0)0( 17.5)- 12(0)0( 29.5)       excit   1    1   4   140 49 40
C     41   1880.06   12(0)0( 29.5)-  8(0)0( 41.5)       excit   1    1   4    98 39 41
C     42   1908.41   27(0)0( 89.5)- 19(0)0(149.5)       excit   1    1   4   225 29 42
C     43   1925.75   10(0)0( 17.5)-  7(0)0( 29.5)       excit   1    1   4    82 14 43
C     44   2291.34    6(0)0( 17.5)-  4(0)0(  5.5)       excit   1    1   4    48  8 44
C     45   3825.64   28(0)0(149.5)- 27(0)0( 89.5)       excit   1    1   4   227 41 45
C     46   3832.08   12(0)0( 29.5)- 10(0)0( 17.5)       excit   1    1   4   120 25 46
C     47   3841.77   15(0)0( 17.5)- 12(0)0( 29.5)       excit   1    1   4   136 31 47
C     48   4026.82    8(0)0( 41.5)-  7(0)0( 29.5)       excit   1    1   4    80 48 48
C     49   5344.68   10(0)0( 17.5)-  9(0)0(  5.5)       excit   1    1   4   109 36 49
C     50   6666.18   20(0)0( 17.5)- 16(0)0( 29.5)       excit   1    1   4   176 47 50
c-------------------------------------------------------------------------------
                                                                                
C  code     : adas810
C  producer : Adam Foster
C  date     : 13/05/09
                                                                                
c-------------------------------------------------------------------------------
