   50    /AR: 4 photon emissivity coefficients/
--------------------------------------------------------------------------------
    1    1    1    1    1    1    1    1    1    1    1    1    1    1
    1    1    1    1    1
--------------------------------------------------------------------------------
//#01/p00/ 00/p01/ 01/p02/ 02/p03/ 03/p04/ 04/p05/ 05/p06/ 06/p07/ 07/p08/ 08/  
      p09/ 09/p10/ 10/p11/ 11/p12/ 12/p13/ 13/p14/ 14/p15/ 15/p16/ 16/p17/ 17/  
      p18/ 18/                                                                  
--------------------------------------------------------------------------------
  332.076    7  14 /pl=01:ss= 4:pb= 1:sz= 4/type=excit/ispb = t/isel =    1
 1.00E+10 1.00E+11 1.00E+12 1.00E+13 1.00E+14 1.00E+15 1.00E+16
 4.31E-01 6.46E-01 1.08E+00 2.15E+00 4.31E+00 1.08E+01 2.15E+01 3.23E+01
 4.31E+01 6.46E+01 1.08E+02 2.15E+02 4.31E+02 6.46E+02
 1.00E-74 9.35E-34 7.47E-24 1.69E-16 7.02E-13 9.29E-11 4.37E-10 6.95E-10
 8.54E-10 1.02E-09 1.14E-09 1.18E-09 1.15E-09 1.11E-09
 3.10E-46 9.31E-34 7.33E-24 1.61E-16 6.77E-13 9.26E-11 4.36E-10 6.94E-10
 8.52E-10 1.02E-09 1.13E-09 1.17E-09 1.14E-09 1.09E-09
 3.41E-46 9.31E-34 7.31E-24 1.59E-16 6.74E-13 9.26E-11 4.36E-10 6.94E-10
 8.52E-10 1.02E-09 1.13E-09 1.17E-09 1.14E-09 1.09E-09
 3.35E-46 9.31E-34 7.31E-24 1.59E-16 6.74E-13 9.26E-11 4.36E-10 6.93E-10
 8.51E-10 1.01E-09 1.13E-09 1.17E-09 1.13E-09 1.09E-09
 3.37E-46 9.36E-34 7.34E-24 1.60E-16 6.76E-13 9.29E-11 4.36E-10 6.90E-10
 8.44E-10 1.00E-09 1.11E-09 1.15E-09 1.12E-09 1.07E-09
 3.62E-46 9.90E-34 7.67E-24 1.66E-16 7.01E-13 9.57E-11 4.34E-10 6.68E-10
 8.04E-10 9.38E-10 1.03E-09 1.06E-09 1.03E-09 9.94E-10
 5.95E-46 1.55E-33 1.12E-23 2.27E-16 9.23E-13 1.10E-10 4.28E-10 6.04E-10
 6.94E-10 7.71E-10 8.15E-10 8.21E-10 7.97E-10 7.72E-10
  342.723    7  14 /pl=01:ss= 4:pb= 1:sz= 4/type=excit/ispb = t/isel =    2
 1.00E+10 1.00E+11 1.00E+12 1.00E+13 1.00E+14 1.00E+15 1.00E+16
 4.31E-01 6.46E-01 1.08E+00 2.15E+00 4.31E+00 1.08E+01 2.15E+01 3.23E+01
 4.31E+01 6.46E+01 1.08E+02 2.15E+02 4.31E+02 6.46E+02
 1.00E-74 2.20E-34 2.31E-24 6.26E-17 2.93E-13 3.86E-11 1.63E-10 2.50E-10
 3.03E-10 3.57E-10 3.97E-10 4.14E-10 4.05E-10 3.92E-10
 1.00E-74 2.76E-34 2.96E-24 8.13E-17 3.34E-13 3.92E-11 1.64E-10 2.51E-10
 3.04E-10 3.57E-10 3.97E-10 4.12E-10 4.03E-10 3.88E-10
 7.52E-47 2.83E-34 3.04E-24 8.38E-17 3.39E-13 3.92E-11 1.64E-10 2.51E-10
 3.04E-10 3.57E-10 3.97E-10 4.12E-10 4.02E-10 3.88E-10
 6.77E-47 2.84E-34 3.05E-24 8.41E-17 3.40E-13 3.92E-11 1.64E-10 2.51E-10
 3.03E-10 3.56E-10 3.95E-10 4.11E-10 4.01E-10 3.87E-10
 6.90E-47 2.84E-34 3.06E-24 8.43E-17 3.41E-13 3.92E-11 1.62E-10 2.46E-10
 2.95E-10 3.45E-10 3.83E-10 3.98E-10 3.91E-10 3.78E-10
 7.06E-47 2.90E-34 3.11E-24 8.58E-17 3.49E-13 3.95E-11 1.55E-10 2.26E-10
 2.66E-10 3.06E-10 3.36E-10 3.49E-10 3.46E-10 3.37E-10
 8.34E-47 3.35E-34 3.52E-24 9.78E-17 4.08E-13 4.26E-11 1.51E-10 2.09E-10
 2.39E-10 2.67E-10 2.86E-10 2.92E-10 2.87E-10 2.79E-10
  408.530    7  14 /pl=01:ss= 4:pb= 1:sz= 4/type=excit/ispb = t/isel =    3
 1.00E+10 1.00E+11 1.00E+12 1.00E+13 1.00E+14 1.00E+15 1.00E+16
 4.31E-01 6.46E-01 1.08E+00 2.15E+00 4.31E+00 1.08E+01 2.15E+01 3.23E+01
 4.31E+01 6.46E+01 1.08E+02 2.15E+02 4.31E+02 6.46E+02
 1.00E-74 8.13E-40 1.46E-27 1.84E-18 5.36E-14 2.05E-11 1.29E-10 2.17E-10
 2.68E-10 3.12E-10 3.21E-10 2.85E-10 2.31E-10 2.00E-10
 1.00E-74 8.10E-40 1.43E-27 1.75E-18 5.16E-14 2.04E-11 1.28E-10 2.16E-10
 2.68E-10 3.12E-10 3.20E-10 2.83E-10 2.28E-10 1.97E-10
 1.00E-74 8.12E-40 1.43E-27 1.74E-18 5.14E-14 2.04E-11 1.28E-10 2.17E-10
 2.68E-10 3.12E-10 3.20E-10 2.83E-10 2.28E-10 1.97E-10
 1.00E-74 8.39E-40 1.46E-27 1.77E-18 5.21E-14 2.07E-11 1.30E-10 2.19E-10
 2.71E-10 3.15E-10 3.23E-10 2.85E-10 2.30E-10 1.98E-10
 1.00E-74 1.11E-39 1.84E-27 2.10E-18 5.91E-14 2.29E-11 1.44E-10 2.42E-10
 2.99E-10 3.46E-10 3.54E-10 3.11E-10 2.50E-10 2.14E-10
 1.00E-74 3.66E-39 5.38E-27 5.23E-18 1.27E-13 4.33E-11 2.66E-10 4.43E-10
 5.43E-10 6.25E-10 6.33E-10 5.49E-10 4.29E-10 3.62E-10
 1.00E-74 1.78E-38 2.71E-26 2.67E-17 6.07E-13 1.73E-10 9.20E-10 1.44E-09
 1.72E-09 1.95E-09 2.00E-09 1.81E-09 1.48E-09 1.28E-09
  421.301    7  14 /pl=01:ss= 4:pb= 1:sz= 4/type=excit/ispb = t/isel =    4
 1.00E+10 1.00E+11 1.00E+12 1.00E+13 1.00E+14 1.00E+15 1.00E+16
 4.31E-01 6.46E-01 1.08E+00 2.15E+00 4.31E+00 1.08E+01 2.15E+01 3.23E+01
 4.31E+01 6.46E+01 1.08E+02 2.15E+02 4.31E+02 6.46E+02
 1.00E-74 3.19E-45 6.19E-31 2.57E-20 4.27E-15 4.60E-12 4.02E-11 7.60E-11
 9.97E-11 1.23E-10 1.34E-10 1.26E-10 1.06E-10 9.28E-11
 1.00E-74 3.29E-45 6.06E-31 2.44E-20 4.11E-15 4.58E-12 4.01E-11 7.59E-11
 9.95E-11 1.22E-10 1.33E-10 1.25E-10 1.05E-10 9.13E-11
 1.00E-74 3.27E-45 6.04E-31 2.42E-20 4.09E-15 4.58E-12 4.02E-11 7.59E-11
 9.95E-11 1.22E-10 1.33E-10 1.24E-10 1.05E-10 9.12E-11
 1.00E-74 3.29E-45 6.06E-31 2.42E-20 4.10E-15 4.59E-12 4.03E-11 7.61E-11
 9.98E-11 1.23E-10 1.34E-10 1.25E-10 1.05E-10 9.15E-11
 1.00E-74 3.43E-45 6.26E-31 2.48E-20 4.18E-15 4.68E-12 4.13E-11 7.81E-11
 1.02E-10 1.26E-10 1.38E-10 1.29E-10 1.08E-10 9.44E-11
 1.00E-74 5.12E-45 8.60E-31 3.12E-20 4.94E-15 5.46E-12 4.77E-11 8.88E-11
 1.15E-10 1.41E-10 1.54E-10 1.44E-10 1.22E-10 1.07E-10
 1.00E-74 2.08E-44 3.21E-30 9.42E-20 1.16E-14 9.98E-12 7.31E-11 1.25E-10
 1.55E-10 1.82E-10 1.93E-10 1.80E-10 1.53E-10 1.34E-10
  422.297    7  14 /pl=01:ss= 4:pb= 1:sz= 4/type=excit/ispb = t/isel =    5
 1.00E+10 1.00E+11 1.00E+12 1.00E+13 1.00E+14 1.00E+15 1.00E+16
 4.31E-01 6.46E-01 1.08E+00 2.15E+00 4.31E+00 1.08E+01 2.15E+01 3.23E+01
 4.31E+01 6.46E+01 1.08E+02 2.15E+02 4.31E+02 6.46E+02
 1.00E-74 3.72E-45 5.61E-31 2.24E-20 3.66E-15 3.87E-12 3.35E-11 6.28E-11
 8.24E-11 1.02E-10 1.11E-10 1.04E-10 8.82E-11 7.73E-11
 1.00E-74 3.14E-45 5.68E-31 2.21E-20 3.59E-15 3.86E-12 3.34E-11 6.27E-11
 8.23E-11 1.02E-10 1.11E-10 1.04E-10 8.72E-11 7.62E-11
 1.00E-74 3.22E-45 5.70E-31 2.20E-20 3.58E-15 3.87E-12 3.35E-11 6.30E-11
 8.26E-11 1.02E-10 1.11E-10 1.04E-10 8.76E-11 7.65E-11
 1.00E-74 3.28E-45 5.77E-31 2.22E-20 3.61E-15 3.92E-12 3.45E-11 6.55E-11
 8.64E-11 1.07E-10 1.18E-10 1.10E-10 9.26E-11 8.07E-11
 1.00E-74 3.80E-45 6.49E-31 2.42E-20 3.87E-15 4.47E-12 4.39E-11 8.79E-11
 1.19E-10 1.53E-10 1.71E-10 1.63E-10 1.36E-10 1.18E-10
 1.00E-74 1.06E-44 1.54E-30 4.71E-20 6.60E-15 8.77E-12 9.68E-11 1.96E-10
 2.65E-10 3.39E-10 3.82E-10 3.70E-10 3.16E-10 2.77E-10
 1.00E-74 8.48E-44 1.21E-29 3.08E-19 3.31E-14 3.05E-11 2.47E-10 4.36E-10
 5.51E-10 6.62E-10 7.13E-10 6.76E-10 5.79E-10 5.12E-10
  424.466    7  14 /pl=01:ss= 4:pb= 1:sz= 4/type=excit/ispb = t/isel =    6
 1.00E+10 1.00E+11 1.00E+12 1.00E+13 1.00E+14 1.00E+15 1.00E+16
 4.31E-01 6.46E-01 1.08E+00 2.15E+00 4.31E+00 1.08E+01 2.15E+01 3.23E+01
 4.31E+01 6.46E+01 1.08E+02 2.15E+02 4.31E+02 6.46E+02
 1.00E-74 1.22E-40 3.89E-28 7.58E-19 2.73E-14 1.19E-11 7.76E-11 1.33E-10
 1.66E-10 1.94E-10 2.01E-10 1.78E-10 1.44E-10 1.25E-10
 1.00E-74 1.22E-40 3.81E-28 7.21E-19 2.63E-14 1.18E-11 7.75E-11 1.33E-10
 1.66E-10 1.94E-10 2.00E-10 1.77E-10 1.42E-10 1.23E-10
 1.00E-74 1.22E-40 3.81E-28 7.17E-19 2.62E-14 1.18E-11 7.75E-11 1.33E-10
 1.66E-10 1.94E-10 2.00E-10 1.77E-10 1.42E-10 1.23E-10
 1.00E-74 1.24E-40 3.87E-28 7.24E-19 2.64E-14 1.19E-11 7.80E-11 1.33E-10
 1.66E-10 1.94E-10 2.00E-10 1.77E-10 1.43E-10 1.23E-10
 1.00E-74 1.49E-40 4.46E-28 8.04E-19 2.86E-14 1.26E-11 8.20E-11 1.39E-10
 1.73E-10 2.02E-10 2.08E-10 1.83E-10 1.47E-10 1.27E-10
 1.00E-74 3.85E-40 1.02E-27 1.59E-18 4.93E-14 1.93E-11 1.19E-10 1.97E-10
 2.41E-10 2.76E-10 2.81E-10 2.46E-10 1.95E-10 1.66E-10
 1.00E-74 1.97E-39 5.26E-27 7.87E-18 2.21E-13 6.94E-11 3.66E-10 5.65E-10
 6.70E-10 7.51E-10 7.61E-10 6.79E-10 5.49E-10 4.70E-10
  427.842    7  14 /pl=01:ss= 4:pb= 1:sz= 4/type=excit/ispb = t/isel =    7
 1.00E+10 1.00E+11 1.00E+12 1.00E+13 1.00E+14 1.00E+15 1.00E+16
 4.31E-01 6.46E-01 1.08E+00 2.15E+00 4.31E+00 1.08E+01 2.15E+01 3.23E+01
 4.31E+01 6.46E+01 1.08E+02 2.15E+02 4.31E+02 6.46E+02
 2.62E-38 3.99E-28 4.88E-20 4.52E-14 3.61E-11 1.49E-09 4.14E-09 5.50E-09
 6.14E-09 6.66E-09 6.82E-09 6.53E-09 5.98E-09 5.58E-09
 3.19E-38 4.99E-28 6.24E-20 5.85E-14 4.10E-11 1.50E-09 4.14E-09 5.49E-09
 6.14E-09 6.64E-09 6.79E-09 6.48E-09 5.91E-09 5.50E-09
 3.26E-38 5.12E-28 6.42E-20 6.03E-14 4.16E-11 1.50E-09 4.14E-09 5.49E-09
 6.13E-09 6.64E-09 6.78E-09 6.47E-09 5.90E-09 5.48E-09
 3.26E-38 5.13E-28 6.44E-20 6.05E-14 4.16E-11 1.50E-09 4.14E-09 5.48E-09
 6.12E-09 6.62E-09 6.76E-09 6.45E-09 5.88E-09 5.47E-09
 3.26E-38 5.13E-28 6.44E-20 6.05E-14 4.16E-11 1.50E-09 4.09E-09 5.38E-09
 5.98E-09 6.44E-09 6.56E-09 6.27E-09 5.73E-09 5.35E-09
 3.24E-38 5.10E-28 6.41E-20 6.03E-14 4.14E-11 1.46E-09 3.82E-09 4.88E-09
 5.33E-09 5.66E-09 5.73E-09 5.49E-09 5.08E-09 4.77E-09
 3.02E-38 4.82E-28 6.13E-20 5.83E-14 4.00E-11 1.33E-09 3.23E-09 4.00E-09
 4.31E-09 4.53E-09 4.58E-09 4.43E-09 4.13E-09 3.91E-09
  438.623    7  14 /pl=01:ss= 4:pb= 1:sz= 4/type=excit/ispb = t/isel =    8
 1.00E+10 1.00E+11 1.00E+12 1.00E+13 1.00E+14 1.00E+15 1.00E+16
 4.31E-01 6.46E-01 1.08E+00 2.15E+00 4.31E+00 1.08E+01 2.15E+01 3.23E+01
 4.31E+01 6.46E+01 1.08E+02 2.15E+02 4.31E+02 6.46E+02
 1.86E-35 4.68E-26 1.36E-18 4.44E-13 2.07E-10 6.73E-09 1.89E-08 2.50E-08
 2.77E-08 2.96E-08 2.95E-08 2.71E-08 2.38E-08 2.18E-08
 1.86E-35 4.64E-26 1.33E-18 4.19E-13 1.99E-10 6.70E-09 1.89E-08 2.49E-08
 2.77E-08 2.95E-08 2.93E-08 2.69E-08 2.35E-08 2.15E-08
 1.86E-35 4.64E-26 1.33E-18 4.16E-13 1.98E-10 6.70E-09 1.89E-08 2.49E-08
 2.77E-08 2.95E-08 2.93E-08 2.68E-08 2.35E-08 2.14E-08
 1.86E-35 4.64E-26 1.33E-18 4.16E-13 1.98E-10 6.70E-09 1.89E-08 2.49E-08
 2.76E-08 2.94E-08 2.92E-08 2.68E-08 2.35E-08 2.14E-08
 1.86E-35 4.64E-26 1.33E-18 4.16E-13 1.98E-10 6.68E-09 1.87E-08 2.46E-08
 2.72E-08 2.88E-08 2.86E-08 2.63E-08 2.31E-08 2.11E-08
 1.86E-35 4.65E-26 1.33E-18 4.16E-13 1.98E-10 6.55E-09 1.77E-08 2.26E-08
 2.47E-08 2.60E-08 2.57E-08 2.38E-08 2.11E-08 1.94E-08
 1.82E-35 4.58E-26 1.32E-18 4.15E-13 1.94E-10 5.81E-09 1.39E-08 1.68E-08
 1.79E-08 1.84E-08 1.82E-08 1.72E-08 1.58E-08 1.49E-08
  438.847    7  14 /pl=01:ss= 4:pb= 1:sz= 4/type=excit/ispb = t/isel =    9
 1.00E+10 1.00E+11 1.00E+12 1.00E+13 1.00E+14 1.00E+15 1.00E+16
 4.31E-01 6.46E-01 1.08E+00 2.15E+00 4.31E+00 1.08E+01 2.15E+01 3.23E+01
 4.31E+01 6.46E+01 1.08E+02 2.15E+02 4.31E+02 6.46E+02
 1.00E-74 9.46E-38 4.62E-26 2.21E-17 3.94E-13 1.11E-10 6.15E-10 9.90E-10
 1.19E-09 1.35E-09 1.34E-09 1.16E-09 9.09E-10 7.74E-10
 1.00E-74 9.47E-38 4.56E-26 2.11E-17 3.80E-13 1.10E-10 6.14E-10 9.88E-10
 1.19E-09 1.34E-09 1.34E-09 1.15E-09 8.98E-10 7.62E-10
 1.00E-74 9.48E-38 4.55E-26 2.10E-17 3.79E-13 1.10E-10 6.14E-10 9.88E-10
 1.19E-09 1.34E-09 1.34E-09 1.15E-09 8.96E-10 7.61E-10
 1.00E-74 9.53E-38 4.57E-26 2.10E-17 3.80E-13 1.10E-10 6.14E-10 9.88E-10
 1.19E-09 1.34E-09 1.34E-09 1.15E-09 8.96E-10 7.61E-10
 1.00E-74 1.00E-37 4.76E-26 2.16E-17 3.88E-13 1.12E-10 6.21E-10 9.95E-10
 1.19E-09 1.34E-09 1.33E-09 1.15E-09 8.98E-10 7.63E-10
 1.00E-74 1.47E-37 6.55E-26 2.76E-17 4.66E-13 1.28E-10 6.88E-10 1.08E-09
 1.29E-09 1.44E-09 1.43E-09 1.23E-09 9.63E-10 8.19E-10
 1.00E-74 3.98E-37 1.72E-25 6.77E-17 1.02E-12 2.31E-10 1.10E-09 1.65E-09
 1.93E-09 2.14E-09 2.15E-09 1.91E-09 1.56E-09 1.35E-09
  446.389    7  14 /pl=01:ss= 4:pb= 1:sz= 4/type=excit/ispb = t/isel =   10
 1.00E+10 1.00E+11 1.00E+12 1.00E+13 1.00E+14 1.00E+15 1.00E+16
 4.31E-01 6.46E-01 1.08E+00 2.15E+00 4.31E+00 1.08E+01 2.15E+01 3.23E+01
 4.31E+01 6.46E+01 1.08E+02 2.15E+02 4.31E+02 6.46E+02
 1.00E-74 1.14E-37 3.98E-26 1.45E-17 2.26E-13 5.41E-11 2.59E-10 3.98E-10
 4.72E-10 5.27E-10 5.29E-10 4.64E-10 3.75E-10 3.24E-10
 1.00E-74 1.42E-37 5.04E-26 1.85E-17 2.55E-13 5.45E-11 2.59E-10 3.97E-10
 4.71E-10 5.26E-10 5.26E-10 4.60E-10 3.71E-10 3.19E-10
 1.00E-74 1.45E-37 5.18E-26 1.91E-17 2.58E-13 5.46E-11 2.59E-10 3.97E-10
 4.71E-10 5.25E-10 5.26E-10 4.60E-10 3.70E-10 3.19E-10
 1.00E-74 1.45E-37 5.19E-26 1.91E-17 2.59E-13 5.46E-11 2.59E-10 3.96E-10
 4.70E-10 5.24E-10 5.24E-10 4.58E-10 3.69E-10 3.18E-10
 1.00E-74 1.44E-37 5.16E-26 1.90E-17 2.58E-13 5.43E-11 2.55E-10 3.89E-10
 4.58E-10 5.08E-10 5.08E-10 4.45E-10 3.60E-10 3.11E-10
 4.86E-52 1.35E-37 4.89E-26 1.83E-17 2.50E-13 5.19E-11 2.33E-10 3.45E-10
 4.01E-10 4.39E-10 4.36E-10 3.85E-10 3.16E-10 2.75E-10
 2.43E-52 8.08E-38 3.20E-26 1.31E-17 1.91E-13 3.81E-11 1.58E-10 2.26E-10
 2.60E-10 2.84E-10 2.87E-10 2.63E-10 2.24E-10 2.00E-10
  449.479    7  14 /pl=01:ss= 4:pb= 1:sz= 4/type=excit/ispb = t/isel =   11
 1.00E+10 1.00E+11 1.00E+12 1.00E+13 1.00E+14 1.00E+15 1.00E+16
 4.31E-01 6.46E-01 1.08E+00 2.15E+00 4.31E+00 1.08E+01 2.15E+01 3.23E+01
 4.31E+01 6.46E+01 1.08E+02 2.15E+02 4.31E+02 6.46E+02
 1.00E-74 2.34E-38 7.58E-27 2.67E-18 4.19E-14 1.16E-11 6.66E-11 1.09E-10
 1.34E-10 1.53E-10 1.55E-10 1.35E-10 1.08E-10 9.23E-11
 1.00E-74 2.33E-38 7.40E-27 2.53E-18 4.03E-14 1.16E-11 6.65E-11 1.09E-10
 1.33E-10 1.52E-10 1.54E-10 1.33E-10 1.06E-10 9.09E-11
 1.00E-74 2.33E-38 7.39E-27 2.51E-18 4.01E-14 1.16E-11 6.65E-11 1.09E-10
 1.33E-10 1.52E-10 1.54E-10 1.33E-10 1.06E-10 9.08E-11
 1.00E-74 2.35E-38 7.45E-27 2.52E-18 4.03E-14 1.16E-11 6.67E-11 1.10E-10
 1.34E-10 1.53E-10 1.54E-10 1.34E-10 1.06E-10 9.11E-11
 1.00E-74 2.60E-38 8.07E-27 2.68E-18 4.20E-14 1.20E-11 6.89E-11 1.13E-10
 1.38E-10 1.57E-10 1.59E-10 1.38E-10 1.09E-10 9.36E-11
 1.00E-74 4.94E-38 1.39E-26 4.13E-18 5.87E-14 1.55E-11 8.63E-11 1.39E-10
 1.68E-10 1.90E-10 1.91E-10 1.66E-10 1.32E-10 1.12E-10
 5.29E-52 1.75E-37 4.95E-26 1.40E-17 1.77E-13 3.68E-11 1.73E-10 2.58E-10
 3.02E-10 3.34E-10 3.35E-10 2.98E-10 2.42E-10 2.09E-10
  451.333    7  14 /pl=01:ss= 4:pb= 1:sz= 4/type=excit/ispb = t/isel =   12
 1.00E+10 1.00E+11 1.00E+12 1.00E+13 1.00E+14 1.00E+15 1.00E+16
 4.31E-01 6.46E-01 1.08E+00 2.15E+00 4.31E+00 1.08E+01 2.15E+01 3.23E+01
 4.31E+01 6.46E+01 1.08E+02 2.15E+02 4.31E+02 6.46E+02
 4.34E-35 5.88E-26 1.05E-18 2.36E-13 9.13E-11 2.66E-09 7.27E-09 9.58E-09
 1.06E-08 1.13E-08 1.12E-08 1.02E-08 8.98E-09 8.19E-09
 4.34E-35 5.85E-26 1.03E-18 2.24E-13 8.79E-11 2.65E-09 7.26E-09 9.57E-09
 1.06E-08 1.13E-08 1.11E-08 1.02E-08 8.87E-09 8.06E-09
 4.34E-35 5.85E-26 1.02E-18 2.22E-13 8.75E-11 2.65E-09 7.26E-09 9.56E-09
 1.06E-08 1.12E-08 1.11E-08 1.01E-08 8.85E-09 8.05E-09
 4.34E-35 5.85E-26 1.02E-18 2.22E-13 8.75E-11 2.65E-09 7.25E-09 9.55E-09
 1.05E-08 1.12E-08 1.11E-08 1.01E-08 8.84E-09 8.03E-09
 4.35E-35 5.85E-26 1.02E-18 2.22E-13 8.75E-11 2.64E-09 7.19E-09 9.42E-09
 1.04E-08 1.10E-08 1.09E-08 9.93E-09 8.69E-09 7.92E-09
 4.35E-35 5.86E-26 1.02E-18 2.22E-13 8.72E-11 2.59E-09 6.77E-09 8.66E-09
 9.40E-09 9.87E-09 9.71E-09 8.94E-09 7.92E-09 7.27E-09
 4.22E-35 5.75E-26 1.01E-18 2.21E-13 8.54E-11 2.29E-09 5.32E-09 6.41E-09
 6.78E-09 6.99E-09 6.88E-09 6.48E-09 5.93E-09 5.55E-09
  451.365    7  14 /pl=01:ss= 4:pb= 1:sz= 4/type=excit/ispb = t/isel =   13
 1.00E+10 1.00E+11 1.00E+12 1.00E+13 1.00E+14 1.00E+15 1.00E+16
 4.31E-01 6.46E-01 1.08E+00 2.15E+00 4.31E+00 1.08E+01 2.15E+01 3.23E+01
 4.31E+01 6.46E+01 1.08E+02 2.15E+02 4.31E+02 6.46E+02
 1.00E-74 3.32E-38 1.00E-26 3.35E-18 5.07E-14 1.34E-11 7.51E-11 1.22E-10
 1.49E-10 1.70E-10 1.74E-10 1.53E-10 1.23E-10 1.06E-10
 1.00E-74 3.29E-38 9.76E-27 3.16E-18 4.87E-14 1.34E-11 7.50E-11 1.22E-10
 1.48E-10 1.70E-10 1.73E-10 1.52E-10 1.22E-10 1.04E-10
 1.00E-74 3.29E-38 9.73E-27 3.14E-18 4.85E-14 1.34E-11 7.49E-11 1.22E-10
 1.48E-10 1.70E-10 1.73E-10 1.52E-10 1.22E-10 1.04E-10
 1.00E-74 3.29E-38 9.72E-27 3.14E-18 4.84E-14 1.34E-11 7.48E-11 1.22E-10
 1.48E-10 1.69E-10 1.72E-10 1.51E-10 1.21E-10 1.04E-10
 1.00E-74 3.24E-38 9.62E-27 3.11E-18 4.81E-14 1.32E-11 7.37E-11 1.19E-10
 1.45E-10 1.65E-10 1.68E-10 1.48E-10 1.19E-10 1.02E-10
 1.00E-74 2.91E-38 8.79E-27 2.89E-18 4.48E-14 1.21E-11 6.50E-11 1.03E-10
 1.24E-10 1.41E-10 1.43E-10 1.28E-10 1.06E-10 9.19E-11
 6.16E-53 1.89E-38 5.85E-27 2.00E-18 3.05E-14 7.21E-12 3.42E-11 5.15E-11
 6.07E-11 6.89E-11 7.24E-11 6.96E-11 6.22E-11 5.69E-11
  452.817    7  14 /pl=01:ss= 4:pb= 1:sz= 4/type=excit/ispb = t/isel =   14
 1.00E+10 1.00E+11 1.00E+12 1.00E+13 1.00E+14 1.00E+15 1.00E+16
 4.31E-01 6.46E-01 1.08E+00 2.15E+00 4.31E+00 1.08E+01 2.15E+01 3.23E+01
 4.31E+01 6.46E+01 1.08E+02 2.15E+02 4.31E+02 6.46E+02
 1.00E-74 1.85E-39 1.88E-27 1.54E-18 3.61E-14 1.17E-11 6.69E-11 1.09E-10
 1.32E-10 1.50E-10 1.51E-10 1.31E-10 1.04E-10 8.86E-11
 1.00E-74 1.97E-39 1.99E-27 1.60E-18 3.64E-14 1.17E-11 6.69E-11 1.09E-10
 1.32E-10 1.50E-10 1.50E-10 1.30E-10 1.02E-10 8.73E-11
 1.00E-74 1.99E-39 2.00E-27 1.61E-18 3.64E-14 1.17E-11 6.69E-11 1.09E-10
 1.32E-10 1.50E-10 1.50E-10 1.30E-10 1.02E-10 8.72E-11
 1.00E-74 2.01E-39 2.02E-27 1.62E-18 3.66E-14 1.18E-11 6.71E-11 1.09E-10
 1.32E-10 1.50E-10 1.50E-10 1.30E-10 1.02E-10 8.73E-11
 1.00E-74 2.23E-39 2.20E-27 1.72E-18 3.83E-14 1.22E-11 6.91E-11 1.12E-10
 1.35E-10 1.53E-10 1.53E-10 1.32E-10 1.04E-10 8.87E-11
 1.00E-74 4.34E-39 3.87E-27 2.69E-18 5.48E-14 1.62E-11 8.88E-11 1.41E-10
 1.69E-10 1.89E-10 1.88E-10 1.61E-10 1.27E-10 1.07E-10
 1.00E-74 1.77E-38 1.55E-26 1.01E-17 1.87E-13 4.58E-11 2.20E-10 3.30E-10
 3.86E-10 4.27E-10 4.27E-10 3.76E-10 3.02E-10 2.59E-10
  453.762    7  14 /pl=01:ss= 4:pb= 1:sz= 4/type=excit/ispb = t/isel =   15
 1.00E+10 1.00E+11 1.00E+12 1.00E+13 1.00E+14 1.00E+15 1.00E+16
 4.31E-01 6.46E-01 1.08E+00 2.15E+00 4.31E+00 1.08E+01 2.15E+01 3.23E+01
 4.31E+01 6.46E+01 1.08E+02 2.15E+02 4.31E+02 6.46E+02
 1.00E-74 6.61E-39 6.53E-27 5.27E-18 1.22E-13 3.99E-11 2.30E-10 3.78E-10
 4.59E-10 5.22E-10 5.25E-10 4.55E-10 3.61E-10 3.07E-10
 1.00E-74 6.73E-39 6.56E-27 5.15E-18 1.19E-13 3.97E-11 2.30E-10 3.77E-10
 4.58E-10 5.21E-10 5.23E-10 4.51E-10 3.56E-10 3.03E-10
 1.00E-74 6.75E-39 6.57E-27 5.13E-18 1.19E-13 3.97E-11 2.30E-10 3.77E-10
 4.58E-10 5.21E-10 5.22E-10 4.51E-10 3.56E-10 3.02E-10
 1.00E-74 6.78E-39 6.59E-27 5.14E-18 1.19E-13 3.98E-11 2.30E-10 3.77E-10
 4.58E-10 5.20E-10 5.22E-10 4.50E-10 3.55E-10 3.02E-10
 1.00E-74 7.03E-39 6.78E-27 5.25E-18 1.21E-13 4.02E-11 2.31E-10 3.77E-10
 4.56E-10 5.16E-10 5.17E-10 4.47E-10 3.53E-10 3.00E-10
 1.00E-74 9.43E-39 8.62E-27 6.28E-18 1.38E-13 4.38E-11 2.42E-10 3.86E-10
 4.61E-10 5.17E-10 5.16E-10 4.47E-10 3.56E-10 3.03E-10
 1.00E-74 2.50E-38 2.18E-26 1.44E-17 2.79E-13 7.23E-11 3.49E-10 5.26E-10
 6.11E-10 6.74E-10 6.74E-10 5.98E-10 4.86E-10 4.18E-10
  463.714    7  14 /pl=01:ss= 4:pb= 1:sz= 4/type=excit/ispb = t/isel =   16
 1.00E+10 1.00E+11 1.00E+12 1.00E+13 1.00E+14 1.00E+15 1.00E+16
 4.31E-01 6.46E-01 1.08E+00 2.15E+00 4.31E+00 1.08E+01 2.15E+01 3.23E+01
 4.31E+01 6.46E+01 1.08E+02 2.15E+02 4.31E+02 6.46E+02
 1.00E-74 6.66E-38 1.27E-26 3.09E-18 4.48E-14 1.43E-11 9.26E-11 1.60E-10
 2.02E-10 2.40E-10 2.53E-10 2.30E-10 1.90E-10 1.67E-10
 1.00E-74 6.77E-38 1.28E-26 3.01E-18 4.37E-14 1.43E-11 9.25E-11 1.60E-10
 2.02E-10 2.40E-10 2.52E-10 2.28E-10 1.88E-10 1.64E-10
 1.00E-74 6.79E-38 1.28E-26 3.00E-18 4.36E-14 1.43E-11 9.25E-11 1.60E-10
 2.02E-10 2.40E-10 2.52E-10 2.28E-10 1.88E-10 1.64E-10
 1.00E-74 6.86E-38 1.29E-26 3.02E-18 4.38E-14 1.44E-11 9.30E-11 1.61E-10
 2.03E-10 2.41E-10 2.53E-10 2.30E-10 1.89E-10 1.65E-10
 1.00E-74 7.51E-38 1.39E-26 3.19E-18 4.55E-14 1.48E-11 9.74E-11 1.70E-10
 2.15E-10 2.55E-10 2.69E-10 2.44E-10 2.00E-10 1.74E-10
 1.00E-74 1.35E-37 2.30E-26 4.79E-18 6.16E-14 1.88E-11 1.22E-10 2.09E-10
 2.62E-10 3.10E-10 3.26E-10 2.98E-10 2.46E-10 2.14E-10
 2.90E-51 4.02E-37 6.91E-26 1.37E-17 1.52E-13 3.36E-11 1.69E-10 2.61E-10
 3.11E-10 3.56E-10 3.73E-10 3.51E-10 3.04E-10 2.71E-10
  467.399    7  14 /pl=01:ss= 4:pb= 1:sz= 4/type=excit/ispb = t/isel =   17
 1.00E+10 1.00E+11 1.00E+12 1.00E+13 1.00E+14 1.00E+15 1.00E+16
 4.31E-01 6.46E-01 1.08E+00 2.15E+00 4.31E+00 1.08E+01 2.15E+01 3.23E+01
 4.31E+01 6.46E+01 1.08E+02 2.15E+02 4.31E+02 6.46E+02
 1.00E-74 2.55E-45 5.14E-31 2.55E-20 4.65E-15 5.26E-12 4.63E-11 8.75E-11
 1.15E-10 1.43E-10 1.56E-10 1.47E-10 1.24E-10 1.09E-10
 1.00E-74 2.15E-45 5.22E-31 2.52E-20 4.57E-15 5.25E-12 4.63E-11 8.73E-11
 1.15E-10 1.42E-10 1.55E-10 1.46E-10 1.22E-10 1.07E-10
 1.00E-74 2.22E-45 5.23E-31 2.52E-20 4.56E-15 5.25E-12 4.63E-11 8.73E-11
 1.15E-10 1.42E-10 1.55E-10 1.46E-10 1.22E-10 1.07E-10
 1.00E-74 2.23E-45 5.25E-31 2.52E-20 4.57E-15 5.26E-12 4.63E-11 8.74E-11
 1.15E-10 1.42E-10 1.55E-10 1.45E-10 1.22E-10 1.07E-10
 1.00E-74 2.35E-45 5.47E-31 2.60E-20 4.68E-15 5.35E-12 4.68E-11 8.77E-11
 1.15E-10 1.41E-10 1.54E-10 1.44E-10 1.21E-10 1.06E-10
 1.00E-74 3.81E-45 8.08E-31 3.46E-20 5.79E-15 6.19E-12 5.11E-11 9.25E-11
 1.19E-10 1.43E-10 1.54E-10 1.43E-10 1.20E-10 1.05E-10
 1.00E-74 1.49E-44 3.00E-30 1.11E-19 1.50E-14 1.21E-11 8.18E-11 1.36E-10
 1.66E-10 1.92E-10 1.99E-10 1.81E-10 1.51E-10 1.31E-10
  472.654    7  14 /pl=01:ss= 4:pb= 1:sz= 4/type=excit/ispb = t/isel =   18
 1.00E+10 1.00E+11 1.00E+12 1.00E+13 1.00E+14 1.00E+15 1.00E+16
 4.31E-01 6.46E-01 1.08E+00 2.15E+00 4.31E+00 1.08E+01 2.15E+01 3.23E+01
 4.31E+01 6.46E+01 1.08E+02 2.15E+02 4.31E+02 6.46E+02
 1.32E-35 2.40E-26 5.33E-19 1.39E-13 5.84E-11 1.64E-09 4.01E-09 5.06E-09
 5.54E-09 5.84E-09 5.85E-09 5.45E-09 4.87E-09 4.50E-09
 1.61E-35 3.00E-26 6.81E-19 1.80E-13 6.63E-11 1.66E-09 4.01E-09 5.06E-09
 5.54E-09 5.83E-09 5.82E-09 5.41E-09 4.81E-09 4.44E-09
 1.64E-35 3.08E-26 7.01E-19 1.85E-13 6.72E-11 1.66E-09 4.01E-09 5.06E-09
 5.54E-09 5.83E-09 5.82E-09 5.40E-09 4.80E-09 4.43E-09
 1.64E-35 3.09E-26 7.03E-19 1.86E-13 6.73E-11 1.66E-09 4.01E-09 5.05E-09
 5.52E-09 5.81E-09 5.80E-09 5.38E-09 4.79E-09 4.42E-09
 1.65E-35 3.09E-26 7.03E-19 1.86E-13 6.73E-11 1.66E-09 3.97E-09 4.96E-09
 5.40E-09 5.65E-09 5.63E-09 5.23E-09 4.67E-09 4.32E-09
 1.64E-35 3.08E-26 7.03E-19 1.86E-13 6.71E-11 1.62E-09 3.72E-09 4.51E-09
 4.83E-09 4.99E-09 4.94E-09 4.60E-09 4.15E-09 3.87E-09
 1.55E-35 2.96E-26 6.84E-19 1.82E-13 6.57E-11 1.49E-09 3.19E-09 3.77E-09
 3.98E-09 4.07E-09 4.02E-09 3.77E-09 3.42E-09 3.20E-09
  473.044    7  14 /pl=01:ss= 4:pb= 1:sz= 4/type=excit/ispb = t/isel =   19
 1.00E+10 1.00E+11 1.00E+12 1.00E+13 1.00E+14 1.00E+15 1.00E+16
 4.31E-01 6.46E-01 1.08E+00 2.15E+00 4.31E+00 1.08E+01 2.15E+01 3.23E+01
 4.31E+01 6.46E+01 1.08E+02 2.15E+02 4.31E+02 6.46E+02
 2.12E-39 5.69E-29 1.08E-20 1.40E-14 1.30E-11 5.28E-10 1.30E-09 1.60E-09
 1.72E-09 1.78E-09 1.75E-09 1.61E-09 1.44E-09 1.32E-09
 2.62E-39 7.22E-29 1.41E-20 1.87E-14 1.53E-11 5.51E-10 1.34E-09 1.64E-09
 1.77E-09 1.83E-09 1.79E-09 1.65E-09 1.48E-09 1.36E-09
 2.68E-39 7.42E-29 1.46E-20 1.93E-14 1.55E-11 5.53E-10 1.35E-09 1.65E-09
 1.77E-09 1.83E-09 1.79E-09 1.65E-09 1.48E-09 1.37E-09
 2.69E-39 7.44E-29 1.46E-20 1.93E-14 1.56E-11 5.53E-10 1.35E-09 1.65E-09
 1.77E-09 1.83E-09 1.79E-09 1.65E-09 1.48E-09 1.37E-09
 2.69E-39 7.43E-29 1.46E-20 1.93E-14 1.56E-11 5.52E-10 1.33E-09 1.62E-09
 1.73E-09 1.78E-09 1.74E-09 1.61E-09 1.45E-09 1.34E-09
 2.66E-39 7.38E-29 1.45E-20 1.92E-14 1.55E-11 5.41E-10 1.25E-09 1.49E-09
 1.57E-09 1.60E-09 1.56E-09 1.44E-09 1.31E-09 1.22E-09
 2.44E-39 6.86E-29 1.37E-20 1.85E-14 1.49E-11 4.96E-10 1.10E-09 1.28E-09
 1.34E-09 1.36E-09 1.33E-09 1.24E-09 1.13E-09 1.05E-09
  480.513    7  14 /pl=01:ss= 4:pb= 1:sz= 4/type=excit/ispb = t/isel =   20
 1.00E+10 1.00E+11 1.00E+12 1.00E+13 1.00E+14 1.00E+15 1.00E+16
 4.31E-01 6.46E-01 1.08E+00 2.15E+00 4.31E+00 1.08E+01 2.15E+01 3.23E+01
 4.31E+01 6.46E+01 1.08E+02 2.15E+02 4.31E+02 6.46E+02
 5.91E-37 8.02E-28 1.43E-20 3.21E-15 1.24E-12 3.63E-11 9.92E-11 1.31E-10
 1.44E-10 1.54E-10 1.52E-10 1.40E-10 1.22E-10 1.12E-10
 5.92E-37 7.98E-28 1.40E-20 3.05E-15 1.20E-12 3.61E-11 9.90E-11 1.30E-10
 1.44E-10 1.53E-10 1.52E-10 1.38E-10 1.21E-10 1.10E-10
 5.92E-37 7.97E-28 1.39E-20 3.03E-15 1.19E-12 3.61E-11 9.90E-11 1.30E-10
 1.44E-10 1.53E-10 1.52E-10 1.38E-10 1.21E-10 1.10E-10
 5.92E-37 7.97E-28 1.39E-20 3.02E-15 1.19E-12 3.61E-11 9.89E-11 1.30E-10
 1.44E-10 1.53E-10 1.51E-10 1.38E-10 1.20E-10 1.10E-10
 5.92E-37 7.98E-28 1.39E-20 3.02E-15 1.19E-12 3.60E-11 9.81E-11 1.28E-10
 1.41E-10 1.50E-10 1.48E-10 1.35E-10 1.18E-10 1.08E-10
 5.93E-37 7.98E-28 1.39E-20 3.03E-15 1.19E-12 3.53E-11 9.24E-11 1.18E-10
 1.28E-10 1.35E-10 1.32E-10 1.22E-10 1.08E-10 9.92E-11
 5.76E-37 7.83E-28 1.38E-20 3.01E-15 1.16E-12 3.12E-11 7.25E-11 8.74E-11
 9.24E-11 9.53E-11 9.38E-11 8.84E-11 8.09E-11 7.57E-11
  484.379    7  14 /pl=01:ss= 4:pb= 1:sz= 4/type=excit/ispb = t/isel =   21
 1.00E+10 1.00E+11 1.00E+12 1.00E+13 1.00E+14 1.00E+15 1.00E+16
 4.31E-01 6.46E-01 1.08E+00 2.15E+00 4.31E+00 1.08E+01 2.15E+01 3.23E+01
 4.31E+01 6.46E+01 1.08E+02 2.15E+02 4.31E+02 6.46E+02
 1.00E-74 2.98E-36 2.82E-25 3.93E-17 3.78E-13 7.44E-11 3.71E-10 5.79E-10
 6.89E-10 7.67E-10 7.57E-10 6.49E-10 5.11E-10 4.36E-10
 1.00E-74 2.96E-36 2.75E-25 3.72E-17 3.64E-13 7.41E-11 3.71E-10 5.78E-10
 6.87E-10 7.65E-10 7.54E-10 6.43E-10 5.05E-10 4.29E-10
 1.00E-74 2.96E-36 2.75E-25 3.69E-17 3.62E-13 7.41E-11 3.71E-10 5.78E-10
 6.87E-10 7.65E-10 7.53E-10 6.43E-10 5.04E-10 4.28E-10
 1.00E-74 2.97E-36 2.75E-25 3.69E-17 3.62E-13 7.42E-11 3.71E-10 5.78E-10
 6.87E-10 7.64E-10 7.53E-10 6.43E-10 5.04E-10 4.28E-10
 1.00E-74 3.12E-36 2.86E-25 3.79E-17 3.69E-13 7.52E-11 3.74E-10 5.81E-10
 6.89E-10 7.64E-10 7.52E-10 6.42E-10 5.04E-10 4.29E-10
 7.38E-50 4.43E-36 3.83E-25 4.74E-17 4.36E-13 8.47E-11 4.09E-10 6.22E-10
 7.32E-10 8.05E-10 7.89E-10 6.75E-10 5.31E-10 4.52E-10
 1.91E-49 1.10E-35 9.34E-25 1.08E-16 8.92E-13 1.43E-10 6.12E-10 8.83E-10
 1.02E-09 1.11E-09 1.10E-09 9.68E-10 7.85E-10 6.75E-10
  485.932    7  14 /pl=01:ss= 4:pb= 1:sz= 4/type=excit/ispb = t/isel =   22
 1.00E+10 1.00E+11 1.00E+12 1.00E+13 1.00E+14 1.00E+15 1.00E+16
 4.31E-01 6.46E-01 1.08E+00 2.15E+00 4.31E+00 1.08E+01 2.15E+01 3.23E+01
 4.31E+01 6.46E+01 1.08E+02 2.15E+02 4.31E+02 6.46E+02
 1.00E-74 2.17E-38 7.04E-27 2.48E-18 3.89E-14 1.08E-11 6.19E-11 1.02E-10
 1.24E-10 1.42E-10 1.44E-10 1.25E-10 9.99E-11 8.58E-11
 1.00E-74 2.16E-38 6.88E-27 2.35E-18 3.75E-14 1.07E-11 6.18E-11 1.01E-10
 1.24E-10 1.42E-10 1.43E-10 1.24E-10 9.87E-11 8.45E-11
 1.00E-74 2.16E-38 6.87E-27 2.33E-18 3.73E-14 1.07E-11 6.18E-11 1.01E-10
 1.24E-10 1.42E-10 1.43E-10 1.24E-10 9.86E-11 8.44E-11
 1.00E-74 2.18E-38 6.92E-27 2.35E-18 3.74E-14 1.08E-11 6.20E-11 1.02E-10
 1.24E-10 1.42E-10 1.43E-10 1.24E-10 9.89E-11 8.46E-11
 1.00E-74 2.42E-38 7.50E-27 2.49E-18 3.91E-14 1.11E-11 6.40E-11 1.05E-10
 1.28E-10 1.46E-10 1.47E-10 1.28E-10 1.02E-10 8.70E-11
 1.00E-74 4.59E-38 1.30E-26 3.84E-18 5.46E-14 1.44E-11 8.02E-11 1.29E-10
 1.56E-10 1.77E-10 1.78E-10 1.54E-10 1.22E-10 1.04E-10
 4.92E-52 1.62E-37 4.60E-26 1.30E-17 1.64E-13 3.42E-11 1.61E-10 2.40E-10
 2.80E-10 3.10E-10 3.11E-10 2.77E-10 2.25E-10 1.95E-10
  488.138    7  14 /pl=01:ss= 4:pb= 1:sz= 4/type=excit/ispb = t/isel =   23
 1.00E+10 1.00E+11 1.00E+12 1.00E+13 1.00E+14 1.00E+15 1.00E+16
 4.31E-01 6.46E-01 1.08E+00 2.15E+00 4.31E+00 1.08E+01 2.15E+01 3.23E+01
 4.31E+01 6.46E+01 1.08E+02 2.15E+02 4.31E+02 6.46E+02
 1.00E-74 4.32E-38 1.30E-26 4.35E-18 6.60E-14 1.75E-11 9.77E-11 1.59E-10
 1.93E-10 2.22E-10 2.26E-10 1.99E-10 1.61E-10 1.38E-10
 1.00E-74 4.29E-38 1.27E-26 4.12E-18 6.34E-14 1.74E-11 9.75E-11 1.59E-10
 1.93E-10 2.21E-10 2.25E-10 1.98E-10 1.59E-10 1.36E-10
 1.00E-74 4.28E-38 1.27E-26 4.09E-18 6.31E-14 1.74E-11 9.75E-11 1.59E-10
 1.93E-10 2.21E-10 2.25E-10 1.97E-10 1.58E-10 1.36E-10
 1.00E-74 4.28E-38 1.26E-26 4.08E-18 6.30E-14 1.74E-11 9.73E-11 1.58E-10
 1.92E-10 2.20E-10 2.24E-10 1.97E-10 1.58E-10 1.35E-10
 1.00E-74 4.22E-38 1.25E-26 4.05E-18 6.26E-14 1.72E-11 9.59E-11 1.55E-10
 1.88E-10 2.15E-10 2.18E-10 1.92E-10 1.55E-10 1.33E-10
 1.00E-74 3.78E-38 1.14E-26 3.77E-18 5.83E-14 1.57E-11 8.46E-11 1.34E-10
 1.61E-10 1.83E-10 1.87E-10 1.67E-10 1.37E-10 1.20E-10
 8.02E-53 2.46E-38 7.62E-27 2.60E-18 3.96E-14 9.38E-12 4.45E-11 6.70E-11
 7.90E-11 8.96E-11 9.42E-11 9.06E-11 8.10E-11 7.40E-11
  489.428    7  14 /pl=01:ss= 4:pb= 1:sz= 4/type=excit/ispb = t/isel =   24
 1.00E+10 1.00E+11 1.00E+12 1.00E+13 1.00E+14 1.00E+15 1.00E+16
 4.31E-01 6.46E-01 1.08E+00 2.15E+00 4.31E+00 1.08E+01 2.15E+01 3.23E+01
 4.31E+01 6.46E+01 1.08E+02 2.15E+02 4.31E+02 6.46E+02
 1.00E-74 5.80E-45 1.12E-30 4.67E-20 7.75E-15 8.36E-12 7.31E-11 1.38E-10
 1.81E-10 2.23E-10 2.44E-10 2.28E-10 1.92E-10 1.69E-10
 1.00E-74 5.98E-45 1.10E-30 4.43E-20 7.47E-15 8.32E-12 7.29E-11 1.38E-10
 1.81E-10 2.22E-10 2.42E-10 2.26E-10 1.90E-10 1.66E-10
 1.00E-74 5.95E-45 1.10E-30 4.40E-20 7.44E-15 8.32E-12 7.30E-11 1.38E-10
 1.81E-10 2.22E-10 2.42E-10 2.26E-10 1.90E-10 1.66E-10
 1.00E-74 5.97E-45 1.10E-30 4.40E-20 7.45E-15 8.34E-12 7.32E-11 1.38E-10
 1.81E-10 2.23E-10 2.43E-10 2.27E-10 1.91E-10 1.66E-10
 1.00E-74 6.23E-45 1.14E-30 4.51E-20 7.59E-15 8.51E-12 7.50E-11 1.42E-10
 1.86E-10 2.29E-10 2.50E-10 2.34E-10 1.97E-10 1.72E-10
 1.00E-74 9.30E-45 1.56E-30 5.67E-20 8.98E-15 9.92E-12 8.66E-11 1.61E-10
 2.10E-10 2.56E-10 2.79E-10 2.62E-10 2.22E-10 1.95E-10
 1.00E-74 3.77E-44 5.83E-30 1.71E-19 2.11E-14 1.81E-11 1.33E-10 2.27E-10
 2.82E-10 3.31E-10 3.51E-10 3.27E-10 2.77E-10 2.44E-10
  495.344    7  14 /pl=01:ss= 4:pb= 1:sz= 4/type=excit/ispb = t/isel =   25
 1.00E+10 1.00E+11 1.00E+12 1.00E+13 1.00E+14 1.00E+15 1.00E+16
 4.31E-01 6.46E-01 1.08E+00 2.15E+00 4.31E+00 1.08E+01 2.15E+01 3.23E+01
 4.31E+01 6.46E+01 1.08E+02 2.15E+02 4.31E+02 6.46E+02
 1.00E-74 5.79E-42 6.75E-29 3.47E-19 2.03E-14 1.17E-11 8.27E-11 1.44E-10
 1.82E-10 2.13E-10 2.21E-10 1.95E-10 1.56E-10 1.33E-10
 1.00E-74 5.76E-42 6.61E-29 3.29E-19 1.95E-14 1.16E-11 8.25E-11 1.44E-10
 1.81E-10 2.13E-10 2.20E-10 1.93E-10 1.54E-10 1.31E-10
 1.00E-74 5.76E-42 6.59E-29 3.27E-19 1.95E-14 1.16E-11 8.25E-11 1.44E-10
 1.81E-10 2.13E-10 2.19E-10 1.93E-10 1.53E-10 1.31E-10
 1.00E-74 5.79E-42 6.62E-29 3.28E-19 1.95E-14 1.16E-11 8.26E-11 1.44E-10
 1.81E-10 2.13E-10 2.19E-10 1.93E-10 1.53E-10 1.31E-10
 1.00E-74 6.13E-42 6.92E-29 3.39E-19 1.99E-14 1.18E-11 8.30E-11 1.44E-10
 1.80E-10 2.11E-10 2.17E-10 1.91E-10 1.52E-10 1.30E-10
 1.00E-74 9.44E-42 9.88E-29 4.44E-19 2.43E-14 1.33E-11 8.77E-11 1.47E-10
 1.81E-10 2.09E-10 2.13E-10 1.88E-10 1.52E-10 1.30E-10
 1.00E-74 3.43E-41 3.36E-28 1.34E-18 6.25E-14 2.59E-11 1.38E-10 2.11E-10
 2.47E-10 2.75E-10 2.77E-10 2.47E-10 2.03E-10 1.76E-10
  512.963    7  14 /pl=01:ss= 4:pb= 1:sz= 4/type=excit/ispb = t/isel =   26
 1.00E+10 1.00E+11 1.00E+12 1.00E+13 1.00E+14 1.00E+15 1.00E+16
 4.31E-01 6.46E-01 1.08E+00 2.15E+00 4.31E+00 1.08E+01 2.15E+01 3.23E+01
 4.31E+01 6.46E+01 1.08E+02 2.15E+02 4.31E+02 6.46E+02
 5.79E-35 6.01E-27 1.36E-20 6.49E-16 1.43E-13 1.62E-11 1.23E-10 2.30E-10
 3.03E-10 3.76E-10 4.12E-10 3.88E-10 3.27E-10 2.87E-10
 6.35E-35 6.65E-27 1.51E-20 7.08E-16 1.46E-13 1.62E-11 1.23E-10 2.30E-10
 3.02E-10 3.75E-10 4.10E-10 3.85E-10 3.23E-10 2.83E-10
 6.43E-35 6.73E-27 1.53E-20 7.16E-16 1.47E-13 1.62E-11 1.23E-10 2.29E-10
 3.02E-10 3.74E-10 4.09E-10 3.84E-10 3.22E-10 2.82E-10
 6.46E-35 6.77E-27 1.53E-20 7.18E-16 1.47E-13 1.61E-11 1.21E-10 2.26E-10
 2.97E-10 3.68E-10 4.02E-10 3.77E-10 3.18E-10 2.78E-10
 6.77E-35 7.03E-27 1.58E-20 7.30E-16 1.48E-13 1.55E-11 1.11E-10 2.01E-10
 2.59E-10 3.17E-10 3.45E-10 3.25E-10 2.78E-10 2.46E-10
 9.03E-35 9.07E-27 1.94E-20 8.28E-16 1.54E-13 1.16E-11 6.15E-11 9.85E-11
 1.20E-10 1.39E-10 1.47E-10 1.41E-10 1.26E-10 1.16E-10
 1.09E-34 1.18E-26 2.60E-20 9.75E-16 1.43E-13 5.00E-12 1.65E-11 2.23E-11
 2.51E-11 2.72E-11 2.77E-11 2.64E-11 2.42E-11 2.27E-11
  514.944    7  14 /pl=01:ss= 4:pb= 1:sz= 4/type=excit/ispb = t/isel =   27
 1.00E+10 1.00E+11 1.00E+12 1.00E+13 1.00E+14 1.00E+15 1.00E+16
 4.31E-01 6.46E-01 1.08E+00 2.15E+00 4.31E+00 1.08E+01 2.15E+01 3.23E+01
 4.31E+01 6.46E+01 1.08E+02 2.15E+02 4.31E+02 6.46E+02
 8.29E-32 8.12E-24 1.77E-17 8.22E-13 1.45E-10 2.61E-09 5.96E-09 7.37E-09
 7.90E-09 8.09E-09 7.78E-09 6.91E-09 5.92E-09 5.34E-09
 8.41E-32 8.20E-24 1.76E-17 7.95E-13 1.41E-10 2.60E-09 5.95E-09 7.36E-09
 7.89E-09 8.06E-09 7.74E-09 6.86E-09 5.85E-09 5.26E-09
 8.42E-32 8.21E-24 1.76E-17 7.91E-13 1.40E-10 2.60E-09 5.95E-09 7.36E-09
 7.89E-09 8.06E-09 7.74E-09 6.85E-09 5.84E-09 5.25E-09
 8.42E-32 8.21E-24 1.76E-17 7.91E-13 1.40E-10 2.60E-09 5.94E-09 7.35E-09
 7.87E-09 8.04E-09 7.72E-09 6.83E-09 5.83E-09 5.24E-09
 8.41E-32 8.20E-24 1.75E-17 7.90E-13 1.40E-10 2.59E-09 5.89E-09 7.24E-09
 7.73E-09 7.88E-09 7.55E-09 6.70E-09 5.73E-09 5.16E-09
 8.26E-32 8.09E-24 1.74E-17 7.84E-13 1.39E-10 2.53E-09 5.52E-09 6.63E-09
 6.98E-09 7.04E-09 6.73E-09 6.01E-09 5.20E-09 4.73E-09
 7.07E-32 7.10E-24 1.57E-17 7.27E-13 1.29E-10 2.15E-09 4.19E-09 4.75E-09
 4.88E-09 4.84E-09 4.65E-09 4.27E-09 3.84E-09 3.56E-09
  522.177    7  14 /pl=01:ss= 4:pb= 1:sz= 4/type=excit/ispb = t/isel =   28
 1.00E+10 1.00E+11 1.00E+12 1.00E+13 1.00E+14 1.00E+15 1.00E+16
 4.31E-01 6.46E-01 1.08E+00 2.15E+00 4.31E+00 1.08E+01 2.15E+01 3.23E+01
 4.31E+01 6.46E+01 1.08E+02 2.15E+02 4.31E+02 6.46E+02
 3.35E-32 2.48E-24 4.27E-18 1.64E-13 2.64E-11 4.26E-10 8.95E-10 1.08E-09
 1.14E-09 1.17E-09 1.12E-09 1.01E-09 8.68E-10 7.87E-10
 3.85E-32 2.90E-24 5.04E-18 1.93E-13 2.85E-11 4.29E-10 8.98E-10 1.08E-09
 1.14E-09 1.17E-09 1.12E-09 1.00E-09 8.60E-10 7.79E-10
 3.92E-32 2.95E-24 5.15E-18 1.97E-13 2.88E-11 4.30E-10 8.98E-10 1.08E-09
 1.14E-09 1.17E-09 1.12E-09 9.99E-10 8.59E-10 7.78E-10
 3.92E-32 2.95E-24 5.15E-18 1.97E-13 2.88E-11 4.30E-10 8.97E-10 1.08E-09
 1.14E-09 1.16E-09 1.12E-09 9.97E-10 8.57E-10 7.76E-10
 3.92E-32 2.95E-24 5.15E-18 1.97E-13 2.88E-11 4.28E-10 8.88E-10 1.06E-09
 1.12E-09 1.14E-09 1.09E-09 9.72E-10 8.39E-10 7.61E-10
 3.84E-32 2.90E-24 5.09E-18 1.95E-13 2.85E-11 4.18E-10 8.30E-10 9.63E-10
 1.00E-09 1.01E-09 9.59E-10 8.61E-10 7.52E-10 6.87E-10
 3.19E-32 2.49E-24 4.51E-18 1.79E-13 2.63E-11 3.62E-10 6.61E-10 7.37E-10
 7.54E-10 7.49E-10 7.17E-10 6.55E-10 5.85E-10 5.42E-10
  533.333    7  14 /pl=01:ss= 4:pb= 1:sz= 4/type=excit/ispb = t/isel =   29
 1.00E+10 1.00E+11 1.00E+12 1.00E+13 1.00E+14 1.00E+15 1.00E+16
 4.31E-01 6.46E-01 1.08E+00 2.15E+00 4.31E+00 1.08E+01 2.15E+01 3.23E+01
 4.31E+01 6.46E+01 1.08E+02 2.15E+02 4.31E+02 6.46E+02
 1.00E-74 4.19E-45 8.33E-31 3.75E-20 6.56E-15 6.66E-12 5.16E-11 9.35E-11
 1.21E-10 1.49E-10 1.64E-10 1.57E-10 1.36E-10 1.22E-10
 1.00E-74 4.85E-45 1.06E-30 4.86E-20 7.45E-15 6.71E-12 5.16E-11 9.34E-11
 1.21E-10 1.49E-10 1.63E-10 1.56E-10 1.34E-10 1.20E-10
 1.00E-74 4.95E-45 1.10E-30 5.01E-20 7.55E-15 6.72E-12 5.16E-11 9.34E-11
 1.21E-10 1.49E-10 1.63E-10 1.56E-10 1.34E-10 1.20E-10
 1.00E-74 4.99E-45 1.10E-30 5.04E-20 7.58E-15 6.73E-12 5.17E-11 9.35E-11
 1.21E-10 1.48E-10 1.63E-10 1.56E-10 1.34E-10 1.20E-10
 1.00E-74 5.27E-45 1.15E-30 5.20E-20 7.77E-15 6.86E-12 5.22E-11 9.37E-11
 1.21E-10 1.47E-10 1.61E-10 1.54E-10 1.32E-10 1.18E-10
 1.00E-74 8.20E-45 1.65E-30 6.80E-20 9.54E-15 7.96E-12 5.71E-11 9.88E-11
 1.24E-10 1.48E-10 1.59E-10 1.50E-10 1.29E-10 1.15E-10
 1.00E-74 1.84E-44 3.79E-30 1.47E-19 1.84E-14 1.28E-11 8.11E-11 1.33E-10
 1.63E-10 1.89E-10 1.98E-10 1.83E-10 1.54E-10 1.35E-10
  550.991    7  14 /pl=01:ss= 4:pb= 1:sz= 4/type=excit/ispb = t/isel =   30
 1.00E+10 1.00E+11 1.00E+12 1.00E+13 1.00E+14 1.00E+15 1.00E+16
 4.31E-01 6.46E-01 1.08E+00 2.15E+00 4.31E+00 1.08E+01 2.15E+01 3.23E+01
 4.31E+01 6.46E+01 1.08E+02 2.15E+02 4.31E+02 6.46E+02
 4.41E-35 4.58E-27 1.04E-20 4.95E-16 1.09E-13 1.24E-11 9.36E-11 1.75E-10
 2.31E-10 2.87E-10 3.14E-10 2.96E-10 2.49E-10 2.19E-10
 4.84E-35 5.07E-27 1.15E-20 5.40E-16 1.12E-13 1.24E-11 9.35E-11 1.75E-10
 2.30E-10 2.86E-10 3.13E-10 2.93E-10 2.46E-10 2.16E-10
 4.90E-35 5.13E-27 1.17E-20 5.46E-16 1.12E-13 1.24E-11 9.34E-11 1.75E-10
 2.30E-10 2.85E-10 3.12E-10 2.92E-10 2.46E-10 2.15E-10
 4.93E-35 5.16E-27 1.17E-20 5.47E-16 1.12E-13 1.23E-11 9.25E-11 1.73E-10
 2.26E-10 2.81E-10 3.07E-10 2.88E-10 2.42E-10 2.12E-10
 5.16E-35 5.36E-27 1.20E-20 5.57E-16 1.13E-13 1.18E-11 8.43E-11 1.53E-10
 1.98E-10 2.42E-10 2.63E-10 2.48E-10 2.12E-10 1.88E-10
 6.89E-35 6.92E-27 1.48E-20 6.31E-16 1.17E-13 8.86E-12 4.69E-11 7.51E-11
 9.12E-11 1.06E-10 1.12E-10 1.08E-10 9.64E-11 8.87E-11
 8.34E-35 9.02E-27 1.98E-20 7.44E-16 1.09E-13 3.81E-12 1.26E-11 1.70E-11
 1.91E-11 2.07E-11 2.11E-11 2.01E-11 1.84E-11 1.73E-11
  553.278    7  14 /pl=01:ss= 4:pb= 1:sz= 4/type=excit/ispb = t/isel =   31
 1.00E+10 1.00E+11 1.00E+12 1.00E+13 1.00E+14 1.00E+15 1.00E+16
 4.31E-01 6.46E-01 1.08E+00 2.15E+00 4.31E+00 1.08E+01 2.15E+01 3.23E+01
 4.31E+01 6.46E+01 1.08E+02 2.15E+02 4.31E+02 6.46E+02
 4.98E-33 4.87E-25 1.06E-18 4.93E-14 8.70E-12 1.56E-10 3.57E-10 4.42E-10
 4.74E-10 4.85E-10 4.67E-10 4.15E-10 3.55E-10 3.20E-10
 5.04E-33 4.92E-25 1.05E-18 4.77E-14 8.45E-12 1.56E-10 3.57E-10 4.42E-10
 4.73E-10 4.84E-10 4.65E-10 4.11E-10 3.51E-10 3.15E-10
 5.05E-33 4.93E-25 1.05E-18 4.75E-14 8.43E-12 1.56E-10 3.57E-10 4.41E-10
 4.73E-10 4.84E-10 4.64E-10 4.11E-10 3.50E-10 3.15E-10
 5.05E-33 4.93E-25 1.05E-18 4.74E-14 8.42E-12 1.56E-10 3.57E-10 4.41E-10
 4.72E-10 4.82E-10 4.63E-10 4.10E-10 3.50E-10 3.14E-10
 5.04E-33 4.92E-25 1.05E-18 4.74E-14 8.41E-12 1.55E-10 3.53E-10 4.35E-10
 4.64E-10 4.73E-10 4.53E-10 4.02E-10 3.44E-10 3.10E-10
 4.96E-33 4.85E-25 1.04E-18 4.70E-14 8.34E-12 1.52E-10 3.31E-10 3.98E-10
 4.19E-10 4.22E-10 4.04E-10 3.61E-10 3.12E-10 2.84E-10
 4.24E-33 4.26E-25 9.40E-19 4.36E-14 7.75E-12 1.29E-10 2.52E-10 2.85E-10
 2.93E-10 2.90E-10 2.79E-10 2.56E-10 2.30E-10 2.14E-10
  557.538    7  14 /pl=01:ss= 4:pb= 1:sz= 4/type=excit/ispb = t/isel =   32
 1.00E+10 1.00E+11 1.00E+12 1.00E+13 1.00E+14 1.00E+15 1.00E+16
 4.31E-01 6.46E-01 1.08E+00 2.15E+00 4.31E+00 1.08E+01 2.15E+01 3.23E+01
 4.31E+01 6.46E+01 1.08E+02 2.15E+02 4.31E+02 6.46E+02
 1.33E-46 6.27E-34 7.41E-24 2.17E-16 9.62E-13 1.19E-10 5.13E-10 7.61E-10
 8.87E-10 9.62E-10 9.34E-10 7.83E-10 6.10E-10 5.17E-10
 1.37E-46 6.22E-34 7.23E-24 2.05E-16 9.24E-13 1.18E-10 5.12E-10 7.60E-10
 8.85E-10 9.60E-10 9.30E-10 7.76E-10 6.02E-10 5.09E-10
 1.37E-46 6.21E-34 7.21E-24 2.04E-16 9.20E-13 1.18E-10 5.12E-10 7.60E-10
 8.85E-10 9.59E-10 9.29E-10 7.75E-10 6.01E-10 5.08E-10
 1.37E-46 6.21E-34 7.21E-24 2.03E-16 9.19E-13 1.18E-10 5.12E-10 7.58E-10
 8.83E-10 9.57E-10 9.27E-10 7.74E-10 6.00E-10 5.07E-10
 1.37E-46 6.20E-34 7.20E-24 2.03E-16 9.18E-13 1.18E-10 5.07E-10 7.48E-10
 8.68E-10 9.39E-10 9.08E-10 7.59E-10 5.91E-10 5.01E-10
 1.35E-46 6.16E-34 7.16E-24 2.02E-16 9.09E-13 1.15E-10 4.76E-10 6.87E-10
 7.88E-10 8.45E-10 8.17E-10 6.90E-10 5.44E-10 4.64E-10
 1.10E-46 5.24E-34 6.35E-24 1.84E-16 8.15E-13 9.22E-11 3.38E-10 4.62E-10
 5.20E-10 5.54E-10 5.47E-10 4.87E-10 4.07E-10 3.58E-10
  557.569    7  14 /pl=01:ss= 4:pb= 1:sz= 4/type=excit/ispb = t/isel =   33
 1.00E+10 1.00E+11 1.00E+12 1.00E+13 1.00E+14 1.00E+15 1.00E+16
 4.31E-01 6.46E-01 1.08E+00 2.15E+00 4.31E+00 1.08E+01 2.15E+01 3.23E+01
 4.31E+01 6.46E+01 1.08E+02 2.15E+02 4.31E+02 6.46E+02
 1.00E-74 2.55E-37 4.24E-26 8.83E-18 1.04E-13 2.11E-11 9.53E-11 1.44E-10
 1.69E-10 1.87E-10 1.87E-10 1.63E-10 1.32E-10 1.14E-10
 1.00E-74 3.19E-37 5.42E-26 1.14E-17 1.19E-13 2.12E-11 9.53E-11 1.44E-10
 1.69E-10 1.87E-10 1.86E-10 1.62E-10 1.30E-10 1.12E-10
 1.00E-74 3.28E-37 5.58E-26 1.18E-17 1.20E-13 2.13E-11 9.53E-11 1.44E-10
 1.69E-10 1.86E-10 1.86E-10 1.62E-10 1.30E-10 1.12E-10
 1.00E-74 3.28E-37 5.59E-26 1.18E-17 1.20E-13 2.12E-11 9.52E-11 1.44E-10
 1.68E-10 1.86E-10 1.85E-10 1.61E-10 1.30E-10 1.12E-10
 4.09E-51 3.27E-37 5.57E-26 1.18E-17 1.20E-13 2.12E-11 9.41E-11 1.41E-10
 1.64E-10 1.81E-10 1.80E-10 1.56E-10 1.26E-10 1.09E-10
 2.45E-51 3.11E-37 5.36E-26 1.14E-17 1.17E-13 2.04E-11 8.67E-11 1.26E-10
 1.45E-10 1.57E-10 1.56E-10 1.36E-10 1.11E-10 9.70E-11
 1.51E-51 2.13E-37 3.92E-26 9.00E-18 9.61E-14 1.61E-11 6.39E-11 9.03E-11
 1.03E-10 1.11E-10 1.11E-10 1.00E-10 8.45E-11 7.48E-11
  561.637    7  14 /pl=01:ss= 4:pb= 1:sz= 4/type=excit/ispb = t/isel =   34
 1.00E+10 1.00E+11 1.00E+12 1.00E+13 1.00E+14 1.00E+15 1.00E+16
 4.31E-01 6.46E-01 1.08E+00 2.15E+00 4.31E+00 1.08E+01 2.15E+01 3.23E+01
 4.31E+01 6.46E+01 1.08E+02 2.15E+02 4.31E+02 6.46E+02
 5.42E-32 4.01E-24 6.91E-18 2.65E-13 4.28E-11 6.89E-10 1.45E-09 1.74E-09
 1.85E-09 1.89E-09 1.82E-09 1.63E-09 1.40E-09 1.27E-09
 6.24E-32 4.69E-24 8.17E-18 3.12E-13 4.62E-11 6.95E-10 1.45E-09 1.75E-09
 1.85E-09 1.89E-09 1.82E-09 1.62E-09 1.39E-09 1.26E-09
 6.34E-32 4.78E-24 8.33E-18 3.18E-13 4.66E-11 6.96E-10 1.45E-09 1.75E-09
 1.85E-09 1.89E-09 1.82E-09 1.62E-09 1.39E-09 1.26E-09
 6.35E-32 4.78E-24 8.35E-18 3.19E-13 4.66E-11 6.96E-10 1.45E-09 1.74E-09
 1.85E-09 1.88E-09 1.81E-09 1.61E-09 1.39E-09 1.26E-09
 6.34E-32 4.78E-24 8.34E-18 3.19E-13 4.66E-11 6.94E-10 1.44E-09 1.71E-09
 1.81E-09 1.84E-09 1.76E-09 1.57E-09 1.36E-09 1.23E-09
 6.22E-32 4.70E-24 8.23E-18 3.16E-13 4.61E-11 6.76E-10 1.34E-09 1.56E-09
 1.62E-09 1.63E-09 1.55E-09 1.39E-09 1.22E-09 1.11E-09
 5.16E-32 4.03E-24 7.29E-18 2.89E-13 4.26E-11 5.86E-10 1.07E-09 1.19E-09
 1.22E-09 1.21E-09 1.16E-09 1.06E-09 9.47E-10 8.78E-10
  564.239    7  14 /pl=01:ss= 4:pb= 1:sz= 4/type=excit/ispb = t/isel =   35
 1.00E+10 1.00E+11 1.00E+12 1.00E+13 1.00E+14 1.00E+15 1.00E+16
 4.31E-01 6.46E-01 1.08E+00 2.15E+00 4.31E+00 1.08E+01 2.15E+01 3.23E+01
 4.31E+01 6.46E+01 1.08E+02 2.15E+02 4.31E+02 6.46E+02
 1.00E-74 3.07E-34 3.08E-24 7.99E-17 3.31E-13 3.92E-11 1.65E-10 2.42E-10
 2.79E-10 3.02E-10 2.92E-10 2.42E-10 1.88E-10 1.59E-10
 8.38E-47 3.05E-34 3.01E-24 7.55E-17 3.18E-13 3.91E-11 1.64E-10 2.41E-10
 2.79E-10 3.01E-10 2.90E-10 2.40E-10 1.85E-10 1.57E-10
 8.21E-47 3.04E-34 3.00E-24 7.50E-17 3.17E-13 3.90E-11 1.64E-10 2.41E-10
 2.78E-10 3.01E-10 2.90E-10 2.40E-10 1.85E-10 1.57E-10
 8.23E-47 3.05E-34 3.00E-24 7.50E-17 3.17E-13 3.91E-11 1.64E-10 2.41E-10
 2.78E-10 3.00E-10 2.89E-10 2.40E-10 1.85E-10 1.56E-10
 8.41E-47 3.10E-34 3.04E-24 7.57E-17 3.19E-13 3.92E-11 1.64E-10 2.39E-10
 2.75E-10 2.96E-10 2.85E-10 2.36E-10 1.83E-10 1.55E-10
 1.00E-46 3.59E-34 3.43E-24 8.27E-17 3.39E-13 4.04E-11 1.63E-10 2.32E-10
 2.64E-10 2.82E-10 2.70E-10 2.25E-10 1.76E-10 1.50E-10
 1.60E-46 5.79E-34 5.46E-24 1.26E-16 4.79E-13 4.87E-11 1.74E-10 2.36E-10
 2.62E-10 2.76E-10 2.67E-10 2.30E-10 1.85E-10 1.59E-10
  622.898    7  14 /pl=01:ss= 4:pb= 1:sz= 4/type=excit/ispb = t/isel =   36
 1.00E+10 1.00E+11 1.00E+12 1.00E+13 1.00E+14 1.00E+15 1.00E+16
 4.31E-01 6.46E-01 1.08E+00 2.15E+00 4.31E+00 1.08E+01 2.15E+01 3.23E+01
 4.31E+01 6.46E+01 1.08E+02 2.15E+02 4.31E+02 6.46E+02
 1.00E-74 3.12E-34 3.14E-24 8.12E-17 3.37E-13 3.99E-11 1.67E-10 2.46E-10
 2.84E-10 3.07E-10 2.96E-10 2.46E-10 1.91E-10 1.62E-10
 8.52E-47 3.10E-34 3.06E-24 7.68E-17 3.23E-13 3.97E-11 1.67E-10 2.45E-10
 2.83E-10 3.06E-10 2.95E-10 2.44E-10 1.88E-10 1.59E-10
 8.35E-47 3.09E-34 3.05E-24 7.62E-17 3.22E-13 3.97E-11 1.67E-10 2.45E-10
 2.83E-10 3.06E-10 2.95E-10 2.44E-10 1.88E-10 1.59E-10
 8.37E-47 3.10E-34 3.05E-24 7.62E-17 3.22E-13 3.97E-11 1.67E-10 2.45E-10
 2.83E-10 3.05E-10 2.94E-10 2.44E-10 1.88E-10 1.59E-10
 8.55E-47 3.15E-34 3.09E-24 7.70E-17 3.24E-13 3.98E-11 1.67E-10 2.43E-10
 2.80E-10 3.01E-10 2.90E-10 2.40E-10 1.86E-10 1.58E-10
 1.02E-46 3.65E-34 3.49E-24 8.40E-17 3.45E-13 4.11E-11 1.65E-10 2.36E-10
 2.68E-10 2.86E-10 2.75E-10 2.29E-10 1.79E-10 1.52E-10
 1.63E-46 5.89E-34 5.55E-24 1.28E-16 4.87E-13 4.95E-11 1.77E-10 2.40E-10
 2.66E-10 2.81E-10 2.71E-10 2.33E-10 1.88E-10 1.62E-10
  667.436    7  14 /pl=01:ss= 4:pb= 1:sz= 4/type=excit/ispb = t/isel =   37
 1.00E+10 1.00E+11 1.00E+12 1.00E+13 1.00E+14 1.00E+15 1.00E+16
 4.31E-01 6.46E-01 1.08E+00 2.15E+00 4.31E+00 1.08E+01 2.15E+01 3.23E+01
 4.31E+01 6.46E+01 1.08E+02 2.15E+02 4.31E+02 6.46E+02
 7.93E-33 5.86E-25 1.01E-18 3.87E-14 6.25E-12 1.01E-10 2.12E-10 2.55E-10
 2.70E-10 2.76E-10 2.66E-10 2.38E-10 2.05E-10 1.86E-10
 9.12E-33 6.85E-25 1.19E-18 4.56E-14 6.75E-12 1.02E-10 2.12E-10 2.55E-10
 2.71E-10 2.76E-10 2.65E-10 2.37E-10 2.04E-10 1.84E-10
 9.27E-33 6.98E-25 1.22E-18 4.65E-14 6.80E-12 1.02E-10 2.13E-10 2.55E-10
 2.71E-10 2.76E-10 2.65E-10 2.36E-10 2.03E-10 1.84E-10
 9.28E-33 6.99E-25 1.22E-18 4.66E-14 6.81E-12 1.02E-10 2.12E-10 2.55E-10
 2.70E-10 2.75E-10 2.64E-10 2.36E-10 2.03E-10 1.84E-10
 9.26E-33 6.98E-25 1.22E-18 4.66E-14 6.80E-12 1.01E-10 2.10E-10 2.50E-10
 2.65E-10 2.69E-10 2.58E-10 2.30E-10 1.99E-10 1.80E-10
 9.09E-33 6.87E-25 1.20E-18 4.62E-14 6.74E-12 9.89E-11 1.96E-10 2.28E-10
 2.37E-10 2.38E-10 2.27E-10 2.04E-10 1.78E-10 1.63E-10
 7.54E-33 5.89E-25 1.07E-18 4.23E-14 6.23E-12 8.57E-11 1.56E-10 1.74E-10
 1.78E-10 1.77E-10 1.70E-10 1.55E-10 1.38E-10 1.28E-10
  673.577    7  14 /pl=01:ss= 4:pb= 1:sz= 4/type=excit/ispb = t/isel =   38
 1.00E+10 1.00E+11 1.00E+12 1.00E+13 1.00E+14 1.00E+15 1.00E+16
 4.31E-01 6.46E-01 1.08E+00 2.15E+00 4.31E+00 1.08E+01 2.15E+01 3.23E+01
 4.31E+01 6.46E+01 1.08E+02 2.15E+02 4.31E+02 6.46E+02
 2.38E-28 1.02E-21 1.78E-16 1.23E-12 8.44E-11 8.37E-10 1.57E-09 1.86E-09
 1.98E-09 2.02E-09 1.94E-09 1.71E-09 1.45E-09 1.30E-09
 2.90E-28 1.27E-21 2.28E-16 1.59E-12 9.59E-11 8.44E-10 1.57E-09 1.86E-09
 1.98E-09 2.02E-09 1.94E-09 1.70E-09 1.44E-09 1.28E-09
 2.96E-28 1.30E-21 2.35E-16 1.64E-12 9.72E-11 8.44E-10 1.57E-09 1.86E-09
 1.98E-09 2.02E-09 1.93E-09 1.70E-09 1.43E-09 1.28E-09
 2.97E-28 1.31E-21 2.36E-16 1.64E-12 9.73E-11 8.44E-10 1.57E-09 1.86E-09
 1.97E-09 2.01E-09 1.93E-09 1.69E-09 1.43E-09 1.28E-09
 2.95E-28 1.30E-21 2.35E-16 1.64E-12 9.71E-11 8.41E-10 1.55E-09 1.82E-09
 1.93E-09 1.95E-09 1.87E-09 1.64E-09 1.39E-09 1.25E-09
 2.82E-28 1.26E-21 2.28E-16 1.61E-12 9.51E-11 8.10E-10 1.43E-09 1.63E-09
 1.70E-09 1.70E-09 1.62E-09 1.43E-09 1.23E-09 1.11E-09
 1.96E-28 9.21E-22 1.77E-16 1.32E-12 7.97E-11 6.42E-10 1.06E-09 1.18E-09
 1.21E-09 1.21E-09 1.16E-09 1.06E-09 9.35E-10 8.58E-10
  677.507    7  14 /pl=01:ss= 4:pb= 1:sz= 4/type=excit/ispb = t/isel =   39
 1.00E+10 1.00E+11 1.00E+12 1.00E+13 1.00E+14 1.00E+15 1.00E+16
 4.31E-01 6.46E-01 1.08E+00 2.15E+00 4.31E+00 1.08E+01 2.15E+01 3.23E+01
 4.31E+01 6.46E+01 1.08E+02 2.15E+02 4.31E+02 6.46E+02
 1.00E-74 3.56E-38 6.81E-27 1.65E-18 2.40E-14 7.68E-12 4.95E-11 8.58E-11
 1.08E-10 1.29E-10 1.35E-10 1.23E-10 1.02E-10 8.91E-11
 1.00E-74 3.62E-38 6.83E-27 1.61E-18 2.34E-14 7.65E-12 4.95E-11 8.57E-11
 1.08E-10 1.28E-10 1.35E-10 1.22E-10 1.01E-10 8.78E-11
 1.00E-74 3.63E-38 6.84E-27 1.61E-18 2.33E-14 7.66E-12 4.95E-11 8.57E-11
 1.08E-10 1.28E-10 1.35E-10 1.22E-10 1.01E-10 8.77E-11
 1.00E-74 3.67E-38 6.89E-27 1.61E-18 2.34E-14 7.68E-12 4.98E-11 8.62E-11
 1.09E-10 1.29E-10 1.36E-10 1.23E-10 1.01E-10 8.82E-11
 1.00E-74 4.02E-38 7.42E-27 1.71E-18 2.44E-14 7.94E-12 5.21E-11 9.08E-11
 1.15E-10 1.37E-10 1.44E-10 1.30E-10 1.07E-10 9.32E-11
 1.00E-74 7.23E-38 1.23E-26 2.56E-18 3.30E-14 1.01E-11 6.51E-11 1.12E-10
 1.40E-10 1.66E-10 1.74E-10 1.59E-10 1.32E-10 1.15E-10
 1.55E-51 2.15E-37 3.70E-26 7.31E-18 8.15E-14 1.80E-11 9.04E-11 1.40E-10
 1.67E-10 1.90E-10 1.99E-10 1.88E-10 1.62E-10 1.45E-10
  696.447    7  14 /pl=01:ss= 4:pb= 1:sz= 4/type=excit/ispb = t/isel =   40
 1.00E+10 1.00E+11 1.00E+12 1.00E+13 1.00E+14 1.00E+15 1.00E+16
 4.31E-01 6.46E-01 1.08E+00 2.15E+00 4.31E+00 1.08E+01 2.15E+01 3.23E+01
 4.31E+01 6.46E+01 1.08E+02 2.15E+02 4.31E+02 6.46E+02
 4.86E-26 3.73E-20 1.67E-15 4.23E-12 1.75E-10 1.48E-09 3.13E-09 3.92E-09
 4.26E-09 4.42E-09 4.23E-09 3.64E-09 2.96E-09 2.60E-09
 4.85E-26 3.70E-20 1.63E-15 4.00E-12 1.68E-10 1.47E-09 3.12E-09 3.91E-09
 4.25E-09 4.41E-09 4.21E-09 3.61E-09 2.93E-09 2.56E-09
 4.85E-26 3.69E-20 1.63E-15 3.97E-12 1.67E-10 1.47E-09 3.12E-09 3.91E-09
 4.25E-09 4.41E-09 4.21E-09 3.60E-09 2.92E-09 2.55E-09
 4.84E-26 3.69E-20 1.62E-15 3.97E-12 1.67E-10 1.47E-09 3.12E-09 3.90E-09
 4.24E-09 4.40E-09 4.20E-09 3.60E-09 2.92E-09 2.55E-09
 4.83E-26 3.69E-20 1.62E-15 3.96E-12 1.67E-10 1.46E-09 3.09E-09 3.85E-09
 4.17E-09 4.31E-09 4.11E-09 3.53E-09 2.88E-09 2.52E-09
 4.72E-26 3.62E-20 1.60E-15 3.93E-12 1.66E-10 1.43E-09 2.90E-09 3.53E-09
 3.77E-09 3.86E-09 3.68E-09 3.18E-09 2.63E-09 2.32E-09
 3.37E-26 2.74E-20 1.30E-15 3.40E-12 1.46E-10 1.14E-09 2.03E-09 2.30E-09
 2.39E-09 2.40E-09 2.31E-09 2.09E-09 1.83E-09 1.67E-09
  788.047    7  14 /pl=01:ss= 4:pb= 1:sz= 4/type=excit/ispb = t/isel =   41
 1.00E+10 1.00E+11 1.00E+12 1.00E+13 1.00E+14 1.00E+15 1.00E+16
 4.31E-01 6.46E-01 1.08E+00 2.15E+00 4.31E+00 1.08E+01 2.15E+01 3.23E+01
 4.31E+01 6.46E+01 1.08E+02 2.15E+02 4.31E+02 6.46E+02
 9.38E-24 1.45E-18 1.81E-14 1.75E-11 4.49E-10 3.02E-09 6.42E-09 8.13E-09
 8.90E-09 9.28E-09 8.86E-09 7.55E-09 6.08E-09 5.29E-09
 9.36E-24 1.44E-18 1.76E-14 1.66E-11 4.32E-10 3.01E-09 6.41E-09 8.12E-09
 8.88E-09 9.25E-09 8.82E-09 7.49E-09 6.01E-09 5.21E-09
 9.36E-24 1.43E-18 1.76E-14 1.64E-11 4.30E-10 3.01E-09 6.41E-09 8.12E-09
 8.88E-09 9.25E-09 8.81E-09 7.49E-09 6.00E-09 5.20E-09
 9.35E-24 1.43E-18 1.76E-14 1.64E-11 4.30E-10 3.01E-09 6.40E-09 8.10E-09
 8.86E-09 9.22E-09 8.79E-09 7.47E-09 5.99E-09 5.19E-09
 9.28E-24 1.42E-18 1.75E-14 1.63E-11 4.28E-10 2.99E-09 6.33E-09 7.97E-09
 8.69E-09 9.02E-09 8.59E-09 7.32E-09 5.89E-09 5.12E-09
 8.60E-24 1.34E-18 1.66E-14 1.57E-11 4.13E-10 2.84E-09 5.76E-09 7.07E-09
 7.61E-09 7.83E-09 7.47E-09 6.45E-09 5.28E-09 4.64E-09
 4.97E-24 8.32E-19 1.12E-14 1.15E-11 3.12E-10 1.93E-09 3.33E-09 3.80E-09
 3.96E-09 4.01E-09 3.91E-09 3.60E-09 3.20E-09 2.94E-09
  788.146    7  14 /pl=01:ss= 4:pb= 1:sz= 4/type=excit/ispb = t/isel =   42
 1.00E+10 1.00E+11 1.00E+12 1.00E+13 1.00E+14 1.00E+15 1.00E+16
 4.31E-01 6.46E-01 1.08E+00 2.15E+00 4.31E+00 1.08E+01 2.15E+01 3.23E+01
 4.31E+01 6.46E+01 1.08E+02 2.15E+02 4.31E+02 6.46E+02
 1.00E-74 5.30E-38 1.60E-26 5.34E-18 8.09E-14 2.14E-11 1.20E-10 1.95E-10
 2.37E-10 2.72E-10 2.77E-10 2.44E-10 1.97E-10 1.69E-10
 1.00E-74 5.26E-38 1.56E-26 5.05E-18 7.78E-14 2.14E-11 1.20E-10 1.95E-10
 2.37E-10 2.71E-10 2.76E-10 2.42E-10 1.94E-10 1.67E-10
 1.00E-74 5.25E-38 1.55E-26 5.01E-18 7.74E-14 2.13E-11 1.20E-10 1.95E-10
 2.37E-10 2.71E-10 2.75E-10 2.42E-10 1.94E-10 1.66E-10
 1.00E-74 5.24E-38 1.55E-26 5.00E-18 7.73E-14 2.13E-11 1.19E-10 1.94E-10
 2.36E-10 2.70E-10 2.75E-10 2.41E-10 1.94E-10 1.66E-10
 1.00E-74 5.18E-38 1.54E-26 4.96E-18 7.67E-14 2.11E-11 1.18E-10 1.90E-10
 2.31E-10 2.64E-10 2.68E-10 2.36E-10 1.90E-10 1.63E-10
 1.00E-74 4.64E-38 1.40E-26 4.62E-18 7.15E-14 1.93E-11 1.04E-10 1.65E-10
 1.97E-10 2.24E-10 2.29E-10 2.05E-10 1.69E-10 1.47E-10
 9.84E-53 3.01E-38 9.34E-27 3.19E-18 4.86E-14 1.15E-11 5.45E-11 8.21E-11
 9.68E-11 1.10E-10 1.16E-10 1.11E-10 9.93E-11 9.07E-11
  830.151    7  14 /pl=01:ss= 4:pb= 1:sz= 4/type=excit/ispb = t/isel =   43
 1.00E+10 1.00E+11 1.00E+12 1.00E+13 1.00E+14 1.00E+15 1.00E+16
 4.31E-01 6.46E-01 1.08E+00 2.15E+00 4.31E+00 1.08E+01 2.15E+01 3.23E+01
 4.31E+01 6.46E+01 1.08E+02 2.15E+02 4.31E+02 6.46E+02
 1.00E-74 9.47E-38 2.86E-26 9.55E-18 1.45E-13 3.84E-11 2.14E-10 3.49E-10
 4.24E-10 4.86E-10 4.95E-10 4.37E-10 3.52E-10 3.03E-10
 1.00E-74 9.40E-38 2.79E-26 9.03E-18 1.39E-13 3.82E-11 2.14E-10 3.48E-10
 4.23E-10 4.85E-10 4.93E-10 4.33E-10 3.48E-10 2.98E-10
 1.00E-74 9.39E-38 2.78E-26 8.96E-18 1.38E-13 3.82E-11 2.14E-10 3.48E-10
 4.23E-10 4.84E-10 4.92E-10 4.33E-10 3.47E-10 2.98E-10
 1.00E-74 9.38E-38 2.77E-26 8.95E-18 1.38E-13 3.81E-11 2.14E-10 3.47E-10
 4.22E-10 4.83E-10 4.91E-10 4.32E-10 3.46E-10 2.97E-10
 1.00E-74 9.26E-38 2.75E-26 8.88E-18 1.37E-13 3.78E-11 2.10E-10 3.41E-10
 4.13E-10 4.71E-10 4.79E-10 4.22E-10 3.40E-10 2.92E-10
 1.00E-74 8.30E-38 2.51E-26 8.26E-18 1.28E-13 3.45E-11 1.86E-10 2.94E-10
 3.53E-10 4.01E-10 4.09E-10 3.67E-10 3.01E-10 2.62E-10
 1.76E-52 5.39E-38 1.67E-26 5.70E-18 8.69E-14 2.06E-11 9.75E-11 1.47E-10
 1.73E-10 1.97E-10 2.07E-10 1.99E-10 1.78E-10 1.62E-10
  860.289    7  14 /pl=01:ss= 4:pb= 1:sz= 4/type=excit/ispb = t/isel =   44
 1.00E+10 1.00E+11 1.00E+12 1.00E+13 1.00E+14 1.00E+15 1.00E+16
 4.31E-01 6.46E-01 1.08E+00 2.15E+00 4.31E+00 1.08E+01 2.15E+01 3.23E+01
 4.31E+01 6.46E+01 1.08E+02 2.15E+02 4.31E+02 6.46E+02
 1.00E-74 1.77E-37 2.93E-26 6.10E-18 7.22E-14 1.46E-11 6.59E-11 9.96E-11
 1.17E-10 1.29E-10 1.29E-10 1.13E-10 9.12E-11 7.87E-11
 1.00E-74 2.21E-37 3.75E-26 7.90E-18 8.20E-14 1.47E-11 6.59E-11 9.96E-11
 1.17E-10 1.29E-10 1.29E-10 1.12E-10 9.01E-11 7.76E-11
 1.00E-74 2.26E-37 3.86E-26 8.14E-18 8.31E-14 1.47E-11 6.59E-11 9.95E-11
 1.17E-10 1.29E-10 1.29E-10 1.12E-10 9.00E-11 7.74E-11
 1.00E-74 2.27E-37 3.87E-26 8.16E-18 8.32E-14 1.47E-11 6.59E-11 9.93E-11
 1.16E-10 1.29E-10 1.28E-10 1.11E-10 8.97E-11 7.72E-11
 2.83E-51 2.26E-37 3.85E-26 8.14E-18 8.31E-14 1.46E-11 6.51E-11 9.74E-11
 1.14E-10 1.25E-10 1.24E-10 1.08E-10 8.75E-11 7.55E-11
 1.70E-51 2.15E-37 3.71E-26 7.91E-18 8.11E-14 1.41E-11 6.00E-11 8.72E-11
 1.00E-10 1.09E-10 1.08E-10 9.42E-11 7.71E-11 6.71E-11
 1.05E-51 1.47E-37 2.71E-26 6.22E-18 6.65E-14 1.11E-11 4.42E-11 6.24E-11
 7.10E-11 7.69E-11 7.70E-11 6.93E-11 5.84E-11 5.17E-11
  938.438    7  14 /pl=01:ss= 4:pb= 1:sz= 4/type=excit/ispb = t/isel =   45
 1.00E+10 1.00E+11 1.00E+12 1.00E+13 1.00E+14 1.00E+15 1.00E+16
 4.31E-01 6.46E-01 1.08E+00 2.15E+00 4.31E+00 1.08E+01 2.15E+01 3.23E+01
 4.31E+01 6.46E+01 1.08E+02 2.15E+02 4.31E+02 6.46E+02
 1.00E-74 2.27E-38 9.83E-27 4.24E-18 7.55E-14 2.09E-11 1.09E-10 1.74E-10
 2.11E-10 2.43E-10 2.52E-10 2.29E-10 1.90E-10 1.67E-10
 1.00E-74 2.83E-38 1.25E-26 5.47E-18 8.56E-14 2.11E-11 1.09E-10 1.74E-10
 2.11E-10 2.43E-10 2.51E-10 2.27E-10 1.88E-10 1.64E-10
 1.00E-74 2.90E-38 1.29E-26 5.64E-18 8.68E-14 2.11E-11 1.09E-10 1.74E-10
 2.11E-10 2.43E-10 2.51E-10 2.27E-10 1.88E-10 1.64E-10
 1.00E-74 2.91E-38 1.29E-26 5.65E-18 8.68E-14 2.11E-11 1.09E-10 1.73E-10
 2.10E-10 2.42E-10 2.50E-10 2.26E-10 1.87E-10 1.64E-10
 1.00E-74 2.85E-38 1.27E-26 5.59E-18 8.60E-14 2.08E-11 1.06E-10 1.68E-10
 2.03E-10 2.33E-10 2.40E-10 2.18E-10 1.81E-10 1.59E-10
 1.00E-74 2.43E-38 1.12E-26 5.05E-18 7.83E-14 1.85E-11 8.99E-11 1.38E-10
 1.65E-10 1.87E-10 1.93E-10 1.78E-10 1.52E-10 1.35E-10
 1.00E-74 1.21E-38 5.93E-27 2.91E-18 4.63E-14 9.88E-12 4.41E-11 6.58E-11
 7.79E-11 8.90E-11 9.49E-11 9.32E-11 8.52E-11 7.92E-11
  1612.38    7  14 /pl=01:ss= 4:pb= 1:sz= 4/type=excit/ispb = t/isel =   46
 1.00E+10 1.00E+11 1.00E+12 1.00E+13 1.00E+14 1.00E+15 1.00E+16
 4.31E-01 6.46E-01 1.08E+00 2.15E+00 4.31E+00 1.08E+01 2.15E+01 3.23E+01
 4.31E+01 6.46E+01 1.08E+02 2.15E+02 4.31E+02 6.46E+02
 1.00E-74 4.23E-43 9.47E-30 8.09E-20 6.52E-15 5.17E-12 4.29E-11 7.97E-11
 1.03E-10 1.26E-10 1.34E-10 1.21E-10 9.81E-11 8.47E-11
 1.00E-74 4.23E-43 9.32E-30 7.73E-20 6.31E-15 5.15E-12 4.29E-11 7.96E-11
 1.03E-10 1.26E-10 1.33E-10 1.20E-10 9.69E-11 8.34E-11
 1.00E-74 4.24E-43 9.31E-30 7.69E-20 6.29E-15 5.15E-12 4.29E-11 7.96E-11
 1.03E-10 1.26E-10 1.33E-10 1.20E-10 9.68E-11 8.33E-11
 1.00E-74 4.27E-43 9.36E-30 7.71E-20 6.29E-15 5.16E-12 4.30E-11 8.00E-11
 1.04E-10 1.26E-10 1.34E-10 1.20E-10 9.73E-11 8.37E-11
 1.00E-74 4.58E-43 9.88E-30 7.97E-20 6.38E-15 5.24E-12 4.45E-11 8.34E-11
 1.09E-10 1.33E-10 1.40E-10 1.26E-10 1.01E-10 8.71E-11
 1.00E-74 7.21E-43 1.44E-29 1.02E-19 7.24E-15 5.79E-12 5.00E-11 9.31E-11
 1.21E-10 1.46E-10 1.55E-10 1.40E-10 1.14E-10 9.78E-11
 1.00E-74 1.73E-42 3.40E-29 2.11E-19 1.18E-14 6.84E-12 4.70E-11 7.98E-11
 9.92E-11 1.17E-10 1.25E-10 1.18E-10 1.02E-10 9.03E-11
  1622.06    7  14 /pl=01:ss= 4:pb= 1:sz= 4/type=excit/ispb = t/isel =   47
 1.00E+10 1.00E+11 1.00E+12 1.00E+13 1.00E+14 1.00E+15 1.00E+16
 4.31E-01 6.46E-01 1.08E+00 2.15E+00 4.31E+00 1.08E+01 2.15E+01 3.23E+01
 4.31E+01 6.46E+01 1.08E+02 2.15E+02 4.31E+02 6.46E+02
 1.00E-74 4.36E-43 9.47E-30 7.89E-20 6.17E-15 4.69E-12 3.81E-11 7.02E-11
 9.08E-11 1.10E-10 1.16E-10 1.03E-10 8.34E-11 7.19E-11
 1.00E-74 4.33E-43 9.27E-30 7.49E-20 5.95E-15 4.67E-12 3.80E-11 7.01E-11
 9.06E-11 1.09E-10 1.15E-10 1.03E-10 8.24E-11 7.08E-11
 1.00E-74 4.33E-43 9.24E-30 7.43E-20 5.92E-15 4.67E-12 3.80E-11 7.00E-11
 9.05E-11 1.09E-10 1.15E-10 1.02E-10 8.23E-11 7.07E-11
 1.00E-74 4.35E-43 9.27E-30 7.44E-20 5.92E-15 4.66E-12 3.80E-11 6.99E-11
 9.03E-11 1.09E-10 1.15E-10 1.02E-10 8.21E-11 7.06E-11
 1.00E-74 4.50E-43 9.51E-30 7.53E-20 5.91E-15 4.61E-12 3.74E-11 6.88E-11
 8.88E-11 1.07E-10 1.13E-10 1.01E-10 8.12E-11 6.99E-11
 1.00E-74 5.66E-43 1.14E-29 8.32E-20 5.97E-15 4.35E-12 3.43E-11 6.20E-11
 7.92E-11 9.50E-11 1.00E-10 9.11E-11 7.49E-11 6.52E-11
 1.00E-74 8.94E-43 1.77E-29 1.15E-19 6.78E-15 3.78E-12 2.49E-11 4.16E-11
 5.15E-11 6.08E-11 6.50E-11 6.18E-11 5.37E-11 4.82E-11
  1735.21    7  14 /pl=01:ss= 4:pb= 1:sz= 4/type=excit/ispb = t/isel =   48
 1.00E+10 1.00E+11 1.00E+12 1.00E+13 1.00E+14 1.00E+15 1.00E+16
 4.31E-01 6.46E-01 1.08E+00 2.15E+00 4.31E+00 1.08E+01 2.15E+01 3.23E+01
 4.31E+01 6.46E+01 1.08E+02 2.15E+02 4.31E+02 6.46E+02
 1.00E-74 2.00E-43 7.24E-30 8.66E-20 8.18E-15 6.30E-12 4.64E-11 8.29E-11
 1.06E-10 1.28E-10 1.36E-10 1.25E-10 1.03E-10 9.00E-11
 1.00E-74 2.51E-43 9.27E-30 1.12E-19 9.29E-15 6.35E-12 4.65E-11 8.29E-11
 1.06E-10 1.28E-10 1.36E-10 1.24E-10 1.02E-10 8.87E-11
 1.00E-74 2.57E-43 9.54E-30 1.16E-19 9.41E-15 6.36E-12 4.65E-11 8.29E-11
 1.06E-10 1.27E-10 1.35E-10 1.24E-10 1.02E-10 8.85E-11
 1.00E-74 2.59E-43 9.61E-30 1.16E-19 9.43E-15 6.35E-12 4.63E-11 8.25E-11
 1.05E-10 1.27E-10 1.35E-10 1.23E-10 1.01E-10 8.82E-11
 1.00E-74 2.71E-43 9.92E-30 1.18E-19 9.44E-15 6.25E-12 4.50E-11 7.96E-11
 1.01E-10 1.21E-10 1.29E-10 1.18E-10 9.79E-11 8.55E-11
 1.00E-74 3.31E-43 1.17E-29 1.29E-19 9.49E-15 5.72E-12 3.84E-11 6.58E-11
 8.25E-11 9.79E-11 1.04E-10 9.71E-11 8.25E-11 7.31E-11
 1.00E-74 2.81E-43 1.06E-29 1.18E-19 8.05E-15 4.02E-12 2.39E-11 3.91E-11
 4.82E-11 5.71E-11 6.19E-11 6.05E-11 5.43E-11 4.97E-11
  2061.43    7  14 /pl=01:ss= 4:pb= 1:sz= 4/type=excit/ispb = t/isel =   49
 1.00E+10 1.00E+11 1.00E+12 1.00E+13 1.00E+14 1.00E+15 1.00E+16
 4.31E-01 6.46E-01 1.08E+00 2.15E+00 4.31E+00 1.08E+01 2.15E+01 3.23E+01
 4.31E+01 6.46E+01 1.08E+02 2.15E+02 4.31E+02 6.46E+02
 1.00E-74 1.06E-38 4.57E-27 1.97E-18 3.51E-14 9.72E-12 5.06E-11 8.09E-11
 9.82E-11 1.13E-10 1.17E-10 1.06E-10 8.84E-11 7.75E-11
 1.00E-74 1.32E-38 5.83E-27 2.54E-18 3.98E-14 9.82E-12 5.07E-11 8.09E-11
 9.82E-11 1.13E-10 1.17E-10 1.06E-10 8.74E-11 7.65E-11
 1.00E-74 1.35E-38 6.00E-27 2.62E-18 4.03E-14 9.83E-12 5.07E-11 8.09E-11
 9.82E-11 1.13E-10 1.17E-10 1.06E-10 8.73E-11 7.63E-11
 1.00E-74 1.35E-38 6.00E-27 2.63E-18 4.04E-14 9.81E-12 5.06E-11 8.06E-11
 9.78E-11 1.12E-10 1.16E-10 1.05E-10 8.70E-11 7.61E-11
 1.00E-74 1.33E-38 5.92E-27 2.60E-18 4.00E-14 9.68E-12 4.95E-11 7.83E-11
 9.45E-11 1.08E-10 1.12E-10 1.01E-10 8.43E-11 7.40E-11
 1.00E-74 1.13E-38 5.19E-27 2.35E-18 3.64E-14 8.58E-12 4.18E-11 6.43E-11
 7.66E-11 8.69E-11 8.98E-11 8.29E-11 7.07E-11 6.29E-11
 1.00E-74 5.63E-39 2.76E-27 1.35E-18 2.15E-14 4.59E-12 2.05E-11 3.06E-11
 3.62E-11 4.14E-11 4.41E-11 4.33E-11 3.96E-11 3.68E-11
  2113.72    7  14 /pl=01:ss= 4:pb= 1:sz= 4/type=excit/ispb = t/isel =   50
 1.00E+10 1.00E+11 1.00E+12 1.00E+13 1.00E+14 1.00E+15 1.00E+16
 4.31E-01 6.46E-01 1.08E+00 2.15E+00 4.31E+00 1.08E+01 2.15E+01 3.23E+01
 4.31E+01 6.46E+01 1.08E+02 2.15E+02 4.31E+02 6.46E+02
 1.00E-74 3.91E-38 1.18E-26 3.94E-18 5.97E-14 1.58E-11 8.84E-11 1.44E-10
 1.75E-10 2.01E-10 2.04E-10 1.80E-10 1.45E-10 1.25E-10
 1.00E-74 3.88E-38 1.15E-26 3.73E-18 5.74E-14 1.58E-11 8.83E-11 1.44E-10
 1.75E-10 2.00E-10 2.03E-10 1.79E-10 1.43E-10 1.23E-10
 1.00E-74 3.87E-38 1.15E-26 3.70E-18 5.71E-14 1.58E-11 8.82E-11 1.44E-10
 1.75E-10 2.00E-10 2.03E-10 1.79E-10 1.43E-10 1.23E-10
 1.00E-74 3.87E-38 1.14E-26 3.69E-18 5.70E-14 1.57E-11 8.81E-11 1.43E-10
 1.74E-10 1.99E-10 2.03E-10 1.78E-10 1.43E-10 1.23E-10
 1.00E-74 3.82E-38 1.13E-26 3.66E-18 5.66E-14 1.56E-11 8.68E-11 1.41E-10
 1.70E-10 1.94E-10 1.98E-10 1.74E-10 1.40E-10 1.21E-10
 1.00E-74 3.42E-38 1.04E-26 3.41E-18 5.28E-14 1.42E-11 7.66E-11 1.21E-10
 1.46E-10 1.65E-10 1.69E-10 1.51E-10 1.24E-10 1.08E-10
 7.26E-53 2.22E-38 6.89E-27 2.35E-18 3.59E-14 8.49E-12 4.02E-11 6.06E-11
 7.15E-11 8.11E-11 8.53E-11 8.20E-11 7.33E-11 6.69E-11
c-------------------------------------------------------------------------------
 
C  root partition information
C  ==========================
C
C  nuclear charge : 18
C  ion charge+1   :  5
C
C  population calculation information
C  ----------------------------------
C
C  population processing code: adas810
C
C  adf04 source file    : adf04_copmm#18_ls_40#ar4.dat
C  adf18/a17_p208 file  : NULL
C
C  meta. ion. coeff. selector  : 
 
C  options  : lnorm =T  lpsel =F  lzsel =T  liosel=F
C           : lhsel =F  lrsel =F  lisel =F  lnsel =F
 
C  energy levels
C  -------------
C
C   lv      configuration    (2S+1)L(w-1/2)      energy (cm^-1)
C  ---   ------------------- --------------      --------------
c    1   24525                  (3)1(  4.0)             0.0
c    2   24525                  (1)2(  2.0)         13454.9
c    3   24525                  (1)0(  0.0)         41679.0
c    4   14535                  (5)0(  2.0)         91933.0
c    5   14535                  (3)2(  7.0)        126896.0
c    6   14535                  (3)1(  4.0)        143586.0
c    7   14535                  (1)2(  2.0)        161916.0
c    8   14535                  (1)1(  1.0)        191506.0
c    9   14535                  (3)0(  1.0)        194196.0
c   10   24515516               (3)3( 10.0)        194946.0
c   11   24515516               (3)1(  4.0)        221566.0
c   12   24515516               (1)2(  2.0)        225026.0
c   13   24515516               (3)2(  7.0)        227986.0
c   14   24515516               (1)3(  3.0)        247186.0
c   15   24515516               (1)1(  1.0)        253076.0
c   16   14525516               (5)3( 17.0)        279766.0
c   17   14525516               (5)2( 12.0)        285936.0
c   18   24515517               (3)1(  4.0)        301136.0
c   19   14525516               (3)1(  4.0)        304126.0
c   20   24515517               (1)1(  1.0)        305236.0
c   21   14525516               (3)3( 10.0)        306256.0
c   22   14525516               (5)1(  7.0)        308646.0
c   23   14525516               (3)4( 13.0)        329256.0
c   24   14525516               (3)2(  7.0)        333346.0
c   25   24515518               (1)1(  1.0)        340436.0
c   26   14525516               (1)3(  3.0)        341266.0
c   27   24515518               (3)2(  7.0)        342546.0
c   28   24515518               (3)0(  1.0)        347246.0
c   29   24515518               (3)1(  4.0)        348446.0
c   30   14525516               (3)2(  7.0)        349376.0
c   31   14525516               (1)4(  4.0)        350916.0
c   32   24515518               (1)2(  2.0)        353746.0
c   33   14525516               (3)3( 10.0)        354766.0
c   34   14525516               (1)1(  1.0)        355976.0
c   35   14525516               (3)0(  1.0)        358366.0
c   36   24515518               (1)0(  0.0)        362236.0
c   37   14525516               (1)2(  2.0)        363366.0
c   38   14525516               (3)2(  7.0)        363966.0
c   39   14525516               (3)1(  4.0)        364426.0
c   40   14525516               (3)3( 10.0)        371676.0
c   41   14525516               (1)2(  2.0)        376176.0
c   42   14525516               (1)0(  0.0)        377866.0
c   43   14525516               (3)2(  7.0)        379176.0
c   44   14525516               (1)1(  1.0)        392216.0
c   45   14525516               (3)1(  4.0)        396076.0
c   46   24515519               (1)2(  2.0)        402046.0
c   47   24515519               (3)2(  7.0)        404196.0
c   48   24515519               (3)3( 10.0)        404566.0
c   49   14525516               (1)3(  3.0)        406846.0
c   50   24515519               (3)1(  4.0)        407726.0
c   51   24515519               (1)3(  3.0)        411376.0
c   52   24515519               (1)1(  1.0)        412166.0
c   53   14525516               (1)2(  2.0)        422036.0
c   54   2451551A               (3)4( 13.0)        431746.0
c   55   2451551A               (3)3( 10.0)        432306.0
c   56   2451551A               (1)4(  4.0)        434686.0
c   57   2451551A               (3)2(  7.0)        435516.0
c   58   2451551A               (1)3(  3.0)        436036.0
c   59   14525518               (3)0(  1.0)        437246.0
c   60   14525518               (5)2( 12.0)        437576.0
c   61   2451551B               (3)1(  4.0)        438696.0
c   62   14525518               (5)1(  7.0)        440446.0
c   63   2451551B               (1)1(  1.0)        440686.0
c   64   2451551A               (1)2(  2.0)        441986.0
c   65   14525518               (5)0(  2.0)        444696.0
c   66   14525518               (3)2(  7.0)        447176.0
c   67   14525518               (3)1(  4.0)        451566.0
c   68   2451551C               (1)1(  1.0)        455636.0
c   69   2451551C               (3)2(  7.0)        457366.0
c   70   2451551C               (3)1(  4.0)        458816.0
c   71   2451551C               (3)0(  1.0)        459616.0
c   72   2451551C               (1)2(  2.0)        461266.0
c   73   2451551C               (1)0(  0.0)        464746.0
c   74   14525518               (3)3( 10.0)        478316.0
c   75   14525518               (3)2(  7.0)        480566.0
c   76   2451551D               (1)2(  2.0)        481356.0
c   77   14525518               (1)3(  3.0)        483826.0
c   78   2451551D               (3)1(  4.0)        484476.0
c   79   2451551D               (3)2(  7.0)        484876.0
c   80   14525518               (1)2(  2.0)        485806.0
c   81   2451551D               (1)1(  1.0)        486716.0
c   82   2451551D               (3)3( 10.0)        487796.0
c   83   14525518               (3)1(  4.0)        487996.0
c   84   2451551D               (1)3(  3.0)        488286.0
c   85   14525518               (1)1(  1.0)        490306.0
c   86   2451551E               (3)4( 13.0)        496026.0
c   87   2451551E               (3)3( 10.0)        496086.0
c   88   2451551E               (1)3(  3.0)        496916.0
c   89   2451551E               (3)2(  7.0)        498006.0
c   90   2451551E               (1)4(  4.0)        498426.0
c   91   14525519               (5)3( 17.0)        498536.0
c   92   2451551E               (1)2(  2.0)        499446.0
c   93   14525519               (5)1(  7.0)        499526.0
c   94   2451551G               (3)1(  4.0)        500506.0
c   95   14525519               (3)1(  4.0)        501226.0
c   96   14525519               (5)2( 12.0)        501476.0
c   97   2451551G               (1)1(  1.0)        501896.0
c   98   14525519               (3)3( 10.0)        504766.0
c   99   14525518               (3)1(  4.0)        505246.0
c  100   14525518               (1)1(  1.0)        507966.0
c  101   14525519               (3)2(  7.0)        508836.0
c  102   2451551H               (1)1(  1.0)        509196.0
c  103   2451551H               (3)2(  7.0)        510426.0
c  104   2451551H               (3)1(  4.0)        511136.0
c  105   2451551H               (3)0(  1.0)        511696.0
c  106   2451551H               (1)2(  2.0)        512426.0
c  107   14525518               (1)0(  0.0)        512556.0
c  108   2451551H               (1)0(  0.0)        514196.0
c  109   14525518               (3)2(  7.0)        518816.0
c  110   2451551I               (1)2(  2.0)        521406.0
c  111   14525518               (3)1(  4.0)        522436.0
c  112   14525518               (3)0(  1.0)        523996.0
c  113   2451551I               (3)3( 10.0)        524716.0
c  114   2451551I               (1)1(  1.0)        524836.0
c  115   2451551I               (1)3(  3.0)        526106.0
c  116   2451551I               (3)2(  7.0)        526696.0
c  117   2451551I               (3)1(  4.0)        527876.0
c  118   14525518               (1)2(  2.0)        530746.0
c  119   2451551J               (3)4( 13.0)        530806.0
c  120   2451551J               (3)3( 10.0)        530956.0
c  121   2451551J               (1)3(  3.0)        531776.0
c  122   2451551J               (3)2(  7.0)        532426.0
c  123   2451551J               (1)4(  4.0)        532706.0
c  124   14525518               (1)1(  1.0)        532746.0
c  125   2451551J               (1)2(  2.0)        533166.0
c  126   2451551M               (3)1(  4.0)        534356.0
c  127   2451551M               (1)1(  1.0)        536116.0
c  128   2451551N               (3)2(  7.0)        539106.0
c  129   2451551N               (3)1(  4.0)        539476.0
c  130   14525519               (3)3( 10.0)        539556.0
c  131   2451551N               (1)1(  1.0)        540046.0
c  132   2451551N               (3)0(  1.0)        540476.0
c  133   2451551N               (1)2(  2.0)        540876.0
c  134   14525519               (3)2(  7.0)        541276.0
c  135   14525519               (3)4( 13.0)        541996.0
c  136   2451551N               (1)0(  0.0)        542006.0
c  137   14525519               (1)3(  3.0)        542216.0
c  138   14525519               (1)2(  2.0)        543716.0
c  139   14525519               (1)4(  4.0)        544756.0
c  140   14525519               (3)1(  4.0)        545736.0
c  141   14525519               (3)0(  1.0)        547696.0
c  142   14525519               (1)1(  1.0)        547786.0
c  143   2451551O               (3)3( 10.0)        547796.0
c  144   2451551O               (3)2(  7.0)        547946.0
c  145   2451551O               (1)2(  2.0)        548876.0
c  146   2451551O               (3)1(  4.0)        549176.0
c  147   2451551O               (1)3(  3.0)        549256.0
c  148   2451551O               (1)1(  1.0)        549766.0
c  149   14525519               (1)0(  0.0)        550096.0
c  150   2451551P               (3)4( 13.0)        551766.0
c  151   2451551P               (3)3( 10.0)        551836.0
c  152   1452551C               (3)0(  1.0)        551876.0
c  153   1452551C               (5)2( 12.0)        552066.0
c  154   2451551P               (1)3(  3.0)        552746.0
c  155   2451551P               (3)2(  7.0)        553086.0
c  156   1452551C               (5)1(  7.0)        553256.0
c  157   2451551P               (1)4(  4.0)        553346.0
c  158   2451551P               (1)2(  2.0)        553556.0
c  159   2451551T               (3)1(  4.0)        553806.0
c  160   1452551C               (5)0(  2.0)        554346.0
c  161   2451551T               (1)1(  1.0)        554856.0
c  162   1452551C               (3)2(  7.0)        555986.0
c  163   2451551U               (3)2(  7.0)        557196.0
c  164   2451551U               (3)1(  4.0)        557536.0
c  165   2451551U               (1)1(  1.0)        558136.0
c  166   1452551C               (3)1(  4.0)        558246.0
c  167   2451551U               (3)0(  1.0)        558496.0
c  168   2451551U               (1)2(  2.0)        558646.0
c  169   2451551U               (1)0(  0.0)        559426.0
c  170   2451551V               (3)3( 10.0)        562646.0
c  171   2451551V               (3)2(  7.0)        562776.0
c  172   14525519               (3)2(  7.0)        563286.0
c  173   2451551V               (1)2(  2.0)        563686.0
c  174   2451551V               (3)1(  4.0)        563936.0
c  175   2451551V               (1)3(  3.0)        563996.0
c  176   2451551V               (1)1(  1.0)        564276.0
c  177   2451551W               (3)4( 13.0)        565236.0
c  178   2451551W               (3)3( 10.0)        565356.0
c  179   14525519               (1)2(  2.0)        565916.0
c  180   2451551W               (1)3(  3.0)        566256.0
c  181   2451551W               (3)2(  7.0)        566556.0
c  182   2451551W               (1)4(  4.0)        566696.0
c  183   2451551W               (1)2(  2.0)        566856.0
c  184   1452551D               (5)3( 17.0)        578766.0
c  185   14525519               (1)1(  1.0)        578896.0
c  186   1452551D               (5)1(  7.0)        578916.0
c  187   1452551D               (3)1(  4.0)        579206.0
c  188   14525519               (3)3( 10.0)        579386.0
c  189   1452551D               (5)2( 12.0)        580336.0
c  190   14525519               (3)1(  4.0)        580766.0
c  191   1452551D               (3)3( 10.0)        581116.0
c  192   14525519               (3)2(  7.0)        582566.0
c  193   14525519               (1)3(  3.0)        583156.0
c  194   1452551D               (3)2(  7.0)        583736.0
c  195   14525519               (1)2(  2.0)        588786.0
c  196   1452551C               (3)2(  7.0)        593906.0
c  197   1452551C               (3)3( 10.0)        594236.0
c  198   1452551C               (1)2(  2.0)        595226.0
c  199   1452551C               (1)3(  3.0)        595416.0
c  200   1452551C               (3)1(  4.0)        596676.0
c  201   1452551C               (1)1(  1.0)        597836.0
c  202   1452551C               (3)1(  4.0)        615816.0
c  203   1452551C               (1)1(  1.0)        617056.0
c  204   1452551D               (3)3( 10.0)        619486.0
c  205   1452551D               (3)2(  7.0)        620316.0
c  206   1452551D               (1)3(  3.0)        620496.0
c  207   1452551D               (3)4( 13.0)        620766.0
c  208   1452551D               (1)2(  2.0)        621266.0
c  209   1452551D               (1)4(  4.0)        621796.0
c  210   1452551D               (3)1(  4.0)        622156.0
c  211   1452551D               (1)1(  1.0)        623046.0
c  212   1452551D               (3)0(  1.0)        623216.0
c  213   1452551D               (1)0(  0.0)        624226.0
c  214   1452551C               (1)0(  0.0)        629866.0
c  215   1452551C               (3)2(  7.0)        632766.0
c  216   1452551C               (3)0(  1.0)        633446.0
c  217   1452551C               (3)1(  4.0)        634436.0
c  218   1452551C               (1)2(  2.0)        635576.0
c  219   1452551C               (1)1(  1.0)        638106.0
c  220   1452551D               (3)2(  7.0)        641896.0
c  221   1452551D               (1)2(  2.0)        642886.0
c  222   1452551D               (1)1(  1.0)        658336.0
c  223   1452551D               (3)3( 10.0)        658796.0
c  224   1452551D               (3)1(  4.0)        658986.0
c  225   1452551D               (1)3(  3.0)        660166.0
c  226   1452551D               (3)2(  7.0)        660656.0
c  227   1452551D               (1)2(  2.0)        662696.0
 
 
 
c-------------------------------------------------------------------------------
 
C  superstage partition information
C  ================================
C
C  element symbol   : AR
C  parent template  : 
C  partition level  :  1
C  superstage label :  4
C
C  tabulation       : photon emissivity coefft (te,ne)
C  units            : ph. emis coef(cm^3 s^-1); te (ev); ne (cm^-3)
C
C  photon emissivity atomic transitions
C  ------------------------------------
C  
C   isel  wvlen(A)            transition                type  ispb nspb
C                                                             ispp nspp sz    tg pr wr
C  ----- ---------- ----------------------------------- ----- ---- ---- --    -- -- --
C      1   332.076   18(3)1(  4.0)-  1(3)1(  4.0)       excit   1    1   4    17 12  1
C      2   342.723   20(1)1(  1.0)-  2(1)2(  2.0)       excit   1    1   4   243 20  2
C      3   408.530   40(3)3( 10.0)-  5(3)2(  7.0)       excit   1    1   4   833 22  3
C      4   421.301   55(3)3( 10.0)- 10(3)3( 10.0)       excit   1    1   4  1854 45  4
C      5   422.297   54(3)4( 13.0)- 10(3)3( 10.0)       excit   1    1   4  1853 50  5
C      6   424.466   43(3)2(  7.0)-  6(3)1(  4.0)       excit   1    1   4  1055 34  6
C      7   427.842   14(1)3(  3.0)-  2(1)2(  2.0)       excit   1    1   4   237  5  7
C      8   438.623   13(3)2(  7.0)-  1(3)1(  4.0)       excit   1    1   4    12  1  8
C      9   438.847   33(3)3( 10.0)-  5(3)2(  7.0)       excit   1    1   4   826 11  9
C     10   446.389   31(1)4(  4.0)-  5(3)2(  7.0)       excit   1    1   4   824 16 10
C     11   449.479   30(3)2(  7.0)-  5(3)2(  7.0)       excit   1    1   4   823 39 11
C     12   451.333   11(3)1(  4.0)-  1(3)1(  4.0)       excit   1    1   4    10  2 12
C     13   451.365   29(3)1(  4.0)-  5(3)2(  7.0)       excit   1    1   4   822 36 13
C     14   452.817   39(3)1(  4.0)-  6(3)1(  4.0)       excit   1    1   4  1051 41 14
C     15   453.762   38(3)2(  7.0)-  6(3)1(  4.0)       excit   1    1   4  1050 17 15
C     16   463.714   27(3)2(  7.0)-  5(3)2(  7.0)       excit   1    1   4   820 28 16
C     17   467.399   57(3)2(  7.0)- 11(3)1(  4.0)       excit   1    1   4  2063 38 17
C     18   472.654   12(1)2(  2.0)-  2(1)2(  2.0)       excit   1    1   4   235  6 18
C     19   473.044   15(1)1(  1.0)-  3(1)0(  0.0)       excit   1    1   4   454 10 19
C     20   480.513   11(3)1(  4.0)-  2(1)2(  2.0)       excit   1    1   4   234 40 20
C     21   484.379   24(3)2(  7.0)-  5(3)2(  7.0)       excit   1    1   4   817 15 21
C     22   485.932   30(3)2(  7.0)-  6(3)1(  4.0)       excit   1    1   4  1043 42 22
C     23   488.138   29(3)1(  4.0)-  6(3)1(  4.0)       excit   1    1   4  1042 31 23
C     24   489.428   55(3)3( 10.0)- 13(3)2(  7.0)       excit   1    1   4  2466 30 24
C     25   495.344   45(3)1(  4.0)-  9(3)0(  1.0)       excit   1    1   4  1656 32 25
C     26   512.963   10(3)3( 10.0)-  1(3)1(  4.0)       excit   1    1   4     9 21 26
C     27   514.944    9(3)0(  1.0)-  1(3)1(  4.0)       excit   1    1   4     8  4 27
C     28   522.177    8(1)1(  1.0)-  1(3)1(  4.0)       excit   1    1   4     7 13 28
C     29   533.333   56(1)4(  4.0)- 14(1)3(  3.0)       excit   1    1   4  2672 37 29
C     30   550.991   10(3)3( 10.0)-  2(1)2(  2.0)       excit   1    1   4   233 23 30
C     31   553.278    9(3)0(  1.0)-  2(1)2(  2.0)       excit   1    1   4   232 19 31
C     32   557.538   21(3)3( 10.0)-  5(3)2(  7.0)       excit   1    1   4   814 14 32
C     33   557.569   26(1)3(  3.0)-  7(1)2(  2.0)       excit   1    1   4  1250 35 33
C     34   561.637    8(1)1(  1.0)-  2(1)2(  2.0)       excit   1    1   4   231  9 34
C     35   564.239   19(3)1(  4.0)-  5(3)2(  7.0)       excit   1    1   4   812 25 35
C     36   622.898   19(3)1(  4.0)-  6(3)1(  4.0)       excit   1    1   4  1032 24 36
C     37   667.436    8(1)1(  1.0)-  3(1)0(  0.0)       excit   1    1   4   450 27 37
C     38   673.577    7(1)2(  2.0)-  2(1)2(  2.0)       excit   1    1   4   230  8 38
C     39   677.507   27(3)2(  7.0)- 10(3)3( 10.0)       excit   1    1   4  1828 44 39
C     40   696.447    6(3)1(  4.0)-  1(3)1(  4.0)       excit   1    1   4     5  7 40
C     41   788.047    5(3)2(  7.0)-  1(3)1(  4.0)       excit   1    1   4     4  3 41
C     42   788.146   29(3)1(  4.0)- 11(3)1(  4.0)       excit   1    1   4  2037 26 42
C     43   830.151   29(3)1(  4.0)- 13(3)2(  7.0)       excit   1    1   4  2440 18 43
C     44   860.289   26(1)3(  3.0)- 12(1)2(  2.0)       excit   1    1   4  2240 47 44
C     45   938.438   32(1)2(  2.0)- 14(1)3(  3.0)       excit   1    1   4  2653 29 45
C     46   1612.38   48(3)3( 10.0)- 27(3)2(  7.0)       excit   1    1   4  5160 46 46
C     47   1622.06   47(3)2(  7.0)- 27(3)2(  7.0)       excit   1    1   4  5159 49 47
C     48   1735.21   51(1)3(  3.0)- 32(1)2(  2.0)       excit   1    1   4  6047 43 48
C     49   2061.43   32(1)2(  2.0)- 20(1)1(  1.0)       excit   1    1   4  3837 48 49
C     50   2113.72   29(3)1(  4.0)- 18(3)1(  4.0)       excit   1    1   4  3432 33 50
c-------------------------------------------------------------------------------
                                                                                
C  code     : adas810
C  producer : Adam Foster
C  date     : 13/05/09
                                                                                
c-------------------------------------------------------------------------------
