   50    /Ar: 5 photon emissivity coefficients/
--------------------------------------------------------------------------------
    1    1    1    1    1    1    1    1    1    1    1    1    1    1
    1    1    1    1    1
--------------------------------------------------------------------------------
//#01/p00/ 00/p01/ 01/p02/ 02/p03/ 03/p04/ 04/p05/ 05/p06/ 06/p07/ 07/p08/ 08/  
      p09/ 09/p10/ 10/p11/ 11/p12/ 12/p13/ 13/p14/ 14/p15/ 15/p16/ 16/p17/ 17/  
      p18/ 18/                                                                  
--------------------------------------------------------------------------------
  149.418    7  14 /pl=01:ss= 5:pb= 1:sz= 5/type=excit/ispb = t/isel =    1
 1.00E+10 1.00E+11 1.00E+12 1.00E+13 1.00E+14 1.00E+15 1.00E+16
 6.20E-01 9.31E-01 1.55E+00 3.10E+00 6.20E+00 1.55E+01 3.10E+01 4.65E+01
 6.20E+01 9.31E+01 1.55E+02 3.10E+02 6.20E+02 9.31E+02
 1.00E-74 1.00E-74 4.32E-34 1.27E-22 5.81E-17 1.15E-13 1.23E-12 2.59E-12
 3.69E-12 5.19E-12 6.80E-12 8.42E-12 9.38E-12 9.62E-12
 1.00E-74 1.00E-74 4.34E-34 1.27E-22 5.83E-17 1.16E-13 1.23E-12 2.59E-12
 3.70E-12 5.19E-12 6.81E-12 8.42E-12 9.38E-12 9.62E-12
 1.00E-74 1.00E-74 4.46E-34 1.31E-22 5.96E-17 1.18E-13 1.25E-12 2.63E-12
 3.74E-12 5.24E-12 6.85E-12 8.44E-12 9.39E-12 9.62E-12
 1.00E-74 3.00E-49 5.42E-34 1.56E-22 7.05E-17 1.36E-13 1.42E-12 2.94E-12
 4.13E-12 5.68E-12 7.24E-12 8.68E-12 9.48E-12 9.65E-12
 1.00E-74 3.45E-49 8.03E-34 2.28E-22 1.02E-16 1.95E-13 2.01E-12 4.07E-12
 5.60E-12 7.44E-12 8.93E-12 9.75E-12 9.83E-12 9.67E-12
 1.00E-74 4.60E-49 1.02E-33 2.77E-22 1.20E-16 2.23E-13 2.28E-12 4.58E-12
 6.28E-12 8.26E-12 9.68E-12 9.98E-12 9.30E-12 8.72E-12
 1.00E-74 1.07E-48 2.14E-33 4.82E-22 1.71E-16 2.48E-13 2.25E-12 4.35E-12
 5.87E-12 7.61E-12 8.86E-12 9.06E-12 8.31E-12 7.67E-12
  153.371    7  14 /pl=01:ss= 5:pb= 1:sz= 5/type=excit/ispb = t/isel =    2
 1.00E+10 1.00E+11 1.00E+12 1.00E+13 1.00E+14 1.00E+15 1.00E+16
 6.20E-01 9.31E-01 1.55E+00 3.10E+00 6.20E+00 1.55E+01 3.10E+01 4.65E+01
 6.20E+01 9.31E+01 1.55E+02 3.10E+02 6.20E+02 9.31E+02
 1.00E-74 1.00E-74 1.17E-32 1.75E-21 5.79E-16 9.44E-13 9.38E-12 1.88E-11
 2.60E-11 3.48E-11 4.29E-11 4.91E-11 5.13E-11 5.13E-11
 1.00E-74 2.02E-47 1.17E-32 1.75E-21 5.79E-16 9.44E-13 9.38E-12 1.88E-11
 2.60E-11 3.48E-11 4.29E-11 4.91E-11 5.13E-11 5.13E-11
 1.00E-74 1.21E-47 1.17E-32 1.75E-21 5.79E-16 9.45E-13 9.38E-12 1.88E-11
 2.60E-11 3.48E-11 4.29E-11 4.91E-11 5.13E-11 5.13E-11
 1.00E-74 1.21E-47 1.18E-32 1.76E-21 5.81E-16 9.46E-13 9.39E-12 1.88E-11
 2.60E-11 3.49E-11 4.29E-11 4.91E-11 5.13E-11 5.13E-11
 1.00E-74 1.33E-47 1.26E-32 1.84E-21 5.99E-16 9.62E-13 9.49E-12 1.90E-11
 2.62E-11 3.50E-11 4.30E-11 4.91E-11 5.13E-11 5.12E-11
 1.00E-74 2.43E-47 2.06E-32 2.64E-21 7.69E-16 1.11E-12 1.04E-11 2.04E-11
 2.79E-11 3.67E-11 4.42E-11 4.94E-11 5.08E-11 5.04E-11
 1.00E-74 1.33E-46 9.88E-32 1.02E-20 2.26E-15 2.23E-12 1.69E-11 3.04E-11
 3.93E-11 4.85E-11 5.41E-11 5.46E-11 5.12E-11 4.86E-11
  154.199    7  14 /pl=01:ss= 5:pb= 1:sz= 5/type=excit/ispb = t/isel =    3
 1.00E+10 1.00E+11 1.00E+12 1.00E+13 1.00E+14 1.00E+15 1.00E+16
 6.20E-01 9.31E-01 1.55E+00 3.10E+00 6.20E+00 1.55E+01 3.10E+01 4.65E+01
 6.20E+01 9.31E+01 1.55E+02 3.10E+02 6.20E+02 9.31E+02
 1.00E-74 1.00E-74 4.00E-33 5.48E-22 1.75E-16 2.80E-13 2.78E-12 5.65E-12
 7.87E-12 1.08E-11 1.36E-11 1.61E-11 1.72E-11 1.73E-11
 1.00E-74 1.00E-74 4.01E-33 5.48E-22 1.75E-16 2.80E-13 2.78E-12 5.65E-12
 7.87E-12 1.08E-11 1.36E-11 1.61E-11 1.72E-11 1.73E-11
 1.00E-74 4.26E-48 4.05E-33 5.52E-22 1.76E-16 2.81E-13 2.79E-12 5.67E-12
 7.90E-12 1.08E-11 1.37E-11 1.61E-11 1.72E-11 1.73E-11
 1.00E-74 5.54E-48 4.41E-33 5.90E-22 1.85E-16 2.93E-13 2.88E-12 5.83E-12
 8.10E-12 1.10E-11 1.39E-11 1.62E-11 1.73E-11 1.73E-11
 1.00E-74 8.20E-48 6.29E-33 7.92E-22 2.38E-16 3.62E-13 3.48E-12 6.91E-12
 9.47E-12 1.26E-11 1.53E-11 1.70E-11 1.74E-11 1.72E-11
 1.00E-74 1.17E-47 8.60E-33 1.02E-21 2.93E-16 4.27E-13 4.03E-12 7.92E-12
 1.08E-11 1.41E-11 1.65E-11 1.73E-11 1.65E-11 1.57E-11
 1.00E-74 2.54E-47 1.70E-32 1.68E-21 3.93E-16 4.44E-13 3.72E-12 7.02E-12
 9.36E-12 1.20E-11 1.39E-11 1.43E-11 1.33E-11 1.23E-11
  158.228    7  14 /pl=01:ss= 5:pb= 1:sz= 5/type=excit/ispb = t/isel =    4
 1.00E+10 1.00E+11 1.00E+12 1.00E+13 1.00E+14 1.00E+15 1.00E+16
 6.20E-01 9.31E-01 1.55E+00 3.10E+00 6.20E+00 1.55E+01 3.10E+01 4.65E+01
 6.20E+01 9.31E+01 1.55E+02 3.10E+02 6.20E+02 9.31E+02
 1.00E-74 1.00E-74 6.77E-33 4.54E-22 1.00E-16 1.27E-13 1.18E-12 2.35E-12
 3.23E-12 4.39E-12 5.44E-12 6.22E-12 6.40E-12 6.30E-12
 1.00E-74 3.88E-47 6.77E-33 4.54E-22 1.00E-16 1.27E-13 1.18E-12 2.35E-12
 3.23E-12 4.39E-12 5.44E-12 6.22E-12 6.40E-12 6.30E-12
 1.00E-74 1.94E-47 6.80E-33 4.56E-22 1.01E-16 1.28E-13 1.19E-12 2.36E-12
 3.24E-12 4.41E-12 5.45E-12 6.23E-12 6.41E-12 6.30E-12
 1.00E-74 2.13E-47 7.12E-33 4.79E-22 1.06E-16 1.33E-13 1.23E-12 2.44E-12
 3.33E-12 4.51E-12 5.54E-12 6.30E-12 6.45E-12 6.33E-12
 1.00E-74 2.67E-47 9.17E-33 6.22E-22 1.36E-16 1.69E-13 1.52E-12 2.95E-12
 3.98E-12 5.26E-12 6.28E-12 6.86E-12 6.80E-12 6.59E-12
 1.00E-74 3.97E-47 1.29E-32 8.25E-22 1.74E-16 2.11E-13 1.88E-12 3.66E-12
 4.94E-12 6.46E-12 7.59E-12 8.02E-12 7.66E-12 7.26E-12
 1.00E-74 8.47E-47 2.39E-32 1.23E-21 2.09E-16 1.95E-13 1.55E-12 2.88E-12
 3.82E-12 4.91E-12 5.73E-12 6.01E-12 5.74E-12 5.46E-12
  162.323    7  14 /pl=01:ss= 5:pb= 1:sz= 5/type=excit/ispb = t/isel =    5
 1.00E+10 1.00E+11 1.00E+12 1.00E+13 1.00E+14 1.00E+15 1.00E+16
 6.20E-01 9.31E-01 1.55E+00 3.10E+00 6.20E+00 1.55E+01 3.10E+01 4.65E+01
 6.20E+01 9.31E+01 1.55E+02 3.10E+02 6.20E+02 9.31E+02
 1.00E-74 6.22E-46 9.41E-32 3.70E-21 6.63E-16 7.75E-13 6.98E-12 1.36E-11
 1.86E-11 2.48E-11 3.03E-11 3.42E-11 3.52E-11 3.47E-11
 1.00E-74 6.53E-46 9.42E-32 3.70E-21 6.63E-16 7.75E-13 6.98E-12 1.36E-11
 1.86E-11 2.48E-11 3.03E-11 3.42E-11 3.52E-11 3.47E-11
 1.00E-74 6.44E-46 9.46E-32 3.71E-21 6.64E-16 7.76E-13 6.98E-12 1.36E-11
 1.86E-11 2.48E-11 3.03E-11 3.42E-11 3.52E-11 3.47E-11
 1.00E-74 6.77E-46 9.83E-32 3.80E-21 6.73E-16 7.80E-13 7.00E-12 1.37E-11
 1.86E-11 2.48E-11 3.03E-11 3.42E-11 3.51E-11 3.47E-11
 1.00E-74 9.30E-46 1.28E-31 4.57E-21 7.59E-16 8.35E-13 7.33E-12 1.42E-11
 1.92E-11 2.53E-11 3.06E-11 3.42E-11 3.49E-11 3.44E-11
 1.00E-74 1.60E-45 2.07E-31 6.66E-21 1.01E-15 1.01E-12 8.50E-12 1.61E-11
 2.16E-11 2.78E-11 3.26E-11 3.45E-11 3.37E-11 3.25E-11
 1.00E-74 3.17E-45 3.87E-31 1.07E-20 1.31E-15 1.01E-12 7.49E-12 1.36E-11
 1.79E-11 2.27E-11 2.61E-11 2.70E-11 2.54E-11 2.40E-11
  169.908    7  14 /pl=01:ss= 5:pb= 1:sz= 5/type=excit/ispb = t/isel =    6
 1.00E+10 1.00E+11 1.00E+12 1.00E+13 1.00E+14 1.00E+15 1.00E+16
 6.20E-01 9.31E-01 1.55E+00 3.10E+00 6.20E+00 1.55E+01 3.10E+01 4.65E+01
 6.20E+01 9.31E+01 1.55E+02 3.10E+02 6.20E+02 9.31E+02
 1.00E-74 1.48E-44 4.82E-31 5.79E-21 5.46E-16 4.23E-13 3.35E-12 6.31E-12
 8.50E-12 1.12E-11 1.37E-11 1.54E-11 1.57E-11 1.53E-11
 1.00E-74 1.46E-44 4.82E-31 5.79E-21 5.46E-16 4.23E-13 3.35E-12 6.31E-12
 8.50E-12 1.12E-11 1.37E-11 1.54E-11 1.57E-11 1.53E-11
 1.00E-74 1.46E-44 4.82E-31 5.80E-21 5.47E-16 4.23E-13 3.35E-12 6.32E-12
 8.51E-12 1.12E-11 1.37E-11 1.54E-11 1.57E-11 1.53E-11
 1.00E-74 1.48E-44 4.88E-31 5.88E-21 5.54E-16 4.28E-13 3.38E-12 6.36E-12
 8.56E-12 1.13E-11 1.37E-11 1.55E-11 1.57E-11 1.53E-11
 1.00E-74 1.59E-44 5.39E-31 6.58E-21 6.18E-16 4.70E-13 3.65E-12 6.81E-12
 9.10E-12 1.19E-11 1.43E-11 1.58E-11 1.59E-11 1.55E-11
 1.00E-74 2.26E-44 7.83E-31 9.46E-21 8.62E-16 6.29E-13 4.74E-12 8.70E-12
 1.15E-11 1.46E-11 1.70E-11 1.79E-11 1.73E-11 1.65E-11
 1.00E-74 5.14E-44 1.54E-30 1.50E-20 1.09E-15 6.17E-13 4.18E-12 7.43E-12
 9.68E-12 1.23E-11 1.43E-11 1.52E-11 1.48E-11 1.42E-11
  178.260    7  14 /pl=01:ss= 5:pb= 1:sz= 5/type=excit/ispb = t/isel =    7
 1.00E+10 1.00E+11 1.00E+12 1.00E+13 1.00E+14 1.00E+15 1.00E+16
 6.20E-01 9.31E-01 1.55E+00 3.10E+00 6.20E+00 1.55E+01 3.10E+01 4.65E+01
 6.20E+01 9.31E+01 1.55E+02 3.10E+02 6.20E+02 9.31E+02
 1.00E-74 2.08E-42 1.58E-29 6.79E-20 4.29E-15 2.90E-12 2.22E-11 4.11E-11
 5.43E-11 6.96E-11 8.14E-11 8.70E-11 8.53E-11 8.23E-11
 1.00E-74 2.08E-42 1.58E-29 6.79E-20 4.29E-15 2.90E-12 2.22E-11 4.11E-11
 5.43E-11 6.96E-11 8.14E-11 8.70E-11 8.53E-11 8.23E-11
 1.00E-74 2.08E-42 1.59E-29 6.79E-20 4.30E-15 2.90E-12 2.22E-11 4.10E-11
 5.43E-11 6.96E-11 8.14E-11 8.70E-11 8.53E-11 8.23E-11
 1.00E-74 2.13E-42 1.61E-29 6.87E-20 4.32E-15 2.90E-12 2.21E-11 4.09E-11
 5.42E-11 6.94E-11 8.12E-11 8.69E-11 8.52E-11 8.23E-11
 1.00E-74 2.56E-42 1.87E-29 7.57E-20 4.54E-15 2.93E-12 2.20E-11 4.06E-11
 5.36E-11 6.87E-11 8.04E-11 8.61E-11 8.46E-11 8.18E-11
 1.00E-74 5.04E-42 3.38E-29 1.18E-19 6.06E-15 3.34E-12 2.35E-11 4.23E-11
 5.52E-11 6.96E-11 8.02E-11 8.45E-11 8.21E-11 7.91E-11
 1.00E-74 9.85E-42 6.52E-29 2.07E-19 8.58E-15 3.48E-12 2.11E-11 3.62E-11
 4.63E-11 5.74E-11 6.53E-11 6.78E-11 6.47E-11 6.18E-11
  181.069    7  14 /pl=01:ss= 5:pb= 1:sz= 5/type=excit/ispb = t/isel =    8
 1.00E+10 1.00E+11 1.00E+12 1.00E+13 1.00E+14 1.00E+15 1.00E+16
 6.20E-01 9.31E-01 1.55E+00 3.10E+00 6.20E+00 1.55E+01 3.10E+01 4.65E+01
 6.20E+01 9.31E+01 1.55E+02 3.10E+02 6.20E+02 9.31E+02
 1.00E-74 1.00E-74 2.10E-33 9.95E-22 5.76E-16 1.31E-12 1.43E-11 2.95E-11
 4.13E-11 5.50E-11 6.47E-11 6.57E-11 5.82E-11 5.20E-11
 1.00E-74 1.00E-74 2.10E-33 9.95E-22 5.76E-16 1.31E-12 1.43E-11 2.95E-11
 4.13E-11 5.50E-11 6.47E-11 6.57E-11 5.82E-11 5.20E-11
 1.00E-74 1.00E-74 2.10E-33 9.96E-22 5.76E-16 1.31E-12 1.43E-11 2.95E-11
 4.13E-11 5.50E-11 6.47E-11 6.57E-11 5.82E-11 5.20E-11
 1.00E-74 3.77E-49 2.11E-33 9.99E-22 5.77E-16 1.31E-12 1.44E-11 2.96E-11
 4.14E-11 5.50E-11 6.48E-11 6.58E-11 5.83E-11 5.21E-11
 1.00E-74 4.90E-49 2.21E-33 1.03E-21 5.91E-16 1.33E-12 1.45E-11 2.99E-11
 4.18E-11 5.55E-11 6.54E-11 6.65E-11 5.89E-11 5.27E-11
 1.00E-74 8.78E-49 3.48E-33 1.44E-21 7.54E-16 1.56E-12 1.64E-11 3.32E-11
 4.60E-11 6.07E-11 7.13E-11 7.27E-11 6.50E-11 5.85E-11
 1.00E-74 7.45E-48 2.55E-32 8.16E-21 3.12E-15 4.22E-12 3.52E-11 6.48E-11
 8.47E-11 1.05E-10 1.17E-10 1.16E-10 1.03E-10 9.38E-11
  195.681    7  14 /pl=01:ss= 5:pb= 1:sz= 5/type=excit/ispb = t/isel =    9
 1.00E+10 1.00E+11 1.00E+12 1.00E+13 1.00E+14 1.00E+15 1.00E+16
 6.20E-01 9.31E-01 1.55E+00 3.10E+00 6.20E+00 1.55E+01 3.10E+01 4.65E+01
 6.20E+01 9.31E+01 1.55E+02 3.10E+02 6.20E+02 9.31E+02
 1.00E-74 7.34E-39 3.82E-27 2.03E-18 4.09E-14 1.28E-11 7.47E-11 1.26E-10
 1.60E-10 1.97E-10 2.26E-10 2.45E-10 2.49E-10 2.45E-10
 1.00E-74 7.34E-39 3.82E-27 2.03E-18 4.09E-14 1.28E-11 7.47E-11 1.26E-10
 1.60E-10 1.97E-10 2.26E-10 2.45E-10 2.49E-10 2.45E-10
 1.00E-74 7.35E-39 3.82E-27 2.03E-18 4.09E-14 1.28E-11 7.47E-11 1.26E-10
 1.60E-10 1.97E-10 2.26E-10 2.45E-10 2.49E-10 2.45E-10
 1.00E-74 7.43E-39 3.86E-27 2.05E-18 4.11E-14 1.29E-11 7.48E-11 1.26E-10
 1.60E-10 1.97E-10 2.26E-10 2.45E-10 2.49E-10 2.46E-10
 1.00E-74 8.29E-39 4.20E-27 2.18E-18 4.29E-14 1.32E-11 7.63E-11 1.28E-10
 1.62E-10 1.99E-10 2.28E-10 2.46E-10 2.49E-10 2.46E-10
 1.00E-74 1.65E-38 7.57E-27 3.44E-18 6.04E-14 1.65E-11 8.96E-11 1.47E-10
 1.83E-10 2.20E-10 2.46E-10 2.58E-10 2.56E-10 2.50E-10
 1.00E-74 7.61E-38 3.34E-26 1.37E-17 1.98E-13 3.85E-11 1.72E-10 2.60E-10
 3.08E-10 3.49E-10 3.60E-10 3.39E-10 3.04E-10 2.82E-10
  196.119    7  14 /pl=01:ss= 5:pb= 1:sz= 5/type=excit/ispb = t/isel =   10
 1.00E+10 1.00E+11 1.00E+12 1.00E+13 1.00E+14 1.00E+15 1.00E+16
 6.20E-01 9.31E-01 1.55E+00 3.10E+00 6.20E+00 1.55E+01 3.10E+01 4.65E+01
 6.20E+01 9.31E+01 1.55E+02 3.10E+02 6.20E+02 9.31E+02
 1.00E-74 1.65E-39 8.26E-28 4.35E-19 8.69E-15 2.74E-12 1.63E-11 2.82E-11
 3.64E-11 4.61E-11 5.47E-11 6.01E-11 6.01E-11 5.83E-11
 1.00E-74 1.65E-39 8.26E-28 4.35E-19 8.69E-15 2.74E-12 1.63E-11 2.82E-11
 3.64E-11 4.61E-11 5.47E-11 6.01E-11 6.01E-11 5.83E-11
 1.00E-74 1.65E-39 8.26E-28 4.35E-19 8.70E-15 2.74E-12 1.63E-11 2.82E-11
 3.64E-11 4.61E-11 5.47E-11 6.01E-11 6.01E-11 5.83E-11
 1.00E-74 1.65E-39 8.28E-28 4.36E-19 8.72E-15 2.74E-12 1.63E-11 2.82E-11
 3.64E-11 4.61E-11 5.46E-11 6.00E-11 6.01E-11 5.83E-11
 1.00E-74 1.68E-39 8.45E-28 4.48E-19 8.96E-15 2.79E-12 1.65E-11 2.84E-11
 3.66E-11 4.63E-11 5.47E-11 6.00E-11 6.00E-11 5.83E-11
 1.00E-74 1.91E-39 9.90E-28 5.43E-19 1.08E-14 3.22E-12 1.84E-11 3.10E-11
 3.95E-11 4.91E-11 5.70E-11 6.12E-11 6.04E-11 5.83E-11
 1.00E-74 3.86E-39 1.91E-27 9.58E-19 1.61E-14 3.75E-12 1.90E-11 3.09E-11
 3.86E-11 4.71E-11 5.37E-11 5.68E-11 5.55E-11 5.35E-11
  215.119    7  14 /pl=01:ss= 5:pb= 1:sz= 5/type=excit/ispb = t/isel =   11
 1.00E+10 1.00E+11 1.00E+12 1.00E+13 1.00E+14 1.00E+15 1.00E+16
 6.20E-01 9.31E-01 1.55E+00 3.10E+00 6.20E+00 1.55E+01 3.10E+01 4.65E+01
 6.20E+01 9.31E+01 1.55E+02 3.10E+02 6.20E+02 9.31E+02
 1.00E-74 1.00E-74 1.90E-33 6.21E-22 2.99E-16 5.99E-13 6.29E-12 1.27E-11
 1.74E-11 2.25E-11 2.56E-11 2.46E-11 2.06E-11 1.79E-11
 1.00E-74 1.00E-74 1.90E-33 6.21E-22 2.99E-16 5.99E-13 6.28E-12 1.27E-11
 1.74E-11 2.25E-11 2.56E-11 2.46E-11 2.06E-11 1.79E-11
 1.00E-74 1.00E-74 1.90E-33 6.21E-22 2.98E-16 5.99E-13 6.28E-12 1.27E-11
 1.73E-11 2.25E-11 2.56E-11 2.46E-11 2.06E-11 1.79E-11
 1.00E-74 6.98E-49 1.90E-33 6.19E-22 2.98E-16 5.97E-13 6.26E-12 1.26E-11
 1.73E-11 2.25E-11 2.56E-11 2.47E-11 2.07E-11 1.80E-11
 1.00E-74 7.33E-49 2.02E-33 6.48E-22 3.08E-16 6.11E-13 6.37E-12 1.28E-11
 1.76E-11 2.29E-11 2.61E-11 2.53E-11 2.15E-11 1.88E-11
 1.00E-74 1.01E-48 2.58E-33 7.83E-22 3.59E-16 6.85E-13 7.02E-12 1.41E-11
 1.92E-11 2.51E-11 2.88E-11 2.85E-11 2.48E-11 2.21E-11
 1.00E-74 2.41E-48 5.57E-33 1.40E-21 5.25E-16 7.85E-13 7.18E-12 1.39E-11
 1.88E-11 2.44E-11 2.83E-11 2.88E-11 2.62E-11 2.39E-11
  219.630    7  14 /pl=01:ss= 5:pb= 1:sz= 5/type=excit/ispb = t/isel =   12
 1.00E+10 1.00E+11 1.00E+12 1.00E+13 1.00E+14 1.00E+15 1.00E+16
 6.20E-01 9.31E-01 1.55E+00 3.10E+00 6.20E+00 1.55E+01 3.10E+01 4.65E+01
 6.20E+01 9.31E+01 1.55E+02 3.10E+02 6.20E+02 9.31E+02
 1.00E-74 8.08E-36 2.16E-25 1.26E-17 9.17E-14 1.88E-11 1.02E-10 1.68E-10
 2.10E-10 2.51E-10 2.73E-10 2.66E-10 2.39E-10 2.19E-10
 1.00E-74 8.08E-36 2.16E-25 1.26E-17 9.17E-14 1.88E-11 1.02E-10 1.68E-10
 2.10E-10 2.51E-10 2.73E-10 2.66E-10 2.39E-10 2.19E-10
 1.00E-74 8.08E-36 2.16E-25 1.26E-17 9.17E-14 1.88E-11 1.02E-10 1.68E-10
 2.10E-10 2.51E-10 2.73E-10 2.66E-10 2.39E-10 2.19E-10
 4.65E-49 8.16E-36 2.18E-25 1.27E-17 9.20E-14 1.88E-11 1.01E-10 1.68E-10
 2.09E-10 2.51E-10 2.72E-10 2.66E-10 2.38E-10 2.19E-10
 7.44E-49 8.91E-36 2.34E-25 1.33E-17 9.46E-14 1.89E-11 1.01E-10 1.67E-10
 2.08E-10 2.49E-10 2.71E-10 2.64E-10 2.38E-10 2.19E-10
 1.36E-48 1.52E-35 3.67E-25 1.88E-17 1.18E-13 2.04E-11 1.03E-10 1.67E-10
 2.07E-10 2.46E-10 2.67E-10 2.61E-10 2.35E-10 2.17E-10
 2.93E-48 3.40E-35 8.27E-25 3.96E-17 2.03E-13 2.42E-11 1.01E-10 1.55E-10
 1.87E-10 2.19E-10 2.37E-10 2.34E-10 2.14E-10 1.99E-10
  224.157    7  14 /pl=01:ss= 5:pb= 1:sz= 5/type=excit/ispb = t/isel =   13
 1.00E+10 1.00E+11 1.00E+12 1.00E+13 1.00E+14 1.00E+15 1.00E+16
 6.20E-01 9.31E-01 1.55E+00 3.10E+00 6.20E+00 1.55E+01 3.10E+01 4.65E+01
 6.20E+01 9.31E+01 1.55E+02 3.10E+02 6.20E+02 9.31E+02
 1.00E-74 1.24E-42 1.97E-29 1.35E-19 9.67E-15 6.49E-12 4.82E-11 8.76E-11
 1.14E-10 1.43E-10 1.61E-10 1.60E-10 1.43E-10 1.29E-10
 1.00E-74 1.24E-42 1.97E-29 1.35E-19 9.67E-15 6.49E-12 4.82E-11 8.76E-11
 1.14E-10 1.43E-10 1.61E-10 1.60E-10 1.43E-10 1.29E-10
 1.00E-74 1.24E-42 1.97E-29 1.35E-19 9.67E-15 6.49E-12 4.82E-11 8.76E-11
 1.14E-10 1.43E-10 1.61E-10 1.60E-10 1.43E-10 1.29E-10
 1.00E-74 1.25E-42 1.98E-29 1.35E-19 9.70E-15 6.50E-12 4.83E-11 8.76E-11
 1.14E-10 1.43E-10 1.61E-10 1.60E-10 1.43E-10 1.29E-10
 1.00E-74 1.32E-42 2.06E-29 1.39E-19 9.91E-15 6.59E-12 4.87E-11 8.83E-11
 1.15E-10 1.44E-10 1.62E-10 1.61E-10 1.43E-10 1.30E-10
 1.00E-74 2.31E-42 3.21E-29 1.92E-19 1.24E-14 7.56E-12 5.37E-11 9.57E-11
 1.24E-10 1.53E-10 1.71E-10 1.69E-10 1.50E-10 1.36E-10
 1.00E-74 2.00E-41 2.46E-28 1.17E-18 5.52E-14 2.12E-11 1.16E-10 1.87E-10
 2.27E-10 2.63E-10 2.74E-10 2.54E-10 2.17E-10 1.93E-10
  224.461    7  14 /pl=01:ss= 5:pb= 1:sz= 5/type=excit/ispb = t/isel =   14
 1.00E+10 1.00E+11 1.00E+12 1.00E+13 1.00E+14 1.00E+15 1.00E+16
 6.20E-01 9.31E-01 1.55E+00 3.10E+00 6.20E+00 1.55E+01 3.10E+01 4.65E+01
 6.20E+01 9.31E+01 1.55E+02 3.10E+02 6.20E+02 9.31E+02
 1.00E-74 1.00E-74 1.52E-32 2.29E-21 7.49E-16 1.19E-12 1.16E-11 2.28E-11
 3.07E-11 3.96E-11 4.47E-11 4.26E-11 3.60E-11 3.13E-11
 1.00E-74 1.00E-74 1.52E-32 2.29E-21 7.49E-16 1.19E-12 1.16E-11 2.28E-11
 3.07E-11 3.96E-11 4.47E-11 4.26E-11 3.60E-11 3.13E-11
 1.00E-74 1.61E-47 1.52E-32 2.29E-21 7.49E-16 1.19E-12 1.16E-11 2.28E-11
 3.07E-11 3.96E-11 4.47E-11 4.26E-11 3.60E-11 3.13E-11
 1.00E-74 1.56E-47 1.52E-32 2.29E-21 7.49E-16 1.19E-12 1.16E-11 2.28E-11
 3.08E-11 3.96E-11 4.47E-11 4.27E-11 3.61E-11 3.14E-11
 1.00E-74 1.62E-47 1.57E-32 2.35E-21 7.65E-16 1.21E-12 1.17E-11 2.30E-11
 3.11E-11 4.00E-11 4.53E-11 4.34E-11 3.68E-11 3.20E-11
 1.00E-74 2.19E-47 2.01E-32 2.82E-21 8.80E-16 1.34E-12 1.27E-11 2.47E-11
 3.34E-11 4.29E-11 4.88E-11 4.74E-11 4.09E-11 3.61E-11
 1.00E-74 5.08E-47 4.23E-32 4.92E-21 1.25E-15 1.49E-12 1.26E-11 2.39E-11
 3.18E-11 4.09E-11 4.71E-11 4.77E-11 4.32E-11 3.94E-11
  231.580    7  14 /pl=01:ss= 5:pb= 1:sz= 5/type=excit/ispb = t/isel =   15
 1.00E+10 1.00E+11 1.00E+12 1.00E+13 1.00E+14 1.00E+15 1.00E+16
 6.20E-01 9.31E-01 1.55E+00 3.10E+00 6.20E+00 1.55E+01 3.10E+01 4.65E+01
 6.20E+01 9.31E+01 1.55E+02 3.10E+02 6.20E+02 9.31E+02
 1.00E-74 1.00E-74 8.96E-33 7.84E-22 1.96E-16 2.66E-13 2.45E-12 4.74E-12
 6.36E-12 8.13E-12 9.14E-12 8.76E-12 7.40E-12 6.47E-12
 1.00E-74 1.68E-47 8.96E-33 7.84E-22 1.96E-16 2.66E-13 2.45E-12 4.74E-12
 6.36E-12 8.13E-12 9.14E-12 8.76E-12 7.40E-12 6.47E-12
 1.00E-74 1.90E-47 8.93E-33 7.81E-22 1.95E-16 2.65E-13 2.44E-12 4.73E-12
 6.35E-12 8.11E-12 9.13E-12 8.75E-12 7.39E-12 6.47E-12
 1.00E-74 1.82E-47 8.64E-33 7.56E-22 1.89E-16 2.58E-13 2.38E-12 4.62E-12
 6.21E-12 7.96E-12 8.98E-12 8.64E-12 7.32E-12 6.42E-12
 1.00E-74 1.45E-47 6.87E-33 5.98E-22 1.50E-16 2.07E-13 1.95E-12 3.84E-12
 5.21E-12 6.77E-12 7.80E-12 7.73E-12 6.73E-12 5.99E-12
 1.00E-74 9.31E-48 4.25E-33 3.51E-22 8.49E-17 1.14E-13 1.07E-12 2.11E-12
 2.89E-12 3.83E-12 4.55E-12 4.78E-12 4.48E-12 4.17E-12
 1.00E-74 1.50E-47 6.08E-33 4.12E-22 8.02E-17 8.16E-14 6.64E-13 1.25E-12
 1.66E-12 2.15E-12 2.50E-12 2.61E-12 2.46E-12 2.32E-12
  240.618    7  14 /pl=01:ss= 5:pb= 1:sz= 5/type=excit/ispb = t/isel =   16
 1.00E+10 1.00E+11 1.00E+12 1.00E+13 1.00E+14 1.00E+15 1.00E+16
 6.20E-01 9.31E-01 1.55E+00 3.10E+00 6.20E+00 1.55E+01 3.10E+01 4.65E+01
 6.20E+01 9.31E+01 1.55E+02 3.10E+02 6.20E+02 9.31E+02
 1.00E-74 1.79E-45 3.22E-31 1.47E-20 2.64E-15 2.94E-12 2.55E-11 4.83E-11
 6.40E-11 8.09E-11 8.98E-11 8.54E-11 7.14E-11 6.24E-11
 1.00E-74 1.61E-45 3.22E-31 1.47E-20 2.64E-15 2.94E-12 2.55E-11 4.83E-11
 6.40E-11 8.09E-11 8.98E-11 8.54E-11 7.14E-11 6.24E-11
 1.00E-74 1.60E-45 3.22E-31 1.47E-20 2.64E-15 2.94E-12 2.55E-11 4.83E-11
 6.40E-11 8.09E-11 8.98E-11 8.54E-11 7.14E-11 6.24E-11
 1.00E-74 1.60E-45 3.22E-31 1.47E-20 2.64E-15 2.94E-12 2.55E-11 4.83E-11
 6.40E-11 8.10E-11 8.98E-11 8.55E-11 7.14E-11 6.24E-11
 1.00E-74 1.64E-45 3.27E-31 1.49E-20 2.67E-15 2.97E-12 2.57E-11 4.86E-11
 6.44E-11 8.14E-11 9.04E-11 8.61E-11 7.20E-11 6.29E-11
 1.00E-74 2.15E-45 4.04E-31 1.73E-20 2.99E-15 3.19E-12 2.70E-11 5.08E-11
 6.71E-11 8.47E-11 9.42E-11 9.02E-11 7.62E-11 6.69E-11
 1.00E-74 4.98E-45 8.62E-31 3.10E-20 4.35E-15 3.61E-12 2.73E-11 4.98E-11
 6.52E-11 8.22E-11 9.30E-11 9.28E-11 8.25E-11 7.47E-11
  254.402    7  14 /pl=01:ss= 5:pb= 1:sz= 5/type=excit/ispb = t/isel =   17
 1.00E+10 1.00E+11 1.00E+12 1.00E+13 1.00E+14 1.00E+15 1.00E+16
 6.20E-01 9.31E-01 1.55E+00 3.10E+00 6.20E+00 1.55E+01 3.10E+01 4.65E+01
 6.20E+01 9.31E+01 1.55E+02 3.10E+02 6.20E+02 9.31E+02
 1.00E-74 7.56E-45 4.59E-31 8.58E-21 9.94E-16 8.54E-13 6.76E-12 1.25E-11
 1.64E-11 2.04E-11 2.25E-11 2.14E-11 1.81E-11 1.60E-11
 1.00E-74 7.61E-45 4.59E-31 8.57E-21 9.94E-16 8.54E-13 6.75E-12 1.25E-11
 1.64E-11 2.04E-11 2.25E-11 2.14E-11 1.81E-11 1.60E-11
 1.00E-74 7.60E-45 4.59E-31 8.57E-21 9.93E-16 8.53E-13 6.75E-12 1.25E-11
 1.64E-11 2.04E-11 2.25E-11 2.14E-11 1.81E-11 1.59E-11
 1.00E-74 7.53E-45 4.54E-31 8.48E-21 9.83E-16 8.46E-13 6.70E-12 1.24E-11
 1.63E-11 2.03E-11 2.24E-11 2.13E-11 1.81E-11 1.59E-11
 1.00E-74 6.91E-45 4.17E-31 7.77E-21 9.01E-16 7.79E-13 6.22E-12 1.16E-11
 1.53E-11 1.91E-11 2.13E-11 2.05E-11 1.75E-11 1.55E-11
 1.00E-74 4.73E-45 2.84E-31 5.15E-21 5.82E-16 4.97E-13 4.01E-12 7.59E-12
 1.01E-11 1.30E-11 1.50E-11 1.53E-11 1.38E-11 1.26E-11
 1.00E-74 5.37E-45 2.94E-31 4.47E-21 4.09E-16 2.66E-13 1.90E-12 3.44E-12
 4.51E-12 5.76E-12 6.71E-12 7.10E-12 6.81E-12 6.49E-12
  273.383    7  14 /pl=01:ss= 5:pb= 1:sz= 5/type=excit/ispb = t/isel =   18
 1.00E+10 1.00E+11 1.00E+12 1.00E+13 1.00E+14 1.00E+15 1.00E+16
 6.20E-01 9.31E-01 1.55E+00 3.10E+00 6.20E+00 1.55E+01 3.10E+01 4.65E+01
 6.20E+01 9.31E+01 1.55E+02 3.10E+02 6.20E+02 9.31E+02
 1.00E-74 2.94E-42 4.14E-29 2.57E-19 1.71E-14 1.05E-11 7.49E-11 1.33E-10
 1.72E-10 2.10E-10 2.30E-10 2.15E-10 1.80E-10 1.56E-10
 1.00E-74 2.94E-42 4.14E-29 2.57E-19 1.71E-14 1.05E-11 7.49E-11 1.33E-10
 1.72E-10 2.10E-10 2.30E-10 2.15E-10 1.80E-10 1.56E-10
 1.00E-74 2.95E-42 4.14E-29 2.57E-19 1.71E-14 1.05E-11 7.49E-11 1.33E-10
 1.72E-10 2.10E-10 2.30E-10 2.15E-10 1.80E-10 1.56E-10
 1.00E-74 2.95E-42 4.14E-29 2.58E-19 1.72E-14 1.06E-11 7.50E-11 1.33E-10
 1.72E-10 2.11E-10 2.30E-10 2.16E-10 1.80E-10 1.56E-10
 1.00E-74 2.98E-42 4.18E-29 2.59E-19 1.73E-14 1.06E-11 7.52E-11 1.34E-10
 1.72E-10 2.11E-10 2.30E-10 2.16E-10 1.80E-10 1.57E-10
 1.00E-74 3.59E-42 4.81E-29 2.86E-19 1.85E-14 1.10E-11 7.66E-11 1.36E-10
 1.74E-10 2.13E-10 2.33E-10 2.19E-10 1.83E-10 1.60E-10
 1.00E-74 8.60E-42 1.05E-28 5.33E-19 2.81E-14 1.29E-11 8.02E-11 1.37E-10
 1.74E-10 2.11E-10 2.33E-10 2.25E-10 1.95E-10 1.73E-10
  292.307    7  14 /pl=01:ss= 5:pb= 1:sz= 5/type=excit/ispb = t/isel =   19
 1.00E+10 1.00E+11 1.00E+12 1.00E+13 1.00E+14 1.00E+15 1.00E+16
 6.20E-01 9.31E-01 1.55E+00 3.10E+00 6.20E+00 1.55E+01 3.10E+01 4.65E+01
 6.20E+01 9.31E+01 1.55E+02 3.10E+02 6.20E+02 9.31E+02
 1.17E-38 7.53E-29 4.87E-21 3.15E-15 2.31E-12 1.06E-10 3.47E-10 5.01E-10
 5.97E-10 7.01E-10 7.88E-10 8.34E-10 8.19E-10 7.86E-10
 1.17E-38 7.53E-29 4.87E-21 3.15E-15 2.31E-12 1.06E-10 3.47E-10 5.01E-10
 5.97E-10 7.01E-10 7.88E-10 8.34E-10 8.19E-10 7.86E-10
 1.17E-38 7.53E-29 4.87E-21 3.15E-15 2.31E-12 1.06E-10 3.47E-10 5.01E-10
 5.97E-10 7.01E-10 7.88E-10 8.34E-10 8.19E-10 7.86E-10
 1.17E-38 7.53E-29 4.87E-21 3.15E-15 2.31E-12 1.06E-10 3.47E-10 5.01E-10
 5.96E-10 7.01E-10 7.87E-10 8.34E-10 8.19E-10 7.86E-10
 1.17E-38 7.54E-29 4.88E-21 3.16E-15 2.32E-12 1.06E-10 3.46E-10 4.98E-10
 5.93E-10 6.97E-10 7.84E-10 8.30E-10 8.16E-10 7.84E-10
 1.19E-38 7.67E-29 4.96E-21 3.23E-15 2.37E-12 1.06E-10 3.39E-10 4.85E-10
 5.75E-10 6.74E-10 7.57E-10 8.04E-10 7.94E-10 7.65E-10
 1.39E-38 8.76E-29 5.59E-21 3.74E-15 2.67E-12 1.01E-10 2.89E-10 3.96E-10
 4.61E-10 5.31E-10 5.94E-10 6.38E-10 6.44E-10 6.30E-10
  304.395    7  14 /pl=01:ss= 5:pb= 1:sz= 5/type=excit/ispb = t/isel =   20
 1.00E+10 1.00E+11 1.00E+12 1.00E+13 1.00E+14 1.00E+15 1.00E+16
 6.20E-01 9.31E-01 1.55E+00 3.10E+00 6.20E+00 1.55E+01 3.10E+01 4.65E+01
 6.20E+01 9.31E+01 1.55E+02 3.10E+02 6.20E+02 9.31E+02
 1.00E-74 1.00E-74 1.18E-32 1.78E-21 5.87E-16 9.57E-13 9.51E-12 1.91E-11
 2.64E-11 3.53E-11 4.35E-11 4.98E-11 5.20E-11 5.20E-11
 1.00E-74 2.05E-47 1.18E-32 1.78E-21 5.87E-16 9.57E-13 9.51E-12 1.91E-11
 2.64E-11 3.53E-11 4.35E-11 4.98E-11 5.20E-11 5.20E-11
 1.00E-74 1.23E-47 1.18E-32 1.78E-21 5.87E-16 9.58E-13 9.51E-12 1.91E-11
 2.64E-11 3.53E-11 4.35E-11 4.98E-11 5.20E-11 5.20E-11
 1.00E-74 1.23E-47 1.19E-32 1.79E-21 5.89E-16 9.59E-13 9.52E-12 1.91E-11
 2.64E-11 3.53E-11 4.35E-11 4.98E-11 5.20E-11 5.20E-11
 1.00E-74 1.35E-47 1.28E-32 1.87E-21 6.07E-16 9.76E-13 9.63E-12 1.92E-11
 2.66E-11 3.55E-11 4.36E-11 4.98E-11 5.20E-11 5.19E-11
 1.00E-74 2.46E-47 2.08E-32 2.68E-21 7.80E-16 1.13E-12 1.06E-11 2.07E-11
 2.83E-11 3.72E-11 4.48E-11 5.01E-11 5.15E-11 5.11E-11
 1.00E-74 1.35E-46 1.00E-31 1.04E-20 2.29E-15 2.26E-12 1.72E-11 3.08E-11
 3.98E-11 4.92E-11 5.49E-11 5.53E-11 5.19E-11 4.92E-11
  308.017    7  14 /pl=01:ss= 5:pb= 1:sz= 5/type=excit/ispb = t/isel =   21
 1.00E+10 1.00E+11 1.00E+12 1.00E+13 1.00E+14 1.00E+15 1.00E+16
 6.20E-01 9.31E-01 1.55E+00 3.10E+00 6.20E+00 1.55E+01 3.10E+01 4.65E+01
 6.20E+01 9.31E+01 1.55E+02 3.10E+02 6.20E+02 9.31E+02
 1.00E-74 2.37E-40 3.73E-28 4.52E-19 1.34E-14 5.16E-12 3.15E-11 5.35E-11
 6.74E-11 8.08E-11 8.68E-11 8.12E-11 6.83E-11 6.01E-11
 1.00E-74 2.37E-40 3.73E-28 4.52E-19 1.34E-14 5.16E-12 3.15E-11 5.35E-11
 6.74E-11 8.08E-11 8.68E-11 8.12E-11 6.83E-11 6.01E-11
 1.00E-74 2.37E-40 3.73E-28 4.52E-19 1.34E-14 5.16E-12 3.15E-11 5.35E-11
 6.74E-11 8.08E-11 8.68E-11 8.12E-11 6.83E-11 6.01E-11
 1.00E-74 2.37E-40 3.72E-28 4.51E-19 1.34E-14 5.14E-12 3.15E-11 5.34E-11
 6.73E-11 8.07E-11 8.67E-11 8.11E-11 6.82E-11 6.00E-11
 1.00E-74 2.31E-40 3.64E-28 4.41E-19 1.31E-14 5.03E-12 3.08E-11 5.23E-11
 6.60E-11 7.93E-11 8.54E-11 8.01E-11 6.76E-11 5.95E-11
 1.00E-74 1.94E-40 3.10E-28 3.73E-19 1.09E-14 4.12E-12 2.53E-11 4.33E-11
 5.50E-11 6.69E-11 7.34E-11 7.07E-11 6.12E-11 5.46E-11
 1.00E-74 1.52E-40 2.39E-28 2.69E-19 6.71E-15 2.02E-12 1.13E-11 1.90E-11
 2.42E-11 2.99E-11 3.42E-11 3.57E-11 3.38E-11 3.19E-11
  366.309    7  14 /pl=01:ss= 5:pb= 1:sz= 5/type=excit/ispb = t/isel =   22
 1.00E+10 1.00E+11 1.00E+12 1.00E+13 1.00E+14 1.00E+15 1.00E+16
 6.20E-01 9.31E-01 1.55E+00 3.10E+00 6.20E+00 1.55E+01 3.10E+01 4.65E+01
 6.20E+01 9.31E+01 1.55E+02 3.10E+02 6.20E+02 9.31E+02
 1.00E-74 2.44E-36 2.44E-25 3.72E-17 3.90E-13 7.89E-11 3.91E-10 6.18E-10
 7.50E-10 8.73E-10 9.19E-10 8.39E-10 6.94E-10 6.07E-10
 1.00E-74 2.44E-36 2.44E-25 3.72E-17 3.90E-13 7.89E-11 3.91E-10 6.18E-10
 7.50E-10 8.73E-10 9.19E-10 8.39E-10 6.94E-10 6.07E-10
 1.00E-74 2.44E-36 2.44E-25 3.72E-17 3.90E-13 7.89E-11 3.91E-10 6.18E-10
 7.50E-10 8.73E-10 9.19E-10 8.39E-10 6.94E-10 6.07E-10
 1.00E-74 2.44E-36 2.44E-25 3.72E-17 3.90E-13 7.89E-11 3.91E-10 6.18E-10
 7.50E-10 8.73E-10 9.19E-10 8.39E-10 6.94E-10 6.07E-10
 1.00E-74 2.47E-36 2.46E-25 3.74E-17 3.92E-13 7.90E-11 3.92E-10 6.17E-10
 7.50E-10 8.73E-10 9.18E-10 8.39E-10 6.94E-10 6.07E-10
 3.73E-50 2.81E-36 2.72E-25 4.01E-17 4.09E-13 8.03E-11 3.92E-10 6.16E-10
 7.47E-10 8.69E-10 9.15E-10 8.38E-10 6.95E-10 6.09E-10
 1.16E-49 6.60E-36 5.73E-25 7.22E-17 6.10E-13 9.31E-11 4.04E-10 6.11E-10
 7.30E-10 8.42E-10 8.89E-10 8.31E-10 7.05E-10 6.25E-10
  387.477    7  14 /pl=01:ss= 5:pb= 1:sz= 5/type=excit/ispb = t/isel =   23
 1.00E+10 1.00E+11 1.00E+12 1.00E+13 1.00E+14 1.00E+15 1.00E+16
 6.20E-01 9.31E-01 1.55E+00 3.10E+00 6.20E+00 1.55E+01 3.10E+01 4.65E+01
 6.20E+01 9.31E+01 1.55E+02 3.10E+02 6.20E+02 9.31E+02
 1.00E-74 3.51E-45 2.13E-31 3.98E-21 4.61E-16 3.96E-13 3.13E-12 5.82E-12
 7.61E-12 9.48E-12 1.05E-11 9.95E-12 8.41E-12 7.40E-12
 1.00E-74 3.53E-45 2.13E-31 3.98E-21 4.61E-16 3.96E-13 3.13E-12 5.82E-12
 7.61E-12 9.48E-12 1.05E-11 9.95E-12 8.41E-12 7.40E-12
 1.00E-74 3.53E-45 2.13E-31 3.97E-21 4.60E-16 3.96E-13 3.13E-12 5.82E-12
 7.60E-12 9.47E-12 1.05E-11 9.94E-12 8.40E-12 7.40E-12
 1.00E-74 3.49E-45 2.11E-31 3.94E-21 4.56E-16 3.92E-13 3.11E-12 5.77E-12
 7.55E-12 9.42E-12 1.04E-11 9.90E-12 8.38E-12 7.38E-12
 1.00E-74 3.21E-45 1.94E-31 3.60E-21 4.18E-16 3.62E-13 2.88E-12 5.39E-12
 7.08E-12 8.88E-12 9.88E-12 9.51E-12 8.13E-12 7.19E-12
 1.00E-74 2.19E-45 1.32E-31 2.39E-21 2.70E-16 2.30E-13 1.86E-12 3.52E-12
 4.69E-12 6.03E-12 6.96E-12 7.08E-12 6.41E-12 5.86E-12
 1.00E-74 2.49E-45 1.36E-31 2.07E-21 1.90E-16 1.24E-13 8.80E-13 1.59E-12
 2.09E-12 2.67E-12 3.11E-12 3.29E-12 3.16E-12 3.01E-12
  461.565    7  14 /pl=01:ss= 5:pb= 1:sz= 5/type=excit/ispb = t/isel =   24
 1.00E+10 1.00E+11 1.00E+12 1.00E+13 1.00E+14 1.00E+15 1.00E+16
 6.20E-01 9.31E-01 1.55E+00 3.10E+00 6.20E+00 1.55E+01 3.10E+01 4.65E+01
 6.20E+01 9.31E+01 1.55E+02 3.10E+02 6.20E+02 9.31E+02
 1.00E-74 1.00E-74 6.52E-34 2.13E-22 1.02E-16 2.05E-13 2.15E-12 4.35E-12
 5.95E-12 7.72E-12 8.77E-12 8.43E-12 7.06E-12 6.14E-12
 1.00E-74 1.00E-74 6.52E-34 2.13E-22 1.02E-16 2.05E-13 2.15E-12 4.35E-12
 5.95E-12 7.72E-12 8.77E-12 8.43E-12 7.06E-12 6.14E-12
 1.00E-74 1.00E-74 6.52E-34 2.13E-22 1.02E-16 2.05E-13 2.15E-12 4.34E-12
 5.94E-12 7.71E-12 8.77E-12 8.44E-12 7.07E-12 6.15E-12
 1.00E-74 2.39E-49 6.50E-34 2.12E-22 1.02E-16 2.04E-13 2.15E-12 4.33E-12
 5.93E-12 7.71E-12 8.77E-12 8.45E-12 7.09E-12 6.18E-12
 1.00E-74 2.51E-49 6.92E-34 2.22E-22 1.06E-16 2.09E-13 2.18E-12 4.40E-12
 6.02E-12 7.83E-12 8.93E-12 8.68E-12 7.36E-12 6.44E-12
 1.00E-74 3.45E-49 8.84E-34 2.68E-22 1.23E-16 2.35E-13 2.40E-12 4.83E-12
 6.59E-12 8.59E-12 9.88E-12 9.77E-12 8.51E-12 7.58E-12
 1.00E-74 8.25E-49 1.91E-33 4.79E-22 1.80E-16 2.69E-13 2.46E-12 4.77E-12
 6.44E-12 8.36E-12 9.70E-12 9.88E-12 8.96E-12 8.20E-12
  482.842    7  14 /pl=01:ss= 5:pb= 1:sz= 5/type=excit/ispb = t/isel =   25
 1.00E+10 1.00E+11 1.00E+12 1.00E+13 1.00E+14 1.00E+15 1.00E+16
 6.20E-01 9.31E-01 1.55E+00 3.10E+00 6.20E+00 1.55E+01 3.10E+01 4.65E+01
 6.20E+01 9.31E+01 1.55E+02 3.10E+02 6.20E+02 9.31E+02
 2.59E-25 2.07E-19 1.00E-14 2.81E-11 1.27E-09 1.03E-08 1.86E-08 2.16E-08
 2.30E-08 2.38E-08 2.34E-08 2.13E-08 1.85E-08 1.67E-08
 2.59E-25 2.07E-19 1.00E-14 2.81E-11 1.27E-09 1.03E-08 1.86E-08 2.16E-08
 2.30E-08 2.38E-08 2.34E-08 2.13E-08 1.85E-08 1.67E-08
 2.59E-25 2.07E-19 1.00E-14 2.81E-11 1.27E-09 1.03E-08 1.86E-08 2.16E-08
 2.30E-08 2.38E-08 2.34E-08 2.13E-08 1.85E-08 1.67E-08
 2.59E-25 2.07E-19 1.00E-14 2.81E-11 1.27E-09 1.03E-08 1.86E-08 2.16E-08
 2.30E-08 2.38E-08 2.33E-08 2.13E-08 1.85E-08 1.67E-08
 2.59E-25 2.07E-19 1.00E-14 2.81E-11 1.27E-09 1.03E-08 1.85E-08 2.15E-08
 2.29E-08 2.37E-08 2.33E-08 2.12E-08 1.84E-08 1.67E-08
 2.56E-25 2.05E-19 9.97E-15 2.80E-11 1.25E-09 9.97E-09 1.78E-08 2.07E-08
 2.20E-08 2.28E-08 2.24E-08 2.06E-08 1.80E-08 1.63E-08
 2.31E-25 1.89E-19 9.32E-15 2.65E-11 1.14E-09 7.95E-09 1.33E-08 1.51E-08
 1.60E-08 1.66E-08 1.67E-08 1.58E-08 1.44E-08 1.33E-08
  506.823    7  14 /pl=01:ss= 5:pb= 1:sz= 5/type=excit/ispb = t/isel =   26
 1.00E+10 1.00E+11 1.00E+12 1.00E+13 1.00E+14 1.00E+15 1.00E+16
 6.20E-01 9.31E-01 1.55E+00 3.10E+00 6.20E+00 1.55E+01 3.10E+01 4.65E+01
 6.20E+01 9.31E+01 1.55E+02 3.10E+02 6.20E+02 9.31E+02
 1.00E-74 1.00E-74 5.04E-33 7.59E-22 2.48E-16 3.96E-13 3.84E-12 7.54E-12
 1.02E-11 1.31E-11 1.48E-11 1.41E-11 1.19E-11 1.04E-11
 1.00E-74 1.00E-74 5.04E-33 7.59E-22 2.48E-16 3.96E-13 3.84E-12 7.54E-12
 1.02E-11 1.31E-11 1.48E-11 1.41E-11 1.19E-11 1.04E-11
 1.00E-74 5.34E-48 5.04E-33 7.59E-22 2.48E-16 3.96E-13 3.84E-12 7.54E-12
 1.02E-11 1.31E-11 1.48E-11 1.41E-11 1.19E-11 1.04E-11
 1.00E-74 5.16E-48 5.04E-33 7.60E-22 2.49E-16 3.96E-13 3.84E-12 7.55E-12
 1.02E-11 1.31E-11 1.48E-11 1.42E-11 1.20E-11 1.04E-11
 1.00E-74 5.36E-48 5.22E-33 7.80E-22 2.54E-16 4.02E-13 3.89E-12 7.63E-12
 1.03E-11 1.33E-11 1.50E-11 1.44E-11 1.22E-11 1.06E-11
 1.00E-74 7.26E-48 6.66E-33 9.36E-22 2.92E-16 4.43E-13 4.20E-12 8.20E-12
 1.11E-11 1.42E-11 1.62E-11 1.57E-11 1.36E-11 1.20E-11
 1.00E-74 1.69E-47 1.40E-32 1.63E-21 4.16E-16 4.93E-13 4.18E-12 7.91E-12
 1.06E-11 1.36E-11 1.56E-11 1.58E-11 1.43E-11 1.31E-11
  507.303    7  14 /pl=01:ss= 5:pb= 1:sz= 5/type=excit/ispb = t/isel =   27
 1.00E+10 1.00E+11 1.00E+12 1.00E+13 1.00E+14 1.00E+15 1.00E+16
 6.20E-01 9.31E-01 1.55E+00 3.10E+00 6.20E+00 1.55E+01 3.10E+01 4.65E+01
 6.20E+01 9.31E+01 1.55E+02 3.10E+02 6.20E+02 9.31E+02
 1.00E-74 6.72E-45 2.19E-31 2.63E-21 2.48E-16 1.93E-13 1.52E-12 2.87E-12
 3.87E-12 5.10E-12 6.23E-12 7.01E-12 7.14E-12 6.97E-12
 1.00E-74 6.66E-45 2.19E-31 2.63E-21 2.48E-16 1.93E-13 1.52E-12 2.87E-12
 3.87E-12 5.10E-12 6.23E-12 7.01E-12 7.14E-12 6.97E-12
 1.00E-74 6.66E-45 2.20E-31 2.64E-21 2.49E-16 1.93E-13 1.53E-12 2.87E-12
 3.87E-12 5.11E-12 6.23E-12 7.01E-12 7.14E-12 6.97E-12
 1.00E-74 6.72E-45 2.22E-31 2.68E-21 2.52E-16 1.95E-13 1.54E-12 2.90E-12
 3.90E-12 5.13E-12 6.25E-12 7.03E-12 7.15E-12 6.98E-12
 1.00E-74 7.24E-45 2.45E-31 2.99E-21 2.81E-16 2.14E-13 1.66E-12 3.10E-12
 4.14E-12 5.40E-12 6.50E-12 7.21E-12 7.25E-12 7.05E-12
 1.00E-74 1.03E-44 3.56E-31 4.31E-21 3.93E-16 2.86E-13 2.16E-12 3.96E-12
 5.21E-12 6.64E-12 7.72E-12 8.16E-12 7.87E-12 7.51E-12
 1.00E-74 2.34E-44 7.02E-31 6.82E-21 4.97E-16 2.81E-13 1.90E-12 3.38E-12
 4.41E-12 5.58E-12 6.49E-12 6.91E-12 6.73E-12 6.48E-12
  514.201    7  14 /pl=01:ss= 5:pb= 1:sz= 5/type=excit/ispb = t/isel =   28
 1.00E+10 1.00E+11 1.00E+12 1.00E+13 1.00E+14 1.00E+15 1.00E+16
 6.20E-01 9.31E-01 1.55E+00 3.10E+00 6.20E+00 1.55E+01 3.10E+01 4.65E+01
 6.20E+01 9.31E+01 1.55E+02 3.10E+02 6.20E+02 9.31E+02
 1.09E-35 2.03E-26 4.82E-19 1.41E-13 6.40E-11 1.99E-09 5.26E-09 6.74E-09
 7.34E-09 7.58E-09 7.18E-09 6.01E-09 4.73E-09 4.05E-09
 1.09E-35 2.03E-26 4.82E-19 1.41E-13 6.40E-11 1.99E-09 5.26E-09 6.74E-09
 7.34E-09 7.58E-09 7.18E-09 6.01E-09 4.73E-09 4.05E-09
 1.09E-35 2.03E-26 4.83E-19 1.41E-13 6.40E-11 1.99E-09 5.27E-09 6.74E-09
 7.34E-09 7.58E-09 7.18E-09 6.02E-09 4.73E-09 4.05E-09
 1.10E-35 2.05E-26 4.86E-19 1.42E-13 6.43E-11 2.00E-09 5.28E-09 6.75E-09
 7.35E-09 7.60E-09 7.19E-09 6.02E-09 4.74E-09 4.05E-09
 1.23E-35 2.25E-26 5.22E-19 1.49E-13 6.68E-11 2.05E-09 5.38E-09 6.88E-09
 7.48E-09 7.72E-09 7.30E-09 6.11E-09 4.80E-09 4.11E-09
 2.40E-35 4.07E-26 8.66E-19 2.22E-13 9.07E-11 2.54E-09 6.40E-09 8.06E-09
 8.70E-09 8.92E-09 8.38E-09 6.97E-09 5.44E-09 4.62E-09
 8.36E-35 1.43E-25 3.03E-18 7.37E-13 2.64E-10 5.80E-09 1.28E-08 1.54E-08
 1.63E-08 1.65E-08 1.54E-08 1.29E-08 1.01E-08 8.51E-09
  527.262    7  14 /pl=01:ss= 5:pb= 1:sz= 5/type=excit/ispb = t/isel =   29
 1.00E+10 1.00E+11 1.00E+12 1.00E+13 1.00E+14 1.00E+15 1.00E+16
 6.20E-01 9.31E-01 1.55E+00 3.10E+00 6.20E+00 1.55E+01 3.10E+01 4.65E+01
 6.20E+01 9.31E+01 1.55E+02 3.10E+02 6.20E+02 9.31E+02
 1.00E-74 6.71E-41 1.06E-28 1.28E-19 3.80E-15 1.46E-12 8.91E-12 1.51E-11
 1.91E-11 2.28E-11 2.45E-11 2.30E-11 1.93E-11 1.70E-11
 1.00E-74 6.71E-41 1.06E-28 1.28E-19 3.80E-15 1.46E-12 8.91E-12 1.51E-11
 1.91E-11 2.28E-11 2.45E-11 2.30E-11 1.93E-11 1.70E-11
 1.00E-74 6.71E-41 1.05E-28 1.28E-19 3.80E-15 1.46E-12 8.91E-12 1.51E-11
 1.91E-11 2.28E-11 2.45E-11 2.30E-11 1.93E-11 1.70E-11
 1.00E-74 6.69E-41 1.05E-28 1.27E-19 3.79E-15 1.45E-12 8.89E-12 1.51E-11
 1.90E-11 2.28E-11 2.45E-11 2.29E-11 1.93E-11 1.70E-11
 1.00E-74 6.54E-41 1.03E-28 1.25E-19 3.70E-15 1.42E-12 8.71E-12 1.48E-11
 1.87E-11 2.24E-11 2.41E-11 2.26E-11 1.91E-11 1.68E-11
 1.00E-74 5.49E-41 8.77E-29 1.06E-19 3.08E-15 1.16E-12 7.15E-12 1.22E-11
 1.56E-11 1.89E-11 2.07E-11 2.00E-11 1.73E-11 1.54E-11
 1.00E-74 4.30E-41 6.75E-29 7.59E-20 1.90E-15 5.71E-13 3.20E-12 5.37E-12
 6.83E-12 8.46E-12 9.68E-12 1.01E-11 9.56E-12 9.01E-12
  533.217    7  14 /pl=01:ss= 5:pb= 1:sz= 5/type=excit/ispb = t/isel =   30
 1.00E+10 1.00E+11 1.00E+12 1.00E+13 1.00E+14 1.00E+15 1.00E+16
 6.20E-01 9.31E-01 1.55E+00 3.10E+00 6.20E+00 1.55E+01 3.10E+01 4.65E+01
 6.20E+01 9.31E+01 1.55E+02 3.10E+02 6.20E+02 9.31E+02
 1.00E-74 1.15E-38 5.97E-27 3.18E-18 6.39E-14 2.01E-11 1.17E-10 1.97E-10
 2.50E-10 3.08E-10 3.54E-10 3.83E-10 3.89E-10 3.84E-10
 1.00E-74 1.15E-38 5.97E-27 3.18E-18 6.39E-14 2.01E-11 1.17E-10 1.97E-10
 2.50E-10 3.08E-10 3.54E-10 3.83E-10 3.89E-10 3.84E-10
 1.00E-74 1.15E-38 5.98E-27 3.18E-18 6.39E-14 2.01E-11 1.17E-10 1.97E-10
 2.50E-10 3.08E-10 3.54E-10 3.83E-10 3.89E-10 3.84E-10
 1.00E-74 1.16E-38 6.03E-27 3.20E-18 6.42E-14 2.01E-11 1.17E-10 1.97E-10
 2.50E-10 3.08E-10 3.54E-10 3.83E-10 3.89E-10 3.84E-10
 1.00E-74 1.30E-38 6.58E-27 3.40E-18 6.71E-14 2.07E-11 1.19E-10 2.00E-10
 2.54E-10 3.12E-10 3.57E-10 3.85E-10 3.90E-10 3.85E-10
 1.00E-74 2.59E-38 1.18E-26 5.39E-18 9.45E-14 2.58E-11 1.40E-10 2.30E-10
 2.86E-10 3.44E-10 3.85E-10 4.04E-10 4.00E-10 3.91E-10
 1.00E-74 1.19E-37 5.23E-26 2.15E-17 3.10E-13 6.02E-11 2.69E-10 4.06E-10
 4.82E-10 5.45E-10 5.64E-10 5.31E-10 4.76E-10 4.42E-10
  542.518    7  14 /pl=01:ss= 5:pb= 1:sz= 5/type=excit/ispb = t/isel =   31
 1.00E+10 1.00E+11 1.00E+12 1.00E+13 1.00E+14 1.00E+15 1.00E+16
 6.20E-01 9.31E-01 1.55E+00 3.10E+00 6.20E+00 1.55E+01 3.10E+01 4.65E+01
 6.20E+01 9.31E+01 1.55E+02 3.10E+02 6.20E+02 9.31E+02
 1.69E-42 2.90E-31 2.57E-22 1.15E-15 2.06E-12 1.52E-10 5.49E-10 7.85E-10
 9.15E-10 1.01E-09 1.03E-09 9.25E-10 7.65E-10 6.67E-10
 1.69E-42 2.90E-31 2.57E-22 1.15E-15 2.06E-12 1.52E-10 5.49E-10 7.85E-10
 9.15E-10 1.01E-09 1.03E-09 9.25E-10 7.65E-10 6.67E-10
 1.69E-42 2.90E-31 2.57E-22 1.15E-15 2.06E-12 1.52E-10 5.49E-10 7.85E-10
 9.15E-10 1.01E-09 1.03E-09 9.25E-10 7.65E-10 6.67E-10
 1.68E-42 2.90E-31 2.57E-22 1.15E-15 2.06E-12 1.52E-10 5.49E-10 7.84E-10
 9.15E-10 1.01E-09 1.03E-09 9.25E-10 7.64E-10 6.67E-10
 1.67E-42 2.88E-31 2.56E-22 1.14E-15 2.05E-12 1.51E-10 5.45E-10 7.78E-10
 9.08E-10 1.00E-09 1.02E-09 9.20E-10 7.61E-10 6.64E-10
 1.54E-42 2.70E-31 2.43E-22 1.10E-15 1.96E-12 1.41E-10 5.06E-10 7.23E-10
 8.45E-10 9.37E-10 9.61E-10 8.74E-10 7.30E-10 6.40E-10
 1.02E-42 1.85E-31 1.75E-22 8.26E-16 1.41E-12 8.66E-11 2.89E-10 4.08E-10
 4.80E-10 5.43E-10 5.80E-10 5.65E-10 5.08E-10 4.64E-10
  544.626    7  14 /pl=01:ss= 5:pb= 1:sz= 5/type=excit/ispb = t/isel =   32
 1.00E+10 1.00E+11 1.00E+12 1.00E+13 1.00E+14 1.00E+15 1.00E+16
 6.20E-01 9.31E-01 1.55E+00 3.10E+00 6.20E+00 1.55E+01 3.10E+01 4.65E+01
 6.20E+01 9.31E+01 1.55E+02 3.10E+02 6.20E+02 9.31E+02
 1.00E-74 1.00E-74 7.28E-33 6.36E-22 1.59E-16 2.16E-13 1.99E-12 3.85E-12
 5.17E-12 6.60E-12 7.43E-12 7.12E-12 6.01E-12 5.25E-12
 1.00E-74 1.36E-47 7.27E-33 6.36E-22 1.59E-16 2.16E-13 1.99E-12 3.85E-12
 5.17E-12 6.60E-12 7.42E-12 7.12E-12 6.01E-12 5.25E-12
 1.00E-74 1.54E-47 7.25E-33 6.34E-22 1.58E-16 2.15E-13 1.98E-12 3.84E-12
 5.16E-12 6.59E-12 7.41E-12 7.11E-12 6.00E-12 5.25E-12
 1.00E-74 1.48E-47 7.02E-33 6.14E-22 1.53E-16 2.09E-13 1.93E-12 3.75E-12
 5.04E-12 6.46E-12 7.29E-12 7.02E-12 5.95E-12 5.21E-12
 1.00E-74 1.18E-47 5.58E-33 4.85E-22 1.22E-16 1.68E-13 1.58E-12 3.11E-12
 4.23E-12 5.50E-12 6.33E-12 6.28E-12 5.47E-12 4.86E-12
 1.00E-74 7.56E-48 3.45E-33 2.85E-22 6.89E-17 9.24E-14 8.66E-13 1.72E-12
 2.35E-12 3.11E-12 3.70E-12 3.89E-12 3.64E-12 3.39E-12
 1.00E-74 1.21E-47 4.94E-33 3.35E-22 6.51E-17 6.63E-14 5.39E-13 1.01E-12
 1.35E-12 1.74E-12 2.03E-12 2.12E-12 2.00E-12 1.88E-12
  597.396    7  14 /pl=01:ss= 5:pb= 1:sz= 5/type=excit/ispb = t/isel =   33
 1.00E+10 1.00E+11 1.00E+12 1.00E+13 1.00E+14 1.00E+15 1.00E+16
 6.20E-01 9.31E-01 1.55E+00 3.10E+00 6.20E+00 1.55E+01 3.10E+01 4.65E+01
 6.20E+01 9.31E+01 1.55E+02 3.10E+02 6.20E+02 9.31E+02
 1.00E-74 5.58E-46 1.00E-31 4.57E-21 8.22E-16 9.15E-13 7.94E-12 1.50E-11
 1.99E-11 2.52E-11 2.80E-11 2.66E-11 2.22E-11 1.94E-11
 1.00E-74 5.02E-46 1.00E-31 4.57E-21 8.22E-16 9.15E-13 7.94E-12 1.50E-11
 1.99E-11 2.52E-11 2.80E-11 2.66E-11 2.22E-11 1.94E-11
 1.00E-74 4.99E-46 1.00E-31 4.57E-21 8.22E-16 9.15E-13 7.94E-12 1.50E-11
 1.99E-11 2.52E-11 2.80E-11 2.66E-11 2.22E-11 1.94E-11
 1.00E-74 5.00E-46 1.00E-31 4.58E-21 8.23E-16 9.16E-13 7.94E-12 1.50E-11
 1.99E-11 2.52E-11 2.80E-11 2.66E-11 2.22E-11 1.94E-11
 1.00E-74 5.10E-46 1.02E-31 4.63E-21 8.31E-16 9.24E-13 7.99E-12 1.51E-11
 2.01E-11 2.53E-11 2.81E-11 2.68E-11 2.24E-11 1.96E-11
 1.00E-74 6.69E-46 1.26E-31 5.40E-21 9.30E-16 9.92E-13 8.41E-12 1.58E-11
 2.09E-11 2.64E-11 2.93E-11 2.81E-11 2.37E-11 2.08E-11
 1.00E-74 1.55E-45 2.68E-31 9.64E-21 1.36E-15 1.13E-12 8.51E-12 1.55E-11
 2.03E-11 2.56E-11 2.90E-11 2.89E-11 2.57E-11 2.33E-11
  690.250    7  14 /pl=01:ss= 5:pb= 1:sz= 5/type=excit/ispb = t/isel =   34
 1.00E+10 1.00E+11 1.00E+12 1.00E+13 1.00E+14 1.00E+15 1.00E+16
 6.20E-01 9.31E-01 1.55E+00 3.10E+00 6.20E+00 1.55E+01 3.10E+01 4.65E+01
 6.20E+01 9.31E+01 1.55E+02 3.10E+02 6.20E+02 9.31E+02
 1.00E-74 6.51E-45 3.96E-31 7.39E-21 8.56E-16 7.36E-13 5.82E-12 1.08E-11
 1.41E-11 1.76E-11 1.94E-11 1.85E-11 1.56E-11 1.37E-11
 1.00E-74 6.56E-45 3.96E-31 7.39E-21 8.56E-16 7.35E-13 5.82E-12 1.08E-11
 1.41E-11 1.76E-11 1.94E-11 1.85E-11 1.56E-11 1.37E-11
 1.00E-74 6.55E-45 3.95E-31 7.38E-21 8.55E-16 7.35E-13 5.81E-12 1.08E-11
 1.41E-11 1.76E-11 1.94E-11 1.85E-11 1.56E-11 1.37E-11
 1.00E-74 6.48E-45 3.91E-31 7.31E-21 8.47E-16 7.29E-13 5.77E-12 1.07E-11
 1.40E-11 1.75E-11 1.93E-11 1.84E-11 1.56E-11 1.37E-11
 1.00E-74 5.96E-45 3.60E-31 6.69E-21 7.76E-16 6.71E-13 5.35E-12 1.00E-11
 1.31E-11 1.65E-11 1.83E-11 1.77E-11 1.51E-11 1.34E-11
 1.00E-74 4.07E-45 2.45E-31 4.43E-21 5.02E-16 4.28E-13 3.45E-12 6.54E-12
 8.72E-12 1.12E-11 1.29E-11 1.32E-11 1.19E-11 1.09E-11
 1.00E-74 4.62E-45 2.53E-31 3.85E-21 3.52E-16 2.30E-13 1.63E-12 2.96E-12
 3.89E-12 4.96E-12 5.78E-12 6.11E-12 5.87E-12 5.59E-12
  775.085    7  14 /pl=01:ss= 5:pb= 1:sz= 5/type=excit/ispb = t/isel =   35
 1.00E+10 1.00E+11 1.00E+12 1.00E+13 1.00E+14 1.00E+15 1.00E+16
 6.20E-01 9.31E-01 1.55E+00 3.10E+00 6.20E+00 1.55E+01 3.10E+01 4.65E+01
 6.20E+01 9.31E+01 1.55E+02 3.10E+02 6.20E+02 9.31E+02
 4.91E-18 2.17E-14 1.63E-11 2.02E-09 1.92E-08 6.23E-08 8.29E-08 8.71E-08
 8.71E-08 8.43E-08 7.79E-08 6.69E-08 5.56E-08 4.94E-08
 4.91E-18 2.17E-14 1.63E-11 2.02E-09 1.92E-08 6.23E-08 8.29E-08 8.71E-08
 8.71E-08 8.43E-08 7.79E-08 6.69E-08 5.56E-08 4.94E-08
 4.91E-18 2.17E-14 1.63E-11 2.02E-09 1.92E-08 6.23E-08 8.29E-08 8.71E-08
 8.71E-08 8.43E-08 7.79E-08 6.69E-08 5.56E-08 4.94E-08
 4.91E-18 2.17E-14 1.63E-11 2.02E-09 1.92E-08 6.23E-08 8.29E-08 8.70E-08
 8.71E-08 8.43E-08 7.79E-08 6.69E-08 5.56E-08 4.94E-08
 4.88E-18 2.16E-14 1.62E-11 2.01E-09 1.92E-08 6.20E-08 8.25E-08 8.66E-08
 8.67E-08 8.39E-08 7.75E-08 6.67E-08 5.54E-08 4.93E-08
 4.60E-18 2.05E-14 1.56E-11 1.96E-09 1.87E-08 5.97E-08 7.89E-08 8.28E-08
 8.28E-08 8.04E-08 7.45E-08 6.44E-08 5.39E-08 4.80E-08
 2.92E-18 1.39E-14 1.14E-11 1.53E-09 1.47E-08 4.31E-08 5.43E-08 5.65E-08
 5.66E-08 5.56E-08 5.28E-08 4.76E-08 4.17E-08 3.81E-08
  844.157    7  14 /pl=01:ss= 5:pb= 1:sz= 5/type=excit/ispb = t/isel =   36
 1.00E+10 1.00E+11 1.00E+12 1.00E+13 1.00E+14 1.00E+15 1.00E+16
 6.20E-01 9.31E-01 1.55E+00 3.10E+00 6.20E+00 1.55E+01 3.10E+01 4.65E+01
 6.20E+01 9.31E+01 1.55E+02 3.10E+02 6.20E+02 9.31E+02
 1.00E-74 8.40E-40 4.21E-28 2.21E-19 4.43E-15 1.39E-12 8.31E-12 1.44E-11
 1.85E-11 2.35E-11 2.78E-11 3.06E-11 3.06E-11 2.97E-11
 1.00E-74 8.40E-40 4.21E-28 2.21E-19 4.43E-15 1.39E-12 8.31E-12 1.44E-11
 1.85E-11 2.35E-11 2.78E-11 3.06E-11 3.06E-11 2.97E-11
 1.00E-74 8.40E-40 4.21E-28 2.21E-19 4.43E-15 1.39E-12 8.31E-12 1.44E-11
 1.85E-11 2.35E-11 2.78E-11 3.06E-11 3.06E-11 2.97E-11
 1.00E-74 8.41E-40 4.21E-28 2.22E-19 4.44E-15 1.40E-12 8.31E-12 1.44E-11
 1.85E-11 2.35E-11 2.78E-11 3.06E-11 3.06E-11 2.97E-11
 1.00E-74 8.53E-40 4.30E-28 2.28E-19 4.56E-15 1.42E-12 8.40E-12 1.45E-11
 1.86E-11 2.36E-11 2.78E-11 3.06E-11 3.05E-11 2.97E-11
 1.00E-74 9.71E-40 5.04E-28 2.76E-19 5.49E-15 1.64E-12 9.35E-12 1.58E-11
 2.01E-11 2.50E-11 2.90E-11 3.12E-11 3.07E-11 2.97E-11
 1.00E-74 1.97E-39 9.73E-28 4.88E-19 8.18E-15 1.91E-12 9.68E-12 1.57E-11
 1.97E-11 2.40E-11 2.74E-11 2.89E-11 2.83E-11 2.72E-11
  850.460    7  14 /pl=01:ss= 5:pb= 1:sz= 5/type=excit/ispb = t/isel =   37
 1.00E+10 1.00E+11 1.00E+12 1.00E+13 1.00E+14 1.00E+15 1.00E+16
 6.20E-01 9.31E-01 1.55E+00 3.10E+00 6.20E+00 1.55E+01 3.10E+01 4.65E+01
 6.20E+01 9.31E+01 1.55E+02 3.10E+02 6.20E+02 9.31E+02
 1.00E-74 7.50E-43 1.05E-29 6.55E-20 4.36E-15 2.69E-12 1.91E-11 3.40E-11
 4.38E-11 5.36E-11 5.85E-11 5.49E-11 4.57E-11 3.98E-11
 1.00E-74 7.50E-43 1.05E-29 6.55E-20 4.36E-15 2.69E-12 1.91E-11 3.40E-11
 4.38E-11 5.36E-11 5.85E-11 5.49E-11 4.57E-11 3.98E-11
 1.00E-74 7.50E-43 1.05E-29 6.55E-20 4.36E-15 2.69E-12 1.91E-11 3.40E-11
 4.38E-11 5.36E-11 5.85E-11 5.49E-11 4.57E-11 3.98E-11
 1.00E-74 7.51E-43 1.05E-29 6.56E-20 4.37E-15 2.69E-12 1.91E-11 3.40E-11
 4.38E-11 5.36E-11 5.85E-11 5.49E-11 4.58E-11 3.98E-11
 1.00E-74 7.60E-43 1.06E-29 6.61E-20 4.39E-15 2.70E-12 1.91E-11 3.41E-11
 4.39E-11 5.37E-11 5.86E-11 5.50E-11 4.58E-11 3.99E-11
 1.00E-74 9.15E-43 1.22E-29 7.28E-20 4.70E-15 2.79E-12 1.95E-11 3.45E-11
 4.44E-11 5.43E-11 5.92E-11 5.57E-11 4.66E-11 4.07E-11
 1.00E-74 2.19E-42 2.68E-29 1.36E-19 7.15E-15 3.29E-12 2.04E-11 3.48E-11
 4.42E-11 5.38E-11 5.92E-11 5.72E-11 4.96E-11 4.41E-11
  1236.45    7  14 /pl=01:ss= 5:pb= 1:sz= 5/type=excit/ispb = t/isel =   38
 1.00E+10 1.00E+11 1.00E+12 1.00E+13 1.00E+14 1.00E+15 1.00E+16
 6.20E-01 9.31E-01 1.55E+00 3.10E+00 6.20E+00 1.55E+01 3.10E+01 4.65E+01
 6.20E+01 9.31E+01 1.55E+02 3.10E+02 6.20E+02 9.31E+02
 1.00E-74 1.80E-43 1.37E-30 5.89E-21 3.73E-16 2.52E-13 1.93E-12 3.56E-12
 4.71E-12 6.04E-12 7.07E-12 7.55E-12 7.40E-12 7.15E-12
 1.00E-74 1.80E-43 1.37E-30 5.89E-21 3.73E-16 2.52E-13 1.93E-12 3.56E-12
 4.71E-12 6.04E-12 7.07E-12 7.55E-12 7.40E-12 7.15E-12
 1.00E-74 1.81E-43 1.38E-30 5.90E-21 3.73E-16 2.52E-13 1.93E-12 3.56E-12
 4.71E-12 6.04E-12 7.06E-12 7.55E-12 7.40E-12 7.15E-12
 1.00E-74 1.85E-43 1.40E-30 5.96E-21 3.75E-16 2.52E-13 1.92E-12 3.55E-12
 4.70E-12 6.02E-12 7.05E-12 7.54E-12 7.39E-12 7.14E-12
 1.00E-74 2.22E-43 1.62E-30 6.57E-21 3.94E-16 2.54E-13 1.91E-12 3.52E-12
 4.65E-12 5.96E-12 6.98E-12 7.47E-12 7.34E-12 7.10E-12
 1.00E-74 4.37E-43 2.93E-30 1.03E-20 5.26E-16 2.90E-13 2.04E-12 3.67E-12
 4.79E-12 6.04E-12 6.96E-12 7.34E-12 7.13E-12 6.87E-12
 1.00E-74 8.55E-43 5.66E-30 1.79E-20 7.45E-16 3.02E-13 1.83E-12 3.14E-12
 4.02E-12 4.98E-12 5.67E-12 5.88E-12 5.62E-12 5.37E-12
  1282.93    7  14 /pl=01:ss= 5:pb= 1:sz= 5/type=excit/ispb = t/isel =   39
 1.00E+10 1.00E+11 1.00E+12 1.00E+13 1.00E+14 1.00E+15 1.00E+16
 6.20E-01 9.31E-01 1.55E+00 3.10E+00 6.20E+00 1.55E+01 3.10E+01 4.65E+01
 6.20E+01 9.31E+01 1.55E+02 3.10E+02 6.20E+02 9.31E+02
 1.00E-74 1.00E-74 6.09E-33 5.32E-22 1.33E-16 1.81E-13 1.66E-12 3.22E-12
 4.32E-12 5.52E-12 6.21E-12 5.95E-12 5.03E-12 4.40E-12
 1.00E-74 1.14E-47 6.08E-33 5.32E-22 1.33E-16 1.80E-13 1.66E-12 3.22E-12
 4.32E-12 5.52E-12 6.21E-12 5.95E-12 5.03E-12 4.40E-12
 1.00E-74 1.29E-47 6.06E-33 5.30E-22 1.32E-16 1.80E-13 1.66E-12 3.21E-12
 4.31E-12 5.51E-12 6.20E-12 5.94E-12 5.02E-12 4.39E-12
 1.00E-74 1.23E-47 5.87E-33 5.13E-22 1.28E-16 1.75E-13 1.62E-12 3.14E-12
 4.22E-12 5.41E-12 6.10E-12 5.87E-12 4.97E-12 4.36E-12
 1.00E-74 9.86E-48 4.66E-33 4.06E-22 1.02E-16 1.41E-13 1.32E-12 2.61E-12
 3.54E-12 4.60E-12 5.30E-12 5.25E-12 4.57E-12 4.07E-12
 1.00E-74 6.32E-48 2.88E-33 2.39E-22 5.77E-17 7.73E-14 7.25E-13 1.44E-12
 1.96E-12 2.60E-12 3.09E-12 3.25E-12 3.05E-12 2.83E-12
 1.00E-74 1.02E-47 4.13E-33 2.80E-22 5.45E-17 5.54E-14 4.51E-13 8.47E-13
 1.13E-12 1.46E-12 1.70E-12 1.77E-12 1.67E-12 1.57E-12
  1300.70    7  14 /pl=01:ss= 5:pb= 1:sz= 5/type=excit/ispb = t/isel =   40
 1.00E+10 1.00E+11 1.00E+12 1.00E+13 1.00E+14 1.00E+15 1.00E+16
 6.20E-01 9.31E-01 1.55E+00 3.10E+00 6.20E+00 1.55E+01 3.10E+01 4.65E+01
 6.20E+01 9.31E+01 1.55E+02 3.10E+02 6.20E+02 9.31E+02
 1.00E-74 1.00E-74 1.19E-32 1.79E-21 5.91E-16 9.64E-13 9.57E-12 1.92E-11
 2.65E-11 3.56E-11 4.38E-11 5.01E-11 5.24E-11 5.24E-11
 1.00E-74 2.06E-47 1.19E-32 1.79E-21 5.91E-16 9.64E-13 9.57E-12 1.92E-11
 2.65E-11 3.56E-11 4.38E-11 5.01E-11 5.24E-11 5.24E-11
 1.00E-74 1.24E-47 1.19E-32 1.79E-21 5.91E-16 9.64E-13 9.58E-12 1.92E-11
 2.65E-11 3.56E-11 4.38E-11 5.01E-11 5.24E-11 5.24E-11
 1.00E-74 1.24E-47 1.20E-32 1.80E-21 5.93E-16 9.66E-13 9.59E-12 1.92E-11
 2.66E-11 3.56E-11 4.38E-11 5.01E-11 5.24E-11 5.24E-11
 1.00E-74 1.36E-47 1.28E-32 1.88E-21 6.11E-16 9.82E-13 9.69E-12 1.94E-11
 2.67E-11 3.58E-11 4.39E-11 5.02E-11 5.23E-11 5.23E-11
 1.00E-74 2.48E-47 2.10E-32 2.70E-21 7.85E-16 1.14E-12 1.07E-11 2.09E-11
 2.85E-11 3.75E-11 4.51E-11 5.05E-11 5.18E-11 5.14E-11
 1.00E-74 1.35E-46 1.01E-31 1.04E-20 2.31E-15 2.27E-12 1.73E-11 3.10E-11
 4.01E-11 4.95E-11 5.52E-11 5.57E-11 5.22E-11 4.96E-11
  1307.98    7  14 /pl=01:ss= 5:pb= 1:sz= 5/type=excit/ispb = t/isel =   41
 1.00E+10 1.00E+11 1.00E+12 1.00E+13 1.00E+14 1.00E+15 1.00E+16
 6.20E-01 9.31E-01 1.55E+00 3.10E+00 6.20E+00 1.55E+01 3.10E+01 4.65E+01
 6.20E+01 9.31E+01 1.55E+02 3.10E+02 6.20E+02 9.31E+02
 1.00E-74 2.49E-40 3.92E-28 4.75E-19 1.41E-14 5.42E-12 3.31E-11 5.62E-11
 7.08E-11 8.49E-11 9.12E-11 8.53E-11 7.17E-11 6.31E-11
 1.00E-74 2.49E-40 3.92E-28 4.75E-19 1.41E-14 5.42E-12 3.31E-11 5.62E-11
 7.08E-11 8.49E-11 9.12E-11 8.53E-11 7.17E-11 6.31E-11
 1.00E-74 2.49E-40 3.92E-28 4.75E-19 1.41E-14 5.42E-12 3.31E-11 5.62E-11
 7.08E-11 8.49E-11 9.12E-11 8.53E-11 7.17E-11 6.31E-11
 1.00E-74 2.49E-40 3.91E-28 4.73E-19 1.41E-14 5.40E-12 3.30E-11 5.61E-11
 7.07E-11 8.47E-11 9.10E-11 8.52E-11 7.17E-11 6.30E-11
 1.00E-74 2.43E-40 3.83E-28 4.63E-19 1.37E-14 5.28E-12 3.23E-11 5.50E-11
 6.93E-11 8.33E-11 8.97E-11 8.41E-11 7.10E-11 6.25E-11
 1.00E-74 2.04E-40 3.26E-28 3.92E-19 1.14E-14 4.33E-12 2.66E-11 4.55E-11
 5.78E-11 7.03E-11 7.71E-11 7.43E-11 6.43E-11 5.74E-11
 1.00E-74 1.60E-40 2.51E-28 2.82E-19 7.04E-15 2.12E-12 1.19E-11 2.00E-11
 2.54E-11 3.14E-11 3.59E-11 3.75E-11 3.55E-11 3.35E-11
  1560.12    7  14 /pl=01:ss= 5:pb= 1:sz= 5/type=excit/ispb = t/isel =   42
 1.00E+10 1.00E+11 1.00E+12 1.00E+13 1.00E+14 1.00E+15 1.00E+16
 6.20E-01 9.31E-01 1.55E+00 3.10E+00 6.20E+00 1.55E+01 3.10E+01 4.65E+01
 6.20E+01 9.31E+01 1.55E+02 3.10E+02 6.20E+02 9.31E+02
 1.00E-74 7.15E-43 1.13E-29 7.76E-20 5.57E-15 3.74E-12 2.78E-11 5.04E-11
 6.58E-11 8.23E-11 9.27E-11 9.20E-11 8.22E-11 7.45E-11
 1.00E-74 7.15E-43 1.13E-29 7.76E-20 5.57E-15 3.74E-12 2.78E-11 5.04E-11
 6.58E-11 8.23E-11 9.27E-11 9.20E-11 8.22E-11 7.45E-11
 1.00E-74 7.16E-43 1.13E-29 7.76E-20 5.57E-15 3.74E-12 2.78E-11 5.04E-11
 6.58E-11 8.23E-11 9.27E-11 9.20E-11 8.22E-11 7.45E-11
 1.00E-74 7.19E-43 1.14E-29 7.78E-20 5.58E-15 3.74E-12 2.78E-11 5.05E-11
 6.59E-11 8.24E-11 9.27E-11 9.21E-11 8.22E-11 7.46E-11
 1.00E-74 7.60E-43 1.19E-29 8.03E-20 5.71E-15 3.79E-12 2.81E-11 5.09E-11
 6.63E-11 8.29E-11 9.32E-11 9.25E-11 8.26E-11 7.49E-11
 1.00E-74 1.33E-42 1.85E-29 1.10E-19 7.16E-15 4.35E-12 3.09E-11 5.51E-11
 7.12E-11 8.81E-11 9.83E-11 9.70E-11 8.63E-11 7.82E-11
 1.00E-74 1.15E-41 1.42E-28 6.73E-19 3.18E-14 1.22E-11 6.70E-11 1.08E-10
 1.31E-10 1.51E-10 1.58E-10 1.46E-10 1.25E-10 1.11E-10
  1565.48    7  14 /pl=01:ss= 5:pb= 1:sz= 5/type=excit/ispb = t/isel =   43
 1.00E+10 1.00E+11 1.00E+12 1.00E+13 1.00E+14 1.00E+15 1.00E+16
 6.20E-01 9.31E-01 1.55E+00 3.10E+00 6.20E+00 1.55E+01 3.10E+01 4.65E+01
 6.20E+01 9.31E+01 1.55E+02 3.10E+02 6.20E+02 9.31E+02
 1.00E-74 4.11E-36 1.10E-25 6.43E-18 4.67E-14 9.55E-12 5.17E-11 8.55E-11
 1.07E-10 1.28E-10 1.39E-10 1.35E-10 1.21E-10 1.12E-10
 1.00E-74 4.11E-36 1.10E-25 6.43E-18 4.67E-14 9.55E-12 5.17E-11 8.55E-11
 1.07E-10 1.28E-10 1.39E-10 1.35E-10 1.21E-10 1.12E-10
 1.00E-74 4.12E-36 1.10E-25 6.44E-18 4.67E-14 9.55E-12 5.17E-11 8.54E-11
 1.07E-10 1.28E-10 1.39E-10 1.35E-10 1.21E-10 1.12E-10
 2.37E-49 4.15E-36 1.11E-25 6.47E-18 4.68E-14 9.55E-12 5.16E-11 8.54E-11
 1.07E-10 1.28E-10 1.39E-10 1.35E-10 1.21E-10 1.12E-10
 3.79E-49 4.54E-36 1.19E-25 6.79E-18 4.82E-14 9.61E-12 5.15E-11 8.50E-11
 1.06E-10 1.27E-10 1.38E-10 1.35E-10 1.21E-10 1.11E-10
 6.92E-49 7.73E-36 1.87E-25 9.59E-18 6.00E-14 1.04E-11 5.25E-11 8.50E-11
 1.05E-10 1.25E-10 1.36E-10 1.33E-10 1.20E-10 1.10E-10
 1.49E-48 1.73E-35 4.21E-25 2.02E-17 1.04E-13 1.23E-11 5.16E-11 7.87E-11
 9.53E-11 1.11E-10 1.21E-10 1.19E-10 1.09E-10 1.01E-10
  1620.03    7  14 /pl=01:ss= 5:pb= 1:sz= 5/type=excit/ispb = t/isel =   44
 1.00E+10 1.00E+11 1.00E+12 1.00E+13 1.00E+14 1.00E+15 1.00E+16
 6.20E-01 9.31E-01 1.55E+00 3.10E+00 6.20E+00 1.55E+01 3.10E+01 4.65E+01
 6.20E+01 9.31E+01 1.55E+02 3.10E+02 6.20E+02 9.31E+02
 1.00E-74 1.81E-46 3.26E-32 1.49E-21 2.67E-16 2.98E-13 2.58E-12 4.89E-12
 6.48E-12 8.19E-12 9.09E-12 8.65E-12 7.23E-12 6.31E-12
 1.00E-74 1.63E-46 3.26E-32 1.49E-21 2.67E-16 2.98E-13 2.58E-12 4.89E-12
 6.48E-12 8.19E-12 9.09E-12 8.65E-12 7.23E-12 6.31E-12
 1.00E-74 1.62E-46 3.26E-32 1.49E-21 2.67E-16 2.98E-13 2.58E-12 4.89E-12
 6.48E-12 8.19E-12 9.09E-12 8.65E-12 7.23E-12 6.31E-12
 1.00E-74 1.62E-46 3.27E-32 1.49E-21 2.67E-16 2.98E-13 2.58E-12 4.89E-12
 6.48E-12 8.20E-12 9.10E-12 8.66E-12 7.23E-12 6.32E-12
 1.00E-74 1.66E-46 3.31E-32 1.51E-21 2.70E-16 3.00E-13 2.60E-12 4.92E-12
 6.52E-12 8.24E-12 9.15E-12 8.71E-12 7.29E-12 6.37E-12
 1.00E-74 2.18E-46 4.09E-32 1.75E-21 3.02E-16 3.23E-13 2.73E-12 5.14E-12
 6.80E-12 8.57E-12 9.53E-12 9.14E-12 7.72E-12 6.78E-12
 1.00E-74 5.04E-46 8.73E-32 3.14E-21 4.41E-16 3.66E-13 2.77E-12 5.04E-12
 6.60E-12 8.32E-12 9.42E-12 9.39E-12 8.35E-12 7.56E-12
  2027.29    7  14 /pl=01:ss= 5:pb= 1:sz= 5/type=excit/ispb = t/isel =   45
 1.00E+10 1.00E+11 1.00E+12 1.00E+13 1.00E+14 1.00E+15 1.00E+16
 6.20E-01 9.31E-01 1.55E+00 3.10E+00 6.20E+00 1.55E+01 3.10E+01 4.65E+01
 6.20E+01 9.31E+01 1.55E+02 3.10E+02 6.20E+02 9.31E+02
 2.52E-43 4.34E-32 3.85E-23 1.72E-16 3.09E-13 2.27E-11 8.22E-11 1.17E-10
 1.37E-10 1.51E-10 1.54E-10 1.38E-10 1.14E-10 9.98E-11
 2.52E-43 4.34E-32 3.85E-23 1.72E-16 3.09E-13 2.27E-11 8.22E-11 1.17E-10
 1.37E-10 1.51E-10 1.54E-10 1.38E-10 1.14E-10 9.98E-11
 2.52E-43 4.34E-32 3.85E-23 1.72E-16 3.09E-13 2.27E-11 8.21E-11 1.17E-10
 1.37E-10 1.51E-10 1.54E-10 1.38E-10 1.14E-10 9.98E-11
 2.52E-43 4.34E-32 3.85E-23 1.72E-16 3.08E-13 2.27E-11 8.21E-11 1.17E-10
 1.37E-10 1.51E-10 1.54E-10 1.38E-10 1.14E-10 9.97E-11
 2.50E-43 4.31E-32 3.83E-23 1.71E-16 3.07E-13 2.26E-11 8.15E-11 1.16E-10
 1.36E-10 1.50E-10 1.53E-10 1.38E-10 1.14E-10 9.94E-11
 2.31E-43 4.03E-32 3.63E-23 1.64E-16 2.93E-13 2.11E-11 7.57E-11 1.08E-10
 1.26E-10 1.40E-10 1.44E-10 1.31E-10 1.09E-10 9.58E-11
 1.52E-43 2.77E-32 2.62E-23 1.24E-16 2.11E-13 1.30E-11 4.32E-11 6.11E-11
 7.17E-11 8.13E-11 8.68E-11 8.46E-11 7.60E-11 6.95E-11
  2550.43    7  14 /pl=01:ss= 5:pb= 1:sz= 5/type=excit/ispb = t/isel =   46
 1.00E+10 1.00E+11 1.00E+12 1.00E+13 1.00E+14 1.00E+15 1.00E+16
 6.20E-01 9.31E-01 1.55E+00 3.10E+00 6.20E+00 1.55E+01 3.10E+01 4.65E+01
 6.20E+01 9.31E+01 1.55E+02 3.10E+02 6.20E+02 9.31E+02
 1.00E-74 6.57E-45 3.99E-31 7.45E-21 8.63E-16 7.42E-13 5.87E-12 1.09E-11
 1.42E-11 1.77E-11 1.96E-11 1.86E-11 1.57E-11 1.39E-11
 1.00E-74 6.61E-45 3.99E-31 7.45E-21 8.63E-16 7.42E-13 5.87E-12 1.09E-11
 1.42E-11 1.77E-11 1.96E-11 1.86E-11 1.57E-11 1.39E-11
 1.00E-74 6.60E-45 3.98E-31 7.44E-21 8.62E-16 7.41E-13 5.86E-12 1.09E-11
 1.42E-11 1.77E-11 1.96E-11 1.86E-11 1.57E-11 1.39E-11
 1.00E-74 6.54E-45 3.95E-31 7.37E-21 8.54E-16 7.35E-13 5.82E-12 1.08E-11
 1.41E-11 1.76E-11 1.95E-11 1.85E-11 1.57E-11 1.38E-11
 1.00E-74 6.01E-45 3.63E-31 6.75E-21 7.83E-16 6.77E-13 5.40E-12 1.01E-11
 1.32E-11 1.66E-11 1.85E-11 1.78E-11 1.52E-11 1.35E-11
 1.00E-74 4.11E-45 2.47E-31 4.47E-21 5.06E-16 4.31E-13 3.48E-12 6.60E-12
 8.79E-12 1.13E-11 1.30E-11 1.33E-11 1.20E-11 1.10E-11
 1.00E-74 4.66E-45 2.56E-31 3.88E-21 3.55E-16 2.31E-13 1.65E-12 2.99E-12
 3.92E-12 5.00E-12 5.83E-12 6.17E-12 5.92E-12 5.64E-12
  3415.55    7  14 /pl=01:ss= 5:pb= 1:sz= 5/type=excit/ispb = t/isel =   47
 1.00E+10 1.00E+11 1.00E+12 1.00E+13 1.00E+14 1.00E+15 1.00E+16
 6.20E-01 9.31E-01 1.55E+00 3.10E+00 6.20E+00 1.55E+01 3.10E+01 4.65E+01
 6.20E+01 9.31E+01 1.55E+02 3.10E+02 6.20E+02 9.31E+02
 1.00E-74 1.00E-74 3.59E-34 1.70E-22 9.82E-17 2.23E-13 2.45E-12 5.04E-12
 7.05E-12 9.38E-12 1.10E-11 1.12E-11 9.93E-12 8.87E-12
 1.00E-74 1.00E-74 3.59E-34 1.70E-22 9.82E-17 2.23E-13 2.45E-12 5.04E-12
 7.05E-12 9.38E-12 1.10E-11 1.12E-11 9.93E-12 8.87E-12
 1.00E-74 1.00E-74 3.59E-34 1.70E-22 9.82E-17 2.23E-13 2.45E-12 5.04E-12
 7.05E-12 9.38E-12 1.10E-11 1.12E-11 9.93E-12 8.88E-12
 1.00E-74 6.43E-50 3.61E-34 1.70E-22 9.85E-17 2.24E-13 2.45E-12 5.05E-12
 7.06E-12 9.39E-12 1.11E-11 1.12E-11 9.94E-12 8.89E-12
 1.00E-74 8.36E-50 3.76E-34 1.76E-22 1.01E-16 2.27E-13 2.48E-12 5.10E-12
 7.13E-12 9.47E-12 1.12E-11 1.13E-11 1.01E-11 8.99E-12
 1.00E-74 1.50E-49 5.94E-34 2.45E-22 1.29E-16 2.66E-13 2.80E-12 5.67E-12
 7.85E-12 1.04E-11 1.22E-11 1.24E-11 1.11E-11 9.97E-12
 1.00E-74 1.27E-48 4.36E-33 1.39E-21 5.33E-16 7.20E-13 6.00E-12 1.11E-11
 1.45E-11 1.80E-11 2.00E-11 1.97E-11 1.76E-11 1.60E-11
  3423.24    7  14 /pl=01:ss= 5:pb= 1:sz= 5/type=excit/ispb = t/isel =   48
 1.00E+10 1.00E+11 1.00E+12 1.00E+13 1.00E+14 1.00E+15 1.00E+16
 6.20E-01 9.31E-01 1.55E+00 3.10E+00 6.20E+00 1.55E+01 3.10E+01 4.65E+01
 6.20E+01 9.31E+01 1.55E+02 3.10E+02 6.20E+02 9.31E+02
 1.00E-74 2.99E-43 2.28E-30 9.77E-21 6.19E-16 4.18E-13 3.20E-12 5.91E-12
 7.82E-12 1.00E-11 1.17E-11 1.25E-11 1.23E-11 1.19E-11
 1.00E-74 2.99E-43 2.28E-30 9.78E-21 6.19E-16 4.18E-13 3.20E-12 5.91E-12
 7.82E-12 1.00E-11 1.17E-11 1.25E-11 1.23E-11 1.19E-11
 1.00E-74 3.00E-43 2.28E-30 9.79E-21 6.19E-16 4.18E-13 3.20E-12 5.91E-12
 7.82E-12 1.00E-11 1.17E-11 1.25E-11 1.23E-11 1.19E-11
 1.00E-74 3.07E-43 2.32E-30 9.89E-21 6.22E-16 4.18E-13 3.19E-12 5.90E-12
 7.80E-12 1.00E-11 1.17E-11 1.25E-11 1.23E-11 1.18E-11
 1.00E-74 3.68E-43 2.69E-30 1.09E-20 6.53E-16 4.22E-13 3.17E-12 5.85E-12
 7.72E-12 9.89E-12 1.16E-11 1.24E-11 1.22E-11 1.18E-11
 1.00E-74 7.26E-43 4.86E-30 1.71E-20 8.73E-16 4.81E-13 3.39E-12 6.09E-12
 7.95E-12 1.00E-11 1.16E-11 1.22E-11 1.18E-11 1.14E-11
 1.00E-74 1.42E-42 9.39E-30 2.98E-20 1.24E-15 5.01E-13 3.04E-12 5.22E-12
 6.67E-12 8.26E-12 9.41E-12 9.76E-12 9.32E-12 8.91E-12
  4372.69    7  14 /pl=01:ss= 5:pb= 1:sz= 5/type=excit/ispb = t/isel =   49
 1.00E+10 1.00E+11 1.00E+12 1.00E+13 1.00E+14 1.00E+15 1.00E+16
 6.20E-01 9.31E-01 1.55E+00 3.10E+00 6.20E+00 1.55E+01 3.10E+01 4.65E+01
 6.20E+01 9.31E+01 1.55E+02 3.10E+02 6.20E+02 9.31E+02
 1.00E-74 1.00E-74 6.29E-33 5.50E-22 1.37E-16 1.87E-13 1.72E-12 3.33E-12
 4.47E-12 5.71E-12 6.42E-12 6.15E-12 5.19E-12 4.54E-12
 1.00E-74 1.18E-47 6.29E-33 5.50E-22 1.37E-16 1.86E-13 1.72E-12 3.33E-12
 4.47E-12 5.71E-12 6.42E-12 6.15E-12 5.19E-12 4.54E-12
 1.00E-74 1.33E-47 6.26E-33 5.48E-22 1.37E-16 1.86E-13 1.71E-12 3.32E-12
 4.46E-12 5.69E-12 6.41E-12 6.14E-12 5.19E-12 4.54E-12
 1.00E-74 1.28E-47 6.07E-33 5.31E-22 1.33E-16 1.81E-13 1.67E-12 3.24E-12
 4.36E-12 5.58E-12 6.30E-12 6.06E-12 5.14E-12 4.50E-12
 1.00E-74 1.02E-47 4.82E-33 4.20E-22 1.05E-16 1.45E-13 1.37E-12 2.69E-12
 3.65E-12 4.75E-12 5.47E-12 5.42E-12 4.73E-12 4.20E-12
 1.00E-74 6.53E-48 2.98E-33 2.47E-22 5.96E-17 7.98E-14 7.49E-13 1.48E-12
 2.03E-12 2.69E-12 3.20E-12 3.36E-12 3.15E-12 2.93E-12
 1.00E-74 1.05E-47 4.27E-33 2.89E-22 5.63E-17 5.73E-14 4.66E-13 8.75E-13
 1.17E-12 1.51E-12 1.76E-12 1.83E-12 1.73E-12 1.63E-12
  4572.35    7  14 /pl=01:ss= 5:pb= 1:sz= 5/type=excit/ispb = t/isel =   50
 1.00E+10 1.00E+11 1.00E+12 1.00E+13 1.00E+14 1.00E+15 1.00E+16
 6.20E-01 9.31E-01 1.55E+00 3.10E+00 6.20E+00 1.55E+01 3.10E+01 4.65E+01
 6.20E+01 9.31E+01 1.55E+02 3.10E+02 6.20E+02 9.31E+02
 1.00E-74 2.44E-41 3.84E-29 4.65E-20 1.38E-15 5.31E-13 3.24E-12 5.51E-12
 6.93E-12 8.31E-12 8.93E-12 8.35E-12 7.03E-12 6.18E-12
 1.00E-74 2.44E-41 3.84E-29 4.65E-20 1.38E-15 5.31E-13 3.24E-12 5.51E-12
 6.93E-12 8.31E-12 8.93E-12 8.35E-12 7.03E-12 6.18E-12
 1.00E-74 2.44E-41 3.84E-29 4.65E-20 1.38E-15 5.30E-13 3.24E-12 5.50E-12
 6.93E-12 8.31E-12 8.93E-12 8.35E-12 7.03E-12 6.18E-12
 1.00E-74 2.43E-41 3.83E-29 4.64E-20 1.38E-15 5.29E-13 3.24E-12 5.49E-12
 6.92E-12 8.30E-12 8.92E-12 8.34E-12 7.02E-12 6.17E-12
 1.00E-74 2.38E-41 3.75E-29 4.54E-20 1.35E-15 5.17E-13 3.17E-12 5.38E-12
 6.79E-12 8.16E-12 8.78E-12 8.24E-12 6.95E-12 6.12E-12
 1.00E-74 2.00E-41 3.19E-29 3.84E-20 1.12E-15 4.24E-13 2.60E-12 4.46E-12
 5.66E-12 6.88E-12 7.55E-12 7.27E-12 6.29E-12 5.62E-12
 1.00E-74 1.56E-41 2.46E-29 2.76E-20 6.90E-16 2.08E-13 1.16E-12 1.95E-12
 2.49E-12 3.08E-12 3.52E-12 3.67E-12 3.48E-12 3.28E-12
c-------------------------------------------------------------------------------
 
C  root partition information
C  ==========================
C
C  nuclear charge : 18
C  ion charge+1   :  6
C
C  population calculation information
C  ----------------------------------
C
C  population processing code: adas810
C
C  adf04 source file    : adf04_copmm#18_ca_40#ar5_t3.dat
C  adf18/a17_p208 file  : NULL
C
C  meta. ion. coeff. selector  : 
 
C  options  : lnorm =T  lpsel =F  lzsel =T  liosel=F
C           : lhsel =F  lrsel =F  lisel =F  lnsel =F
 
C  energy levels
C  -------------
C
C   lv      configuration    (2S+1)L(w-1/2)      energy (cm^-1)
C  ---   ------------------- --------------      --------------
c    1   24515                  (0)0(  2.5)             0.0
c    2   14525                  (0)0( 14.5)        129018.1
c    3   24516                  (0)0(  4.5)        207107.1
c    4   14515516               (0)0( 59.5)        323494.5
c    5   24517                  (0)0(  0.5)        342105.9
c    6   24518                  (0)0(  2.5)        391432.8
c    7   24519                  (0)0(  4.5)        455310.9
c    8   2451A                  (0)0(  6.5)        480100.5
c    9   2451B                  (0)0(  0.5)        509894.2
c   10   14515518               (0)0( 35.5)        511035.4
c   11   2451C                  (0)0(  2.5)        531764.8
c   12   2451D                  (0)0(  4.5)        560976.9
c   13   2451E                  (0)0(  6.5)        572894.3
c   14   14515519               (0)0( 59.5)        575133.0
c   15   2451G                  (0)0(  0.5)        588553.8
c   16   2451H                  (0)0(  2.5)        600186.0
c   17   2451I                  (0)0(  4.5)        616054.0
c   18   2451J                  (0)0(  6.5)        622704.1
c   19   2451M                  (0)0(  0.5)        631998.8
c   20   2451N                  (0)0(  2.5)        638923.2
c   21   2451O                  (0)0(  4.5)        648514.3
c   22   1451551C               (0)0( 35.5)        652014.9
c   23   2451P                  (0)0(  6.5)        652618.5
c   24   2451T                  (0)0(  0.5)        658566.2
c   25   2451U                  (0)0(  2.5)        663021.6
c   26   2451V                  (0)0(  4.5)        669265.6
c   27   2451W                  (0)0(  6.5)        671965.1
c   28   1451551D               (0)0( 59.5)        681292.8
 
 
 
c-------------------------------------------------------------------------------
 
C  superstage partition information
C  ================================
C
C  element symbol   : Ar
C  parent template  : 
C  partition level  :  1
C  superstage label :  5
C
C  tabulation       : photon emissivity coefft (te,ne)
C  units            : ph. emis coef(cm^3 s^-1); te (ev); ne (cm^-3)
C
C  photon emissivity atomic transitions
C  ------------------------------------
C  
C   isel  wvlen(A)            transition                type  ispb nspb
C                                                             ispp nspp sz    tg pr wr
C  ----- ---------- ----------------------------------- ----- ---- ---- --    -- -- --
C      1   149.418   26(0)0(  4.5)-  1(0)0(  2.5)       excit   1    1   5    20 40  1
C      2   153.371   22(0)0( 35.5)-  1(0)0(  2.5)       excit   1    1   5    26 24  2
C      3   154.199   21(0)0(  4.5)-  1(0)0(  2.5)       excit   1    1   5    16 34  3
C      4   158.228   19(0)0(  0.5)-  1(0)0(  2.5)       excit   1    1   5    14 49  4
C      5   162.323   17(0)0(  4.5)-  1(0)0(  2.5)       excit   1    1   5    12 26  5
C      6   169.908   15(0)0(  0.5)-  1(0)0(  2.5)       excit   1    1   5    10 35  6
C      7   178.260   12(0)0(  4.5)-  1(0)0(  2.5)       excit   1    1   5     8 17  7
C      8   181.069   28(0)0( 59.5)-  2(0)0( 14.5)       excit   1    1   5   217 19  8
C      9   195.681   10(0)0( 35.5)-  1(0)0(  2.5)       excit   1    1   5    24  9  9
C     10   196.119    9(0)0(  0.5)-  1(0)0(  2.5)       excit   1    1   5     6 20 10
C     11   215.119   27(0)0(  6.5)-  3(0)0(  4.5)       excit   1    1   5    47 29 11
C     12   219.630    7(0)0(  4.5)-  1(0)0(  2.5)       excit   1    1   5     4  8 12
C     13   224.157   14(0)0( 59.5)-  2(0)0( 14.5)       excit   1    1   5   215 11 13
C     14   224.461   23(0)0(  6.5)-  3(0)0(  4.5)       excit   1    1   5    43 25 14
C     15   231.580   20(0)0(  2.5)-  3(0)0(  4.5)       excit   1    1   5    41 41 15
C     16   240.618   18(0)0(  6.5)-  3(0)0(  4.5)       excit   1    1   5    39 16 16
C     17   254.402   16(0)0(  2.5)-  3(0)0(  4.5)       excit   1    1   5    37 31 17
C     18   273.383   13(0)0(  6.5)-  3(0)0(  4.5)       excit   1    1   5    35 10 18
C     19   292.307    5(0)0(  0.5)-  1(0)0(  2.5)       excit   1    1   5     2  6 19
C     20   304.395   22(0)0( 35.5)-  4(0)0( 59.5)       excit   1    1   5   220 23 20
C     21   308.017   11(0)0(  2.5)-  3(0)0(  4.5)       excit   1    1   5    33 18 21
C     22   366.309    8(0)0(  6.5)-  3(0)0(  4.5)       excit   1    1   5    31  5 22
C     23   387.477   16(0)0(  2.5)-  5(0)0(  0.5)       excit   1    1   5    54 39 23
C     24   461.565   27(0)0(  6.5)-  7(0)0(  4.5)       excit   1    1   5    96 44 24
C     25   482.842    3(0)0(  4.5)-  1(0)0(  2.5)       excit   1    1   5     1  2 25
C     26   506.823   23(0)0(  6.5)-  7(0)0(  4.5)       excit   1    1   5    92 36 26
C     27   507.303   15(0)0(  0.5)-  6(0)0(  2.5)       excit   1    1   5    68 47 27
C     28   514.201    4(0)0( 59.5)-  2(0)0( 14.5)       excit   1    1   5   213  3 28
C     29   527.262   11(0)0(  2.5)-  5(0)0(  0.5)       excit   1    1   5    51 30 29
C     30   533.217   10(0)0( 35.5)-  4(0)0( 59.5)       excit   1    1   5   218  7 30
C     31   542.518    6(0)0(  2.5)-  3(0)0(  4.5)       excit   1    1   5    29  4 31
C     32   544.626   20(0)0(  2.5)-  7(0)0(  4.5)       excit   1    1   5    90 46 32
C     33   597.396   18(0)0(  6.5)-  7(0)0(  4.5)       excit   1    1   5    88 28 33
C     34   690.250   16(0)0(  2.5)-  7(0)0(  4.5)       excit   1    1   5    86 33 34
C     35   775.085    2(0)0( 14.5)-  1(0)0(  2.5)       excit   1    1   5    22  1 35
C     36   844.157    9(0)0(  0.5)-  6(0)0(  2.5)       excit   1    1   5    64 27 36
C     37   850.460   13(0)0(  6.5)-  7(0)0(  4.5)       excit   1    1   5    84 21 37
C     38   1236.45   12(0)0(  4.5)-  8(0)0(  6.5)       excit   1    1   5    98 45 38
C     39   1282.93   20(0)0(  2.5)- 12(0)0(  4.5)       excit   1    1   5   140 50 39
C     40   1300.70   22(0)0( 35.5)- 14(0)0( 59.5)       excit   1    1   5   225 22 40
C     41   1307.98   11(0)0(  2.5)-  7(0)0(  4.5)       excit   1    1   5    82 15 41
C     42   1560.12   14(0)0( 59.5)- 10(0)0( 35.5)       excit   1    1   5   222 14 42
C     43   1565.48    7(0)0(  4.5)-  6(0)0(  2.5)       excit   1    1   5    62 13 43
C     44   1620.03   18(0)0(  6.5)- 12(0)0(  4.5)       excit   1    1   5   138 42 44
C     45   2027.29    6(0)0(  2.5)-  5(0)0(  0.5)       excit   1    1   5    48 12 45
C     46   2550.43   16(0)0(  2.5)- 12(0)0(  4.5)       excit   1    1   5   136 32 46
C     47   3415.55   28(0)0( 59.5)- 22(0)0( 35.5)       excit   1    1   5   227 38 47
C     48   3423.24   12(0)0(  4.5)- 11(0)0(  2.5)       excit   1    1   5   120 37 48
C     49   4372.69   20(0)0(  2.5)- 17(0)0(  4.5)       excit   1    1   5   176 48 49
C     50   4572.35   11(0)0(  2.5)-  9(0)0(  0.5)       excit   1    1   5   109 43 50
c-------------------------------------------------------------------------------
                                                                                
C  code     : adas810
C  producer : Adam Foster
C  date     : 13/05/09
                                                                                
c-------------------------------------------------------------------------------
