   50    /AR: 9 photon emissivity coefficients/
--------------------------------------------------------------------------------
    1    1    1    1    1    1    1    1    1    1    1    1    1    1
    1    1    1    1    1
--------------------------------------------------------------------------------
//#01/p00/ 00/p01/ 01/p02/ 02/p03/ 03/p04/ 04/p05/ 05/p06/ 06/p07/ 07/p08/ 08/  
      p09/ 09/p10/ 10/p11/ 11/p12/ 12/p13/ 13/p14/ 14/p15/ 15/p16/ 16/p17/ 17/  
      p18/ 18/                                                                  
--------------------------------------------------------------------------------
  28.0411    7  14 /pl=01:ss= 9:pb= 1:sz= 9/type=excit/ispb = t/isel =    1
 1.00E+10 1.00E+11 1.00E+12 1.00E+13 1.00E+14 1.00E+15 1.00E+16
 1.72E+00 2.59E+00 4.31E+00 8.62E+00 1.72E+01 4.31E+01 8.62E+01 1.29E+02
 1.72E+02 2.59E+02 4.31E+02 8.62E+02 1.72E+03 2.59E+03
 1.00E-74 1.00E-74 1.00E-74 8.87E-33 8.75E-22 2.72E-15 3.33E-13 1.53E-12
 3.18E-12 6.32E-12 1.03E-11 1.39E-11 1.51E-11 1.50E-11
 1.00E-74 1.00E-74 1.00E-74 8.87E-33 8.75E-22 2.72E-15 3.33E-13 1.53E-12
 3.18E-12 6.32E-12 1.03E-11 1.39E-11 1.51E-11 1.50E-11
 1.00E-74 1.00E-74 1.00E-74 8.87E-33 8.75E-22 2.72E-15 3.33E-13 1.53E-12
 3.18E-12 6.32E-12 1.03E-11 1.39E-11 1.51E-11 1.50E-11
 1.00E-74 1.00E-74 1.00E-74 8.87E-33 8.75E-22 2.72E-15 3.33E-13 1.53E-12
 3.18E-12 6.32E-12 1.03E-11 1.39E-11 1.51E-11 1.50E-11
 1.00E-74 1.00E-74 1.00E-74 8.87E-33 8.75E-22 2.72E-15 3.33E-13 1.53E-12
 3.18E-12 6.32E-12 1.03E-11 1.39E-11 1.51E-11 1.50E-11
 1.00E-74 1.00E-74 1.00E-74 8.91E-33 8.78E-22 2.73E-15 3.34E-13 1.54E-12
 3.18E-12 6.33E-12 1.04E-11 1.39E-11 1.51E-11 1.50E-11
 1.00E-74 1.00E-74 1.00E-74 8.99E-33 8.86E-22 2.75E-15 3.36E-13 1.55E-12
 3.21E-12 6.37E-12 1.04E-11 1.40E-11 1.51E-11 1.50E-11
  28.7621    7  14 /pl=01:ss= 9:pb= 1:sz= 9/type=excit/ispb = t/isel =    2
 1.00E+10 1.00E+11 1.00E+12 1.00E+13 1.00E+14 1.00E+15 1.00E+16
 1.72E+00 2.59E+00 4.31E+00 8.62E+00 1.72E+01 4.31E+01 8.62E+01 1.29E+02
 1.72E+02 2.59E+02 4.31E+02 8.62E+02 1.72E+03 2.59E+03
 1.00E-74 1.00E-74 1.00E-74 2.56E-32 1.33E-21 2.84E-15 3.07E-13 1.36E-12
 2.76E-12 5.38E-12 8.68E-12 1.15E-11 1.25E-11 1.24E-11
 1.00E-74 1.00E-74 1.00E-74 2.56E-32 1.33E-21 2.84E-15 3.07E-13 1.36E-12
 2.76E-12 5.38E-12 8.68E-12 1.15E-11 1.25E-11 1.24E-11
 1.00E-74 1.00E-74 1.00E-74 2.56E-32 1.33E-21 2.84E-15 3.07E-13 1.36E-12
 2.76E-12 5.38E-12 8.68E-12 1.15E-11 1.25E-11 1.24E-11
 1.00E-74 1.00E-74 1.00E-74 2.56E-32 1.33E-21 2.84E-15 3.07E-13 1.36E-12
 2.76E-12 5.38E-12 8.68E-12 1.15E-11 1.25E-11 1.24E-11
 1.00E-74 1.00E-74 1.00E-74 2.56E-32 1.33E-21 2.84E-15 3.07E-13 1.36E-12
 2.76E-12 5.38E-12 8.68E-12 1.15E-11 1.25E-11 1.24E-11
 1.00E-74 1.00E-74 1.00E-74 2.56E-32 1.34E-21 2.84E-15 3.07E-13 1.36E-12
 2.76E-12 5.39E-12 8.68E-12 1.15E-11 1.25E-11 1.24E-11
 1.00E-74 1.00E-74 1.00E-74 2.59E-32 1.34E-21 2.85E-15 3.08E-13 1.36E-12
 2.76E-12 5.39E-12 8.69E-12 1.15E-11 1.25E-11 1.24E-11
  28.7654    7  14 /pl=01:ss= 9:pb= 1:sz= 9/type=excit/ispb = t/isel =    3
 1.00E+10 1.00E+11 1.00E+12 1.00E+13 1.00E+14 1.00E+15 1.00E+16
 1.72E+00 2.59E+00 4.31E+00 8.62E+00 1.72E+01 4.31E+01 8.62E+01 1.29E+02
 1.72E+02 2.59E+02 4.31E+02 8.62E+02 1.72E+03 2.59E+03
 1.00E-74 1.00E-74 1.00E-74 3.56E-32 1.84E-21 3.89E-15 4.17E-13 1.84E-12
 3.73E-12 7.25E-12 1.17E-11 1.56E-11 1.68E-11 1.68E-11
 1.00E-74 1.00E-74 1.00E-74 3.56E-32 1.84E-21 3.89E-15 4.17E-13 1.84E-12
 3.73E-12 7.25E-12 1.17E-11 1.56E-11 1.68E-11 1.68E-11
 1.00E-74 1.00E-74 1.00E-74 3.56E-32 1.84E-21 3.89E-15 4.17E-13 1.84E-12
 3.73E-12 7.25E-12 1.17E-11 1.56E-11 1.68E-11 1.68E-11
 1.00E-74 1.00E-74 1.00E-74 3.56E-32 1.84E-21 3.89E-15 4.17E-13 1.84E-12
 3.73E-12 7.26E-12 1.17E-11 1.56E-11 1.68E-11 1.68E-11
 1.00E-74 1.00E-74 1.00E-74 3.56E-32 1.84E-21 3.89E-15 4.17E-13 1.84E-12
 3.73E-12 7.26E-12 1.17E-11 1.56E-11 1.68E-11 1.68E-11
 1.00E-74 1.00E-74 1.00E-74 3.56E-32 1.84E-21 3.89E-15 4.17E-13 1.84E-12
 3.73E-12 7.26E-12 1.17E-11 1.56E-11 1.68E-11 1.68E-11
 1.00E-74 1.00E-74 1.00E-74 3.61E-32 1.86E-21 3.92E-15 4.20E-13 1.85E-12
 3.75E-12 7.29E-12 1.17E-11 1.56E-11 1.68E-11 1.68E-11
  29.1452    7  14 /pl=01:ss= 9:pb= 1:sz= 9/type=excit/ispb = t/isel =    4
 1.00E+10 1.00E+11 1.00E+12 1.00E+13 1.00E+14 1.00E+15 1.00E+16
 1.72E+00 2.59E+00 4.31E+00 8.62E+00 1.72E+01 4.31E+01 8.62E+01 1.29E+02
 1.72E+02 2.59E+02 4.31E+02 8.62E+02 1.72E+03 2.59E+03
 1.00E-74 1.00E-74 1.00E-74 4.90E-32 1.84E-21 3.21E-15 3.24E-13 1.40E-12
 2.81E-12 5.42E-12 8.65E-12 1.14E-11 1.23E-11 1.22E-11
 1.00E-74 1.00E-74 1.00E-74 4.90E-32 1.84E-21 3.21E-15 3.24E-13 1.40E-12
 2.81E-12 5.42E-12 8.65E-12 1.14E-11 1.23E-11 1.22E-11
 1.00E-74 1.00E-74 1.00E-74 4.90E-32 1.84E-21 3.21E-15 3.24E-13 1.40E-12
 2.81E-12 5.42E-12 8.65E-12 1.14E-11 1.23E-11 1.22E-11
 1.00E-74 1.00E-74 1.00E-74 4.90E-32 1.84E-21 3.21E-15 3.24E-13 1.40E-12
 2.81E-12 5.42E-12 8.65E-12 1.14E-11 1.23E-11 1.22E-11
 1.00E-74 1.00E-74 1.00E-74 4.90E-32 1.84E-21 3.21E-15 3.24E-13 1.40E-12
 2.81E-12 5.42E-12 8.65E-12 1.14E-11 1.23E-11 1.22E-11
 1.00E-74 1.00E-74 1.00E-74 4.91E-32 1.84E-21 3.21E-15 3.24E-13 1.40E-12
 2.81E-12 5.42E-12 8.65E-12 1.14E-11 1.23E-11 1.22E-11
 1.00E-74 1.00E-74 1.00E-74 4.93E-32 1.84E-21 3.22E-15 3.24E-13 1.40E-12
 2.81E-12 5.42E-12 8.64E-12 1.14E-11 1.23E-11 1.22E-11
  29.2313    7  14 /pl=01:ss= 9:pb= 1:sz= 9/type=excit/ispb = t/isel =    5
 1.00E+10 1.00E+11 1.00E+12 1.00E+13 1.00E+14 1.00E+15 1.00E+16
 1.72E+00 2.59E+00 4.31E+00 8.62E+00 1.72E+01 4.31E+01 8.62E+01 1.29E+02
 1.72E+02 2.59E+02 4.31E+02 8.62E+02 1.72E+03 2.59E+03
 1.00E-74 1.00E-74 1.00E-74 9.04E-32 3.16E-21 5.30E-15 5.29E-13 2.27E-12
 4.56E-12 8.76E-12 1.40E-11 1.84E-11 1.98E-11 1.96E-11
 1.00E-74 1.00E-74 1.00E-74 9.04E-32 3.16E-21 5.30E-15 5.29E-13 2.27E-12
 4.56E-12 8.76E-12 1.40E-11 1.84E-11 1.98E-11 1.96E-11
 1.00E-74 1.00E-74 1.00E-74 9.04E-32 3.16E-21 5.30E-15 5.29E-13 2.27E-12
 4.56E-12 8.76E-12 1.40E-11 1.84E-11 1.98E-11 1.96E-11
 1.00E-74 1.00E-74 1.00E-74 9.04E-32 3.16E-21 5.30E-15 5.29E-13 2.27E-12
 4.56E-12 8.76E-12 1.40E-11 1.84E-11 1.98E-11 1.96E-11
 1.00E-74 1.00E-74 1.00E-74 9.04E-32 3.16E-21 5.30E-15 5.29E-13 2.27E-12
 4.56E-12 8.76E-12 1.40E-11 1.84E-11 1.98E-11 1.96E-11
 1.00E-74 1.00E-74 1.00E-74 9.05E-32 3.16E-21 5.30E-15 5.29E-13 2.27E-12
 4.56E-12 8.76E-12 1.40E-11 1.84E-11 1.98E-11 1.96E-11
 1.00E-74 1.00E-74 1.00E-74 9.13E-32 3.18E-21 5.32E-15 5.30E-13 2.28E-12
 4.57E-12 8.76E-12 1.40E-11 1.84E-11 1.97E-11 1.96E-11
  30.3980    7  14 /pl=01:ss= 9:pb= 1:sz= 9/type=excit/ispb = t/isel =    6
 1.00E+10 1.00E+11 1.00E+12 1.00E+13 1.00E+14 1.00E+15 1.00E+16
 1.72E+00 2.59E+00 4.31E+00 8.62E+00 1.72E+01 4.31E+01 8.62E+01 1.29E+02
 1.72E+02 2.59E+02 4.31E+02 8.62E+02 1.72E+03 2.59E+03
 1.00E-74 1.00E-74 1.00E-74 3.85E-31 5.20E-21 4.96E-15 4.09E-13 1.66E-12
 3.22E-12 6.04E-12 9.45E-12 1.24E-11 1.33E-11 1.33E-11
 1.00E-74 1.00E-74 1.00E-74 3.85E-31 5.20E-21 4.96E-15 4.09E-13 1.66E-12
 3.22E-12 6.04E-12 9.45E-12 1.24E-11 1.33E-11 1.33E-11
 1.00E-74 1.00E-74 1.00E-74 3.85E-31 5.20E-21 4.96E-15 4.09E-13 1.66E-12
 3.22E-12 6.04E-12 9.45E-12 1.24E-11 1.33E-11 1.33E-11
 1.00E-74 1.00E-74 1.00E-74 3.85E-31 5.20E-21 4.96E-15 4.09E-13 1.66E-12
 3.22E-12 6.04E-12 9.45E-12 1.24E-11 1.33E-11 1.33E-11
 1.00E-74 1.00E-74 1.00E-74 3.85E-31 5.20E-21 4.96E-15 4.09E-13 1.66E-12
 3.23E-12 6.04E-12 9.45E-12 1.24E-11 1.33E-11 1.33E-11
 1.00E-74 1.00E-74 1.00E-74 3.86E-31 5.21E-21 4.96E-15 4.10E-13 1.66E-12
 3.23E-12 6.05E-12 9.46E-12 1.24E-11 1.33E-11 1.33E-11
 1.00E-74 1.00E-74 1.00E-74 3.93E-31 5.28E-21 5.03E-15 4.15E-13 1.68E-12
 3.27E-12 6.11E-12 9.54E-12 1.25E-11 1.34E-11 1.34E-11
  31.0685    7  14 /pl=01:ss= 9:pb= 1:sz= 9/type=excit/ispb = t/isel =    7
 1.00E+10 1.00E+11 1.00E+12 1.00E+13 1.00E+14 1.00E+15 1.00E+16
 1.72E+00 2.59E+00 4.31E+00 8.62E+00 1.72E+01 4.31E+01 8.62E+01 1.29E+02
 1.72E+02 2.59E+02 4.31E+02 8.62E+02 1.72E+03 2.59E+03
 1.00E-74 1.00E-74 1.00E-74 3.54E-30 2.89E-20 2.02E-14 1.51E-12 5.88E-12
 1.12E-11 2.07E-11 3.19E-11 4.14E-11 4.43E-11 4.42E-11
 1.00E-74 1.00E-74 1.00E-74 3.54E-30 2.89E-20 2.02E-14 1.51E-12 5.88E-12
 1.12E-11 2.07E-11 3.19E-11 4.14E-11 4.43E-11 4.42E-11
 1.00E-74 1.00E-74 1.00E-74 3.54E-30 2.89E-20 2.02E-14 1.51E-12 5.88E-12
 1.12E-11 2.07E-11 3.19E-11 4.14E-11 4.43E-11 4.42E-11
 1.00E-74 1.00E-74 1.00E-74 3.54E-30 2.89E-20 2.02E-14 1.51E-12 5.88E-12
 1.12E-11 2.07E-11 3.19E-11 4.14E-11 4.43E-11 4.42E-11
 1.00E-74 1.00E-74 1.00E-74 3.54E-30 2.89E-20 2.02E-14 1.51E-12 5.88E-12
 1.12E-11 2.07E-11 3.19E-11 4.14E-11 4.43E-11 4.42E-11
 1.00E-74 1.00E-74 1.00E-74 3.54E-30 2.89E-20 2.02E-14 1.51E-12 5.88E-12
 1.12E-11 2.07E-11 3.19E-11 4.14E-11 4.43E-11 4.42E-11
 1.00E-74 1.00E-74 7.31E-50 3.57E-30 2.90E-20 2.03E-14 1.51E-12 5.89E-12
 1.12E-11 2.07E-11 3.19E-11 4.14E-11 4.43E-11 4.42E-11
  31.0753    7  14 /pl=01:ss= 9:pb= 1:sz= 9/type=excit/ispb = t/isel =    8
 1.00E+10 1.00E+11 1.00E+12 1.00E+13 1.00E+14 1.00E+15 1.00E+16
 1.72E+00 2.59E+00 4.31E+00 8.62E+00 1.72E+01 4.31E+01 8.62E+01 1.29E+02
 1.72E+02 2.59E+02 4.31E+02 8.62E+02 1.72E+03 2.59E+03
 1.00E-74 1.00E-74 1.00E-74 3.83E-30 3.07E-20 2.14E-14 1.59E-12 6.20E-12
 1.19E-11 2.18E-11 3.38E-11 4.37E-11 4.69E-11 4.65E-11
 1.00E-74 1.00E-74 1.00E-74 3.83E-30 3.07E-20 2.14E-14 1.59E-12 6.20E-12
 1.19E-11 2.18E-11 3.38E-11 4.37E-11 4.69E-11 4.65E-11
 1.00E-74 1.00E-74 1.00E-74 3.83E-30 3.07E-20 2.14E-14 1.59E-12 6.20E-12
 1.19E-11 2.18E-11 3.38E-11 4.37E-11 4.69E-11 4.65E-11
 1.00E-74 1.00E-74 1.00E-74 3.83E-30 3.07E-20 2.14E-14 1.59E-12 6.20E-12
 1.19E-11 2.18E-11 3.38E-11 4.37E-11 4.69E-11 4.65E-11
 1.00E-74 1.00E-74 1.00E-74 3.83E-30 3.07E-20 2.14E-14 1.59E-12 6.20E-12
 1.19E-11 2.18E-11 3.38E-11 4.37E-11 4.69E-11 4.65E-11
 1.00E-74 1.00E-74 1.00E-74 3.83E-30 3.08E-20 2.14E-14 1.59E-12 6.20E-12
 1.19E-11 2.18E-11 3.38E-11 4.37E-11 4.69E-11 4.65E-11
 1.00E-74 1.00E-74 1.00E-74 3.85E-30 3.09E-20 2.14E-14 1.59E-12 6.21E-12
 1.19E-11 2.18E-11 3.38E-11 4.37E-11 4.69E-11 4.65E-11
  31.0917    7  14 /pl=01:ss= 9:pb= 1:sz= 9/type=excit/ispb = t/isel =    9
 1.00E+10 1.00E+11 1.00E+12 1.00E+13 1.00E+14 1.00E+15 1.00E+16
 1.72E+00 2.59E+00 4.31E+00 8.62E+00 1.72E+01 4.31E+01 8.62E+01 1.29E+02
 1.72E+02 2.59E+02 4.31E+02 8.62E+02 1.72E+03 2.59E+03
 1.00E-74 1.00E-74 1.00E-74 1.35E-30 1.07E-20 7.42E-15 5.51E-13 2.15E-12
 4.10E-12 7.53E-12 1.16E-11 1.49E-11 1.59E-11 1.58E-11
 1.00E-74 1.00E-74 1.00E-74 1.35E-30 1.07E-20 7.42E-15 5.51E-13 2.15E-12
 4.10E-12 7.53E-12 1.16E-11 1.49E-11 1.59E-11 1.58E-11
 1.00E-74 1.00E-74 1.00E-74 1.35E-30 1.07E-20 7.42E-15 5.51E-13 2.15E-12
 4.10E-12 7.53E-12 1.16E-11 1.49E-11 1.59E-11 1.58E-11
 1.00E-74 1.00E-74 1.00E-74 1.35E-30 1.07E-20 7.42E-15 5.51E-13 2.15E-12
 4.10E-12 7.53E-12 1.16E-11 1.49E-11 1.59E-11 1.58E-11
 1.00E-74 1.00E-74 1.00E-74 1.35E-30 1.07E-20 7.42E-15 5.51E-13 2.15E-12
 4.10E-12 7.53E-12 1.16E-11 1.49E-11 1.59E-11 1.58E-11
 1.00E-74 1.00E-74 1.00E-74 1.35E-30 1.07E-20 7.42E-15 5.51E-13 2.15E-12
 4.10E-12 7.53E-12 1.16E-11 1.49E-11 1.59E-11 1.58E-11
 1.00E-74 1.00E-74 1.00E-74 1.36E-30 1.08E-20 7.45E-15 5.53E-13 2.15E-12
 4.11E-12 7.54E-12 1.16E-11 1.49E-11 1.59E-11 1.58E-11
  31.4852    7  14 /pl=01:ss= 9:pb= 1:sz= 9/type=excit/ispb = t/isel =   10
 1.00E+10 1.00E+11 1.00E+12 1.00E+13 1.00E+14 1.00E+15 1.00E+16
 1.72E+00 2.59E+00 4.31E+00 8.62E+00 1.72E+01 4.31E+01 8.62E+01 1.29E+02
 1.72E+02 2.59E+02 4.31E+02 8.62E+02 1.72E+03 2.59E+03
 1.00E-74 1.00E-74 1.00E-74 3.39E-30 2.02E-20 1.18E-14 8.26E-13 3.16E-12
 5.99E-12 1.09E-11 1.67E-11 2.16E-11 2.31E-11 2.29E-11
 1.00E-74 1.00E-74 1.00E-74 3.39E-30 2.02E-20 1.18E-14 8.26E-13 3.16E-12
 5.99E-12 1.09E-11 1.67E-11 2.16E-11 2.31E-11 2.29E-11
 1.00E-74 1.00E-74 1.00E-74 3.39E-30 2.02E-20 1.18E-14 8.26E-13 3.16E-12
 5.99E-12 1.09E-11 1.67E-11 2.16E-11 2.31E-11 2.29E-11
 1.00E-74 1.00E-74 1.00E-74 3.39E-30 2.02E-20 1.18E-14 8.26E-13 3.16E-12
 5.99E-12 1.09E-11 1.67E-11 2.16E-11 2.31E-11 2.29E-11
 1.00E-74 1.00E-74 1.00E-74 3.39E-30 2.02E-20 1.18E-14 8.26E-13 3.16E-12
 5.99E-12 1.09E-11 1.67E-11 2.16E-11 2.31E-11 2.29E-11
 1.00E-74 1.00E-74 1.00E-74 3.39E-30 2.02E-20 1.18E-14 8.26E-13 3.16E-12
 5.99E-12 1.09E-11 1.67E-11 2.16E-11 2.31E-11 2.29E-11
 1.00E-74 1.00E-74 6.15E-50 3.41E-30 2.03E-20 1.18E-14 8.27E-13 3.17E-12
 6.00E-12 1.09E-11 1.67E-11 2.16E-11 2.31E-11 2.29E-11
  31.4922    7  14 /pl=01:ss= 9:pb= 1:sz= 9/type=excit/ispb = t/isel =   11
 1.00E+10 1.00E+11 1.00E+12 1.00E+13 1.00E+14 1.00E+15 1.00E+16
 1.72E+00 2.59E+00 4.31E+00 8.62E+00 1.72E+01 4.31E+01 8.62E+01 1.29E+02
 1.72E+02 2.59E+02 4.31E+02 8.62E+02 1.72E+03 2.59E+03
 1.00E-74 1.00E-74 1.00E-74 7.15E-30 4.22E-20 2.43E-14 1.69E-12 6.50E-12
 1.23E-11 2.23E-11 3.41E-11 4.42E-11 4.74E-11 4.71E-11
 1.00E-74 1.00E-74 1.00E-74 7.15E-30 4.22E-20 2.43E-14 1.69E-12 6.50E-12
 1.23E-11 2.23E-11 3.41E-11 4.42E-11 4.74E-11 4.71E-11
 1.00E-74 1.00E-74 1.00E-74 7.15E-30 4.22E-20 2.43E-14 1.69E-12 6.50E-12
 1.23E-11 2.23E-11 3.41E-11 4.42E-11 4.74E-11 4.71E-11
 1.00E-74 1.00E-74 1.00E-74 7.15E-30 4.22E-20 2.43E-14 1.69E-12 6.50E-12
 1.23E-11 2.23E-11 3.41E-11 4.42E-11 4.74E-11 4.71E-11
 1.00E-74 1.00E-74 1.00E-74 7.15E-30 4.22E-20 2.43E-14 1.69E-12 6.50E-12
 1.23E-11 2.23E-11 3.41E-11 4.42E-11 4.74E-11 4.71E-11
 1.00E-74 1.00E-74 1.00E-74 7.16E-30 4.22E-20 2.43E-14 1.69E-12 6.50E-12
 1.23E-11 2.23E-11 3.41E-11 4.42E-11 4.74E-11 4.71E-11
 1.00E-74 1.00E-74 1.53E-49 7.19E-30 4.24E-20 2.44E-14 1.70E-12 6.52E-12
 1.23E-11 2.23E-11 3.42E-11 4.42E-11 4.74E-11 4.71E-11
  31.5867    7  14 /pl=01:ss= 9:pb= 1:sz= 9/type=excit/ispb = t/isel =   12
 1.00E+10 1.00E+11 1.00E+12 1.00E+13 1.00E+14 1.00E+15 1.00E+16
 1.72E+00 2.59E+00 4.31E+00 8.62E+00 1.72E+01 4.31E+01 8.62E+01 1.29E+02
 1.72E+02 2.59E+02 4.31E+02 8.62E+02 1.72E+03 2.59E+03
 1.00E-74 1.00E-74 1.00E-74 2.01E-30 1.12E-20 6.36E-15 4.45E-13 1.71E-12
 3.24E-12 5.90E-12 9.04E-12 1.16E-11 1.24E-11 1.22E-11
 1.00E-74 1.00E-74 1.00E-74 2.01E-30 1.12E-20 6.36E-15 4.45E-13 1.71E-12
 3.24E-12 5.90E-12 9.04E-12 1.16E-11 1.24E-11 1.22E-11
 1.00E-74 1.00E-74 1.00E-74 2.01E-30 1.12E-20 6.36E-15 4.45E-13 1.71E-12
 3.24E-12 5.90E-12 9.04E-12 1.16E-11 1.24E-11 1.22E-11
 1.00E-74 1.00E-74 1.00E-74 2.01E-30 1.12E-20 6.36E-15 4.45E-13 1.71E-12
 3.24E-12 5.90E-12 9.04E-12 1.16E-11 1.24E-11 1.22E-11
 1.00E-74 1.00E-74 1.00E-74 2.01E-30 1.12E-20 6.36E-15 4.45E-13 1.71E-12
 3.24E-12 5.90E-12 9.04E-12 1.16E-11 1.24E-11 1.22E-11
 1.00E-74 1.00E-74 1.00E-74 2.01E-30 1.12E-20 6.36E-15 4.45E-13 1.71E-12
 3.24E-12 5.90E-12 9.04E-12 1.16E-11 1.24E-11 1.22E-11
 1.00E-74 1.00E-74 3.92E-50 2.01E-30 1.12E-20 6.37E-15 4.47E-13 1.71E-12
 3.25E-12 5.92E-12 9.07E-12 1.16E-11 1.24E-11 1.23E-11
  31.6186    7  14 /pl=01:ss= 9:pb= 1:sz= 9/type=excit/ispb = t/isel =   13
 1.00E+10 1.00E+11 1.00E+12 1.00E+13 1.00E+14 1.00E+15 1.00E+16
 1.72E+00 2.59E+00 4.31E+00 8.62E+00 1.72E+01 4.31E+01 8.62E+01 1.29E+02
 1.72E+02 2.59E+02 4.31E+02 8.62E+02 1.72E+03 2.59E+03
 1.00E-74 1.00E-74 1.00E-74 1.93E-30 1.06E-20 6.02E-15 4.26E-13 1.64E-12
 3.11E-12 5.68E-12 8.71E-12 1.12E-11 1.19E-11 1.17E-11
 1.00E-74 1.00E-74 1.00E-74 1.93E-30 1.06E-20 6.02E-15 4.26E-13 1.64E-12
 3.11E-12 5.68E-12 8.71E-12 1.12E-11 1.19E-11 1.17E-11
 1.00E-74 1.00E-74 1.00E-74 1.93E-30 1.06E-20 6.02E-15 4.26E-13 1.64E-12
 3.11E-12 5.68E-12 8.71E-12 1.12E-11 1.19E-11 1.17E-11
 1.00E-74 1.00E-74 1.00E-74 1.93E-30 1.06E-20 6.02E-15 4.26E-13 1.64E-12
 3.11E-12 5.68E-12 8.71E-12 1.12E-11 1.19E-11 1.17E-11
 1.00E-74 1.00E-74 1.00E-74 1.93E-30 1.06E-20 6.02E-15 4.26E-13 1.64E-12
 3.11E-12 5.68E-12 8.71E-12 1.12E-11 1.19E-11 1.17E-11
 1.00E-74 1.00E-74 1.00E-74 1.93E-30 1.06E-20 6.03E-15 4.26E-13 1.64E-12
 3.12E-12 5.69E-12 8.72E-12 1.12E-11 1.19E-11 1.17E-11
 1.00E-74 1.00E-74 5.00E-50 1.94E-30 1.06E-20 6.06E-15 4.30E-13 1.65E-12
 3.14E-12 5.74E-12 8.79E-12 1.13E-11 1.20E-11 1.18E-11
  32.0555    7  14 /pl=01:ss= 9:pb= 1:sz= 9/type=excit/ispb = t/isel =   14
 1.00E+10 1.00E+11 1.00E+12 1.00E+13 1.00E+14 1.00E+15 1.00E+16
 1.72E+00 2.59E+00 4.31E+00 8.62E+00 1.72E+01 4.31E+01 8.62E+01 1.29E+02
 1.72E+02 2.59E+02 4.31E+02 8.62E+02 1.72E+03 2.59E+03
 1.00E-74 1.00E-74 1.00E-74 1.50E-30 6.15E-21 3.10E-15 2.31E-13 9.40E-13
 1.85E-12 3.54E-12 5.71E-12 7.82E-12 8.88E-12 9.08E-12
 1.00E-74 1.00E-74 1.00E-74 1.50E-30 6.15E-21 3.10E-15 2.31E-13 9.40E-13
 1.85E-12 3.54E-12 5.71E-12 7.82E-12 8.88E-12 9.08E-12
 1.00E-74 1.00E-74 1.00E-74 1.50E-30 6.15E-21 3.10E-15 2.31E-13 9.40E-13
 1.85E-12 3.54E-12 5.71E-12 7.82E-12 8.88E-12 9.08E-12
 1.00E-74 1.00E-74 1.00E-74 1.50E-30 6.15E-21 3.10E-15 2.31E-13 9.40E-13
 1.85E-12 3.54E-12 5.71E-12 7.82E-12 8.88E-12 9.08E-12
 1.00E-74 1.00E-74 1.00E-74 1.50E-30 6.15E-21 3.10E-15 2.31E-13 9.40E-13
 1.85E-12 3.54E-12 5.71E-12 7.82E-12 8.88E-12 9.08E-12
 1.00E-74 1.00E-74 1.00E-74 1.50E-30 6.15E-21 3.10E-15 2.31E-13 9.40E-13
 1.85E-12 3.54E-12 5.71E-12 7.82E-12 8.88E-12 9.08E-12
 1.00E-74 1.00E-74 5.63E-50 1.50E-30 6.17E-21 3.10E-15 2.31E-13 9.40E-13
 1.85E-12 3.54E-12 5.70E-12 7.82E-12 8.88E-12 9.07E-12
  32.0935    7  14 /pl=01:ss= 9:pb= 1:sz= 9/type=excit/ispb = t/isel =   15
 1.00E+10 1.00E+11 1.00E+12 1.00E+13 1.00E+14 1.00E+15 1.00E+16
 1.72E+00 2.59E+00 4.31E+00 8.62E+00 1.72E+01 4.31E+01 8.62E+01 1.29E+02
 1.72E+02 2.59E+02 4.31E+02 8.62E+02 1.72E+03 2.59E+03
 1.00E-74 1.00E-74 1.00E-74 1.04E-30 4.62E-21 2.88E-15 2.51E-13 1.07E-12
 2.17E-12 4.24E-12 6.83E-12 9.03E-12 9.67E-12 9.52E-12
 1.00E-74 1.00E-74 1.00E-74 1.04E-30 4.62E-21 2.88E-15 2.51E-13 1.07E-12
 2.17E-12 4.24E-12 6.83E-12 9.03E-12 9.67E-12 9.52E-12
 1.00E-74 1.00E-74 1.00E-74 1.04E-30 4.62E-21 2.88E-15 2.51E-13 1.07E-12
 2.17E-12 4.24E-12 6.83E-12 9.03E-12 9.67E-12 9.52E-12
 1.00E-74 1.00E-74 1.00E-74 1.04E-30 4.62E-21 2.88E-15 2.51E-13 1.07E-12
 2.17E-12 4.24E-12 6.83E-12 9.03E-12 9.67E-12 9.52E-12
 1.00E-74 1.00E-74 1.00E-74 1.04E-30 4.62E-21 2.88E-15 2.51E-13 1.07E-12
 2.17E-12 4.24E-12 6.83E-12 9.02E-12 9.67E-12 9.52E-12
 1.00E-74 1.00E-74 1.00E-74 1.04E-30 4.64E-21 2.89E-15 2.51E-13 1.07E-12
 2.17E-12 4.24E-12 6.83E-12 9.02E-12 9.67E-12 9.52E-12
 1.00E-74 1.00E-74 5.14E-50 1.09E-30 4.84E-21 2.95E-15 2.53E-13 1.08E-12
 2.18E-12 4.24E-12 6.83E-12 9.02E-12 9.67E-12 9.52E-12
  32.3950    7  14 /pl=01:ss= 9:pb= 1:sz= 9/type=excit/ispb = t/isel =   16
 1.00E+10 1.00E+11 1.00E+12 1.00E+13 1.00E+14 1.00E+15 1.00E+16
 1.72E+00 2.59E+00 4.31E+00 8.62E+00 1.72E+01 4.31E+01 8.62E+01 1.29E+02
 1.72E+02 2.59E+02 4.31E+02 8.62E+02 1.72E+03 2.59E+03
 1.00E-74 1.00E-74 1.00E-74 3.16E-30 1.03E-20 4.48E-15 3.03E-13 1.16E-12
 2.22E-12 4.10E-12 6.39E-12 8.52E-12 9.44E-12 9.58E-12
 1.00E-74 1.00E-74 1.00E-74 3.16E-30 1.03E-20 4.48E-15 3.03E-13 1.16E-12
 2.22E-12 4.10E-12 6.39E-12 8.52E-12 9.44E-12 9.58E-12
 1.00E-74 1.00E-74 1.00E-74 3.16E-30 1.03E-20 4.48E-15 3.03E-13 1.16E-12
 2.22E-12 4.10E-12 6.39E-12 8.52E-12 9.44E-12 9.58E-12
 1.00E-74 1.00E-74 1.00E-74 3.16E-30 1.03E-20 4.48E-15 3.03E-13 1.16E-12
 2.22E-12 4.10E-12 6.39E-12 8.52E-12 9.44E-12 9.58E-12
 1.00E-74 1.00E-74 1.00E-74 3.16E-30 1.03E-20 4.48E-15 3.03E-13 1.16E-12
 2.22E-12 4.10E-12 6.39E-12 8.52E-12 9.44E-12 9.58E-12
 1.00E-74 1.00E-74 2.10E-49 3.18E-30 1.04E-20 4.50E-15 3.04E-13 1.17E-12
 2.23E-12 4.10E-12 6.40E-12 8.52E-12 9.44E-12 9.58E-12
 1.00E-74 1.00E-74 2.31E-49 3.39E-30 1.11E-20 4.72E-15 3.13E-13 1.19E-12
 2.27E-12 4.17E-12 6.47E-12 8.59E-12 9.50E-12 9.63E-12
  33.6962    7  14 /pl=01:ss= 9:pb= 1:sz= 9/type=excit/ispb = t/isel =   17
 1.00E+10 1.00E+11 1.00E+12 1.00E+13 1.00E+14 1.00E+15 1.00E+16
 1.72E+00 2.59E+00 4.31E+00 8.62E+00 1.72E+01 4.31E+01 8.62E+01 1.29E+02
 1.72E+02 2.59E+02 4.31E+02 8.62E+02 1.72E+03 2.59E+03
 1.00E-74 1.00E-74 1.00E-74 4.11E-29 5.81E-20 1.56E-14 9.26E-13 3.46E-12
 6.53E-12 1.20E-11 1.87E-11 2.49E-11 2.78E-11 2.83E-11
 1.00E-74 1.00E-74 1.00E-74 4.11E-29 5.81E-20 1.56E-14 9.26E-13 3.46E-12
 6.53E-12 1.20E-11 1.87E-11 2.49E-11 2.78E-11 2.83E-11
 1.00E-74 1.00E-74 1.00E-74 4.11E-29 5.81E-20 1.56E-14 9.26E-13 3.46E-12
 6.53E-12 1.20E-11 1.87E-11 2.49E-11 2.78E-11 2.83E-11
 1.00E-74 1.00E-74 1.00E-74 4.11E-29 5.81E-20 1.56E-14 9.26E-13 3.46E-12
 6.53E-12 1.20E-11 1.87E-11 2.49E-11 2.78E-11 2.83E-11
 1.00E-74 1.00E-74 1.70E-47 4.11E-29 5.81E-20 1.56E-14 9.26E-13 3.46E-12
 6.53E-12 1.20E-11 1.87E-11 2.49E-11 2.78E-11 2.83E-11
 1.00E-74 1.00E-74 1.61E-47 4.11E-29 5.82E-20 1.56E-14 9.26E-13 3.46E-12
 6.53E-12 1.20E-11 1.87E-11 2.49E-11 2.78E-11 2.83E-11
 1.00E-74 1.00E-74 1.62E-47 4.12E-29 5.83E-20 1.57E-14 9.25E-13 3.45E-12
 6.51E-12 1.19E-11 1.86E-11 2.49E-11 2.77E-11 2.82E-11
  33.7223    7  14 /pl=01:ss= 9:pb= 1:sz= 9/type=excit/ispb = t/isel =   18
 1.00E+10 1.00E+11 1.00E+12 1.00E+13 1.00E+14 1.00E+15 1.00E+16
 1.72E+00 2.59E+00 4.31E+00 8.62E+00 1.72E+01 4.31E+01 8.62E+01 1.29E+02
 1.72E+02 2.59E+02 4.31E+02 8.62E+02 1.72E+03 2.59E+03
 1.00E-74 1.00E-74 1.00E-74 2.93E-29 3.98E-20 1.00E-14 5.63E-13 2.05E-12
 3.80E-12 6.90E-12 1.07E-11 1.46E-11 1.66E-11 1.71E-11
 1.00E-74 1.00E-74 1.00E-74 2.93E-29 3.98E-20 1.00E-14 5.63E-13 2.05E-12
 3.80E-12 6.90E-12 1.07E-11 1.46E-11 1.66E-11 1.71E-11
 1.00E-74 1.00E-74 1.00E-74 2.93E-29 3.98E-20 1.00E-14 5.63E-13 2.05E-12
 3.80E-12 6.90E-12 1.07E-11 1.46E-11 1.66E-11 1.71E-11
 1.00E-74 1.00E-74 1.00E-74 2.93E-29 3.98E-20 1.00E-14 5.63E-13 2.05E-12
 3.80E-12 6.90E-12 1.07E-11 1.46E-11 1.66E-11 1.71E-11
 1.00E-74 1.00E-74 1.43E-47 2.93E-29 3.98E-20 1.00E-14 5.63E-13 2.05E-12
 3.80E-12 6.90E-12 1.07E-11 1.46E-11 1.66E-11 1.71E-11
 1.00E-74 1.00E-74 1.19E-47 2.93E-29 3.98E-20 1.00E-14 5.63E-13 2.05E-12
 3.80E-12 6.90E-12 1.07E-11 1.46E-11 1.66E-11 1.71E-11
 1.00E-74 1.00E-74 1.21E-47 2.94E-29 3.99E-20 1.01E-14 5.64E-13 2.05E-12
 3.81E-12 6.90E-12 1.08E-11 1.46E-11 1.66E-11 1.71E-11
  33.7736    7  14 /pl=01:ss= 9:pb= 1:sz= 9/type=excit/ispb = t/isel =   19
 1.00E+10 1.00E+11 1.00E+12 1.00E+13 1.00E+14 1.00E+15 1.00E+16
 1.72E+00 2.59E+00 4.31E+00 8.62E+00 1.72E+01 4.31E+01 8.62E+01 1.29E+02
 1.72E+02 2.59E+02 4.31E+02 8.62E+02 1.72E+03 2.59E+03
 1.00E-74 1.00E-74 1.00E-74 3.45E-29 4.61E-20 1.22E-14 7.35E-13 2.79E-12
 5.30E-12 9.79E-12 1.54E-11 2.04E-11 2.26E-11 2.29E-11
 1.00E-74 1.00E-74 1.00E-74 3.45E-29 4.61E-20 1.22E-14 7.35E-13 2.79E-12
 5.30E-12 9.79E-12 1.54E-11 2.04E-11 2.26E-11 2.29E-11
 1.00E-74 1.00E-74 1.00E-74 3.45E-29 4.61E-20 1.22E-14 7.35E-13 2.79E-12
 5.30E-12 9.79E-12 1.54E-11 2.04E-11 2.26E-11 2.29E-11
 1.00E-74 1.00E-74 2.70E-47 3.45E-29 4.61E-20 1.22E-14 7.35E-13 2.79E-12
 5.30E-12 9.79E-12 1.54E-11 2.04E-11 2.26E-11 2.29E-11
 1.00E-74 1.00E-74 1.62E-47 3.45E-29 4.61E-20 1.22E-14 7.35E-13 2.79E-12
 5.30E-12 9.79E-12 1.54E-11 2.04E-11 2.26E-11 2.29E-11
 1.00E-74 1.00E-74 1.49E-47 3.45E-29 4.61E-20 1.22E-14 7.34E-13 2.79E-12
 5.30E-12 9.79E-12 1.53E-11 2.04E-11 2.26E-11 2.29E-11
 1.00E-74 1.00E-74 1.50E-47 3.46E-29 4.63E-20 1.22E-14 7.34E-13 2.78E-12
 5.28E-12 9.76E-12 1.53E-11 2.04E-11 2.26E-11 2.28E-11
  33.9202    7  14 /pl=01:ss= 9:pb= 1:sz= 9/type=excit/ispb = t/isel =   20
 1.00E+10 1.00E+11 1.00E+12 1.00E+13 1.00E+14 1.00E+15 1.00E+16
 1.72E+00 2.59E+00 4.31E+00 8.62E+00 1.72E+01 4.31E+01 8.62E+01 1.29E+02
 1.72E+02 2.59E+02 4.31E+02 8.62E+02 1.72E+03 2.59E+03
 1.00E-74 1.00E-74 1.00E-74 8.39E-30 1.11E-20 3.52E-15 2.67E-13 1.11E-12
 2.22E-12 4.25E-12 6.76E-12 8.69E-12 9.00E-12 8.69E-12
 1.00E-74 1.00E-74 1.00E-74 8.39E-30 1.11E-20 3.52E-15 2.67E-13 1.11E-12
 2.22E-12 4.25E-12 6.76E-12 8.69E-12 9.00E-12 8.69E-12
 1.00E-74 1.00E-74 1.00E-74 8.39E-30 1.11E-20 3.52E-15 2.67E-13 1.11E-12
 2.22E-12 4.25E-12 6.76E-12 8.69E-12 9.00E-12 8.69E-12
 1.00E-74 1.00E-74 3.19E-48 8.39E-30 1.11E-20 3.52E-15 2.67E-13 1.11E-12
 2.22E-12 4.25E-12 6.76E-12 8.69E-12 9.00E-12 8.69E-12
 1.00E-74 1.00E-74 4.15E-48 8.39E-30 1.11E-20 3.52E-15 2.67E-13 1.11E-12
 2.22E-12 4.25E-12 6.76E-12 8.69E-12 9.00E-12 8.69E-12
 1.00E-74 1.00E-74 4.28E-48 8.39E-30 1.11E-20 3.52E-15 2.67E-13 1.11E-12
 2.22E-12 4.26E-12 6.76E-12 8.69E-12 9.00E-12 8.70E-12
 1.00E-74 1.00E-74 4.30E-48 8.42E-30 1.11E-20 3.54E-15 2.68E-13 1.12E-12
 2.22E-12 4.27E-12 6.78E-12 8.71E-12 9.02E-12 8.72E-12
  36.7513    7  14 /pl=01:ss= 9:pb= 1:sz= 9/type=excit/ispb = t/isel =   21
 1.00E+10 1.00E+11 1.00E+12 1.00E+13 1.00E+14 1.00E+15 1.00E+16
 1.72E+00 2.59E+00 4.31E+00 8.62E+00 1.72E+01 4.31E+01 8.62E+01 1.29E+02
 1.72E+02 2.59E+02 4.31E+02 8.62E+02 1.72E+03 2.59E+03
 1.00E-74 1.00E-74 8.24E-44 7.31E-27 1.66E-18 1.39E-13 5.29E-12 1.68E-11
 2.91E-11 4.89E-11 7.04E-11 8.77E-11 9.29E-11 9.20E-11
 1.00E-74 1.00E-74 9.89E-44 7.31E-27 1.66E-18 1.39E-13 5.29E-12 1.68E-11
 2.91E-11 4.89E-11 7.04E-11 8.77E-11 9.29E-11 9.20E-11
 1.00E-74 1.00E-74 1.03E-43 7.31E-27 1.66E-18 1.39E-13 5.29E-12 1.68E-11
 2.91E-11 4.89E-11 7.04E-11 8.77E-11 9.29E-11 9.20E-11
 1.00E-74 1.00E-74 1.03E-43 7.31E-27 1.66E-18 1.39E-13 5.29E-12 1.68E-11
 2.91E-11 4.89E-11 7.04E-11 8.77E-11 9.29E-11 9.20E-11
 1.00E-74 1.00E-74 1.03E-43 7.32E-27 1.66E-18 1.39E-13 5.29E-12 1.69E-11
 2.91E-11 4.89E-11 7.05E-11 8.78E-11 9.29E-11 9.20E-11
 1.00E-74 1.00E-74 1.04E-43 7.39E-27 1.67E-18 1.40E-13 5.31E-12 1.69E-11
 2.92E-11 4.90E-11 7.06E-11 8.79E-11 9.30E-11 9.21E-11
 1.00E-74 1.00E-74 1.16E-43 8.02E-27 1.77E-18 1.46E-13 5.50E-12 1.74E-11
 3.01E-11 5.03E-11 7.21E-11 8.93E-11 9.40E-11 9.29E-11
  37.6068    7  14 /pl=01:ss= 9:pb= 1:sz= 9/type=excit/ispb = t/isel =   22
 1.00E+10 1.00E+11 1.00E+12 1.00E+13 1.00E+14 1.00E+15 1.00E+16
 1.72E+00 2.59E+00 4.31E+00 8.62E+00 1.72E+01 4.31E+01 8.62E+01 1.29E+02
 1.72E+02 2.59E+02 4.31E+02 8.62E+02 1.72E+03 2.59E+03
 1.00E-74 1.00E-74 2.54E-42 7.44E-26 1.07E-17 6.70E-13 2.25E-11 6.79E-11
 1.15E-10 1.87E-10 2.66E-10 3.30E-10 3.53E-10 3.51E-10
 1.00E-74 1.00E-74 2.54E-42 7.44E-26 1.07E-17 6.70E-13 2.25E-11 6.79E-11
 1.15E-10 1.87E-10 2.66E-10 3.30E-10 3.53E-10 3.51E-10
 1.00E-74 1.00E-74 2.54E-42 7.44E-26 1.07E-17 6.70E-13 2.25E-11 6.79E-11
 1.15E-10 1.87E-10 2.66E-10 3.30E-10 3.53E-10 3.51E-10
 1.00E-74 1.00E-74 2.54E-42 7.44E-26 1.07E-17 6.70E-13 2.25E-11 6.79E-11
 1.15E-10 1.87E-10 2.66E-10 3.30E-10 3.53E-10 3.51E-10
 1.00E-74 1.00E-74 2.54E-42 7.44E-26 1.07E-17 6.70E-13 2.25E-11 6.79E-11
 1.15E-10 1.87E-10 2.66E-10 3.30E-10 3.53E-10 3.51E-10
 1.00E-74 1.00E-74 2.55E-42 7.45E-26 1.07E-17 6.70E-13 2.25E-11 6.79E-11
 1.15E-10 1.87E-10 2.66E-10 3.30E-10 3.53E-10 3.51E-10
 1.00E-74 1.00E-74 2.59E-42 7.55E-26 1.08E-17 6.75E-13 2.26E-11 6.82E-11
 1.15E-10 1.88E-10 2.67E-10 3.31E-10 3.53E-10 3.52E-10
  37.6309    7  14 /pl=01:ss= 9:pb= 1:sz= 9/type=excit/ispb = t/isel =   23
 1.00E+10 1.00E+11 1.00E+12 1.00E+13 1.00E+14 1.00E+15 1.00E+16
 1.72E+00 2.59E+00 4.31E+00 8.62E+00 1.72E+01 4.31E+01 8.62E+01 1.29E+02
 1.72E+02 2.59E+02 4.31E+02 8.62E+02 1.72E+03 2.59E+03
 1.00E-74 1.00E-74 2.05E-42 5.96E-26 8.50E-18 5.25E-13 1.76E-11 5.29E-11
 8.93E-11 1.46E-10 2.07E-10 2.57E-10 2.73E-10 2.72E-10
 1.00E-74 1.00E-74 2.09E-42 5.96E-26 8.50E-18 5.25E-13 1.76E-11 5.29E-11
 8.93E-11 1.46E-10 2.07E-10 2.57E-10 2.73E-10 2.72E-10
 1.00E-74 1.00E-74 2.09E-42 5.96E-26 8.50E-18 5.25E-13 1.76E-11 5.29E-11
 8.93E-11 1.46E-10 2.07E-10 2.57E-10 2.73E-10 2.72E-10
 1.00E-74 1.00E-74 2.09E-42 5.96E-26 8.50E-18 5.25E-13 1.76E-11 5.29E-11
 8.93E-11 1.46E-10 2.07E-10 2.57E-10 2.73E-10 2.72E-10
 1.00E-74 1.00E-74 2.09E-42 5.96E-26 8.50E-18 5.25E-13 1.76E-11 5.29E-11
 8.93E-11 1.46E-10 2.07E-10 2.57E-10 2.73E-10 2.72E-10
 1.00E-74 1.00E-74 2.09E-42 5.97E-26 8.51E-18 5.25E-13 1.76E-11 5.30E-11
 8.94E-11 1.46E-10 2.07E-10 2.57E-10 2.73E-10 2.72E-10
 1.00E-74 1.00E-74 2.13E-42 6.06E-26 8.60E-18 5.29E-13 1.77E-11 5.33E-11
 8.98E-11 1.46E-10 2.08E-10 2.57E-10 2.73E-10 2.73E-10
  37.7302    7  14 /pl=01:ss= 9:pb= 1:sz= 9/type=excit/ispb = t/isel =   24
 1.00E+10 1.00E+11 1.00E+12 1.00E+13 1.00E+14 1.00E+15 1.00E+16
 1.72E+00 2.59E+00 4.31E+00 8.62E+00 1.72E+01 4.31E+01 8.62E+01 1.29E+02
 1.72E+02 2.59E+02 4.31E+02 8.62E+02 1.72E+03 2.59E+03
 1.00E-74 1.00E-74 8.29E-44 2.18E-27 3.00E-19 2.06E-14 8.10E-13 2.64E-12
 4.67E-12 7.93E-12 1.15E-11 1.41E-11 1.44E-11 1.39E-11
 1.00E-74 1.00E-74 8.42E-44 2.18E-27 3.00E-19 2.06E-14 8.10E-13 2.64E-12
 4.67E-12 7.93E-12 1.15E-11 1.41E-11 1.44E-11 1.39E-11
 1.00E-74 1.00E-74 8.44E-44 2.18E-27 3.00E-19 2.06E-14 8.10E-13 2.64E-12
 4.67E-12 7.93E-12 1.15E-11 1.41E-11 1.44E-11 1.39E-11
 1.00E-74 1.00E-74 8.44E-44 2.18E-27 3.00E-19 2.06E-14 8.10E-13 2.64E-12
 4.67E-12 7.93E-12 1.15E-11 1.41E-11 1.44E-11 1.39E-11
 1.00E-74 1.00E-74 8.45E-44 2.18E-27 3.00E-19 2.06E-14 8.11E-13 2.65E-12
 4.67E-12 7.94E-12 1.15E-11 1.41E-11 1.44E-11 1.39E-11
 1.00E-74 1.00E-74 8.59E-44 2.20E-27 3.03E-19 2.08E-14 8.16E-13 2.66E-12
 4.70E-12 7.98E-12 1.16E-11 1.41E-11 1.44E-11 1.39E-11
 1.00E-74 1.00E-74 9.75E-44 2.43E-27 3.27E-19 2.20E-14 8.65E-13 2.82E-12
 4.97E-12 8.42E-12 1.21E-11 1.47E-11 1.49E-11 1.43E-11
  37.7816    7  14 /pl=01:ss= 9:pb= 1:sz= 9/type=excit/ispb = t/isel =   25
 1.00E+10 1.00E+11 1.00E+12 1.00E+13 1.00E+14 1.00E+15 1.00E+16
 1.72E+00 2.59E+00 4.31E+00 8.62E+00 1.72E+01 4.31E+01 8.62E+01 1.29E+02
 1.72E+02 2.59E+02 4.31E+02 8.62E+02 1.72E+03 2.59E+03
 1.00E-74 1.00E-74 6.84E-43 2.02E-26 2.68E-18 1.58E-13 5.20E-12 1.57E-11
 2.64E-11 4.27E-11 6.07E-11 7.47E-11 7.93E-11 7.88E-11
 1.00E-74 1.00E-74 8.21E-43 2.02E-26 2.68E-18 1.58E-13 5.20E-12 1.57E-11
 2.64E-11 4.27E-11 6.07E-11 7.47E-11 7.93E-11 7.88E-11
 1.00E-74 1.00E-74 8.27E-43 2.02E-26 2.68E-18 1.58E-13 5.20E-12 1.57E-11
 2.64E-11 4.27E-11 6.07E-11 7.47E-11 7.93E-11 7.88E-11
 1.00E-74 1.00E-74 8.26E-43 2.02E-26 2.68E-18 1.58E-13 5.20E-12 1.57E-11
 2.64E-11 4.27E-11 6.07E-11 7.47E-11 7.93E-11 7.88E-11
 1.00E-74 1.00E-74 8.26E-43 2.02E-26 2.68E-18 1.58E-13 5.20E-12 1.57E-11
 2.64E-11 4.27E-11 6.07E-11 7.47E-11 7.93E-11 7.88E-11
 1.00E-74 1.00E-74 8.29E-43 2.03E-26 2.68E-18 1.58E-13 5.21E-12 1.57E-11
 2.64E-11 4.27E-11 6.07E-11 7.47E-11 7.93E-11 7.88E-11
 1.00E-74 1.00E-74 8.50E-43 2.06E-26 2.72E-18 1.60E-13 5.25E-12 1.58E-11
 2.66E-11 4.30E-11 6.10E-11 7.49E-11 7.94E-11 7.89E-11
  38.3128    7  14 /pl=01:ss= 9:pb= 1:sz= 9/type=excit/ispb = t/isel =   26
 1.00E+10 1.00E+11 1.00E+12 1.00E+13 1.00E+14 1.00E+15 1.00E+16
 1.72E+00 2.59E+00 4.31E+00 8.62E+00 1.72E+01 4.31E+01 8.62E+01 1.29E+02
 1.72E+02 2.59E+02 4.31E+02 8.62E+02 1.72E+03 2.59E+03
 1.00E-74 1.00E-74 4.68E-42 6.82E-26 6.92E-18 3.53E-13 1.12E-11 3.34E-11
 5.61E-11 9.09E-11 1.28E-10 1.58E-10 1.67E-10 1.66E-10
 1.00E-74 1.00E-74 4.71E-42 6.82E-26 6.92E-18 3.53E-13 1.12E-11 3.34E-11
 5.61E-11 9.09E-11 1.28E-10 1.58E-10 1.67E-10 1.66E-10
 1.00E-74 1.00E-74 4.71E-42 6.82E-26 6.92E-18 3.53E-13 1.12E-11 3.34E-11
 5.61E-11 9.09E-11 1.28E-10 1.58E-10 1.67E-10 1.66E-10
 1.00E-74 1.00E-74 4.71E-42 6.82E-26 6.92E-18 3.53E-13 1.12E-11 3.34E-11
 5.61E-11 9.09E-11 1.28E-10 1.58E-10 1.67E-10 1.66E-10
 1.00E-74 1.00E-74 4.71E-42 6.82E-26 6.92E-18 3.53E-13 1.12E-11 3.34E-11
 5.61E-11 9.09E-11 1.28E-10 1.58E-10 1.68E-10 1.66E-10
 1.00E-74 1.00E-74 4.72E-42 6.83E-26 6.93E-18 3.54E-13 1.12E-11 3.35E-11
 5.61E-11 9.09E-11 1.28E-10 1.58E-10 1.68E-10 1.66E-10
 1.00E-74 1.00E-74 4.84E-42 6.96E-26 7.02E-18 3.57E-13 1.13E-11 3.37E-11
 5.65E-11 9.16E-11 1.29E-10 1.59E-10 1.68E-10 1.67E-10
  38.3392    7  14 /pl=01:ss= 9:pb= 1:sz= 9/type=excit/ispb = t/isel =   27
 1.00E+10 1.00E+11 1.00E+12 1.00E+13 1.00E+14 1.00E+15 1.00E+16
 1.72E+00 2.59E+00 4.31E+00 8.62E+00 1.72E+01 4.31E+01 8.62E+01 1.29E+02
 1.72E+02 2.59E+02 4.31E+02 8.62E+02 1.72E+03 2.59E+03
 1.00E-74 1.00E-74 1.01E-42 1.42E-26 1.43E-18 7.57E-14 2.53E-12 7.75E-12
 1.32E-11 2.17E-11 3.08E-11 3.77E-11 3.94E-11 3.87E-11
 1.00E-74 1.00E-74 1.01E-42 1.42E-26 1.43E-18 7.57E-14 2.53E-12 7.75E-12
 1.32E-11 2.17E-11 3.08E-11 3.77E-11 3.94E-11 3.87E-11
 1.00E-74 1.00E-74 1.01E-42 1.42E-26 1.43E-18 7.57E-14 2.53E-12 7.75E-12
 1.32E-11 2.17E-11 3.08E-11 3.77E-11 3.94E-11 3.87E-11
 1.00E-74 1.00E-74 1.01E-42 1.42E-26 1.43E-18 7.57E-14 2.53E-12 7.75E-12
 1.32E-11 2.17E-11 3.08E-11 3.77E-11 3.94E-11 3.87E-11
 1.00E-74 1.00E-74 1.01E-42 1.42E-26 1.43E-18 7.58E-14 2.54E-12 7.75E-12
 1.32E-11 2.17E-11 3.08E-11 3.78E-11 3.94E-11 3.87E-11
 1.00E-74 1.00E-74 1.02E-42 1.43E-26 1.44E-18 7.60E-14 2.54E-12 7.77E-12
 1.32E-11 2.17E-11 3.09E-11 3.78E-11 3.94E-11 3.87E-11
 1.00E-74 1.00E-74 1.07E-42 1.49E-26 1.48E-18 7.76E-14 2.59E-12 7.92E-12
 1.35E-11 2.21E-11 3.14E-11 3.83E-11 3.98E-11 3.90E-11
  38.4616    7  14 /pl=01:ss= 9:pb= 1:sz= 9/type=excit/ispb = t/isel =   28
 1.00E+10 1.00E+11 1.00E+12 1.00E+13 1.00E+14 1.00E+15 1.00E+16
 1.72E+00 2.59E+00 4.31E+00 8.62E+00 1.72E+01 4.31E+01 8.62E+01 1.29E+02
 1.72E+02 2.59E+02 4.31E+02 8.62E+02 1.72E+03 2.59E+03
 1.00E-74 1.00E-74 4.21E-43 5.30E-27 5.04E-19 2.63E-14 9.09E-13 2.83E-12
 4.87E-12 8.10E-12 1.16E-11 1.42E-11 1.47E-11 1.44E-11
 1.00E-74 1.00E-74 4.22E-43 5.30E-27 5.04E-19 2.63E-14 9.09E-13 2.83E-12
 4.87E-12 8.10E-12 1.16E-11 1.42E-11 1.47E-11 1.44E-11
 1.00E-74 1.00E-74 4.23E-43 5.30E-27 5.04E-19 2.63E-14 9.09E-13 2.83E-12
 4.87E-12 8.10E-12 1.16E-11 1.42E-11 1.47E-11 1.44E-11
 1.00E-74 1.00E-74 4.23E-43 5.30E-27 5.04E-19 2.63E-14 9.09E-13 2.83E-12
 4.87E-12 8.10E-12 1.16E-11 1.42E-11 1.47E-11 1.44E-11
 1.00E-74 1.00E-74 4.25E-43 5.32E-27 5.05E-19 2.64E-14 9.11E-13 2.83E-12
 4.88E-12 8.11E-12 1.16E-11 1.42E-11 1.48E-11 1.44E-11
 1.00E-74 1.00E-74 4.44E-43 5.49E-27 5.18E-19 2.68E-14 9.24E-13 2.87E-12
 4.94E-12 8.21E-12 1.17E-11 1.44E-11 1.48E-11 1.45E-11
 1.00E-74 1.00E-74 6.02E-43 6.98E-27 6.24E-19 3.08E-14 1.04E-12 3.21E-12
 5.49E-12 9.05E-12 1.28E-11 1.54E-11 1.57E-11 1.52E-11
  38.5105    7  14 /pl=01:ss= 9:pb= 1:sz= 9/type=excit/ispb = t/isel =   29
 1.00E+10 1.00E+11 1.00E+12 1.00E+13 1.00E+14 1.00E+15 1.00E+16
 1.72E+00 2.59E+00 4.31E+00 8.62E+00 1.72E+01 4.31E+01 8.62E+01 1.29E+02
 1.72E+02 2.59E+02 4.31E+02 8.62E+02 1.72E+03 2.59E+03
 1.00E-74 1.00E-74 9.00E-43 1.07E-26 9.95E-19 5.21E-14 1.81E-12 5.65E-12
 9.72E-12 1.62E-11 2.31E-11 2.82E-11 2.90E-11 2.83E-11
 1.00E-74 1.00E-74 8.98E-43 1.07E-26 9.95E-19 5.21E-14 1.81E-12 5.65E-12
 9.72E-12 1.62E-11 2.31E-11 2.82E-11 2.90E-11 2.83E-11
 1.00E-74 1.00E-74 8.98E-43 1.07E-26 9.95E-19 5.21E-14 1.81E-12 5.65E-12
 9.72E-12 1.62E-11 2.31E-11 2.82E-11 2.90E-11 2.83E-11
 1.00E-74 1.00E-74 8.98E-43 1.07E-26 9.95E-19 5.21E-14 1.81E-12 5.65E-12
 9.72E-12 1.62E-11 2.31E-11 2.82E-11 2.90E-11 2.83E-11
 1.00E-74 1.00E-74 8.98E-43 1.07E-26 9.95E-19 5.21E-14 1.81E-12 5.65E-12
 9.72E-12 1.62E-11 2.31E-11 2.82E-11 2.90E-11 2.83E-11
 1.00E-74 1.00E-74 9.01E-43 1.07E-26 9.97E-19 5.22E-14 1.82E-12 5.66E-12
 9.75E-12 1.62E-11 2.32E-11 2.82E-11 2.91E-11 2.83E-11
 1.00E-74 1.00E-74 9.25E-43 1.10E-26 1.01E-18 5.31E-14 1.85E-12 5.79E-12
 9.98E-12 1.66E-11 2.37E-11 2.88E-11 2.95E-11 2.87E-11
  38.6310    7  14 /pl=01:ss= 9:pb= 1:sz= 9/type=excit/ispb = t/isel =   30
 1.00E+10 1.00E+11 1.00E+12 1.00E+13 1.00E+14 1.00E+15 1.00E+16
 1.72E+00 2.59E+00 4.31E+00 8.62E+00 1.72E+01 4.31E+01 8.62E+01 1.29E+02
 1.72E+02 2.59E+02 4.31E+02 8.62E+02 1.72E+03 2.59E+03
 1.00E-74 1.00E-74 5.10E-43 5.40E-27 4.75E-19 2.46E-14 8.91E-13 2.85E-12
 4.99E-12 8.42E-12 1.22E-11 1.50E-11 1.53E-11 1.49E-11
 1.00E-74 1.00E-74 5.09E-43 5.40E-27 4.75E-19 2.46E-14 8.91E-13 2.85E-12
 4.99E-12 8.42E-12 1.22E-11 1.50E-11 1.53E-11 1.49E-11
 1.00E-74 1.00E-74 5.09E-43 5.40E-27 4.75E-19 2.46E-14 8.91E-13 2.85E-12
 4.99E-12 8.42E-12 1.22E-11 1.50E-11 1.53E-11 1.49E-11
 1.00E-74 1.00E-74 5.09E-43 5.40E-27 4.75E-19 2.46E-14 8.91E-13 2.85E-12
 4.99E-12 8.43E-12 1.22E-11 1.50E-11 1.53E-11 1.49E-11
 1.00E-74 1.00E-74 5.10E-43 5.40E-27 4.75E-19 2.46E-14 8.92E-13 2.86E-12
 4.99E-12 8.44E-12 1.22E-11 1.50E-11 1.54E-11 1.49E-11
 1.00E-74 1.00E-74 5.20E-43 5.48E-27 4.80E-19 2.49E-14 9.02E-13 2.89E-12
 5.05E-12 8.54E-12 1.24E-11 1.51E-11 1.55E-11 1.50E-11
 1.00E-74 1.00E-74 5.97E-43 6.11E-27 5.24E-19 2.70E-14 9.92E-13 3.20E-12
 5.59E-12 9.43E-12 1.36E-11 1.64E-11 1.65E-11 1.59E-11
  39.0721    7  14 /pl=01:ss= 9:pb= 1:sz= 9/type=excit/ispb = t/isel =   31
 1.00E+10 1.00E+11 1.00E+12 1.00E+13 1.00E+14 1.00E+15 1.00E+16
 1.72E+00 2.59E+00 4.31E+00 8.62E+00 1.72E+01 4.31E+01 8.62E+01 1.29E+02
 1.72E+02 2.59E+02 4.31E+02 8.62E+02 1.72E+03 2.59E+03
 1.00E-74 1.00E-74 1.00E-74 4.31E-30 2.49E-20 1.40E-14 9.62E-13 3.63E-12
 6.78E-12 1.20E-11 1.75E-11 2.05E-11 1.91E-11 1.74E-11
 1.00E-74 1.00E-74 1.00E-74 4.31E-30 2.49E-20 1.40E-14 9.62E-13 3.63E-12
 6.78E-12 1.20E-11 1.75E-11 2.05E-11 1.91E-11 1.74E-11
 1.00E-74 1.00E-74 1.00E-74 4.31E-30 2.49E-20 1.40E-14 9.62E-13 3.63E-12
 6.78E-12 1.20E-11 1.75E-11 2.05E-11 1.91E-11 1.74E-11
 1.00E-74 1.00E-74 1.00E-74 4.31E-30 2.49E-20 1.40E-14 9.62E-13 3.63E-12
 6.78E-12 1.20E-11 1.75E-11 2.05E-11 1.91E-11 1.74E-11
 1.00E-74 1.00E-74 1.00E-74 4.31E-30 2.49E-20 1.40E-14 9.63E-13 3.63E-12
 6.78E-12 1.20E-11 1.75E-11 2.05E-11 1.91E-11 1.74E-11
 1.00E-74 1.00E-74 1.00E-74 4.32E-30 2.50E-20 1.41E-14 9.63E-13 3.63E-12
 6.78E-12 1.20E-11 1.75E-11 2.05E-11 1.91E-11 1.74E-11
 1.00E-74 1.00E-74 1.00E-74 4.38E-30 2.52E-20 1.42E-14 9.68E-13 3.65E-12
 6.81E-12 1.21E-11 1.76E-11 2.05E-11 1.92E-11 1.74E-11
  39.3473    7  14 /pl=01:ss= 9:pb= 1:sz= 9/type=excit/ispb = t/isel =   32
 1.00E+10 1.00E+11 1.00E+12 1.00E+13 1.00E+14 1.00E+15 1.00E+16
 1.72E+00 2.59E+00 4.31E+00 8.62E+00 1.72E+01 4.31E+01 8.62E+01 1.29E+02
 1.72E+02 2.59E+02 4.31E+02 8.62E+02 1.72E+03 2.59E+03
 1.00E-74 1.00E-74 1.00E-74 3.80E-30 1.93E-20 1.02E-14 6.87E-13 2.57E-12
 4.79E-12 8.47E-12 1.23E-11 1.42E-11 1.32E-11 1.19E-11
 1.00E-74 1.00E-74 1.00E-74 3.80E-30 1.93E-20 1.02E-14 6.87E-13 2.57E-12
 4.79E-12 8.47E-12 1.23E-11 1.42E-11 1.32E-11 1.19E-11
 1.00E-74 1.00E-74 1.00E-74 3.80E-30 1.93E-20 1.02E-14 6.87E-13 2.57E-12
 4.79E-12 8.47E-12 1.23E-11 1.42E-11 1.32E-11 1.19E-11
 1.00E-74 1.00E-74 1.00E-74 3.80E-30 1.93E-20 1.02E-14 6.87E-13 2.57E-12
 4.79E-12 8.47E-12 1.23E-11 1.42E-11 1.32E-11 1.19E-11
 1.00E-74 1.00E-74 1.00E-74 3.80E-30 1.93E-20 1.02E-14 6.86E-13 2.57E-12
 4.79E-12 8.47E-12 1.23E-11 1.42E-11 1.32E-11 1.19E-11
 1.00E-74 1.00E-74 1.28E-49 3.80E-30 1.93E-20 1.02E-14 6.86E-13 2.57E-12
 4.79E-12 8.46E-12 1.23E-11 1.42E-11 1.32E-11 1.19E-11
 1.00E-74 1.00E-74 1.03E-49 3.77E-30 1.91E-20 1.01E-14 6.79E-13 2.55E-12
 4.75E-12 8.39E-12 1.22E-11 1.41E-11 1.31E-11 1.19E-11
  39.3829    7  14 /pl=01:ss= 9:pb= 1:sz= 9/type=excit/ispb = t/isel =   33
 1.00E+10 1.00E+11 1.00E+12 1.00E+13 1.00E+14 1.00E+15 1.00E+16
 1.72E+00 2.59E+00 4.31E+00 8.62E+00 1.72E+01 4.31E+01 8.62E+01 1.29E+02
 1.72E+02 2.59E+02 4.31E+02 8.62E+02 1.72E+03 2.59E+03
 1.00E-74 1.00E-74 1.00E-74 5.41E-30 2.71E-20 1.40E-14 9.32E-13 3.48E-12
 6.47E-12 1.14E-11 1.67E-11 1.94E-11 1.82E-11 1.65E-11
 1.00E-74 1.00E-74 1.00E-74 5.41E-30 2.71E-20 1.40E-14 9.32E-13 3.48E-12
 6.47E-12 1.14E-11 1.67E-11 1.94E-11 1.82E-11 1.65E-11
 1.00E-74 1.00E-74 1.00E-74 5.41E-30 2.71E-20 1.40E-14 9.32E-13 3.48E-12
 6.47E-12 1.14E-11 1.67E-11 1.94E-11 1.82E-11 1.65E-11
 1.00E-74 1.00E-74 1.00E-74 5.41E-30 2.71E-20 1.40E-14 9.32E-13 3.48E-12
 6.47E-12 1.14E-11 1.67E-11 1.94E-11 1.82E-11 1.65E-11
 1.00E-74 1.00E-74 1.00E-74 5.41E-30 2.71E-20 1.40E-14 9.32E-13 3.48E-12
 6.47E-12 1.14E-11 1.67E-11 1.94E-11 1.82E-11 1.65E-11
 1.00E-74 1.00E-74 1.62E-49 5.41E-30 2.70E-20 1.40E-14 9.32E-13 3.48E-12
 6.47E-12 1.14E-11 1.66E-11 1.94E-11 1.82E-11 1.65E-11
 1.00E-74 1.00E-74 1.51E-49 5.37E-30 2.69E-20 1.39E-14 9.28E-13 3.47E-12
 6.45E-12 1.14E-11 1.66E-11 1.94E-11 1.81E-11 1.64E-11
  41.8586    7  14 /pl=01:ss= 9:pb= 1:sz= 9/type=excit/ispb = t/isel =   34
 1.00E+10 1.00E+11 1.00E+12 1.00E+13 1.00E+14 1.00E+15 1.00E+16
 1.72E+00 2.59E+00 4.31E+00 8.62E+00 1.72E+01 4.31E+01 8.62E+01 1.29E+02
 1.72E+02 2.59E+02 4.31E+02 8.62E+02 1.72E+03 2.59E+03
 1.00E-74 1.00E-74 8.59E-41 9.69E-26 4.08E-18 1.35E-13 3.82E-12 1.10E-11
 1.79E-11 2.83E-11 3.79E-11 4.27E-11 4.04E-11 3.75E-11
 1.00E-74 1.00E-74 8.59E-41 9.69E-26 4.08E-18 1.35E-13 3.82E-12 1.10E-11
 1.79E-11 2.83E-11 3.79E-11 4.27E-11 4.04E-11 3.75E-11
 1.00E-74 1.00E-74 8.59E-41 9.69E-26 4.08E-18 1.35E-13 3.82E-12 1.10E-11
 1.79E-11 2.83E-11 3.79E-11 4.27E-11 4.04E-11 3.75E-11
 1.00E-74 1.00E-74 8.59E-41 9.69E-26 4.08E-18 1.35E-13 3.82E-12 1.10E-11
 1.79E-11 2.83E-11 3.79E-11 4.27E-11 4.04E-11 3.75E-11
 1.00E-74 1.00E-74 8.59E-41 9.69E-26 4.07E-18 1.35E-13 3.82E-12 1.10E-11
 1.79E-11 2.83E-11 3.79E-11 4.27E-11 4.04E-11 3.75E-11
 1.00E-74 1.00E-74 8.60E-41 9.70E-26 4.07E-18 1.35E-13 3.80E-12 1.09E-11
 1.78E-11 2.82E-11 3.77E-11 4.26E-11 4.03E-11 3.74E-11
 1.00E-74 1.00E-74 8.67E-41 9.80E-26 4.04E-18 1.31E-13 3.68E-12 1.05E-11
 1.72E-11 2.72E-11 3.66E-11 4.15E-11 3.95E-11 3.67E-11
  43.2004    7  14 /pl=01:ss= 9:pb= 1:sz= 9/type=excit/ispb = t/isel =   35
 1.00E+10 1.00E+11 1.00E+12 1.00E+13 1.00E+14 1.00E+15 1.00E+16
 1.72E+00 2.59E+00 4.31E+00 8.62E+00 1.72E+01 4.31E+01 8.62E+01 1.29E+02
 1.72E+02 2.59E+02 4.31E+02 8.62E+02 1.72E+03 2.59E+03
 1.00E-74 1.00E-74 3.39E-39 9.21E-25 1.81E-17 4.35E-13 1.21E-11 3.54E-11
 5.90E-11 9.50E-11 1.31E-10 1.51E-10 1.46E-10 1.37E-10
 1.00E-74 1.00E-74 3.39E-39 9.21E-25 1.81E-17 4.35E-13 1.21E-11 3.54E-11
 5.90E-11 9.50E-11 1.31E-10 1.51E-10 1.46E-10 1.37E-10
 1.00E-74 1.00E-74 3.39E-39 9.21E-25 1.81E-17 4.35E-13 1.21E-11 3.54E-11
 5.90E-11 9.50E-11 1.31E-10 1.51E-10 1.46E-10 1.37E-10
 1.00E-74 1.00E-74 3.39E-39 9.21E-25 1.81E-17 4.35E-13 1.21E-11 3.54E-11
 5.90E-11 9.50E-11 1.31E-10 1.51E-10 1.46E-10 1.37E-10
 1.00E-74 1.00E-74 3.39E-39 9.21E-25 1.81E-17 4.35E-13 1.21E-11 3.54E-11
 5.90E-11 9.50E-11 1.31E-10 1.51E-10 1.46E-10 1.37E-10
 1.00E-74 1.00E-74 3.39E-39 9.22E-25 1.81E-17 4.35E-13 1.21E-11 3.53E-11
 5.89E-11 9.48E-11 1.31E-10 1.51E-10 1.46E-10 1.37E-10
 1.00E-74 1.00E-74 3.40E-39 9.27E-25 1.82E-17 4.32E-13 1.20E-11 3.49E-11
 5.83E-11 9.37E-11 1.29E-10 1.49E-10 1.45E-10 1.36E-10
  43.9214    7  14 /pl=01:ss= 9:pb= 1:sz= 9/type=excit/ispb = t/isel =   36
 1.00E+10 1.00E+11 1.00E+12 1.00E+13 1.00E+14 1.00E+15 1.00E+16
 1.72E+00 2.59E+00 4.31E+00 8.62E+00 1.72E+01 4.31E+01 8.62E+01 1.29E+02
 1.72E+02 2.59E+02 4.31E+02 8.62E+02 1.72E+03 2.59E+03
 1.00E-74 1.00E-74 1.49E-38 2.12E-24 2.83E-17 5.37E-13 1.33E-11 3.71E-11
 6.04E-11 9.49E-11 1.29E-10 1.49E-10 1.47E-10 1.40E-10
 1.00E-74 1.00E-74 1.49E-38 2.12E-24 2.83E-17 5.37E-13 1.33E-11 3.71E-11
 6.04E-11 9.49E-11 1.29E-10 1.49E-10 1.47E-10 1.40E-10
 1.00E-74 1.00E-74 1.49E-38 2.12E-24 2.83E-17 5.37E-13 1.33E-11 3.71E-11
 6.04E-11 9.49E-11 1.29E-10 1.49E-10 1.47E-10 1.40E-10
 1.00E-74 1.00E-74 1.49E-38 2.12E-24 2.83E-17 5.37E-13 1.33E-11 3.71E-11
 6.04E-11 9.49E-11 1.29E-10 1.49E-10 1.47E-10 1.40E-10
 1.00E-74 1.00E-74 1.49E-38 2.12E-24 2.83E-17 5.37E-13 1.33E-11 3.71E-11
 6.03E-11 9.49E-11 1.29E-10 1.49E-10 1.47E-10 1.40E-10
 1.00E-74 1.00E-74 1.49E-38 2.11E-24 2.83E-17 5.36E-13 1.33E-11 3.70E-11
 6.01E-11 9.45E-11 1.28E-10 1.49E-10 1.46E-10 1.39E-10
 1.00E-74 1.00E-74 1.49E-38 2.11E-24 2.80E-17 5.22E-13 1.29E-11 3.58E-11
 5.83E-11 9.17E-11 1.25E-10 1.45E-10 1.44E-10 1.37E-10
  44.3087    7  14 /pl=01:ss= 9:pb= 1:sz= 9/type=excit/ispb = t/isel =   37
 1.00E+10 1.00E+11 1.00E+12 1.00E+13 1.00E+14 1.00E+15 1.00E+16
 1.72E+00 2.59E+00 4.31E+00 8.62E+00 1.72E+01 4.31E+01 8.62E+01 1.29E+02
 1.72E+02 2.59E+02 4.31E+02 8.62E+02 1.72E+03 2.59E+03
 1.00E-74 1.00E-74 3.93E-39 4.66E-25 6.21E-18 1.38E-13 4.56E-12 1.48E-11
 2.61E-11 4.49E-11 6.54E-11 7.97E-11 8.04E-11 7.71E-11
 1.00E-74 1.00E-74 3.93E-39 4.66E-25 6.21E-18 1.38E-13 4.56E-12 1.48E-11
 2.61E-11 4.49E-11 6.54E-11 7.97E-11 8.04E-11 7.71E-11
 1.00E-74 1.00E-74 3.93E-39 4.66E-25 6.21E-18 1.38E-13 4.56E-12 1.48E-11
 2.61E-11 4.49E-11 6.54E-11 7.97E-11 8.04E-11 7.71E-11
 1.00E-74 1.00E-74 3.93E-39 4.66E-25 6.21E-18 1.38E-13 4.56E-12 1.48E-11
 2.61E-11 4.49E-11 6.54E-11 7.97E-11 8.04E-11 7.71E-11
 1.00E-74 1.00E-74 3.93E-39 4.66E-25 6.21E-18 1.38E-13 4.56E-12 1.48E-11
 2.61E-11 4.48E-11 6.54E-11 7.97E-11 8.04E-11 7.71E-11
 1.00E-74 1.00E-74 3.93E-39 4.66E-25 6.20E-18 1.38E-13 4.54E-12 1.47E-11
 2.60E-11 4.47E-11 6.52E-11 7.95E-11 8.02E-11 7.69E-11
 1.00E-74 1.00E-74 3.93E-39 4.64E-25 6.10E-18 1.34E-13 4.40E-12 1.43E-11
 2.52E-11 4.34E-11 6.34E-11 7.76E-11 7.87E-11 7.57E-11
  53.0456    7  14 /pl=01:ss= 9:pb= 1:sz= 9/type=excit/ispb = t/isel =   38
 1.00E+10 1.00E+11 1.00E+12 1.00E+13 1.00E+14 1.00E+15 1.00E+16
 1.72E+00 2.59E+00 4.31E+00 8.62E+00 1.72E+01 4.31E+01 8.62E+01 1.29E+02
 1.72E+02 2.59E+02 4.31E+02 8.62E+02 1.72E+03 2.59E+03
 1.00E-74 1.00E-74 4.76E-41 1.38E-25 6.24E-18 1.93E-13 5.08E-12 1.40E-11
 2.24E-11 3.41E-11 4.41E-11 4.73E-11 4.24E-11 3.80E-11
 1.00E-74 1.00E-74 4.76E-41 1.38E-25 6.24E-18 1.93E-13 5.08E-12 1.40E-11
 2.24E-11 3.41E-11 4.41E-11 4.73E-11 4.24E-11 3.80E-11
 1.00E-74 1.00E-74 4.76E-41 1.38E-25 6.24E-18 1.93E-13 5.08E-12 1.40E-11
 2.24E-11 3.41E-11 4.41E-11 4.73E-11 4.24E-11 3.80E-11
 1.00E-74 1.00E-74 4.76E-41 1.38E-25 6.24E-18 1.93E-13 5.08E-12 1.40E-11
 2.24E-11 3.41E-11 4.41E-11 4.73E-11 4.24E-11 3.80E-11
 1.00E-74 1.00E-74 4.76E-41 1.38E-25 6.24E-18 1.93E-13 5.08E-12 1.40E-11
 2.24E-11 3.41E-11 4.41E-11 4.73E-11 4.24E-11 3.80E-11
 1.00E-74 1.00E-74 4.73E-41 1.37E-25 6.22E-18 1.92E-13 5.06E-12 1.40E-11
 2.23E-11 3.40E-11 4.40E-11 4.72E-11 4.23E-11 3.79E-11
 1.00E-74 1.00E-74 4.51E-41 1.32E-25 5.98E-18 1.85E-13 4.90E-12 1.35E-11
 2.16E-11 3.31E-11 4.29E-11 4.62E-11 4.16E-11 3.73E-11
  120.366    7  14 /pl=01:ss= 9:pb= 1:sz= 9/type=excit/ispb = t/isel =   39
 1.00E+10 1.00E+11 1.00E+12 1.00E+13 1.00E+14 1.00E+15 1.00E+16
 1.72E+00 2.59E+00 4.31E+00 8.62E+00 1.72E+01 4.31E+01 8.62E+01 1.29E+02
 1.72E+02 2.59E+02 4.31E+02 8.62E+02 1.72E+03 2.59E+03
 1.00E-74 1.00E-74 1.00E-74 3.13E-30 1.49E-20 7.52E-15 4.99E-13 1.87E-12
 3.48E-12 6.15E-12 8.98E-12 1.05E-11 9.87E-12 8.98E-12
 1.00E-74 1.00E-74 1.00E-74 3.13E-30 1.49E-20 7.52E-15 4.99E-13 1.87E-12
 3.48E-12 6.15E-12 8.98E-12 1.05E-11 9.87E-12 8.98E-12
 1.00E-74 1.00E-74 1.00E-74 3.13E-30 1.49E-20 7.52E-15 4.99E-13 1.87E-12
 3.48E-12 6.15E-12 8.98E-12 1.05E-11 9.87E-12 8.98E-12
 1.00E-74 1.00E-74 1.00E-74 3.13E-30 1.49E-20 7.52E-15 4.99E-13 1.87E-12
 3.48E-12 6.15E-12 8.98E-12 1.05E-11 9.87E-12 8.98E-12
 1.00E-74 1.00E-74 1.00E-74 3.13E-30 1.49E-20 7.52E-15 4.99E-13 1.87E-12
 3.48E-12 6.15E-12 8.98E-12 1.05E-11 9.87E-12 8.98E-12
 1.00E-74 1.00E-74 9.21E-50 3.12E-30 1.49E-20 7.50E-15 4.98E-13 1.86E-12
 3.47E-12 6.14E-12 8.97E-12 1.05E-11 9.86E-12 8.97E-12
 1.00E-74 1.00E-74 9.51E-50 3.03E-30 1.44E-20 7.30E-15 4.88E-13 1.83E-12
 3.41E-12 6.05E-12 8.85E-12 1.04E-11 9.78E-12 8.91E-12
  163.073    7  14 /pl=01:ss= 9:pb= 1:sz= 9/type=excit/ispb = t/isel =   40
 1.00E+10 1.00E+11 1.00E+12 1.00E+13 1.00E+14 1.00E+15 1.00E+16
 1.72E+00 2.59E+00 4.31E+00 8.62E+00 1.72E+01 4.31E+01 8.62E+01 1.29E+02
 1.72E+02 2.59E+02 4.31E+02 8.62E+02 1.72E+03 2.59E+03
 6.44E-28 1.28E-21 1.28E-16 6.16E-13 3.62E-11 3.33E-10 6.04E-10 7.08E-10
 7.60E-10 7.95E-10 7.96E-10 7.28E-10 6.21E-10 5.53E-10
 6.44E-28 1.28E-21 1.28E-16 6.16E-13 3.62E-11 3.33E-10 6.04E-10 7.08E-10
 7.60E-10 7.95E-10 7.96E-10 7.28E-10 6.21E-10 5.53E-10
 6.44E-28 1.28E-21 1.28E-16 6.16E-13 3.62E-11 3.33E-10 6.04E-10 7.08E-10
 7.60E-10 7.95E-10 7.96E-10 7.28E-10 6.21E-10 5.53E-10
 6.44E-28 1.28E-21 1.28E-16 6.16E-13 3.62E-11 3.33E-10 6.04E-10 7.08E-10
 7.60E-10 7.95E-10 7.96E-10 7.28E-10 6.21E-10 5.53E-10
 6.44E-28 1.28E-21 1.28E-16 6.16E-13 3.62E-11 3.33E-10 6.04E-10 7.08E-10
 7.60E-10 7.95E-10 7.96E-10 7.28E-10 6.21E-10 5.53E-10
 6.44E-28 1.28E-21 1.28E-16 6.15E-13 3.62E-11 3.33E-10 6.04E-10 7.08E-10
 7.60E-10 7.95E-10 7.95E-10 7.28E-10 6.21E-10 5.53E-10
 6.41E-28 1.28E-21 1.27E-16 6.14E-13 3.62E-11 3.33E-10 6.04E-10 7.07E-10
 7.58E-10 7.93E-10 7.93E-10 7.26E-10 6.19E-10 5.52E-10
  176.087    7  14 /pl=01:ss= 9:pb= 1:sz= 9/type=excit/ispb = t/isel =   41
 1.00E+10 1.00E+11 1.00E+12 1.00E+13 1.00E+14 1.00E+15 1.00E+16
 1.72E+00 2.59E+00 4.31E+00 8.62E+00 1.72E+01 4.31E+01 8.62E+01 1.29E+02
 1.72E+02 2.59E+02 4.31E+02 8.62E+02 1.72E+03 2.59E+03
 1.00E-74 1.00E-74 1.00E-74 4.07E-31 5.44E-21 5.07E-15 4.11E-13 1.64E-12
 3.16E-12 5.77E-12 8.62E-12 1.03E-11 9.73E-12 8.89E-12
 1.00E-74 1.00E-74 1.00E-74 4.07E-31 5.44E-21 5.07E-15 4.11E-13 1.64E-12
 3.16E-12 5.77E-12 8.62E-12 1.03E-11 9.73E-12 8.89E-12
 1.00E-74 1.00E-74 1.00E-74 4.07E-31 5.44E-21 5.07E-15 4.11E-13 1.64E-12
 3.16E-12 5.77E-12 8.62E-12 1.03E-11 9.73E-12 8.89E-12
 1.00E-74 1.00E-74 1.00E-74 4.07E-31 5.44E-21 5.07E-15 4.11E-13 1.64E-12
 3.16E-12 5.77E-12 8.62E-12 1.03E-11 9.73E-12 8.89E-12
 1.00E-74 1.00E-74 1.00E-74 4.07E-31 5.44E-21 5.07E-15 4.11E-13 1.64E-12
 3.16E-12 5.77E-12 8.62E-12 1.03E-11 9.73E-12 8.89E-12
 1.00E-74 1.00E-74 1.00E-74 4.07E-31 5.44E-21 5.06E-15 4.11E-13 1.64E-12
 3.16E-12 5.76E-12 8.61E-12 1.03E-11 9.73E-12 8.88E-12
 1.00E-74 1.00E-74 3.05E-51 4.00E-31 5.37E-21 5.02E-15 4.08E-13 1.63E-12
 3.14E-12 5.73E-12 8.57E-12 1.02E-11 9.70E-12 8.86E-12
  451.264    7  14 /pl=01:ss= 9:pb= 1:sz= 9/type=excit/ispb = t/isel =   42
 1.00E+10 1.00E+11 1.00E+12 1.00E+13 1.00E+14 1.00E+15 1.00E+16
 1.72E+00 2.59E+00 4.31E+00 8.62E+00 1.72E+01 4.31E+01 8.62E+01 1.29E+02
 1.72E+02 2.59E+02 4.31E+02 8.62E+02 1.72E+03 2.59E+03
 1.00E-74 1.00E-74 4.36E-41 1.27E-25 5.73E-18 1.77E-13 4.66E-12 1.29E-11
 2.05E-11 3.13E-11 4.05E-11 4.34E-11 3.89E-11 3.48E-11
 1.00E-74 1.00E-74 4.36E-41 1.27E-25 5.73E-18 1.77E-13 4.66E-12 1.29E-11
 2.05E-11 3.13E-11 4.05E-11 4.34E-11 3.89E-11 3.48E-11
 1.00E-74 1.00E-74 4.36E-41 1.27E-25 5.73E-18 1.77E-13 4.66E-12 1.29E-11
 2.05E-11 3.13E-11 4.05E-11 4.34E-11 3.89E-11 3.48E-11
 1.00E-74 1.00E-74 4.36E-41 1.27E-25 5.73E-18 1.77E-13 4.66E-12 1.28E-11
 2.05E-11 3.13E-11 4.05E-11 4.34E-11 3.89E-11 3.48E-11
 1.00E-74 1.00E-74 4.36E-41 1.27E-25 5.73E-18 1.77E-13 4.66E-12 1.28E-11
 2.05E-11 3.13E-11 4.05E-11 4.33E-11 3.89E-11 3.48E-11
 1.00E-74 1.00E-74 4.34E-41 1.26E-25 5.70E-18 1.76E-13 4.64E-12 1.28E-11
 2.05E-11 3.12E-11 4.04E-11 4.33E-11 3.88E-11 3.48E-11
 1.00E-74 1.00E-74 4.13E-41 1.21E-25 5.49E-18 1.70E-13 4.49E-12 1.24E-11
 1.99E-11 3.03E-11 3.94E-11 4.24E-11 3.81E-11 3.43E-11
  544.662    7  14 /pl=01:ss= 9:pb= 1:sz= 9/type=excit/ispb = t/isel =   43
 1.00E+10 1.00E+11 1.00E+12 1.00E+13 1.00E+14 1.00E+15 1.00E+16
 1.72E+00 2.59E+00 4.31E+00 8.62E+00 1.72E+01 4.31E+01 8.62E+01 1.29E+02
 1.72E+02 2.59E+02 4.31E+02 8.62E+02 1.72E+03 2.59E+03
 1.00E-74 1.00E-74 4.91E-41 1.42E-25 6.44E-18 1.99E-13 5.24E-12 1.44E-11
 2.31E-11 3.52E-11 4.55E-11 4.87E-11 4.37E-11 3.92E-11
 1.00E-74 1.00E-74 4.91E-41 1.42E-25 6.44E-18 1.99E-13 5.24E-12 1.44E-11
 2.31E-11 3.52E-11 4.55E-11 4.87E-11 4.37E-11 3.92E-11
 1.00E-74 1.00E-74 4.91E-41 1.42E-25 6.44E-18 1.99E-13 5.24E-12 1.44E-11
 2.31E-11 3.52E-11 4.55E-11 4.87E-11 4.37E-11 3.92E-11
 1.00E-74 1.00E-74 4.91E-41 1.42E-25 6.44E-18 1.99E-13 5.24E-12 1.44E-11
 2.31E-11 3.52E-11 4.55E-11 4.87E-11 4.37E-11 3.92E-11
 1.00E-74 1.00E-74 4.90E-41 1.42E-25 6.44E-18 1.99E-13 5.24E-12 1.44E-11
 2.31E-11 3.52E-11 4.55E-11 4.87E-11 4.37E-11 3.92E-11
 1.00E-74 1.00E-74 4.88E-41 1.42E-25 6.41E-18 1.98E-13 5.22E-12 1.44E-11
 2.30E-11 3.51E-11 4.54E-11 4.86E-11 4.36E-11 3.91E-11
 1.00E-74 1.00E-74 4.65E-41 1.36E-25 6.17E-18 1.91E-13 5.05E-12 1.39E-11
 2.23E-11 3.41E-11 4.43E-11 4.76E-11 4.29E-11 3.85E-11
  654.450    7  14 /pl=01:ss= 9:pb= 1:sz= 9/type=excit/ispb = t/isel =   44
 1.00E+10 1.00E+11 1.00E+12 1.00E+13 1.00E+14 1.00E+15 1.00E+16
 1.72E+00 2.59E+00 4.31E+00 8.62E+00 1.72E+01 4.31E+01 8.62E+01 1.29E+02
 1.72E+02 2.59E+02 4.31E+02 8.62E+02 1.72E+03 2.59E+03
 1.00E-74 1.00E-74 8.84E-42 1.67E-26 6.37E-19 2.18E-14 7.78E-13 2.56E-12
 4.58E-12 7.93E-12 1.17E-11 1.44E-11 1.48E-11 1.43E-11
 1.00E-74 1.00E-74 8.84E-42 1.67E-26 6.37E-19 2.18E-14 7.78E-13 2.56E-12
 4.58E-12 7.93E-12 1.17E-11 1.44E-11 1.48E-11 1.43E-11
 1.00E-74 1.00E-74 8.84E-42 1.67E-26 6.37E-19 2.18E-14 7.78E-13 2.56E-12
 4.58E-12 7.93E-12 1.17E-11 1.44E-11 1.48E-11 1.43E-11
 1.00E-74 1.00E-74 8.84E-42 1.67E-26 6.37E-19 2.18E-14 7.78E-13 2.56E-12
 4.58E-12 7.93E-12 1.17E-11 1.44E-11 1.48E-11 1.43E-11
 1.00E-74 1.00E-74 8.83E-42 1.67E-26 6.36E-19 2.18E-14 7.77E-13 2.56E-12
 4.57E-12 7.92E-12 1.17E-11 1.44E-11 1.48E-11 1.43E-11
 1.00E-74 1.00E-74 8.73E-42 1.65E-26 6.31E-19 2.17E-14 7.72E-13 2.55E-12
 4.55E-12 7.88E-12 1.16E-11 1.43E-11 1.47E-11 1.42E-11
 1.00E-74 1.00E-74 7.81E-42 1.52E-26 5.86E-19 2.02E-14 7.23E-13 2.39E-12
 4.28E-12 7.45E-12 1.11E-11 1.37E-11 1.42E-11 1.38E-11
  665.779    7  14 /pl=01:ss= 9:pb= 1:sz= 9/type=excit/ispb = t/isel =   45
 1.00E+10 1.00E+11 1.00E+12 1.00E+13 1.00E+14 1.00E+15 1.00E+16
 1.72E+00 2.59E+00 4.31E+00 8.62E+00 1.72E+01 4.31E+01 8.62E+01 1.29E+02
 1.72E+02 2.59E+02 4.31E+02 8.62E+02 1.72E+03 2.59E+03
 1.00E-74 1.00E-74 9.63E-42 5.02E-26 3.08E-18 1.14E-13 3.27E-12 9.38E-12
 1.52E-11 2.39E-11 3.16E-11 3.48E-11 3.20E-11 2.92E-11
 1.00E-74 1.00E-74 9.63E-42 5.02E-26 3.08E-18 1.14E-13 3.27E-12 9.38E-12
 1.52E-11 2.39E-11 3.16E-11 3.48E-11 3.20E-11 2.92E-11
 1.00E-74 1.00E-74 9.63E-42 5.02E-26 3.08E-18 1.14E-13 3.27E-12 9.38E-12
 1.52E-11 2.39E-11 3.16E-11 3.48E-11 3.20E-11 2.92E-11
 1.00E-74 1.00E-74 9.63E-42 5.02E-26 3.08E-18 1.14E-13 3.27E-12 9.38E-12
 1.52E-11 2.39E-11 3.16E-11 3.48E-11 3.20E-11 2.92E-11
 1.00E-74 1.00E-74 9.62E-42 5.01E-26 3.08E-18 1.14E-13 3.27E-12 9.37E-12
 1.52E-11 2.39E-11 3.16E-11 3.48E-11 3.20E-11 2.92E-11
 1.00E-74 1.00E-74 9.49E-42 4.96E-26 3.04E-18 1.13E-13 3.24E-12 9.29E-12
 1.51E-11 2.37E-11 3.13E-11 3.46E-11 3.19E-11 2.91E-11
 1.00E-74 1.00E-74 8.37E-42 4.48E-26 2.77E-18 1.03E-13 2.98E-12 8.57E-12
 1.40E-11 2.21E-11 2.94E-11 3.28E-11 3.05E-11 2.79E-11
  682.594    7  14 /pl=01:ss= 9:pb= 1:sz= 9/type=excit/ispb = t/isel =   46
 1.00E+10 1.00E+11 1.00E+12 1.00E+13 1.00E+14 1.00E+15 1.00E+16
 1.72E+00 2.59E+00 4.31E+00 8.62E+00 1.72E+01 4.31E+01 8.62E+01 1.29E+02
 1.72E+02 2.59E+02 4.31E+02 8.62E+02 1.72E+03 2.59E+03
 1.00E-74 1.00E-74 9.89E-41 7.40E-26 1.77E-18 4.76E-14 1.63E-12 5.36E-12
 9.55E-12 1.65E-11 2.43E-11 2.99E-11 3.05E-11 2.95E-11
 1.00E-74 1.00E-74 9.89E-41 7.40E-26 1.77E-18 4.76E-14 1.63E-12 5.36E-12
 9.55E-12 1.65E-11 2.43E-11 2.99E-11 3.05E-11 2.95E-11
 1.00E-74 1.00E-74 9.89E-41 7.40E-26 1.77E-18 4.76E-14 1.63E-12 5.36E-12
 9.55E-12 1.65E-11 2.43E-11 2.99E-11 3.05E-11 2.95E-11
 1.00E-74 1.00E-74 9.89E-41 7.40E-26 1.77E-18 4.76E-14 1.63E-12 5.36E-12
 9.55E-12 1.65E-11 2.43E-11 2.99E-11 3.05E-11 2.95E-11
 1.00E-74 1.00E-74 9.87E-41 7.39E-26 1.77E-18 4.75E-14 1.63E-12 5.35E-12
 9.55E-12 1.65E-11 2.43E-11 2.99E-11 3.05E-11 2.95E-11
 1.00E-74 1.00E-74 9.70E-41 7.29E-26 1.75E-18 4.71E-14 1.62E-12 5.31E-12
 9.48E-12 1.64E-11 2.41E-11 2.97E-11 3.04E-11 2.94E-11
 1.00E-74 1.00E-74 8.32E-41 6.47E-26 1.58E-18 4.30E-14 1.49E-12 4.93E-12
 8.83E-12 1.54E-11 2.27E-11 2.83E-11 2.92E-11 2.83E-11
  689.655    7  14 /pl=01:ss= 9:pb= 1:sz= 9/type=excit/ispb = t/isel =   47
 1.00E+10 1.00E+11 1.00E+12 1.00E+13 1.00E+14 1.00E+15 1.00E+16
 1.72E+00 2.59E+00 4.31E+00 8.62E+00 1.72E+01 4.31E+01 8.62E+01 1.29E+02
 1.72E+02 2.59E+02 4.31E+02 8.62E+02 1.72E+03 2.59E+03
 1.00E-74 1.00E-74 8.02E-41 7.74E-26 2.05E-18 4.85E-14 1.30E-12 3.74E-12
 6.21E-12 9.91E-12 1.36E-11 1.57E-11 1.52E-11 1.43E-11
 1.00E-74 1.00E-74 8.02E-41 7.74E-26 2.05E-18 4.85E-14 1.30E-12 3.74E-12
 6.21E-12 9.91E-12 1.36E-11 1.57E-11 1.52E-11 1.43E-11
 1.00E-74 1.00E-74 8.02E-41 7.74E-26 2.05E-18 4.85E-14 1.30E-12 3.74E-12
 6.21E-12 9.91E-12 1.36E-11 1.57E-11 1.52E-11 1.43E-11
 1.00E-74 1.00E-74 8.02E-41 7.73E-26 2.05E-18 4.85E-14 1.30E-12 3.74E-12
 6.21E-12 9.90E-12 1.36E-11 1.57E-11 1.52E-11 1.43E-11
 1.00E-74 1.00E-74 8.00E-41 7.72E-26 2.04E-18 4.85E-14 1.29E-12 3.73E-12
 6.20E-12 9.89E-12 1.36E-11 1.57E-11 1.52E-11 1.43E-11
 1.00E-74 1.00E-74 7.84E-41 7.59E-26 2.01E-18 4.78E-14 1.28E-12 3.68E-12
 6.12E-12 9.78E-12 1.34E-11 1.55E-11 1.51E-11 1.42E-11
 1.00E-74 1.00E-74 6.47E-41 6.51E-26 1.74E-18 4.17E-14 1.12E-12 3.26E-12
 5.46E-12 8.79E-12 1.22E-11 1.43E-11 1.41E-11 1.34E-11
  715.820    7  14 /pl=01:ss= 9:pb= 1:sz= 9/type=excit/ispb = t/isel =   48
 1.00E+10 1.00E+11 1.00E+12 1.00E+13 1.00E+14 1.00E+15 1.00E+16
 1.72E+00 2.59E+00 4.31E+00 8.62E+00 1.72E+01 4.31E+01 8.62E+01 1.29E+02
 1.72E+02 2.59E+02 4.31E+02 8.62E+02 1.72E+03 2.59E+03
 1.00E-74 1.00E-74 4.37E-41 6.75E-26 2.25E-18 6.35E-14 1.85E-12 5.52E-12
 9.33E-12 1.52E-11 2.10E-11 2.40E-11 2.27E-11 2.09E-11
 1.00E-74 1.00E-74 4.37E-41 6.75E-26 2.25E-18 6.35E-14 1.85E-12 5.52E-12
 9.33E-12 1.52E-11 2.10E-11 2.40E-11 2.27E-11 2.09E-11
 1.00E-74 1.00E-74 4.37E-41 6.75E-26 2.25E-18 6.35E-14 1.85E-12 5.52E-12
 9.33E-12 1.52E-11 2.10E-11 2.40E-11 2.27E-11 2.09E-11
 1.00E-74 1.00E-74 4.37E-41 6.75E-26 2.25E-18 6.35E-14 1.85E-12 5.52E-12
 9.32E-12 1.52E-11 2.10E-11 2.40E-11 2.27E-11 2.09E-11
 1.00E-74 1.00E-74 4.36E-41 6.74E-26 2.24E-18 6.34E-14 1.85E-12 5.52E-12
 9.32E-12 1.52E-11 2.10E-11 2.40E-11 2.27E-11 2.09E-11
 1.00E-74 1.00E-74 4.28E-41 6.65E-26 2.22E-18 6.30E-14 1.84E-12 5.50E-12
 9.29E-12 1.51E-11 2.09E-11 2.39E-11 2.27E-11 2.09E-11
 1.00E-74 1.00E-74 3.61E-41 5.87E-26 2.02E-18 5.88E-14 1.75E-12 5.27E-12
 8.95E-12 1.46E-11 2.04E-11 2.34E-11 2.23E-11 2.06E-11
  716.332    7  14 /pl=01:ss= 9:pb= 1:sz= 9/type=excit/ispb = t/isel =   49
 1.00E+10 1.00E+11 1.00E+12 1.00E+13 1.00E+14 1.00E+15 1.00E+16
 1.72E+00 2.59E+00 4.31E+00 8.62E+00 1.72E+01 4.31E+01 8.62E+01 1.29E+02
 1.72E+02 2.59E+02 4.31E+02 8.62E+02 1.72E+03 2.59E+03
 1.00E-74 1.00E-74 1.49E-40 1.33E-25 3.37E-18 7.77E-14 2.04E-12 5.82E-12
 9.62E-12 1.53E-11 2.09E-11 2.40E-11 2.32E-11 2.17E-11
 1.00E-74 1.00E-74 1.49E-40 1.33E-25 3.37E-18 7.77E-14 2.04E-12 5.82E-12
 9.62E-12 1.53E-11 2.09E-11 2.40E-11 2.32E-11 2.17E-11
 1.00E-74 1.00E-74 1.49E-40 1.33E-25 3.37E-18 7.77E-14 2.04E-12 5.82E-12
 9.62E-12 1.53E-11 2.09E-11 2.40E-11 2.32E-11 2.17E-11
 1.00E-74 1.00E-74 1.49E-40 1.33E-25 3.37E-18 7.77E-14 2.04E-12 5.82E-12
 9.62E-12 1.53E-11 2.09E-11 2.40E-11 2.32E-11 2.17E-11
 1.00E-74 1.00E-74 1.48E-40 1.32E-25 3.36E-18 7.76E-14 2.03E-12 5.82E-12
 9.61E-12 1.53E-11 2.09E-11 2.40E-11 2.32E-11 2.17E-11
 1.00E-74 1.00E-74 1.45E-40 1.30E-25 3.32E-18 7.65E-14 2.01E-12 5.75E-12
 9.51E-12 1.51E-11 2.07E-11 2.38E-11 2.30E-11 2.16E-11
 1.00E-74 1.00E-74 1.22E-40 1.13E-25 2.92E-18 6.78E-14 1.80E-12 5.17E-12
 8.59E-12 1.38E-11 1.91E-11 2.22E-11 2.17E-11 2.05E-11
  743.494    7  14 /pl=01:ss= 9:pb= 1:sz= 9/type=excit/ispb = t/isel =   50
 1.00E+10 1.00E+11 1.00E+12 1.00E+13 1.00E+14 1.00E+15 1.00E+16
 1.72E+00 2.59E+00 4.31E+00 8.62E+00 1.72E+01 4.31E+01 8.62E+01 1.29E+02
 1.72E+02 2.59E+02 4.31E+02 8.62E+02 1.72E+03 2.59E+03
 1.00E-74 1.00E-74 1.12E-41 7.32E-27 1.86E-19 9.16E-15 4.97E-13 1.88E-12
 3.56E-12 6.52E-12 9.98E-12 1.26E-11 1.30E-11 1.25E-11
 1.00E-74 1.00E-74 1.12E-41 7.32E-27 1.86E-19 9.16E-15 4.97E-13 1.88E-12
 3.56E-12 6.52E-12 9.98E-12 1.26E-11 1.30E-11 1.25E-11
 1.00E-74 1.00E-74 1.12E-41 7.32E-27 1.86E-19 9.16E-15 4.97E-13 1.88E-12
 3.56E-12 6.52E-12 9.98E-12 1.26E-11 1.30E-11 1.25E-11
 1.00E-74 1.00E-74 1.12E-41 7.32E-27 1.86E-19 9.16E-15 4.97E-13 1.88E-12
 3.56E-12 6.52E-12 9.98E-12 1.26E-11 1.30E-11 1.25E-11
 1.00E-74 1.00E-74 1.12E-41 7.32E-27 1.86E-19 9.17E-15 4.97E-13 1.88E-12
 3.56E-12 6.52E-12 9.98E-12 1.26E-11 1.30E-11 1.25E-11
 1.00E-74 1.00E-74 1.11E-41 7.32E-27 1.88E-19 9.19E-15 4.97E-13 1.87E-12
 3.56E-12 6.51E-12 9.97E-12 1.26E-11 1.30E-11 1.25E-11
 1.00E-74 1.00E-74 1.05E-41 7.31E-27 1.96E-19 9.34E-15 4.94E-13 1.85E-12
 3.52E-12 6.43E-12 9.83E-12 1.24E-11 1.28E-11 1.24E-11
c-------------------------------------------------------------------------------
 
C  root partition information
C  ==========================
C
C  nuclear charge : 18
C  ion charge+1   : 10
C
C  population calculation information
C  ----------------------------------
C
C  population processing code: adas810
C
C  adf04 source file    : adf04_copmm#18_ls_40#ar9.dat
C  adf18/a17_p208 file  : NULL
C
C  meta. ion. coeff. selector  : 
 
C  options  : lnorm =T  lpsel =F  lzsel =T  liosel=F
C           : lhsel =F  lrsel =F  lisel =F  lnsel =F
 
C  energy levels
C  -------------
C
C   lv      configuration    (2S+1)L(w-1/2)      energy (cm^-1)
C  ---   ------------------- --------------      --------------
c    1   22553                  (2)1(  2.5)             0.0
c    2   12563                  (2)0(  0.5)        613223.4
c    3   22543514               (4)1(  5.5)       2256893.4
c    4   22543514               (2)1(  2.5)       2276793.4
c    5   22543514               (2)2(  4.5)       2314793.4
c    6   22543514               (2)0(  0.5)       2388993.4
c    7   22543515               (4)1(  5.5)       2391393.4
c    8   22543515               (4)2(  9.5)       2403393.4
c    9   22543515               (2)2(  4.5)       2416393.4
c   10   22543515               (2)1(  2.5)       2421793.4
c   11   22543515               (4)0(  1.5)       2422793.4
c   12   22543515               (2)0(  0.5)       2426893.4
c   13   22543515               (2)3(  6.5)       2454493.4
c   14   22543515               (2)2(  4.5)       2467593.4
c   15   22543515               (2)1(  2.5)       2498393.4
c   16   22543515               (2)1(  2.5)       2539193.4
c   17   22543516               (4)2(  9.5)       2572493.4
c   18   22543516               (4)3( 13.5)       2588593.4
c   19   22543516               (4)1(  5.5)       2596693.4
c   20   22543516               (2)3(  6.5)       2599993.4
c   21   22543516               (2)1(  2.5)       2608293.4
c   22   22543516               (2)2(  4.5)       2610093.4
c   23   22543516               (2)4(  8.5)       2636393.4
c   24   22543516               (2)0(  0.5)       2646793.4
c   25   22543516               (2)3(  6.5)       2650393.4
c   26   22543516               (2)1(  2.5)       2657393.4
c   27   22543516               (2)2(  4.5)       2659093.4
c   28   22543516               (2)2(  4.5)       2720993.4
c   29   12553515               (4)0(  1.5)       2931193.4
c   30   12553515               (4)2(  9.5)       2948093.4
c   31   12553515               (4)1(  5.5)       2960893.4
c   32   12553515               (2)1(  2.5)       2965393.4
c   33   12553515               (2)2(  4.5)       2967693.4
c   34   12553515               (2)0(  0.5)       3003393.4
c   35   22543517               (4)1(  5.5)       3040693.4
c   36   22543517               (2)1(  2.5)       3041993.4
c   37   22543518               (4)1(  5.5)       3085993.4
c   38   22543517               (2)2(  4.5)       3086893.4
c   39   22543518               (2)2(  4.5)       3092193.4
c   40   22543518               (4)2(  9.5)       3095993.4
c   41   22543518               (2)0(  0.5)       3099893.4
c   42   22543518               (4)0(  1.5)       3104093.4
c   43   22543518               (2)1(  2.5)       3110493.4
c   44   12553515               (2)2(  4.5)       3115893.4
c   45   12553515               (2)1(  2.5)       3119593.4
c   46   12553516               (4)1(  5.5)       3119693.4
c   47   12553516               (4)3( 13.5)       3121793.4
c   48   12553515               (2)0(  0.5)       3129493.4
c   49   12553516               (4)2(  9.5)       3138993.4
c   50   12553516               (2)3(  6.5)       3142493.4
c   51   22543518               (2)3(  6.5)       3145593.4
c   52   22543518               (2)2(  4.5)       3149693.4
c   53   12553516               (2)2(  4.5)       3152393.4
c   54   22543519               (4)2(  9.5)       3152693.4
c   55   22543518               (2)1(  2.5)       3154693.4
c   56   22543519               (4)3( 13.5)       3162693.4
c   57   22543519               (2)3(  6.5)       3163393.4
c   58   22543519               (4)1(  5.5)       3165893.4
c   59   22543517               (2)0(  0.5)       3168493.4
c   60   12553516               (2)1(  2.5)       3172593.4
c   61   22543519               (2)2(  4.5)       3175393.4
c   62   22543519               (2)1(  2.5)       3176093.4
c   63   2254351A               (4)3( 13.5)       3185393.4
c   64   2254351A               (2)4(  8.5)       3188293.4
c   65   2254351A               (2)3(  6.5)       3189293.4
c   66   2254351A               (4)4( 17.5)       3190993.4
c   67   2254351A               (4)2(  9.5)       3191393.4
c   68   2254351A               (2)2(  4.5)       3194893.4
c   69   22543519               (2)4(  8.5)       3211593.4
c   70   22543519               (2)0(  0.5)       3216293.4
c   71   22543519               (2)3(  6.5)       3216393.4
c   72   22543519               (2)1(  2.5)       3217993.4
c   73   22543519               (2)2(  4.5)       3218693.4
c   74   22543518               (2)1(  2.5)       3221793.4
c   75   2254351A               (2)1(  2.5)       3230793.4
c   76   2254351A               (2)2(  4.5)       3234193.4
c   77   2254351A               (2)3(  6.5)       3237693.4
c   78   2254351A               (2)5( 10.5)       3237793.4
c   79   2254351A               (2)4(  8.5)       3240593.4
c   80   12553516               (2)3(  6.5)       3288893.4
c   81   22543519               (2)2(  4.5)       3289693.4
c   82   12553516               (2)1(  2.5)       3302893.4
c   83   12553516               (2)2(  4.5)       3304193.4
c   84   2254351A               (2)3(  6.5)       3317593.4
c   85   2254351B               (4)1(  5.5)       3363893.4
c   86   2254351B               (2)1(  2.5)       3364193.4
c   87   2254351C               (4)1(  5.5)       3385793.4
c   88   2254351C               (2)0(  0.5)       3386493.4
c   89   2254351C               (2)2(  4.5)       3392693.4
c   90   2254351C               (4)2(  9.5)       3393093.4
c   91   2254351C               (2)1(  2.5)       3394893.4
c   92   2254351C               (4)0(  1.5)       3399193.4
c   93   2254351B               (2)2(  4.5)       3415293.4
c   94   2254351D               (4)2(  9.5)       3416793.4
c   95   2254351D               (2)2(  4.5)       3420993.4
c   96   2254351D               (2)3(  6.5)       3425393.4
c   97   2254351D               (4)3( 13.5)       3425593.4
c   98   2254351D               (4)1(  5.5)       3428593.4
c   99   2254351E               (2)3(  6.5)       3430193.4
c  100   2254351D               (2)1(  2.5)       3431093.4
c  101   2254351E               (4)3( 13.5)       3431593.4
c  102   2254351E               (2)4(  8.5)       3437593.4
c  103   2254351E               (4)4( 17.5)       3438993.4
c  104   2254351E               (4)2(  9.5)       3439693.4
c  105   2254351E               (2)2(  4.5)       3440593.4
c  106   2254351C               (2)3(  6.5)       3442093.4
c  107   2254351C               (2)2(  4.5)       3443993.4
c  108   2254351C               (2)1(  2.5)       3445393.4
c  109   2254351D               (2)4(  8.5)       3473693.4
c  110   2254351D               (2)0(  0.5)       3475493.4
c  111   2254351D               (2)3(  6.5)       3475893.4
c  112   2254351D               (2)1(  2.5)       3476393.4
c  113   2254351D               (2)2(  4.5)       3476793.4
c  114   2254351E               (2)5( 10.5)       3486993.4
c  115   2254351E               (2)1(  2.5)       3487493.4
c  116   2254351E               (2)2(  4.5)       3488093.4
c  117   2254351E               (2)4(  8.5)       3488393.4
c  118   2254351E               (2)3(  6.5)       3488493.4
c  119   2254351B               (2)0(  0.5)       3490493.4
c  120   2254351C               (2)1(  2.5)       3517993.4
c  121   2254351G               (2)1(  2.5)       3530193.4
c  122   2254351G               (4)1(  5.5)       3530493.4
c  123   2254351H               (2)0(  0.5)       3540493.4
c  124   2254351H               (4)1(  5.5)       3540993.4
c  125   2254351H               (2)2(  4.5)       3545193.4
c  126   2254351H               (4)2(  9.5)       3547593.4
c  127   2254351H               (2)1(  2.5)       3547693.4
c  128   2254351D               (2)2(  4.5)       3549893.4
c  129   2254351H               (4)0(  1.5)       3557093.4
c  130   2254351I               (4)2(  9.5)       3557893.4
c  131   2254351I               (2)1(  2.5)       3559593.4
c  132   2254351E               (2)3(  6.5)       3562693.4
c  133   2254351J               (2)3(  6.5)       3564893.4
c  134   2254351I               (2)3(  6.5)       3565093.4
c  135   2254351I               (4)3( 13.5)       3566093.4
c  136   2254351I               (2)2(  4.5)       3566193.4
c  137   2254351J               (4)3( 13.5)       3566493.4
c  138   2254351I               (4)1(  5.5)       3568793.4
c  139   2254351J               (2)4(  8.5)       3572393.4
c  140   2254351J               (4)4( 17.5)       3573793.4
c  141   2254351J               (4)2(  9.5)       3574393.4
c  142   2254351J               (2)2(  4.5)       3575193.4
c  143   2254351G               (2)2(  4.5)       3581893.4
c  144   2254351H               (2)3(  6.5)       3596793.4
c  145   2254351H               (2)2(  4.5)       3597893.4
c  146   2254351H               (2)1(  2.5)       3598493.4
c  147   2254351I               (2)4(  8.5)       3614493.4
c  148   2254351I               (2)0(  0.5)       3615693.4
c  149   2254351I               (2)3(  6.5)       3615793.4
c  150   2254351I               (2)1(  2.5)       3615893.4
c  151   2254351I               (2)2(  4.5)       3616193.4
c  152   2254351J               (2)1(  2.5)       3622193.4
c  153   2254351J               (2)5( 10.5)       3622193.4
c  154   2254351J               (2)2(  4.5)       3622593.4
c  155   2254351J               (2)3(  6.5)       3622993.4
c  156   2254351J               (2)4(  8.5)       3622993.4
c  157   2254351M               (2)1(  2.5)       3626493.4
c  158   2254351M               (4)1(  5.5)       3627093.4
c  159   12553518               (4)0(  1.5)       3629193.4
c  160   2254351N               (2)0(  0.5)       3631093.4
c  161   2254351N               (4)1(  5.5)       3632193.4
c  162   2254351N               (2)2(  4.5)       3635993.4
c  163   12553518               (4)2(  9.5)       3637393.4
c  164   2254351N               (2)1(  2.5)       3637693.4
c  165   2254351N               (4)2(  9.5)       3638593.4
c  166   12553518               (2)1(  2.5)       3638793.4
c  167   2254351O               (2)2(  4.5)       3643193.4
c  168   12553518               (2)2(  4.5)       3644093.4
c  169   2254351O               (4)2(  9.5)       3645193.4
c  170   2254351P               (2)3(  6.5)       3646093.4
c  171   2254351N               (4)0(  1.5)       3647693.4
c  172   12553518               (4)1(  5.5)       3647693.4
c  173   2254351P               (4)3( 13.5)       3647793.4
c  174   2254351O               (4)1(  5.5)       3648193.4
c  175   2254351O               (2)3(  6.5)       3648993.4
c  176   2254351O               (4)3( 13.5)       3650293.4
c  177   2254351P               (2)4(  8.5)       3653693.4
c  178   2254351O               (2)1(  2.5)       3653793.4
c  179   2254351P               (4)4( 17.5)       3655093.4
c  180   2254351P               (4)2(  9.5)       3655493.4
c  181   2254351P               (2)2(  4.5)       3656293.4
c  182   2254351G               (2)0(  0.5)       3656693.4
c  183   12553518               (2)0(  0.5)       3663593.4
c  184   2254351H               (2)1(  2.5)       3672293.4
c  185   2254351M               (2)2(  4.5)       3678693.4
c  186   2254351N               (2)3(  6.5)       3687893.4
c  187   2254351N               (2)2(  4.5)       3688593.4
c  188   2254351N               (2)1(  2.5)       3688993.4
c  189   2254351I               (2)2(  4.5)       3690293.4
c  190   2254351J               (2)3(  6.5)       3697393.4
c  191   12553519               (4)1(  5.5)       3697393.4
c  192   2254351O               (2)4(  8.5)       3698793.4
c  193   2254351O               (2)0(  0.5)       3699593.4
c  194   2254351O               (2)3(  6.5)       3699593.4
c  195   2254351O               (2)1(  2.5)       3699793.4
c  196   2254351O               (2)2(  4.5)       3699893.4
c  197   12553519               (4)3( 13.5)       3701693.4
c  198   2254351P               (2)1(  2.5)       3703493.4
c  199   2254351P               (2)5( 10.5)       3703593.4
c  200   2254351P               (2)2(  4.5)       3703893.4
c  201   2254351P               (2)4(  8.5)       3704093.4
c  202   2254351P               (2)3(  6.5)       3704393.4
c  203   12553519               (2)2(  4.5)       3709393.4
c  204   12553519               (2)3(  6.5)       3710793.4
c  205   12553519               (4)2(  9.5)       3712993.4
c  206   12553519               (2)1(  2.5)       3724893.4
c  207   2254351M               (2)0(  0.5)       3753493.4
c  208   2254351N               (2)1(  2.5)       3763193.4
c  209   2254351O               (2)2(  4.5)       3774193.4
c  210   2254351P               (2)3(  6.5)       3778693.4
c  211   12553518               (2)2(  4.5)       3796793.4
c  212   12553518               (2)1(  2.5)       3799393.4
c  213   12553518               (2)0(  0.5)       3800593.4
c  214   12553519               (2)3(  6.5)       3862193.4
c  215   12553519               (2)1(  2.5)       3864593.4
c  216   12553519               (2)2(  4.5)       3865893.4
c  217   1255351C               (4)0(  1.5)       3927293.4
c  218   1255351C               (2)1(  2.5)       3931793.4
c  219   1255351C               (2)2(  4.5)       3934993.4
c  220   1255351C               (4)2(  9.5)       3936093.4
c  221   1255351C               (4)1(  5.5)       3937493.4
c  222   1255351C               (2)0(  0.5)       3950793.4
c  223   1255351D               (2)2(  4.5)       3963493.4
c  224   1255351D               (4)3( 13.5)       3964593.4
c  225   1255351D               (4)1(  5.5)       3966193.4
c  226   1255351D               (4)2(  9.5)       3969293.4
c  227   1255351D               (2)3(  6.5)       3969893.4
c  228   1255351D               (2)1(  2.5)       3977193.4
c  229   1255351H               (4)0(  1.5)       4082493.4
c  230   1255351H               (2)1(  2.5)       4084593.4
c  231   1255351H               (2)2(  4.5)       4088693.4
c  232   1255351H               (4)2(  9.5)       4090593.4
c  233   1255351C               (2)2(  4.5)       4091493.4
c  234   1255351H               (4)1(  5.5)       4091593.4
c  235   1255351C               (2)0(  0.5)       4092093.4
c  236   1255351C               (2)1(  2.5)       4092793.4
c  237   1255351I               (2)2(  4.5)       4102693.4
c  238   1255351H               (2)0(  0.5)       4103893.4
c  239   1255351I               (4)3( 13.5)       4105093.4
c  240   1255351I               (2)3(  6.5)       4106893.4
c  241   1255351I               (4)2(  9.5)       4109293.4
c  242   1255351I               (4)1(  5.5)       4109793.4
c  243   1255351I               (2)1(  2.5)       4114893.4
c  244   1255351D               (2)3(  6.5)       4122993.4
c  245   1255351D               (2)2(  4.5)       4124793.4
c  246   1255351D               (2)1(  2.5)       4125193.4
c  247   1255351H               (2)2(  4.5)       4245693.4
c  248   1255351H               (2)1(  2.5)       4246493.4
c  249   1255351H               (2)0(  0.5)       4246693.4
c  250   1255351I               (2)3(  6.5)       4263293.4
c  251   1255351I               (2)1(  2.5)       4264093.4
c  252   1255351I               (2)2(  4.5)       4264293.4
 
 
 
c-------------------------------------------------------------------------------
 
C  superstage partition information
C  ================================
C
C  element symbol   : AR
C  parent template  : 
C  partition level  :  1
C  superstage label :  9
C
C  tabulation       : photon emissivity coefft (te,ne)
C  units            : ph. emis coef(cm^3 s^-1); te (ev); ne (cm^-3)
C
C  photon emissivity atomic transitions
C  ------------------------------------
C  
C   isel  wvlen(A)            transition                type  ispb nspb
C                                                             ispp nspp sz    tg pr wr
C  ----- ---------- ----------------------------------- ----- ---- ---- --    -- -- --
C      1   28.0411  136(2)2(  4.5)-  1(2)1(  2.5)       excit   1    1   9   130 34  1
C      2   28.7621  113(2)2(  4.5)-  1(2)1(  2.5)       excit   1    1   9   108 41  2
C      3   28.7654  112(2)1(  2.5)-  1(2)1(  2.5)       excit   1    1   9   107 30  3
C      4   29.1452  100(2)1(  2.5)-  1(2)1(  2.5)       excit   1    1   9    96 43  4
C      5   29.2313   95(2)2(  4.5)-  1(2)1(  2.5)       excit   1    1   9    91 27  5
C      6   30.3980   81(2)2(  4.5)-  1(2)1(  2.5)       excit   1    1   9    77 39  6
C      7   31.0685   73(2)2(  4.5)-  1(2)1(  2.5)       excit   1    1   9    70 14  7
C      8   31.0753   72(2)1(  2.5)-  1(2)1(  2.5)       excit   1    1   9    69 13  8
C      9   31.0917   70(2)0(  0.5)-  1(2)1(  2.5)       excit   1    1   9    67 31  9
C     10   31.4852   62(2)1(  2.5)-  1(2)1(  2.5)       excit   1    1   9    60 24 10
C     11   31.4922   61(2)2(  4.5)-  1(2)1(  2.5)       excit   1    1   9    59 11 11
C     12   31.5867   58(4)1(  5.5)-  1(2)1(  2.5)       excit   1    1   9    56 42 12
C     13   31.6186   56(4)3( 13.5)-  1(2)1(  2.5)       excit   1    1   9    54 44 13
C     14   32.0555   45(2)1(  2.5)-  1(2)1(  2.5)       excit   1    1   9    43 49 14
C     15   32.0935   44(2)2(  4.5)-  1(2)1(  2.5)       excit   1    1   9    42 47 15
C     16   32.3950   38(2)2(  4.5)-  1(2)1(  2.5)       excit   1    1   9    36 48 16
C     17   33.6962   33(2)2(  4.5)-  1(2)1(  2.5)       excit   1    1   9    31 21 17
C     18   33.7223   32(2)1(  2.5)-  1(2)1(  2.5)       excit   1    1   9    30 29 18
C     19   33.7736   31(4)1(  5.5)-  1(2)1(  2.5)       excit   1    1   9    29 25 19
C     20   33.9202   30(4)2(  9.5)-  1(2)1(  2.5)       excit   1    1   9    28 50 20
C     21   36.7513   28(2)2(  4.5)-  1(2)1(  2.5)       excit   1    1   9    26  7 21
C     22   37.6068   27(2)2(  4.5)-  1(2)1(  2.5)       excit   1    1   9    25  2 22
C     23   37.6309   26(2)1(  2.5)-  1(2)1(  2.5)       excit   1    1   9    24  3 23
C     24   37.7302   25(2)3(  6.5)-  1(2)1(  2.5)       excit   1    1   9    23 37 24
C     25   37.7816   24(2)0(  0.5)-  1(2)1(  2.5)       excit   1    1   9    22  9 25
C     26   38.3128   22(2)2(  4.5)-  1(2)1(  2.5)       excit   1    1   9    21  4 26
C     27   38.3392   21(2)1(  2.5)-  1(2)1(  2.5)       excit   1    1   9    20 17 27
C     28   38.4616   20(2)3(  6.5)-  1(2)1(  2.5)       excit   1    1   9    19 36 28
C     29   38.5105   19(4)1(  5.5)-  1(2)1(  2.5)       excit   1    1   9    18 20 29
C     30   38.6310   18(4)3( 13.5)-  1(2)1(  2.5)       excit   1    1   9    17 33 30
C     31   39.0721   60(2)1(  2.5)-  2(2)0(  0.5)       excit   1    1   9   296 26 31
C     32   39.3473   55(2)1(  2.5)-  2(2)0(  0.5)       excit   1    1   9   291 38 32
C     33   39.3829   53(2)2(  4.5)-  2(2)0(  0.5)       excit   1    1   9   289 28 33
C     34   41.8586    6(2)0(  0.5)-  1(2)1(  2.5)       excit   1    1   9     5 16 34
C     35   43.2004    5(2)2(  4.5)-  1(2)1(  2.5)       excit   1    1   9     4  5 35
C     36   43.9214    4(2)1(  2.5)-  1(2)1(  2.5)       excit   1    1   9     3  6 36
C     37   44.3087    3(4)1(  5.5)-  1(2)1(  2.5)       excit   1    1   9     2  8 37
C     38   53.0456   15(2)1(  2.5)-  2(2)0(  0.5)       excit   1    1   9   254 12 38
C     39   120.366   51(2)3(  6.5)-  5(2)2(  4.5)       excit   1    1   9   973 45 39
C     40   163.073    2(2)0(  0.5)-  1(2)1(  2.5)       excit   1    1   9     1  1 40
C     41   176.087   80(2)3(  6.5)- 28(2)2(  4.5)       excit   1    1   9  6139 46 41
C     42   451.264   15(2)1(  2.5)-  4(2)1(  2.5)       excit   1    1   9   702 15 42
C     43   544.662   15(2)1(  2.5)-  5(2)2(  4.5)       excit   1    1   9   937 10 43
C     44   654.450   14(2)2(  4.5)-  5(2)2(  4.5)       excit   1    1   9   936 35 44
C     45   665.779   16(2)1(  2.5)-  6(2)0(  0.5)       excit   1    1   9  1179 18 45
C     46   682.594    8(4)2(  9.5)-  3(4)1(  5.5)       excit   1    1   9   451 19 46
C     47   689.655   10(2)1(  2.5)-  4(2)1(  2.5)       excit   1    1   9   697 32 47
C     48   715.820   13(2)3(  6.5)-  5(2)2(  4.5)       excit   1    1   9   935 23 48
C     49   716.332    9(2)2(  4.5)-  4(2)1(  2.5)       excit   1    1   9   696 22 49
C     50   743.494    7(4)1(  5.5)-  3(4)1(  5.5)       excit   1    1   9   450 40 50
c-------------------------------------------------------------------------------
                                                                                
C  code     : adas810
C  producer : Adam Foster
C  date     : 13/05/09
                                                                                
c-------------------------------------------------------------------------------
