   50    /Ar: 6 photon emissivity coefficients/
--------------------------------------------------------------------------------
    1    1    1    1    1    1    1    1    1    1    1    1    1    1
    1    1    1    1    1
--------------------------------------------------------------------------------
//#01/p00/ 00/p01/ 01/p02/ 02/p03/ 03/p04/ 04/p05/ 05/p06/ 06/p07/ 07/p08/ 08/  
      p09/ 09/p10/ 10/p11/ 11/p12/ 12/p13/ 13/p14/ 14/p15/ 15/p16/ 16/p17/ 17/  
      p18/ 18/                                                                  
--------------------------------------------------------------------------------
  31.5775    7  14 /pl=01:ss= 6:pb= 1:sz= 6/type=excit/ispb = t/isel =    1
 1.00E+10 1.00E+11 1.00E+12 1.00E+13 1.00E+14 1.00E+15 1.00E+16
 8.44E-01 1.27E+00 2.11E+00 4.22E+00 8.44E+00 2.11E+01 4.22E+01 6.33E+01
 8.44E+01 1.27E+02 2.11E+02 4.22E+02 8.44E+02 1.27E+03
 1.00E-74 1.00E-74 1.00E-74 1.00E-74 9.24E-31 8.31E-19 6.75E-15 1.25E-13
 5.21E-13 2.07E-12 5.86E-12 1.20E-11 1.65E-11 1.82E-11
 1.00E-74 1.00E-74 1.00E-74 1.00E-74 9.24E-31 8.31E-19 6.75E-15 1.25E-13
 5.21E-13 2.07E-12 5.86E-12 1.20E-11 1.65E-11 1.82E-11
 1.00E-74 1.00E-74 1.00E-74 1.00E-74 9.24E-31 8.31E-19 6.75E-15 1.25E-13
 5.21E-13 2.07E-12 5.86E-12 1.20E-11 1.65E-11 1.81E-11
 1.00E-74 1.00E-74 1.00E-74 1.00E-74 9.24E-31 8.31E-19 6.74E-15 1.25E-13
 5.20E-13 2.07E-12 5.85E-12 1.20E-11 1.65E-11 1.81E-11
 1.00E-74 1.00E-74 1.00E-74 1.00E-74 9.22E-31 8.24E-19 6.68E-15 1.24E-13
 5.15E-13 2.04E-12 5.79E-12 1.18E-11 1.63E-11 1.79E-11
 1.00E-74 1.00E-74 1.00E-74 1.00E-74 8.98E-31 7.66E-19 6.12E-15 1.13E-13
 4.71E-13 1.87E-12 5.31E-12 1.09E-11 1.52E-11 1.68E-11
 1.00E-74 1.00E-74 1.00E-74 1.19E-50 7.94E-31 5.10E-19 3.72E-15 6.76E-14
 2.80E-13 1.12E-12 3.26E-12 6.98E-12 1.01E-11 1.15E-11
  37.2670    7  14 /pl=01:ss= 6:pb= 1:sz= 6/type=excit/ispb = t/isel =    2
 1.00E+10 1.00E+11 1.00E+12 1.00E+13 1.00E+14 1.00E+15 1.00E+16
 8.44E-01 1.27E+00 2.11E+00 4.22E+00 8.44E+00 2.11E+01 4.22E+01 6.33E+01
 8.44E+01 1.27E+02 2.11E+02 4.22E+02 8.44E+02 1.27E+03
 1.00E-74 1.00E-74 1.00E-74 5.34E-44 4.90E-27 9.02E-17 2.44E-13 3.26E-12
 1.16E-11 3.92E-11 9.71E-11 1.73E-10 2.11E-10 2.16E-10
 1.00E-74 1.00E-74 1.00E-74 4.81E-44 4.90E-27 9.02E-17 2.44E-13 3.26E-12
 1.16E-11 3.92E-11 9.71E-11 1.73E-10 2.11E-10 2.16E-10
 1.00E-74 1.00E-74 1.00E-74 4.88E-44 4.90E-27 9.02E-17 2.44E-13 3.26E-12
 1.16E-11 3.92E-11 9.71E-11 1.73E-10 2.11E-10 2.16E-10
 1.00E-74 1.00E-74 1.00E-74 4.89E-44 4.91E-27 9.01E-17 2.44E-13 3.26E-12
 1.16E-11 3.92E-11 9.70E-11 1.73E-10 2.10E-10 2.15E-10
 1.00E-74 1.00E-74 1.00E-74 5.02E-44 4.98E-27 9.00E-17 2.43E-13 3.23E-12
 1.15E-11 3.88E-11 9.60E-11 1.71E-10 2.08E-10 2.13E-10
 1.00E-74 1.00E-74 1.00E-74 6.29E-44 5.62E-27 8.92E-17 2.29E-13 3.02E-12
 1.07E-11 3.60E-11 8.89E-11 1.59E-10 1.95E-10 2.00E-10
 1.00E-74 1.00E-74 1.00E-74 1.50E-43 9.27E-27 8.47E-17 1.70E-13 2.09E-12
 7.13E-12 2.36E-11 5.85E-11 1.07E-10 1.36E-10 1.43E-10
  38.4162    7  14 /pl=01:ss= 6:pb= 1:sz= 6/type=excit/ispb = t/isel =    3
 1.00E+10 1.00E+11 1.00E+12 1.00E+13 1.00E+14 1.00E+15 1.00E+16
 8.44E-01 1.27E+00 2.11E+00 4.22E+00 8.44E+00 2.11E+01 4.22E+01 6.33E+01
 8.44E+01 1.27E+02 2.11E+02 4.22E+02 8.44E+02 1.27E+03
 1.00E-74 1.00E-74 1.00E-74 1.70E-42 4.76E-26 2.75E-16 4.10E-13 4.32E-12
 1.35E-11 4.04E-11 9.09E-11 1.54E-10 1.90E-10 1.98E-10
 1.00E-74 1.00E-74 1.00E-74 1.70E-42 4.76E-26 2.75E-16 4.10E-13 4.32E-12
 1.35E-11 4.04E-11 9.09E-11 1.54E-10 1.90E-10 1.98E-10
 1.00E-74 1.00E-74 1.00E-74 1.70E-42 4.76E-26 2.75E-16 4.10E-13 4.32E-12
 1.35E-11 4.04E-11 9.09E-11 1.54E-10 1.90E-10 1.98E-10
 1.00E-74 1.00E-74 1.00E-74 1.70E-42 4.76E-26 2.75E-16 4.10E-13 4.32E-12
 1.35E-11 4.04E-11 9.08E-11 1.54E-10 1.90E-10 1.98E-10
 1.00E-74 1.00E-74 1.00E-74 1.74E-42 4.82E-26 2.75E-16 4.08E-13 4.30E-12
 1.35E-11 4.02E-11 9.02E-11 1.53E-10 1.88E-10 1.97E-10
 1.00E-74 1.00E-74 1.00E-74 2.23E-42 5.29E-26 2.64E-16 3.79E-13 3.98E-12
 1.24E-11 3.71E-11 8.37E-11 1.43E-10 1.78E-10 1.87E-10
 1.00E-74 1.00E-74 1.00E-74 1.23E-41 7.50E-26 1.74E-16 2.19E-13 2.24E-12
 7.00E-12 2.11E-11 4.91E-11 8.89E-11 1.17E-10 1.28E-10
  44.1234    7  14 /pl=01:ss= 6:pb= 1:sz= 6/type=excit/ispb = t/isel =    4
 1.00E+10 1.00E+11 1.00E+12 1.00E+13 1.00E+14 1.00E+15 1.00E+16
 8.44E-01 1.27E+00 2.11E+00 4.22E+00 8.44E+00 2.11E+01 4.22E+01 6.33E+01
 8.44E+01 1.27E+02 2.11E+02 4.22E+02 8.44E+02 1.27E+03
 1.00E-74 1.00E-74 1.00E-74 1.45E-37 2.89E-23 8.77E-15 5.00E-12 3.86E-11
 1.03E-10 2.66E-10 5.33E-10 8.37E-10 9.94E-10 1.03E-09
 1.00E-74 1.00E-74 1.00E-74 1.45E-37 2.89E-23 8.77E-15 5.00E-12 3.86E-11
 1.03E-10 2.66E-10 5.33E-10 8.37E-10 9.94E-10 1.03E-09
 1.00E-74 1.00E-74 1.00E-74 1.45E-37 2.90E-23 8.80E-15 5.01E-12 3.86E-11
 1.03E-10 2.66E-10 5.34E-10 8.38E-10 9.94E-10 1.03E-09
 1.00E-74 1.00E-74 1.00E-74 1.53E-37 3.01E-23 9.02E-15 5.11E-12 3.93E-11
 1.05E-10 2.70E-10 5.41E-10 8.46E-10 1.00E-09 1.03E-09
 1.00E-74 1.00E-74 1.00E-74 2.28E-37 4.04E-23 1.09E-14 5.90E-12 4.47E-11
 1.18E-10 3.01E-10 5.93E-10 9.10E-10 1.06E-09 1.08E-09
 1.00E-74 1.00E-74 1.00E-74 9.34E-37 1.11E-22 1.67E-14 7.55E-12 5.46E-11
 1.42E-10 3.54E-10 6.87E-10 1.04E-09 1.20E-09 1.21E-09
 1.00E-74 1.00E-74 1.00E-74 5.37E-36 1.97E-22 1.21E-14 4.61E-12 3.24E-11
 8.37E-11 2.11E-10 4.25E-10 6.88E-10 8.44E-10 8.92E-10
  48.7473    7  14 /pl=01:ss= 6:pb= 1:sz= 6/type=excit/ispb = t/isel =    5
 1.00E+10 1.00E+11 1.00E+12 1.00E+13 1.00E+14 1.00E+15 1.00E+16
 8.44E-01 1.27E+00 2.11E+00 4.22E+00 8.44E+00 2.11E+01 4.22E+01 6.33E+01
 8.44E+01 1.27E+02 2.11E+02 4.22E+02 8.44E+02 1.27E+03
 1.00E-74 1.00E-74 1.00E-74 3.83E-35 3.28E-22 1.54E-14 4.87E-12 3.11E-11
 7.56E-11 1.77E-10 3.22E-10 4.52E-10 4.75E-10 4.56E-10
 1.00E-74 1.00E-74 1.00E-74 3.83E-35 3.28E-22 1.54E-14 4.87E-12 3.11E-11
 7.56E-11 1.77E-10 3.22E-10 4.52E-10 4.75E-10 4.56E-10
 1.00E-74 1.00E-74 1.00E-74 3.83E-35 3.28E-22 1.54E-14 4.85E-12 3.10E-11
 7.54E-11 1.76E-10 3.21E-10 4.51E-10 4.74E-10 4.56E-10
 1.00E-74 1.00E-74 1.00E-74 3.83E-35 3.27E-22 1.52E-14 4.74E-12 3.02E-11
 7.34E-11 1.72E-10 3.13E-10 4.41E-10 4.65E-10 4.48E-10
 1.00E-74 1.00E-74 1.00E-74 3.81E-35 3.14E-22 1.31E-14 3.84E-12 2.41E-11
 5.81E-11 1.36E-10 2.50E-10 3.59E-10 3.89E-10 3.81E-10
 1.00E-74 1.00E-74 1.00E-74 3.62E-35 2.25E-22 5.19E-15 1.24E-12 7.38E-12
 1.76E-11 4.13E-11 7.81E-11 1.20E-10 1.43E-10 1.48E-10
 1.00E-74 1.00E-74 1.00E-74 2.41E-35 4.79E-23 4.52E-16 8.95E-14 5.19E-13
 1.23E-12 2.95E-12 5.86E-12 9.88E-12 1.30E-11 1.45E-11
  115.171    7  14 /pl=01:ss= 6:pb= 1:sz= 6/type=excit/ispb = t/isel =    6
 1.00E+10 1.00E+11 1.00E+12 1.00E+13 1.00E+14 1.00E+15 1.00E+16
 8.44E-01 1.27E+00 2.11E+00 4.22E+00 8.44E+00 2.11E+01 4.22E+01 6.33E+01
 8.44E+01 1.27E+02 2.11E+02 4.22E+02 8.44E+02 1.27E+03
 1.00E-74 1.00E-74 4.80E-33 4.15E-22 1.04E-16 1.43E-13 1.34E-12 2.66E-12
 3.66E-12 4.90E-12 6.04E-12 6.91E-12 7.19E-12 7.16E-12
 1.00E-74 1.09E-47 4.80E-33 4.15E-22 1.04E-16 1.43E-13 1.34E-12 2.66E-12
 3.66E-12 4.90E-12 6.04E-12 6.91E-12 7.19E-12 7.16E-12
 1.00E-74 1.09E-47 4.81E-33 4.15E-22 1.04E-16 1.43E-13 1.34E-12 2.66E-12
 3.66E-12 4.90E-12 6.04E-12 6.91E-12 7.19E-12 7.16E-12
 1.00E-74 1.08E-47 4.90E-33 4.20E-22 1.05E-16 1.43E-13 1.35E-12 2.67E-12
 3.66E-12 4.90E-12 6.04E-12 6.90E-12 7.17E-12 7.14E-12
 1.00E-74 1.28E-47 5.60E-33 4.62E-22 1.12E-16 1.49E-13 1.38E-12 2.72E-12
 3.72E-12 4.94E-12 6.03E-12 6.81E-12 7.03E-12 6.99E-12
 1.00E-74 2.26E-47 8.94E-33 6.51E-22 1.40E-16 1.68E-13 1.48E-12 2.86E-12
 3.85E-12 5.00E-12 5.90E-12 6.33E-12 6.27E-12 6.12E-12
 1.00E-74 7.66E-47 2.78E-32 1.61E-21 2.37E-16 1.89E-13 1.43E-12 2.62E-12
 3.44E-12 4.37E-12 5.05E-12 5.23E-12 4.94E-12 4.66E-12
  122.137    7  14 /pl=01:ss= 6:pb= 1:sz= 6/type=excit/ispb = t/isel =    7
 1.00E+10 1.00E+11 1.00E+12 1.00E+13 1.00E+14 1.00E+15 1.00E+16
 8.44E-01 1.27E+00 2.11E+00 4.22E+00 8.44E+00 2.11E+01 4.22E+01 6.33E+01
 8.44E+01 1.27E+02 2.11E+02 4.22E+02 8.44E+02 1.27E+03
 1.00E-74 2.76E-45 1.76E-31 3.62E-21 4.50E-16 4.15E-13 3.42E-12 6.54E-12
 8.76E-12 1.14E-11 1.39E-11 1.55E-11 1.59E-11 1.57E-11
 1.00E-74 2.69E-45 1.76E-31 3.62E-21 4.50E-16 4.15E-13 3.42E-12 6.54E-12
 8.76E-12 1.14E-11 1.39E-11 1.55E-11 1.59E-11 1.57E-11
 1.00E-74 2.69E-45 1.76E-31 3.63E-21 4.50E-16 4.15E-13 3.42E-12 6.54E-12
 8.76E-12 1.14E-11 1.39E-11 1.55E-11 1.59E-11 1.57E-11
 1.00E-74 2.73E-45 1.78E-31 3.65E-21 4.52E-16 4.16E-13 3.42E-12 6.54E-12
 8.76E-12 1.14E-11 1.39E-11 1.55E-11 1.59E-11 1.57E-11
 1.00E-74 3.12E-45 1.98E-31 3.92E-21 4.71E-16 4.24E-13 3.45E-12 6.56E-12
 8.77E-12 1.14E-11 1.38E-11 1.53E-11 1.57E-11 1.55E-11
 1.00E-74 5.98E-45 3.41E-31 5.82E-21 6.08E-16 4.75E-13 3.65E-12 6.76E-12
 8.92E-12 1.14E-11 1.34E-11 1.45E-11 1.45E-11 1.43E-11
 1.00E-74 1.95E-44 1.05E-30 1.45E-20 1.05E-15 5.45E-13 3.58E-12 6.28E-12
 8.09E-12 1.01E-11 1.15E-11 1.18E-11 1.12E-11 1.07E-11
  127.292    7  14 /pl=01:ss= 6:pb= 1:sz= 6/type=excit/ispb = t/isel =    8
 1.00E+10 1.00E+11 1.00E+12 1.00E+13 1.00E+14 1.00E+15 1.00E+16
 8.44E-01 1.27E+00 2.11E+00 4.22E+00 8.44E+00 2.11E+01 4.22E+01 6.33E+01
 8.44E+01 1.27E+02 2.11E+02 4.22E+02 8.44E+02 1.27E+03
 1.00E-74 1.00E-74 1.45E-33 3.69E-22 1.57E-16 2.95E-13 3.06E-12 6.19E-12
 8.52E-12 1.12E-11 1.31E-11 1.31E-11 1.14E-11 1.01E-11
 1.00E-74 1.00E-74 1.45E-33 3.69E-22 1.57E-16 2.95E-13 3.06E-12 6.19E-12
 8.52E-12 1.12E-11 1.31E-11 1.31E-11 1.14E-11 1.01E-11
 1.00E-74 1.00E-74 1.45E-33 3.70E-22 1.58E-16 2.95E-13 3.06E-12 6.19E-12
 8.52E-12 1.12E-11 1.31E-11 1.31E-11 1.14E-11 1.01E-11
 1.00E-74 8.74E-49 1.47E-33 3.74E-22 1.59E-16 2.97E-13 3.07E-12 6.22E-12
 8.56E-12 1.13E-11 1.31E-11 1.32E-11 1.15E-11 1.02E-11
 1.00E-74 8.74E-49 1.67E-33 4.15E-22 1.73E-16 3.15E-13 3.22E-12 6.48E-12
 8.90E-12 1.17E-11 1.36E-11 1.36E-11 1.19E-11 1.06E-11
 1.00E-74 1.73E-48 3.01E-33 6.69E-22 2.51E-16 4.14E-13 4.03E-12 7.97E-12
 1.08E-11 1.40E-11 1.62E-11 1.63E-11 1.45E-11 1.31E-11
 1.00E-74 7.37E-48 1.16E-32 2.04E-21 5.24E-16 5.78E-13 4.83E-12 9.13E-12
 1.22E-11 1.56E-11 1.81E-11 1.86E-11 1.72E-11 1.59E-11
  129.258    7  14 /pl=01:ss= 6:pb= 1:sz= 6/type=excit/ispb = t/isel =    9
 1.00E+10 1.00E+11 1.00E+12 1.00E+13 1.00E+14 1.00E+15 1.00E+16
 8.44E-01 1.27E+00 2.11E+00 4.22E+00 8.44E+00 2.11E+01 4.22E+01 6.33E+01
 8.44E+01 1.27E+02 2.11E+02 4.22E+02 8.44E+02 1.27E+03
 1.00E-74 1.00E-74 2.24E-33 4.02E-22 1.44E-16 2.41E-13 2.38E-12 4.72E-12
 6.41E-12 8.24E-12 9.33E-12 8.94E-12 7.50E-12 6.52E-12
 1.00E-74 1.00E-74 2.24E-33 4.02E-22 1.44E-16 2.41E-13 2.38E-12 4.72E-12
 6.41E-12 8.24E-12 9.33E-12 8.94E-12 7.50E-12 6.52E-12
 1.00E-74 3.12E-48 2.24E-33 4.02E-22 1.43E-16 2.41E-13 2.38E-12 4.72E-12
 6.40E-12 8.24E-12 9.32E-12 8.94E-12 7.50E-12 6.52E-12
 1.00E-74 1.87E-48 2.20E-33 3.96E-22 1.41E-16 2.38E-13 2.36E-12 4.67E-12
 6.34E-12 8.17E-12 9.26E-12 8.90E-12 7.47E-12 6.51E-12
 1.00E-74 1.62E-48 1.99E-33 3.55E-22 1.27E-16 2.15E-13 2.15E-12 4.30E-12
 5.87E-12 7.62E-12 8.73E-12 8.52E-12 7.27E-12 6.38E-12
 1.00E-74 1.56E-48 1.76E-33 2.87E-22 9.43E-17 1.49E-13 1.47E-12 2.96E-12
 4.08E-12 5.40E-12 6.38E-12 6.58E-12 6.00E-12 5.48E-12
 1.00E-74 5.14E-48 5.12E-33 6.34E-22 1.38E-16 1.39E-13 1.13E-12 2.13E-12
 2.83E-12 3.64E-12 4.24E-12 4.41E-12 4.14E-12 3.87E-12
  131.903    7  14 /pl=01:ss= 6:pb= 1:sz= 6/type=excit/ispb = t/isel =   10
 1.00E+10 1.00E+11 1.00E+12 1.00E+13 1.00E+14 1.00E+15 1.00E+16
 8.44E-01 1.27E+00 2.11E+00 4.22E+00 8.44E+00 2.11E+01 4.22E+01 6.33E+01
 8.44E+01 1.27E+02 2.11E+02 4.22E+02 8.44E+02 1.27E+03
 1.00E-74 1.00E-74 1.17E-32 1.35E-21 3.89E-16 5.77E-13 5.52E-12 1.09E-11
 1.48E-11 1.94E-11 2.25E-11 2.26E-11 1.99E-11 1.77E-11
 1.00E-74 1.00E-74 1.17E-32 1.35E-21 3.89E-16 5.77E-13 5.52E-12 1.09E-11
 1.48E-11 1.94E-11 2.25E-11 2.26E-11 1.99E-11 1.77E-11
 1.00E-74 1.68E-47 1.18E-32 1.35E-21 3.89E-16 5.77E-13 5.52E-12 1.09E-11
 1.48E-11 1.94E-11 2.25E-11 2.26E-11 1.99E-11 1.77E-11
 1.00E-74 1.72E-47 1.18E-32 1.36E-21 3.91E-16 5.79E-13 5.53E-12 1.09E-11
 1.49E-11 1.94E-11 2.25E-11 2.26E-11 1.99E-11 1.77E-11
 1.00E-74 1.92E-47 1.28E-32 1.45E-21 4.11E-16 5.99E-13 5.68E-12 1.12E-11
 1.52E-11 1.98E-11 2.29E-11 2.30E-11 2.02E-11 1.80E-11
 1.00E-74 3.79E-47 2.26E-32 2.25E-21 5.69E-16 7.42E-13 6.69E-12 1.29E-11
 1.74E-11 2.23E-11 2.56E-11 2.57E-11 2.29E-11 2.06E-11
 1.00E-74 1.69E-46 9.18E-32 7.16E-21 1.23E-15 1.06E-12 8.18E-12 1.51E-11
 1.99E-11 2.52E-11 2.90E-11 2.97E-11 2.75E-11 2.55E-11
  135.173    7  14 /pl=01:ss= 6:pb= 1:sz= 6/type=excit/ispb = t/isel =   11
 1.00E+10 1.00E+11 1.00E+12 1.00E+13 1.00E+14 1.00E+15 1.00E+16
 8.44E-01 1.27E+00 2.11E+00 4.22E+00 8.44E+00 2.11E+01 4.22E+01 6.33E+01
 8.44E+01 1.27E+02 2.11E+02 4.22E+02 8.44E+02 1.27E+03
 1.00E-74 1.00E-74 3.00E-32 2.00E-21 4.33E-16 5.42E-13 4.85E-12 9.36E-12
 1.25E-11 1.58E-11 1.76E-11 1.68E-11 1.41E-11 1.22E-11
 1.00E-74 9.84E-47 3.00E-32 2.00E-21 4.33E-16 5.42E-13 4.85E-12 9.36E-12
 1.25E-11 1.58E-11 1.76E-11 1.68E-11 1.41E-11 1.22E-11
 1.00E-74 9.35E-47 3.00E-32 2.00E-21 4.33E-16 5.42E-13 4.84E-12 9.36E-12
 1.25E-11 1.58E-11 1.76E-11 1.68E-11 1.41E-11 1.22E-11
 1.00E-74 9.05E-47 2.99E-32 1.99E-21 4.31E-16 5.40E-13 4.82E-12 9.32E-12
 1.24E-11 1.57E-11 1.76E-11 1.67E-11 1.40E-11 1.22E-11
 1.00E-74 8.84E-47 2.89E-32 1.91E-21 4.13E-16 5.17E-13 4.64E-12 8.98E-12
 1.20E-11 1.52E-11 1.71E-11 1.64E-11 1.38E-11 1.20E-11
 1.00E-74 8.82E-47 2.71E-32 1.67E-21 3.38E-16 4.00E-13 3.57E-12 6.98E-12
 9.42E-12 1.22E-11 1.40E-11 1.40E-11 1.23E-11 1.10E-11
 1.00E-74 2.43E-46 6.55E-32 3.04E-21 4.06E-16 3.08E-13 2.31E-12 4.24E-12
 5.60E-12 7.15E-12 8.31E-12 8.69E-12 8.20E-12 7.69E-12
  136.511    7  14 /pl=01:ss= 6:pb= 1:sz= 6/type=excit/ispb = t/isel =   12
 1.00E+10 1.00E+11 1.00E+12 1.00E+13 1.00E+14 1.00E+15 1.00E+16
 8.44E-01 1.27E+00 2.11E+00 4.22E+00 8.44E+00 2.11E+01 4.22E+01 6.33E+01
 8.44E+01 1.27E+02 2.11E+02 4.22E+02 8.44E+02 1.27E+03
 1.00E-74 3.27E-41 7.27E-29 1.18E-19 4.19E-15 1.90E-12 1.25E-11 2.22E-11
 2.89E-11 3.65E-11 4.28E-11 4.67E-11 4.71E-11 4.61E-11
 1.00E-74 3.27E-41 7.27E-29 1.18E-19 4.19E-15 1.90E-12 1.25E-11 2.22E-11
 2.89E-11 3.65E-11 4.28E-11 4.67E-11 4.71E-11 4.60E-11
 1.00E-74 3.27E-41 7.28E-29 1.18E-19 4.19E-15 1.90E-12 1.25E-11 2.22E-11
 2.89E-11 3.65E-11 4.28E-11 4.67E-11 4.71E-11 4.60E-11
 1.00E-74 3.32E-41 7.35E-29 1.18E-19 4.21E-15 1.90E-12 1.25E-11 2.22E-11
 2.89E-11 3.65E-11 4.28E-11 4.67E-11 4.70E-11 4.60E-11
 1.00E-74 3.74E-41 8.08E-29 1.26E-19 4.38E-15 1.93E-12 1.26E-11 2.23E-11
 2.89E-11 3.64E-11 4.26E-11 4.63E-11 4.66E-11 4.56E-11
 1.00E-74 7.45E-41 1.45E-28 1.96E-19 5.84E-15 2.20E-12 1.35E-11 2.32E-11
 2.96E-11 3.66E-11 4.20E-11 4.47E-11 4.45E-11 4.34E-11
 1.00E-74 2.58E-40 4.91E-28 5.61E-19 1.16E-14 2.86E-12 1.47E-11 2.38E-11
 2.94E-11 3.51E-11 3.86E-11 3.90E-11 3.69E-11 3.52E-11
  139.793    7  14 /pl=01:ss= 6:pb= 1:sz= 6/type=excit/ispb = t/isel =   13
 1.00E+10 1.00E+11 1.00E+12 1.00E+13 1.00E+14 1.00E+15 1.00E+16
 8.44E-01 1.27E+00 2.11E+00 4.22E+00 8.44E+00 2.11E+01 4.22E+01 6.33E+01
 8.44E+01 1.27E+02 2.11E+02 4.22E+02 8.44E+02 1.27E+03
 1.00E-74 1.89E-45 2.53E-31 8.34E-21 1.30E-15 1.34E-12 1.14E-11 2.17E-11
 2.90E-11 3.75E-11 4.30E-11 4.30E-11 3.81E-11 3.43E-11
 1.00E-74 1.95E-45 2.53E-31 8.34E-21 1.30E-15 1.34E-12 1.14E-11 2.17E-11
 2.90E-11 3.75E-11 4.30E-11 4.30E-11 3.81E-11 3.43E-11
 1.00E-74 1.98E-45 2.53E-31 8.34E-21 1.30E-15 1.34E-12 1.14E-11 2.17E-11
 2.90E-11 3.75E-11 4.30E-11 4.30E-11 3.81E-11 3.43E-11
 1.00E-74 1.99E-45 2.54E-31 8.37E-21 1.30E-15 1.34E-12 1.14E-11 2.17E-11
 2.90E-11 3.75E-11 4.30E-11 4.30E-11 3.81E-11 3.43E-11
 1.00E-74 2.12E-45 2.67E-31 8.70E-21 1.34E-15 1.36E-12 1.15E-11 2.19E-11
 2.93E-11 3.77E-11 4.31E-11 4.31E-11 3.82E-11 3.44E-11
 1.00E-74 3.81E-45 4.29E-31 1.24E-20 1.70E-15 1.56E-12 1.26E-11 2.36E-11
 3.12E-11 3.98E-11 4.53E-11 4.52E-11 4.01E-11 3.62E-11
 1.00E-74 1.95E-44 2.01E-30 4.49E-20 4.10E-15 2.42E-12 1.65E-11 2.91E-11
 3.75E-11 4.67E-11 5.28E-11 5.36E-11 4.92E-11 4.55E-11
  145.964    7  14 /pl=01:ss= 6:pb= 1:sz= 6/type=excit/ispb = t/isel =   14
 1.00E+10 1.00E+11 1.00E+12 1.00E+13 1.00E+14 1.00E+15 1.00E+16
 8.44E-01 1.27E+00 2.11E+00 4.22E+00 8.44E+00 2.11E+01 4.22E+01 6.33E+01
 8.44E+01 1.27E+02 2.11E+02 4.22E+02 8.44E+02 1.27E+03
 1.00E-74 4.29E-44 1.66E-30 2.21E-20 2.15E-15 1.67E-12 1.28E-11 2.32E-11
 3.03E-11 3.74E-11 4.10E-11 3.87E-11 3.21E-11 2.80E-11
 1.00E-74 4.25E-44 1.66E-30 2.21E-20 2.15E-15 1.67E-12 1.28E-11 2.32E-11
 3.03E-11 3.74E-11 4.10E-11 3.87E-11 3.21E-11 2.80E-11
 1.00E-74 4.25E-44 1.66E-30 2.21E-20 2.15E-15 1.67E-12 1.28E-11 2.32E-11
 3.03E-11 3.74E-11 4.10E-11 3.87E-11 3.21E-11 2.80E-11
 1.00E-74 4.25E-44 1.66E-30 2.21E-20 2.15E-15 1.67E-12 1.28E-11 2.32E-11
 3.02E-11 3.73E-11 4.10E-11 3.86E-11 3.21E-11 2.79E-11
 1.00E-74 4.26E-44 1.65E-30 2.19E-20 2.12E-15 1.64E-12 1.25E-11 2.28E-11
 2.97E-11 3.67E-11 4.03E-11 3.81E-11 3.17E-11 2.76E-11
 1.00E-74 4.52E-44 1.68E-30 2.13E-20 1.95E-15 1.42E-12 1.08E-11 1.97E-11
 2.58E-11 3.22E-11 3.58E-11 3.46E-11 2.95E-11 2.60E-11
 1.00E-74 1.04E-43 3.45E-30 3.38E-20 2.09E-15 1.01E-12 6.60E-12 1.16E-11
 1.51E-11 1.89E-11 2.17E-11 2.25E-11 2.09E-11 1.95E-11
  155.451    7  14 /pl=01:ss= 6:pb= 1:sz= 6/type=excit/ispb = t/isel =   15
 1.00E+10 1.00E+11 1.00E+12 1.00E+13 1.00E+14 1.00E+15 1.00E+16
 8.44E-01 1.27E+00 2.11E+00 4.22E+00 8.44E+00 2.11E+01 4.22E+01 6.33E+01
 8.44E+01 1.27E+02 2.11E+02 4.22E+02 8.44E+02 1.27E+03
 1.00E-74 4.51E-42 3.41E-29 1.36E-19 7.41E-15 4.16E-12 2.92E-11 5.25E-11
 6.81E-11 8.51E-11 9.63E-11 9.57E-11 8.50E-11 7.69E-11
 1.00E-74 4.51E-42 3.41E-29 1.36E-19 7.41E-15 4.16E-12 2.92E-11 5.25E-11
 6.81E-11 8.51E-11 9.63E-11 9.57E-11 8.50E-11 7.69E-11
 1.00E-74 4.51E-42 3.41E-29 1.36E-19 7.41E-15 4.16E-12 2.92E-11 5.25E-11
 6.81E-11 8.51E-11 9.62E-11 9.57E-11 8.50E-11 7.69E-11
 1.00E-74 4.53E-42 3.42E-29 1.36E-19 7.42E-15 4.16E-12 2.92E-11 5.25E-11
 6.81E-11 8.51E-11 9.62E-11 9.57E-11 8.49E-11 7.68E-11
 1.00E-74 4.74E-42 3.55E-29 1.40E-19 7.55E-15 4.20E-12 2.94E-11 5.26E-11
 6.82E-11 8.51E-11 9.61E-11 9.54E-11 8.47E-11 7.66E-11
 1.00E-74 7.65E-42 5.19E-29 1.84E-19 8.97E-15 4.53E-12 3.05E-11 5.39E-11
 6.95E-11 8.62E-11 9.69E-11 9.61E-11 8.54E-11 7.74E-11
 1.00E-74 4.72E-41 2.87E-28 7.65E-19 2.39E-14 7.41E-12 4.08E-11 6.73E-11
 8.39E-11 1.01E-10 1.12E-10 1.12E-10 1.02E-10 9.34E-11
  170.089    7  14 /pl=01:ss= 6:pb= 1:sz= 6/type=excit/ispb = t/isel =   16
 1.00E+10 1.00E+11 1.00E+12 1.00E+13 1.00E+14 1.00E+15 1.00E+16
 8.44E-01 1.27E+00 2.11E+00 4.22E+00 8.44E+00 2.11E+01 4.22E+01 6.33E+01
 8.44E+01 1.27E+02 2.11E+02 4.22E+02 8.44E+02 1.27E+03
 1.00E-74 1.83E-39 1.58E-27 1.22E-18 2.86E-14 9.45E-12 5.47E-11 9.09E-11
 1.13E-10 1.34E-10 1.42E-10 1.31E-10 1.08E-10 9.40E-11
 1.00E-74 1.83E-39 1.58E-27 1.22E-18 2.86E-14 9.45E-12 5.47E-11 9.09E-11
 1.13E-10 1.34E-10 1.42E-10 1.31E-10 1.08E-10 9.40E-11
 1.00E-74 1.83E-39 1.58E-27 1.22E-18 2.86E-14 9.45E-12 5.47E-11 9.09E-11
 1.13E-10 1.34E-10 1.42E-10 1.31E-10 1.08E-10 9.40E-11
 1.00E-74 1.83E-39 1.58E-27 1.22E-18 2.86E-14 9.44E-12 5.46E-11 9.08E-11
 1.13E-10 1.34E-10 1.42E-10 1.31E-10 1.08E-10 9.39E-11
 1.00E-74 1.84E-39 1.59E-27 1.22E-18 2.85E-14 9.36E-12 5.41E-11 8.99E-11
 1.12E-10 1.32E-10 1.40E-10 1.29E-10 1.07E-10 9.31E-11
 1.00E-74 2.01E-39 1.69E-27 1.25E-18 2.78E-14 8.65E-12 4.93E-11 8.18E-11
 1.02E-10 1.21E-10 1.29E-10 1.20E-10 1.01E-10 8.83E-11
 1.00E-74 3.82E-39 3.02E-27 1.87E-18 2.95E-14 6.37E-12 3.21E-11 5.20E-11
 6.47E-11 7.78E-11 8.61E-11 8.57E-11 7.74E-11 7.08E-11
  178.435    7  14 /pl=01:ss= 6:pb= 1:sz= 6/type=excit/ispb = t/isel =   17
 1.00E+10 1.00E+11 1.00E+12 1.00E+13 1.00E+14 1.00E+15 1.00E+16
 8.44E-01 1.27E+00 2.11E+00 4.22E+00 8.44E+00 2.11E+01 4.22E+01 6.33E+01
 8.44E+01 1.27E+02 2.11E+02 4.22E+02 8.44E+02 1.27E+03
 4.88E-45 3.20E-33 8.39E-24 8.46E-17 2.37E-13 2.42E-11 1.01E-10 1.55E-10
 1.88E-10 2.24E-10 2.48E-10 2.60E-10 2.55E-10 2.47E-10
 4.78E-45 3.20E-33 8.39E-24 8.46E-17 2.37E-13 2.42E-11 1.01E-10 1.55E-10
 1.88E-10 2.24E-10 2.48E-10 2.60E-10 2.55E-10 2.47E-10
 4.80E-45 3.21E-33 8.40E-24 8.47E-17 2.37E-13 2.42E-11 1.01E-10 1.55E-10
 1.88E-10 2.24E-10 2.48E-10 2.60E-10 2.55E-10 2.47E-10
 4.89E-45 3.25E-33 8.49E-24 8.54E-17 2.38E-13 2.43E-11 1.01E-10 1.55E-10
 1.88E-10 2.24E-10 2.48E-10 2.60E-10 2.55E-10 2.46E-10
 5.74E-45 3.72E-33 9.44E-24 9.21E-17 2.50E-13 2.49E-11 1.03E-10 1.57E-10
 1.90E-10 2.24E-10 2.48E-10 2.59E-10 2.53E-10 2.45E-10
 1.35E-44 8.04E-33 1.84E-23 1.55E-16 3.62E-13 3.02E-11 1.16E-10 1.71E-10
 2.03E-10 2.34E-10 2.53E-10 2.58E-10 2.48E-10 2.39E-10
 5.18E-44 3.16E-32 7.26E-23 5.48E-16 9.23E-13 5.06E-11 1.59E-10 2.18E-10
 2.48E-10 2.73E-10 2.80E-10 2.64E-10 2.39E-10 2.23E-10
  181.267    7  14 /pl=01:ss= 6:pb= 1:sz= 6/type=excit/ispb = t/isel =   18
 1.00E+10 1.00E+11 1.00E+12 1.00E+13 1.00E+14 1.00E+15 1.00E+16
 8.44E-01 1.27E+00 2.11E+00 4.22E+00 8.44E+00 2.11E+01 4.22E+01 6.33E+01
 8.44E+01 1.27E+02 2.11E+02 4.22E+02 8.44E+02 1.27E+03
 1.00E-74 1.00E-74 1.00E-74 4.89E-43 1.37E-26 7.94E-17 1.18E-13 1.25E-12
 3.90E-12 1.17E-11 2.62E-11 4.46E-11 5.47E-11 5.72E-11
 1.00E-74 1.00E-74 1.00E-74 4.90E-43 1.37E-26 7.94E-17 1.18E-13 1.25E-12
 3.90E-12 1.17E-11 2.62E-11 4.46E-11 5.47E-11 5.72E-11
 1.00E-74 1.00E-74 1.00E-74 4.90E-43 1.37E-26 7.94E-17 1.18E-13 1.25E-12
 3.90E-12 1.17E-11 2.62E-11 4.45E-11 5.47E-11 5.72E-11
 1.00E-74 1.00E-74 1.00E-74 4.91E-43 1.37E-26 7.94E-17 1.18E-13 1.25E-12
 3.90E-12 1.17E-11 2.62E-11 4.45E-11 5.47E-11 5.72E-11
 1.00E-74 1.00E-74 1.00E-74 5.02E-43 1.39E-26 7.94E-17 1.18E-13 1.24E-12
 3.88E-12 1.16E-11 2.60E-11 4.42E-11 5.44E-11 5.69E-11
 1.00E-74 1.00E-74 1.00E-74 6.42E-43 1.53E-26 7.61E-17 1.09E-13 1.15E-12
 3.59E-12 1.07E-11 2.42E-11 4.14E-11 5.14E-11 5.40E-11
 1.00E-74 1.00E-74 1.00E-74 3.56E-42 2.16E-26 5.02E-17 6.31E-14 6.47E-13
 2.02E-12 6.10E-12 1.42E-11 2.57E-11 3.38E-11 3.68E-11
  181.488    7  14 /pl=01:ss= 6:pb= 1:sz= 6/type=excit/ispb = t/isel =   19
 1.00E+10 1.00E+11 1.00E+12 1.00E+13 1.00E+14 1.00E+15 1.00E+16
 8.44E-01 1.27E+00 2.11E+00 4.22E+00 8.44E+00 2.11E+01 4.22E+01 6.33E+01
 8.44E+01 1.27E+02 2.11E+02 4.22E+02 8.44E+02 1.27E+03
 1.00E-74 1.00E-74 1.00E-74 1.00E-74 8.33E-31 1.25E-18 1.18E-14 2.29E-13
 9.71E-13 3.89E-12 1.07E-11 2.02E-11 2.38E-11 2.34E-11
 1.00E-74 1.00E-74 1.00E-74 1.00E-74 8.33E-31 1.25E-18 1.18E-14 2.29E-13
 9.71E-13 3.89E-12 1.07E-11 2.02E-11 2.38E-11 2.34E-11
 1.00E-74 1.00E-74 1.00E-74 1.00E-74 8.33E-31 1.25E-18 1.18E-14 2.29E-13
 9.70E-13 3.88E-12 1.07E-11 2.02E-11 2.38E-11 2.34E-11
 1.00E-74 1.00E-74 1.00E-74 1.00E-74 8.32E-31 1.24E-18 1.18E-14 2.28E-13
 9.69E-13 3.88E-12 1.07E-11 2.01E-11 2.38E-11 2.34E-11
 1.00E-74 1.00E-74 1.00E-74 1.00E-74 8.28E-31 1.23E-18 1.17E-14 2.26E-13
 9.58E-13 3.83E-12 1.06E-11 1.99E-11 2.35E-11 2.31E-11
 1.00E-74 1.00E-74 1.00E-74 1.00E-74 7.87E-31 1.12E-18 1.05E-14 2.03E-13
 8.63E-13 3.46E-12 9.62E-12 1.82E-11 2.18E-11 2.15E-11
 1.00E-74 1.00E-74 1.00E-74 3.09E-51 5.49E-31 6.16E-19 5.41E-15 1.04E-13
 4.46E-13 1.83E-12 5.29E-12 1.07E-11 1.37E-11 1.41E-11
  182.740    7  14 /pl=01:ss= 6:pb= 1:sz= 6/type=excit/ispb = t/isel =   20
 1.00E+10 1.00E+11 1.00E+12 1.00E+13 1.00E+14 1.00E+15 1.00E+16
 8.44E-01 1.27E+00 2.11E+00 4.22E+00 8.44E+00 2.11E+01 4.22E+01 6.33E+01
 8.44E+01 1.27E+02 2.11E+02 4.22E+02 8.44E+02 1.27E+03
 1.00E-74 1.00E-74 3.66E-33 3.16E-22 7.92E-17 1.09E-13 1.02E-12 2.03E-12
 2.79E-12 3.74E-12 4.61E-12 5.27E-12 5.49E-12 5.46E-12
 1.00E-74 8.30E-48 3.67E-33 3.17E-22 7.92E-17 1.09E-13 1.02E-12 2.03E-12
 2.79E-12 3.74E-12 4.61E-12 5.27E-12 5.49E-12 5.46E-12
 1.00E-74 8.30E-48 3.67E-33 3.17E-22 7.92E-17 1.09E-13 1.02E-12 2.03E-12
 2.79E-12 3.74E-12 4.61E-12 5.27E-12 5.48E-12 5.46E-12
 1.00E-74 8.21E-48 3.73E-33 3.21E-22 7.99E-17 1.09E-13 1.03E-12 2.04E-12
 2.80E-12 3.74E-12 4.61E-12 5.26E-12 5.47E-12 5.45E-12
 1.00E-74 9.78E-48 4.27E-33 3.52E-22 8.52E-17 1.14E-13 1.05E-12 2.08E-12
 2.84E-12 3.77E-12 4.60E-12 5.19E-12 5.36E-12 5.33E-12
 1.00E-74 1.73E-47 6.82E-33 4.97E-22 1.07E-16 1.28E-13 1.13E-12 2.19E-12
 2.94E-12 3.82E-12 4.50E-12 4.83E-12 4.78E-12 4.67E-12
 1.00E-74 5.84E-47 2.12E-32 1.22E-21 1.81E-16 1.44E-13 1.09E-12 2.00E-12
 2.63E-12 3.34E-12 3.85E-12 3.99E-12 3.77E-12 3.56E-12
  197.223    7  14 /pl=01:ss= 6:pb= 1:sz= 6/type=excit/ispb = t/isel =   21
 1.00E+10 1.00E+11 1.00E+12 1.00E+13 1.00E+14 1.00E+15 1.00E+16
 8.44E-01 1.27E+00 2.11E+00 4.22E+00 8.44E+00 2.11E+01 4.22E+01 6.33E+01
 8.44E+01 1.27E+02 2.11E+02 4.22E+02 8.44E+02 1.27E+03
 1.00E-74 6.22E-36 2.26E-25 1.63E-17 1.20E-13 2.10E-11 1.02E-10 1.63E-10
 2.01E-10 2.38E-10 2.59E-10 2.52E-10 2.24E-10 2.03E-10
 1.00E-74 6.22E-36 2.26E-25 1.63E-17 1.20E-13 2.10E-11 1.02E-10 1.63E-10
 2.01E-10 2.38E-10 2.59E-10 2.52E-10 2.24E-10 2.03E-10
 1.00E-74 6.22E-36 2.26E-25 1.63E-17 1.20E-13 2.10E-11 1.02E-10 1.63E-10
 2.01E-10 2.38E-10 2.59E-10 2.52E-10 2.24E-10 2.03E-10
 1.00E-74 6.25E-36 2.27E-25 1.64E-17 1.20E-13 2.10E-11 1.02E-10 1.63E-10
 2.01E-10 2.38E-10 2.59E-10 2.52E-10 2.24E-10 2.03E-10
 3.54E-49 6.57E-36 2.36E-25 1.68E-17 1.22E-13 2.12E-11 1.03E-10 1.63E-10
 2.01E-10 2.38E-10 2.58E-10 2.51E-10 2.23E-10 2.02E-10
 6.62E-49 1.07E-35 3.47E-25 2.21E-17 1.45E-13 2.27E-11 1.06E-10 1.66E-10
 2.03E-10 2.39E-10 2.58E-10 2.50E-10 2.22E-10 2.02E-10
 5.44E-48 8.07E-35 2.29E-24 1.08E-16 4.40E-13 4.02E-11 1.49E-10 2.15E-10
 2.52E-10 2.85E-10 3.00E-10 2.89E-10 2.58E-10 2.35E-10
  200.923    7  14 /pl=01:ss= 6:pb= 1:sz= 6/type=excit/ispb = t/isel =   22
 1.00E+10 1.00E+11 1.00E+12 1.00E+13 1.00E+14 1.00E+15 1.00E+16
 8.44E-01 1.27E+00 2.11E+00 4.22E+00 8.44E+00 2.11E+01 4.22E+01 6.33E+01
 8.44E+01 1.27E+02 2.11E+02 4.22E+02 8.44E+02 1.27E+03
 1.00E-74 2.31E-45 1.47E-31 3.03E-21 3.77E-16 3.48E-13 2.86E-12 5.47E-12
 7.33E-12 9.59E-12 1.16E-11 1.30E-11 1.33E-11 1.32E-11
 1.00E-74 2.25E-45 1.47E-31 3.04E-21 3.77E-16 3.48E-13 2.86E-12 5.47E-12
 7.33E-12 9.59E-12 1.16E-11 1.30E-11 1.33E-11 1.32E-11
 1.00E-74 2.25E-45 1.47E-31 3.04E-21 3.77E-16 3.48E-13 2.86E-12 5.47E-12
 7.33E-12 9.59E-12 1.16E-11 1.30E-11 1.33E-11 1.32E-11
 1.00E-74 2.28E-45 1.49E-31 3.06E-21 3.78E-16 3.49E-13 2.86E-12 5.48E-12
 7.33E-12 9.58E-12 1.16E-11 1.30E-11 1.33E-11 1.32E-11
 1.00E-74 2.62E-45 1.66E-31 3.28E-21 3.95E-16 3.55E-13 2.89E-12 5.50E-12
 7.34E-12 9.57E-12 1.15E-11 1.29E-11 1.31E-11 1.30E-11
 1.00E-74 5.00E-45 2.86E-31 4.87E-21 5.09E-16 3.98E-13 3.06E-12 5.66E-12
 7.47E-12 9.54E-12 1.12E-11 1.21E-11 1.22E-11 1.19E-11
 1.00E-74 1.63E-44 8.79E-31 1.22E-20 8.78E-16 4.57E-13 3.00E-12 5.26E-12
 6.78E-12 8.43E-12 9.60E-12 9.90E-12 9.41E-12 8.97E-12
  232.093    7  14 /pl=01:ss= 6:pb= 1:sz= 6/type=excit/ispb = t/isel =   23
 1.00E+10 1.00E+11 1.00E+12 1.00E+13 1.00E+14 1.00E+15 1.00E+16
 8.44E-01 1.27E+00 2.11E+00 4.22E+00 8.44E+00 2.11E+01 4.22E+01 6.33E+01
 8.44E+01 1.27E+02 2.11E+02 4.22E+02 8.44E+02 1.27E+03
 1.00E-74 1.00E-74 1.00E-74 1.00E-74 2.25E-30 1.17E-18 7.81E-15 1.35E-13
 5.38E-13 2.03E-12 5.39E-12 9.77E-12 1.14E-11 1.11E-11
 1.00E-74 1.00E-74 1.00E-74 1.00E-74 2.25E-30 1.17E-18 7.81E-15 1.35E-13
 5.38E-13 2.03E-12 5.39E-12 9.77E-12 1.14E-11 1.11E-11
 1.00E-74 1.00E-74 1.00E-74 1.00E-74 2.25E-30 1.17E-18 7.81E-15 1.35E-13
 5.38E-13 2.03E-12 5.39E-12 9.77E-12 1.14E-11 1.11E-11
 1.00E-74 1.00E-74 1.00E-74 1.00E-74 2.25E-30 1.17E-18 7.80E-15 1.35E-13
 5.37E-13 2.03E-12 5.38E-12 9.75E-12 1.13E-11 1.11E-11
 1.00E-74 1.00E-74 1.00E-74 1.00E-74 2.24E-30 1.16E-18 7.72E-15 1.33E-13
 5.31E-13 2.00E-12 5.32E-12 9.63E-12 1.12E-11 1.09E-11
 1.00E-74 1.00E-74 1.00E-74 4.67E-50 2.14E-30 1.06E-18 6.95E-15 1.20E-13
 4.78E-13 1.81E-12 4.82E-12 8.82E-12 1.04E-11 1.02E-11
 1.00E-74 1.00E-74 1.00E-74 3.90E-50 1.54E-30 5.88E-19 3.60E-15 6.17E-14
 2.48E-13 9.57E-13 2.66E-12 5.20E-12 6.55E-12 6.70E-12
  243.018    7  14 /pl=01:ss= 6:pb= 1:sz= 6/type=excit/ispb = t/isel =   24
 1.00E+10 1.00E+11 1.00E+12 1.00E+13 1.00E+14 1.00E+15 1.00E+16
 8.44E-01 1.27E+00 2.11E+00 4.22E+00 8.44E+00 2.11E+01 4.22E+01 6.33E+01
 8.44E+01 1.27E+02 2.11E+02 4.22E+02 8.44E+02 1.27E+03
 1.00E-74 3.25E-41 7.24E-29 1.17E-19 4.17E-15 1.89E-12 1.25E-11 2.21E-11
 2.87E-11 3.63E-11 4.26E-11 4.65E-11 4.68E-11 4.58E-11
 1.00E-74 3.25E-41 7.24E-29 1.17E-19 4.17E-15 1.89E-12 1.25E-11 2.21E-11
 2.87E-11 3.63E-11 4.26E-11 4.65E-11 4.68E-11 4.58E-11
 1.00E-74 3.26E-41 7.24E-29 1.17E-19 4.17E-15 1.89E-12 1.25E-11 2.21E-11
 2.87E-11 3.63E-11 4.26E-11 4.65E-11 4.68E-11 4.58E-11
 1.00E-74 3.30E-41 7.32E-29 1.18E-19 4.19E-15 1.89E-12 1.25E-11 2.21E-11
 2.87E-11 3.63E-11 4.26E-11 4.65E-11 4.68E-11 4.58E-11
 1.00E-74 3.72E-41 8.04E-29 1.26E-19 4.36E-15 1.92E-12 1.26E-11 2.22E-11
 2.88E-11 3.62E-11 4.24E-11 4.61E-11 4.64E-11 4.54E-11
 1.00E-74 7.41E-41 1.44E-28 1.95E-19 5.81E-15 2.19E-12 1.34E-11 2.31E-11
 2.94E-11 3.64E-11 4.18E-11 4.45E-11 4.43E-11 4.32E-11
 1.00E-74 2.57E-40 4.89E-28 5.58E-19 1.16E-14 2.85E-12 1.46E-11 2.37E-11
 2.93E-11 3.49E-11 3.85E-11 3.88E-11 3.67E-11 3.50E-11
  257.901    7  14 /pl=01:ss= 6:pb= 1:sz= 6/type=excit/ispb = t/isel =   25
 1.00E+10 1.00E+11 1.00E+12 1.00E+13 1.00E+14 1.00E+15 1.00E+16
 8.44E-01 1.27E+00 2.11E+00 4.22E+00 8.44E+00 2.11E+01 4.22E+01 6.33E+01
 8.44E+01 1.27E+02 2.11E+02 4.22E+02 8.44E+02 1.27E+03
 9.12E-41 4.77E-30 1.63E-21 3.52E-15 4.39E-12 2.52E-10 8.20E-10 1.13E-09
 1.29E-09 1.40E-09 1.39E-09 1.22E-09 9.88E-10 8.57E-10
 9.12E-41 4.77E-30 1.63E-21 3.52E-15 4.39E-12 2.52E-10 8.20E-10 1.13E-09
 1.29E-09 1.40E-09 1.39E-09 1.22E-09 9.88E-10 8.57E-10
 9.12E-41 4.77E-30 1.63E-21 3.52E-15 4.39E-12 2.52E-10 8.20E-10 1.13E-09
 1.29E-09 1.40E-09 1.39E-09 1.22E-09 9.88E-10 8.57E-10
 9.13E-41 4.77E-30 1.63E-21 3.53E-15 4.39E-12 2.52E-10 8.19E-10 1.13E-09
 1.29E-09 1.39E-09 1.39E-09 1.22E-09 9.87E-10 8.56E-10
 9.25E-41 4.83E-30 1.65E-21 3.54E-15 4.39E-12 2.50E-10 8.13E-10 1.12E-09
 1.28E-09 1.38E-09 1.37E-09 1.21E-09 9.79E-10 8.50E-10
 1.04E-40 5.32E-30 1.78E-21 3.72E-15 4.39E-12 2.37E-10 7.58E-10 1.04E-09
 1.19E-09 1.29E-09 1.29E-09 1.14E-09 9.36E-10 8.17E-10
 1.81E-40 8.86E-30 2.81E-21 5.16E-15 4.60E-12 1.82E-10 5.28E-10 7.17E-10
 8.19E-10 9.07E-10 9.45E-10 8.98E-10 7.86E-10 7.11E-10
  271.518    7  14 /pl=01:ss= 6:pb= 1:sz= 6/type=excit/ispb = t/isel =   26
 1.00E+10 1.00E+11 1.00E+12 1.00E+13 1.00E+14 1.00E+15 1.00E+16
 8.44E-01 1.27E+00 2.11E+00 4.22E+00 8.44E+00 2.11E+01 4.22E+01 6.33E+01
 8.44E+01 1.27E+02 2.11E+02 4.22E+02 8.44E+02 1.27E+03
 1.00E-74 1.00E-74 1.00E-74 3.48E-44 1.40E-27 1.07E-17 1.74E-14 1.88E-13
 5.98E-13 1.80E-12 4.02E-12 6.58E-12 7.45E-12 7.30E-12
 1.00E-74 1.00E-74 1.00E-74 3.13E-44 1.41E-27 1.07E-17 1.74E-14 1.89E-13
 5.98E-13 1.80E-12 4.03E-12 6.58E-12 7.45E-12 7.30E-12
 1.00E-74 1.00E-74 1.00E-74 3.29E-44 1.45E-27 1.09E-17 1.77E-14 1.91E-13
 6.06E-13 1.82E-12 4.07E-12 6.63E-12 7.49E-12 7.34E-12
 1.00E-74 1.00E-74 1.00E-74 4.69E-44 1.89E-27 1.32E-17 2.05E-14 2.18E-13
 6.81E-13 2.02E-12 4.43E-12 7.09E-12 7.88E-12 7.66E-12
 1.00E-74 1.00E-74 1.00E-74 1.85E-43 6.13E-27 3.21E-17 4.26E-14 4.22E-13
 1.26E-12 3.53E-12 7.26E-12 1.07E-11 1.11E-11 1.04E-11
 1.00E-74 1.00E-74 1.00E-74 1.50E-42 3.54E-26 9.62E-17 9.88E-14 9.04E-13
 2.60E-12 7.04E-12 1.41E-11 2.04E-11 2.07E-11 1.92E-11
 1.00E-74 1.00E-74 1.00E-74 1.04E-41 7.74E-26 8.95E-17 7.83E-14 6.98E-13
 2.00E-12 5.48E-12 1.14E-11 1.76E-11 1.93E-11 1.88E-11
  322.219    7  14 /pl=01:ss= 6:pb= 1:sz= 6/type=excit/ispb = t/isel =   27
 1.00E+10 1.00E+11 1.00E+12 1.00E+13 1.00E+14 1.00E+15 1.00E+16
 8.44E-01 1.27E+00 2.11E+00 4.22E+00 8.44E+00 2.11E+01 4.22E+01 6.33E+01
 8.44E+01 1.27E+02 2.11E+02 4.22E+02 8.44E+02 1.27E+03
 1.00E-74 1.50E-45 9.58E-32 1.97E-21 2.45E-16 2.26E-13 1.86E-12 3.56E-12
 4.77E-12 6.24E-12 7.56E-12 8.46E-12 8.67E-12 8.57E-12
 1.00E-74 1.46E-45 9.58E-32 1.97E-21 2.45E-16 2.26E-13 1.86E-12 3.56E-12
 4.77E-12 6.24E-12 7.56E-12 8.46E-12 8.67E-12 8.57E-12
 1.00E-74 1.46E-45 9.59E-32 1.98E-21 2.45E-16 2.26E-13 1.86E-12 3.56E-12
 4.77E-12 6.24E-12 7.56E-12 8.46E-12 8.67E-12 8.57E-12
 1.00E-74 1.49E-45 9.71E-32 1.99E-21 2.46E-16 2.27E-13 1.86E-12 3.56E-12
 4.77E-12 6.23E-12 7.55E-12 8.45E-12 8.66E-12 8.56E-12
 1.00E-74 1.70E-45 1.08E-31 2.13E-21 2.57E-16 2.31E-13 1.88E-12 3.58E-12
 4.78E-12 6.22E-12 7.51E-12 8.36E-12 8.55E-12 8.45E-12
 1.00E-74 3.26E-45 1.86E-31 3.17E-21 3.31E-16 2.59E-13 1.99E-12 3.68E-12
 4.86E-12 6.21E-12 7.29E-12 7.89E-12 7.91E-12 7.77E-12
 1.00E-74 1.06E-44 5.72E-31 7.91E-21 5.71E-16 2.97E-13 1.95E-12 3.42E-12
 4.41E-12 5.49E-12 6.24E-12 6.44E-12 6.12E-12 5.83E-12
  333.309    7  14 /pl=01:ss= 6:pb= 1:sz= 6/type=excit/ispb = t/isel =   28
 1.00E+10 1.00E+11 1.00E+12 1.00E+13 1.00E+14 1.00E+15 1.00E+16
 8.44E-01 1.27E+00 2.11E+00 4.22E+00 8.44E+00 2.11E+01 4.22E+01 6.33E+01
 8.44E+01 1.27E+02 2.11E+02 4.22E+02 8.44E+02 1.27E+03
 1.00E-74 1.00E-74 1.59E-32 1.06E-21 2.30E-16 2.87E-13 2.57E-12 4.96E-12
 6.61E-12 8.37E-12 9.34E-12 8.89E-12 7.45E-12 6.46E-12
 1.00E-74 5.21E-47 1.59E-32 1.06E-21 2.30E-16 2.87E-13 2.57E-12 4.96E-12
 6.61E-12 8.37E-12 9.34E-12 8.89E-12 7.45E-12 6.46E-12
 1.00E-74 4.95E-47 1.59E-32 1.06E-21 2.30E-16 2.87E-13 2.57E-12 4.96E-12
 6.61E-12 8.37E-12 9.33E-12 8.88E-12 7.45E-12 6.46E-12
 1.00E-74 4.80E-47 1.58E-32 1.05E-21 2.28E-16 2.86E-13 2.56E-12 4.94E-12
 6.58E-12 8.34E-12 9.31E-12 8.86E-12 7.43E-12 6.45E-12
 1.00E-74 4.68E-47 1.53E-32 1.01E-21 2.19E-16 2.74E-13 2.46E-12 4.76E-12
 6.36E-12 8.08E-12 9.05E-12 8.67E-12 7.32E-12 6.37E-12
 1.00E-74 4.68E-47 1.44E-32 8.84E-22 1.79E-16 2.12E-13 1.89E-12 3.70E-12
 4.99E-12 6.45E-12 7.42E-12 7.41E-12 6.53E-12 5.83E-12
 1.00E-74 1.29E-46 3.47E-32 1.61E-21 2.15E-16 1.63E-13 1.22E-12 2.25E-12
 2.97E-12 3.79E-12 4.40E-12 4.60E-12 4.35E-12 4.08E-12
  362.881    7  14 /pl=01:ss= 6:pb= 1:sz= 6/type=excit/ispb = t/isel =   29
 1.00E+10 1.00E+11 1.00E+12 1.00E+13 1.00E+14 1.00E+15 1.00E+16
 8.44E-01 1.27E+00 2.11E+00 4.22E+00 8.44E+00 2.11E+01 4.22E+01 6.33E+01
 8.44E+01 1.27E+02 2.11E+02 4.22E+02 8.44E+02 1.27E+03
 1.00E-74 3.45E-46 4.62E-32 1.52E-21 2.38E-16 2.44E-13 2.08E-12 3.96E-12
 5.31E-12 6.85E-12 7.86E-12 7.86E-12 6.96E-12 6.27E-12
 1.00E-74 3.57E-46 4.62E-32 1.52E-21 2.38E-16 2.44E-13 2.08E-12 3.96E-12
 5.31E-12 6.85E-12 7.86E-12 7.86E-12 6.96E-12 6.27E-12
 1.00E-74 3.62E-46 4.62E-32 1.52E-21 2.38E-16 2.45E-13 2.08E-12 3.97E-12
 5.31E-12 6.85E-12 7.86E-12 7.86E-12 6.96E-12 6.27E-12
 1.00E-74 3.64E-46 4.64E-32 1.53E-21 2.38E-16 2.45E-13 2.09E-12 3.97E-12
 5.31E-12 6.86E-12 7.86E-12 7.87E-12 6.96E-12 6.27E-12
 1.00E-74 3.87E-46 4.88E-32 1.59E-21 2.45E-16 2.49E-13 2.11E-12 4.01E-12
 5.35E-12 6.90E-12 7.89E-12 7.88E-12 6.98E-12 6.28E-12
 1.00E-74 6.96E-46 7.85E-32 2.26E-21 3.12E-16 2.85E-13 2.31E-12 4.31E-12
 5.71E-12 7.27E-12 8.28E-12 8.26E-12 7.34E-12 6.63E-12
 1.00E-74 3.57E-45 3.68E-31 8.22E-21 7.49E-16 4.43E-13 3.01E-12 5.32E-12
 6.86E-12 8.53E-12 9.66E-12 9.80E-12 9.00E-12 8.31E-12
  372.067    7  14 /pl=01:ss= 6:pb= 1:sz= 6/type=excit/ispb = t/isel =   30
 1.00E+10 1.00E+11 1.00E+12 1.00E+13 1.00E+14 1.00E+15 1.00E+16
 8.44E-01 1.27E+00 2.11E+00 4.22E+00 8.44E+00 2.11E+01 4.22E+01 6.33E+01
 8.44E+01 1.27E+02 2.11E+02 4.22E+02 8.44E+02 1.27E+03
 1.00E-74 1.00E-74 1.00E-74 5.26E-42 5.55E-26 1.80E-16 2.22E-13 2.18E-12
 6.59E-12 1.88E-11 3.99E-11 6.15E-11 6.62E-11 6.32E-11
 1.00E-74 1.00E-74 1.00E-74 5.26E-42 5.55E-26 1.80E-16 2.22E-13 2.18E-12
 6.59E-12 1.88E-11 3.99E-11 6.15E-11 6.62E-11 6.32E-11
 1.00E-74 1.00E-74 1.00E-74 5.28E-42 5.56E-26 1.81E-16 2.22E-13 2.19E-12
 6.59E-12 1.88E-11 4.00E-11 6.15E-11 6.63E-11 6.32E-11
 1.00E-74 1.00E-74 1.00E-74 5.50E-42 5.72E-26 1.84E-16 2.25E-13 2.21E-12
 6.66E-12 1.90E-11 4.02E-11 6.18E-11 6.65E-11 6.34E-11
 1.00E-74 1.00E-74 1.00E-74 7.68E-42 7.24E-26 2.11E-16 2.48E-13 2.40E-12
 7.16E-12 2.02E-11 4.23E-11 6.43E-11 6.86E-11 6.51E-11
 1.00E-74 1.00E-74 1.00E-74 2.81E-41 1.74E-25 2.88E-16 2.86E-13 2.65E-12
 7.75E-12 2.15E-11 4.46E-11 6.74E-11 7.18E-11 6.83E-11
 1.00E-74 1.00E-74 1.00E-74 1.46E-40 2.60E-25 1.73E-16 1.45E-13 1.32E-12
 3.86E-12 1.10E-11 2.38E-11 3.90E-11 4.54E-11 4.54E-11
  407.617    7  14 /pl=01:ss= 6:pb= 1:sz= 6/type=excit/ispb = t/isel =   31
 1.00E+10 1.00E+11 1.00E+12 1.00E+13 1.00E+14 1.00E+15 1.00E+16
 8.44E-01 1.27E+00 2.11E+00 4.22E+00 8.44E+00 2.11E+01 4.22E+01 6.33E+01
 8.44E+01 1.27E+02 2.11E+02 4.22E+02 8.44E+02 1.27E+03
 1.00E-74 2.36E-44 9.11E-31 1.22E-20 1.19E-15 9.19E-13 7.04E-12 1.28E-11
 1.67E-11 2.06E-11 2.26E-11 2.13E-11 1.77E-11 1.54E-11
 1.00E-74 2.34E-44 9.11E-31 1.22E-20 1.19E-15 9.19E-13 7.04E-12 1.28E-11
 1.67E-11 2.06E-11 2.26E-11 2.13E-11 1.77E-11 1.54E-11
 1.00E-74 2.34E-44 9.11E-31 1.22E-20 1.18E-15 9.19E-13 7.04E-12 1.28E-11
 1.66E-11 2.06E-11 2.26E-11 2.13E-11 1.77E-11 1.54E-11
 1.00E-74 2.34E-44 9.11E-31 1.22E-20 1.18E-15 9.17E-13 7.02E-12 1.28E-11
 1.66E-11 2.05E-11 2.25E-11 2.12E-11 1.76E-11 1.54E-11
 1.00E-74 2.34E-44 9.08E-31 1.21E-20 1.17E-15 9.01E-13 6.90E-12 1.25E-11
 1.63E-11 2.02E-11 2.22E-11 2.09E-11 1.74E-11 1.52E-11
 1.00E-74 2.49E-44 9.26E-31 1.17E-20 1.07E-15 7.83E-13 5.94E-12 1.08E-11
 1.42E-11 1.77E-11 1.97E-11 1.90E-11 1.62E-11 1.43E-11
 1.00E-74 5.70E-44 1.90E-30 1.86E-20 1.15E-15 5.55E-13 3.63E-12 6.39E-12
 8.29E-12 1.04E-11 1.20E-11 1.24E-11 1.15E-11 1.07E-11
  415.667    7  14 /pl=01:ss= 6:pb= 1:sz= 6/type=excit/ispb = t/isel =   32
 1.00E+10 1.00E+11 1.00E+12 1.00E+13 1.00E+14 1.00E+15 1.00E+16
 8.44E-01 1.27E+00 2.11E+00 4.22E+00 8.44E+00 2.11E+01 4.22E+01 6.33E+01
 8.44E+01 1.27E+02 2.11E+02 4.22E+02 8.44E+02 1.27E+03
 1.00E-74 1.00E-74 3.38E-33 2.92E-22 7.30E-17 1.00E-13 9.45E-13 1.87E-12
 2.57E-12 3.45E-12 4.25E-12 4.86E-12 5.06E-12 5.04E-12
 1.00E-74 7.65E-48 3.38E-33 2.92E-22 7.30E-17 1.00E-13 9.45E-13 1.87E-12
 2.57E-12 3.45E-12 4.25E-12 4.86E-12 5.06E-12 5.04E-12
 1.00E-74 7.65E-48 3.39E-33 2.92E-22 7.31E-17 1.00E-13 9.45E-13 1.87E-12
 2.57E-12 3.45E-12 4.25E-12 4.86E-12 5.06E-12 5.04E-12
 1.00E-74 7.57E-48 3.44E-33 2.96E-22 7.37E-17 1.01E-13 9.48E-13 1.88E-12
 2.58E-12 3.45E-12 4.25E-12 4.85E-12 5.05E-12 5.03E-12
 1.00E-74 9.02E-48 3.94E-33 3.25E-22 7.86E-17 1.05E-13 9.73E-13 1.92E-12
 2.62E-12 3.48E-12 4.24E-12 4.79E-12 4.95E-12 4.92E-12
 1.00E-74 1.59E-47 6.29E-33 4.58E-22 9.88E-17 1.18E-13 1.04E-12 2.02E-12
 2.71E-12 3.52E-12 4.15E-12 4.45E-12 4.41E-12 4.31E-12
 1.00E-74 5.39E-47 1.95E-32 1.13E-21 1.67E-16 1.33E-13 1.00E-12 1.84E-12
 2.42E-12 3.08E-12 3.55E-12 3.68E-12 3.47E-12 3.28E-12
  417.744    7  14 /pl=01:ss= 6:pb= 1:sz= 6/type=excit/ispb = t/isel =   33
 1.00E+10 1.00E+11 1.00E+12 1.00E+13 1.00E+14 1.00E+15 1.00E+16
 8.44E-01 1.27E+00 2.11E+00 4.22E+00 8.44E+00 2.11E+01 4.22E+01 6.33E+01
 8.44E+01 1.27E+02 2.11E+02 4.22E+02 8.44E+02 1.27E+03
 7.85E-45 5.15E-33 1.35E-23 1.36E-16 3.81E-13 3.89E-11 1.63E-10 2.50E-10
 3.03E-10 3.60E-10 3.99E-10 4.19E-10 4.10E-10 3.97E-10
 7.69E-45 5.15E-33 1.35E-23 1.36E-16 3.81E-13 3.89E-11 1.63E-10 2.50E-10
 3.03E-10 3.60E-10 3.99E-10 4.19E-10 4.10E-10 3.97E-10
 7.73E-45 5.16E-33 1.35E-23 1.36E-16 3.81E-13 3.89E-11 1.63E-10 2.50E-10
 3.03E-10 3.60E-10 3.99E-10 4.19E-10 4.10E-10 3.97E-10
 7.87E-45 5.24E-33 1.37E-23 1.37E-16 3.83E-13 3.90E-11 1.63E-10 2.50E-10
 3.03E-10 3.60E-10 3.99E-10 4.19E-10 4.10E-10 3.96E-10
 9.24E-45 5.99E-33 1.52E-23 1.48E-16 4.03E-13 4.00E-11 1.66E-10 2.53E-10
 3.05E-10 3.61E-10 3.99E-10 4.17E-10 4.08E-10 3.94E-10
 2.18E-44 1.29E-32 2.96E-23 2.50E-16 5.82E-13 4.87E-11 1.86E-10 2.75E-10
 3.26E-10 3.77E-10 4.07E-10 4.15E-10 3.99E-10 3.84E-10
 8.33E-44 5.08E-32 1.17E-22 8.81E-16 1.48E-12 8.14E-11 2.56E-10 3.50E-10
 3.99E-10 4.39E-10 4.50E-10 4.25E-10 3.85E-10 3.59E-10
  446.153    7  14 /pl=01:ss= 6:pb= 1:sz= 6/type=excit/ispb = t/isel =   34
 1.00E+10 1.00E+11 1.00E+12 1.00E+13 1.00E+14 1.00E+15 1.00E+16
 8.44E-01 1.27E+00 2.11E+00 4.22E+00 8.44E+00 2.11E+01 4.22E+01 6.33E+01
 8.44E+01 1.27E+02 2.11E+02 4.22E+02 8.44E+02 1.27E+03
 1.00E-74 1.38E-41 3.06E-29 4.95E-20 1.77E-15 7.98E-13 5.28E-12 9.37E-12
 1.22E-11 1.54E-11 1.80E-11 1.97E-11 1.98E-11 1.94E-11
 1.00E-74 1.38E-41 3.06E-29 4.95E-20 1.77E-15 7.98E-13 5.28E-12 9.37E-12
 1.22E-11 1.54E-11 1.80E-11 1.97E-11 1.98E-11 1.94E-11
 1.00E-74 1.38E-41 3.07E-29 4.95E-20 1.77E-15 7.99E-13 5.28E-12 9.37E-12
 1.22E-11 1.54E-11 1.80E-11 1.97E-11 1.98E-11 1.94E-11
 1.00E-74 1.40E-41 3.10E-29 4.99E-20 1.77E-15 8.00E-13 5.28E-12 9.37E-12
 1.22E-11 1.54E-11 1.80E-11 1.97E-11 1.98E-11 1.94E-11
 1.00E-74 1.57E-41 3.40E-29 5.32E-20 1.85E-15 8.13E-13 5.32E-12 9.40E-12
 1.22E-11 1.53E-11 1.80E-11 1.95E-11 1.96E-11 1.92E-11
 1.00E-74 3.14E-41 6.12E-29 8.26E-20 2.46E-15 9.26E-13 5.67E-12 9.76E-12
 1.25E-11 1.54E-11 1.77E-11 1.88E-11 1.87E-11 1.83E-11
 1.00E-74 1.09E-40 2.07E-28 2.36E-19 4.89E-15 1.20E-12 6.20E-12 1.00E-11
 1.24E-11 1.48E-11 1.63E-11 1.64E-11 1.55E-11 1.48E-11
  465.170    7  14 /pl=01:ss= 6:pb= 1:sz= 6/type=excit/ispb = t/isel =   35
 1.00E+10 1.00E+11 1.00E+12 1.00E+13 1.00E+14 1.00E+15 1.00E+16
 8.44E-01 1.27E+00 2.11E+00 4.22E+00 8.44E+00 2.11E+01 4.22E+01 6.33E+01
 8.44E+01 1.27E+02 2.11E+02 4.22E+02 8.44E+02 1.27E+03
 1.00E-74 1.00E-74 1.00E-74 1.39E-38 2.79E-24 8.46E-16 4.82E-13 3.72E-12
 9.96E-12 2.56E-11 5.14E-11 8.07E-11 9.58E-11 9.91E-11
 1.00E-74 1.00E-74 1.00E-74 1.40E-38 2.79E-24 8.46E-16 4.82E-13 3.72E-12
 9.96E-12 2.57E-11 5.14E-11 8.07E-11 9.58E-11 9.91E-11
 1.00E-74 1.00E-74 1.00E-74 1.40E-38 2.80E-24 8.48E-16 4.83E-13 3.73E-12
 9.98E-12 2.57E-11 5.15E-11 8.08E-11 9.59E-11 9.92E-11
 1.00E-74 1.00E-74 1.00E-74 1.47E-38 2.90E-24 8.69E-16 4.93E-13 3.79E-12
 1.01E-11 2.61E-11 5.21E-11 8.16E-11 9.66E-11 9.98E-11
 1.00E-74 1.00E-74 1.00E-74 2.20E-38 3.89E-24 1.05E-15 5.69E-13 4.31E-12
 1.14E-11 2.90E-11 5.71E-11 8.78E-11 1.02E-10 1.05E-10
 1.00E-74 1.00E-74 1.00E-74 9.00E-38 1.07E-23 1.61E-15 7.28E-13 5.27E-12
 1.37E-11 3.41E-11 6.63E-11 1.00E-10 1.15E-10 1.17E-10
 1.00E-74 1.00E-74 1.00E-74 5.18E-37 1.90E-23 1.17E-15 4.45E-13 3.12E-12
 8.07E-12 2.04E-11 4.10E-11 6.63E-11 8.14E-11 8.60E-11
  467.941    7  14 /pl=01:ss= 6:pb= 1:sz= 6/type=excit/ispb = t/isel =   36
 1.00E+10 1.00E+11 1.00E+12 1.00E+13 1.00E+14 1.00E+15 1.00E+16
 8.44E-01 1.27E+00 2.11E+00 4.22E+00 8.44E+00 2.11E+01 4.22E+01 6.33E+01
 8.44E+01 1.27E+02 2.11E+02 4.22E+02 8.44E+02 1.27E+03
 1.00E-74 1.00E-74 1.00E-74 1.00E-74 4.65E-28 3.58E-17 1.26E-13 1.77E-12
 6.35E-12 2.16E-11 5.29E-11 9.09E-11 1.03E-10 1.01E-10
 1.00E-74 1.00E-74 1.00E-74 1.49E-46 4.65E-28 3.58E-17 1.26E-13 1.77E-12
 6.35E-12 2.16E-11 5.29E-11 9.09E-11 1.03E-10 1.01E-10
 1.00E-74 1.00E-74 1.00E-74 2.23E-46 4.65E-28 3.58E-17 1.26E-13 1.77E-12
 6.35E-12 2.16E-11 5.29E-11 9.09E-11 1.03E-10 1.01E-10
 1.00E-74 1.00E-74 1.00E-74 2.21E-46 4.64E-28 3.57E-17 1.26E-13 1.76E-12
 6.34E-12 2.16E-11 5.28E-11 9.07E-11 1.03E-10 1.00E-10
 1.00E-74 1.00E-74 1.00E-74 2.21E-46 4.62E-28 3.54E-17 1.25E-13 1.74E-12
 6.27E-12 2.13E-11 5.22E-11 8.96E-11 1.02E-10 9.93E-11
 1.00E-74 1.00E-74 1.00E-74 2.18E-46 4.41E-28 3.23E-17 1.12E-13 1.57E-12
 5.66E-12 1.93E-11 4.75E-11 8.22E-11 9.45E-11 9.25E-11
 1.00E-74 1.00E-74 1.00E-74 1.96E-46 3.20E-28 1.84E-17 5.97E-14 8.30E-13
 3.00E-12 1.04E-11 2.67E-11 4.92E-11 6.04E-11 6.15E-11
  491.355    7  14 /pl=01:ss= 6:pb= 1:sz= 6/type=excit/ispb = t/isel =   37
 1.00E+10 1.00E+11 1.00E+12 1.00E+13 1.00E+14 1.00E+15 1.00E+16
 8.44E-01 1.27E+00 2.11E+00 4.22E+00 8.44E+00 2.11E+01 4.22E+01 6.33E+01
 8.44E+01 1.27E+02 2.11E+02 4.22E+02 8.44E+02 1.27E+03
 1.00E-74 5.05E-43 3.82E-30 1.52E-20 8.31E-16 4.66E-13 3.28E-12 5.88E-12
 7.63E-12 9.54E-12 1.08E-11 1.07E-11 9.53E-12 8.62E-12
 1.00E-74 5.05E-43 3.82E-30 1.52E-20 8.31E-16 4.66E-13 3.28E-12 5.88E-12
 7.63E-12 9.54E-12 1.08E-11 1.07E-11 9.53E-12 8.62E-12
 1.00E-74 5.05E-43 3.82E-30 1.52E-20 8.31E-16 4.66E-13 3.28E-12 5.88E-12
 7.63E-12 9.54E-12 1.08E-11 1.07E-11 9.53E-12 8.62E-12
 1.00E-74 5.08E-43 3.84E-30 1.53E-20 8.32E-16 4.67E-13 3.28E-12 5.88E-12
 7.63E-12 9.54E-12 1.08E-11 1.07E-11 9.52E-12 8.61E-12
 1.00E-74 5.32E-43 3.98E-30 1.57E-20 8.47E-16 4.70E-13 3.29E-12 5.90E-12
 7.65E-12 9.54E-12 1.08E-11 1.07E-11 9.49E-12 8.59E-12
 1.00E-74 8.58E-43 5.82E-30 2.06E-20 1.01E-15 5.07E-13 3.42E-12 6.05E-12
 7.79E-12 9.66E-12 1.09E-11 1.08E-11 9.58E-12 8.67E-12
 1.00E-74 5.29E-42 3.22E-29 8.57E-20 2.68E-15 8.31E-13 4.57E-12 7.54E-12
 9.41E-12 1.13E-11 1.25E-11 1.25E-11 1.14E-11 1.05E-11
  499.024    7  14 /pl=01:ss= 6:pb= 1:sz= 6/type=excit/ispb = t/isel =   38
 1.00E+10 1.00E+11 1.00E+12 1.00E+13 1.00E+14 1.00E+15 1.00E+16
 8.44E-01 1.27E+00 2.11E+00 4.22E+00 8.44E+00 2.11E+01 4.22E+01 6.33E+01
 8.44E+01 1.27E+02 2.11E+02 4.22E+02 8.44E+02 1.27E+03
 3.54E-28 1.93E-21 4.29E-16 3.77E-12 2.97E-10 3.27E-09 6.09E-09 6.94E-09
 7.14E-09 7.01E-09 6.35E-09 5.13E-09 3.98E-09 3.39E-09
 3.54E-28 1.93E-21 4.29E-16 3.77E-12 2.97E-10 3.27E-09 6.09E-09 6.94E-09
 7.14E-09 7.01E-09 6.35E-09 5.13E-09 3.98E-09 3.39E-09
 3.55E-28 1.93E-21 4.29E-16 3.77E-12 2.97E-10 3.27E-09 6.09E-09 6.94E-09
 7.15E-09 7.01E-09 6.35E-09 5.13E-09 3.98E-09 3.39E-09
 3.60E-28 1.95E-21 4.34E-16 3.80E-12 2.99E-10 3.28E-09 6.10E-09 6.95E-09
 7.16E-09 7.03E-09 6.36E-09 5.14E-09 3.98E-09 3.39E-09
 4.15E-28 2.20E-21 4.76E-16 4.06E-12 3.13E-10 3.38E-09 6.24E-09 7.10E-09
 7.30E-09 7.15E-09 6.46E-09 5.21E-09 4.02E-09 3.43E-09
 9.21E-28 4.49E-21 8.81E-16 6.61E-12 4.48E-10 4.25E-09 7.49E-09 8.39E-09
 8.56E-09 8.32E-09 7.45E-09 5.96E-09 4.56E-09 3.85E-09
 3.46E-27 1.73E-20 3.39E-15 2.30E-11 1.18E-09 8.00E-09 1.25E-08 1.37E-08
 1.38E-08 1.35E-08 1.23E-08 1.01E-08 7.93E-09 6.75E-09
  523.416    7  14 /pl=01:ss= 6:pb= 1:sz= 6/type=excit/ispb = t/isel =   39
 1.00E+10 1.00E+11 1.00E+12 1.00E+13 1.00E+14 1.00E+15 1.00E+16
 8.44E-01 1.27E+00 2.11E+00 4.22E+00 8.44E+00 2.11E+01 4.22E+01 6.33E+01
 8.44E+01 1.27E+02 2.11E+02 4.22E+02 8.44E+02 1.27E+03
 1.00E-74 2.24E-45 1.43E-31 2.94E-21 3.65E-16 3.37E-13 2.77E-12 5.30E-12
 7.10E-12 9.29E-12 1.13E-11 1.26E-11 1.29E-11 1.28E-11
 1.00E-74 2.18E-45 1.43E-31 2.94E-21 3.65E-16 3.37E-13 2.77E-12 5.30E-12
 7.10E-12 9.29E-12 1.13E-11 1.26E-11 1.29E-11 1.28E-11
 1.00E-74 2.18E-45 1.43E-31 2.94E-21 3.65E-16 3.37E-13 2.77E-12 5.30E-12
 7.10E-12 9.29E-12 1.13E-11 1.26E-11 1.29E-11 1.28E-11
 1.00E-74 2.21E-45 1.45E-31 2.97E-21 3.67E-16 3.38E-13 2.78E-12 5.31E-12
 7.11E-12 9.29E-12 1.12E-11 1.26E-11 1.29E-11 1.27E-11
 1.00E-74 2.53E-45 1.61E-31 3.18E-21 3.82E-16 3.44E-13 2.80E-12 5.33E-12
 7.12E-12 9.27E-12 1.12E-11 1.25E-11 1.27E-11 1.26E-11
 1.00E-74 4.85E-45 2.77E-31 4.72E-21 4.93E-16 3.86E-13 2.96E-12 5.49E-12
 7.24E-12 9.24E-12 1.09E-11 1.17E-11 1.18E-11 1.16E-11
 1.00E-74 1.58E-44 8.51E-31 1.18E-20 8.51E-16 4.42E-13 2.91E-12 5.10E-12
 6.57E-12 8.17E-12 9.30E-12 9.60E-12 9.12E-12 8.69E-12
  674.963    7  14 /pl=01:ss= 6:pb= 1:sz= 6/type=excit/ispb = t/isel =   40
 1.00E+10 1.00E+11 1.00E+12 1.00E+13 1.00E+14 1.00E+15 1.00E+16
 8.44E-01 1.27E+00 2.11E+00 4.22E+00 8.44E+00 2.11E+01 4.22E+01 6.33E+01
 8.44E+01 1.27E+02 2.11E+02 4.22E+02 8.44E+02 1.27E+03
 1.00E-74 1.10E-39 9.54E-28 7.36E-19 1.73E-14 5.71E-12 3.31E-11 5.49E-11
 6.84E-11 8.10E-11 8.60E-11 7.90E-11 6.53E-11 5.68E-11
 1.00E-74 1.10E-39 9.54E-28 7.36E-19 1.73E-14 5.71E-12 3.31E-11 5.49E-11
 6.84E-11 8.10E-11 8.60E-11 7.90E-11 6.53E-11 5.68E-11
 1.00E-74 1.10E-39 9.54E-28 7.36E-19 1.73E-14 5.71E-12 3.31E-11 5.49E-11
 6.84E-11 8.10E-11 8.60E-11 7.90E-11 6.53E-11 5.68E-11
 1.00E-74 1.10E-39 9.54E-28 7.36E-19 1.73E-14 5.70E-12 3.30E-11 5.49E-11
 6.83E-11 8.09E-11 8.59E-11 7.89E-11 6.53E-11 5.68E-11
 1.00E-74 1.11E-39 9.60E-28 7.38E-19 1.72E-14 5.65E-12 3.27E-11 5.43E-11
 6.76E-11 8.00E-11 8.49E-11 7.81E-11 6.46E-11 5.62E-11
 1.00E-74 1.21E-39 1.02E-27 7.58E-19 1.68E-14 5.23E-12 2.98E-11 4.95E-11
 6.16E-11 7.32E-11 7.82E-11 7.27E-11 6.09E-11 5.34E-11
 1.00E-74 2.31E-39 1.82E-27 1.13E-18 1.78E-14 3.85E-12 1.94E-11 3.14E-11
 3.91E-11 4.70E-11 5.20E-11 5.18E-11 4.68E-11 4.28E-11
  781.801    7  14 /pl=01:ss= 6:pb= 1:sz= 6/type=excit/ispb = t/isel =   41
 1.00E+10 1.00E+11 1.00E+12 1.00E+13 1.00E+14 1.00E+15 1.00E+16
 8.44E-01 1.27E+00 2.11E+00 4.22E+00 8.44E+00 2.11E+01 4.22E+01 6.33E+01
 8.44E+01 1.27E+02 2.11E+02 4.22E+02 8.44E+02 1.27E+03
 1.00E-74 1.00E-74 1.09E-32 7.23E-22 1.57E-16 1.96E-13 1.75E-12 3.39E-12
 4.51E-12 5.72E-12 6.38E-12 6.07E-12 5.09E-12 4.41E-12
 1.00E-74 3.56E-47 1.09E-32 7.23E-22 1.57E-16 1.96E-13 1.75E-12 3.39E-12
 4.51E-12 5.72E-12 6.38E-12 6.07E-12 5.09E-12 4.41E-12
 1.00E-74 3.38E-47 1.09E-32 7.22E-22 1.57E-16 1.96E-13 1.75E-12 3.39E-12
 4.51E-12 5.72E-12 6.37E-12 6.07E-12 5.09E-12 4.41E-12
 1.00E-74 3.27E-47 1.08E-32 7.19E-22 1.56E-16 1.95E-13 1.75E-12 3.37E-12
 4.49E-12 5.70E-12 6.35E-12 6.05E-12 5.08E-12 4.40E-12
 1.00E-74 3.20E-47 1.05E-32 6.91E-22 1.49E-16 1.87E-13 1.68E-12 3.25E-12
 4.34E-12 5.52E-12 6.18E-12 5.92E-12 5.00E-12 4.35E-12
 1.00E-74 3.19E-47 9.80E-33 6.04E-22 1.22E-16 1.45E-13 1.29E-12 2.53E-12
 3.41E-12 4.41E-12 5.07E-12 5.06E-12 4.46E-12 3.98E-12
 1.00E-74 8.81E-47 2.37E-32 1.10E-21 1.47E-16 1.11E-13 8.34E-13 1.53E-12
 2.03E-12 2.59E-12 3.01E-12 3.14E-12 2.97E-12 2.78E-12
  828.802    7  14 /pl=01:ss= 6:pb= 1:sz= 6/type=excit/ispb = t/isel =   42
 1.00E+10 1.00E+11 1.00E+12 1.00E+13 1.00E+14 1.00E+15 1.00E+16
 8.44E-01 1.27E+00 2.11E+00 4.22E+00 8.44E+00 2.11E+01 4.22E+01 6.33E+01
 8.44E+01 1.27E+02 2.11E+02 4.22E+02 8.44E+02 1.27E+03
 1.60E-14 4.81E-12 4.21E-10 1.04E-08 4.49E-08 9.20E-08 1.05E-07 1.05E-07
 1.02E-07 9.69E-08 8.75E-08 7.32E-08 5.99E-08 5.28E-08
 1.60E-14 4.81E-12 4.21E-10 1.04E-08 4.49E-08 9.20E-08 1.05E-07 1.05E-07
 1.02E-07 9.69E-08 8.75E-08 7.32E-08 5.99E-08 5.28E-08
 1.60E-14 4.81E-12 4.21E-10 1.04E-08 4.49E-08 9.20E-08 1.05E-07 1.05E-07
 1.02E-07 9.69E-08 8.75E-08 7.32E-08 5.99E-08 5.28E-08
 1.60E-14 4.81E-12 4.21E-10 1.04E-08 4.49E-08 9.19E-08 1.05E-07 1.04E-07
 1.02E-07 9.68E-08 8.73E-08 7.31E-08 5.98E-08 5.27E-08
 1.59E-14 4.78E-12 4.19E-10 1.04E-08 4.45E-08 9.09E-08 1.03E-07 1.03E-07
 1.01E-07 9.55E-08 8.62E-08 7.21E-08 5.91E-08 5.21E-08
 1.49E-14 4.53E-12 4.02E-10 9.97E-09 4.17E-08 8.19E-08 9.24E-08 9.23E-08
 9.04E-08 8.58E-08 7.78E-08 6.58E-08 5.45E-08 4.83E-08
 9.15E-15 2.98E-12 2.84E-10 7.13E-09 2.54E-08 4.10E-08 4.43E-08 4.44E-08
 4.41E-08 4.30E-08 4.09E-08 3.73E-08 3.33E-08 3.09E-08
  953.807    7  14 /pl=01:ss= 6:pb= 1:sz= 6/type=excit/ispb = t/isel =   43
 1.00E+10 1.00E+11 1.00E+12 1.00E+13 1.00E+14 1.00E+15 1.00E+16
 8.44E-01 1.27E+00 2.11E+00 4.22E+00 8.44E+00 2.11E+01 4.22E+01 6.33E+01
 8.44E+01 1.27E+02 2.11E+02 4.22E+02 8.44E+02 1.27E+03
 1.00E-74 3.71E-41 8.26E-29 1.33E-19 4.76E-15 2.15E-12 1.42E-11 2.52E-11
 3.28E-11 4.14E-11 4.86E-11 5.30E-11 5.34E-11 5.23E-11
 1.00E-74 3.71E-41 8.26E-29 1.33E-19 4.76E-15 2.15E-12 1.42E-11 2.52E-11
 3.28E-11 4.14E-11 4.86E-11 5.30E-11 5.34E-11 5.23E-11
 1.00E-74 3.72E-41 8.26E-29 1.34E-19 4.76E-15 2.15E-12 1.42E-11 2.52E-11
 3.28E-11 4.14E-11 4.86E-11 5.30E-11 5.34E-11 5.23E-11
 1.00E-74 3.76E-41 8.35E-29 1.34E-19 4.78E-15 2.16E-12 1.42E-11 2.52E-11
 3.28E-11 4.14E-11 4.86E-11 5.30E-11 5.34E-11 5.22E-11
 1.00E-74 4.24E-41 9.17E-29 1.43E-19 4.97E-15 2.19E-12 1.43E-11 2.53E-11
 3.28E-11 4.13E-11 4.84E-11 5.26E-11 5.29E-11 5.18E-11
 1.00E-74 8.45E-41 1.65E-28 2.23E-19 6.62E-15 2.50E-12 1.53E-11 2.63E-11
 3.36E-11 4.15E-11 4.77E-11 5.08E-11 5.05E-11 4.93E-11
 1.00E-74 2.93E-40 5.57E-28 6.36E-19 1.32E-14 3.25E-12 1.67E-11 2.70E-11
 3.34E-11 3.98E-11 4.39E-11 4.42E-11 4.19E-11 4.00E-11
  1365.81    7  14 /pl=01:ss= 6:pb= 1:sz= 6/type=excit/ispb = t/isel =   44
 1.00E+10 1.00E+11 1.00E+12 1.00E+13 1.00E+14 1.00E+15 1.00E+16
 8.44E-01 1.27E+00 2.11E+00 4.22E+00 8.44E+00 2.11E+01 4.22E+01 6.33E+01
 8.44E+01 1.27E+02 2.11E+02 4.22E+02 8.44E+02 1.27E+03
 1.00E-74 1.77E-44 6.85E-31 9.15E-21 8.91E-16 6.91E-13 5.29E-12 9.60E-12
 1.25E-11 1.55E-11 1.70E-11 1.60E-11 1.33E-11 1.16E-11
 1.00E-74 1.75E-44 6.85E-31 9.15E-21 8.91E-16 6.91E-13 5.29E-12 9.60E-12
 1.25E-11 1.55E-11 1.70E-11 1.60E-11 1.33E-11 1.16E-11
 1.00E-74 1.76E-44 6.85E-31 9.15E-21 8.90E-16 6.90E-13 5.29E-12 9.60E-12
 1.25E-11 1.55E-11 1.70E-11 1.60E-11 1.33E-11 1.16E-11
 1.00E-74 1.76E-44 6.84E-31 9.14E-21 8.89E-16 6.89E-13 5.28E-12 9.58E-12
 1.25E-11 1.54E-11 1.69E-11 1.60E-11 1.33E-11 1.15E-11
 1.00E-74 1.76E-44 6.82E-31 9.06E-21 8.78E-16 6.77E-13 5.19E-12 9.42E-12
 1.23E-11 1.52E-11 1.67E-11 1.57E-11 1.31E-11 1.14E-11
 1.00E-74 1.87E-44 6.96E-31 8.79E-21 8.04E-16 5.89E-13 4.46E-12 8.15E-12
 1.07E-11 1.33E-11 1.48E-11 1.43E-11 1.22E-11 1.07E-11
 1.00E-74 4.29E-44 1.43E-30 1.40E-20 8.62E-16 4.17E-13 2.73E-12 4.80E-12
 6.23E-12 7.82E-12 8.98E-12 9.29E-12 8.64E-12 8.04E-12
  1472.16    7  14 /pl=01:ss= 6:pb= 1:sz= 6/type=excit/ispb = t/isel =   45
 1.00E+10 1.00E+11 1.00E+12 1.00E+13 1.00E+14 1.00E+15 1.00E+16
 8.44E-01 1.27E+00 2.11E+00 4.22E+00 8.44E+00 2.11E+01 4.22E+01 6.33E+01
 8.44E+01 1.27E+02 2.11E+02 4.22E+02 8.44E+02 1.27E+03
 1.00E-74 1.00E-74 1.00E-74 6.76E-44 1.90E-27 1.10E-17 1.63E-14 1.72E-13
 5.39E-13 1.61E-12 3.62E-12 6.15E-12 7.56E-12 7.90E-12
 1.00E-74 1.00E-74 1.00E-74 6.77E-44 1.90E-27 1.10E-17 1.63E-14 1.72E-13
 5.39E-13 1.61E-12 3.62E-12 6.15E-12 7.56E-12 7.90E-12
 1.00E-74 1.00E-74 1.00E-74 6.77E-44 1.90E-27 1.10E-17 1.63E-14 1.72E-13
 5.39E-13 1.61E-12 3.62E-12 6.15E-12 7.56E-12 7.90E-12
 1.00E-74 1.00E-74 1.00E-74 6.79E-44 1.90E-27 1.10E-17 1.63E-14 1.72E-13
 5.39E-13 1.61E-12 3.62E-12 6.15E-12 7.56E-12 7.90E-12
 1.00E-74 1.00E-74 1.00E-74 6.94E-44 1.92E-27 1.10E-17 1.63E-14 1.71E-13
 5.36E-13 1.60E-12 3.60E-12 6.11E-12 7.51E-12 7.85E-12
 1.00E-74 1.00E-74 1.00E-74 8.87E-44 2.11E-27 1.05E-17 1.51E-14 1.58E-13
 4.95E-13 1.48E-12 3.34E-12 5.71E-12 7.09E-12 7.46E-12
 1.00E-74 1.00E-74 1.00E-74 4.92E-43 2.99E-27 6.94E-18 8.72E-15 8.94E-14
 2.79E-13 8.42E-13 1.96E-12 3.54E-12 4.67E-12 5.08E-12
  1486.57    7  14 /pl=01:ss= 6:pb= 1:sz= 6/type=excit/ispb = t/isel =   46
 1.00E+10 1.00E+11 1.00E+12 1.00E+13 1.00E+14 1.00E+15 1.00E+16
 8.44E-01 1.27E+00 2.11E+00 4.22E+00 8.44E+00 2.11E+01 4.22E+01 6.33E+01
 8.44E+01 1.27E+02 2.11E+02 4.22E+02 8.44E+02 1.27E+03
 1.00E-74 1.23E-36 4.48E-26 3.24E-18 2.38E-14 4.16E-12 2.03E-11 3.23E-11
 3.98E-11 4.72E-11 5.13E-11 4.99E-11 4.43E-11 4.02E-11
 1.00E-74 1.23E-36 4.48E-26 3.24E-18 2.38E-14 4.16E-12 2.03E-11 3.23E-11
 3.98E-11 4.72E-11 5.13E-11 4.99E-11 4.43E-11 4.02E-11
 1.00E-74 1.23E-36 4.48E-26 3.24E-18 2.38E-14 4.16E-12 2.03E-11 3.23E-11
 3.98E-11 4.72E-11 5.13E-11 4.99E-11 4.43E-11 4.02E-11
 1.00E-74 1.24E-36 4.50E-26 3.25E-18 2.38E-14 4.17E-12 2.03E-11 3.23E-11
 3.98E-11 4.71E-11 5.13E-11 4.99E-11 4.43E-11 4.02E-11
 7.02E-50 1.30E-36 4.68E-26 3.34E-18 2.43E-14 4.19E-12 2.03E-11 3.24E-11
 3.98E-11 4.71E-11 5.11E-11 4.97E-11 4.41E-11 4.00E-11
 1.31E-49 2.11E-36 6.87E-26 4.37E-18 2.87E-14 4.50E-12 2.10E-11 3.29E-11
 4.02E-11 4.73E-11 5.11E-11 4.96E-11 4.40E-11 4.00E-11
 1.08E-48 1.60E-35 4.54E-25 2.13E-17 8.71E-14 7.97E-12 2.95E-11 4.26E-11
 4.99E-11 5.65E-11 5.94E-11 5.72E-11 5.11E-11 4.66E-11
  1824.72    7  14 /pl=01:ss= 6:pb= 1:sz= 6/type=excit/ispb = t/isel =   47
 1.00E+10 1.00E+11 1.00E+12 1.00E+13 1.00E+14 1.00E+15 1.00E+16
 8.44E-01 1.27E+00 2.11E+00 4.22E+00 8.44E+00 2.11E+01 4.22E+01 6.33E+01
 8.44E+01 1.27E+02 2.11E+02 4.22E+02 8.44E+02 1.27E+03
 1.00E-74 2.24E-45 1.43E-31 2.95E-21 3.66E-16 3.38E-13 2.78E-12 5.31E-12
 7.12E-12 9.31E-12 1.13E-11 1.26E-11 1.29E-11 1.28E-11
 1.00E-74 2.19E-45 1.43E-31 2.95E-21 3.66E-16 3.38E-13 2.78E-12 5.31E-12
 7.12E-12 9.31E-12 1.13E-11 1.26E-11 1.29E-11 1.28E-11
 1.00E-74 2.18E-45 1.43E-31 2.95E-21 3.66E-16 3.38E-13 2.78E-12 5.31E-12
 7.12E-12 9.31E-12 1.13E-11 1.26E-11 1.29E-11 1.28E-11
 1.00E-74 2.22E-45 1.45E-31 2.97E-21 3.67E-16 3.38E-13 2.78E-12 5.32E-12
 7.12E-12 9.31E-12 1.13E-11 1.26E-11 1.29E-11 1.28E-11
 1.00E-74 2.54E-45 1.61E-31 3.19E-21 3.83E-16 3.44E-13 2.80E-12 5.34E-12
 7.13E-12 9.29E-12 1.12E-11 1.25E-11 1.28E-11 1.26E-11
 1.00E-74 4.86E-45 2.77E-31 4.73E-21 4.94E-16 3.86E-13 2.97E-12 5.50E-12
 7.25E-12 9.26E-12 1.09E-11 1.18E-11 1.18E-11 1.16E-11
 1.00E-74 1.58E-44 8.53E-31 1.18E-20 8.52E-16 4.43E-13 2.91E-12 5.11E-12
 6.58E-12 8.19E-12 9.32E-12 9.62E-12 9.13E-12 8.71E-12
  1922.10    7  14 /pl=01:ss= 6:pb= 1:sz= 6/type=excit/ispb = t/isel =   48
 1.00E+10 1.00E+11 1.00E+12 1.00E+13 1.00E+14 1.00E+15 1.00E+16
 8.44E-01 1.27E+00 2.11E+00 4.22E+00 8.44E+00 2.11E+01 4.22E+01 6.33E+01
 8.44E+01 1.27E+02 2.11E+02 4.22E+02 8.44E+02 1.27E+03
 8.09E-46 5.31E-34 1.39E-24 1.40E-17 3.92E-14 4.01E-12 1.68E-11 2.57E-11
 3.12E-11 3.71E-11 4.11E-11 4.32E-11 4.23E-11 4.09E-11
 7.92E-46 5.31E-34 1.39E-24 1.40E-17 3.92E-14 4.01E-12 1.68E-11 2.57E-11
 3.12E-11 3.71E-11 4.11E-11 4.32E-11 4.23E-11 4.09E-11
 7.96E-46 5.32E-34 1.39E-24 1.40E-17 3.93E-14 4.01E-12 1.68E-11 2.57E-11
 3.12E-11 3.71E-11 4.11E-11 4.32E-11 4.23E-11 4.09E-11
 8.10E-46 5.40E-34 1.41E-24 1.42E-17 3.95E-14 4.02E-12 1.68E-11 2.58E-11
 3.12E-11 3.71E-11 4.11E-11 4.31E-11 4.23E-11 4.09E-11
 9.52E-46 6.17E-34 1.57E-24 1.53E-17 4.15E-14 4.12E-12 1.71E-11 2.60E-11
 3.15E-11 3.72E-11 4.11E-11 4.30E-11 4.20E-11 4.06E-11
 2.24E-45 1.33E-33 3.05E-24 2.58E-17 5.99E-14 5.01E-12 1.92E-11 2.83E-11
 3.36E-11 3.89E-11 4.20E-11 4.28E-11 4.11E-11 3.96E-11
 8.59E-45 5.24E-33 1.20E-23 9.08E-17 1.53E-13 8.39E-12 2.64E-11 3.61E-11
 4.11E-11 4.52E-11 4.64E-11 4.38E-11 3.96E-11 3.70E-11
  2398.07    7  14 /pl=01:ss= 6:pb= 1:sz= 6/type=excit/ispb = t/isel =   49
 1.00E+10 1.00E+11 1.00E+12 1.00E+13 1.00E+14 1.00E+15 1.00E+16
 8.44E-01 1.27E+00 2.11E+00 4.22E+00 8.44E+00 2.11E+01 4.22E+01 6.33E+01
 8.44E+01 1.27E+02 2.11E+02 4.22E+02 8.44E+02 1.27E+03
 1.00E-74 1.00E-74 8.99E-33 5.98E-22 1.30E-16 1.62E-13 1.45E-12 2.80E-12
 3.73E-12 4.73E-12 5.27E-12 5.02E-12 4.20E-12 3.65E-12
 1.00E-74 2.94E-47 8.99E-33 5.98E-22 1.30E-16 1.62E-13 1.45E-12 2.80E-12
 3.73E-12 4.73E-12 5.27E-12 5.02E-12 4.20E-12 3.65E-12
 1.00E-74 2.80E-47 8.98E-33 5.97E-22 1.30E-16 1.62E-13 1.45E-12 2.80E-12
 3.73E-12 4.73E-12 5.27E-12 5.02E-12 4.20E-12 3.65E-12
 1.00E-74 2.71E-47 8.95E-33 5.95E-22 1.29E-16 1.61E-13 1.44E-12 2.79E-12
 3.72E-12 4.71E-12 5.25E-12 5.00E-12 4.20E-12 3.64E-12
 1.00E-74 2.64E-47 8.65E-33 5.71E-22 1.24E-16 1.55E-13 1.39E-12 2.69E-12
 3.59E-12 4.56E-12 5.11E-12 4.89E-12 4.13E-12 3.60E-12
 1.00E-74 2.64E-47 8.11E-33 4.99E-22 1.01E-16 1.20E-13 1.07E-12 2.09E-12
 2.82E-12 3.64E-12 4.19E-12 4.18E-12 3.69E-12 3.29E-12
 1.00E-74 7.28E-47 1.96E-32 9.10E-22 1.22E-16 9.20E-14 6.90E-13 1.27E-12
 1.67E-12 2.14E-12 2.49E-12 2.60E-12 2.45E-12 2.30E-12
  3184.02    7  14 /pl=01:ss= 6:pb= 1:sz= 6/type=excit/ispb = t/isel =   50
 1.00E+10 1.00E+11 1.00E+12 1.00E+13 1.00E+14 1.00E+15 1.00E+16
 8.44E-01 1.27E+00 2.11E+00 4.22E+00 8.44E+00 2.11E+01 4.22E+01 6.33E+01
 8.44E+01 1.27E+02 2.11E+02 4.22E+02 8.44E+02 1.27E+03
 1.00E-74 3.14E-43 2.38E-30 9.48E-21 5.16E-16 2.90E-13 2.04E-12 3.66E-12
 4.75E-12 5.93E-12 6.71E-12 6.67E-12 5.92E-12 5.36E-12
 1.00E-74 3.14E-43 2.38E-30 9.48E-21 5.16E-16 2.90E-13 2.04E-12 3.66E-12
 4.75E-12 5.93E-12 6.71E-12 6.67E-12 5.92E-12 5.36E-12
 1.00E-74 3.14E-43 2.38E-30 9.48E-21 5.17E-16 2.90E-13 2.04E-12 3.66E-12
 4.75E-12 5.93E-12 6.71E-12 6.67E-12 5.92E-12 5.36E-12
 1.00E-74 3.16E-43 2.39E-30 9.51E-21 5.18E-16 2.90E-13 2.04E-12 3.66E-12
 4.75E-12 5.93E-12 6.71E-12 6.67E-12 5.92E-12 5.36E-12
 1.00E-74 3.31E-43 2.48E-30 9.76E-21 5.27E-16 2.93E-13 2.05E-12 3.67E-12
 4.75E-12 5.93E-12 6.70E-12 6.65E-12 5.90E-12 5.34E-12
 1.00E-74 5.34E-43 3.62E-30 1.28E-20 6.25E-16 3.16E-13 2.12E-12 3.76E-12
 4.85E-12 6.01E-12 6.75E-12 6.70E-12 5.96E-12 5.39E-12
 1.00E-74 3.29E-42 2.00E-29 5.33E-20 1.66E-15 5.17E-13 2.84E-12 4.69E-12
 5.85E-12 7.04E-12 7.79E-12 7.78E-12 7.08E-12 6.51E-12
c-------------------------------------------------------------------------------
 
C  root partition information
C  ==========================
C
C  nuclear charge : 18
C  ion charge+1   :  7
C
C  population calculation information
C  ----------------------------------
C
C  population processing code: adas810
C
C  adf04 source file    : adf04_copmm#18_ca_40#ar6_t3.dat
C  adf18/a17_p208 file  : NULL
C
C  meta. ion. coeff. selector  : 
 
C  options  : lnorm =T  lpsel =F  lzsel =T  liosel=F
C           : lhsel =F  lrsel =F  lisel =F  lnsel =F
 
C  energy levels
C  -------------
C
C   lv      configuration    (2S+1)L(w-1/2)      energy (cm^-1)
C  ---   ------------------- --------------      --------------
c    1   24                     (0)0(  0.0)             0.0
c    2   14515                  (0)0(  5.5)        120656.1
c    3   14516                  (0)0(  9.5)        321047.3
c    4   14517                  (0)0(  1.5)        508401.8
c    5   14518                  (0)0(  5.5)        560428.2
c    6   14519                  (0)0(  9.5)        627697.1
c    7   1451B                  (0)0(  1.5)        708584.5
c    8   1451C                  (0)0(  5.5)        732540.1
c    9   1451D                  (0)0(  9.5)        763946.9
c   10   1451G                  (0)0(  1.5)        805756.8
c   11   1451H                  (0)0(  5.5)        818749.7
c   12   1451I                  (0)0(  9.5)        836000.4
c   13   1451M                  (0)0(  1.5)        860449.9
c   14   1451N                  (0)0(  5.5)        868274.1
c   15   1451O                  (0)0(  9.5)        878787.0
c   16   1451T                  (0)0(  1.5)        894303.8
c   17   1451U                  (0)0(  5.5)        899384.6
c   18   1451V                  (0)0(  9.5)        906254.2
c   19   22553524515            (0)0( 17.5)       2051395.4
c   20   22553524516            (0)0( 29.5)       2266370.7
c   21   22553524518            (0)0( 17.5)       2535139.2
c   22   22553524519            (0)0( 29.5)       2603066.6
c   23   2255352451A            (0)0( 41.5)       2634670.9
c   24   12563524515            (0)0(  5.5)       2683339.4
c   25   12563524516            (0)0(  9.5)       2897041.7
c   26   12563524517            (0)0(  1.5)       3114200.8
c   27   12563524518            (0)0(  5.5)       3166808.8
c   28   12563524519            (0)0(  9.5)       3234341.1
 
 
 
c-------------------------------------------------------------------------------
 
C  superstage partition information
C  ================================
C
C  element symbol   : Ar
C  parent template  : 
C  partition level  :  1
C  superstage label :  6
C
C  tabulation       : photon emissivity coefft (te,ne)
C  units            : ph. emis coef(cm^3 s^-1); te (ev); ne (cm^-3)
C
C  photon emissivity atomic transitions
C  ------------------------------------
C  
C   isel  wvlen(A)            transition                type  ispb nspb
C                                                             ispp nspp sz    tg pr wr
C  ----- ---------- ----------------------------------- ----- ---- ---- --    -- -- --
C      1   31.5775   27(0)0(  5.5)-  1(0)0(  0.0)       excit   1    1   6    21 29  1
C      2   37.2670   24(0)0(  5.5)-  1(0)0(  0.0)       excit   1    1   6    18  9  2
C      3   38.4162   22(0)0( 29.5)-  1(0)0(  0.0)       excit   1    1   6    26 10  3
C      4   44.1234   20(0)0( 29.5)-  1(0)0(  0.0)       excit   1    1   6    24  4  4
C      5   48.7473   19(0)0( 17.5)-  1(0)0(  0.0)       excit   1    1   6    23  5  5
C      6   115.171   14(0)0(  5.5)-  1(0)0(  0.0)       excit   1    1   6    13 45  6
C      7   122.137   11(0)0(  5.5)-  1(0)0(  0.0)       excit   1    1   6    10 32  7
C      8   127.292   18(0)0(  9.5)-  2(0)0(  5.5)       excit   1    1   6    43 34  8
C      9   129.258   16(0)0(  1.5)-  2(0)0(  5.5)       excit   1    1   6    41 40  9
C     10   131.903   15(0)0(  9.5)-  2(0)0(  5.5)       excit   1    1   6    40 26 10
C     11   135.173   13(0)0(  1.5)-  2(0)0(  5.5)       excit   1    1   6    38 30 11
C     12   136.511    8(0)0(  5.5)-  1(0)0(  0.0)       excit   1    1   6     7 20 12
C     13   139.793   12(0)0(  9.5)-  2(0)0(  5.5)       excit   1    1   6    37 23 13
C     14   145.964   10(0)0(  1.5)-  2(0)0(  5.5)       excit   1    1   6    35 24 14
C     15   155.451    9(0)0(  9.5)-  2(0)0(  5.5)       excit   1    1   6    34 14 15
C     16   170.089    7(0)0(  1.5)-  2(0)0(  5.5)       excit   1    1   6    32 11 16
C     17   178.435    5(0)0(  5.5)-  1(0)0(  0.0)       excit   1    1   6     4  7 17
C     18   181.267   22(0)0( 29.5)- 19(0)0( 17.5)       excit   1    1   6   178 17 18
C     19   181.488   28(0)0(  9.5)- 24(0)0(  5.5)       excit   1    1   6   169 25 19
C     20   182.740   14(0)0(  5.5)-  3(0)0(  9.5)       excit   1    1   6    55 48 20
C     21   197.223    6(0)0(  9.5)-  2(0)0(  5.5)       excit   1    1   6    31  8 21
C     22   200.923   11(0)0(  5.5)-  3(0)0(  9.5)       excit   1    1   6    52 33 22
C     23   232.093   26(0)0(  1.5)- 24(0)0(  5.5)       excit   1    1   6   167 37 23
C     24   243.018    8(0)0(  5.5)-  3(0)0(  9.5)       excit   1    1   6    49 21 24
C     25   257.901    4(0)0(  1.5)-  2(0)0(  5.5)       excit   1    1   6    29  3 25
C     26   271.518   23(0)0( 41.5)- 20(0)0( 29.5)       excit   1    1   6   182 44 26
C     27   322.219   11(0)0(  5.5)-  4(0)0(  1.5)       excit   1    1   6    66 41 27
C     28   333.309   13(0)0(  1.5)-  5(0)0(  5.5)       excit   1    1   6    81 39 28
C     29   362.881   12(0)0(  9.5)-  5(0)0(  5.5)       excit   1    1   6    80 43 29
C     30   372.067   21(0)0( 17.5)- 20(0)0( 29.5)       excit   1    1   6   180 16 30
C     31   407.617   10(0)0(  1.5)-  5(0)0(  5.5)       excit   1    1   6    78 27 31
C     32   415.667   14(0)0(  5.5)-  6(0)0(  9.5)       excit   1    1   6    95 50 32
C     33   417.744    5(0)0(  5.5)-  3(0)0(  9.5)       excit   1    1   6    46  6 33
C     34   446.153    8(0)0(  5.5)-  4(0)0(  1.5)       excit   1    1   6    63 28 34
C     35   465.170   20(0)0( 29.5)- 19(0)0( 17.5)       excit   1    1   6   176 13 35
C     36   467.941   25(0)0(  9.5)- 24(0)0(  5.5)       excit   1    1   6   166 12 36
C     37   491.355    9(0)0(  9.5)-  5(0)0(  5.5)       excit   1    1   6    77 38 37
C     38   499.024    3(0)0(  9.5)-  2(0)0(  5.5)       excit   1    1   6    28  2 38
C     39   523.416   11(0)0(  5.5)-  6(0)0(  9.5)       excit   1    1   6    92 36 39
C     40   674.963    7(0)0(  1.5)-  5(0)0(  5.5)       excit   1    1   6    75 15 40
C     41   781.801   13(0)0(  1.5)-  8(0)0(  5.5)       excit   1    1   6   115 47 41
C     42   828.802    2(0)0(  5.5)-  1(0)0(  0.0)       excit   1    1   6     1  1 42
C     43   953.807    8(0)0(  5.5)-  6(0)0(  9.5)       excit   1    1   6    89 18 43
C     44   1365.81   10(0)0(  1.5)-  8(0)0(  5.5)       excit   1    1   6   112 31 44
C     45   1472.16   22(0)0( 29.5)- 21(0)0( 17.5)       excit   1    1   6   183 42 45
C     46   1486.57    6(0)0(  9.5)-  5(0)0(  5.5)       excit   1    1   6    74 19 46
C     47   1824.72   11(0)0(  5.5)-  9(0)0(  9.5)       excit   1    1   6   122 35 47
C     48   1922.10    5(0)0(  5.5)-  4(0)0(  1.5)       excit   1    1   6    60 22 48
C     49   2398.07   13(0)0(  1.5)- 11(0)0(  5.5)       excit   1    1   6   139 49 49
C     50   3184.02    9(0)0(  9.5)-  8(0)0(  5.5)       excit   1    1   6   111 46 50
c-------------------------------------------------------------------------------
                                                                                
C  code     : adas810
C  producer : Adam Foster
C  date     : 13/05/09
                                                                                
c-------------------------------------------------------------------------------
