   50    /Ar: 9 photon emissivity coefficients/
--------------------------------------------------------------------------------
    1    1    1    1    1    1    1    1    1    1    1    1    1    1
    1    1    1    1    1
--------------------------------------------------------------------------------
//#01/p00/ 00/p01/ 01/p02/ 02/p03/ 03/p04/ 04/p05/ 05/p06/ 06/p07/ 07/p08/ 08/  
      p09/ 09/p10/ 10/p11/ 11/p12/ 12/p13/ 13/p14/ 14/p15/ 15/p16/ 16/p17/ 17/  
      p18/ 18/                                                                  
--------------------------------------------------------------------------------
  24.2364    7  14 /pl=01:ss= 9:pb= 1:sz= 9/type=excit/ispb = t/isel =    1
 1.00E+10 1.00E+11 1.00E+12 1.00E+13 1.00E+14 1.00E+15 1.00E+16
 1.72E+00 2.59E+00 4.31E+00 8.62E+00 1.72E+01 4.31E+01 8.62E+01 1.29E+02
 1.72E+02 2.59E+02 4.31E+02 8.62E+02 1.72E+03 2.59E+03
 1.00E-74 1.00E-74 1.00E-74 6.02E-37 3.31E-24 1.15E-16 3.13E-14 1.90E-13
 4.51E-13 1.03E-12 1.93E-12 3.00E-12 3.68E-12 3.91E-12
 1.00E-74 1.00E-74 1.00E-74 6.02E-37 3.31E-24 1.15E-16 3.13E-14 1.90E-13
 4.51E-13 1.03E-12 1.93E-12 3.00E-12 3.68E-12 3.91E-12
 1.00E-74 1.00E-74 1.00E-74 6.02E-37 3.31E-24 1.15E-16 3.13E-14 1.90E-13
 4.51E-13 1.03E-12 1.93E-12 3.00E-12 3.68E-12 3.91E-12
 1.00E-74 1.00E-74 1.00E-74 6.02E-37 3.31E-24 1.15E-16 3.13E-14 1.90E-13
 4.51E-13 1.03E-12 1.93E-12 3.00E-12 3.68E-12 3.91E-12
 1.00E-74 1.00E-74 1.00E-74 6.01E-37 3.30E-24 1.15E-16 3.13E-14 1.90E-13
 4.50E-13 1.03E-12 1.93E-12 3.00E-12 3.68E-12 3.91E-12
 1.00E-74 1.00E-74 1.00E-74 5.94E-37 3.27E-24 1.14E-16 3.10E-14 1.88E-13
 4.47E-13 1.03E-12 1.92E-12 2.98E-12 3.66E-12 3.89E-12
 1.00E-74 1.00E-74 1.00E-74 5.46E-37 3.01E-24 1.05E-16 2.90E-14 1.77E-13
 4.20E-13 9.67E-13 1.81E-12 2.82E-12 3.48E-12 3.72E-12
  25.1768    7  14 /pl=01:ss= 9:pb= 1:sz= 9/type=excit/ispb = t/isel =    2
 1.00E+10 1.00E+11 1.00E+12 1.00E+13 1.00E+14 1.00E+15 1.00E+16
 1.72E+00 2.59E+00 4.31E+00 8.62E+00 1.72E+01 4.31E+01 8.62E+01 1.29E+02
 1.72E+02 2.59E+02 4.31E+02 8.62E+02 1.72E+03 2.59E+03
 1.00E-74 1.00E-74 1.00E-74 1.10E-35 2.02E-23 3.64E-16 7.97E-14 4.49E-13
 1.03E-12 2.30E-12 4.18E-12 6.35E-12 7.72E-12 8.18E-12
 1.00E-74 1.00E-74 1.00E-74 1.10E-35 2.02E-23 3.64E-16 7.97E-14 4.49E-13
 1.03E-12 2.30E-12 4.18E-12 6.35E-12 7.72E-12 8.18E-12
 1.00E-74 1.00E-74 1.00E-74 1.10E-35 2.02E-23 3.64E-16 7.97E-14 4.49E-13
 1.03E-12 2.30E-12 4.18E-12 6.35E-12 7.72E-12 8.18E-12
 1.00E-74 1.00E-74 1.00E-74 1.10E-35 2.02E-23 3.64E-16 7.97E-14 4.49E-13
 1.03E-12 2.30E-12 4.18E-12 6.35E-12 7.72E-12 8.18E-12
 1.00E-74 1.00E-74 1.00E-74 1.10E-35 2.02E-23 3.64E-16 7.97E-14 4.49E-13
 1.03E-12 2.30E-12 4.18E-12 6.35E-12 7.72E-12 8.18E-12
 1.00E-74 1.00E-74 1.00E-74 1.10E-35 2.02E-23 3.64E-16 7.96E-14 4.48E-13
 1.03E-12 2.29E-12 4.18E-12 6.34E-12 7.71E-12 8.17E-12
 1.00E-74 1.00E-74 1.00E-74 1.08E-35 1.99E-23 3.59E-16 7.86E-14 4.43E-13
 1.02E-12 2.27E-12 4.13E-12 6.26E-12 7.61E-12 8.07E-12
  27.1932    7  14 /pl=01:ss= 9:pb= 1:sz= 9/type=excit/ispb = t/isel =    3
 1.00E+10 1.00E+11 1.00E+12 1.00E+13 1.00E+14 1.00E+15 1.00E+16
 1.72E+00 2.59E+00 4.31E+00 8.62E+00 1.72E+01 4.31E+01 8.62E+01 1.29E+02
 1.72E+02 2.59E+02 4.31E+02 8.62E+02 1.72E+03 2.59E+03
 1.00E-74 1.00E-74 1.00E-74 1.90E-33 4.19E-22 2.17E-15 3.21E-13 1.58E-12
 3.42E-12 7.14E-12 1.24E-11 1.82E-11 2.18E-11 2.29E-11
 1.00E-74 1.00E-74 1.00E-74 1.90E-33 4.19E-22 2.17E-15 3.21E-13 1.58E-12
 3.42E-12 7.14E-12 1.24E-11 1.82E-11 2.18E-11 2.29E-11
 1.00E-74 1.00E-74 1.00E-74 1.90E-33 4.19E-22 2.17E-15 3.21E-13 1.58E-12
 3.42E-12 7.14E-12 1.24E-11 1.82E-11 2.18E-11 2.29E-11
 1.00E-74 1.00E-74 1.00E-74 1.90E-33 4.19E-22 2.17E-15 3.21E-13 1.58E-12
 3.42E-12 7.14E-12 1.24E-11 1.82E-11 2.18E-11 2.29E-11
 1.00E-74 1.00E-74 1.00E-74 1.90E-33 4.19E-22 2.17E-15 3.21E-13 1.58E-12
 3.42E-12 7.14E-12 1.24E-11 1.82E-11 2.18E-11 2.29E-11
 1.00E-74 1.00E-74 1.00E-74 1.90E-33 4.19E-22 2.17E-15 3.21E-13 1.58E-12
 3.42E-12 7.15E-12 1.24E-11 1.82E-11 2.18E-11 2.29E-11
 1.00E-74 1.00E-74 1.00E-74 1.90E-33 4.21E-22 2.18E-15 3.22E-13 1.59E-12
 3.42E-12 7.15E-12 1.24E-11 1.82E-11 2.17E-11 2.29E-11
  27.2412    7  14 /pl=01:ss= 9:pb= 1:sz= 9/type=excit/ispb = t/isel =    4
 1.00E+10 1.00E+11 1.00E+12 1.00E+13 1.00E+14 1.00E+15 1.00E+16
 1.72E+00 2.59E+00 4.31E+00 8.62E+00 1.72E+01 4.31E+01 8.62E+01 1.29E+02
 1.72E+02 2.59E+02 4.31E+02 8.62E+02 1.72E+03 2.59E+03
 1.00E-74 1.00E-74 1.00E-74 2.08E-33 4.33E-22 2.10E-15 2.96E-13 1.42E-12
 3.02E-12 6.13E-12 1.02E-11 1.38E-11 1.49E-11 1.49E-11
 1.00E-74 1.00E-74 1.00E-74 2.08E-33 4.33E-22 2.10E-15 2.96E-13 1.42E-12
 3.02E-12 6.13E-12 1.02E-11 1.38E-11 1.49E-11 1.49E-11
 1.00E-74 1.00E-74 1.00E-74 2.08E-33 4.33E-22 2.10E-15 2.96E-13 1.42E-12
 3.02E-12 6.13E-12 1.02E-11 1.38E-11 1.49E-11 1.49E-11
 1.00E-74 1.00E-74 1.00E-74 2.08E-33 4.33E-22 2.10E-15 2.96E-13 1.42E-12
 3.02E-12 6.13E-12 1.02E-11 1.38E-11 1.49E-11 1.49E-11
 1.00E-74 1.00E-74 1.00E-74 2.07E-33 4.32E-22 2.09E-15 2.95E-13 1.42E-12
 3.02E-12 6.12E-12 1.02E-11 1.38E-11 1.49E-11 1.49E-11
 1.00E-74 1.00E-74 1.00E-74 1.99E-33 4.17E-22 2.04E-15 2.89E-13 1.39E-12
 2.97E-12 6.03E-12 1.00E-11 1.36E-11 1.48E-11 1.47E-11
 1.00E-74 1.00E-74 1.00E-74 1.68E-33 3.54E-22 1.76E-15 2.53E-13 1.23E-12
 2.63E-12 5.40E-12 9.08E-12 1.25E-11 1.36E-11 1.37E-11
  27.8788    7  14 /pl=01:ss= 9:pb= 1:sz= 9/type=excit/ispb = t/isel =    5
 1.00E+10 1.00E+11 1.00E+12 1.00E+13 1.00E+14 1.00E+15 1.00E+16
 1.72E+00 2.59E+00 4.31E+00 8.62E+00 1.72E+01 4.31E+01 8.62E+01 1.29E+02
 1.72E+02 2.59E+02 4.31E+02 8.62E+02 1.72E+03 2.59E+03
 1.00E-74 1.00E-74 1.00E-74 1.25E-32 1.43E-21 4.92E-15 6.25E-13 2.93E-12
 6.12E-12 1.22E-11 2.02E-11 2.71E-11 2.91E-11 2.88E-11
 1.00E-74 1.00E-74 1.00E-74 1.25E-32 1.43E-21 4.92E-15 6.25E-13 2.93E-12
 6.12E-12 1.22E-11 2.02E-11 2.71E-11 2.91E-11 2.88E-11
 1.00E-74 1.00E-74 1.00E-74 1.25E-32 1.43E-21 4.92E-15 6.25E-13 2.93E-12
 6.12E-12 1.22E-11 2.02E-11 2.71E-11 2.91E-11 2.88E-11
 1.00E-74 1.00E-74 1.00E-74 1.25E-32 1.43E-21 4.92E-15 6.24E-13 2.93E-12
 6.12E-12 1.22E-11 2.02E-11 2.71E-11 2.91E-11 2.88E-11
 1.00E-74 1.00E-74 1.00E-74 1.25E-32 1.43E-21 4.92E-15 6.24E-13 2.92E-12
 6.11E-12 1.22E-11 2.02E-11 2.71E-11 2.91E-11 2.88E-11
 1.00E-74 1.00E-74 1.00E-74 1.23E-32 1.41E-21 4.88E-15 6.20E-13 2.91E-12
 6.08E-12 1.22E-11 2.01E-11 2.70E-11 2.90E-11 2.87E-11
 1.00E-74 1.00E-74 1.00E-74 1.14E-32 1.31E-21 4.58E-15 5.88E-13 2.77E-12
 5.82E-12 1.17E-11 1.94E-11 2.62E-11 2.83E-11 2.80E-11
  28.3588    7  14 /pl=01:ss= 9:pb= 1:sz= 9/type=excit/ispb = t/isel =    6
 1.00E+10 1.00E+11 1.00E+12 1.00E+13 1.00E+14 1.00E+15 1.00E+16
 1.72E+00 2.59E+00 4.31E+00 8.62E+00 1.72E+01 4.31E+01 8.62E+01 1.29E+02
 1.72E+02 2.59E+02 4.31E+02 8.62E+02 1.72E+03 2.59E+03
 1.00E-74 1.00E-74 1.00E-74 3.29E-37 2.06E-24 7.63E-17 2.10E-14 1.26E-13
 2.96E-13 6.55E-13 1.14E-12 1.49E-12 1.46E-12 1.34E-12
 1.00E-74 1.00E-74 1.00E-74 3.29E-37 2.06E-24 7.63E-17 2.10E-14 1.26E-13
 2.96E-13 6.55E-13 1.14E-12 1.49E-12 1.46E-12 1.34E-12
 1.00E-74 1.00E-74 1.00E-74 3.29E-37 2.06E-24 7.63E-17 2.10E-14 1.26E-13
 2.96E-13 6.55E-13 1.14E-12 1.49E-12 1.46E-12 1.34E-12
 1.00E-74 1.00E-74 1.00E-74 3.29E-37 2.06E-24 7.63E-17 2.10E-14 1.26E-13
 2.96E-13 6.55E-13 1.14E-12 1.49E-12 1.46E-12 1.34E-12
 1.00E-74 1.00E-74 1.00E-74 3.29E-37 2.06E-24 7.63E-17 2.11E-14 1.26E-13
 2.96E-13 6.55E-13 1.14E-12 1.50E-12 1.46E-12 1.34E-12
 1.00E-74 1.00E-74 1.00E-74 3.32E-37 2.07E-24 7.67E-17 2.11E-14 1.26E-13
 2.97E-13 6.57E-13 1.14E-12 1.50E-12 1.47E-12 1.35E-12
 1.00E-74 1.00E-74 1.00E-74 3.50E-37 2.17E-24 7.97E-17 2.19E-14 1.30E-13
 3.06E-13 6.77E-13 1.17E-12 1.55E-12 1.52E-12 1.40E-12
  29.0124    7  14 /pl=01:ss= 9:pb= 1:sz= 9/type=excit/ispb = t/isel =    7
 1.00E+10 1.00E+11 1.00E+12 1.00E+13 1.00E+14 1.00E+15 1.00E+16
 1.72E+00 2.59E+00 4.31E+00 8.62E+00 1.72E+01 4.31E+01 8.62E+01 1.29E+02
 1.72E+02 2.59E+02 4.31E+02 8.62E+02 1.72E+03 2.59E+03
 1.00E-74 1.00E-74 1.00E-74 1.94E-31 8.17E-21 1.54E-14 1.61E-12 7.04E-12
 1.42E-11 2.76E-11 4.42E-11 5.85E-11 6.26E-11 6.19E-11
 1.00E-74 1.00E-74 1.00E-74 1.94E-31 8.17E-21 1.54E-14 1.61E-12 7.04E-12
 1.42E-11 2.76E-11 4.42E-11 5.85E-11 6.26E-11 6.19E-11
 1.00E-74 1.00E-74 1.00E-74 1.94E-31 8.17E-21 1.54E-14 1.61E-12 7.04E-12
 1.42E-11 2.76E-11 4.42E-11 5.85E-11 6.26E-11 6.19E-11
 1.00E-74 1.00E-74 1.00E-74 1.94E-31 8.17E-21 1.54E-14 1.61E-12 7.04E-12
 1.42E-11 2.76E-11 4.42E-11 5.85E-11 6.26E-11 6.19E-11
 1.00E-74 1.00E-74 1.00E-74 1.94E-31 8.16E-21 1.54E-14 1.61E-12 7.04E-12
 1.42E-11 2.76E-11 4.42E-11 5.85E-11 6.26E-11 6.19E-11
 1.00E-74 1.00E-74 1.00E-74 1.94E-31 8.16E-21 1.54E-14 1.61E-12 7.04E-12
 1.42E-11 2.76E-11 4.42E-11 5.85E-11 6.26E-11 6.19E-11
 1.00E-74 1.00E-74 1.00E-74 1.91E-31 8.06E-21 1.52E-14 1.60E-12 7.01E-12
 1.42E-11 2.75E-11 4.41E-11 5.83E-11 6.25E-11 6.18E-11
  29.5318    7  14 /pl=01:ss= 9:pb= 1:sz= 9/type=excit/ispb = t/isel =    8
 1.00E+10 1.00E+11 1.00E+12 1.00E+13 1.00E+14 1.00E+15 1.00E+16
 1.72E+00 2.59E+00 4.31E+00 8.62E+00 1.72E+01 4.31E+01 8.62E+01 1.29E+02
 1.72E+02 2.59E+02 4.31E+02 8.62E+02 1.72E+03 2.59E+03
 1.00E-74 1.00E-74 1.00E-74 6.31E-36 1.45E-23 2.95E-16 6.68E-14 3.74E-13
 8.49E-13 1.83E-12 3.10E-12 4.01E-12 3.92E-12 3.60E-12
 1.00E-74 1.00E-74 1.00E-74 6.31E-36 1.45E-23 2.95E-16 6.68E-14 3.74E-13
 8.49E-13 1.83E-12 3.10E-12 4.01E-12 3.92E-12 3.60E-12
 1.00E-74 1.00E-74 1.00E-74 6.31E-36 1.45E-23 2.95E-16 6.68E-14 3.74E-13
 8.49E-13 1.83E-12 3.10E-12 4.01E-12 3.92E-12 3.60E-12
 1.00E-74 1.00E-74 1.00E-74 6.31E-36 1.45E-23 2.95E-16 6.68E-14 3.74E-13
 8.49E-13 1.83E-12 3.10E-12 4.01E-12 3.92E-12 3.60E-12
 1.00E-74 1.00E-74 1.00E-74 6.32E-36 1.45E-23 2.95E-16 6.68E-14 3.74E-13
 8.49E-13 1.83E-12 3.10E-12 4.01E-12 3.92E-12 3.60E-12
 1.00E-74 1.00E-74 1.00E-74 6.33E-36 1.45E-23 2.96E-16 6.68E-14 3.74E-13
 8.49E-13 1.83E-12 3.10E-12 4.01E-12 3.92E-12 3.61E-12
 1.00E-74 1.00E-74 1.00E-74 6.44E-36 1.47E-23 2.99E-16 6.74E-14 3.77E-13
 8.55E-13 1.84E-12 3.12E-12 4.04E-12 3.95E-12 3.64E-12
  31.3830    7  14 /pl=01:ss= 9:pb= 1:sz= 9/type=excit/ispb = t/isel =    9
 1.00E+10 1.00E+11 1.00E+12 1.00E+13 1.00E+14 1.00E+15 1.00E+16
 1.72E+00 2.59E+00 4.31E+00 8.62E+00 1.72E+01 4.31E+01 8.62E+01 1.29E+02
 1.72E+02 2.59E+02 4.31E+02 8.62E+02 1.72E+03 2.59E+03
 1.00E-74 1.00E-74 1.00E-74 2.26E-29 1.45E-19 8.88E-14 6.34E-12 2.45E-11
 4.65E-11 8.49E-11 1.30E-10 1.68E-10 1.79E-10 1.78E-10
 1.00E-74 1.00E-74 1.00E-74 2.26E-29 1.45E-19 8.88E-14 6.34E-12 2.45E-11
 4.65E-11 8.49E-11 1.30E-10 1.68E-10 1.79E-10 1.78E-10
 1.00E-74 1.00E-74 1.00E-74 2.26E-29 1.45E-19 8.88E-14 6.34E-12 2.45E-11
 4.65E-11 8.49E-11 1.30E-10 1.68E-10 1.79E-10 1.78E-10
 1.00E-74 1.00E-74 1.00E-74 2.26E-29 1.45E-19 8.88E-14 6.34E-12 2.45E-11
 4.65E-11 8.49E-11 1.30E-10 1.68E-10 1.79E-10 1.78E-10
 1.00E-74 1.00E-74 1.00E-74 2.26E-29 1.45E-19 8.88E-14 6.34E-12 2.45E-11
 4.65E-11 8.49E-11 1.30E-10 1.68E-10 1.79E-10 1.78E-10
 1.00E-74 1.00E-74 4.54E-49 2.26E-29 1.45E-19 8.89E-14 6.35E-12 2.45E-11
 4.66E-11 8.50E-11 1.30E-10 1.68E-10 1.80E-10 1.78E-10
 1.00E-74 1.00E-74 3.86E-49 2.28E-29 1.46E-19 8.96E-14 6.41E-12 2.47E-11
 4.70E-11 8.58E-11 1.31E-10 1.69E-10 1.80E-10 1.79E-10
  31.9895    7  14 /pl=01:ss= 9:pb= 1:sz= 9/type=excit/ispb = t/isel =   10
 1.00E+10 1.00E+11 1.00E+12 1.00E+13 1.00E+14 1.00E+15 1.00E+16
 1.72E+00 2.59E+00 4.31E+00 8.62E+00 1.72E+01 4.31E+01 8.62E+01 1.29E+02
 1.72E+02 2.59E+02 4.31E+02 8.62E+02 1.72E+03 2.59E+03
 1.00E-74 1.00E-74 1.00E-74 1.15E-33 4.05E-22 2.72E-15 4.22E-13 2.10E-12
 4.47E-12 9.06E-12 1.47E-11 1.85E-11 1.79E-11 1.64E-11
 1.00E-74 1.00E-74 1.00E-74 1.15E-33 4.05E-22 2.72E-15 4.22E-13 2.10E-12
 4.47E-12 9.06E-12 1.47E-11 1.85E-11 1.79E-11 1.64E-11
 1.00E-74 1.00E-74 1.00E-74 1.15E-33 4.05E-22 2.72E-15 4.22E-13 2.10E-12
 4.47E-12 9.06E-12 1.47E-11 1.85E-11 1.79E-11 1.64E-11
 1.00E-74 1.00E-74 1.00E-74 1.15E-33 4.05E-22 2.72E-15 4.22E-13 2.10E-12
 4.47E-12 9.06E-12 1.47E-11 1.85E-11 1.79E-11 1.64E-11
 1.00E-74 1.00E-74 1.00E-74 1.15E-33 4.05E-22 2.72E-15 4.22E-13 2.10E-12
 4.47E-12 9.06E-12 1.47E-11 1.85E-11 1.79E-11 1.64E-11
 1.00E-74 1.00E-74 1.00E-74 1.15E-33 4.05E-22 2.72E-15 4.22E-13 2.10E-12
 4.47E-12 9.06E-12 1.47E-11 1.85E-11 1.79E-11 1.64E-11
 1.00E-74 1.00E-74 1.00E-74 1.15E-33 4.06E-22 2.72E-15 4.23E-13 2.10E-12
 4.47E-12 9.06E-12 1.47E-11 1.85E-11 1.79E-11 1.64E-11
  32.6478    7  14 /pl=01:ss= 9:pb= 1:sz= 9/type=excit/ispb = t/isel =   11
 1.00E+10 1.00E+11 1.00E+12 1.00E+13 1.00E+14 1.00E+15 1.00E+16
 1.72E+00 2.59E+00 4.31E+00 8.62E+00 1.72E+01 4.31E+01 8.62E+01 1.29E+02
 1.72E+02 2.59E+02 4.31E+02 8.62E+02 1.72E+03 2.59E+03
 1.00E-74 1.00E-74 1.00E-74 2.50E-30 7.04E-21 3.06E-15 2.13E-13 8.28E-13
 1.58E-12 2.90E-12 4.43E-12 5.64E-12 5.89E-12 5.76E-12
 1.00E-74 1.00E-74 1.00E-74 2.50E-30 7.04E-21 3.06E-15 2.13E-13 8.28E-13
 1.58E-12 2.90E-12 4.43E-12 5.64E-12 5.89E-12 5.76E-12
 1.00E-74 1.00E-74 1.00E-74 2.50E-30 7.04E-21 3.06E-15 2.13E-13 8.28E-13
 1.58E-12 2.90E-12 4.43E-12 5.64E-12 5.89E-12 5.76E-12
 1.00E-74 1.00E-74 1.00E-74 2.50E-30 7.04E-21 3.06E-15 2.13E-13 8.28E-13
 1.58E-12 2.90E-12 4.43E-12 5.64E-12 5.89E-12 5.76E-12
 1.00E-74 1.00E-74 1.00E-74 2.50E-30 7.05E-21 3.07E-15 2.13E-13 8.28E-13
 1.58E-12 2.90E-12 4.43E-12 5.64E-12 5.89E-12 5.76E-12
 1.00E-74 1.00E-74 2.63E-49 2.54E-30 7.14E-21 3.09E-15 2.14E-13 8.30E-13
 1.58E-12 2.90E-12 4.44E-12 5.65E-12 5.90E-12 5.77E-12
 1.00E-74 1.00E-74 2.89E-49 2.90E-30 8.03E-21 3.32E-15 2.23E-13 8.57E-13
 1.63E-12 2.97E-12 4.53E-12 5.75E-12 6.01E-12 5.87E-12
  33.4059    7  14 /pl=01:ss= 9:pb= 1:sz= 9/type=excit/ispb = t/isel =   12
 1.00E+10 1.00E+11 1.00E+12 1.00E+13 1.00E+14 1.00E+15 1.00E+16
 1.72E+00 2.59E+00 4.31E+00 8.62E+00 1.72E+01 4.31E+01 8.62E+01 1.29E+02
 1.72E+02 2.59E+02 4.31E+02 8.62E+02 1.72E+03 2.59E+03
 1.00E-74 1.00E-74 1.00E-74 1.40E-28 2.27E-19 6.28E-14 3.71E-12 1.39E-11
 2.62E-11 4.85E-11 7.67E-11 1.05E-10 1.21E-10 1.25E-10
 1.00E-74 1.00E-74 1.00E-74 1.40E-28 2.27E-19 6.28E-14 3.71E-12 1.39E-11
 2.62E-11 4.85E-11 7.67E-11 1.05E-10 1.21E-10 1.25E-10
 1.00E-74 1.00E-74 1.00E-74 1.40E-28 2.27E-19 6.28E-14 3.71E-12 1.39E-11
 2.62E-11 4.85E-11 7.67E-11 1.05E-10 1.21E-10 1.25E-10
 1.00E-74 1.00E-74 3.01E-47 1.40E-28 2.27E-19 6.28E-14 3.71E-12 1.39E-11
 2.62E-11 4.85E-11 7.67E-11 1.05E-10 1.21E-10 1.25E-10
 1.00E-74 1.00E-74 3.92E-47 1.40E-28 2.27E-19 6.28E-14 3.71E-12 1.39E-11
 2.62E-11 4.85E-11 7.67E-11 1.05E-10 1.21E-10 1.25E-10
 1.00E-74 1.00E-74 3.89E-47 1.40E-28 2.27E-19 6.28E-14 3.71E-12 1.39E-11
 2.62E-11 4.85E-11 7.67E-11 1.05E-10 1.21E-10 1.25E-10
 1.00E-74 1.00E-74 3.90E-47 1.40E-28 2.27E-19 6.29E-14 3.71E-12 1.39E-11
 2.62E-11 4.85E-11 7.66E-11 1.05E-10 1.21E-10 1.25E-10
  38.2105    7  14 /pl=01:ss= 9:pb= 1:sz= 9/type=excit/ispb = t/isel =   13
 1.00E+10 1.00E+11 1.00E+12 1.00E+13 1.00E+14 1.00E+15 1.00E+16
 1.72E+00 2.59E+00 4.31E+00 8.62E+00 1.72E+01 4.31E+01 8.62E+01 1.29E+02
 1.72E+02 2.59E+02 4.31E+02 8.62E+02 1.72E+03 2.59E+03
 1.00E-74 1.00E-74 2.55E-41 4.07E-25 4.35E-17 2.26E-12 7.20E-11 2.14E-10
 3.58E-10 5.80E-10 8.18E-10 1.01E-09 1.06E-09 1.05E-09
 1.00E-74 1.00E-74 2.55E-41 4.07E-25 4.35E-17 2.26E-12 7.20E-11 2.14E-10
 3.58E-10 5.80E-10 8.18E-10 1.01E-09 1.06E-09 1.05E-09
 1.00E-74 1.00E-74 2.55E-41 4.07E-25 4.35E-17 2.26E-12 7.20E-11 2.14E-10
 3.58E-10 5.80E-10 8.18E-10 1.01E-09 1.06E-09 1.05E-09
 1.00E-74 1.00E-74 2.55E-41 4.07E-25 4.35E-17 2.26E-12 7.20E-11 2.14E-10
 3.58E-10 5.80E-10 8.18E-10 1.01E-09 1.06E-09 1.05E-09
 1.00E-74 1.00E-74 2.55E-41 4.07E-25 4.35E-17 2.26E-12 7.20E-11 2.14E-10
 3.58E-10 5.80E-10 8.18E-10 1.01E-09 1.06E-09 1.05E-09
 1.00E-74 1.00E-74 2.58E-41 4.10E-25 4.37E-17 2.27E-12 7.22E-11 2.15E-10
 3.59E-10 5.82E-10 8.20E-10 1.01E-09 1.07E-09 1.06E-09
 1.00E-74 1.00E-74 2.77E-41 4.34E-25 4.56E-17 2.34E-12 7.43E-11 2.21E-10
 3.68E-10 5.96E-10 8.37E-10 1.03E-09 1.08E-09 1.07E-09
  39.1083    7  14 /pl=01:ss= 9:pb= 1:sz= 9/type=excit/ispb = t/isel =   14
 1.00E+10 1.00E+11 1.00E+12 1.00E+13 1.00E+14 1.00E+15 1.00E+16
 1.72E+00 2.59E+00 4.31E+00 8.62E+00 1.72E+01 4.31E+01 8.62E+01 1.29E+02
 1.72E+02 2.59E+02 4.31E+02 8.62E+02 1.72E+03 2.59E+03
 1.00E-74 1.00E-74 1.00E-74 2.69E-29 1.58E-19 8.99E-14 6.20E-12 2.34E-11
 4.39E-11 7.78E-11 1.14E-10 1.34E-10 1.25E-10 1.14E-10
 1.00E-74 1.00E-74 1.00E-74 2.69E-29 1.58E-19 8.99E-14 6.20E-12 2.34E-11
 4.39E-11 7.78E-11 1.14E-10 1.34E-10 1.25E-10 1.14E-10
 1.00E-74 1.00E-74 1.00E-74 2.69E-29 1.58E-19 8.99E-14 6.20E-12 2.34E-11
 4.39E-11 7.78E-11 1.14E-10 1.34E-10 1.25E-10 1.14E-10
 1.00E-74 1.00E-74 1.00E-74 2.69E-29 1.58E-19 8.99E-14 6.20E-12 2.34E-11
 4.39E-11 7.78E-11 1.14E-10 1.34E-10 1.25E-10 1.14E-10
 1.00E-74 1.00E-74 1.00E-74 2.69E-29 1.58E-19 8.99E-14 6.20E-12 2.34E-11
 4.39E-11 7.78E-11 1.14E-10 1.34E-10 1.25E-10 1.14E-10
 1.00E-74 1.00E-74 5.55E-49 2.69E-29 1.58E-19 8.99E-14 6.20E-12 2.34E-11
 4.39E-11 7.78E-11 1.14E-10 1.33E-10 1.25E-10 1.14E-10
 1.00E-74 1.00E-74 5.55E-49 2.70E-29 1.58E-19 9.00E-14 6.21E-12 2.35E-11
 4.39E-11 7.78E-11 1.14E-10 1.33E-10 1.25E-10 1.14E-10
  41.0758    7  14 /pl=01:ss= 9:pb= 1:sz= 9/type=excit/ispb = t/isel =   15
 1.00E+10 1.00E+11 1.00E+12 1.00E+13 1.00E+14 1.00E+15 1.00E+16
 1.72E+00 2.59E+00 4.31E+00 8.62E+00 1.72E+01 4.31E+01 8.62E+01 1.29E+02
 1.72E+02 2.59E+02 4.31E+02 8.62E+02 1.72E+03 2.59E+03
 1.00E-74 1.00E-74 1.86E-41 2.16E-26 6.21E-19 1.51E-14 3.90E-13 1.10E-12
 1.79E-12 2.79E-12 3.74E-12 4.19E-12 3.95E-12 3.65E-12
 1.00E-74 1.00E-74 1.86E-41 2.16E-26 6.21E-19 1.51E-14 3.90E-13 1.10E-12
 1.79E-12 2.79E-12 3.74E-12 4.19E-12 3.95E-12 3.65E-12
 1.00E-74 1.00E-74 1.86E-41 2.16E-26 6.21E-19 1.51E-14 3.90E-13 1.10E-12
 1.79E-12 2.79E-12 3.74E-12 4.19E-12 3.95E-12 3.65E-12
 1.00E-74 1.00E-74 1.86E-41 2.16E-26 6.21E-19 1.51E-14 3.90E-13 1.10E-12
 1.79E-12 2.79E-12 3.74E-12 4.19E-12 3.95E-12 3.65E-12
 1.00E-74 1.00E-74 1.86E-41 2.15E-26 6.20E-19 1.51E-14 3.90E-13 1.10E-12
 1.79E-12 2.79E-12 3.74E-12 4.18E-12 3.94E-12 3.65E-12
 1.00E-74 1.00E-74 1.83E-41 2.12E-26 6.12E-19 1.49E-14 3.85E-13 1.08E-12
 1.77E-12 2.76E-12 3.70E-12 4.15E-12 3.92E-12 3.63E-12
 1.00E-74 1.00E-74 1.56E-41 1.86E-26 5.42E-19 1.33E-14 3.45E-13 9.77E-13
 1.60E-12 2.52E-12 3.41E-12 3.87E-12 3.70E-12 3.45E-12
  43.7011    7  14 /pl=01:ss= 9:pb= 1:sz= 9/type=excit/ispb = t/isel =   16
 1.00E+10 1.00E+11 1.00E+12 1.00E+13 1.00E+14 1.00E+15 1.00E+16
 1.72E+00 2.59E+00 4.31E+00 8.62E+00 1.72E+01 4.31E+01 8.62E+01 1.29E+02
 1.72E+02 2.59E+02 4.31E+02 8.62E+02 1.72E+03 2.59E+03
 1.00E-74 1.00E-74 1.62E-38 3.98E-24 7.63E-17 1.65E-12 4.25E-11 1.21E-10
 1.99E-10 3.14E-10 4.27E-10 4.88E-10 4.69E-10 4.40E-10
 1.00E-74 1.00E-74 1.62E-38 3.98E-24 7.63E-17 1.65E-12 4.25E-11 1.21E-10
 1.99E-10 3.14E-10 4.27E-10 4.88E-10 4.69E-10 4.40E-10
 1.00E-74 1.00E-74 1.62E-38 3.98E-24 7.63E-17 1.65E-12 4.25E-11 1.21E-10
 1.99E-10 3.14E-10 4.27E-10 4.88E-10 4.69E-10 4.40E-10
 1.00E-74 1.00E-74 1.62E-38 3.98E-24 7.63E-17 1.65E-12 4.25E-11 1.21E-10
 1.99E-10 3.14E-10 4.27E-10 4.88E-10 4.69E-10 4.40E-10
 1.00E-74 1.00E-74 1.62E-38 3.98E-24 7.63E-17 1.65E-12 4.25E-11 1.21E-10
 1.99E-10 3.14E-10 4.27E-10 4.87E-10 4.69E-10 4.39E-10
 1.00E-74 1.00E-74 1.62E-38 3.98E-24 7.61E-17 1.64E-12 4.23E-11 1.20E-10
 1.98E-10 3.13E-10 4.25E-10 4.85E-10 4.67E-10 4.38E-10
 1.00E-74 1.00E-74 1.62E-38 3.96E-24 7.42E-17 1.57E-12 4.02E-11 1.14E-10
 1.88E-10 2.98E-10 4.06E-10 4.68E-10 4.53E-10 4.27E-10
  72.9078    7  14 /pl=01:ss= 9:pb= 1:sz= 9/type=excit/ispb = t/isel =   17
 1.00E+10 1.00E+11 1.00E+12 1.00E+13 1.00E+14 1.00E+15 1.00E+16
 1.72E+00 2.59E+00 4.31E+00 8.62E+00 1.72E+01 4.31E+01 8.62E+01 1.29E+02
 1.72E+02 2.59E+02 4.31E+02 8.62E+02 1.72E+03 2.59E+03
 1.00E-74 1.00E-74 1.00E-74 4.29E-34 8.25E-23 3.81E-16 5.22E-14 2.48E-13
 5.19E-13 1.03E-12 1.63E-12 1.99E-12 1.88E-12 1.71E-12
 1.00E-74 1.00E-74 1.00E-74 4.29E-34 8.25E-23 3.81E-16 5.22E-14 2.48E-13
 5.19E-13 1.03E-12 1.63E-12 1.99E-12 1.88E-12 1.71E-12
 1.00E-74 1.00E-74 1.00E-74 4.29E-34 8.25E-23 3.81E-16 5.22E-14 2.48E-13
 5.19E-13 1.03E-12 1.63E-12 1.99E-12 1.88E-12 1.71E-12
 1.00E-74 1.00E-74 1.00E-74 4.29E-34 8.24E-23 3.81E-16 5.22E-14 2.48E-13
 5.19E-13 1.02E-12 1.63E-12 1.99E-12 1.88E-12 1.71E-12
 1.00E-74 1.00E-74 1.00E-74 4.24E-34 8.17E-23 3.78E-16 5.19E-14 2.46E-13
 5.17E-13 1.02E-12 1.62E-12 1.99E-12 1.88E-12 1.71E-12
 1.00E-74 1.00E-74 1.00E-74 3.91E-34 7.60E-23 3.56E-16 4.94E-14 2.36E-13
 4.96E-13 9.86E-13 1.58E-12 1.95E-12 1.86E-12 1.70E-12
 1.00E-74 1.00E-74 1.00E-74 2.98E-34 5.84E-23 2.79E-16 3.95E-14 1.91E-13
 4.07E-13 8.25E-13 1.36E-12 1.75E-12 1.75E-12 1.64E-12
  78.0790    7  14 /pl=01:ss= 9:pb= 1:sz= 9/type=excit/ispb = t/isel =   18
 1.00E+10 1.00E+11 1.00E+12 1.00E+13 1.00E+14 1.00E+15 1.00E+16
 1.72E+00 2.59E+00 4.31E+00 8.62E+00 1.72E+01 4.31E+01 8.62E+01 1.29E+02
 1.72E+02 2.59E+02 4.31E+02 8.62E+02 1.72E+03 2.59E+03
 1.00E-74 1.00E-74 1.00E-74 3.03E-33 3.06E-22 9.65E-16 1.17E-13 5.32E-13
 1.09E-12 2.12E-12 3.30E-12 4.03E-12 3.83E-12 3.48E-12
 1.00E-74 1.00E-74 1.00E-74 3.03E-33 3.06E-22 9.65E-16 1.17E-13 5.32E-13
 1.09E-12 2.12E-12 3.30E-12 4.03E-12 3.83E-12 3.48E-12
 1.00E-74 1.00E-74 1.00E-74 3.03E-33 3.06E-22 9.65E-16 1.17E-13 5.32E-13
 1.09E-12 2.12E-12 3.30E-12 4.03E-12 3.83E-12 3.48E-12
 1.00E-74 1.00E-74 1.00E-74 3.03E-33 3.06E-22 9.65E-16 1.17E-13 5.32E-13
 1.09E-12 2.12E-12 3.30E-12 4.03E-12 3.83E-12 3.48E-12
 1.00E-74 1.00E-74 1.00E-74 3.02E-33 3.05E-22 9.63E-16 1.17E-13 5.31E-13
 1.09E-12 2.11E-12 3.30E-12 4.02E-12 3.83E-12 3.48E-12
 1.00E-74 1.00E-74 1.00E-74 2.92E-33 2.97E-22 9.41E-16 1.15E-13 5.22E-13
 1.07E-12 2.09E-12 3.27E-12 4.00E-12 3.81E-12 3.47E-12
 1.00E-74 1.00E-74 1.00E-74 2.43E-33 2.49E-22 8.05E-16 1.00E-13 4.62E-13
 9.60E-13 1.89E-12 3.01E-12 3.77E-12 3.68E-12 3.39E-12
  80.8808    7  14 /pl=01:ss= 9:pb= 1:sz= 9/type=excit/ispb = t/isel =   19
 1.00E+10 1.00E+11 1.00E+12 1.00E+13 1.00E+14 1.00E+15 1.00E+16
 1.72E+00 2.59E+00 4.31E+00 8.62E+00 1.72E+01 4.31E+01 8.62E+01 1.29E+02
 1.72E+02 2.59E+02 4.31E+02 8.62E+02 1.72E+03 2.59E+03
 1.00E-74 1.00E-74 1.00E-74 1.06E-33 2.21E-22 1.07E-15 1.51E-13 7.25E-13
 1.54E-12 3.12E-12 5.18E-12 7.03E-12 7.61E-12 7.58E-12
 1.00E-74 1.00E-74 1.00E-74 1.06E-33 2.21E-22 1.07E-15 1.51E-13 7.25E-13
 1.54E-12 3.12E-12 5.18E-12 7.03E-12 7.61E-12 7.58E-12
 1.00E-74 1.00E-74 1.00E-74 1.06E-33 2.21E-22 1.07E-15 1.51E-13 7.25E-13
 1.54E-12 3.12E-12 5.18E-12 7.03E-12 7.61E-12 7.58E-12
 1.00E-74 1.00E-74 1.00E-74 1.06E-33 2.21E-22 1.07E-15 1.51E-13 7.25E-13
 1.54E-12 3.12E-12 5.18E-12 7.03E-12 7.60E-12 7.58E-12
 1.00E-74 1.00E-74 1.00E-74 1.05E-33 2.20E-22 1.07E-15 1.50E-13 7.24E-13
 1.54E-12 3.12E-12 5.18E-12 7.02E-12 7.60E-12 7.58E-12
 1.00E-74 1.00E-74 1.00E-74 1.01E-33 2.12E-22 1.04E-15 1.47E-13 7.10E-13
 1.51E-12 3.07E-12 5.11E-12 6.94E-12 7.52E-12 7.51E-12
 1.00E-74 1.00E-74 1.00E-74 8.56E-34 1.80E-22 8.94E-16 1.29E-13 6.27E-13
 1.34E-12 2.75E-12 4.62E-12 6.35E-12 6.95E-12 6.97E-12
  86.7733    7  14 /pl=01:ss= 9:pb= 1:sz= 9/type=excit/ispb = t/isel =   20
 1.00E+10 1.00E+11 1.00E+12 1.00E+13 1.00E+14 1.00E+15 1.00E+16
 1.72E+00 2.59E+00 4.31E+00 8.62E+00 1.72E+01 4.31E+01 8.62E+01 1.29E+02
 1.72E+02 2.59E+02 4.31E+02 8.62E+02 1.72E+03 2.59E+03
 1.00E-74 1.00E-74 1.00E-74 6.11E-33 7.00E-22 2.41E-15 3.06E-13 1.43E-12
 3.00E-12 6.00E-12 9.90E-12 1.33E-11 1.43E-11 1.41E-11
 1.00E-74 1.00E-74 1.00E-74 6.11E-33 7.00E-22 2.41E-15 3.06E-13 1.43E-12
 3.00E-12 6.00E-12 9.90E-12 1.33E-11 1.43E-11 1.41E-11
 1.00E-74 1.00E-74 1.00E-74 6.11E-33 7.00E-22 2.41E-15 3.06E-13 1.43E-12
 3.00E-12 6.00E-12 9.90E-12 1.33E-11 1.43E-11 1.41E-11
 1.00E-74 1.00E-74 1.00E-74 6.11E-33 7.00E-22 2.41E-15 3.06E-13 1.43E-12
 3.00E-12 6.00E-12 9.90E-12 1.33E-11 1.43E-11 1.41E-11
 1.00E-74 1.00E-74 1.00E-74 6.11E-33 6.99E-22 2.41E-15 3.06E-13 1.43E-12
 3.00E-12 6.00E-12 9.90E-12 1.33E-11 1.43E-11 1.41E-11
 1.00E-74 1.00E-74 1.00E-74 6.04E-33 6.93E-22 2.39E-15 3.04E-13 1.42E-12
 2.98E-12 5.97E-12 9.86E-12 1.32E-11 1.42E-11 1.41E-11
 1.00E-74 1.00E-74 1.00E-74 5.56E-33 6.42E-22 2.24E-15 2.88E-13 1.36E-12
 2.85E-12 5.73E-12 9.51E-12 1.28E-11 1.38E-11 1.37E-11
  86.9298    7  14 /pl=01:ss= 9:pb= 1:sz= 9/type=excit/ispb = t/isel =   21
 1.00E+10 1.00E+11 1.00E+12 1.00E+13 1.00E+14 1.00E+15 1.00E+16
 1.72E+00 2.59E+00 4.31E+00 8.62E+00 1.72E+01 4.31E+01 8.62E+01 1.29E+02
 1.72E+02 2.59E+02 4.31E+02 8.62E+02 1.72E+03 2.59E+03
 1.00E-74 1.00E-74 1.00E-74 3.38E-37 2.11E-24 7.84E-17 2.16E-14 1.29E-13
 3.04E-13 6.73E-13 1.17E-12 1.54E-12 1.50E-12 1.38E-12
 1.00E-74 1.00E-74 1.00E-74 3.38E-37 2.11E-24 7.84E-17 2.16E-14 1.29E-13
 3.04E-13 6.73E-13 1.17E-12 1.54E-12 1.50E-12 1.38E-12
 1.00E-74 1.00E-74 1.00E-74 3.38E-37 2.11E-24 7.84E-17 2.16E-14 1.29E-13
 3.04E-13 6.73E-13 1.17E-12 1.54E-12 1.50E-12 1.38E-12
 1.00E-74 1.00E-74 1.00E-74 3.38E-37 2.12E-24 7.84E-17 2.16E-14 1.29E-13
 3.04E-13 6.73E-13 1.17E-12 1.54E-12 1.50E-12 1.38E-12
 1.00E-74 1.00E-74 1.00E-74 3.39E-37 2.12E-24 7.85E-17 2.16E-14 1.29E-13
 3.04E-13 6.74E-13 1.17E-12 1.54E-12 1.51E-12 1.38E-12
 1.00E-74 1.00E-74 1.00E-74 3.41E-37 2.13E-24 7.89E-17 2.17E-14 1.30E-13
 3.05E-13 6.76E-13 1.17E-12 1.54E-12 1.51E-12 1.38E-12
 1.00E-74 1.00E-74 1.00E-74 3.60E-37 2.23E-24 8.19E-17 2.25E-14 1.34E-13
 3.15E-13 6.96E-13 1.21E-12 1.59E-12 1.56E-12 1.44E-12
  88.7742    7  14 /pl=01:ss= 9:pb= 1:sz= 9/type=excit/ispb = t/isel =   22
 1.00E+10 1.00E+11 1.00E+12 1.00E+13 1.00E+14 1.00E+15 1.00E+16
 1.72E+00 2.59E+00 4.31E+00 8.62E+00 1.72E+01 4.31E+01 8.62E+01 1.29E+02
 1.72E+02 2.59E+02 4.31E+02 8.62E+02 1.72E+03 2.59E+03
 1.00E-74 1.00E-74 1.00E-74 6.41E-32 2.16E-21 3.59E-15 3.56E-13 1.51E-12
 3.01E-12 5.66E-12 8.66E-12 1.05E-11 9.96E-12 9.12E-12
 1.00E-74 1.00E-74 1.00E-74 6.41E-32 2.16E-21 3.59E-15 3.56E-13 1.51E-12
 3.01E-12 5.66E-12 8.66E-12 1.05E-11 9.96E-12 9.12E-12
 1.00E-74 1.00E-74 1.00E-74 6.41E-32 2.16E-21 3.59E-15 3.56E-13 1.51E-12
 3.01E-12 5.66E-12 8.66E-12 1.05E-11 9.96E-12 9.12E-12
 1.00E-74 1.00E-74 1.00E-74 6.41E-32 2.16E-21 3.59E-15 3.56E-13 1.51E-12
 3.01E-12 5.66E-12 8.66E-12 1.05E-11 9.96E-12 9.12E-12
 1.00E-74 1.00E-74 1.00E-74 6.41E-32 2.16E-21 3.59E-15 3.56E-13 1.51E-12
 3.01E-12 5.66E-12 8.65E-12 1.04E-11 9.96E-12 9.12E-12
 1.00E-74 1.00E-74 1.00E-74 6.35E-32 2.14E-21 3.57E-15 3.54E-13 1.51E-12
 2.99E-12 5.64E-12 8.63E-12 1.04E-11 9.94E-12 9.10E-12
 1.00E-74 1.00E-74 1.00E-74 5.93E-32 2.00E-21 3.35E-15 3.35E-13 1.43E-12
 2.86E-12 5.41E-12 8.33E-12 1.02E-11 9.75E-12 8.97E-12
  94.4887    7  14 /pl=01:ss= 9:pb= 1:sz= 9/type=excit/ispb = t/isel =   23
 1.00E+10 1.00E+11 1.00E+12 1.00E+13 1.00E+14 1.00E+15 1.00E+16
 1.72E+00 2.59E+00 4.31E+00 8.62E+00 1.72E+01 4.31E+01 8.62E+01 1.29E+02
 1.72E+02 2.59E+02 4.31E+02 8.62E+02 1.72E+03 2.59E+03
 1.00E-74 1.00E-74 1.00E-74 2.90E-34 6.22E-23 3.08E-16 4.36E-14 2.09E-13
 4.41E-13 8.84E-13 1.44E-12 1.85E-12 1.83E-12 1.70E-12
 1.00E-74 1.00E-74 1.00E-74 2.90E-34 6.22E-23 3.08E-16 4.36E-14 2.09E-13
 4.41E-13 8.84E-13 1.44E-12 1.85E-12 1.83E-12 1.70E-12
 1.00E-74 1.00E-74 1.00E-74 2.90E-34 6.23E-23 3.08E-16 4.36E-14 2.09E-13
 4.41E-13 8.84E-13 1.45E-12 1.85E-12 1.83E-12 1.70E-12
 1.00E-74 1.00E-74 1.00E-74 2.91E-34 6.25E-23 3.09E-16 4.36E-14 2.09E-13
 4.42E-13 8.85E-13 1.45E-12 1.85E-12 1.83E-12 1.70E-12
 1.00E-74 1.00E-74 1.00E-74 3.02E-34 6.44E-23 3.16E-16 4.45E-14 2.13E-13
 4.48E-13 8.97E-13 1.46E-12 1.87E-12 1.85E-12 1.72E-12
 1.00E-74 1.00E-74 1.00E-74 3.99E-34 8.17E-23 3.82E-16 5.20E-14 2.45E-13
 5.11E-13 1.01E-12 1.62E-12 2.03E-12 1.99E-12 1.84E-12
 1.00E-74 1.00E-74 1.00E-74 7.94E-34 1.60E-22 7.26E-16 9.57E-14 4.41E-13
 9.04E-13 1.74E-12 2.70E-12 3.27E-12 3.11E-12 2.84E-12
  98.7867    7  14 /pl=01:ss= 9:pb= 1:sz= 9/type=excit/ispb = t/isel =   24
 1.00E+10 1.00E+11 1.00E+12 1.00E+13 1.00E+14 1.00E+15 1.00E+16
 1.72E+00 2.59E+00 4.31E+00 8.62E+00 1.72E+01 4.31E+01 8.62E+01 1.29E+02
 1.72E+02 2.59E+02 4.31E+02 8.62E+02 1.72E+03 2.59E+03
 1.00E-74 1.00E-74 1.00E-74 8.85E-32 3.73E-21 7.01E-15 7.33E-13 3.21E-12
 6.49E-12 1.26E-11 2.02E-11 2.67E-11 2.86E-11 2.83E-11
 1.00E-74 1.00E-74 1.00E-74 8.85E-32 3.73E-21 7.01E-15 7.33E-13 3.21E-12
 6.49E-12 1.26E-11 2.02E-11 2.67E-11 2.86E-11 2.83E-11
 1.00E-74 1.00E-74 1.00E-74 8.85E-32 3.73E-21 7.01E-15 7.33E-13 3.21E-12
 6.49E-12 1.26E-11 2.02E-11 2.67E-11 2.86E-11 2.83E-11
 1.00E-74 1.00E-74 1.00E-74 8.85E-32 3.73E-21 7.01E-15 7.33E-13 3.21E-12
 6.49E-12 1.26E-11 2.02E-11 2.67E-11 2.86E-11 2.83E-11
 1.00E-74 1.00E-74 1.00E-74 8.85E-32 3.73E-21 7.01E-15 7.33E-13 3.21E-12
 6.49E-12 1.26E-11 2.02E-11 2.67E-11 2.86E-11 2.83E-11
 1.00E-74 1.00E-74 1.00E-74 8.84E-32 3.72E-21 7.01E-15 7.33E-13 3.21E-12
 6.49E-12 1.26E-11 2.02E-11 2.67E-11 2.86E-11 2.83E-11
 1.00E-74 1.00E-74 1.00E-74 8.72E-32 3.68E-21 6.96E-15 7.30E-13 3.20E-12
 6.47E-12 1.25E-11 2.01E-11 2.66E-11 2.85E-11 2.82E-11
  98.9809    7  14 /pl=01:ss= 9:pb= 1:sz= 9/type=excit/ispb = t/isel =   25
 1.00E+10 1.00E+11 1.00E+12 1.00E+13 1.00E+14 1.00E+15 1.00E+16
 1.72E+00 2.59E+00 4.31E+00 8.62E+00 1.72E+01 4.31E+01 8.62E+01 1.29E+02
 1.72E+02 2.59E+02 4.31E+02 8.62E+02 1.72E+03 2.59E+03
 1.00E-74 1.00E-74 1.00E-74 6.03E-36 1.38E-23 2.82E-16 6.38E-14 3.57E-13
 8.10E-13 1.74E-12 2.96E-12 3.83E-12 3.74E-12 3.44E-12
 1.00E-74 1.00E-74 1.00E-74 6.03E-36 1.38E-23 2.82E-16 6.38E-14 3.57E-13
 8.10E-13 1.74E-12 2.96E-12 3.83E-12 3.74E-12 3.44E-12
 1.00E-74 1.00E-74 1.00E-74 6.03E-36 1.38E-23 2.82E-16 6.38E-14 3.57E-13
 8.10E-13 1.74E-12 2.96E-12 3.83E-12 3.74E-12 3.44E-12
 1.00E-74 1.00E-74 1.00E-74 6.03E-36 1.38E-23 2.82E-16 6.38E-14 3.57E-13
 8.10E-13 1.74E-12 2.96E-12 3.83E-12 3.74E-12 3.44E-12
 1.00E-74 1.00E-74 1.00E-74 6.03E-36 1.38E-23 2.82E-16 6.38E-14 3.57E-13
 8.10E-13 1.74E-12 2.96E-12 3.83E-12 3.74E-12 3.44E-12
 1.00E-74 1.00E-74 1.00E-74 6.04E-36 1.39E-23 2.82E-16 6.38E-14 3.57E-13
 8.11E-13 1.75E-12 2.96E-12 3.83E-12 3.75E-12 3.44E-12
 1.00E-74 1.00E-74 1.00E-74 6.15E-36 1.41E-23 2.85E-16 6.43E-14 3.60E-13
 8.16E-13 1.76E-12 2.97E-12 3.85E-12 3.77E-12 3.47E-12
  102.351    7  14 /pl=01:ss= 9:pb= 1:sz= 9/type=excit/ispb = t/isel =   26
 1.00E+10 1.00E+11 1.00E+12 1.00E+13 1.00E+14 1.00E+15 1.00E+16
 1.72E+00 2.59E+00 4.31E+00 8.62E+00 1.72E+01 4.31E+01 8.62E+01 1.29E+02
 1.72E+02 2.59E+02 4.31E+02 8.62E+02 1.72E+03 2.59E+03
 1.00E-74 1.00E-74 1.00E-74 1.63E-33 1.97E-22 6.89E-16 8.72E-14 4.02E-13
 8.34E-13 1.65E-12 2.63E-12 3.36E-12 3.33E-12 3.10E-12
 1.00E-74 1.00E-74 1.00E-74 1.63E-33 1.97E-22 6.90E-16 8.72E-14 4.02E-13
 8.34E-13 1.65E-12 2.63E-12 3.36E-12 3.33E-12 3.10E-12
 1.00E-74 1.00E-74 1.00E-74 1.63E-33 1.97E-22 6.90E-16 8.72E-14 4.02E-13
 8.34E-13 1.65E-12 2.63E-12 3.36E-12 3.33E-12 3.10E-12
 1.00E-74 1.00E-74 1.00E-74 1.63E-33 1.97E-22 6.90E-16 8.72E-14 4.02E-13
 8.34E-13 1.65E-12 2.63E-12 3.36E-12 3.33E-12 3.10E-12
 1.00E-74 1.00E-74 1.00E-74 1.65E-33 1.99E-22 6.96E-16 8.78E-14 4.05E-13
 8.39E-13 1.66E-12 2.64E-12 3.37E-12 3.34E-12 3.11E-12
 1.00E-74 1.00E-74 1.00E-74 1.87E-33 2.20E-22 7.53E-16 9.37E-14 4.29E-13
 8.85E-13 1.74E-12 2.76E-12 3.49E-12 3.44E-12 3.19E-12
 1.00E-74 1.00E-74 1.00E-74 3.39E-33 3.77E-22 1.20E-15 1.42E-13 6.30E-13
 1.28E-12 2.43E-12 3.74E-12 4.54E-12 4.34E-12 3.97E-12
  104.984    7  14 /pl=01:ss= 9:pb= 1:sz= 9/type=excit/ispb = t/isel =   27
 1.00E+10 1.00E+11 1.00E+12 1.00E+13 1.00E+14 1.00E+15 1.00E+16
 1.72E+00 2.59E+00 4.31E+00 8.62E+00 1.72E+01 4.31E+01 8.62E+01 1.29E+02
 1.72E+02 2.59E+02 4.31E+02 8.62E+02 1.72E+03 2.59E+03
 1.00E-74 1.00E-74 1.00E-74 9.76E-33 2.85E-22 4.61E-16 4.62E-14 2.00E-13
 4.01E-13 7.71E-13 1.23E-12 1.62E-12 1.74E-12 1.73E-12
 1.00E-74 1.00E-74 1.00E-74 9.76E-33 2.85E-22 4.61E-16 4.62E-14 2.00E-13
 4.01E-13 7.71E-13 1.23E-12 1.62E-12 1.74E-12 1.73E-12
 1.00E-74 1.00E-74 1.00E-74 9.76E-33 2.85E-22 4.61E-16 4.62E-14 2.00E-13
 4.01E-13 7.71E-13 1.23E-12 1.62E-12 1.74E-12 1.73E-12
 1.00E-74 1.00E-74 1.00E-74 9.77E-33 2.85E-22 4.61E-16 4.62E-14 2.00E-13
 4.01E-13 7.71E-13 1.23E-12 1.62E-12 1.74E-12 1.73E-12
 1.00E-74 1.00E-74 1.00E-74 9.81E-33 2.86E-22 4.62E-16 4.63E-14 2.00E-13
 4.01E-13 7.72E-13 1.23E-12 1.62E-12 1.75E-12 1.73E-12
 1.00E-74 1.00E-74 1.00E-74 1.02E-32 2.96E-22 4.73E-16 4.71E-14 2.03E-13
 4.06E-13 7.81E-13 1.24E-12 1.63E-12 1.75E-12 1.74E-12
 1.00E-74 1.00E-74 1.00E-74 1.36E-32 3.83E-22 5.75E-16 5.50E-14 2.32E-13
 4.60E-13 8.70E-13 1.36E-12 1.75E-12 1.85E-12 1.82E-12
  118.747    7  14 /pl=01:ss= 9:pb= 1:sz= 9/type=excit/ispb = t/isel =   28
 1.00E+10 1.00E+11 1.00E+12 1.00E+13 1.00E+14 1.00E+15 1.00E+16
 1.72E+00 2.59E+00 4.31E+00 8.62E+00 1.72E+01 4.31E+01 8.62E+01 1.29E+02
 1.72E+02 2.59E+02 4.31E+02 8.62E+02 1.72E+03 2.59E+03
 1.00E-74 1.00E-74 1.00E-74 2.19E-32 1.01E-21 2.00E-15 2.09E-13 9.10E-13
 1.83E-12 3.50E-12 5.49E-12 6.87E-12 6.80E-12 6.32E-12
 1.00E-74 1.00E-74 1.00E-74 2.19E-32 1.01E-21 2.00E-15 2.09E-13 9.10E-13
 1.83E-12 3.50E-12 5.49E-12 6.87E-12 6.80E-12 6.32E-12
 1.00E-74 1.00E-74 1.00E-74 2.19E-32 1.01E-21 2.00E-15 2.09E-13 9.10E-13
 1.83E-12 3.50E-12 5.49E-12 6.87E-12 6.80E-12 6.32E-12
 1.00E-74 1.00E-74 1.00E-74 2.19E-32 1.01E-21 2.00E-15 2.09E-13 9.10E-13
 1.83E-12 3.50E-12 5.50E-12 6.87E-12 6.80E-12 6.32E-12
 1.00E-74 1.00E-74 1.00E-74 2.21E-32 1.01E-21 2.00E-15 2.10E-13 9.12E-13
 1.83E-12 3.51E-12 5.50E-12 6.88E-12 6.80E-12 6.33E-12
 1.00E-74 1.00E-74 1.00E-74 2.32E-32 1.05E-21 2.06E-15 2.14E-13 9.30E-13
 1.87E-12 3.57E-12 5.58E-12 6.96E-12 6.87E-12 6.39E-12
 1.00E-74 1.00E-74 1.00E-74 3.34E-32 1.42E-21 2.61E-15 2.61E-13 1.11E-12
 2.20E-12 4.13E-12 6.33E-12 7.73E-12 7.51E-12 6.93E-12
  120.269    7  14 /pl=01:ss= 9:pb= 1:sz= 9/type=excit/ispb = t/isel =   29
 1.00E+10 1.00E+11 1.00E+12 1.00E+13 1.00E+14 1.00E+15 1.00E+16
 1.72E+00 2.59E+00 4.31E+00 8.62E+00 1.72E+01 4.31E+01 8.62E+01 1.29E+02
 1.72E+02 2.59E+02 4.31E+02 8.62E+02 1.72E+03 2.59E+03
 1.00E-74 1.00E-74 1.00E-74 1.50E-29 6.02E-20 2.89E-14 1.93E-12 7.31E-12
 1.37E-11 2.45E-11 3.59E-11 4.25E-11 4.05E-11 3.73E-11
 1.00E-74 1.00E-74 1.00E-74 1.50E-29 6.02E-20 2.89E-14 1.93E-12 7.31E-12
 1.37E-11 2.45E-11 3.59E-11 4.25E-11 4.05E-11 3.73E-11
 1.00E-74 1.00E-74 1.00E-74 1.50E-29 6.02E-20 2.89E-14 1.93E-12 7.31E-12
 1.37E-11 2.45E-11 3.59E-11 4.25E-11 4.05E-11 3.73E-11
 1.00E-74 1.00E-74 1.00E-74 1.50E-29 6.02E-20 2.89E-14 1.93E-12 7.31E-12
 1.37E-11 2.45E-11 3.59E-11 4.25E-11 4.05E-11 3.73E-11
 1.00E-74 1.00E-74 7.57E-49 1.50E-29 6.02E-20 2.89E-14 1.93E-12 7.31E-12
 1.37E-11 2.45E-11 3.59E-11 4.25E-11 4.05E-11 3.73E-11
 1.00E-74 1.00E-74 6.81E-49 1.50E-29 6.03E-20 2.89E-14 1.93E-12 7.31E-12
 1.37E-11 2.45E-11 3.59E-11 4.25E-11 4.05E-11 3.73E-11
 1.00E-74 1.00E-74 7.00E-49 1.53E-29 6.06E-20 2.88E-14 1.92E-12 7.26E-12
 1.36E-11 2.43E-11 3.56E-11 4.22E-11 4.02E-11 3.71E-11
  125.369    7  14 /pl=01:ss= 9:pb= 1:sz= 9/type=excit/ispb = t/isel =   30
 1.00E+10 1.00E+11 1.00E+12 1.00E+13 1.00E+14 1.00E+15 1.00E+16
 1.72E+00 2.59E+00 4.31E+00 8.62E+00 1.72E+01 4.31E+01 8.62E+01 1.29E+02
 1.72E+02 2.59E+02 4.31E+02 8.62E+02 1.72E+03 2.59E+03
 1.00E-74 1.00E-74 1.00E-74 2.06E-32 6.95E-22 1.15E-15 1.14E-13 4.87E-13
 9.67E-13 1.82E-12 2.78E-12 3.36E-12 3.20E-12 2.93E-12
 1.00E-74 1.00E-74 1.00E-74 2.06E-32 6.95E-22 1.15E-15 1.14E-13 4.87E-13
 9.67E-13 1.82E-12 2.78E-12 3.36E-12 3.20E-12 2.93E-12
 1.00E-74 1.00E-74 1.00E-74 2.06E-32 6.95E-22 1.15E-15 1.14E-13 4.87E-13
 9.67E-13 1.82E-12 2.78E-12 3.36E-12 3.20E-12 2.93E-12
 1.00E-74 1.00E-74 1.00E-74 2.06E-32 6.95E-22 1.15E-15 1.14E-13 4.87E-13
 9.67E-13 1.82E-12 2.78E-12 3.36E-12 3.20E-12 2.93E-12
 1.00E-74 1.00E-74 1.00E-74 2.06E-32 6.94E-22 1.15E-15 1.14E-13 4.86E-13
 9.66E-13 1.82E-12 2.78E-12 3.36E-12 3.20E-12 2.93E-12
 1.00E-74 1.00E-74 1.00E-74 2.04E-32 6.89E-22 1.15E-15 1.14E-13 4.84E-13
 9.62E-13 1.81E-12 2.77E-12 3.35E-12 3.19E-12 2.92E-12
 1.00E-74 1.00E-74 1.00E-74 1.90E-32 6.43E-22 1.08E-15 1.08E-13 4.61E-13
 9.19E-13 1.74E-12 2.68E-12 3.26E-12 3.13E-12 2.88E-12
  132.993    7  14 /pl=01:ss= 9:pb= 1:sz= 9/type=excit/ispb = t/isel =   31
 1.00E+10 1.00E+11 1.00E+12 1.00E+13 1.00E+14 1.00E+15 1.00E+16
 1.72E+00 2.59E+00 4.31E+00 8.62E+00 1.72E+01 4.31E+01 8.62E+01 1.29E+02
 1.72E+02 2.59E+02 4.31E+02 8.62E+02 1.72E+03 2.59E+03
 1.00E-74 1.00E-74 1.00E-74 8.24E-30 5.30E-20 3.24E-14 2.31E-12 8.93E-12
 1.70E-11 3.10E-11 4.75E-11 6.13E-11 6.54E-11 6.51E-11
 1.00E-74 1.00E-74 1.00E-74 8.24E-30 5.30E-20 3.24E-14 2.31E-12 8.93E-12
 1.70E-11 3.10E-11 4.75E-11 6.13E-11 6.54E-11 6.51E-11
 1.00E-74 1.00E-74 1.00E-74 8.24E-30 5.30E-20 3.24E-14 2.31E-12 8.93E-12
 1.70E-11 3.10E-11 4.75E-11 6.13E-11 6.54E-11 6.51E-11
 1.00E-74 1.00E-74 1.00E-74 8.24E-30 5.30E-20 3.24E-14 2.31E-12 8.93E-12
 1.70E-11 3.10E-11 4.75E-11 6.13E-11 6.54E-11 6.51E-11
 1.00E-74 1.00E-74 1.00E-74 8.24E-30 5.30E-20 3.24E-14 2.31E-12 8.93E-12
 1.70E-11 3.10E-11 4.75E-11 6.13E-11 6.55E-11 6.51E-11
 1.00E-74 1.00E-74 1.66E-49 8.25E-30 5.30E-20 3.24E-14 2.32E-12 8.94E-12
 1.70E-11 3.10E-11 4.76E-11 6.14E-11 6.55E-11 6.51E-11
 1.00E-74 1.00E-74 1.41E-49 8.32E-30 5.34E-20 3.27E-14 2.34E-12 9.02E-12
 1.71E-11 3.13E-11 4.79E-11 6.18E-11 6.58E-11 6.54E-11
  133.308    7  14 /pl=01:ss= 9:pb= 1:sz= 9/type=excit/ispb = t/isel =   32
 1.00E+10 1.00E+11 1.00E+12 1.00E+13 1.00E+14 1.00E+15 1.00E+16
 1.72E+00 2.59E+00 4.31E+00 8.62E+00 1.72E+01 4.31E+01 8.62E+01 1.29E+02
 1.72E+02 2.59E+02 4.31E+02 8.62E+02 1.72E+03 2.59E+03
 1.00E-74 1.00E-74 1.00E-74 8.81E-34 3.10E-22 2.08E-15 3.23E-13 1.61E-12
 3.42E-12 6.94E-12 1.13E-11 1.42E-11 1.37E-11 1.25E-11
 1.00E-74 1.00E-74 1.00E-74 8.81E-34 3.10E-22 2.08E-15 3.23E-13 1.61E-12
 3.42E-12 6.94E-12 1.13E-11 1.42E-11 1.37E-11 1.25E-11
 1.00E-74 1.00E-74 1.00E-74 8.81E-34 3.10E-22 2.08E-15 3.23E-13 1.61E-12
 3.42E-12 6.94E-12 1.13E-11 1.42E-11 1.37E-11 1.25E-11
 1.00E-74 1.00E-74 1.00E-74 8.81E-34 3.10E-22 2.08E-15 3.23E-13 1.61E-12
 3.42E-12 6.94E-12 1.13E-11 1.42E-11 1.37E-11 1.25E-11
 1.00E-74 1.00E-74 1.00E-74 8.81E-34 3.10E-22 2.08E-15 3.23E-13 1.61E-12
 3.42E-12 6.94E-12 1.13E-11 1.42E-11 1.37E-11 1.25E-11
 1.00E-74 1.00E-74 1.00E-74 8.81E-34 3.10E-22 2.08E-15 3.23E-13 1.61E-12
 3.42E-12 6.94E-12 1.13E-11 1.42E-11 1.37E-11 1.25E-11
 1.00E-74 1.00E-74 1.00E-74 8.84E-34 3.11E-22 2.08E-15 3.23E-13 1.61E-12
 3.42E-12 6.94E-12 1.12E-11 1.42E-11 1.37E-11 1.25E-11
  159.115    7  14 /pl=01:ss= 9:pb= 1:sz= 9/type=excit/ispb = t/isel =   33
 1.00E+10 1.00E+11 1.00E+12 1.00E+13 1.00E+14 1.00E+15 1.00E+16
 1.72E+00 2.59E+00 4.31E+00 8.62E+00 1.72E+01 4.31E+01 8.62E+01 1.29E+02
 1.72E+02 2.59E+02 4.31E+02 8.62E+02 1.72E+03 2.59E+03
 1.00E-74 1.00E-74 1.00E-74 3.86E-30 1.09E-20 4.74E-15 3.29E-13 1.28E-12
 2.44E-12 4.48E-12 6.86E-12 8.72E-12 9.11E-12 8.90E-12
 1.00E-74 1.00E-74 1.00E-74 3.86E-30 1.09E-20 4.74E-15 3.29E-13 1.28E-12
 2.44E-12 4.48E-12 6.86E-12 8.72E-12 9.11E-12 8.90E-12
 1.00E-74 1.00E-74 1.00E-74 3.86E-30 1.09E-20 4.74E-15 3.29E-13 1.28E-12
 2.44E-12 4.48E-12 6.86E-12 8.72E-12 9.11E-12 8.90E-12
 1.00E-74 1.00E-74 1.00E-74 3.86E-30 1.09E-20 4.74E-15 3.29E-13 1.28E-12
 2.44E-12 4.48E-12 6.86E-12 8.72E-12 9.11E-12 8.90E-12
 1.00E-74 1.00E-74 1.00E-74 3.87E-30 1.09E-20 4.74E-15 3.29E-13 1.28E-12
 2.44E-12 4.48E-12 6.86E-12 8.72E-12 9.11E-12 8.91E-12
 1.00E-74 1.00E-74 4.06E-49 3.93E-30 1.10E-20 4.77E-15 3.31E-13 1.28E-12
 2.45E-12 4.49E-12 6.87E-12 8.73E-12 9.13E-12 8.92E-12
 1.00E-74 1.00E-74 4.47E-49 4.48E-30 1.24E-20 5.13E-15 3.45E-13 1.33E-12
 2.51E-12 4.59E-12 7.00E-12 8.89E-12 9.29E-12 9.08E-12
  161.920    7  14 /pl=01:ss= 9:pb= 1:sz= 9/type=excit/ispb = t/isel =   34
 1.00E+10 1.00E+11 1.00E+12 1.00E+13 1.00E+14 1.00E+15 1.00E+16
 1.72E+00 2.59E+00 4.31E+00 8.62E+00 1.72E+01 4.31E+01 8.62E+01 1.29E+02
 1.72E+02 2.59E+02 4.31E+02 8.62E+02 1.72E+03 2.59E+03
 5.25E-28 1.16E-21 1.26E-16 6.48E-13 3.93E-11 3.68E-10 6.69E-10 7.86E-10
 8.39E-10 8.80E-10 8.81E-10 8.11E-10 6.93E-10 6.20E-10
 5.25E-28 1.16E-21 1.26E-16 6.48E-13 3.93E-11 3.68E-10 6.69E-10 7.86E-10
 8.39E-10 8.80E-10 8.81E-10 8.11E-10 6.93E-10 6.20E-10
 5.25E-28 1.16E-21 1.26E-16 6.48E-13 3.93E-11 3.68E-10 6.69E-10 7.86E-10
 8.39E-10 8.80E-10 8.81E-10 8.11E-10 6.93E-10 6.20E-10
 5.25E-28 1.16E-21 1.26E-16 6.48E-13 3.93E-11 3.68E-10 6.69E-10 7.86E-10
 8.39E-10 8.80E-10 8.81E-10 8.11E-10 6.93E-10 6.20E-10
 5.25E-28 1.16E-21 1.25E-16 6.48E-13 3.93E-11 3.68E-10 6.69E-10 7.86E-10
 8.39E-10 8.80E-10 8.81E-10 8.11E-10 6.93E-10 6.20E-10
 5.25E-28 1.16E-21 1.25E-16 6.48E-13 3.93E-11 3.68E-10 6.69E-10 7.86E-10
 8.38E-10 8.80E-10 8.81E-10 8.11E-10 6.93E-10 6.20E-10
 5.22E-28 1.15E-21 1.25E-16 6.47E-13 3.93E-11 3.68E-10 6.68E-10 7.85E-10
 8.37E-10 8.78E-10 8.80E-10 8.09E-10 6.92E-10 6.19E-10
  168.513    7  14 /pl=01:ss= 9:pb= 1:sz= 9/type=excit/ispb = t/isel =   35
 1.00E+10 1.00E+11 1.00E+12 1.00E+13 1.00E+14 1.00E+15 1.00E+16
 1.72E+00 2.59E+00 4.31E+00 8.62E+00 1.72E+01 4.31E+01 8.62E+01 1.29E+02
 1.72E+02 2.59E+02 4.31E+02 8.62E+02 1.72E+03 2.59E+03
 1.00E-74 1.00E-74 1.00E-74 1.81E-30 1.39E-20 9.42E-15 6.93E-13 2.69E-12
 5.11E-12 9.27E-12 1.39E-11 1.70E-11 1.66E-11 1.54E-11
 1.00E-74 1.00E-74 1.00E-74 1.81E-30 1.39E-20 9.42E-15 6.93E-13 2.69E-12
 5.11E-12 9.27E-12 1.39E-11 1.70E-11 1.66E-11 1.54E-11
 1.00E-74 1.00E-74 1.00E-74 1.81E-30 1.39E-20 9.42E-15 6.93E-13 2.69E-12
 5.11E-12 9.27E-12 1.39E-11 1.70E-11 1.66E-11 1.54E-11
 1.00E-74 1.00E-74 1.00E-74 1.82E-30 1.39E-20 9.42E-15 6.93E-13 2.69E-12
 5.12E-12 9.27E-12 1.39E-11 1.70E-11 1.66E-11 1.54E-11
 1.00E-74 1.00E-74 1.00E-74 1.82E-30 1.39E-20 9.44E-15 6.94E-13 2.69E-12
 5.12E-12 9.28E-12 1.39E-11 1.70E-11 1.66E-11 1.54E-11
 1.00E-74 1.00E-74 1.00E-74 1.90E-30 1.44E-20 9.64E-15 7.06E-13 2.73E-12
 5.19E-12 9.39E-12 1.41E-11 1.71E-11 1.67E-11 1.55E-11
 1.00E-74 1.00E-74 4.34E-50 2.61E-30 1.84E-20 1.15E-14 8.13E-13 3.10E-12
 5.83E-12 1.04E-11 1.54E-11 1.84E-11 1.76E-11 1.63E-11
  179.542    7  14 /pl=01:ss= 9:pb= 1:sz= 9/type=excit/ispb = t/isel =   36
 1.00E+10 1.00E+11 1.00E+12 1.00E+13 1.00E+14 1.00E+15 1.00E+16
 1.72E+00 2.59E+00 4.31E+00 8.62E+00 1.72E+01 4.31E+01 8.62E+01 1.29E+02
 1.72E+02 2.59E+02 4.31E+02 8.62E+02 1.72E+03 2.59E+03
 1.00E-74 1.00E-74 1.00E-74 6.35E-36 1.46E-23 2.97E-16 6.71E-14 3.76E-13
 8.53E-13 1.84E-12 3.11E-12 4.03E-12 3.94E-12 3.62E-12
 1.00E-74 1.00E-74 1.00E-74 6.35E-36 1.46E-23 2.97E-16 6.71E-14 3.76E-13
 8.53E-13 1.84E-12 3.11E-12 4.03E-12 3.94E-12 3.62E-12
 1.00E-74 1.00E-74 1.00E-74 6.35E-36 1.46E-23 2.97E-16 6.71E-14 3.76E-13
 8.53E-13 1.84E-12 3.11E-12 4.03E-12 3.94E-12 3.62E-12
 1.00E-74 1.00E-74 1.00E-74 6.35E-36 1.46E-23 2.97E-16 6.71E-14 3.76E-13
 8.53E-13 1.84E-12 3.11E-12 4.03E-12 3.94E-12 3.62E-12
 1.00E-74 1.00E-74 1.00E-74 6.35E-36 1.46E-23 2.97E-16 6.71E-14 3.76E-13
 8.53E-13 1.84E-12 3.11E-12 4.03E-12 3.94E-12 3.62E-12
 1.00E-74 1.00E-74 1.00E-74 6.36E-36 1.46E-23 2.97E-16 6.72E-14 3.76E-13
 8.54E-13 1.84E-12 3.11E-12 4.03E-12 3.94E-12 3.63E-12
 1.00E-74 1.00E-74 1.00E-74 6.48E-36 1.48E-23 3.00E-16 6.77E-14 3.79E-13
 8.59E-13 1.85E-12 3.13E-12 4.06E-12 3.97E-12 3.65E-12
  179.571    7  14 /pl=01:ss= 9:pb= 1:sz= 9/type=excit/ispb = t/isel =   37
 1.00E+10 1.00E+11 1.00E+12 1.00E+13 1.00E+14 1.00E+15 1.00E+16
 1.72E+00 2.59E+00 4.31E+00 8.62E+00 1.72E+01 4.31E+01 8.62E+01 1.29E+02
 1.72E+02 2.59E+02 4.31E+02 8.62E+02 1.72E+03 2.59E+03
 1.00E-74 1.00E-74 1.00E-74 5.88E-37 3.68E-24 1.36E-16 3.76E-14 2.25E-13
 5.29E-13 1.17E-12 2.03E-12 2.67E-12 2.62E-12 2.39E-12
 1.00E-74 1.00E-74 1.00E-74 5.88E-37 3.68E-24 1.36E-16 3.76E-14 2.25E-13
 5.29E-13 1.17E-12 2.03E-12 2.67E-12 2.62E-12 2.39E-12
 1.00E-74 1.00E-74 1.00E-74 5.88E-37 3.68E-24 1.36E-16 3.76E-14 2.25E-13
 5.29E-13 1.17E-12 2.03E-12 2.67E-12 2.62E-12 2.39E-12
 1.00E-74 1.00E-74 1.00E-74 5.88E-37 3.68E-24 1.36E-16 3.76E-14 2.25E-13
 5.29E-13 1.17E-12 2.03E-12 2.67E-12 2.62E-12 2.39E-12
 1.00E-74 1.00E-74 1.00E-74 5.89E-37 3.68E-24 1.36E-16 3.76E-14 2.25E-13
 5.29E-13 1.17E-12 2.03E-12 2.67E-12 2.62E-12 2.40E-12
 1.00E-74 1.00E-74 1.00E-74 5.93E-37 3.70E-24 1.37E-16 3.78E-14 2.26E-13
 5.31E-13 1.18E-12 2.04E-12 2.68E-12 2.63E-12 2.41E-12
 1.00E-74 1.00E-74 1.00E-74 6.26E-37 3.88E-24 1.42E-16 3.91E-14 2.33E-13
 5.47E-13 1.21E-12 2.10E-12 2.77E-12 2.72E-12 2.50E-12
  181.433    7  14 /pl=01:ss= 9:pb= 1:sz= 9/type=excit/ispb = t/isel =   38
 1.00E+10 1.00E+11 1.00E+12 1.00E+13 1.00E+14 1.00E+15 1.00E+16
 1.72E+00 2.59E+00 4.31E+00 8.62E+00 1.72E+01 4.31E+01 8.62E+01 1.29E+02
 1.72E+02 2.59E+02 4.31E+02 8.62E+02 1.72E+03 2.59E+03
 1.00E-74 1.00E-74 1.00E-74 3.53E-34 7.37E-23 3.57E-16 5.04E-14 2.42E-13
 5.14E-13 1.04E-12 1.73E-12 2.35E-12 2.54E-12 2.53E-12
 1.00E-74 1.00E-74 1.00E-74 3.53E-34 7.37E-23 3.57E-16 5.04E-14 2.42E-13
 5.14E-13 1.04E-12 1.73E-12 2.35E-12 2.54E-12 2.53E-12
 1.00E-74 1.00E-74 1.00E-74 3.53E-34 7.37E-23 3.57E-16 5.04E-14 2.42E-13
 5.14E-13 1.04E-12 1.73E-12 2.35E-12 2.54E-12 2.53E-12
 1.00E-74 1.00E-74 1.00E-74 3.53E-34 7.37E-23 3.57E-16 5.04E-14 2.42E-13
 5.14E-13 1.04E-12 1.73E-12 2.35E-12 2.54E-12 2.53E-12
 1.00E-74 1.00E-74 1.00E-74 3.52E-34 7.35E-23 3.56E-16 5.02E-14 2.42E-13
 5.13E-13 1.04E-12 1.73E-12 2.35E-12 2.54E-12 2.53E-12
 1.00E-74 1.00E-74 1.00E-74 3.38E-34 7.10E-23 3.47E-16 4.92E-14 2.37E-13
 5.05E-13 1.03E-12 1.71E-12 2.32E-12 2.51E-12 2.51E-12
 1.00E-74 1.00E-74 1.00E-74 2.86E-34 6.03E-23 2.99E-16 4.30E-14 2.10E-13
 4.48E-13 9.19E-13 1.54E-12 2.12E-12 2.32E-12 2.33E-12
  198.884    7  14 /pl=01:ss= 9:pb= 1:sz= 9/type=excit/ispb = t/isel =   39
 1.00E+10 1.00E+11 1.00E+12 1.00E+13 1.00E+14 1.00E+15 1.00E+16
 1.72E+00 2.59E+00 4.31E+00 8.62E+00 1.72E+01 4.31E+01 8.62E+01 1.29E+02
 1.72E+02 2.59E+02 4.31E+02 8.62E+02 1.72E+03 2.59E+03
 1.00E-74 1.00E-74 1.00E-74 2.69E-34 5.96E-23 3.09E-16 4.56E-14 2.25E-13
 4.86E-13 1.02E-12 1.76E-12 2.59E-12 3.09E-12 3.26E-12
 1.00E-74 1.00E-74 1.00E-74 2.69E-34 5.96E-23 3.09E-16 4.56E-14 2.25E-13
 4.86E-13 1.02E-12 1.76E-12 2.59E-12 3.09E-12 3.26E-12
 1.00E-74 1.00E-74 1.00E-74 2.69E-34 5.96E-23 3.09E-16 4.56E-14 2.25E-13
 4.86E-13 1.02E-12 1.76E-12 2.59E-12 3.09E-12 3.26E-12
 1.00E-74 1.00E-74 1.00E-74 2.69E-34 5.96E-23 3.09E-16 4.56E-14 2.25E-13
 4.86E-13 1.02E-12 1.76E-12 2.59E-12 3.09E-12 3.26E-12
 1.00E-74 1.00E-74 1.00E-74 2.69E-34 5.96E-23 3.09E-16 4.56E-14 2.25E-13
 4.86E-13 1.02E-12 1.76E-12 2.59E-12 3.09E-12 3.26E-12
 1.00E-74 1.00E-74 1.00E-74 2.69E-34 5.96E-23 3.09E-16 4.56E-14 2.25E-13
 4.86E-13 1.02E-12 1.76E-12 2.59E-12 3.09E-12 3.26E-12
 1.00E-74 1.00E-74 1.00E-74 2.71E-34 5.98E-23 3.10E-16 4.57E-14 2.25E-13
 4.86E-13 1.02E-12 1.76E-12 2.58E-12 3.09E-12 3.25E-12
  198.941    7  14 /pl=01:ss= 9:pb= 1:sz= 9/type=excit/ispb = t/isel =   40
 1.00E+10 1.00E+11 1.00E+12 1.00E+13 1.00E+14 1.00E+15 1.00E+16
 1.72E+00 2.59E+00 4.31E+00 8.62E+00 1.72E+01 4.31E+01 8.62E+01 1.29E+02
 1.72E+02 2.59E+02 4.31E+02 8.62E+02 1.72E+03 2.59E+03
 1.00E-74 1.00E-74 1.00E-74 7.37E-30 2.96E-20 1.42E-14 9.52E-13 3.60E-12
 6.76E-12 1.21E-11 1.77E-11 2.09E-11 1.99E-11 1.84E-11
 1.00E-74 1.00E-74 1.00E-74 7.37E-30 2.96E-20 1.42E-14 9.52E-13 3.60E-12
 6.76E-12 1.21E-11 1.77E-11 2.09E-11 1.99E-11 1.84E-11
 1.00E-74 1.00E-74 1.00E-74 7.37E-30 2.96E-20 1.42E-14 9.52E-13 3.60E-12
 6.76E-12 1.21E-11 1.77E-11 2.09E-11 1.99E-11 1.84E-11
 1.00E-74 1.00E-74 1.00E-74 7.37E-30 2.96E-20 1.42E-14 9.52E-13 3.60E-12
 6.76E-12 1.21E-11 1.77E-11 2.09E-11 1.99E-11 1.84E-11
 1.00E-74 1.00E-74 3.73E-49 7.37E-30 2.97E-20 1.42E-14 9.52E-13 3.60E-12
 6.75E-12 1.21E-11 1.77E-11 2.09E-11 1.99E-11 1.84E-11
 1.00E-74 1.00E-74 3.35E-49 7.39E-30 2.97E-20 1.42E-14 9.52E-13 3.60E-12
 6.75E-12 1.21E-11 1.77E-11 2.09E-11 1.99E-11 1.84E-11
 1.00E-74 1.00E-74 3.45E-49 7.52E-30 2.98E-20 1.42E-14 9.46E-13 3.58E-12
 6.71E-12 1.20E-11 1.76E-11 2.08E-11 1.98E-11 1.83E-11
  214.038    7  14 /pl=01:ss= 9:pb= 1:sz= 9/type=excit/ispb = t/isel =   41
 1.00E+10 1.00E+11 1.00E+12 1.00E+13 1.00E+14 1.00E+15 1.00E+16
 1.72E+00 2.59E+00 4.31E+00 8.62E+00 1.72E+01 4.31E+01 8.62E+01 1.29E+02
 1.72E+02 2.59E+02 4.31E+02 8.62E+02 1.72E+03 2.59E+03
 1.00E-74 1.00E-74 1.00E-74 1.93E-33 2.21E-22 7.61E-16 9.66E-14 4.52E-13
 9.46E-13 1.89E-12 3.13E-12 4.19E-12 4.50E-12 4.45E-12
 1.00E-74 1.00E-74 1.00E-74 1.93E-33 2.21E-22 7.61E-16 9.66E-14 4.52E-13
 9.46E-13 1.89E-12 3.13E-12 4.19E-12 4.50E-12 4.45E-12
 1.00E-74 1.00E-74 1.00E-74 1.93E-33 2.21E-22 7.61E-16 9.66E-14 4.52E-13
 9.46E-13 1.89E-12 3.13E-12 4.19E-12 4.50E-12 4.45E-12
 1.00E-74 1.00E-74 1.00E-74 1.93E-33 2.21E-22 7.61E-16 9.66E-14 4.52E-13
 9.46E-13 1.89E-12 3.13E-12 4.19E-12 4.50E-12 4.45E-12
 1.00E-74 1.00E-74 1.00E-74 1.93E-33 2.21E-22 7.60E-16 9.65E-14 4.52E-13
 9.45E-13 1.89E-12 3.12E-12 4.19E-12 4.50E-12 4.45E-12
 1.00E-74 1.00E-74 1.00E-74 1.91E-33 2.19E-22 7.55E-16 9.59E-14 4.50E-13
 9.41E-13 1.88E-12 3.11E-12 4.18E-12 4.49E-12 4.43E-12
 1.00E-74 1.00E-74 1.00E-74 1.76E-33 2.03E-22 7.09E-16 9.10E-14 4.28E-13
 8.99E-13 1.81E-12 3.00E-12 4.05E-12 4.37E-12 4.33E-12
  245.294    7  14 /pl=01:ss= 9:pb= 1:sz= 9/type=excit/ispb = t/isel =   42
 1.00E+10 1.00E+11 1.00E+12 1.00E+13 1.00E+14 1.00E+15 1.00E+16
 1.72E+00 2.59E+00 4.31E+00 8.62E+00 1.72E+01 4.31E+01 8.62E+01 1.29E+02
 1.72E+02 2.59E+02 4.31E+02 8.62E+02 1.72E+03 2.59E+03
 1.00E-74 1.00E-74 1.00E-74 7.94E-34 9.59E-23 3.36E-16 4.25E-14 1.96E-13
 4.07E-13 8.05E-13 1.28E-12 1.64E-12 1.63E-12 1.51E-12
 1.00E-74 1.00E-74 1.00E-74 7.94E-34 9.59E-23 3.36E-16 4.25E-14 1.96E-13
 4.07E-13 8.05E-13 1.28E-12 1.64E-12 1.63E-12 1.51E-12
 1.00E-74 1.00E-74 1.00E-74 7.94E-34 9.60E-23 3.36E-16 4.25E-14 1.96E-13
 4.07E-13 8.05E-13 1.28E-12 1.64E-12 1.63E-12 1.51E-12
 1.00E-74 1.00E-74 1.00E-74 7.95E-34 9.61E-23 3.37E-16 4.26E-14 1.96E-13
 4.07E-13 8.05E-13 1.28E-12 1.64E-12 1.63E-12 1.51E-12
 1.00E-74 1.00E-74 1.00E-74 8.06E-34 9.71E-23 3.40E-16 4.29E-14 1.97E-13
 4.09E-13 8.09E-13 1.29E-12 1.65E-12 1.63E-12 1.52E-12
 1.00E-74 1.00E-74 1.00E-74 9.13E-34 1.08E-22 3.67E-16 4.57E-14 2.09E-13
 4.32E-13 8.48E-13 1.34E-12 1.70E-12 1.68E-12 1.56E-12
 1.00E-74 1.00E-74 1.00E-74 1.66E-33 1.84E-22 5.86E-16 6.91E-14 3.08E-13
 6.22E-13 1.19E-12 1.82E-12 2.22E-12 2.12E-12 1.94E-12
  284.309    7  14 /pl=01:ss= 9:pb= 1:sz= 9/type=excit/ispb = t/isel =   43
 1.00E+10 1.00E+11 1.00E+12 1.00E+13 1.00E+14 1.00E+15 1.00E+16
 1.72E+00 2.59E+00 4.31E+00 8.62E+00 1.72E+01 4.31E+01 8.62E+01 1.29E+02
 1.72E+02 2.59E+02 4.31E+02 8.62E+02 1.72E+03 2.59E+03
 1.00E-74 1.00E-74 1.00E-74 2.02E-32 6.80E-22 1.13E-15 1.12E-13 4.76E-13
 9.46E-13 1.78E-12 2.72E-12 3.29E-12 3.13E-12 2.87E-12
 1.00E-74 1.00E-74 1.00E-74 2.02E-32 6.80E-22 1.13E-15 1.12E-13 4.76E-13
 9.46E-13 1.78E-12 2.72E-12 3.29E-12 3.13E-12 2.87E-12
 1.00E-74 1.00E-74 1.00E-74 2.02E-32 6.80E-22 1.13E-15 1.12E-13 4.76E-13
 9.46E-13 1.78E-12 2.72E-12 3.29E-12 3.13E-12 2.87E-12
 1.00E-74 1.00E-74 1.00E-74 2.02E-32 6.80E-22 1.13E-15 1.12E-13 4.76E-13
 9.46E-13 1.78E-12 2.72E-12 3.29E-12 3.13E-12 2.87E-12
 1.00E-74 1.00E-74 1.00E-74 2.01E-32 6.79E-22 1.13E-15 1.12E-13 4.76E-13
 9.45E-13 1.78E-12 2.72E-12 3.28E-12 3.13E-12 2.87E-12
 1.00E-74 1.00E-74 1.00E-74 2.00E-32 6.74E-22 1.12E-15 1.11E-13 4.74E-13
 9.41E-13 1.77E-12 2.71E-12 3.28E-12 3.12E-12 2.86E-12
 1.00E-74 1.00E-74 1.00E-74 1.86E-32 6.29E-22 1.05E-15 1.05E-13 4.51E-13
 8.99E-13 1.70E-12 2.62E-12 3.19E-12 3.07E-12 2.82E-12
  305.753    7  14 /pl=01:ss= 9:pb= 1:sz= 9/type=excit/ispb = t/isel =   44
 1.00E+10 1.00E+11 1.00E+12 1.00E+13 1.00E+14 1.00E+15 1.00E+16
 1.72E+00 2.59E+00 4.31E+00 8.62E+00 1.72E+01 4.31E+01 8.62E+01 1.29E+02
 1.72E+02 2.59E+02 4.31E+02 8.62E+02 1.72E+03 2.59E+03
 1.00E-74 1.00E-74 1.00E-74 2.28E-32 9.59E-22 1.80E-15 1.89E-13 8.26E-13
 1.67E-12 3.24E-12 5.19E-12 6.87E-12 7.35E-12 7.28E-12
 1.00E-74 1.00E-74 1.00E-74 2.28E-32 9.59E-22 1.80E-15 1.89E-13 8.26E-13
 1.67E-12 3.24E-12 5.19E-12 6.87E-12 7.35E-12 7.28E-12
 1.00E-74 1.00E-74 1.00E-74 2.28E-32 9.59E-22 1.80E-15 1.89E-13 8.26E-13
 1.67E-12 3.24E-12 5.19E-12 6.87E-12 7.35E-12 7.28E-12
 1.00E-74 1.00E-74 1.00E-74 2.28E-32 9.59E-22 1.80E-15 1.89E-13 8.26E-13
 1.67E-12 3.24E-12 5.19E-12 6.87E-12 7.35E-12 7.28E-12
 1.00E-74 1.00E-74 1.00E-74 2.28E-32 9.59E-22 1.80E-15 1.89E-13 8.26E-13
 1.67E-12 3.24E-12 5.19E-12 6.87E-12 7.35E-12 7.28E-12
 1.00E-74 1.00E-74 1.00E-74 2.28E-32 9.58E-22 1.80E-15 1.89E-13 8.26E-13
 1.67E-12 3.24E-12 5.19E-12 6.87E-12 7.35E-12 7.27E-12
 1.00E-74 1.00E-74 1.00E-74 2.24E-32 9.46E-22 1.79E-15 1.88E-13 8.23E-13
 1.67E-12 3.23E-12 5.18E-12 6.85E-12 7.34E-12 7.26E-12
  366.619    7  14 /pl=01:ss= 9:pb= 1:sz= 9/type=excit/ispb = t/isel =   45
 1.00E+10 1.00E+11 1.00E+12 1.00E+13 1.00E+14 1.00E+15 1.00E+16
 1.72E+00 2.59E+00 4.31E+00 8.62E+00 1.72E+01 4.31E+01 8.62E+01 1.29E+02
 1.72E+02 2.59E+02 4.31E+02 8.62E+02 1.72E+03 2.59E+03
 1.00E-74 1.00E-74 1.00E-74 9.62E-33 4.42E-22 8.76E-16 9.17E-14 3.99E-13
 8.02E-13 1.54E-12 2.41E-12 3.02E-12 2.98E-12 2.77E-12
 1.00E-74 1.00E-74 1.00E-74 9.62E-33 4.42E-22 8.76E-16 9.17E-14 3.99E-13
 8.02E-13 1.54E-12 2.41E-12 3.02E-12 2.98E-12 2.77E-12
 1.00E-74 1.00E-74 1.00E-74 9.62E-33 4.42E-22 8.76E-16 9.17E-14 3.99E-13
 8.02E-13 1.54E-12 2.41E-12 3.02E-12 2.98E-12 2.77E-12
 1.00E-74 1.00E-74 1.00E-74 9.62E-33 4.42E-22 8.76E-16 9.17E-14 3.99E-13
 8.02E-13 1.54E-12 2.41E-12 3.02E-12 2.98E-12 2.77E-12
 1.00E-74 1.00E-74 1.00E-74 9.67E-33 4.44E-22 8.79E-16 9.19E-14 4.00E-13
 8.04E-13 1.54E-12 2.41E-12 3.02E-12 2.98E-12 2.78E-12
 1.00E-74 1.00E-74 1.00E-74 1.02E-32 4.62E-22 9.04E-16 9.41E-14 4.08E-13
 8.19E-13 1.56E-12 2.45E-12 3.05E-12 3.01E-12 2.80E-12
 1.00E-74 1.00E-74 1.00E-74 1.46E-32 6.24E-22 1.14E-15 1.14E-13 4.87E-13
 9.64E-13 1.81E-12 2.78E-12 3.39E-12 3.29E-12 3.04E-12
  438.046    7  14 /pl=01:ss= 9:pb= 1:sz= 9/type=excit/ispb = t/isel =   46
 1.00E+10 1.00E+11 1.00E+12 1.00E+13 1.00E+14 1.00E+15 1.00E+16
 1.72E+00 2.59E+00 4.31E+00 8.62E+00 1.72E+01 4.31E+01 8.62E+01 1.29E+02
 1.72E+02 2.59E+02 4.31E+02 8.62E+02 1.72E+03 2.59E+03
 1.00E-74 1.00E-74 1.00E-74 2.44E-32 8.23E-22 1.37E-15 1.35E-13 5.77E-13
 1.15E-12 2.16E-12 3.30E-12 3.98E-12 3.79E-12 3.47E-12
 1.00E-74 1.00E-74 1.00E-74 2.44E-32 8.23E-22 1.37E-15 1.35E-13 5.77E-13
 1.15E-12 2.16E-12 3.30E-12 3.98E-12 3.79E-12 3.47E-12
 1.00E-74 1.00E-74 1.00E-74 2.44E-32 8.23E-22 1.37E-15 1.35E-13 5.77E-13
 1.15E-12 2.16E-12 3.30E-12 3.98E-12 3.79E-12 3.47E-12
 1.00E-74 1.00E-74 1.00E-74 2.44E-32 8.23E-22 1.37E-15 1.35E-13 5.77E-13
 1.15E-12 2.16E-12 3.30E-12 3.98E-12 3.79E-12 3.47E-12
 1.00E-74 1.00E-74 1.00E-74 2.44E-32 8.23E-22 1.37E-15 1.35E-13 5.76E-13
 1.14E-12 2.15E-12 3.29E-12 3.98E-12 3.79E-12 3.47E-12
 1.00E-74 1.00E-74 1.00E-74 2.42E-32 8.16E-22 1.36E-15 1.35E-13 5.73E-13
 1.14E-12 2.15E-12 3.28E-12 3.97E-12 3.78E-12 3.46E-12
 1.00E-74 1.00E-74 1.00E-74 2.26E-32 7.62E-22 1.27E-15 1.27E-13 5.46E-13
 1.09E-12 2.06E-12 3.17E-12 3.86E-12 3.71E-12 3.41E-12
  547.768    7  14 /pl=01:ss= 9:pb= 1:sz= 9/type=excit/ispb = t/isel =   47
 1.00E+10 1.00E+11 1.00E+12 1.00E+13 1.00E+14 1.00E+15 1.00E+16
 1.72E+00 2.59E+00 4.31E+00 8.62E+00 1.72E+01 4.31E+01 8.62E+01 1.29E+02
 1.72E+02 2.59E+02 4.31E+02 8.62E+02 1.72E+03 2.59E+03
 1.00E-74 1.00E-74 2.80E-43 4.47E-27 4.77E-19 2.48E-14 7.91E-13 2.35E-12
 3.93E-12 6.37E-12 8.98E-12 1.11E-11 1.17E-11 1.16E-11
 1.00E-74 1.00E-74 2.80E-43 4.47E-27 4.77E-19 2.48E-14 7.91E-13 2.35E-12
 3.93E-12 6.37E-12 8.98E-12 1.11E-11 1.17E-11 1.16E-11
 1.00E-74 1.00E-74 2.80E-43 4.47E-27 4.77E-19 2.48E-14 7.91E-13 2.35E-12
 3.93E-12 6.37E-12 8.98E-12 1.11E-11 1.17E-11 1.16E-11
 1.00E-74 1.00E-74 2.80E-43 4.47E-27 4.77E-19 2.48E-14 7.91E-13 2.35E-12
 3.93E-12 6.37E-12 8.98E-12 1.11E-11 1.17E-11 1.16E-11
 1.00E-74 1.00E-74 2.80E-43 4.48E-27 4.78E-19 2.49E-14 7.91E-13 2.35E-12
 3.93E-12 6.37E-12 8.99E-12 1.11E-11 1.17E-11 1.16E-11
 1.00E-74 1.00E-74 2.83E-43 4.50E-27 4.80E-19 2.49E-14 7.94E-13 2.36E-12
 3.94E-12 6.39E-12 9.01E-12 1.11E-11 1.17E-11 1.16E-11
 1.00E-74 1.00E-74 3.05E-43 4.76E-27 5.01E-19 2.58E-14 8.17E-13 2.43E-12
 4.05E-12 6.54E-12 9.19E-12 1.13E-11 1.18E-11 1.17E-11
  552.149    7  14 /pl=01:ss= 9:pb= 1:sz= 9/type=excit/ispb = t/isel =   48
 1.00E+10 1.00E+11 1.00E+12 1.00E+13 1.00E+14 1.00E+15 1.00E+16
 1.72E+00 2.59E+00 4.31E+00 8.62E+00 1.72E+01 4.31E+01 8.62E+01 1.29E+02
 1.72E+02 2.59E+02 4.31E+02 8.62E+02 1.72E+03 2.59E+03
 1.00E-74 1.00E-74 1.00E-74 6.08E-31 3.56E-21 2.03E-15 1.40E-13 5.29E-13
 9.90E-13 1.76E-12 2.57E-12 3.01E-12 2.83E-12 2.58E-12
 1.00E-74 1.00E-74 1.00E-74 6.08E-31 3.56E-21 2.03E-15 1.40E-13 5.29E-13
 9.90E-13 1.76E-12 2.57E-12 3.01E-12 2.83E-12 2.58E-12
 1.00E-74 1.00E-74 1.00E-74 6.08E-31 3.56E-21 2.03E-15 1.40E-13 5.29E-13
 9.90E-13 1.76E-12 2.57E-12 3.01E-12 2.83E-12 2.58E-12
 1.00E-74 1.00E-74 1.00E-74 6.08E-31 3.56E-21 2.03E-15 1.40E-13 5.29E-13
 9.90E-13 1.76E-12 2.57E-12 3.01E-12 2.83E-12 2.58E-12
 1.00E-74 1.00E-74 1.00E-74 6.08E-31 3.56E-21 2.03E-15 1.40E-13 5.29E-13
 9.90E-13 1.76E-12 2.57E-12 3.01E-12 2.83E-12 2.58E-12
 1.00E-74 1.00E-74 1.25E-50 6.08E-31 3.56E-21 2.03E-15 1.40E-13 5.29E-13
 9.90E-13 1.76E-12 2.57E-12 3.01E-12 2.83E-12 2.58E-12
 1.00E-74 1.00E-74 1.25E-50 6.10E-31 3.57E-21 2.03E-15 1.40E-13 5.29E-13
 9.90E-13 1.76E-12 2.57E-12 3.01E-12 2.83E-12 2.57E-12
  580.647    7  14 /pl=01:ss= 9:pb= 1:sz= 9/type=excit/ispb = t/isel =   49
 1.00E+10 1.00E+11 1.00E+12 1.00E+13 1.00E+14 1.00E+15 1.00E+16
 1.72E+00 2.59E+00 4.31E+00 8.62E+00 1.72E+01 4.31E+01 8.62E+01 1.29E+02
 1.72E+02 2.59E+02 4.31E+02 8.62E+02 1.72E+03 2.59E+03
 1.00E-74 1.00E-74 1.00E-74 6.59E-34 7.54E-23 2.60E-16 3.30E-14 1.54E-13
 3.23E-13 6.47E-13 1.07E-12 1.43E-12 1.54E-12 1.52E-12
 1.00E-74 1.00E-74 1.00E-74 6.59E-34 7.54E-23 2.60E-16 3.30E-14 1.54E-13
 3.23E-13 6.47E-13 1.07E-12 1.43E-12 1.54E-12 1.52E-12
 1.00E-74 1.00E-74 1.00E-74 6.59E-34 7.54E-23 2.60E-16 3.30E-14 1.54E-13
 3.23E-13 6.47E-13 1.07E-12 1.43E-12 1.54E-12 1.52E-12
 1.00E-74 1.00E-74 1.00E-74 6.59E-34 7.54E-23 2.60E-16 3.30E-14 1.54E-13
 3.23E-13 6.47E-13 1.07E-12 1.43E-12 1.54E-12 1.52E-12
 1.00E-74 1.00E-74 1.00E-74 6.58E-34 7.54E-23 2.60E-16 3.30E-14 1.54E-13
 3.23E-13 6.46E-13 1.07E-12 1.43E-12 1.54E-12 1.52E-12
 1.00E-74 1.00E-74 1.00E-74 6.51E-34 7.47E-23 2.58E-16 3.28E-14 1.54E-13
 3.21E-13 6.43E-13 1.06E-12 1.43E-12 1.53E-12 1.51E-12
 1.00E-74 1.00E-74 1.00E-74 6.00E-34 6.93E-23 2.42E-16 3.11E-14 1.46E-13
 3.07E-13 6.18E-13 1.02E-12 1.38E-12 1.49E-12 1.48E-12
  683.776    7  14 /pl=01:ss= 9:pb= 1:sz= 9/type=excit/ispb = t/isel =   50
 1.00E+10 1.00E+11 1.00E+12 1.00E+13 1.00E+14 1.00E+15 1.00E+16
 1.72E+00 2.59E+00 4.31E+00 8.62E+00 1.72E+01 4.31E+01 8.62E+01 1.29E+02
 1.72E+02 2.59E+02 4.31E+02 8.62E+02 1.72E+03 2.59E+03
 1.00E-74 1.00E-74 1.67E-39 1.93E-24 5.57E-17 1.36E-12 3.50E-11 9.84E-11
 1.60E-10 2.51E-10 3.35E-10 3.76E-10 3.54E-10 3.28E-10
 1.00E-74 1.00E-74 1.67E-39 1.93E-24 5.57E-17 1.36E-12 3.50E-11 9.84E-11
 1.60E-10 2.51E-10 3.35E-10 3.76E-10 3.54E-10 3.28E-10
 1.00E-74 1.00E-74 1.67E-39 1.93E-24 5.57E-17 1.36E-12 3.50E-11 9.84E-11
 1.60E-10 2.51E-10 3.35E-10 3.76E-10 3.54E-10 3.28E-10
 1.00E-74 1.00E-74 1.67E-39 1.93E-24 5.57E-17 1.36E-12 3.50E-11 9.84E-11
 1.60E-10 2.51E-10 3.35E-10 3.76E-10 3.54E-10 3.28E-10
 1.00E-74 1.00E-74 1.67E-39 1.93E-24 5.56E-17 1.35E-12 3.50E-11 9.83E-11
 1.60E-10 2.50E-10 3.35E-10 3.75E-10 3.54E-10 3.27E-10
 1.00E-74 1.00E-74 1.64E-39 1.91E-24 5.49E-17 1.34E-12 3.46E-11 9.72E-11
 1.59E-10 2.48E-10 3.32E-10 3.73E-10 3.52E-10 3.26E-10
 1.00E-74 1.00E-74 1.40E-39 1.67E-24 4.86E-17 1.19E-12 3.10E-11 8.77E-11
 1.44E-10 2.26E-10 3.06E-10 3.48E-10 3.32E-10 3.10E-10
c-------------------------------------------------------------------------------
 
C  root partition information
C  ==========================
C
C  nuclear charge : 18
C  ion charge+1   : 10
C
C  population calculation information
C  ----------------------------------
C
C  population processing code: adas810
C
C  adf04 source file    : adf04_copmm#18_ca_40#ar9_t3.dat
C  adf18/a17_p208 file  : NULL
C
C  meta. ion. coeff. selector  : 
 
C  options  : lnorm =T  lpsel =F  lzsel =T  liosel=F
C           : lhsel =F  lrsel =F  lisel =F  lnsel =F
 
C  energy levels
C  -------------
C
C   lv      configuration    (2S+1)L(w-1/2)      energy (cm^-1)
C  ---   ------------------- --------------      --------------
c    1   22553                  (0)0(  2.5)             0.0
c    2   12563                  (0)0(  0.5)        617590.3
c    3   22543514               (0)0( 14.5)       2288274.3
c    4   22543515               (0)0( 44.5)       2434521.1
c    5   22543516               (0)0( 74.5)       2617080.0
c    6   12553515               (0)0( 35.5)       2993478.8
c    7   22543517               (0)0( 14.5)       3062997.4
c    8   22543518               (0)0( 44.5)       3119742.5
c    9   12553516               (0)0( 59.5)       3174589.2
c   10   22543519               (0)0( 74.5)       3186440.8
c   11   2254351A               (0)0(104.0)       3210506.2
c   12   2254351B               (0)0( 14.5)       3387051.5
c   13   2254351C               (0)0( 44.5)       3414727.2
c   14   2254351D               (0)0( 74.5)       3446803.4
c   15   2254351E               (0)0(104.0)       3459203.8
c   16   2254351G               (0)0( 14.5)       3553512.0
c   17   2254351H               (0)0( 44.5)       3569028.8
c   18   2254351I               (0)0( 74.5)       3586948.9
c   19   2254351J               (0)0(104.0)       3594114.7
c   20   2254351M               (0)0( 14.5)       3650311.2
c   21   2254351N               (0)0( 44.5)       3659869.3
c   22   2254351O               (0)0( 74.5)       3670908.9
c   23   2254351P               (0)0(104.0)       3675408.1
c   24   12553518               (0)0( 35.5)       3677394.3
c   25   12553519               (0)0( 59.5)       3743620.8
c   26   1255351C               (0)0( 35.5)       3971918.2
c   27   1255351D               (0)0( 59.5)       4003774.9
c   28   1255351H               (0)0( 35.5)       4126022.2
c   29   1255351I               (0)0( 59.5)       4143832.6
 
 
 
c-------------------------------------------------------------------------------
 
C  superstage partition information
C  ================================
C
C  element symbol   : Ar
C  parent template  : 
C  partition level  :  1
C  superstage label :  9
C
C  tabulation       : photon emissivity coefft (te,ne)
C  units            : ph. emis coef(cm^3 s^-1); te (ev); ne (cm^-3)
C
C  photon emissivity atomic transitions
C  ------------------------------------
C  
C   isel  wvlen(A)            transition                type  ispb nspb
C                                                             ispp nspp sz    tg pr wr
C  ----- ---------- ----------------------------------- ----- ---- ---- --    -- -- --
C      1   24.2364   28(0)0( 35.5)-  1(0)0(  2.5)       excit   1    1   9    27 34  1
C      2   25.1768   26(0)0( 35.5)-  1(0)0(  2.5)       excit   1    1   9    25 23  2
C      3   27.1932   24(0)0( 35.5)-  1(0)0(  2.5)       excit   1    1   9    23 13  3
C      4   27.2412   22(0)0( 74.5)-  1(0)0(  2.5)       excit   1    1   9    18 17  4
C      5   27.8788   18(0)0( 74.5)-  1(0)0(  2.5)       excit   1    1   9    14 11  5
C      6   28.3588   29(0)0( 59.5)-  2(0)0(  0.5)       excit   1    1   9   189 50  6
C      7   29.0124   14(0)0( 74.5)-  1(0)0(  2.5)       excit   1    1   9    10  9  7
C      8   29.5318   27(0)0( 59.5)-  2(0)0(  0.5)       excit   1    1   9   187 32  8
C      9   31.3830   10(0)0( 74.5)-  1(0)0(  2.5)       excit   1    1   9     6  5  9
C     10   31.9895   25(0)0( 59.5)-  2(0)0(  0.5)       excit   1    1   9   185 15 10
C     11   32.6478    7(0)0( 14.5)-  1(0)0(  2.5)       excit   1    1   9     4 27 11
C     12   33.4059    6(0)0( 35.5)-  1(0)0(  2.5)       excit   1    1   9    21  7 12
C     13   38.2105    5(0)0( 74.5)-  1(0)0(  2.5)       excit   1    1   9     3  1 13
C     14   39.1083    9(0)0( 59.5)-  2(0)0(  0.5)       excit   1    1   9   183  6 14
C     15   41.0758    4(0)0( 44.5)-  1(0)0(  2.5)       excit   1    1   9     2 29 15
C     16   43.7011    3(0)0( 14.5)-  1(0)0(  2.5)       excit   1    1   9     1  3 16
C     17   72.9078   21(0)0( 44.5)-  3(0)0( 14.5)       excit   1    1   9    41 44 17
C     18   78.0790   17(0)0( 44.5)-  3(0)0( 14.5)       excit   1    1   9    38 31 18
C     19   80.8808   22(0)0( 74.5)-  4(0)0( 44.5)       excit   1    1   9    58 24 19
C     20   86.7733   18(0)0( 74.5)-  4(0)0( 44.5)       excit   1    1   9    54 18 20
C     21   86.9298   29(0)0( 59.5)-  6(0)0( 35.5)       excit   1    1   9   196 49 21
C     22   88.7742   13(0)0( 44.5)-  3(0)0( 14.5)       excit   1    1   9    35 21 22
C     23   94.4887   23(0)0(104.0)-  5(0)0( 74.5)       excit   1    1   9    75 45 23
C     24   98.7867   14(0)0( 74.5)-  4(0)0( 44.5)       excit   1    1   9    50 12 24
C     25   98.9809   27(0)0( 59.5)-  6(0)0( 35.5)       excit   1    1   9   194 35 25
C     26   102.351   19(0)0(104.0)-  5(0)0( 74.5)       excit   1    1   9    71 36 26
C     27   104.984   12(0)0( 14.5)-  4(0)0( 44.5)       excit   1    1   9    48 46 27
C     28   118.747   15(0)0(104.0)-  5(0)0( 74.5)       excit   1    1   9    67 26 28
C     29   120.269    8(0)0( 44.5)-  3(0)0( 14.5)       excit   1    1   9    32 10 29
C     30   125.369   13(0)0( 44.5)-  5(0)0( 74.5)       excit   1    1   9    65 37 30
C     31   132.993   10(0)0( 74.5)-  4(0)0( 44.5)       excit   1    1   9    46  8 31
C     32   133.308   25(0)0( 59.5)-  6(0)0( 35.5)       excit   1    1   9   192 19 32
C     33   159.115    7(0)0( 14.5)-  4(0)0( 44.5)       excit   1    1   9    44 22 33
C     34   161.920    2(0)0(  0.5)-  1(0)0(  2.5)       excit   1    1   9    20  2 34
C     35   168.513   11(0)0(104.0)-  5(0)0( 74.5)       excit   1    1   9    63 16 35
C     36   179.542   27(0)0( 59.5)- 14(0)0( 74.5)       excit   1    1   9   150 30 36
C     37   179.571   29(0)0( 59.5)- 18(0)0( 74.5)       excit   1    1   9   173 42 37
C     38   181.433   22(0)0( 74.5)-  8(0)0( 44.5)       excit   1    1   9    99 43 38
C     39   198.884   24(0)0( 35.5)-  9(0)0( 59.5)       excit   1    1   9   197 39 39
C     40   198.941    8(0)0( 44.5)-  5(0)0( 74.5)       excit   1    1   9    61 14 40
C     41   214.038   18(0)0( 74.5)-  8(0)0( 44.5)       excit   1    1   9    95 28 41
C     42   245.294   19(0)0(104.0)- 10(0)0( 74.5)       excit   1    1   9   109 47 42
C     43   284.309   13(0)0( 44.5)-  7(0)0( 14.5)       excit   1    1   9    79 38 43
C     44   305.753   14(0)0( 74.5)-  8(0)0( 44.5)       excit   1    1   9    91 25 44
C     45   366.619   15(0)0(104.0)- 10(0)0( 74.5)       excit   1    1   9   105 40 45
C     46   438.046   13(0)0( 44.5)- 10(0)0( 74.5)       excit   1    1   9   103 33 46
C     47   547.768    5(0)0( 74.5)-  4(0)0( 44.5)       excit   1    1   9    43 20 47
C     48   552.149    9(0)0( 59.5)-  6(0)0( 35.5)       excit   1    1   9   190 41 48
C     49   580.647   18(0)0( 74.5)- 13(0)0( 44.5)       excit   1    1   9   135 48 49
C     50   683.776    4(0)0( 44.5)-  3(0)0( 14.5)       excit   1    1   9    29  4 50
c-------------------------------------------------------------------------------
                                                                                
C  code     : adas810
C  producer : Adam Foster
C  date     : 13/05/09
                                                                                
c-------------------------------------------------------------------------------
