   50    /AR: 8 photon emissivity coefficients/
--------------------------------------------------------------------------------
    1    1    1    1    1    1    1    1    1    1    1    1    1    1
    1    1    1    1    1
--------------------------------------------------------------------------------
//#01/p00/ 00/p01/ 01/p02/ 02/p03/ 03/p04/ 04/p05/ 05/p06/ 06/p07/ 07/p08/ 08/  
      p09/ 09/p10/ 10/p11/ 11/p12/ 12/p13/ 13/p14/ 14/p15/ 15/p16/ 16/p17/ 17/  
      p18/ 18/                                                                  
--------------------------------------------------------------------------------
  27.5434    7  14 /pl=01:ss= 8:pb= 1:sz= 8/type=excit/ispb = t/isel =    1
 1.00E+10 1.00E+11 1.00E+12 1.00E+13 1.00E+14 1.00E+15 1.00E+16
 1.40E+00 2.09E+00 3.49E+00 6.98E+00 1.40E+01 3.49E+01 6.98E+01 1.05E+02
 1.40E+02 2.09E+02 3.49E+02 6.98E+02 1.40E+03 2.09E+03
 1.00E-74 1.00E-74 1.00E-74 6.51E-39 4.74E-25 7.82E-17 3.58E-14 2.57E-13
 6.65E-13 1.66E-12 3.31E-12 5.34E-12 6.69E-12 7.18E-12
 1.00E-74 1.00E-74 1.00E-74 6.51E-39 4.74E-25 7.82E-17 3.58E-14 2.57E-13
 6.65E-13 1.66E-12 3.31E-12 5.34E-12 6.69E-12 7.18E-12
 1.00E-74 1.00E-74 1.00E-74 6.52E-39 4.74E-25 7.82E-17 3.58E-14 2.57E-13
 6.65E-13 1.66E-12 3.31E-12 5.34E-12 6.69E-12 7.18E-12
 1.00E-74 1.00E-74 1.00E-74 6.52E-39 4.74E-25 7.82E-17 3.58E-14 2.57E-13
 6.65E-13 1.66E-12 3.31E-12 5.34E-12 6.69E-12 7.18E-12
 1.00E-74 1.00E-74 1.00E-74 6.55E-39 4.76E-25 7.84E-17 3.59E-14 2.58E-13
 6.66E-13 1.66E-12 3.32E-12 5.35E-12 6.70E-12 7.18E-12
 1.00E-74 1.00E-74 1.00E-74 6.86E-39 4.94E-25 8.07E-17 3.68E-14 2.63E-13
 6.79E-13 1.69E-12 3.36E-12 5.39E-12 6.73E-12 7.21E-12
 1.00E-74 1.00E-74 1.00E-74 9.38E-39 6.41E-25 9.95E-17 4.40E-14 3.09E-13
 7.89E-13 1.93E-12 3.74E-12 5.82E-12 7.07E-12 7.47E-12
  29.5453    7  14 /pl=01:ss= 8:pb= 1:sz= 8/type=excit/ispb = t/isel =    2
 1.00E+10 1.00E+11 1.00E+12 1.00E+13 1.00E+14 1.00E+15 1.00E+16
 1.40E+00 2.09E+00 3.49E+00 6.98E+00 1.40E+01 3.49E+01 6.98E+01 1.05E+02
 1.40E+02 2.09E+02 3.49E+02 6.98E+02 1.40E+03 2.09E+03
 1.00E-74 1.00E-74 1.00E-74 1.12E-36 9.62E-24 4.76E-16 1.51E-13 9.63E-13
 2.36E-12 5.53E-12 1.04E-11 1.59E-11 1.90E-11 1.98E-11
 1.00E-74 1.00E-74 1.00E-74 1.12E-36 9.62E-24 4.76E-16 1.51E-13 9.63E-13
 2.36E-12 5.53E-12 1.04E-11 1.59E-11 1.90E-11 1.98E-11
 1.00E-74 1.00E-74 1.00E-74 1.12E-36 9.63E-24 4.76E-16 1.51E-13 9.63E-13
 2.36E-12 5.53E-12 1.04E-11 1.59E-11 1.90E-11 1.98E-11
 1.00E-74 1.00E-74 1.00E-74 1.12E-36 9.63E-24 4.76E-16 1.51E-13 9.63E-13
 2.36E-12 5.53E-12 1.04E-11 1.59E-11 1.90E-11 1.98E-11
 1.00E-74 1.00E-74 1.00E-74 1.12E-36 9.64E-24 4.77E-16 1.52E-13 9.64E-13
 2.36E-12 5.54E-12 1.04E-11 1.59E-11 1.90E-11 1.98E-11
 1.00E-74 1.00E-74 1.00E-74 1.15E-36 9.82E-24 4.83E-16 1.53E-13 9.71E-13
 2.37E-12 5.56E-12 1.05E-11 1.59E-11 1.90E-11 1.98E-11
 1.00E-74 1.00E-74 1.00E-74 1.40E-36 1.15E-23 5.36E-16 1.65E-13 1.04E-12
 2.51E-12 5.84E-12 1.09E-11 1.64E-11 1.94E-11 2.01E-11
  30.9546    7  14 /pl=01:ss= 8:pb= 1:sz= 8/type=excit/ispb = t/isel =    3
 1.00E+10 1.00E+11 1.00E+12 1.00E+13 1.00E+14 1.00E+15 1.00E+16
 1.40E+00 2.09E+00 3.49E+00 6.98E+00 1.40E+01 3.49E+01 6.98E+01 1.05E+02
 1.40E+02 2.09E+02 3.49E+02 6.98E+02 1.40E+03 2.09E+03
 1.00E-74 1.00E-74 1.00E-74 2.35E-35 4.81E-23 9.17E-16 2.04E-13 1.14E-12
 2.61E-12 5.71E-12 1.01E-11 1.43E-11 1.60E-11 1.61E-11
 1.00E-74 1.00E-74 1.00E-74 2.35E-35 4.81E-23 9.17E-16 2.04E-13 1.14E-12
 2.61E-12 5.71E-12 1.01E-11 1.43E-11 1.60E-11 1.61E-11
 1.00E-74 1.00E-74 1.00E-74 2.35E-35 4.81E-23 9.17E-16 2.04E-13 1.14E-12
 2.61E-12 5.71E-12 1.01E-11 1.43E-11 1.60E-11 1.61E-11
 1.00E-74 1.00E-74 1.00E-74 2.35E-35 4.81E-23 9.17E-16 2.04E-13 1.14E-12
 2.61E-12 5.71E-12 1.01E-11 1.43E-11 1.60E-11 1.61E-11
 1.00E-74 1.00E-74 1.00E-74 2.36E-35 4.82E-23 9.19E-16 2.04E-13 1.14E-12
 2.62E-12 5.72E-12 1.01E-11 1.44E-11 1.60E-11 1.61E-11
 1.00E-74 1.00E-74 1.00E-74 2.40E-35 4.90E-23 9.33E-16 2.07E-13 1.16E-12
 2.65E-12 5.78E-12 1.02E-11 1.44E-11 1.60E-11 1.61E-11
 1.00E-74 1.00E-74 1.00E-74 2.29E-35 4.74E-23 9.16E-16 2.05E-13 1.15E-12
 2.65E-12 5.79E-12 1.02E-11 1.45E-11 1.60E-11 1.61E-11
  31.0267    7  14 /pl=01:ss= 8:pb= 1:sz= 8/type=excit/ispb = t/isel =    4
 1.00E+10 1.00E+11 1.00E+12 1.00E+13 1.00E+14 1.00E+15 1.00E+16
 1.40E+00 2.09E+00 3.49E+00 6.98E+00 1.40E+01 3.49E+01 6.98E+01 1.05E+02
 1.40E+02 2.09E+02 3.49E+02 6.98E+02 1.40E+03 2.09E+03
 1.00E-74 1.00E-74 1.00E-74 5.14E-35 9.83E-23 1.80E-15 3.94E-13 2.20E-12
 5.02E-12 1.09E-11 1.93E-11 2.73E-11 3.05E-11 3.06E-11
 1.00E-74 1.00E-74 1.00E-74 5.14E-35 9.83E-23 1.80E-15 3.94E-13 2.20E-12
 5.02E-12 1.09E-11 1.93E-11 2.73E-11 3.05E-11 3.06E-11
 1.00E-74 1.00E-74 1.00E-74 5.14E-35 9.83E-23 1.80E-15 3.94E-13 2.20E-12
 5.02E-12 1.09E-11 1.93E-11 2.73E-11 3.05E-11 3.06E-11
 1.00E-74 1.00E-74 1.00E-74 5.15E-35 9.84E-23 1.80E-15 3.94E-13 2.20E-12
 5.02E-12 1.09E-11 1.93E-11 2.73E-11 3.05E-11 3.06E-11
 1.00E-74 1.00E-74 1.00E-74 5.18E-35 9.89E-23 1.81E-15 3.95E-13 2.21E-12
 5.03E-12 1.10E-11 1.93E-11 2.74E-11 3.05E-11 3.06E-11
 1.00E-74 1.00E-74 1.00E-74 5.38E-35 1.02E-22 1.86E-15 4.05E-13 2.26E-12
 5.14E-12 1.12E-11 1.96E-11 2.77E-11 3.07E-11 3.08E-11
 1.00E-74 1.00E-74 1.00E-74 5.69E-35 1.08E-22 1.98E-15 4.31E-13 2.40E-12
 5.46E-12 1.18E-11 2.07E-11 2.90E-11 3.18E-11 3.17E-11
  31.6212    7  14 /pl=01:ss= 8:pb= 1:sz= 8/type=excit/ispb = t/isel =    5
 1.00E+10 1.00E+11 1.00E+12 1.00E+13 1.00E+14 1.00E+15 1.00E+16
 1.40E+00 2.09E+00 3.49E+00 6.98E+00 1.40E+01 3.49E+01 6.98E+01 1.05E+02
 1.40E+02 2.09E+02 3.49E+02 6.98E+02 1.40E+03 2.09E+03
 1.00E-74 1.00E-74 1.00E-74 1.26E-34 1.41E-22 1.89E-15 3.79E-13 2.06E-12
 4.66E-12 1.00E-11 1.75E-11 2.47E-11 2.73E-11 2.73E-11
 1.00E-74 1.00E-74 1.00E-74 1.26E-34 1.41E-22 1.89E-15 3.79E-13 2.06E-12
 4.66E-12 1.00E-11 1.75E-11 2.47E-11 2.73E-11 2.73E-11
 1.00E-74 1.00E-74 1.00E-74 1.26E-34 1.41E-22 1.89E-15 3.79E-13 2.06E-12
 4.66E-12 1.00E-11 1.75E-11 2.47E-11 2.73E-11 2.73E-11
 1.00E-74 1.00E-74 1.00E-74 1.26E-34 1.41E-22 1.89E-15 3.79E-13 2.06E-12
 4.66E-12 1.00E-11 1.75E-11 2.47E-11 2.73E-11 2.73E-11
 1.00E-74 1.00E-74 1.00E-74 1.26E-34 1.42E-22 1.90E-15 3.80E-13 2.06E-12
 4.67E-12 1.00E-11 1.75E-11 2.47E-11 2.73E-11 2.74E-11
 1.00E-74 1.00E-74 1.00E-74 1.30E-34 1.45E-22 1.94E-15 3.87E-13 2.10E-12
 4.74E-12 1.02E-11 1.77E-11 2.49E-11 2.74E-11 2.74E-11
 1.00E-74 1.00E-74 1.00E-74 1.41E-34 1.57E-22 2.09E-15 4.15E-13 2.24E-12
 5.06E-12 1.08E-11 1.87E-11 2.59E-11 2.82E-11 2.81E-11
  31.6893    7  14 /pl=01:ss= 8:pb= 1:sz= 8/type=excit/ispb = t/isel =    6
 1.00E+10 1.00E+11 1.00E+12 1.00E+13 1.00E+14 1.00E+15 1.00E+16
 1.40E+00 2.09E+00 3.49E+00 6.98E+00 1.40E+01 3.49E+01 6.98E+01 1.05E+02
 1.40E+02 2.09E+02 3.49E+02 6.98E+02 1.40E+03 2.09E+03
 1.00E-74 1.00E-74 1.00E-74 2.33E-34 2.46E-22 3.17E-15 6.22E-13 3.33E-12
 7.48E-12 1.61E-11 2.79E-11 3.91E-11 4.34E-11 4.36E-11
 1.00E-74 1.00E-74 1.00E-74 2.33E-34 2.46E-22 3.17E-15 6.22E-13 3.33E-12
 7.48E-12 1.61E-11 2.79E-11 3.91E-11 4.34E-11 4.36E-11
 1.00E-74 1.00E-74 1.00E-74 2.33E-34 2.46E-22 3.17E-15 6.22E-13 3.33E-12
 7.48E-12 1.61E-11 2.79E-11 3.91E-11 4.34E-11 4.36E-11
 1.00E-74 1.00E-74 1.00E-74 2.33E-34 2.46E-22 3.17E-15 6.22E-13 3.33E-12
 7.48E-12 1.61E-11 2.79E-11 3.91E-11 4.34E-11 4.36E-11
 1.00E-74 1.00E-74 1.00E-74 2.33E-34 2.46E-22 3.16E-15 6.22E-13 3.33E-12
 7.48E-12 1.61E-11 2.79E-11 3.91E-11 4.34E-11 4.36E-11
 1.00E-74 1.00E-74 1.00E-74 2.33E-34 2.46E-22 3.16E-15 6.20E-13 3.33E-12
 7.46E-12 1.60E-11 2.78E-11 3.91E-11 4.34E-11 4.35E-11
 1.00E-74 1.00E-74 1.00E-74 2.30E-34 2.42E-22 3.12E-15 6.13E-13 3.29E-12
 7.39E-12 1.59E-11 2.76E-11 3.87E-11 4.31E-11 4.32E-11
  32.6879    7  14 /pl=01:ss= 8:pb= 1:sz= 8/type=excit/ispb = t/isel =    7
 1.00E+10 1.00E+11 1.00E+12 1.00E+13 1.00E+14 1.00E+15 1.00E+16
 1.40E+00 2.09E+00 3.49E+00 6.98E+00 1.40E+01 3.49E+01 6.98E+01 1.05E+02
 1.40E+02 2.09E+02 3.49E+02 6.98E+02 1.40E+03 2.09E+03
 1.00E-74 1.00E-74 1.00E-74 2.20E-33 9.92E-22 7.66E-15 1.27E-12 6.44E-12
 1.41E-11 2.94E-11 5.00E-11 6.92E-11 7.66E-11 7.71E-11
 1.00E-74 1.00E-74 1.00E-74 2.20E-33 9.92E-22 7.66E-15 1.27E-12 6.44E-12
 1.41E-11 2.94E-11 5.00E-11 6.92E-11 7.66E-11 7.71E-11
 1.00E-74 1.00E-74 1.00E-74 2.20E-33 9.92E-22 7.66E-15 1.27E-12 6.44E-12
 1.41E-11 2.94E-11 5.00E-11 6.92E-11 7.66E-11 7.71E-11
 1.00E-74 1.00E-74 1.00E-74 2.20E-33 9.92E-22 7.66E-15 1.27E-12 6.44E-12
 1.41E-11 2.94E-11 5.00E-11 6.92E-11 7.66E-11 7.71E-11
 1.00E-74 1.00E-74 1.00E-74 2.21E-33 9.93E-22 7.67E-15 1.27E-12 6.45E-12
 1.41E-11 2.94E-11 5.00E-11 6.93E-11 7.66E-11 7.71E-11
 1.00E-74 1.00E-74 1.00E-74 2.23E-33 1.00E-21 7.71E-15 1.27E-12 6.47E-12
 1.41E-11 2.95E-11 5.01E-11 6.94E-11 7.67E-11 7.71E-11
 1.00E-74 1.00E-74 1.00E-74 2.41E-33 1.06E-21 8.08E-15 1.32E-12 6.70E-12
 1.46E-11 3.03E-11 5.13E-11 7.05E-11 7.76E-11 7.78E-11
  32.8339    7  14 /pl=01:ss= 8:pb= 1:sz= 8/type=excit/ispb = t/isel =    8
 1.00E+10 1.00E+11 1.00E+12 1.00E+13 1.00E+14 1.00E+15 1.00E+16
 1.40E+00 2.09E+00 3.49E+00 6.98E+00 1.40E+01 3.49E+01 6.98E+01 1.05E+02
 1.40E+02 2.09E+02 3.49E+02 6.98E+02 1.40E+03 2.09E+03
 1.00E-74 1.00E-74 1.00E-74 1.81E-33 7.25E-22 5.25E-15 8.61E-13 4.38E-12
 9.55E-12 2.00E-11 3.40E-11 4.70E-11 5.18E-11 5.17E-11
 1.00E-74 1.00E-74 1.00E-74 1.81E-33 7.25E-22 5.25E-15 8.61E-13 4.38E-12
 9.55E-12 2.00E-11 3.40E-11 4.70E-11 5.18E-11 5.17E-11
 1.00E-74 1.00E-74 1.00E-74 1.81E-33 7.25E-22 5.25E-15 8.61E-13 4.38E-12
 9.55E-12 2.00E-11 3.40E-11 4.70E-11 5.18E-11 5.17E-11
 1.00E-74 1.00E-74 1.00E-74 1.81E-33 7.25E-22 5.25E-15 8.61E-13 4.38E-12
 9.55E-12 2.00E-11 3.40E-11 4.70E-11 5.18E-11 5.17E-11
 1.00E-74 1.00E-74 1.00E-74 1.81E-33 7.25E-22 5.25E-15 8.61E-13 4.38E-12
 9.55E-12 2.00E-11 3.40E-11 4.70E-11 5.18E-11 5.17E-11
 1.00E-74 1.00E-74 1.00E-74 1.82E-33 7.26E-22 5.25E-15 8.60E-13 4.38E-12
 9.54E-12 2.00E-11 3.40E-11 4.69E-11 5.17E-11 5.17E-11
 1.00E-74 1.00E-74 1.00E-74 1.88E-33 7.43E-22 5.32E-15 8.68E-13 4.40E-12
 9.59E-12 2.00E-11 3.40E-11 4.69E-11 5.16E-11 5.15E-11
  33.3763    7  14 /pl=01:ss= 8:pb= 1:sz= 8/type=excit/ispb = t/isel =    9
 1.00E+10 1.00E+11 1.00E+12 1.00E+13 1.00E+14 1.00E+15 1.00E+16
 1.40E+00 2.09E+00 3.49E+00 6.98E+00 1.40E+01 3.49E+01 6.98E+01 1.05E+02
 1.40E+02 2.09E+02 3.49E+02 6.98E+02 1.40E+03 2.09E+03
 1.00E-74 1.00E-74 1.00E-74 8.61E-34 2.19E-22 1.20E-15 1.75E-13 8.47E-13
 1.79E-12 3.61E-12 5.81E-12 7.30E-12 7.10E-12 6.54E-12
 1.00E-74 1.00E-74 1.00E-74 8.61E-34 2.19E-22 1.20E-15 1.75E-13 8.47E-13
 1.79E-12 3.61E-12 5.81E-12 7.30E-12 7.10E-12 6.54E-12
 1.00E-74 1.00E-74 1.00E-74 8.61E-34 2.19E-22 1.20E-15 1.75E-13 8.47E-13
 1.79E-12 3.61E-12 5.81E-12 7.30E-12 7.10E-12 6.54E-12
 1.00E-74 1.00E-74 1.00E-74 8.61E-34 2.19E-22 1.20E-15 1.75E-13 8.47E-13
 1.79E-12 3.61E-12 5.81E-12 7.30E-12 7.10E-12 6.54E-12
 1.00E-74 1.00E-74 1.00E-74 8.60E-34 2.19E-22 1.20E-15 1.75E-13 8.47E-13
 1.79E-12 3.60E-12 5.81E-12 7.30E-12 7.10E-12 6.54E-12
 1.00E-74 1.00E-74 1.00E-74 8.55E-34 2.18E-22 1.19E-15 1.74E-13 8.44E-13
 1.79E-12 3.59E-12 5.79E-12 7.28E-12 7.08E-12 6.53E-12
 1.00E-74 1.00E-74 1.00E-74 8.03E-34 2.05E-22 1.13E-15 1.66E-13 8.10E-13
 1.72E-12 3.47E-12 5.61E-12 7.10E-12 6.94E-12 6.41E-12
  35.0590    7  14 /pl=01:ss= 8:pb= 1:sz= 8/type=excit/ispb = t/isel =   10
 1.00E+10 1.00E+11 1.00E+12 1.00E+13 1.00E+14 1.00E+15 1.00E+16
 1.40E+00 2.09E+00 3.49E+00 6.98E+00 1.40E+01 3.49E+01 6.98E+01 1.05E+02
 1.40E+02 2.09E+02 3.49E+02 6.98E+02 1.40E+03 2.09E+03
 1.00E-74 1.00E-74 1.00E-74 2.38E-31 1.71E-20 4.41E-14 5.07E-12 2.29E-11
 4.71E-11 9.27E-11 1.51E-10 2.02E-10 2.20E-10 2.20E-10
 1.00E-74 1.00E-74 1.00E-74 2.38E-31 1.71E-20 4.41E-14 5.07E-12 2.29E-11
 4.71E-11 9.27E-11 1.51E-10 2.02E-10 2.20E-10 2.20E-10
 1.00E-74 1.00E-74 1.00E-74 2.38E-31 1.71E-20 4.41E-14 5.07E-12 2.29E-11
 4.71E-11 9.27E-11 1.51E-10 2.02E-10 2.20E-10 2.20E-10
 1.00E-74 1.00E-74 1.00E-74 2.38E-31 1.71E-20 4.41E-14 5.07E-12 2.29E-11
 4.71E-11 9.27E-11 1.51E-10 2.02E-10 2.20E-10 2.20E-10
 1.00E-74 1.00E-74 1.00E-74 2.38E-31 1.71E-20 4.41E-14 5.07E-12 2.29E-11
 4.71E-11 9.27E-11 1.51E-10 2.02E-10 2.20E-10 2.20E-10
 1.00E-74 1.00E-74 1.00E-74 2.39E-31 1.71E-20 4.42E-14 5.08E-12 2.29E-11
 4.71E-11 9.28E-11 1.51E-10 2.02E-10 2.20E-10 2.20E-10
 1.00E-74 1.00E-74 1.00E-74 2.53E-31 1.78E-20 4.53E-14 5.17E-12 2.33E-11
 4.77E-11 9.37E-11 1.52E-10 2.03E-10 2.21E-10 2.21E-10
  35.2767    7  14 /pl=01:ss= 8:pb= 1:sz= 8/type=excit/ispb = t/isel =   11
 1.00E+10 1.00E+11 1.00E+12 1.00E+13 1.00E+14 1.00E+15 1.00E+16
 1.40E+00 2.09E+00 3.49E+00 6.98E+00 1.40E+01 3.49E+01 6.98E+01 1.05E+02
 1.40E+02 2.09E+02 3.49E+02 6.98E+02 1.40E+03 2.09E+03
 1.00E-74 1.00E-74 1.00E-74 6.85E-32 4.23E-21 1.02E-14 1.16E-12 5.21E-12
 1.07E-11 2.10E-11 3.39E-11 4.51E-11 4.85E-11 4.79E-11
 1.00E-74 1.00E-74 1.00E-74 6.85E-32 4.23E-21 1.02E-14 1.16E-12 5.21E-12
 1.07E-11 2.10E-11 3.39E-11 4.51E-11 4.85E-11 4.79E-11
 1.00E-74 1.00E-74 1.00E-74 6.85E-32 4.23E-21 1.02E-14 1.16E-12 5.21E-12
 1.07E-11 2.10E-11 3.39E-11 4.51E-11 4.85E-11 4.79E-11
 1.00E-74 1.00E-74 1.00E-74 6.85E-32 4.23E-21 1.02E-14 1.16E-12 5.21E-12
 1.07E-11 2.10E-11 3.39E-11 4.51E-11 4.85E-11 4.79E-11
 1.00E-74 1.00E-74 1.00E-74 6.85E-32 4.23E-21 1.02E-14 1.16E-12 5.21E-12
 1.07E-11 2.10E-11 3.39E-11 4.51E-11 4.85E-11 4.79E-11
 1.00E-74 1.00E-74 1.00E-74 6.87E-32 4.24E-21 1.02E-14 1.15E-12 5.20E-12
 1.06E-11 2.09E-11 3.39E-11 4.50E-11 4.84E-11 4.79E-11
 1.00E-74 1.00E-74 1.00E-74 7.05E-32 4.31E-21 1.03E-14 1.16E-12 5.20E-12
 1.06E-11 2.09E-11 3.37E-11 4.49E-11 4.83E-11 4.77E-11
  35.6426    7  14 /pl=01:ss= 8:pb= 1:sz= 8/type=excit/ispb = t/isel =   12
 1.00E+10 1.00E+11 1.00E+12 1.00E+13 1.00E+14 1.00E+15 1.00E+16
 1.40E+00 2.09E+00 3.49E+00 6.98E+00 1.40E+01 3.49E+01 6.98E+01 1.05E+02
 1.40E+02 2.09E+02 3.49E+02 6.98E+02 1.40E+03 2.09E+03
 1.00E-74 1.00E-74 1.00E-74 2.04E-31 1.17E-20 3.40E-14 4.57E-12 2.22E-11
 4.77E-11 9.82E-11 1.65E-10 2.23E-10 2.40E-10 2.37E-10
 1.00E-74 1.00E-74 1.00E-74 2.04E-31 1.17E-20 3.40E-14 4.57E-12 2.22E-11
 4.77E-11 9.82E-11 1.65E-10 2.23E-10 2.40E-10 2.37E-10
 1.00E-74 1.00E-74 1.00E-74 2.04E-31 1.17E-20 3.40E-14 4.57E-12 2.22E-11
 4.77E-11 9.82E-11 1.65E-10 2.23E-10 2.40E-10 2.37E-10
 1.00E-74 1.00E-74 1.00E-74 2.04E-31 1.17E-20 3.40E-14 4.57E-12 2.22E-11
 4.77E-11 9.82E-11 1.65E-10 2.23E-10 2.40E-10 2.37E-10
 1.00E-74 1.00E-74 1.00E-74 2.05E-31 1.17E-20 3.41E-14 4.57E-12 2.23E-11
 4.77E-11 9.82E-11 1.65E-10 2.24E-10 2.40E-10 2.37E-10
 1.00E-74 1.00E-74 1.00E-74 2.19E-31 1.22E-20 3.47E-14 4.62E-12 2.24E-11
 4.80E-11 9.88E-11 1.65E-10 2.24E-10 2.41E-10 2.38E-10
 1.00E-74 1.00E-74 1.00E-74 3.46E-31 1.61E-20 3.93E-14 4.97E-12 2.37E-11
 5.04E-11 1.03E-10 1.70E-10 2.29E-10 2.45E-10 2.41E-10
  36.9135    7  14 /pl=01:ss= 8:pb= 1:sz= 8/type=excit/ispb = t/isel =   13
 1.00E+10 1.00E+11 1.00E+12 1.00E+13 1.00E+14 1.00E+15 1.00E+16
 1.40E+00 2.09E+00 3.49E+00 6.98E+00 1.40E+01 3.49E+01 6.98E+01 1.05E+02
 1.40E+02 2.09E+02 3.49E+02 6.98E+02 1.40E+03 2.09E+03
 1.00E-74 1.00E-74 1.00E-74 3.05E-32 7.37E-22 1.18E-15 1.26E-13 5.61E-13
 1.15E-12 2.24E-12 3.60E-12 4.66E-12 4.85E-12 4.71E-12
 1.00E-74 1.00E-74 1.00E-74 3.05E-32 7.37E-22 1.18E-15 1.26E-13 5.61E-13
 1.15E-12 2.24E-12 3.60E-12 4.66E-12 4.85E-12 4.71E-12
 1.00E-74 1.00E-74 1.00E-74 3.05E-32 7.37E-22 1.18E-15 1.26E-13 5.61E-13
 1.15E-12 2.24E-12 3.60E-12 4.66E-12 4.85E-12 4.71E-12
 1.00E-74 1.00E-74 1.00E-74 3.05E-32 7.37E-22 1.18E-15 1.26E-13 5.61E-13
 1.15E-12 2.24E-12 3.60E-12 4.66E-12 4.85E-12 4.71E-12
 1.00E-74 1.00E-74 1.00E-74 3.06E-32 7.39E-22 1.18E-15 1.26E-13 5.61E-13
 1.15E-12 2.24E-12 3.60E-12 4.66E-12 4.85E-12 4.71E-12
 1.00E-74 1.00E-74 1.00E-74 3.12E-32 7.53E-22 1.19E-15 1.26E-13 5.62E-13
 1.15E-12 2.24E-12 3.59E-12 4.66E-12 4.85E-12 4.71E-12
 1.00E-74 1.00E-74 1.00E-74 3.70E-32 8.83E-22 1.33E-15 1.35E-13 5.91E-13
 1.20E-12 2.32E-12 3.68E-12 4.75E-12 4.92E-12 4.77E-12
  36.9900    7  14 /pl=01:ss= 8:pb= 1:sz= 8/type=excit/ispb = t/isel =   14
 1.00E+10 1.00E+11 1.00E+12 1.00E+13 1.00E+14 1.00E+15 1.00E+16
 1.40E+00 2.09E+00 3.49E+00 6.98E+00 1.40E+01 3.49E+01 6.98E+01 1.05E+02
 1.40E+02 2.09E+02 3.49E+02 6.98E+02 1.40E+03 2.09E+03
 1.00E-74 1.00E-74 1.00E-74 7.65E-32 1.64E-21 2.34E-15 2.35E-13 1.03E-12
 2.08E-12 4.04E-12 6.48E-12 8.55E-12 9.14E-12 9.04E-12
 1.00E-74 1.00E-74 1.00E-74 7.65E-32 1.64E-21 2.34E-15 2.35E-13 1.03E-12
 2.08E-12 4.04E-12 6.48E-12 8.55E-12 9.14E-12 9.04E-12
 1.00E-74 1.00E-74 1.00E-74 7.65E-32 1.64E-21 2.34E-15 2.35E-13 1.03E-12
 2.08E-12 4.04E-12 6.48E-12 8.55E-12 9.14E-12 9.04E-12
 1.00E-74 1.00E-74 1.00E-74 7.65E-32 1.64E-21 2.34E-15 2.35E-13 1.03E-12
 2.08E-12 4.04E-12 6.48E-12 8.55E-12 9.14E-12 9.04E-12
 1.00E-74 1.00E-74 1.00E-74 7.66E-32 1.64E-21 2.34E-15 2.35E-13 1.03E-12
 2.08E-12 4.04E-12 6.47E-12 8.55E-12 9.14E-12 9.04E-12
 1.00E-74 1.00E-74 1.00E-74 7.74E-32 1.65E-21 2.34E-15 2.35E-13 1.02E-12
 2.07E-12 4.02E-12 6.45E-12 8.53E-12 9.12E-12 9.03E-12
 1.00E-74 1.00E-74 1.00E-74 8.48E-32 1.77E-21 2.43E-15 2.39E-13 1.03E-12
 2.08E-12 4.03E-12 6.44E-12 8.49E-12 9.09E-12 9.00E-12
  41.6037    7  14 /pl=01:ss= 8:pb= 1:sz= 8/type=excit/ispb = t/isel =   15
 1.00E+10 1.00E+11 1.00E+12 1.00E+13 1.00E+14 1.00E+15 1.00E+16
 1.40E+00 2.09E+00 3.49E+00 6.98E+00 1.40E+01 3.49E+01 6.98E+01 1.05E+02
 1.40E+02 2.09E+02 3.49E+02 6.98E+02 1.40E+03 2.09E+03
 1.00E-74 1.00E-74 1.00E-74 2.92E-27 3.89E-18 9.26E-13 4.88E-11 1.71E-10
 3.11E-10 5.45E-10 8.16E-10 1.05E-09 1.14E-09 1.14E-09
 1.00E-74 1.00E-74 1.00E-74 2.92E-27 3.89E-18 9.26E-13 4.88E-11 1.71E-10
 3.11E-10 5.45E-10 8.16E-10 1.05E-09 1.14E-09 1.14E-09
 1.00E-74 1.00E-74 1.00E-74 2.92E-27 3.89E-18 9.26E-13 4.88E-11 1.71E-10
 3.11E-10 5.45E-10 8.16E-10 1.05E-09 1.14E-09 1.14E-09
 1.00E-74 1.00E-74 1.20E-45 2.92E-27 3.89E-18 9.26E-13 4.88E-11 1.71E-10
 3.11E-10 5.45E-10 8.16E-10 1.05E-09 1.14E-09 1.14E-09
 1.00E-74 1.00E-74 1.20E-45 2.92E-27 3.89E-18 9.26E-13 4.88E-11 1.71E-10
 3.11E-10 5.45E-10 8.16E-10 1.05E-09 1.14E-09 1.14E-09
 1.00E-74 1.00E-74 1.19E-45 2.93E-27 3.89E-18 9.27E-13 4.88E-11 1.71E-10
 3.11E-10 5.45E-10 8.15E-10 1.05E-09 1.14E-09 1.14E-09
 1.00E-74 1.00E-74 1.23E-45 3.00E-27 3.96E-18 9.35E-13 4.90E-11 1.71E-10
 3.11E-10 5.44E-10 8.13E-10 1.05E-09 1.13E-09 1.14E-09
  42.1206    7  14 /pl=01:ss= 8:pb= 1:sz= 8/type=excit/ispb = t/isel =   16
 1.00E+10 1.00E+11 1.00E+12 1.00E+13 1.00E+14 1.00E+15 1.00E+16
 1.40E+00 2.09E+00 3.49E+00 6.98E+00 1.40E+01 3.49E+01 6.98E+01 1.05E+02
 1.40E+02 2.09E+02 3.49E+02 6.98E+02 1.40E+03 2.09E+03
 1.00E-74 1.00E-74 1.00E-74 3.99E-28 4.09E-19 8.45E-14 4.37E-12 1.53E-11
 2.80E-11 4.93E-11 7.41E-11 9.48E-11 1.02E-10 1.01E-10
 1.00E-74 1.00E-74 1.00E-74 3.99E-28 4.09E-19 8.45E-14 4.37E-12 1.53E-11
 2.80E-11 4.93E-11 7.41E-11 9.48E-11 1.02E-10 1.01E-10
 1.00E-74 1.00E-74 2.77E-46 3.99E-28 4.09E-19 8.45E-14 4.37E-12 1.53E-11
 2.80E-11 4.93E-11 7.41E-11 9.48E-11 1.02E-10 1.01E-10
 1.00E-74 1.00E-74 2.71E-46 3.99E-28 4.09E-19 8.45E-14 4.37E-12 1.53E-11
 2.80E-11 4.93E-11 7.41E-11 9.48E-11 1.02E-10 1.01E-10
 1.00E-74 1.00E-74 2.73E-46 3.99E-28 4.09E-19 8.46E-14 4.37E-12 1.53E-11
 2.80E-11 4.93E-11 7.41E-11 9.48E-11 1.02E-10 1.01E-10
 1.00E-74 1.00E-74 2.76E-46 4.02E-28 4.11E-19 8.49E-14 4.39E-12 1.54E-11
 2.81E-11 4.94E-11 7.43E-11 9.50E-11 1.02E-10 1.01E-10
 1.00E-74 1.00E-74 2.97E-46 4.26E-28 4.30E-19 8.78E-14 4.52E-12 1.58E-11
 2.89E-11 5.07E-11 7.59E-11 9.67E-11 1.03E-10 1.02E-10
  48.8488    7  14 /pl=01:ss= 8:pb= 1:sz= 8/type=excit/ispb = t/isel =   17
 1.00E+10 1.00E+11 1.00E+12 1.00E+13 1.00E+14 1.00E+15 1.00E+16
 1.40E+00 2.09E+00 3.49E+00 6.98E+00 1.40E+01 3.49E+01 6.98E+01 1.05E+02
 1.40E+02 2.09E+02 3.49E+02 6.98E+02 1.40E+03 2.09E+03
 1.00E-74 1.00E-74 2.26E-41 1.14E-25 1.02E-17 6.83E-13 2.62E-11 8.43E-11
 1.47E-10 2.46E-10 3.48E-10 4.07E-10 3.93E-10 3.68E-10
 1.00E-74 1.00E-74 2.26E-41 1.14E-25 1.02E-17 6.83E-13 2.62E-11 8.43E-11
 1.47E-10 2.46E-10 3.48E-10 4.07E-10 3.93E-10 3.68E-10
 1.00E-74 1.00E-74 2.26E-41 1.14E-25 1.02E-17 6.83E-13 2.62E-11 8.43E-11
 1.47E-10 2.46E-10 3.48E-10 4.07E-10 3.93E-10 3.68E-10
 1.00E-74 1.00E-74 2.26E-41 1.14E-25 1.02E-17 6.83E-13 2.62E-11 8.43E-11
 1.47E-10 2.46E-10 3.48E-10 4.07E-10 3.93E-10 3.68E-10
 1.00E-74 1.00E-74 2.26E-41 1.14E-25 1.02E-17 6.83E-13 2.62E-11 8.42E-11
 1.47E-10 2.46E-10 3.48E-10 4.07E-10 3.93E-10 3.68E-10
 1.00E-74 1.00E-74 2.26E-41 1.14E-25 1.02E-17 6.81E-13 2.61E-11 8.39E-11
 1.46E-10 2.45E-10 3.46E-10 4.06E-10 3.92E-10 3.67E-10
 1.00E-74 1.00E-74 2.26E-41 1.14E-25 1.02E-17 6.68E-13 2.54E-11 8.14E-11
 1.42E-10 2.37E-10 3.36E-10 3.95E-10 3.84E-10 3.60E-10
  49.2942    7  14 /pl=01:ss= 8:pb= 1:sz= 8/type=excit/ispb = t/isel =   18
 1.00E+10 1.00E+11 1.00E+12 1.00E+13 1.00E+14 1.00E+15 1.00E+16
 1.40E+00 2.09E+00 3.49E+00 6.98E+00 1.40E+01 3.49E+01 6.98E+01 1.05E+02
 1.40E+02 2.09E+02 3.49E+02 6.98E+02 1.40E+03 2.09E+03
 1.00E-74 1.00E-74 2.32E-41 8.51E-26 6.44E-18 4.09E-13 1.67E-11 5.62E-11
 1.01E-10 1.76E-10 2.59E-10 3.16E-10 3.15E-10 3.00E-10
 1.00E-74 1.00E-74 2.32E-41 8.51E-26 6.44E-18 4.09E-13 1.67E-11 5.62E-11
 1.01E-10 1.76E-10 2.59E-10 3.16E-10 3.15E-10 3.00E-10
 1.00E-74 1.00E-74 2.32E-41 8.51E-26 6.44E-18 4.09E-13 1.67E-11 5.62E-11
 1.01E-10 1.76E-10 2.59E-10 3.16E-10 3.15E-10 3.00E-10
 1.00E-74 1.00E-74 2.32E-41 8.51E-26 6.44E-18 4.09E-13 1.67E-11 5.62E-11
 1.01E-10 1.76E-10 2.59E-10 3.16E-10 3.15E-10 3.00E-10
 1.00E-74 1.00E-74 2.32E-41 8.51E-26 6.44E-18 4.09E-13 1.67E-11 5.62E-11
 1.01E-10 1.76E-10 2.59E-10 3.16E-10 3.15E-10 3.00E-10
 1.00E-74 1.00E-74 2.32E-41 8.51E-26 6.43E-18 4.08E-13 1.66E-11 5.61E-11
 1.01E-10 1.76E-10 2.59E-10 3.15E-10 3.15E-10 2.99E-10
 1.00E-74 1.00E-74 2.32E-41 8.50E-26 6.39E-18 4.02E-13 1.63E-11 5.51E-11
 9.93E-11 1.73E-10 2.55E-10 3.11E-10 3.11E-10 2.97E-10
  101.595    7  14 /pl=01:ss= 8:pb= 1:sz= 8/type=excit/ispb = t/isel =   19
 1.00E+10 1.00E+11 1.00E+12 1.00E+13 1.00E+14 1.00E+15 1.00E+16
 1.40E+00 2.09E+00 3.49E+00 6.98E+00 1.40E+01 3.49E+01 6.98E+01 1.05E+02
 1.40E+02 2.09E+02 3.49E+02 6.98E+02 1.40E+03 2.09E+03
 1.00E-74 1.00E-74 1.00E-74 4.07E-34 1.22E-22 7.51E-16 1.15E-13 5.67E-13
 1.21E-12 2.45E-12 3.97E-12 5.01E-12 4.87E-12 4.50E-12
 1.00E-74 1.00E-74 1.00E-74 4.07E-34 1.22E-22 7.51E-16 1.15E-13 5.67E-13
 1.21E-12 2.45E-12 3.97E-12 5.01E-12 4.87E-12 4.50E-12
 1.00E-74 1.00E-74 1.00E-74 4.07E-34 1.22E-22 7.51E-16 1.15E-13 5.67E-13
 1.21E-12 2.45E-12 3.97E-12 5.01E-12 4.87E-12 4.50E-12
 1.00E-74 1.00E-74 1.00E-74 4.07E-34 1.22E-22 7.51E-16 1.15E-13 5.67E-13
 1.21E-12 2.45E-12 3.97E-12 5.01E-12 4.87E-12 4.50E-12
 1.00E-74 1.00E-74 1.00E-74 4.06E-34 1.22E-22 7.51E-16 1.15E-13 5.66E-13
 1.21E-12 2.45E-12 3.97E-12 5.01E-12 4.87E-12 4.50E-12
 1.00E-74 1.00E-74 1.00E-74 4.03E-34 1.21E-22 7.45E-16 1.14E-13 5.63E-13
 1.20E-12 2.44E-12 3.96E-12 4.99E-12 4.86E-12 4.49E-12
 1.00E-74 1.00E-74 1.00E-74 3.84E-34 1.14E-22 6.94E-16 1.07E-13 5.29E-13
 1.13E-12 2.31E-12 3.77E-12 4.81E-12 4.74E-12 4.40E-12
  101.802    7  14 /pl=01:ss= 8:pb= 1:sz= 8/type=excit/ispb = t/isel =   20
 1.00E+10 1.00E+11 1.00E+12 1.00E+13 1.00E+14 1.00E+15 1.00E+16
 1.40E+00 2.09E+00 3.49E+00 6.98E+00 1.40E+01 3.49E+01 6.98E+01 1.05E+02
 1.40E+02 2.09E+02 3.49E+02 6.98E+02 1.40E+03 2.09E+03
 1.00E-74 1.00E-74 1.00E-74 6.00E-34 2.06E-22 1.34E-15 2.08E-13 1.02E-12
 2.19E-12 4.41E-12 7.13E-12 8.86E-12 8.48E-12 7.76E-12
 1.00E-74 1.00E-74 1.00E-74 6.00E-34 2.06E-22 1.34E-15 2.08E-13 1.02E-12
 2.19E-12 4.41E-12 7.13E-12 8.86E-12 8.48E-12 7.76E-12
 1.00E-74 1.00E-74 1.00E-74 5.99E-34 2.06E-22 1.34E-15 2.08E-13 1.02E-12
 2.19E-12 4.41E-12 7.13E-12 8.86E-12 8.48E-12 7.76E-12
 1.00E-74 1.00E-74 1.00E-74 5.99E-34 2.06E-22 1.34E-15 2.08E-13 1.02E-12
 2.18E-12 4.41E-12 7.13E-12 8.86E-12 8.48E-12 7.76E-12
 1.00E-74 1.00E-74 1.00E-74 5.97E-34 2.05E-22 1.33E-15 2.07E-13 1.02E-12
 2.18E-12 4.40E-12 7.12E-12 8.85E-12 8.47E-12 7.75E-12
 1.00E-74 1.00E-74 1.00E-74 5.75E-34 1.98E-22 1.29E-15 2.01E-13 9.92E-13
 2.13E-12 4.31E-12 6.99E-12 8.71E-12 8.37E-12 7.67E-12
 1.00E-74 1.00E-74 1.00E-74 4.23E-34 1.47E-22 9.91E-16 1.59E-13 7.96E-13
 1.73E-12 3.57E-12 5.91E-12 7.58E-12 7.47E-12 6.94E-12
  102.208    7  14 /pl=01:ss= 8:pb= 1:sz= 8/type=excit/ispb = t/isel =   21
 1.00E+10 1.00E+11 1.00E+12 1.00E+13 1.00E+14 1.00E+15 1.00E+16
 1.40E+00 2.09E+00 3.49E+00 6.98E+00 1.40E+01 3.49E+01 6.98E+01 1.05E+02
 1.40E+02 2.09E+02 3.49E+02 6.98E+02 1.40E+03 2.09E+03
 1.00E-74 1.00E-74 1.00E-74 2.83E-35 3.17E-23 4.25E-16 8.52E-14 4.63E-13
 1.05E-12 2.25E-12 3.94E-12 5.54E-12 6.13E-12 6.15E-12
 1.00E-74 1.00E-74 1.00E-74 2.83E-35 3.17E-23 4.25E-16 8.52E-14 4.63E-13
 1.05E-12 2.25E-12 3.94E-12 5.54E-12 6.13E-12 6.15E-12
 1.00E-74 1.00E-74 1.00E-74 2.83E-35 3.17E-23 4.25E-16 8.52E-14 4.63E-13
 1.05E-12 2.25E-12 3.94E-12 5.54E-12 6.13E-12 6.15E-12
 1.00E-74 1.00E-74 1.00E-74 2.83E-35 3.17E-23 4.25E-16 8.52E-14 4.63E-13
 1.05E-12 2.25E-12 3.94E-12 5.54E-12 6.13E-12 6.15E-12
 1.00E-74 1.00E-74 1.00E-74 2.84E-35 3.18E-23 4.26E-16 8.54E-14 4.64E-13
 1.05E-12 2.26E-12 3.94E-12 5.55E-12 6.13E-12 6.15E-12
 1.00E-74 1.00E-74 1.00E-74 2.93E-35 3.27E-23 4.36E-16 8.69E-14 4.71E-13
 1.07E-12 2.29E-12 3.98E-12 5.59E-12 6.16E-12 6.17E-12
 1.00E-74 1.00E-74 1.00E-74 3.18E-35 3.53E-23 4.70E-16 9.34E-14 5.04E-13
 1.14E-12 2.43E-12 4.20E-12 5.82E-12 6.34E-12 6.31E-12
  103.359    7  14 /pl=01:ss= 8:pb= 1:sz= 8/type=excit/ispb = t/isel =   22
 1.00E+10 1.00E+11 1.00E+12 1.00E+13 1.00E+14 1.00E+15 1.00E+16
 1.40E+00 2.09E+00 3.49E+00 6.98E+00 1.40E+01 3.49E+01 6.98E+01 1.05E+02
 1.40E+02 2.09E+02 3.49E+02 6.98E+02 1.40E+03 2.09E+03
 1.00E-74 1.00E-74 1.00E-74 6.29E-34 1.60E-22 8.75E-16 1.28E-13 6.19E-13
 1.31E-12 2.63E-12 4.24E-12 5.34E-12 5.19E-12 4.78E-12
 1.00E-74 1.00E-74 1.00E-74 6.29E-34 1.60E-22 8.75E-16 1.28E-13 6.19E-13
 1.31E-12 2.63E-12 4.24E-12 5.34E-12 5.19E-12 4.78E-12
 1.00E-74 1.00E-74 1.00E-74 6.29E-34 1.60E-22 8.75E-16 1.28E-13 6.19E-13
 1.31E-12 2.63E-12 4.24E-12 5.34E-12 5.19E-12 4.78E-12
 1.00E-74 1.00E-74 1.00E-74 6.29E-34 1.60E-22 8.75E-16 1.28E-13 6.19E-13
 1.31E-12 2.63E-12 4.24E-12 5.34E-12 5.19E-12 4.78E-12
 1.00E-74 1.00E-74 1.00E-74 6.29E-34 1.60E-22 8.74E-16 1.28E-13 6.19E-13
 1.31E-12 2.63E-12 4.24E-12 5.34E-12 5.19E-12 4.78E-12
 1.00E-74 1.00E-74 1.00E-74 6.25E-34 1.59E-22 8.70E-16 1.27E-13 6.16E-13
 1.31E-12 2.62E-12 4.23E-12 5.32E-12 5.18E-12 4.77E-12
 1.00E-74 1.00E-74 1.00E-74 5.87E-34 1.50E-22 8.26E-16 1.22E-13 5.92E-13
 1.26E-12 2.53E-12 4.10E-12 5.19E-12 5.07E-12 4.68E-12
  116.063    7  14 /pl=01:ss= 8:pb= 1:sz= 8/type=excit/ispb = t/isel =   23
 1.00E+10 1.00E+11 1.00E+12 1.00E+13 1.00E+14 1.00E+15 1.00E+16
 1.40E+00 2.09E+00 3.49E+00 6.98E+00 1.40E+01 3.49E+01 6.98E+01 1.05E+02
 1.40E+02 2.09E+02 3.49E+02 6.98E+02 1.40E+03 2.09E+03
 1.00E-74 1.00E-74 1.00E-74 4.12E-34 1.65E-22 1.20E-15 1.96E-13 9.98E-13
 2.18E-12 4.55E-12 7.75E-12 1.07E-11 1.18E-11 1.18E-11
 1.00E-74 1.00E-74 1.00E-74 4.12E-34 1.65E-22 1.20E-15 1.96E-13 9.98E-13
 2.18E-12 4.55E-12 7.75E-12 1.07E-11 1.18E-11 1.18E-11
 1.00E-74 1.00E-74 1.00E-74 4.12E-34 1.65E-22 1.20E-15 1.96E-13 9.98E-13
 2.18E-12 4.55E-12 7.75E-12 1.07E-11 1.18E-11 1.18E-11
 1.00E-74 1.00E-74 1.00E-74 4.12E-34 1.65E-22 1.20E-15 1.96E-13 9.98E-13
 2.18E-12 4.55E-12 7.75E-12 1.07E-11 1.18E-11 1.18E-11
 1.00E-74 1.00E-74 1.00E-74 4.12E-34 1.65E-22 1.20E-15 1.96E-13 9.98E-13
 2.18E-12 4.55E-12 7.75E-12 1.07E-11 1.18E-11 1.18E-11
 1.00E-74 1.00E-74 1.00E-74 4.14E-34 1.65E-22 1.20E-15 1.96E-13 9.97E-13
 2.17E-12 4.55E-12 7.74E-12 1.07E-11 1.18E-11 1.18E-11
 1.00E-74 1.00E-74 1.00E-74 4.27E-34 1.69E-22 1.21E-15 1.98E-13 1.00E-12
 2.18E-12 4.56E-12 7.74E-12 1.07E-11 1.18E-11 1.17E-11
  134.048    7  14 /pl=01:ss= 8:pb= 1:sz= 8/type=excit/ispb = t/isel =   24
 1.00E+10 1.00E+11 1.00E+12 1.00E+13 1.00E+14 1.00E+15 1.00E+16
 1.40E+00 2.09E+00 3.49E+00 6.98E+00 1.40E+01 3.49E+01 6.98E+01 1.05E+02
 1.40E+02 2.09E+02 3.49E+02 6.98E+02 1.40E+03 2.09E+03
 1.00E-74 1.00E-74 1.00E-74 1.40E-31 5.87E-21 1.09E-14 1.11E-12 4.77E-12
 9.50E-12 1.79E-11 2.74E-11 3.29E-11 3.10E-11 2.81E-11
 1.00E-74 1.00E-74 1.00E-74 1.40E-31 5.87E-21 1.09E-14 1.11E-12 4.77E-12
 9.50E-12 1.79E-11 2.74E-11 3.29E-11 3.10E-11 2.81E-11
 1.00E-74 1.00E-74 1.00E-74 1.40E-31 5.87E-21 1.09E-14 1.11E-12 4.77E-12
 9.50E-12 1.79E-11 2.74E-11 3.29E-11 3.10E-11 2.81E-11
 1.00E-74 1.00E-74 1.00E-74 1.40E-31 5.87E-21 1.09E-14 1.11E-12 4.77E-12
 9.50E-12 1.79E-11 2.74E-11 3.29E-11 3.10E-11 2.81E-11
 1.00E-74 1.00E-74 1.00E-74 1.39E-31 5.86E-21 1.09E-14 1.11E-12 4.76E-12
 9.50E-12 1.79E-11 2.74E-11 3.29E-11 3.10E-11 2.81E-11
 1.00E-74 1.00E-74 1.00E-74 1.38E-31 5.80E-21 1.08E-14 1.10E-12 4.73E-12
 9.43E-12 1.78E-11 2.72E-11 3.27E-11 3.08E-11 2.80E-11
 1.00E-74 1.00E-74 1.00E-74 1.25E-31 5.24E-21 9.81E-15 1.01E-12 4.37E-12
 8.76E-12 1.66E-11 2.57E-11 3.11E-11 2.96E-11 2.70E-11
  135.630    7  14 /pl=01:ss= 8:pb= 1:sz= 8/type=excit/ispb = t/isel =   25
 1.00E+10 1.00E+11 1.00E+12 1.00E+13 1.00E+14 1.00E+15 1.00E+16
 1.40E+00 2.09E+00 3.49E+00 6.98E+00 1.40E+01 3.49E+01 6.98E+01 1.05E+02
 1.40E+02 2.09E+02 3.49E+02 6.98E+02 1.40E+03 2.09E+03
 1.00E-74 1.00E-74 1.00E-74 4.32E-32 1.48E-21 2.63E-15 2.80E-13 1.24E-12
 2.52E-12 4.89E-12 7.72E-12 9.73E-12 9.72E-12 9.17E-12
 1.00E-74 1.00E-74 1.00E-74 4.32E-32 1.48E-21 2.63E-15 2.80E-13 1.24E-12
 2.52E-12 4.89E-12 7.72E-12 9.73E-12 9.72E-12 9.17E-12
 1.00E-74 1.00E-74 1.00E-74 4.32E-32 1.48E-21 2.63E-15 2.80E-13 1.24E-12
 2.52E-12 4.89E-12 7.72E-12 9.73E-12 9.72E-12 9.17E-12
 1.00E-74 1.00E-74 1.00E-74 4.32E-32 1.48E-21 2.63E-15 2.80E-13 1.24E-12
 2.52E-12 4.89E-12 7.72E-12 9.73E-12 9.72E-12 9.17E-12
 1.00E-74 1.00E-74 1.00E-74 4.32E-32 1.48E-21 2.63E-15 2.80E-13 1.24E-12
 2.52E-12 4.89E-12 7.73E-12 9.73E-12 9.72E-12 9.18E-12
 1.00E-74 1.00E-74 1.00E-74 4.32E-32 1.48E-21 2.63E-15 2.81E-13 1.24E-12
 2.53E-12 4.91E-12 7.75E-12 9.76E-12 9.74E-12 9.19E-12
 1.00E-74 1.00E-74 1.00E-74 4.33E-32 1.48E-21 2.65E-15 2.84E-13 1.26E-12
 2.56E-12 4.97E-12 7.84E-12 9.86E-12 9.82E-12 9.26E-12
  136.724    7  14 /pl=01:ss= 8:pb= 1:sz= 8/type=excit/ispb = t/isel =   26
 1.00E+10 1.00E+11 1.00E+12 1.00E+13 1.00E+14 1.00E+15 1.00E+16
 1.40E+00 2.09E+00 3.49E+00 6.98E+00 1.40E+01 3.49E+01 6.98E+01 1.05E+02
 1.40E+02 2.09E+02 3.49E+02 6.98E+02 1.40E+03 2.09E+03
 1.00E-74 1.00E-74 1.00E-74 1.90E-32 6.14E-22 1.07E-15 1.16E-13 5.23E-13
 1.08E-12 2.13E-12 3.42E-12 4.36E-12 4.36E-12 4.11E-12
 1.00E-74 1.00E-74 1.00E-74 1.90E-32 6.14E-22 1.07E-15 1.16E-13 5.23E-13
 1.08E-12 2.13E-12 3.42E-12 4.36E-12 4.36E-12 4.11E-12
 1.00E-74 1.00E-74 1.00E-74 1.90E-32 6.14E-22 1.07E-15 1.16E-13 5.23E-13
 1.08E-12 2.13E-12 3.42E-12 4.36E-12 4.36E-12 4.11E-12
 1.00E-74 1.00E-74 1.00E-74 1.90E-32 6.14E-22 1.07E-15 1.16E-13 5.23E-13
 1.08E-12 2.13E-12 3.42E-12 4.36E-12 4.36E-12 4.11E-12
 1.00E-74 1.00E-74 1.00E-74 1.90E-32 6.15E-22 1.07E-15 1.16E-13 5.24E-13
 1.08E-12 2.13E-12 3.43E-12 4.36E-12 4.37E-12 4.11E-12
 1.00E-74 1.00E-74 1.00E-74 1.92E-32 6.22E-22 1.09E-15 1.19E-13 5.36E-13
 1.10E-12 2.17E-12 3.49E-12 4.42E-12 4.41E-12 4.15E-12
 1.00E-74 1.00E-74 1.00E-74 2.12E-32 6.86E-22 1.25E-15 1.37E-13 6.19E-13
 1.27E-12 2.48E-12 3.93E-12 4.89E-12 4.80E-12 4.47E-12
  153.681    7  14 /pl=01:ss= 8:pb= 1:sz= 8/type=excit/ispb = t/isel =   27
 1.00E+10 1.00E+11 1.00E+12 1.00E+13 1.00E+14 1.00E+15 1.00E+16
 1.40E+00 2.09E+00 3.49E+00 6.98E+00 1.40E+01 3.49E+01 6.98E+01 1.05E+02
 1.40E+02 2.09E+02 3.49E+02 6.98E+02 1.40E+03 2.09E+03
 1.00E-74 1.00E-74 1.00E-74 3.15E-32 1.94E-21 4.68E-15 5.31E-13 2.39E-12
 4.90E-12 9.64E-12 1.56E-11 2.07E-11 2.23E-11 2.20E-11
 1.00E-74 1.00E-74 1.00E-74 3.15E-32 1.94E-21 4.68E-15 5.31E-13 2.39E-12
 4.90E-12 9.64E-12 1.56E-11 2.07E-11 2.23E-11 2.20E-11
 1.00E-74 1.00E-74 1.00E-74 3.15E-32 1.94E-21 4.68E-15 5.31E-13 2.39E-12
 4.90E-12 9.64E-12 1.56E-11 2.07E-11 2.23E-11 2.20E-11
 1.00E-74 1.00E-74 1.00E-74 3.15E-32 1.94E-21 4.68E-15 5.31E-13 2.39E-12
 4.90E-12 9.64E-12 1.56E-11 2.07E-11 2.23E-11 2.20E-11
 1.00E-74 1.00E-74 1.00E-74 3.15E-32 1.94E-21 4.68E-15 5.31E-13 2.39E-12
 4.90E-12 9.63E-12 1.56E-11 2.07E-11 2.23E-11 2.20E-11
 1.00E-74 1.00E-74 1.00E-74 3.16E-32 1.95E-21 4.68E-15 5.30E-13 2.39E-12
 4.89E-12 9.62E-12 1.56E-11 2.07E-11 2.22E-11 2.20E-11
 1.00E-74 1.00E-74 1.00E-74 3.24E-32 1.98E-21 4.71E-15 5.31E-13 2.39E-12
 4.88E-12 9.59E-12 1.55E-11 2.06E-11 2.22E-11 2.19E-11
  154.178    7  14 /pl=01:ss= 8:pb= 1:sz= 8/type=excit/ispb = t/isel =   28
 1.00E+10 1.00E+11 1.00E+12 1.00E+13 1.00E+14 1.00E+15 1.00E+16
 1.40E+00 2.09E+00 3.49E+00 6.98E+00 1.40E+01 3.49E+01 6.98E+01 1.05E+02
 1.40E+02 2.09E+02 3.49E+02 6.98E+02 1.40E+03 2.09E+03
 1.00E-74 1.00E-74 1.00E-74 1.12E-36 1.67E-23 1.05E-15 3.45E-13 2.18E-12
 5.28E-12 1.21E-11 2.16E-11 2.92E-11 2.92E-11 2.71E-11
 1.00E-74 1.00E-74 1.00E-74 1.12E-36 1.67E-23 1.05E-15 3.45E-13 2.18E-12
 5.28E-12 1.21E-11 2.16E-11 2.92E-11 2.92E-11 2.71E-11
 1.00E-74 1.00E-74 1.00E-74 1.12E-36 1.67E-23 1.05E-15 3.45E-13 2.18E-12
 5.28E-12 1.21E-11 2.16E-11 2.92E-11 2.92E-11 2.71E-11
 1.00E-74 1.00E-74 1.00E-74 1.12E-36 1.67E-23 1.05E-15 3.45E-13 2.18E-12
 5.28E-12 1.21E-11 2.16E-11 2.92E-11 2.92E-11 2.71E-11
 1.00E-74 1.00E-74 1.00E-74 1.12E-36 1.67E-23 1.05E-15 3.45E-13 2.18E-12
 5.28E-12 1.21E-11 2.16E-11 2.91E-11 2.92E-11 2.71E-11
 1.00E-74 1.00E-74 1.00E-74 1.12E-36 1.67E-23 1.05E-15 3.45E-13 2.18E-12
 5.27E-12 1.21E-11 2.16E-11 2.91E-11 2.92E-11 2.71E-11
 1.00E-74 1.00E-74 1.00E-74 1.11E-36 1.65E-23 1.04E-15 3.42E-13 2.16E-12
 5.23E-12 1.20E-11 2.14E-11 2.89E-11 2.90E-11 2.69E-11
  154.250    7  14 /pl=01:ss= 8:pb= 1:sz= 8/type=excit/ispb = t/isel =   29
 1.00E+10 1.00E+11 1.00E+12 1.00E+13 1.00E+14 1.00E+15 1.00E+16
 1.40E+00 2.09E+00 3.49E+00 6.98E+00 1.40E+01 3.49E+01 6.98E+01 1.05E+02
 1.40E+02 2.09E+02 3.49E+02 6.98E+02 1.40E+03 2.09E+03
 1.00E-74 1.00E-74 1.00E-74 4.79E-31 7.21E-21 7.18E-15 5.99E-13 2.42E-12
 4.68E-12 8.59E-12 1.29E-11 1.55E-11 1.48E-11 1.35E-11
 1.00E-74 1.00E-74 1.00E-74 4.79E-31 7.21E-21 7.18E-15 5.99E-13 2.42E-12
 4.68E-12 8.59E-12 1.29E-11 1.55E-11 1.48E-11 1.35E-11
 1.00E-74 1.00E-74 1.00E-74 4.79E-31 7.21E-21 7.18E-15 5.99E-13 2.42E-12
 4.68E-12 8.59E-12 1.29E-11 1.55E-11 1.48E-11 1.35E-11
 1.00E-74 1.00E-74 1.00E-74 4.79E-31 7.20E-21 7.17E-15 5.98E-13 2.42E-12
 4.68E-12 8.58E-12 1.29E-11 1.55E-11 1.48E-11 1.35E-11
 1.00E-74 1.00E-74 1.00E-74 4.79E-31 7.19E-21 7.15E-15 5.97E-13 2.41E-12
 4.66E-12 8.56E-12 1.29E-11 1.55E-11 1.47E-11 1.35E-11
 1.00E-74 1.00E-74 1.48E-51 4.74E-31 7.04E-21 6.94E-15 5.79E-13 2.34E-12
 4.54E-12 8.35E-12 1.26E-11 1.52E-11 1.45E-11 1.33E-11
 1.00E-74 1.00E-74 1.48E-51 4.31E-31 5.82E-21 5.38E-15 4.47E-13 1.83E-12
 3.58E-12 6.68E-12 1.03E-11 1.28E-11 1.26E-11 1.18E-11
  158.781    7  14 /pl=01:ss= 8:pb= 1:sz= 8/type=excit/ispb = t/isel =   30
 1.00E+10 1.00E+11 1.00E+12 1.00E+13 1.00E+14 1.00E+15 1.00E+16
 1.40E+00 2.09E+00 3.49E+00 6.98E+00 1.40E+01 3.49E+01 6.98E+01 1.05E+02
 1.40E+02 2.09E+02 3.49E+02 6.98E+02 1.40E+03 2.09E+03
 1.00E-74 1.00E-74 1.00E-74 7.49E-31 1.13E-20 1.12E-14 9.35E-13 3.77E-12
 7.31E-12 1.34E-11 2.02E-11 2.42E-11 2.30E-11 2.11E-11
 1.00E-74 1.00E-74 1.00E-74 7.49E-31 1.13E-20 1.12E-14 9.34E-13 3.77E-12
 7.31E-12 1.34E-11 2.02E-11 2.42E-11 2.30E-11 2.11E-11
 1.00E-74 1.00E-74 1.00E-74 7.49E-31 1.13E-20 1.12E-14 9.34E-13 3.77E-12
 7.31E-12 1.34E-11 2.02E-11 2.42E-11 2.30E-11 2.11E-11
 1.00E-74 1.00E-74 1.00E-74 7.48E-31 1.12E-20 1.12E-14 9.34E-13 3.77E-12
 7.30E-12 1.34E-11 2.02E-11 2.42E-11 2.30E-11 2.11E-11
 1.00E-74 1.00E-74 1.00E-74 7.48E-31 1.12E-20 1.12E-14 9.31E-13 3.76E-12
 7.28E-12 1.34E-11 2.02E-11 2.42E-11 2.30E-11 2.11E-11
 1.00E-74 1.00E-74 2.30E-51 7.40E-31 1.10E-20 1.08E-14 9.04E-13 3.66E-12
 7.09E-12 1.30E-11 1.97E-11 2.37E-11 2.26E-11 2.08E-11
 1.00E-74 1.00E-74 2.30E-51 6.74E-31 9.08E-21 8.39E-15 6.98E-13 2.85E-12
 5.58E-12 1.04E-11 1.61E-11 2.00E-11 1.97E-11 1.84E-11
  159.795    7  14 /pl=01:ss= 8:pb= 1:sz= 8/type=excit/ispb = t/isel =   31
 1.00E+10 1.00E+11 1.00E+12 1.00E+13 1.00E+14 1.00E+15 1.00E+16
 1.40E+00 2.09E+00 3.49E+00 6.98E+00 1.40E+01 3.49E+01 6.98E+01 1.05E+02
 1.40E+02 2.09E+02 3.49E+02 6.98E+02 1.40E+03 2.09E+03
 1.00E-74 1.00E-74 1.00E-74 3.19E-34 1.09E-22 7.11E-16 1.10E-13 5.42E-13
 1.16E-12 2.35E-12 3.79E-12 4.71E-12 4.51E-12 4.13E-12
 1.00E-74 1.00E-74 1.00E-74 3.19E-34 1.09E-22 7.11E-16 1.10E-13 5.42E-13
 1.16E-12 2.35E-12 3.79E-12 4.71E-12 4.51E-12 4.13E-12
 1.00E-74 1.00E-74 1.00E-74 3.19E-34 1.09E-22 7.11E-16 1.10E-13 5.42E-13
 1.16E-12 2.35E-12 3.79E-12 4.71E-12 4.51E-12 4.13E-12
 1.00E-74 1.00E-74 1.00E-74 3.19E-34 1.09E-22 7.11E-16 1.10E-13 5.42E-13
 1.16E-12 2.35E-12 3.79E-12 4.71E-12 4.51E-12 4.13E-12
 1.00E-74 1.00E-74 1.00E-74 3.17E-34 1.09E-22 7.09E-16 1.10E-13 5.41E-13
 1.16E-12 2.34E-12 3.78E-12 4.70E-12 4.50E-12 4.12E-12
 1.00E-74 1.00E-74 1.00E-74 3.06E-34 1.05E-22 6.87E-16 1.07E-13 5.27E-13
 1.13E-12 2.29E-12 3.71E-12 4.63E-12 4.45E-12 4.08E-12
 1.00E-74 1.00E-74 1.00E-74 2.25E-34 7.83E-23 5.27E-16 8.44E-14 4.23E-13
 9.20E-13 1.90E-12 3.14E-12 4.03E-12 3.97E-12 3.69E-12
  168.776    7  14 /pl=01:ss= 8:pb= 1:sz= 8/type=excit/ispb = t/isel =   32
 1.00E+10 1.00E+11 1.00E+12 1.00E+13 1.00E+14 1.00E+15 1.00E+16
 1.40E+00 2.09E+00 3.49E+00 6.98E+00 1.40E+01 3.49E+01 6.98E+01 1.05E+02
 1.40E+02 2.09E+02 3.49E+02 6.98E+02 1.40E+03 2.09E+03
 1.00E-74 1.00E-74 1.00E-74 6.19E-34 1.58E-22 8.61E-16 1.26E-13 6.09E-13
 1.29E-12 2.59E-12 4.18E-12 5.25E-12 5.10E-12 4.70E-12
 1.00E-74 1.00E-74 1.00E-74 6.19E-34 1.58E-22 8.61E-16 1.26E-13 6.09E-13
 1.29E-12 2.59E-12 4.18E-12 5.25E-12 5.10E-12 4.70E-12
 1.00E-74 1.00E-74 1.00E-74 6.19E-34 1.58E-22 8.61E-16 1.26E-13 6.09E-13
 1.29E-12 2.59E-12 4.18E-12 5.25E-12 5.10E-12 4.70E-12
 1.00E-74 1.00E-74 1.00E-74 6.19E-34 1.58E-22 8.60E-16 1.26E-13 6.09E-13
 1.29E-12 2.59E-12 4.18E-12 5.25E-12 5.10E-12 4.70E-12
 1.00E-74 1.00E-74 1.00E-74 6.18E-34 1.58E-22 8.60E-16 1.26E-13 6.09E-13
 1.29E-12 2.59E-12 4.17E-12 5.25E-12 5.10E-12 4.70E-12
 1.00E-74 1.00E-74 1.00E-74 6.14E-34 1.57E-22 8.56E-16 1.25E-13 6.06E-13
 1.28E-12 2.58E-12 4.16E-12 5.24E-12 5.09E-12 4.69E-12
 1.00E-74 1.00E-74 1.00E-74 5.77E-34 1.48E-22 8.13E-16 1.20E-13 5.82E-13
 1.24E-12 2.49E-12 4.03E-12 5.10E-12 4.99E-12 4.60E-12
  186.532    7  14 /pl=01:ss= 8:pb= 1:sz= 8/type=excit/ispb = t/isel =   33
 1.00E+10 1.00E+11 1.00E+12 1.00E+13 1.00E+14 1.00E+15 1.00E+16
 1.40E+00 2.09E+00 3.49E+00 6.98E+00 1.40E+01 3.49E+01 6.98E+01 1.05E+02
 1.40E+02 2.09E+02 3.49E+02 6.98E+02 1.40E+03 2.09E+03
 1.00E-74 1.00E-74 1.00E-74 4.10E-32 9.90E-22 1.58E-15 1.69E-13 7.53E-13
 1.54E-12 3.01E-12 4.83E-12 6.26E-12 6.51E-12 6.33E-12
 1.00E-74 1.00E-74 1.00E-74 4.10E-32 9.90E-22 1.58E-15 1.69E-13 7.53E-13
 1.54E-12 3.01E-12 4.83E-12 6.26E-12 6.51E-12 6.33E-12
 1.00E-74 1.00E-74 1.00E-74 4.10E-32 9.90E-22 1.58E-15 1.69E-13 7.53E-13
 1.54E-12 3.01E-12 4.83E-12 6.26E-12 6.51E-12 6.33E-12
 1.00E-74 1.00E-74 1.00E-74 4.10E-32 9.90E-22 1.58E-15 1.69E-13 7.53E-13
 1.54E-12 3.01E-12 4.83E-12 6.26E-12 6.51E-12 6.33E-12
 1.00E-74 1.00E-74 1.00E-74 4.11E-32 9.92E-22 1.59E-15 1.69E-13 7.53E-13
 1.54E-12 3.01E-12 4.83E-12 6.26E-12 6.51E-12 6.33E-12
 1.00E-74 1.00E-74 1.00E-74 4.19E-32 1.01E-21 1.60E-15 1.70E-13 7.55E-13
 1.54E-12 3.01E-12 4.83E-12 6.26E-12 6.51E-12 6.33E-12
 1.00E-74 1.00E-74 1.00E-74 4.96E-32 1.19E-21 1.78E-15 1.81E-13 7.94E-13
 1.61E-12 3.11E-12 4.95E-12 6.37E-12 6.61E-12 6.41E-12
  189.036    7  14 /pl=01:ss= 8:pb= 1:sz= 8/type=excit/ispb = t/isel =   34
 1.00E+10 1.00E+11 1.00E+12 1.00E+13 1.00E+14 1.00E+15 1.00E+16
 1.40E+00 2.09E+00 3.49E+00 6.98E+00 1.40E+01 3.49E+01 6.98E+01 1.05E+02
 1.40E+02 2.09E+02 3.49E+02 6.98E+02 1.40E+03 2.09E+03
 1.00E-74 1.00E-74 1.00E-74 4.96E-36 2.56E-23 8.48E-16 2.26E-13 1.33E-12
 3.12E-12 6.91E-12 1.20E-11 1.59E-11 1.57E-11 1.45E-11
 1.00E-74 1.00E-74 1.00E-74 4.96E-36 2.56E-23 8.48E-16 2.26E-13 1.33E-12
 3.12E-12 6.91E-12 1.20E-11 1.59E-11 1.57E-11 1.45E-11
 1.00E-74 1.00E-74 1.00E-74 4.96E-36 2.56E-23 8.48E-16 2.26E-13 1.33E-12
 3.12E-12 6.91E-12 1.20E-11 1.59E-11 1.57E-11 1.45E-11
 1.00E-74 1.00E-74 1.00E-74 4.96E-36 2.56E-23 8.48E-16 2.26E-13 1.33E-12
 3.12E-12 6.91E-12 1.20E-11 1.59E-11 1.57E-11 1.45E-11
 1.00E-74 1.00E-74 1.00E-74 4.96E-36 2.56E-23 8.48E-16 2.26E-13 1.33E-12
 3.12E-12 6.91E-12 1.20E-11 1.59E-11 1.57E-11 1.45E-11
 1.00E-74 1.00E-74 1.00E-74 4.97E-36 2.56E-23 8.46E-16 2.25E-13 1.33E-12
 3.11E-12 6.89E-12 1.20E-11 1.58E-11 1.57E-11 1.45E-11
 1.00E-74 1.00E-74 1.00E-74 5.04E-36 2.52E-23 8.26E-16 2.20E-13 1.30E-12
 3.04E-12 6.75E-12 1.17E-11 1.56E-11 1.55E-11 1.43E-11
  255.232    7  14 /pl=01:ss= 8:pb= 1:sz= 8/type=excit/ispb = t/isel =   35
 1.00E+10 1.00E+11 1.00E+12 1.00E+13 1.00E+14 1.00E+15 1.00E+16
 1.40E+00 2.09E+00 3.49E+00 6.98E+00 1.40E+01 3.49E+01 6.98E+01 1.05E+02
 1.40E+02 2.09E+02 3.49E+02 6.98E+02 1.40E+03 2.09E+03
 1.00E-74 1.00E-74 1.00E-74 2.65E-32 9.05E-22 1.61E-15 1.72E-13 7.60E-13
 1.55E-12 3.00E-12 4.74E-12 5.97E-12 5.96E-12 5.62E-12
 1.00E-74 1.00E-74 1.00E-74 2.65E-32 9.05E-22 1.61E-15 1.72E-13 7.60E-13
 1.55E-12 3.00E-12 4.74E-12 5.97E-12 5.96E-12 5.62E-12
 1.00E-74 1.00E-74 1.00E-74 2.65E-32 9.05E-22 1.61E-15 1.72E-13 7.60E-13
 1.55E-12 3.00E-12 4.74E-12 5.97E-12 5.96E-12 5.62E-12
 1.00E-74 1.00E-74 1.00E-74 2.65E-32 9.05E-22 1.61E-15 1.72E-13 7.60E-13
 1.55E-12 3.00E-12 4.74E-12 5.97E-12 5.96E-12 5.62E-12
 1.00E-74 1.00E-74 1.00E-74 2.65E-32 9.05E-22 1.61E-15 1.72E-13 7.61E-13
 1.55E-12 3.00E-12 4.74E-12 5.97E-12 5.96E-12 5.63E-12
 1.00E-74 1.00E-74 1.00E-74 2.65E-32 9.05E-22 1.61E-15 1.72E-13 7.63E-13
 1.55E-12 3.01E-12 4.75E-12 5.98E-12 5.97E-12 5.63E-12
 1.00E-74 1.00E-74 1.00E-74 2.65E-32 9.06E-22 1.62E-15 1.74E-13 7.72E-13
 1.57E-12 3.04E-12 4.81E-12 6.04E-12 6.02E-12 5.68E-12
  256.739    7  14 /pl=01:ss= 8:pb= 1:sz= 8/type=excit/ispb = t/isel =   36
 1.00E+10 1.00E+11 1.00E+12 1.00E+13 1.00E+14 1.00E+15 1.00E+16
 1.40E+00 2.09E+00 3.49E+00 6.98E+00 1.40E+01 3.49E+01 6.98E+01 1.05E+02
 1.40E+02 2.09E+02 3.49E+02 6.98E+02 1.40E+03 2.09E+03
 1.00E-74 1.00E-74 1.00E-74 1.48E-31 6.21E-21 1.15E-14 1.17E-12 5.05E-12
 1.01E-11 1.90E-11 2.90E-11 3.49E-11 3.28E-11 2.97E-11
 1.00E-74 1.00E-74 1.00E-74 1.48E-31 6.21E-21 1.15E-14 1.17E-12 5.05E-12
 1.01E-11 1.90E-11 2.90E-11 3.49E-11 3.28E-11 2.97E-11
 1.00E-74 1.00E-74 1.00E-74 1.48E-31 6.21E-21 1.15E-14 1.17E-12 5.05E-12
 1.01E-11 1.90E-11 2.90E-11 3.49E-11 3.28E-11 2.97E-11
 1.00E-74 1.00E-74 1.00E-74 1.48E-31 6.21E-21 1.15E-14 1.17E-12 5.05E-12
 1.01E-11 1.90E-11 2.90E-11 3.49E-11 3.28E-11 2.97E-11
 1.00E-74 1.00E-74 1.00E-74 1.48E-31 6.20E-21 1.15E-14 1.17E-12 5.04E-12
 1.01E-11 1.89E-11 2.90E-11 3.48E-11 3.28E-11 2.97E-11
 1.00E-74 1.00E-74 1.00E-74 1.46E-31 6.14E-21 1.14E-14 1.16E-12 5.00E-12
 9.98E-12 1.88E-11 2.88E-11 3.47E-11 3.27E-11 2.96E-11
 1.00E-74 1.00E-74 1.00E-74 1.32E-31 5.55E-21 1.04E-14 1.07E-12 4.63E-12
 9.28E-12 1.76E-11 2.72E-11 3.30E-11 3.13E-11 2.86E-11
  365.898    7  14 /pl=01:ss= 8:pb= 1:sz= 8/type=excit/ispb = t/isel =   37
 1.00E+10 1.00E+11 1.00E+12 1.00E+13 1.00E+14 1.00E+15 1.00E+16
 1.40E+00 2.09E+00 3.49E+00 6.98E+00 1.40E+01 3.49E+01 6.98E+01 1.05E+02
 1.40E+02 2.09E+02 3.49E+02 6.98E+02 1.40E+03 2.09E+03
 1.00E-74 1.00E-74 1.00E-74 4.88E-31 7.33E-21 7.30E-15 6.09E-13 2.46E-12
 4.76E-12 8.73E-12 1.32E-11 1.58E-11 1.50E-11 1.38E-11
 1.00E-74 1.00E-74 1.00E-74 4.88E-31 7.33E-21 7.30E-15 6.09E-13 2.46E-12
 4.76E-12 8.73E-12 1.32E-11 1.58E-11 1.50E-11 1.38E-11
 1.00E-74 1.00E-74 1.00E-74 4.88E-31 7.33E-21 7.30E-15 6.09E-13 2.46E-12
 4.76E-12 8.73E-12 1.32E-11 1.58E-11 1.50E-11 1.38E-11
 1.00E-74 1.00E-74 1.00E-74 4.88E-31 7.33E-21 7.30E-15 6.09E-13 2.46E-12
 4.76E-12 8.73E-12 1.32E-11 1.58E-11 1.50E-11 1.38E-11
 1.00E-74 1.00E-74 1.00E-74 4.87E-31 7.31E-21 7.27E-15 6.07E-13 2.45E-12
 4.74E-12 8.71E-12 1.31E-11 1.57E-11 1.50E-11 1.37E-11
 1.00E-74 1.00E-74 1.50E-51 4.82E-31 7.16E-21 7.06E-15 5.89E-13 2.38E-12
 4.62E-12 8.49E-12 1.28E-11 1.55E-11 1.48E-11 1.36E-11
 1.00E-74 1.00E-74 1.50E-51 4.39E-31 5.92E-21 5.47E-15 4.55E-13 1.86E-12
 3.64E-12 6.80E-12 1.05E-11 1.30E-11 1.28E-11 1.20E-11
  449.843    7  14 /pl=01:ss= 8:pb= 1:sz= 8/type=excit/ispb = t/isel =   38
 1.00E+10 1.00E+11 1.00E+12 1.00E+13 1.00E+14 1.00E+15 1.00E+16
 1.40E+00 2.09E+00 3.49E+00 6.98E+00 1.40E+01 3.49E+01 6.98E+01 1.05E+02
 1.40E+02 2.09E+02 3.49E+02 6.98E+02 1.40E+03 2.09E+03
 1.00E-74 1.00E-74 2.97E-44 4.82E-27 1.64E-18 1.69E-13 6.61E-12 2.08E-11
 3.52E-11 5.71E-11 7.71E-11 8.52E-11 7.71E-11 6.91E-11
 1.00E-74 1.00E-74 2.95E-44 4.82E-27 1.64E-18 1.69E-13 6.61E-12 2.08E-11
 3.52E-11 5.71E-11 7.71E-11 8.52E-11 7.71E-11 6.91E-11
 1.00E-74 1.00E-74 2.95E-44 4.82E-27 1.64E-18 1.69E-13 6.61E-12 2.08E-11
 3.52E-11 5.71E-11 7.71E-11 8.52E-11 7.71E-11 6.91E-11
 1.00E-74 1.00E-74 2.95E-44 4.82E-27 1.64E-18 1.69E-13 6.61E-12 2.08E-11
 3.51E-11 5.71E-11 7.71E-11 8.52E-11 7.71E-11 6.91E-11
 1.00E-74 1.00E-74 2.95E-44 4.82E-27 1.64E-18 1.69E-13 6.61E-12 2.07E-11
 3.51E-11 5.71E-11 7.71E-11 8.52E-11 7.70E-11 6.91E-11
 1.00E-74 1.00E-74 2.93E-44 4.80E-27 1.63E-18 1.68E-13 6.58E-12 2.07E-11
 3.50E-11 5.69E-11 7.68E-11 8.49E-11 7.69E-11 6.90E-11
 1.00E-74 1.00E-74 2.74E-44 4.55E-27 1.55E-18 1.60E-13 6.31E-12 1.99E-11
 3.37E-11 5.49E-11 7.44E-11 8.27E-11 7.51E-11 6.76E-11
  490.677    7  14 /pl=01:ss= 8:pb= 1:sz= 8/type=excit/ispb = t/isel =   39
 1.00E+10 1.00E+11 1.00E+12 1.00E+13 1.00E+14 1.00E+15 1.00E+16
 1.40E+00 2.09E+00 3.49E+00 6.98E+00 1.40E+01 3.49E+01 6.98E+01 1.05E+02
 1.40E+02 2.09E+02 3.49E+02 6.98E+02 1.40E+03 2.09E+03
 1.00E-74 1.00E-74 6.78E-44 1.10E-26 3.75E-18 3.86E-13 1.51E-11 4.74E-11
 8.03E-11 1.31E-10 1.76E-10 1.95E-10 1.76E-10 1.58E-10
 1.00E-74 1.00E-74 6.74E-44 1.10E-26 3.75E-18 3.86E-13 1.51E-11 4.74E-11
 8.03E-11 1.31E-10 1.76E-10 1.95E-10 1.76E-10 1.58E-10
 1.00E-74 1.00E-74 6.74E-44 1.10E-26 3.75E-18 3.86E-13 1.51E-11 4.74E-11
 8.03E-11 1.30E-10 1.76E-10 1.95E-10 1.76E-10 1.58E-10
 1.00E-74 1.00E-74 6.74E-44 1.10E-26 3.75E-18 3.86E-13 1.51E-11 4.74E-11
 8.03E-11 1.30E-10 1.76E-10 1.95E-10 1.76E-10 1.58E-10
 1.00E-74 1.00E-74 6.74E-44 1.10E-26 3.75E-18 3.86E-13 1.51E-11 4.74E-11
 8.03E-11 1.30E-10 1.76E-10 1.95E-10 1.76E-10 1.58E-10
 1.00E-74 1.00E-74 6.69E-44 1.10E-26 3.73E-18 3.84E-13 1.50E-11 4.72E-11
 8.00E-11 1.30E-10 1.76E-10 1.94E-10 1.76E-10 1.58E-10
 1.00E-74 1.00E-74 6.26E-44 1.04E-26 3.55E-18 3.66E-13 1.44E-11 4.54E-11
 7.70E-11 1.25E-10 1.70E-10 1.89E-10 1.72E-10 1.54E-10
  524.934    7  14 /pl=01:ss= 8:pb= 1:sz= 8/type=excit/ispb = t/isel =   40
 1.00E+10 1.00E+11 1.00E+12 1.00E+13 1.00E+14 1.00E+15 1.00E+16
 1.40E+00 2.09E+00 3.49E+00 6.98E+00 1.40E+01 3.49E+01 6.98E+01 1.05E+02
 1.40E+02 2.09E+02 3.49E+02 6.98E+02 1.40E+03 2.09E+03
 1.00E-74 1.00E-74 1.00E-74 9.92E-33 2.53E-21 1.38E-14 2.01E-12 9.76E-12
 2.07E-11 4.16E-11 6.69E-11 8.42E-11 8.18E-11 7.54E-11
 1.00E-74 1.00E-74 1.00E-74 9.92E-33 2.53E-21 1.38E-14 2.01E-12 9.76E-12
 2.07E-11 4.16E-11 6.69E-11 8.42E-11 8.18E-11 7.54E-11
 1.00E-74 1.00E-74 1.00E-74 9.92E-33 2.53E-21 1.38E-14 2.01E-12 9.76E-12
 2.07E-11 4.16E-11 6.69E-11 8.42E-11 8.18E-11 7.54E-11
 1.00E-74 1.00E-74 1.00E-74 9.92E-33 2.53E-21 1.38E-14 2.01E-12 9.76E-12
 2.07E-11 4.15E-11 6.69E-11 8.42E-11 8.18E-11 7.54E-11
 1.00E-74 1.00E-74 1.00E-74 9.91E-33 2.53E-21 1.38E-14 2.01E-12 9.76E-12
 2.07E-11 4.15E-11 6.69E-11 8.42E-11 8.18E-11 7.54E-11
 1.00E-74 1.00E-74 1.00E-74 9.85E-33 2.51E-21 1.37E-14 2.00E-12 9.72E-12
 2.06E-11 4.14E-11 6.67E-11 8.39E-11 8.16E-11 7.52E-11
 1.00E-74 1.00E-74 1.00E-74 9.26E-33 2.37E-21 1.30E-14 1.92E-12 9.33E-12
 1.98E-11 4.00E-11 6.47E-11 8.18E-11 7.99E-11 7.38E-11
  526.039    7  14 /pl=01:ss= 8:pb= 1:sz= 8/type=excit/ispb = t/isel =   41
 1.00E+10 1.00E+11 1.00E+12 1.00E+13 1.00E+14 1.00E+15 1.00E+16
 1.40E+00 2.09E+00 3.49E+00 6.98E+00 1.40E+01 3.49E+01 6.98E+01 1.05E+02
 1.40E+02 2.09E+02 3.49E+02 6.98E+02 1.40E+03 2.09E+03
 1.00E-74 1.00E-74 1.00E-74 3.88E-29 3.97E-20 8.21E-15 4.25E-13 1.49E-12
 2.72E-12 4.79E-12 7.20E-12 9.21E-12 9.87E-12 9.82E-12
 1.00E-74 1.00E-74 1.00E-74 3.88E-29 3.97E-20 8.21E-15 4.25E-13 1.49E-12
 2.72E-12 4.79E-12 7.20E-12 9.21E-12 9.87E-12 9.82E-12
 1.00E-74 1.00E-74 2.70E-47 3.88E-29 3.97E-20 8.21E-15 4.25E-13 1.49E-12
 2.72E-12 4.79E-12 7.20E-12 9.21E-12 9.87E-12 9.82E-12
 1.00E-74 1.00E-74 2.63E-47 3.88E-29 3.97E-20 8.21E-15 4.25E-13 1.49E-12
 2.72E-12 4.79E-12 7.20E-12 9.21E-12 9.87E-12 9.82E-12
 1.00E-74 1.00E-74 2.66E-47 3.88E-29 3.97E-20 8.22E-15 4.25E-13 1.49E-12
 2.72E-12 4.79E-12 7.20E-12 9.22E-12 9.87E-12 9.82E-12
 1.00E-74 1.00E-74 2.68E-47 3.91E-29 3.99E-20 8.25E-15 4.26E-13 1.49E-12
 2.73E-12 4.80E-12 7.22E-12 9.23E-12 9.88E-12 9.83E-12
 1.00E-74 1.00E-74 2.88E-47 4.14E-29 4.18E-20 8.53E-15 4.39E-13 1.54E-12
 2.80E-12 4.92E-12 7.38E-12 9.40E-12 1.00E-11 9.96E-12
  532.198    7  14 /pl=01:ss= 8:pb= 1:sz= 8/type=excit/ispb = t/isel =   42
 1.00E+10 1.00E+11 1.00E+12 1.00E+13 1.00E+14 1.00E+15 1.00E+16
 1.40E+00 2.09E+00 3.49E+00 6.98E+00 1.40E+01 3.49E+01 6.98E+01 1.05E+02
 1.40E+02 2.09E+02 3.49E+02 6.98E+02 1.40E+03 2.09E+03
 1.00E-74 1.00E-74 1.00E-74 8.18E-33 3.30E-22 8.63E-16 1.11E-13 5.26E-13
 1.11E-12 2.22E-12 3.60E-12 4.59E-12 4.56E-12 4.26E-12
 1.00E-74 1.00E-74 1.00E-74 8.34E-33 3.30E-22 8.63E-16 1.11E-13 5.26E-13
 1.11E-12 2.22E-12 3.60E-12 4.59E-12 4.56E-12 4.26E-12
 1.00E-74 1.00E-74 1.00E-74 9.96E-33 3.31E-22 8.63E-16 1.11E-13 5.26E-13
 1.11E-12 2.22E-12 3.60E-12 4.59E-12 4.56E-12 4.26E-12
 1.00E-74 1.00E-74 1.00E-74 2.61E-32 3.42E-22 8.65E-16 1.11E-13 5.26E-13
 1.11E-12 2.22E-12 3.60E-12 4.59E-12 4.56E-12 4.26E-12
 1.00E-74 1.00E-74 2.19E-49 1.87E-31 4.54E-22 8.84E-16 1.12E-13 5.30E-13
 1.12E-12 2.24E-12 3.62E-12 4.61E-12 4.58E-12 4.27E-12
 1.00E-74 1.00E-74 2.10E-48 1.77E-30 1.56E-21 1.07E-15 1.23E-13 5.72E-13
 1.19E-12 2.37E-12 3.81E-12 4.81E-12 4.74E-12 4.41E-12
 1.00E-74 1.00E-74 1.73E-47 1.55E-29 1.18E-20 2.90E-15 2.30E-13 9.73E-13
 1.94E-12 3.69E-12 5.65E-12 6.77E-12 6.37E-12 5.79E-12
  564.653    7  14 /pl=01:ss= 8:pb= 1:sz= 8/type=excit/ispb = t/isel =   43
 1.00E+10 1.00E+11 1.00E+12 1.00E+13 1.00E+14 1.00E+15 1.00E+16
 1.40E+00 2.09E+00 3.49E+00 6.98E+00 1.40E+01 3.49E+01 6.98E+01 1.05E+02
 1.40E+02 2.09E+02 3.49E+02 6.98E+02 1.40E+03 2.09E+03
 1.00E-74 1.00E-74 1.00E-74 3.57E-34 1.23E-22 7.98E-16 1.24E-13 6.08E-13
 1.30E-12 2.63E-12 4.25E-12 5.28E-12 5.06E-12 4.63E-12
 1.00E-74 1.00E-74 1.00E-74 3.57E-34 1.23E-22 7.98E-16 1.24E-13 6.08E-13
 1.30E-12 2.63E-12 4.25E-12 5.28E-12 5.06E-12 4.63E-12
 1.00E-74 1.00E-74 1.00E-74 3.57E-34 1.23E-22 7.98E-16 1.24E-13 6.08E-13
 1.30E-12 2.63E-12 4.25E-12 5.28E-12 5.06E-12 4.63E-12
 1.00E-74 1.00E-74 1.00E-74 3.57E-34 1.23E-22 7.97E-16 1.24E-13 6.08E-13
 1.30E-12 2.63E-12 4.25E-12 5.28E-12 5.06E-12 4.63E-12
 1.00E-74 1.00E-74 1.00E-74 3.56E-34 1.22E-22 7.95E-16 1.23E-13 6.06E-13
 1.30E-12 2.63E-12 4.24E-12 5.28E-12 5.05E-12 4.62E-12
 1.00E-74 1.00E-74 1.00E-74 3.43E-34 1.18E-22 7.70E-16 1.20E-13 5.91E-13
 1.27E-12 2.57E-12 4.17E-12 5.20E-12 4.99E-12 4.57E-12
 1.00E-74 1.00E-74 1.00E-74 2.52E-34 8.78E-23 5.91E-16 9.47E-14 4.75E-13
 1.03E-12 2.13E-12 3.52E-12 4.52E-12 4.45E-12 4.14E-12
  643.501    7  14 /pl=01:ss= 8:pb= 1:sz= 8/type=excit/ispb = t/isel =   44
 1.00E+10 1.00E+11 1.00E+12 1.00E+13 1.00E+14 1.00E+15 1.00E+16
 1.40E+00 2.09E+00 3.49E+00 6.98E+00 1.40E+01 3.49E+01 6.98E+01 1.05E+02
 1.40E+02 2.09E+02 3.49E+02 6.98E+02 1.40E+03 2.09E+03
 1.00E-74 1.00E-74 7.18E-44 3.62E-27 7.18E-19 6.35E-14 3.00E-12 1.09E-11
 2.03E-11 3.69E-11 5.62E-11 7.12E-11 7.36E-11 7.13E-11
 1.00E-74 1.00E-74 7.19E-44 3.62E-27 7.18E-19 6.35E-14 3.00E-12 1.09E-11
 2.03E-11 3.69E-11 5.62E-11 7.12E-11 7.36E-11 7.13E-11
 1.00E-74 1.00E-74 7.19E-44 3.62E-27 7.18E-19 6.35E-14 3.00E-12 1.09E-11
 2.03E-11 3.69E-11 5.62E-11 7.12E-11 7.36E-11 7.13E-11
 1.00E-74 1.00E-74 7.19E-44 3.62E-27 7.18E-19 6.35E-14 3.00E-12 1.09E-11
 2.03E-11 3.69E-11 5.62E-11 7.12E-11 7.36E-11 7.13E-11
 1.00E-74 1.00E-74 7.18E-44 3.61E-27 7.18E-19 6.34E-14 3.00E-12 1.08E-11
 2.03E-11 3.69E-11 5.62E-11 7.12E-11 7.35E-11 7.13E-11
 1.00E-74 1.00E-74 7.07E-44 3.57E-27 7.11E-19 6.29E-14 2.98E-12 1.08E-11
 2.02E-11 3.67E-11 5.59E-11 7.08E-11 7.32E-11 7.10E-11
 1.00E-74 1.00E-74 6.14E-44 3.22E-27 6.53E-19 5.84E-14 2.78E-12 1.01E-11
 1.90E-11 3.46E-11 5.31E-11 6.77E-11 7.04E-11 6.86E-11
  684.463    7  14 /pl=01:ss= 8:pb= 1:sz= 8/type=excit/ispb = t/isel =   45
 1.00E+10 1.00E+11 1.00E+12 1.00E+13 1.00E+14 1.00E+15 1.00E+16
 1.40E+00 2.09E+00 3.49E+00 6.98E+00 1.40E+01 3.49E+01 6.98E+01 1.05E+02
 1.40E+02 2.09E+02 3.49E+02 6.98E+02 1.40E+03 2.09E+03
 1.00E-74 1.00E-74 1.00E-74 6.03E-30 6.97E-21 2.92E-15 2.74E-13 1.23E-12
 2.56E-12 5.14E-12 8.47E-12 1.13E-11 1.20E-11 1.18E-11
 1.00E-74 1.00E-74 1.00E-74 6.03E-30 6.97E-21 2.92E-15 2.74E-13 1.23E-12
 2.56E-12 5.14E-12 8.47E-12 1.13E-11 1.20E-11 1.18E-11
 1.00E-74 1.00E-74 3.41E-48 6.04E-30 6.97E-21 2.92E-15 2.74E-13 1.23E-12
 2.56E-12 5.14E-12 8.47E-12 1.13E-11 1.20E-11 1.18E-11
 1.00E-74 1.00E-74 5.11E-48 6.08E-30 6.98E-21 2.92E-15 2.74E-13 1.23E-12
 2.56E-12 5.14E-12 8.47E-12 1.13E-11 1.20E-11 1.18E-11
 1.00E-74 1.00E-74 1.40E-47 6.45E-30 7.07E-21 2.93E-15 2.74E-13 1.23E-12
 2.56E-12 5.14E-12 8.47E-12 1.13E-11 1.20E-11 1.18E-11
 1.00E-74 1.00E-74 1.01E-46 1.01E-29 7.91E-21 3.01E-15 2.78E-13 1.24E-12
 2.58E-12 5.17E-12 8.50E-12 1.13E-11 1.21E-11 1.18E-11
 1.00E-74 1.00E-74 7.91E-46 3.99E-29 1.50E-20 3.69E-15 3.05E-13 1.33E-12
 2.72E-12 5.37E-12 8.73E-12 1.15E-11 1.22E-11 1.19E-11
  692.521    7  14 /pl=01:ss= 8:pb= 1:sz= 8/type=excit/ispb = t/isel =   46
 1.00E+10 1.00E+11 1.00E+12 1.00E+13 1.00E+14 1.00E+15 1.00E+16
 1.40E+00 2.09E+00 3.49E+00 6.98E+00 1.40E+01 3.49E+01 6.98E+01 1.05E+02
 1.40E+02 2.09E+02 3.49E+02 6.98E+02 1.40E+03 2.09E+03
 1.00E-74 1.00E-74 6.42E-44 3.66E-27 7.38E-19 5.76E-14 2.19E-12 7.03E-12
 1.24E-11 2.08E-11 2.95E-11 3.44E-11 3.27E-11 3.01E-11
 1.00E-74 1.00E-74 6.43E-44 3.66E-27 7.38E-19 5.76E-14 2.19E-12 7.03E-12
 1.24E-11 2.08E-11 2.95E-11 3.44E-11 3.27E-11 3.01E-11
 1.00E-74 1.00E-74 6.43E-44 3.66E-27 7.38E-19 5.76E-14 2.19E-12 7.03E-12
 1.24E-11 2.08E-11 2.95E-11 3.44E-11 3.27E-11 3.01E-11
 1.00E-74 1.00E-74 6.43E-44 3.66E-27 7.38E-19 5.76E-14 2.19E-12 7.03E-12
 1.24E-11 2.08E-11 2.95E-11 3.44E-11 3.27E-11 3.01E-11
 1.00E-74 1.00E-74 6.42E-44 3.66E-27 7.37E-19 5.76E-14 2.19E-12 7.03E-12
 1.24E-11 2.08E-11 2.95E-11 3.44E-11 3.27E-11 3.01E-11
 1.00E-74 1.00E-74 6.30E-44 3.61E-27 7.31E-19 5.73E-14 2.18E-12 7.01E-12
 1.23E-11 2.08E-11 2.95E-11 3.44E-11 3.26E-11 3.01E-11
 1.00E-74 1.00E-74 5.38E-44 3.23E-27 6.75E-19 5.44E-14 2.12E-12 6.86E-12
 1.21E-11 2.05E-11 2.92E-11 3.41E-11 3.25E-11 2.99E-11
  693.001    7  14 /pl=01:ss= 8:pb= 1:sz= 8/type=excit/ispb = t/isel =   47
 1.00E+10 1.00E+11 1.00E+12 1.00E+13 1.00E+14 1.00E+15 1.00E+16
 1.40E+00 2.09E+00 3.49E+00 6.98E+00 1.40E+01 3.49E+01 6.98E+01 1.05E+02
 1.40E+02 2.09E+02 3.49E+02 6.98E+02 1.40E+03 2.09E+03
 1.00E-74 1.00E-74 7.03E-44 2.89E-27 5.02E-19 4.01E-14 1.84E-12 6.66E-12
 1.25E-11 2.28E-11 3.48E-11 4.33E-11 4.34E-11 4.12E-11
 1.00E-74 1.00E-74 7.02E-44 2.89E-27 5.02E-19 4.01E-14 1.84E-12 6.66E-12
 1.25E-11 2.28E-11 3.48E-11 4.33E-11 4.34E-11 4.12E-11
 1.00E-74 1.00E-74 7.02E-44 2.89E-27 5.02E-19 4.01E-14 1.84E-12 6.66E-12
 1.25E-11 2.28E-11 3.48E-11 4.33E-11 4.34E-11 4.12E-11
 1.00E-74 1.00E-74 7.02E-44 2.89E-27 5.02E-19 4.01E-14 1.84E-12 6.66E-12
 1.25E-11 2.28E-11 3.48E-11 4.33E-11 4.34E-11 4.12E-11
 1.00E-74 1.00E-74 7.01E-44 2.88E-27 5.01E-19 4.01E-14 1.84E-12 6.66E-12
 1.25E-11 2.28E-11 3.48E-11 4.33E-11 4.34E-11 4.12E-11
 1.00E-74 1.00E-74 6.91E-44 2.86E-27 4.99E-19 4.02E-14 1.85E-12 6.71E-12
 1.26E-11 2.29E-11 3.50E-11 4.35E-11 4.36E-11 4.14E-11
 1.00E-74 1.00E-74 6.07E-44 2.62E-27 4.79E-19 4.07E-14 1.94E-12 7.10E-12
 1.34E-11 2.43E-11 3.69E-11 4.56E-11 4.53E-11 4.28E-11
  730.460    7  14 /pl=01:ss= 8:pb= 1:sz= 8/type=excit/ispb = t/isel =   48
 1.00E+10 1.00E+11 1.00E+12 1.00E+13 1.00E+14 1.00E+15 1.00E+16
 1.40E+00 2.09E+00 3.49E+00 6.98E+00 1.40E+01 3.49E+01 6.98E+01 1.05E+02
 1.40E+02 2.09E+02 3.49E+02 6.98E+02 1.40E+03 2.09E+03
 1.00E-74 1.00E-74 1.74E-44 8.74E-28 1.74E-19 1.53E-14 7.26E-13 2.62E-12
 4.91E-12 8.92E-12 1.36E-11 1.72E-11 1.78E-11 1.72E-11
 1.00E-74 1.00E-74 1.74E-44 8.74E-28 1.74E-19 1.53E-14 7.26E-13 2.62E-12
 4.91E-12 8.92E-12 1.36E-11 1.72E-11 1.78E-11 1.72E-11
 1.00E-74 1.00E-74 1.74E-44 8.74E-28 1.74E-19 1.53E-14 7.26E-13 2.62E-12
 4.91E-12 8.92E-12 1.36E-11 1.72E-11 1.78E-11 1.72E-11
 1.00E-74 1.00E-74 1.74E-44 8.74E-28 1.74E-19 1.53E-14 7.26E-13 2.62E-12
 4.91E-12 8.92E-12 1.36E-11 1.72E-11 1.78E-11 1.72E-11
 1.00E-74 1.00E-74 1.73E-44 8.73E-28 1.73E-19 1.53E-14 7.25E-13 2.62E-12
 4.90E-12 8.92E-12 1.36E-11 1.72E-11 1.78E-11 1.72E-11
 1.00E-74 1.00E-74 1.71E-44 8.63E-28 1.72E-19 1.52E-14 7.20E-13 2.60E-12
 4.87E-12 8.87E-12 1.35E-11 1.71E-11 1.77E-11 1.72E-11
 1.00E-74 1.00E-74 1.48E-44 7.79E-28 1.58E-19 1.41E-14 6.73E-13 2.44E-12
 4.58E-12 8.37E-12 1.28E-11 1.64E-11 1.70E-11 1.66E-11
  794.281    7  14 /pl=01:ss= 8:pb= 1:sz= 8/type=excit/ispb = t/isel =   49
 1.00E+10 1.00E+11 1.00E+12 1.00E+13 1.00E+14 1.00E+15 1.00E+16
 1.40E+00 2.09E+00 3.49E+00 6.98E+00 1.40E+01 3.49E+01 6.98E+01 1.05E+02
 1.40E+02 2.09E+02 3.49E+02 6.98E+02 1.40E+03 2.09E+03
 1.00E-74 1.00E-74 1.00E-74 9.26E-30 8.47E-21 2.67E-15 2.23E-13 9.62E-13
 1.96E-12 3.84E-12 6.21E-12 8.16E-12 8.57E-12 8.35E-12
 1.00E-74 1.00E-74 1.00E-74 9.26E-30 8.47E-21 2.67E-15 2.23E-13 9.62E-13
 1.96E-12 3.84E-12 6.21E-12 8.16E-12 8.57E-12 8.35E-12
 1.00E-74 1.00E-74 9.53E-48 9.27E-30 8.47E-21 2.67E-15 2.23E-13 9.62E-13
 1.96E-12 3.84E-12 6.21E-12 8.16E-12 8.57E-12 8.35E-12
 1.00E-74 1.00E-74 1.10E-47 9.32E-30 8.48E-21 2.67E-15 2.23E-13 9.62E-13
 1.96E-12 3.84E-12 6.21E-12 8.16E-12 8.57E-12 8.36E-12
 1.00E-74 1.00E-74 2.89E-47 9.82E-30 8.58E-21 2.68E-15 2.23E-13 9.63E-13
 1.96E-12 3.84E-12 6.21E-12 8.16E-12 8.57E-12 8.36E-12
 1.00E-74 1.00E-74 2.02E-46 1.47E-29 9.53E-21 2.77E-15 2.27E-13 9.76E-13
 1.98E-12 3.88E-12 6.26E-12 8.21E-12 8.60E-12 8.38E-12
 1.00E-74 1.00E-74 1.47E-45 5.23E-29 1.70E-20 3.44E-15 2.54E-13 1.07E-12
 2.14E-12 4.13E-12 6.59E-12 8.54E-12 8.87E-12 8.60E-12
  794.913    7  14 /pl=01:ss= 8:pb= 1:sz= 8/type=excit/ispb = t/isel =   50
 1.00E+10 1.00E+11 1.00E+12 1.00E+13 1.00E+14 1.00E+15 1.00E+16
 1.40E+00 2.09E+00 3.49E+00 6.98E+00 1.40E+01 3.49E+01 6.98E+01 1.05E+02
 1.40E+02 2.09E+02 3.49E+02 6.98E+02 1.40E+03 2.09E+03
 1.00E-74 1.00E-74 6.77E-45 2.78E-28 4.83E-20 3.86E-15 1.77E-13 6.42E-13
 1.20E-12 2.19E-12 3.35E-12 4.17E-12 4.18E-12 3.97E-12
 1.00E-74 1.00E-74 6.77E-45 2.78E-28 4.83E-20 3.86E-15 1.77E-13 6.42E-13
 1.20E-12 2.19E-12 3.35E-12 4.17E-12 4.18E-12 3.97E-12
 1.00E-74 1.00E-74 6.77E-45 2.78E-28 4.83E-20 3.86E-15 1.77E-13 6.42E-13
 1.20E-12 2.19E-12 3.35E-12 4.17E-12 4.18E-12 3.97E-12
 1.00E-74 1.00E-74 6.76E-45 2.78E-28 4.83E-20 3.86E-15 1.77E-13 6.42E-13
 1.20E-12 2.19E-12 3.35E-12 4.17E-12 4.18E-12 3.97E-12
 1.00E-74 1.00E-74 6.75E-45 2.78E-28 4.83E-20 3.86E-15 1.78E-13 6.42E-13
 1.21E-12 2.19E-12 3.35E-12 4.17E-12 4.19E-12 3.97E-12
 1.00E-74 1.00E-74 6.66E-45 2.75E-28 4.81E-20 3.87E-15 1.79E-13 6.47E-13
 1.22E-12 2.21E-12 3.37E-12 4.20E-12 4.20E-12 3.99E-12
 1.00E-74 1.00E-74 5.85E-45 2.53E-28 4.61E-20 3.92E-15 1.87E-13 6.84E-13
 1.29E-12 2.34E-12 3.56E-12 4.39E-12 4.37E-12 4.12E-12
c-------------------------------------------------------------------------------
 
C  root partition information
C  ==========================
C
C  nuclear charge : 18
C  ion charge+1   :  9
C
C  population calculation information
C  ----------------------------------
C
C  population processing code: adas810
C
C  adf04 source file    : adf04_copmm#18_ls_40#ar8.dat
C  adf18/a17_p208 file  : NULL
C
C  meta. ion. coeff. selector  : 
 
C  options  : lnorm =T  lpsel =F  lzsel =T  liosel=F
C           : lhsel =F  lrsel =F  lisel =F  lnsel =F
 
C  energy levels
C  -------------
C
C   lv      configuration    (2S+1)L(w-1/2)      energy (cm^-1)
C  ---   ------------------- --------------      --------------
c    1   22563                  (1)0(  0.0)             0.0
c    2   22553514               (3)1(  4.0)       2028634.5
c    3   22553514               (1)1(  1.0)       2047134.5
c    4   22553515               (3)0(  1.0)       2154534.5
c    5   22553515               (3)2(  7.0)       2172934.5
c    6   22553515               (1)1(  1.0)       2174734.5
c    7   22553515               (3)1(  4.0)       2184034.5
c    8   22553515               (1)2(  2.0)       2191534.5
c    9   22553515               (1)0(  0.0)       2250934.5
c   10   22553516               (3)1(  4.0)       2354434.5
c   11   22553516               (3)3( 10.0)       2360834.5
c   12   22553516               (3)2(  7.0)       2374134.5
c   13   22553516               (1)2(  2.0)       2379334.5
c   14   22553516               (1)3(  3.0)       2381634.5
c   15   22553516               (1)1(  1.0)       2403634.5
c   16   12563514               (3)0(  1.0)       2653334.5
c   17   12563514               (1)0(  0.0)       2676934.5
c   18   22553517               (1)1(  1.0)       2703434.5
c   19   22553517               (3)1(  4.0)       2709034.5
c   20   22553518               (3)0(  1.0)       2754634.5
c   21   22553518               (1)1(  1.0)       2758834.5
c   22   22553518               (3)2(  7.0)       2760034.5
c   23   22553518               (3)1(  4.0)       2765934.5
c   24   22553518               (1)2(  2.0)       2775334.5
c   25   22553518               (1)0(  0.0)       2793134.5
c   26   12563515               (3)1(  4.0)       2798534.5
c   27   12563515               (1)1(  1.0)       2805634.5
c   28   22553519               (3)1(  4.0)       2824634.5
c   29   22553519               (1)2(  2.0)       2827734.5
c   30   22553519               (3)3( 10.0)       2829634.5
c   31   22553519               (3)2(  7.0)       2834734.5
c   32   22553519               (1)3(  3.0)       2844034.5
c   33   22553519               (1)1(  1.0)       2852334.5
c   34   2255351B               (1)1(  1.0)       2979734.5
c   35   12563516               (3)2(  7.0)       2984234.5
c   36   2255351B               (3)1(  4.0)       2986534.5
c   37   12563516               (1)2(  2.0)       2996134.5
c   38   2255351C               (3)0(  1.0)       3003834.5
c   39   2255351C               (1)1(  1.0)       3006334.5
c   40   2255351C               (3)2(  7.0)       3009134.5
c   41   2255351C               (3)1(  4.0)       3012934.5
c   42   2255351C               (1)2(  2.0)       3023334.5
c   43   2255351C               (1)0(  0.0)       3029434.5
c   44   2255351D               (3)1(  4.0)       3037634.5
c   45   2255351D               (1)2(  2.0)       3039234.5
c   46   2255351D               (3)3( 10.0)       3042134.5
c   47   2255351D               (3)2(  7.0)       3045634.5
c   48   2255351D               (1)3(  3.0)       3055834.5
c   49   2255351D               (1)1(  1.0)       3059234.5
c   50   2255351G               (1)1(  1.0)       3119834.5
c   51   2255351G               (3)1(  4.0)       3127034.5
c   52   2255351H               (3)0(  1.0)       3133334.5
c   53   2255351H               (1)1(  1.0)       3134734.5
c   54   2255351H               (3)2(  7.0)       3137634.5
c   55   2255351H               (3)1(  4.0)       3140934.5
c   56   2255351H               (1)2(  2.0)       3151634.5
c   57   2255351I               (3)1(  4.0)       3152234.5
c   58   2255351I               (1)2(  2.0)       3153034.5
c   59   2255351H               (1)0(  0.0)       3154734.5
c   60   2255351I               (1)1(  1.0)       3155634.5
c   61   2255351I               (3)3( 10.0)       3156534.5
c   62   2255351I               (3)2(  7.0)       3162434.5
c   63   2255351I               (1)3(  3.0)       3169934.5
c   64   2255351M               (1)1(  1.0)       3200834.5
c   65   2255351M               (3)1(  4.0)       3208134.5
c   66   2255351N               (3)0(  1.0)       3209134.5
c   67   2255351N               (1)1(  1.0)       3209934.5
c   68   2255351N               (1)0(  0.0)       3212934.5
c   69   2255351N               (3)2(  7.0)       3213034.5
c   70   2255351N               (3)1(  4.0)       3217734.5
c   71   2255351O               (3)1(  4.0)       3220734.5
c   72   2255351O               (1)2(  2.0)       3221234.5
c   73   2255351O               (1)1(  1.0)       3223034.5
c   74   2255351O               (3)3( 10.0)       3224934.5
c   75   2255351N               (1)2(  2.0)       3226934.5
c   76   2255351O               (3)2(  7.0)       3230534.5
c   77   2255351O               (1)3(  3.0)       3238234.5
c   78   12563517               (3)0(  1.0)       3327234.5
c   79   12563517               (1)0(  0.0)       3334634.5
c   80   12563518               (3)1(  4.0)       3381934.5
c   81   12563518               (1)1(  1.0)       3384634.5
c   82   12563519               (3)2(  7.0)       3449334.5
c   83   12563519               (1)2(  2.0)       3454234.5
c   84   1256351B               (3)0(  1.0)       3602834.5
c   85   1256351B               (1)0(  0.0)       3606234.5
c   86   1256351C               (3)1(  4.0)       3629334.5
c   87   1256351C               (1)1(  1.0)       3630634.5
c   88   1256351D               (3)2(  7.0)       3661634.5
c   89   1256351D               (1)2(  2.0)       3664134.5
c   90   1256351G               (3)0(  1.0)       3743034.5
c   91   1256351G               (1)0(  0.0)       3744934.5
c   92   1256351H               (3)1(  4.0)       3757834.5
c   93   1256351H               (1)1(  1.0)       3758534.5
c   94   1256351I               (3)2(  7.0)       3775834.5
c   95   1256351I               (1)2(  2.0)       3777234.5
 
 
 
c-------------------------------------------------------------------------------
 
C  superstage partition information
C  ================================
C
C  element symbol   : AR
C  parent template  : 
C  partition level  :  1
C  superstage label :  8
C
C  tabulation       : photon emissivity coefft (te,ne)
C  units            : ph. emis coef(cm^3 s^-1); te (ev); ne (cm^-3)
C
C  photon emissivity atomic transitions
C  ------------------------------------
C  
C   isel  wvlen(A)            transition                type  ispb nspb
C                                                             ispp nspp sz    tg pr wr
C  ----- ---------- ----------------------------------- ----- ---- ---- --    -- -- --
C      1   27.5434   87(1)1(  1.0)-  1(1)0(  0.0)       excit   1    1   8    58 38  1
C      2   29.5453   81(1)1(  1.0)-  1(1)0(  0.0)       excit   1    1   8    53 24  2
C      3   30.9546   76(3)2(  7.0)-  1(1)0(  0.0)       excit   1    1   8    50 26  3
C      4   31.0267   73(1)1(  1.0)-  1(1)0(  0.0)       excit   1    1   8    48 19  4
C      5   31.6212   62(3)2(  7.0)-  1(1)0(  0.0)       excit   1    1   8    41 21  5
C      6   31.6893   60(1)1(  1.0)-  1(1)0(  0.0)       excit   1    1   8    40 14  6
C      7   32.6879   49(1)1(  1.0)-  1(1)0(  0.0)       excit   1    1   8    32 10  7
C      8   32.8339   47(3)2(  7.0)-  1(1)0(  0.0)       excit   1    1   8    31 12  8
C      9   33.3763   37(1)2(  2.0)-  1(1)0(  0.0)       excit   1    1   8    25 37  9
C     10   35.0590   33(1)1(  1.0)-  1(1)0(  0.0)       excit   1    1   8    21  5 10
C     11   35.2767   31(3)2(  7.0)-  1(1)0(  0.0)       excit   1    1   8    20 13 11
C     12   35.6426   27(1)1(  1.0)-  1(1)0(  0.0)       excit   1    1   8    18  4 12
C     13   36.9135   19(3)1(  4.0)-  1(1)0(  0.0)       excit   1    1   8    12 46 13
C     14   36.9900   18(1)1(  1.0)-  1(1)0(  0.0)       excit   1    1   8    11 34 14
C     15   41.6037   15(1)1(  1.0)-  1(1)0(  0.0)       excit   1    1   8     9  1 15
C     16   42.1206   12(3)2(  7.0)-  1(1)0(  0.0)       excit   1    1   8     8  7 16
C     17   48.8488    3(1)1(  1.0)-  1(1)0(  0.0)       excit   1    1   8     2  2 17
C     18   49.2942    2(3)1(  4.0)-  1(1)0(  0.0)       excit   1    1   8     1  3 18
C     19   101.595   41(3)1(  4.0)-  2(3)1(  4.0)       excit   1    1   8   104 45 19
C     20   101.802   43(1)0(  0.0)-  3(1)1(  1.0)       excit   1    1   8   198 35 20
C     21   102.208   62(3)2(  7.0)-  7(3)1(  4.0)       excit   1    1   8   547 40 21
C     22   103.359   37(1)2(  2.0)-  2(3)1(  4.0)       excit   1    1   8   100 42 22
C     23   116.063   47(3)2(  7.0)-  7(3)1(  4.0)       excit   1    1   8   532 31 23
C     24   134.048   25(1)0(  0.0)-  3(1)1(  1.0)       excit   1    1   8   180 18 24
C     25   135.630   23(3)1(  4.0)-  2(3)1(  4.0)       excit   1    1   8    86 33 25
C     26   136.724   22(3)2(  7.0)-  2(3)1(  4.0)       excit   1    1   8    85 49 26
C     27   153.681   31(3)2(  7.0)-  7(3)1(  4.0)       excit   1    1   8   516 23 27
C     28   154.178   83(1)2(  2.0)- 27(1)1(  1.0)       excit   1    1   8  1977 20 28
C     29   154.250   17(1)0(  0.0)-  2(3)1(  4.0)       excit   1    1   8    80 29 29
C     30   158.781   17(1)0(  0.0)-  3(1)1(  1.0)       excit   1    1   8   172 22 30
C     31   159.795   43(1)0(  0.0)- 15(1)1(  1.0)       excit   1    1   8  1133 47 31
C     32   168.776   37(1)2(  2.0)- 15(1)1(  1.0)       excit   1    1   8  1127 44 32
C     33   186.532   19(3)1(  4.0)-  5(3)2(  7.0)       excit   1    1   8   341 39 33
C     34   189.036   79(1)0(  0.0)- 27(1)1(  1.0)       excit   1    1   8  1973 27 34
C     35   255.232   23(3)1(  4.0)- 12(3)2(  7.0)       excit   1    1   8   898 41 35
C     36   256.739   25(1)0(  0.0)- 15(1)1(  1.0)       excit   1    1   8  1115 16 36
C     37   365.898   17(1)0(  0.0)- 15(1)1(  1.0)       excit   1    1   8  1107 28 37
C     38   449.843    9(1)0(  0.0)-  2(3)1(  4.0)       excit   1    1   8    72  8 38
C     39   490.677    9(1)0(  0.0)-  3(1)1(  1.0)       excit   1    1   8   164  6 39
C     40   524.934   37(1)2(  2.0)- 27(1)1(  1.0)       excit   1    1   8  1931  9 40
C     41   526.039   12(3)2(  7.0)-  7(3)1(  4.0)       excit   1    1   8   497 32 41
C     42   532.198   11(3)3( 10.0)-  5(3)2(  7.0)       excit   1    1   8   333 48 42
C     43   564.653   43(1)0(  0.0)- 33(1)1(  1.0)       excit   1    1   8  2297 43 43
C     44   643.501    7(3)1(  4.0)-  2(3)1(  4.0)       excit   1    1   8    70 11 44
C     45   684.463    6(1)1(  1.0)-  2(3)1(  4.0)       excit   1    1   8    69 30 45
C     46   692.521    8(1)2(  2.0)-  3(1)1(  1.0)       excit   1    1   8   163 17 46
C     47   693.001    5(3)2(  7.0)-  2(3)1(  4.0)       excit   1    1   8    68 15 47
C     48   730.460    7(3)1(  4.0)-  3(1)1(  1.0)       excit   1    1   8   162 25 48
C     49   794.281    4(3)0(  1.0)-  2(3)1(  4.0)       excit   1    1   8    67 36 49
C     50   794.913    5(3)2(  7.0)-  3(1)1(  1.0)       excit   1    1   8   160 50 50
c-------------------------------------------------------------------------------
                                                                                
C  code     : adas810
C  producer : Adam Foster
C  date     : 13/05/09
                                                                                
c-------------------------------------------------------------------------------
