   50    /AR: 5 photon emissivity coefficients/
--------------------------------------------------------------------------------
    1    1    1    1    1    1    1    1    1    1    1    1    1    1
    1    1    1    1    1
--------------------------------------------------------------------------------
//#01/p00/ 00/p01/ 01/p02/ 02/p03/ 03/p04/ 04/p05/ 05/p06/ 06/p07/ 07/p08/ 08/  
      p09/ 09/p10/ 10/p11/ 11/p12/ 12/p13/ 13/p14/ 14/p15/ 15/p16/ 16/p17/ 17/  
      p18/ 18/                                                                  
--------------------------------------------------------------------------------
  196.221    7  14 /pl=01:ss= 5:pb= 1:sz= 5/type=excit/ispb = t/isel =    1
 1.00E+10 1.00E+11 1.00E+12 1.00E+13 1.00E+14 1.00E+15 1.00E+16
 6.20E-01 9.31E-01 1.55E+00 3.10E+00 6.20E+00 1.55E+01 3.10E+01 4.65E+01
 6.20E+01 9.31E+01 1.55E+02 3.10E+02 6.20E+02 9.31E+02
 1.00E-74 4.03E-39 2.03E-27 1.04E-18 2.02E-14 6.04E-12 3.40E-11 5.60E-11
 6.93E-11 8.28E-11 9.05E-11 9.03E-11 8.50E-11 8.08E-11
 1.00E-74 4.04E-39 2.03E-27 1.04E-18 2.02E-14 6.04E-12 3.40E-11 5.60E-11
 6.93E-11 8.28E-11 9.04E-11 9.03E-11 8.50E-11 8.08E-11
 1.00E-74 4.04E-39 2.03E-27 1.04E-18 2.02E-14 6.04E-12 3.39E-11 5.59E-11
 6.91E-11 8.27E-11 9.03E-11 9.01E-11 8.49E-11 8.07E-11
 1.00E-74 4.06E-39 2.04E-27 1.05E-18 2.02E-14 6.01E-12 3.36E-11 5.50E-11
 6.81E-11 8.13E-11 8.88E-11 8.88E-11 8.39E-11 7.99E-11
 1.00E-74 4.23E-39 2.10E-27 1.07E-18 2.05E-14 5.87E-12 3.14E-11 5.06E-11
 6.22E-11 7.39E-11 8.10E-11 8.18E-11 7.82E-11 7.51E-11
 1.00E-74 5.84E-39 2.74E-27 1.30E-18 2.32E-14 5.72E-12 2.86E-11 4.52E-11
 5.50E-11 6.49E-11 7.06E-11 7.10E-11 6.79E-11 6.52E-11
 1.00E-74 1.70E-38 7.44E-27 3.08E-18 4.37E-14 8.22E-12 3.68E-11 5.56E-11
 6.61E-11 7.54E-11 7.88E-11 7.47E-11 6.73E-11 6.25E-11
  217.593    7  14 /pl=01:ss= 5:pb= 1:sz= 5/type=excit/ispb = t/isel =    2
 1.00E+10 1.00E+11 1.00E+12 1.00E+13 1.00E+14 1.00E+15 1.00E+16
 6.20E-01 9.31E-01 1.55E+00 3.10E+00 6.20E+00 1.55E+01 3.10E+01 4.65E+01
 6.20E+01 9.31E+01 1.55E+02 3.10E+02 6.20E+02 9.31E+02
 1.00E-74 1.96E-36 6.19E-26 4.06E-18 3.08E-14 6.30E-12 3.38E-11 5.56E-11
 6.90E-11 8.19E-11 8.79E-11 8.37E-11 7.34E-11 6.66E-11
 1.00E-74 1.96E-36 6.18E-26 4.06E-18 3.07E-14 6.30E-12 3.38E-11 5.56E-11
 6.90E-11 8.18E-11 8.78E-11 8.37E-11 7.34E-11 6.66E-11
 1.00E-74 1.96E-36 6.18E-26 4.06E-18 3.07E-14 6.29E-12 3.37E-11 5.54E-11
 6.88E-11 8.17E-11 8.77E-11 8.35E-11 7.33E-11 6.65E-11
 1.39E-49 1.97E-36 6.20E-26 4.07E-18 3.08E-14 6.26E-12 3.33E-11 5.46E-11
 6.77E-11 8.02E-11 8.62E-11 8.23E-11 7.25E-11 6.59E-11
 1.39E-49 2.08E-36 6.47E-26 4.18E-18 3.12E-14 6.04E-12 3.07E-11 4.94E-11
 6.08E-11 7.19E-11 7.76E-11 7.51E-11 6.71E-11 6.16E-11
 2.18E-49 3.04E-36 8.83E-26 5.22E-18 3.48E-14 5.49E-12 2.54E-11 4.00E-11
 4.88E-11 5.75E-11 6.23E-11 6.11E-11 5.57E-11 5.16E-11
 4.81E-49 6.77E-36 1.91E-25 1.00E-17 5.15E-14 5.58E-12 2.19E-11 3.27E-11
 3.89E-11 4.50E-11 4.84E-11 4.76E-11 4.38E-11 4.09E-11
  218.491    7  14 /pl=01:ss= 5:pb= 1:sz= 5/type=excit/ispb = t/isel =    3
 1.00E+10 1.00E+11 1.00E+12 1.00E+13 1.00E+14 1.00E+15 1.00E+16
 6.20E-01 9.31E-01 1.55E+00 3.10E+00 6.20E+00 1.55E+01 3.10E+01 4.65E+01
 6.20E+01 9.31E+01 1.55E+02 3.10E+02 6.20E+02 9.31E+02
 1.00E-74 3.48E-36 1.10E-25 7.22E-18 5.42E-14 1.10E-11 5.87E-11 9.61E-11
 1.19E-10 1.42E-10 1.52E-10 1.45E-10 1.27E-10 1.16E-10
 1.00E-74 3.48E-36 1.10E-25 7.23E-18 5.42E-14 1.10E-11 5.87E-11 9.61E-11
 1.19E-10 1.42E-10 1.52E-10 1.45E-10 1.27E-10 1.16E-10
 1.00E-74 3.49E-36 1.10E-25 7.23E-18 5.43E-14 1.10E-11 5.86E-11 9.59E-11
 1.19E-10 1.41E-10 1.52E-10 1.45E-10 1.27E-10 1.15E-10
 1.64E-49 3.51E-36 1.11E-25 7.25E-18 5.43E-14 1.09E-11 5.79E-11 9.43E-11
 1.17E-10 1.39E-10 1.49E-10 1.42E-10 1.26E-10 1.14E-10
 2.45E-49 3.70E-36 1.15E-25 7.46E-18 5.50E-14 1.06E-11 5.33E-11 8.53E-11
 1.05E-10 1.24E-10 1.34E-10 1.30E-10 1.16E-10 1.07E-10
 3.88E-49 5.42E-36 1.58E-25 9.35E-18 6.17E-14 9.60E-12 4.42E-11 6.92E-11
 8.44E-11 9.93E-11 1.08E-10 1.06E-10 9.65E-11 8.95E-11
 8.53E-49 1.21E-35 3.42E-25 1.80E-17 9.16E-14 9.80E-12 3.84E-11 5.69E-11
 6.77E-11 7.82E-11 8.41E-11 8.29E-11 7.63E-11 7.12E-11
  279.474    7  14 /pl=01:ss= 5:pb= 1:sz= 5/type=excit/ispb = t/isel =    4
 1.00E+10 1.00E+11 1.00E+12 1.00E+13 1.00E+14 1.00E+15 1.00E+16
 6.20E-01 9.31E-01 1.55E+00 3.10E+00 6.20E+00 1.55E+01 3.10E+01 4.65E+01
 6.20E+01 9.31E+01 1.55E+02 3.10E+02 6.20E+02 9.31E+02
 1.00E-74 4.92E-43 9.34E-30 7.28E-20 5.44E-15 3.61E-12 2.63E-11 4.69E-11
 6.07E-11 7.42E-11 8.07E-11 7.53E-11 6.26E-11 5.43E-11
 1.00E-74 4.91E-43 9.33E-30 7.27E-20 5.43E-15 3.60E-12 2.63E-11 4.69E-11
 6.07E-11 7.42E-11 8.07E-11 7.53E-11 6.25E-11 5.43E-11
 1.00E-74 4.91E-43 9.32E-30 7.27E-20 5.43E-15 3.60E-12 2.62E-11 4.68E-11
 6.06E-11 7.40E-11 8.05E-11 7.52E-11 6.25E-11 5.42E-11
 1.00E-74 4.91E-43 9.33E-30 7.27E-20 5.43E-15 3.59E-12 2.60E-11 4.62E-11
 5.97E-11 7.28E-11 7.93E-11 7.42E-11 6.18E-11 5.37E-11
 1.00E-74 4.95E-43 9.38E-30 7.30E-20 5.45E-15 3.48E-12 2.41E-11 4.22E-11
 5.42E-11 6.60E-11 7.21E-11 6.82E-11 5.76E-11 5.05E-11
 1.00E-74 5.85E-43 1.06E-29 7.92E-20 5.66E-15 3.18E-12 2.08E-11 3.58E-11
 4.58E-11 5.55E-11 6.09E-11 5.82E-11 4.98E-11 4.40E-11
 1.00E-74 1.59E-42 2.51E-29 1.51E-19 8.24E-15 3.48E-12 2.04E-11 3.39E-11
 4.26E-11 5.12E-11 5.61E-11 5.45E-11 4.78E-11 4.28E-11
  279.547    7  14 /pl=01:ss= 5:pb= 1:sz= 5/type=excit/ispb = t/isel =    5
 1.00E+10 1.00E+11 1.00E+12 1.00E+13 1.00E+14 1.00E+15 1.00E+16
 6.20E-01 9.31E-01 1.55E+00 3.10E+00 6.20E+00 1.55E+01 3.10E+01 4.65E+01
 6.20E+01 9.31E+01 1.55E+02 3.10E+02 6.20E+02 9.31E+02
 1.00E-74 6.85E-43 1.30E-29 1.02E-19 7.56E-15 4.93E-12 3.57E-11 6.36E-11
 8.21E-11 1.00E-10 1.09E-10 1.02E-10 8.48E-11 7.36E-11
 1.00E-74 6.86E-43 1.31E-29 1.02E-19 7.56E-15 4.93E-12 3.57E-11 6.36E-11
 8.21E-11 1.00E-10 1.09E-10 1.02E-10 8.48E-11 7.36E-11
 1.00E-74 6.86E-43 1.31E-29 1.02E-19 7.57E-15 4.93E-12 3.56E-11 6.34E-11
 8.19E-11 1.00E-10 1.09E-10 1.02E-10 8.46E-11 7.35E-11
 1.00E-74 6.87E-43 1.31E-29 1.02E-19 7.57E-15 4.91E-12 3.52E-11 6.25E-11
 8.05E-11 9.84E-11 1.07E-10 1.00E-10 8.36E-11 7.28E-11
 1.00E-74 6.92E-43 1.31E-29 1.02E-19 7.58E-15 4.75E-12 3.27E-11 5.71E-11
 7.31E-11 8.91E-11 9.74E-11 9.22E-11 7.79E-11 6.83E-11
 1.00E-74 8.18E-43 1.48E-29 1.11E-19 7.88E-15 4.35E-12 2.82E-11 4.85E-11
 6.17E-11 7.50E-11 8.23E-11 7.87E-11 6.74E-11 5.96E-11
 1.00E-74 2.23E-42 3.52E-29 2.12E-19 1.15E-14 4.80E-12 2.79E-11 4.63E-11
 5.80E-11 6.98E-11 7.65E-11 7.42E-11 6.51E-11 5.83E-11
  289.725    7  14 /pl=01:ss= 5:pb= 1:sz= 5/type=excit/ispb = t/isel =    6
 1.00E+10 1.00E+11 1.00E+12 1.00E+13 1.00E+14 1.00E+15 1.00E+16
 6.20E-01 9.31E-01 1.55E+00 3.10E+00 6.20E+00 1.55E+01 3.10E+01 4.65E+01
 6.20E+01 9.31E+01 1.55E+02 3.10E+02 6.20E+02 9.31E+02
 2.61E-39 1.91E-29 1.36E-21 9.34E-16 6.95E-13 3.21E-11 1.06E-10 1.53E-10
 1.82E-10 2.15E-10 2.42E-10 2.59E-10 2.56E-10 2.46E-10
 2.61E-39 1.91E-29 1.36E-21 9.34E-16 6.95E-13 3.21E-11 1.06E-10 1.53E-10
 1.82E-10 2.15E-10 2.42E-10 2.59E-10 2.56E-10 2.46E-10
 2.61E-39 1.91E-29 1.36E-21 9.34E-16 6.95E-13 3.20E-11 1.05E-10 1.52E-10
 1.81E-10 2.14E-10 2.42E-10 2.58E-10 2.55E-10 2.46E-10
 2.61E-39 1.91E-29 1.36E-21 9.35E-16 6.95E-13 3.19E-11 1.04E-10 1.50E-10
 1.78E-10 2.10E-10 2.38E-10 2.55E-10 2.52E-10 2.43E-10
 2.61E-39 1.92E-29 1.36E-21 9.36E-16 6.95E-13 3.07E-11 9.61E-11 1.36E-10
 1.61E-10 1.89E-10 2.15E-10 2.33E-10 2.34E-10 2.28E-10
 2.68E-39 1.96E-29 1.39E-21 9.53E-16 6.93E-13 2.72E-11 7.96E-11 1.11E-10
 1.30E-10 1.52E-10 1.73E-10 1.90E-10 1.94E-10 1.91E-10
 3.23E-39 2.30E-29 1.61E-21 1.11E-15 7.41E-13 2.42E-11 6.44E-11 8.60E-11
 9.89E-11 1.14E-10 1.28E-10 1.40E-10 1.45E-10 1.44E-10
  291.365    7  14 /pl=01:ss= 5:pb= 1:sz= 5/type=excit/ispb = t/isel =    7
 1.00E+10 1.00E+11 1.00E+12 1.00E+13 1.00E+14 1.00E+15 1.00E+16
 6.20E-01 9.31E-01 1.55E+00 3.10E+00 6.20E+00 1.55E+01 3.10E+01 4.65E+01
 6.20E+01 9.31E+01 1.55E+02 3.10E+02 6.20E+02 9.31E+02
 5.12E-39 3.76E-29 2.68E-21 1.84E-15 1.37E-12 6.30E-11 2.08E-10 3.00E-10
 3.57E-10 4.22E-10 4.77E-10 5.09E-10 5.03E-10 4.84E-10
 5.13E-39 3.76E-29 2.68E-21 1.84E-15 1.37E-12 6.30E-11 2.07E-10 3.00E-10
 3.57E-10 4.22E-10 4.77E-10 5.09E-10 5.03E-10 4.84E-10
 5.13E-39 3.76E-29 2.68E-21 1.84E-15 1.37E-12 6.30E-11 2.07E-10 2.99E-10
 3.56E-10 4.21E-10 4.76E-10 5.08E-10 5.02E-10 4.84E-10
 5.13E-39 3.76E-29 2.68E-21 1.84E-15 1.37E-12 6.27E-11 2.05E-10 2.95E-10
 3.50E-10 4.13E-10 4.68E-10 5.01E-10 4.96E-10 4.79E-10
 5.14E-39 3.77E-29 2.68E-21 1.84E-15 1.37E-12 6.04E-11 1.89E-10 2.68E-10
 3.16E-10 3.72E-10 4.22E-10 4.57E-10 4.60E-10 4.47E-10
 5.28E-39 3.85E-29 2.73E-21 1.87E-15 1.36E-12 5.34E-11 1.56E-10 2.18E-10
 2.55E-10 2.99E-10 3.41E-10 3.74E-10 3.82E-10 3.75E-10
 6.34E-39 4.53E-29 3.16E-21 2.17E-15 1.46E-12 4.76E-11 1.27E-10 1.69E-10
 1.95E-10 2.23E-10 2.51E-10 2.75E-10 2.85E-10 2.84E-10
  375.981    7  14 /pl=01:ss= 5:pb= 1:sz= 5/type=excit/ispb = t/isel =    8
 1.00E+10 1.00E+11 1.00E+12 1.00E+13 1.00E+14 1.00E+15 1.00E+16
 6.20E-01 9.31E-01 1.55E+00 3.10E+00 6.20E+00 1.55E+01 3.10E+01 4.65E+01
 6.20E+01 9.31E+01 1.55E+02 3.10E+02 6.20E+02 9.31E+02
 1.00E-74 3.50E-37 4.99E-26 9.89E-18 1.18E-13 2.62E-11 1.34E-10 2.14E-10
 2.62E-10 3.06E-10 3.24E-10 2.99E-10 2.49E-10 2.16E-10
 1.00E-74 3.50E-37 4.98E-26 9.87E-18 1.18E-13 2.62E-11 1.34E-10 2.14E-10
 2.62E-10 3.06E-10 3.24E-10 2.99E-10 2.49E-10 2.16E-10
 1.00E-74 3.50E-37 4.98E-26 9.87E-18 1.18E-13 2.62E-11 1.33E-10 2.13E-10
 2.61E-10 3.05E-10 3.23E-10 2.98E-10 2.49E-10 2.16E-10
 1.00E-74 3.50E-37 4.99E-26 9.88E-18 1.18E-13 2.61E-11 1.32E-10 2.10E-10
 2.57E-10 3.00E-10 3.18E-10 2.94E-10 2.46E-10 2.14E-10
 1.00E-74 3.54E-37 5.03E-26 9.94E-18 1.18E-13 2.52E-11 1.22E-10 1.92E-10
 2.33E-10 2.72E-10 2.89E-10 2.70E-10 2.29E-10 2.01E-10
 1.00E-74 4.01E-37 5.53E-26 1.06E-17 1.21E-13 2.28E-11 1.04E-10 1.61E-10
 1.94E-10 2.26E-10 2.41E-10 2.28E-10 1.96E-10 1.73E-10
 1.08E-50 9.87E-37 1.20E-25 1.91E-17 1.72E-13 2.48E-11 1.02E-10 1.51E-10
 1.80E-10 2.06E-10 2.18E-10 2.08E-10 1.81E-10 1.62E-10
  376.157    7  14 /pl=01:ss= 5:pb= 1:sz= 5/type=excit/ispb = t/isel =    9
 1.00E+10 1.00E+11 1.00E+12 1.00E+13 1.00E+14 1.00E+15 1.00E+16
 6.20E-01 9.31E-01 1.55E+00 3.10E+00 6.20E+00 1.55E+01 3.10E+01 4.65E+01
 6.20E+01 9.31E+01 1.55E+02 3.10E+02 6.20E+02 9.31E+02
 1.00E-74 4.98E-37 7.10E-26 1.41E-17 1.67E-13 3.65E-11 1.85E-10 2.95E-10
 3.61E-10 4.22E-10 4.45E-10 4.11E-10 3.42E-10 2.98E-10
 1.00E-74 4.99E-37 7.11E-26 1.41E-17 1.67E-13 3.65E-11 1.85E-10 2.95E-10
 3.60E-10 4.22E-10 4.45E-10 4.11E-10 3.42E-10 2.98E-10
 1.00E-74 4.99E-37 7.11E-26 1.41E-17 1.67E-13 3.65E-11 1.84E-10 2.94E-10
 3.60E-10 4.21E-10 4.44E-10 4.11E-10 3.42E-10 2.98E-10
 1.00E-74 5.00E-37 7.12E-26 1.41E-17 1.67E-13 3.63E-11 1.82E-10 2.90E-10
 3.54E-10 4.13E-10 4.37E-10 4.05E-10 3.38E-10 2.95E-10
 1.00E-74 5.06E-37 7.19E-26 1.42E-17 1.67E-13 3.51E-11 1.69E-10 2.64E-10
 3.20E-10 3.73E-10 3.96E-10 3.71E-10 3.14E-10 2.77E-10
 1.00E-74 5.74E-37 7.92E-26 1.52E-17 1.72E-13 3.17E-11 1.44E-10 2.21E-10
 2.67E-10 3.10E-10 3.30E-10 3.13E-10 2.69E-10 2.38E-10
 1.59E-50 1.42E-36 1.73E-25 2.75E-17 2.45E-13 3.47E-11 1.41E-10 2.10E-10
 2.49E-10 2.85E-10 3.02E-10 2.88E-10 2.51E-10 2.24E-10
  378.717    7  14 /pl=01:ss= 5:pb= 1:sz= 5/type=excit/ispb = t/isel =   10
 1.00E+10 1.00E+11 1.00E+12 1.00E+13 1.00E+14 1.00E+15 1.00E+16
 6.20E-01 9.31E-01 1.55E+00 3.10E+00 6.20E+00 1.55E+01 3.10E+01 4.65E+01
 6.20E+01 9.31E+01 1.55E+02 3.10E+02 6.20E+02 9.31E+02
 9.36E-44 2.20E-32 2.51E-23 1.34E-16 2.65E-13 2.06E-11 7.57E-11 1.09E-10
 1.27E-10 1.42E-10 1.44E-10 1.29E-10 1.07E-10 9.34E-11
 9.37E-44 2.21E-32 2.51E-23 1.34E-16 2.65E-13 2.06E-11 7.57E-11 1.09E-10
 1.27E-10 1.42E-10 1.44E-10 1.29E-10 1.07E-10 9.34E-11
 9.37E-44 2.21E-32 2.51E-23 1.34E-16 2.65E-13 2.05E-11 7.55E-11 1.09E-10
 1.27E-10 1.41E-10 1.43E-10 1.29E-10 1.07E-10 9.33E-11
 9.37E-44 2.21E-32 2.51E-23 1.34E-16 2.65E-13 2.04E-11 7.46E-11 1.07E-10
 1.25E-10 1.39E-10 1.41E-10 1.27E-10 1.06E-10 9.23E-11
 9.34E-44 2.20E-32 2.51E-23 1.34E-16 2.63E-13 1.96E-11 6.88E-11 9.73E-11
 1.12E-10 1.25E-10 1.27E-10 1.16E-10 9.79E-11 8.63E-11
 9.07E-44 2.15E-32 2.46E-23 1.31E-16 2.52E-13 1.67E-11 5.53E-11 7.73E-11
 8.91E-11 9.89E-11 1.02E-10 9.45E-11 8.11E-11 7.23E-11
 7.69E-44 1.85E-32 2.16E-23 1.16E-16 2.00E-13 1.11E-11 3.44E-11 4.74E-11
 5.47E-11 6.15E-11 6.50E-11 6.32E-11 5.72E-11 5.25E-11
  379.482    7  14 /pl=01:ss= 5:pb= 1:sz= 5/type=excit/ispb = t/isel =   11
 1.00E+10 1.00E+11 1.00E+12 1.00E+13 1.00E+14 1.00E+15 1.00E+16
 6.20E-01 9.31E-01 1.55E+00 3.10E+00 6.20E+00 1.55E+01 3.10E+01 4.65E+01
 6.20E+01 9.31E+01 1.55E+02 3.10E+02 6.20E+02 9.31E+02
 5.94E-44 1.35E-32 1.49E-23 7.76E-17 1.53E-13 1.19E-11 4.41E-11 6.38E-11
 7.44E-11 8.28E-11 8.41E-11 7.55E-11 6.24E-11 5.44E-11
 5.93E-44 1.35E-32 1.49E-23 7.75E-17 1.53E-13 1.19E-11 4.41E-11 6.37E-11
 7.43E-11 8.27E-11 8.40E-11 7.55E-11 6.23E-11 5.44E-11
 5.93E-44 1.35E-32 1.49E-23 7.74E-17 1.53E-13 1.19E-11 4.40E-11 6.36E-11
 7.42E-11 8.26E-11 8.39E-11 7.54E-11 6.23E-11 5.43E-11
 5.93E-44 1.35E-32 1.49E-23 7.74E-17 1.53E-13 1.19E-11 4.35E-11 6.27E-11
 7.30E-11 8.12E-11 8.25E-11 7.43E-11 6.16E-11 5.38E-11
 5.91E-44 1.34E-32 1.48E-23 7.73E-17 1.52E-13 1.14E-11 4.01E-11 5.69E-11
 6.59E-11 7.31E-11 7.46E-11 6.80E-11 5.71E-11 5.03E-11
 5.74E-44 1.31E-32 1.45E-23 7.58E-17 1.45E-13 9.70E-12 3.23E-11 4.52E-11
 5.22E-11 5.80E-11 5.97E-11 5.53E-11 4.74E-11 4.22E-11
 4.89E-44 1.13E-32 1.28E-23 6.71E-17 1.15E-13 6.42E-12 2.00E-11 2.77E-11
 3.20E-11 3.59E-11 3.79E-11 3.69E-11 3.33E-11 3.06E-11
  427.189    7  14 /pl=01:ss= 5:pb= 1:sz= 5/type=excit/ispb = t/isel =   12
 1.00E+10 1.00E+11 1.00E+12 1.00E+13 1.00E+14 1.00E+15 1.00E+16
 6.20E-01 9.31E-01 1.55E+00 3.10E+00 6.20E+00 1.55E+01 3.10E+01 4.65E+01
 6.20E+01 9.31E+01 1.55E+02 3.10E+02 6.20E+02 9.31E+02
 7.15E-44 1.68E-32 1.92E-23 1.02E-16 2.02E-13 1.57E-11 5.78E-11 8.34E-11
 9.71E-11 1.08E-10 1.10E-10 9.88E-11 8.17E-11 7.13E-11
 7.16E-44 1.69E-32 1.92E-23 1.02E-16 2.02E-13 1.57E-11 5.78E-11 8.34E-11
 9.70E-11 1.08E-10 1.10E-10 9.88E-11 8.17E-11 7.13E-11
 7.16E-44 1.69E-32 1.92E-23 1.02E-16 2.02E-13 1.57E-11 5.77E-11 8.32E-11
 9.68E-11 1.08E-10 1.10E-10 9.86E-11 8.16E-11 7.12E-11
 7.16E-44 1.68E-32 1.92E-23 1.02E-16 2.02E-13 1.56E-11 5.70E-11 8.19E-11
 9.52E-11 1.06E-10 1.08E-10 9.71E-11 8.06E-11 7.05E-11
 7.13E-44 1.68E-32 1.92E-23 1.02E-16 2.01E-13 1.50E-11 5.25E-11 7.43E-11
 8.58E-11 9.52E-11 9.72E-11 8.88E-11 7.47E-11 6.59E-11
 6.93E-44 1.64E-32 1.88E-23 1.00E-16 1.93E-13 1.27E-11 4.22E-11 5.90E-11
 6.80E-11 7.56E-11 7.77E-11 7.22E-11 6.19E-11 5.52E-11
 5.88E-44 1.41E-32 1.65E-23 8.85E-17 1.53E-13 8.44E-12 2.63E-11 3.62E-11
 4.18E-11 4.69E-11 4.96E-11 4.83E-11 4.37E-11 4.01E-11
  428.253    7  14 /pl=01:ss= 5:pb= 1:sz= 5/type=excit/ispb = t/isel =   13
 1.00E+10 1.00E+11 1.00E+12 1.00E+13 1.00E+14 1.00E+15 1.00E+16
 6.20E-01 9.31E-01 1.55E+00 3.10E+00 6.20E+00 1.55E+01 3.10E+01 4.65E+01
 6.20E+01 9.31E+01 1.55E+02 3.10E+02 6.20E+02 9.31E+02
 4.69E-44 1.07E-32 1.18E-23 6.12E-17 1.21E-13 9.42E-12 3.48E-11 5.03E-11
 5.87E-11 6.53E-11 6.63E-11 5.96E-11 4.92E-11 4.29E-11
 4.68E-44 1.06E-32 1.17E-23 6.11E-17 1.20E-13 9.42E-12 3.48E-11 5.03E-11
 5.87E-11 6.53E-11 6.63E-11 5.96E-11 4.92E-11 4.29E-11
 4.68E-44 1.06E-32 1.17E-23 6.11E-17 1.20E-13 9.41E-12 3.47E-11 5.02E-11
 5.86E-11 6.52E-11 6.62E-11 5.95E-11 4.91E-11 4.29E-11
 4.68E-44 1.06E-32 1.17E-23 6.11E-17 1.20E-13 9.36E-12 3.43E-11 4.95E-11
 5.76E-11 6.41E-11 6.51E-11 5.87E-11 4.86E-11 4.24E-11
 4.67E-44 1.06E-32 1.17E-23 6.10E-17 1.20E-13 9.01E-12 3.17E-11 4.49E-11
 5.20E-11 5.77E-11 5.89E-11 5.37E-11 4.51E-11 3.97E-11
 4.53E-44 1.03E-32 1.15E-23 5.98E-17 1.15E-13 7.66E-12 2.55E-11 3.57E-11
 4.12E-11 4.58E-11 4.71E-11 4.36E-11 3.74E-11 3.33E-11
 3.86E-44 8.94E-33 1.01E-23 5.30E-17 9.10E-14 5.06E-12 1.58E-11 2.18E-11
 2.52E-11 2.83E-11 2.99E-11 2.91E-11 2.63E-11 2.41E-11
  450.588    7  14 /pl=01:ss= 5:pb= 1:sz= 5/type=excit/ispb = t/isel =   14
 1.00E+10 1.00E+11 1.00E+12 1.00E+13 1.00E+14 1.00E+15 1.00E+16
 6.20E-01 9.31E-01 1.55E+00 3.10E+00 6.20E+00 1.55E+01 3.10E+01 4.65E+01
 6.20E+01 9.31E+01 1.55E+02 3.10E+02 6.20E+02 9.31E+02
 8.24E-27 1.64E-20 1.64E-15 7.88E-12 4.67E-10 4.45E-09 8.34E-09 9.85E-09
 1.05E-08 1.09E-08 1.07E-08 9.85E-09 8.59E-09 7.83E-09
 8.23E-27 1.64E-20 1.63E-15 7.87E-12 4.67E-10 4.45E-09 8.34E-09 9.84E-09
 1.05E-08 1.09E-08 1.07E-08 9.84E-09 8.59E-09 7.83E-09
 8.23E-27 1.64E-20 1.63E-15 7.86E-12 4.67E-10 4.44E-09 8.33E-09 9.83E-09
 1.05E-08 1.08E-08 1.07E-08 9.83E-09 8.58E-09 7.82E-09
 8.23E-27 1.64E-20 1.63E-15 7.86E-12 4.67E-10 4.42E-09 8.23E-09 9.68E-09
 1.03E-08 1.07E-08 1.05E-08 9.69E-09 8.49E-09 7.74E-09
 8.22E-27 1.64E-20 1.63E-15 7.86E-12 4.65E-10 4.26E-09 7.61E-09 8.81E-09
 9.31E-09 9.60E-09 9.51E-09 8.88E-09 7.88E-09 7.25E-09
 8.17E-27 1.63E-20 1.63E-15 7.82E-12 4.53E-10 3.69E-09 6.24E-09 7.13E-09
 7.50E-09 7.74E-09 7.71E-09 7.28E-09 6.57E-09 6.11E-09
 7.63E-27 1.54E-20 1.56E-15 7.49E-12 3.97E-10 2.80E-09 4.46E-09 5.02E-09
 5.26E-09 5.42E-09 5.45E-09 5.27E-09 4.90E-09 4.63E-09
  454.295    7  14 /pl=01:ss= 5:pb= 1:sz= 5/type=excit/ispb = t/isel =   15
 1.00E+10 1.00E+11 1.00E+12 1.00E+13 1.00E+14 1.00E+15 1.00E+16
 6.20E-01 9.31E-01 1.55E+00 3.10E+00 6.20E+00 1.55E+01 3.10E+01 4.65E+01
 6.20E+01 9.31E+01 1.55E+02 3.10E+02 6.20E+02 9.31E+02
 1.45E-26 2.91E-20 2.92E-15 1.41E-11 8.35E-10 7.79E-09 1.45E-08 1.72E-08
 1.83E-08 1.89E-08 1.87E-08 1.71E-08 1.50E-08 1.36E-08
 1.45E-26 2.92E-20 2.92E-15 1.42E-11 8.36E-10 7.79E-09 1.45E-08 1.72E-08
 1.83E-08 1.89E-08 1.87E-08 1.71E-08 1.50E-08 1.36E-08
 1.45E-26 2.92E-20 2.92E-15 1.42E-11 8.36E-10 7.79E-09 1.45E-08 1.72E-08
 1.82E-08 1.88E-08 1.86E-08 1.71E-08 1.49E-08 1.36E-08
 1.45E-26 2.92E-20 2.92E-15 1.42E-11 8.35E-10 7.74E-09 1.43E-08 1.69E-08
 1.79E-08 1.85E-08 1.83E-08 1.68E-08 1.47E-08 1.34E-08
 1.45E-26 2.92E-20 2.92E-15 1.42E-11 8.32E-10 7.46E-09 1.32E-08 1.54E-08
 1.62E-08 1.66E-08 1.65E-08 1.54E-08 1.37E-08 1.26E-08
 1.44E-26 2.90E-20 2.91E-15 1.41E-11 8.10E-10 6.46E-09 1.09E-08 1.24E-08
 1.30E-08 1.34E-08 1.34E-08 1.26E-08 1.14E-08 1.06E-08
 1.34E-26 2.74E-20 2.78E-15 1.35E-11 7.09E-10 4.89E-09 7.77E-09 8.74E-09
 9.13E-09 9.41E-09 9.49E-09 9.14E-09 8.51E-09 8.03E-09
  454.568    7  14 /pl=01:ss= 5:pb= 1:sz= 5/type=excit/ispb = t/isel =   16
 1.00E+10 1.00E+11 1.00E+12 1.00E+13 1.00E+14 1.00E+15 1.00E+16
 6.20E-01 9.31E-01 1.55E+00 3.10E+00 6.20E+00 1.55E+01 3.10E+01 4.65E+01
 6.20E+01 9.31E+01 1.55E+02 3.10E+02 6.20E+02 9.31E+02
 1.67E-27 3.33E-21 3.32E-16 1.60E-12 9.48E-11 9.02E-10 1.69E-09 2.00E-09
 2.13E-09 2.20E-09 2.17E-09 2.00E-09 1.74E-09 1.59E-09
 1.67E-27 3.32E-21 3.31E-16 1.59E-12 9.47E-11 9.01E-10 1.69E-09 2.00E-09
 2.12E-09 2.20E-09 2.17E-09 2.00E-09 1.74E-09 1.59E-09
 1.67E-27 3.32E-21 3.31E-16 1.59E-12 9.47E-11 9.01E-10 1.69E-09 1.99E-09
 2.12E-09 2.20E-09 2.17E-09 1.99E-09 1.74E-09 1.58E-09
 1.67E-27 3.32E-21 3.31E-16 1.59E-12 9.46E-11 8.97E-10 1.67E-09 1.96E-09
 2.09E-09 2.16E-09 2.13E-09 1.97E-09 1.72E-09 1.57E-09
 1.67E-27 3.32E-21 3.31E-16 1.59E-12 9.43E-11 8.64E-10 1.54E-09 1.79E-09
 1.89E-09 1.95E-09 1.93E-09 1.80E-09 1.60E-09 1.47E-09
 1.66E-27 3.30E-21 3.30E-16 1.58E-12 9.18E-11 7.49E-10 1.27E-09 1.44E-09
 1.52E-09 1.57E-09 1.56E-09 1.48E-09 1.33E-09 1.24E-09
 1.55E-27 3.13E-21 3.16E-16 1.52E-12 8.04E-11 5.67E-10 9.05E-10 1.02E-09
 1.07E-09 1.10E-09 1.11E-09 1.07E-09 9.93E-10 9.39E-10
  462.963    7  14 /pl=01:ss= 5:pb= 1:sz= 5/type=excit/ispb = t/isel =   17
 1.00E+10 1.00E+11 1.00E+12 1.00E+13 1.00E+14 1.00E+15 1.00E+16
 6.20E-01 9.31E-01 1.55E+00 3.10E+00 6.20E+00 1.55E+01 3.10E+01 4.65E+01
 6.20E+01 9.31E+01 1.55E+02 3.10E+02 6.20E+02 9.31E+02
 4.20E-44 9.89E-33 1.13E-23 6.01E-17 1.19E-13 9.22E-12 3.39E-11 4.90E-11
 5.70E-11 6.35E-11 6.45E-11 5.80E-11 4.80E-11 4.19E-11
 4.21E-44 9.90E-33 1.13E-23 6.02E-17 1.19E-13 9.22E-12 3.39E-11 4.90E-11
 5.70E-11 6.35E-11 6.45E-11 5.80E-11 4.80E-11 4.19E-11
 4.21E-44 9.90E-33 1.13E-23 6.02E-17 1.19E-13 9.22E-12 3.39E-11 4.89E-11
 5.69E-11 6.34E-11 6.44E-11 5.79E-11 4.79E-11 4.18E-11
 4.20E-44 9.90E-33 1.13E-23 6.02E-17 1.19E-13 9.17E-12 3.35E-11 4.81E-11
 5.59E-11 6.22E-11 6.33E-11 5.71E-11 4.73E-11 4.14E-11
 4.19E-44 9.87E-33 1.13E-23 6.00E-17 1.18E-13 8.81E-12 3.09E-11 4.37E-11
 5.04E-11 5.60E-11 5.71E-11 5.22E-11 4.39E-11 3.87E-11
 4.07E-44 9.63E-33 1.10E-23 5.89E-17 1.13E-13 7.49E-12 2.48E-11 3.47E-11
 4.00E-11 4.44E-11 4.57E-11 4.24E-11 3.64E-11 3.24E-11
 3.45E-44 8.31E-33 9.71E-24 5.20E-17 8.97E-14 4.96E-12 1.54E-11 2.13E-11
 2.45E-11 2.76E-11 2.91E-11 2.84E-11 2.57E-11 2.36E-11
  472.300    7  14 /pl=01:ss= 5:pb= 1:sz= 5/type=excit/ispb = t/isel =   18
 1.00E+10 1.00E+11 1.00E+12 1.00E+13 1.00E+14 1.00E+15 1.00E+16
 6.20E-01 9.31E-01 1.55E+00 3.10E+00 6.20E+00 1.55E+01 3.10E+01 4.65E+01
 6.20E+01 9.31E+01 1.55E+02 3.10E+02 6.20E+02 9.31E+02
 1.26E-36 1.07E-27 1.37E-20 2.48E-15 8.86E-13 2.39E-11 6.06E-11 7.62E-11
 8.24E-11 8.47E-11 7.94E-11 6.60E-11 5.15E-11 4.38E-11
 1.27E-36 1.08E-27 1.37E-20 2.48E-15 8.87E-13 2.40E-11 6.09E-11 7.67E-11
 8.29E-11 8.53E-11 7.99E-11 6.64E-11 5.18E-11 4.40E-11
 1.27E-36 1.08E-27 1.37E-20 2.48E-15 8.91E-13 2.46E-11 6.37E-11 8.09E-11
 8.77E-11 9.04E-11 8.47E-11 7.01E-11 5.44E-11 4.61E-11
 1.33E-36 1.12E-27 1.41E-20 2.54E-15 9.32E-13 2.98E-11 8.45E-11 1.10E-10
 1.21E-10 1.26E-10 1.18E-10 9.64E-11 7.33E-11 6.12E-11
 1.95E-36 1.55E-27 1.84E-20 3.11E-15 1.26E-12 6.13E-11 1.96E-10 2.61E-10
 2.88E-10 3.01E-10 2.82E-10 2.30E-10 1.72E-10 1.42E-10
 7.21E-36 5.32E-27 5.66E-20 8.27E-15 3.66E-12 1.62E-10 4.14E-10 5.14E-10
 5.52E-10 5.67E-10 5.36E-10 4.54E-10 3.60E-10 3.08E-10
 2.57E-35 2.05E-26 2.35E-19 3.57E-14 1.26E-11 2.70E-10 5.62E-10 6.63E-10
 6.97E-10 7.07E-10 6.71E-10 5.81E-10 4.75E-10 4.15E-10
  474.701    7  14 /pl=01:ss= 5:pb= 1:sz= 5/type=excit/ispb = t/isel =   19
 1.00E+10 1.00E+11 1.00E+12 1.00E+13 1.00E+14 1.00E+15 1.00E+16
 6.20E-01 9.31E-01 1.55E+00 3.10E+00 6.20E+00 1.55E+01 3.10E+01 4.65E+01
 6.20E+01 9.31E+01 1.55E+02 3.10E+02 6.20E+02 9.31E+02
 1.16E-36 9.87E-28 1.26E-20 2.28E-15 8.15E-13 2.20E-11 5.57E-11 7.01E-11
 7.58E-11 7.79E-11 7.30E-11 6.06E-11 4.74E-11 4.03E-11
 1.16E-36 9.88E-28 1.26E-20 2.28E-15 8.15E-13 2.20E-11 5.60E-11 7.05E-11
 7.62E-11 7.84E-11 7.35E-11 6.10E-11 4.76E-11 4.05E-11
 1.17E-36 9.92E-28 1.26E-20 2.28E-15 8.19E-13 2.26E-11 5.86E-11 7.43E-11
 8.07E-11 8.31E-11 7.79E-11 6.44E-11 5.00E-11 4.24E-11
 1.23E-36 1.03E-27 1.30E-20 2.34E-15 8.56E-13 2.74E-11 7.77E-11 1.02E-10
 1.11E-10 1.16E-10 1.08E-10 8.86E-11 6.74E-11 5.62E-11
 1.79E-36 1.43E-27 1.69E-20 2.86E-15 1.15E-12 5.64E-11 1.80E-10 2.40E-10
 2.65E-10 2.76E-10 2.60E-10 2.11E-10 1.59E-10 1.31E-10
 6.63E-36 4.89E-27 5.20E-20 7.60E-15 3.37E-12 1.49E-10 3.80E-10 4.73E-10
 5.08E-10 5.21E-10 4.93E-10 4.18E-10 3.31E-10 2.83E-10
 2.36E-35 1.88E-26 2.16E-19 3.28E-14 1.16E-11 2.48E-10 5.17E-10 6.09E-10
 6.41E-10 6.49E-10 6.17E-10 5.34E-10 4.37E-10 3.81E-10
  475.450    7  14 /pl=01:ss= 5:pb= 1:sz= 5/type=excit/ispb = t/isel =   20
 1.00E+10 1.00E+11 1.00E+12 1.00E+13 1.00E+14 1.00E+15 1.00E+16
 6.20E-01 9.31E-01 1.55E+00 3.10E+00 6.20E+00 1.55E+01 3.10E+01 4.65E+01
 6.20E+01 9.31E+01 1.55E+02 3.10E+02 6.20E+02 9.31E+02
 3.03E-36 2.35E-27 2.76E-20 4.73E-15 1.65E-12 4.39E-11 1.10E-10 1.39E-10
 1.50E-10 1.54E-10 1.45E-10 1.20E-10 9.36E-11 7.99E-11
 3.03E-36 2.35E-27 2.76E-20 4.73E-15 1.65E-12 4.39E-11 1.10E-10 1.39E-10
 1.50E-10 1.54E-10 1.45E-10 1.20E-10 9.37E-11 7.99E-11
 3.04E-36 2.35E-27 2.76E-20 4.73E-15 1.65E-12 4.40E-11 1.11E-10 1.39E-10
 1.51E-10 1.54E-10 1.45E-10 1.20E-10 9.40E-11 8.01E-11
 3.06E-36 2.36E-27 2.77E-20 4.74E-15 1.66E-12 4.47E-11 1.13E-10 1.42E-10
 1.54E-10 1.58E-10 1.48E-10 1.23E-10 9.60E-11 8.18E-11
 3.27E-36 2.50E-27 2.90E-20 4.90E-15 1.72E-12 4.86E-11 1.24E-10 1.56E-10
 1.69E-10 1.73E-10 1.63E-10 1.36E-10 1.06E-10 9.06E-11
 5.15E-36 3.72E-27 4.04E-20 6.34E-15 2.23E-12 6.25E-11 1.48E-10 1.82E-10
 1.95E-10 1.99E-10 1.88E-10 1.59E-10 1.27E-10 1.10E-10
 1.25E-35 9.18E-27 9.91E-20 1.47E-14 4.47E-12 8.73E-11 1.82E-10 2.16E-10
 2.28E-10 2.31E-10 2.19E-10 1.89E-10 1.53E-10 1.33E-10
  477.884    7  14 /pl=01:ss= 5:pb= 1:sz= 5/type=excit/ispb = t/isel =   21
 1.00E+10 1.00E+11 1.00E+12 1.00E+13 1.00E+14 1.00E+15 1.00E+16
 6.20E-01 9.31E-01 1.55E+00 3.10E+00 6.20E+00 1.55E+01 3.10E+01 4.65E+01
 6.20E+01 9.31E+01 1.55E+02 3.10E+02 6.20E+02 9.31E+02
 2.75E-36 2.13E-27 2.50E-20 4.29E-15 1.50E-12 3.98E-11 1.00E-10 1.26E-10
 1.36E-10 1.40E-10 1.31E-10 1.09E-10 8.50E-11 7.25E-11
 2.75E-36 2.13E-27 2.50E-20 4.29E-15 1.50E-12 3.99E-11 1.00E-10 1.26E-10
 1.36E-10 1.40E-10 1.31E-10 1.09E-10 8.50E-11 7.25E-11
 2.76E-36 2.13E-27 2.51E-20 4.29E-15 1.50E-12 3.99E-11 1.00E-10 1.26E-10
 1.37E-10 1.40E-10 1.32E-10 1.09E-10 8.53E-11 7.27E-11
 2.78E-36 2.15E-27 2.52E-20 4.31E-15 1.50E-12 4.05E-11 1.02E-10 1.29E-10
 1.40E-10 1.43E-10 1.35E-10 1.12E-10 8.72E-11 7.43E-11
 2.97E-36 2.27E-27 2.63E-20 4.45E-15 1.56E-12 4.41E-11 1.12E-10 1.42E-10
 1.53E-10 1.57E-10 1.48E-10 1.23E-10 9.66E-11 8.22E-11
 4.67E-36 3.38E-27 3.67E-20 5.75E-15 2.02E-12 5.67E-11 1.34E-10 1.65E-10
 1.77E-10 1.80E-10 1.71E-10 1.45E-10 1.15E-10 9.95E-11
 1.14E-35 8.33E-27 8.99E-20 1.33E-14 4.06E-12 7.92E-11 1.65E-10 1.96E-10
 2.07E-10 2.10E-10 1.99E-10 1.71E-10 1.39E-10 1.21E-10
  479.100    7  14 /pl=01:ss= 5:pb= 1:sz= 5/type=excit/ispb = t/isel =   22
 1.00E+10 1.00E+11 1.00E+12 1.00E+13 1.00E+14 1.00E+15 1.00E+16
 6.20E-01 9.31E-01 1.55E+00 3.10E+00 6.20E+00 1.55E+01 3.10E+01 4.65E+01
 6.20E+01 9.31E+01 1.55E+02 3.10E+02 6.20E+02 9.31E+02
 9.00E-38 5.32E-28 3.17E-20 1.84E-14 1.17E-11 4.45E-10 1.25E-09 1.63E-09
 1.78E-09 1.86E-09 1.76E-09 1.48E-09 1.15E-09 9.75E-10
 9.02E-38 5.33E-28 3.18E-20 1.84E-14 1.17E-11 4.45E-10 1.25E-09 1.63E-09
 1.78E-09 1.86E-09 1.76E-09 1.48E-09 1.15E-09 9.75E-10
 9.02E-38 5.33E-28 3.18E-20 1.84E-14 1.17E-11 4.45E-10 1.24E-09 1.62E-09
 1.78E-09 1.85E-09 1.76E-09 1.47E-09 1.15E-09 9.74E-10
 9.03E-38 5.33E-28 3.18E-20 1.84E-14 1.17E-11 4.43E-10 1.23E-09 1.60E-09
 1.75E-09 1.82E-09 1.73E-09 1.45E-09 1.14E-09 9.64E-10
 9.13E-38 5.38E-28 3.20E-20 1.85E-14 1.17E-11 4.27E-10 1.14E-09 1.46E-09
 1.58E-09 1.64E-09 1.57E-09 1.33E-09 1.06E-09 9.04E-10
 1.00E-37 5.83E-28 3.41E-20 1.94E-14 1.19E-11 3.82E-10 9.62E-10 1.22E-09
 1.31E-09 1.36E-09 1.31E-09 1.12E-09 9.03E-10 7.79E-10
 1.42E-37 8.18E-28 4.67E-20 2.51E-14 1.34E-11 3.62E-10 8.58E-10 1.07E-09
 1.15E-09 1.19E-09 1.15E-09 1.01E-09 8.24E-10 7.18E-10
  482.547    7  14 /pl=01:ss= 5:pb= 1:sz= 5/type=excit/ispb = t/isel =   23
 1.00E+10 1.00E+11 1.00E+12 1.00E+13 1.00E+14 1.00E+15 1.00E+16
 6.20E-01 9.31E-01 1.55E+00 3.10E+00 6.20E+00 1.55E+01 3.10E+01 4.65E+01
 6.20E+01 9.31E+01 1.55E+02 3.10E+02 6.20E+02 9.31E+02
 8.48E-38 4.52E-28 2.48E-20 1.35E-14 8.47E-12 3.19E-10 8.98E-10 1.17E-09
 1.28E-09 1.34E-09 1.27E-09 1.06E-09 8.24E-10 6.96E-10
 8.47E-38 4.52E-28 2.48E-20 1.35E-14 8.46E-12 3.19E-10 8.98E-10 1.17E-09
 1.28E-09 1.34E-09 1.27E-09 1.06E-09 8.23E-10 6.96E-10
 8.47E-38 4.51E-28 2.48E-20 1.35E-14 8.46E-12 3.19E-10 8.97E-10 1.17E-09
 1.28E-09 1.34E-09 1.26E-09 1.05E-09 8.22E-10 6.95E-10
 8.48E-38 4.52E-28 2.48E-20 1.35E-14 8.46E-12 3.18E-10 8.87E-10 1.15E-09
 1.26E-09 1.31E-09 1.25E-09 1.04E-09 8.13E-10 6.89E-10
 8.57E-38 4.56E-28 2.50E-20 1.36E-14 8.47E-12 3.07E-10 8.22E-10 1.05E-09
 1.14E-09 1.19E-09 1.13E-09 9.55E-10 7.57E-10 6.46E-10
 9.39E-38 4.92E-28 2.66E-20 1.42E-14 8.55E-12 2.74E-10 6.94E-10 8.74E-10
 9.48E-10 9.84E-10 9.41E-10 8.05E-10 6.47E-10 5.57E-10
 1.32E-37 6.86E-28 3.61E-20 1.82E-14 9.58E-12 2.58E-10 6.15E-10 7.62E-10
 8.23E-10 8.53E-10 8.23E-10 7.16E-10 5.86E-10 5.10E-10
  482.662    7  14 /pl=01:ss= 5:pb= 1:sz= 5/type=excit/ispb = t/isel =   24
 1.00E+10 1.00E+11 1.00E+12 1.00E+13 1.00E+14 1.00E+15 1.00E+16
 6.20E-01 9.31E-01 1.55E+00 3.10E+00 6.20E+00 1.55E+01 3.10E+01 4.65E+01
 6.20E+01 9.31E+01 1.55E+02 3.10E+02 6.20E+02 9.31E+02
 7.33E-39 3.91E-29 2.15E-21 1.17E-15 7.32E-13 2.76E-11 7.77E-11 1.01E-10
 1.11E-10 1.16E-10 1.10E-10 9.13E-11 7.12E-11 6.02E-11
 7.32E-39 3.90E-29 2.14E-21 1.17E-15 7.31E-13 2.76E-11 7.76E-11 1.01E-10
 1.11E-10 1.16E-10 1.10E-10 9.13E-11 7.12E-11 6.02E-11
 7.32E-39 3.90E-29 2.14E-21 1.17E-15 7.31E-13 2.76E-11 7.75E-11 1.01E-10
 1.11E-10 1.15E-10 1.09E-10 9.11E-11 7.11E-11 6.01E-11
 7.33E-39 3.91E-29 2.14E-21 1.17E-15 7.31E-13 2.75E-11 7.66E-11 9.94E-11
 1.09E-10 1.14E-10 1.08E-10 8.99E-11 7.03E-11 5.95E-11
 7.41E-39 3.94E-29 2.16E-21 1.18E-15 7.32E-13 2.65E-11 7.11E-11 9.07E-11
 9.88E-11 1.03E-10 9.76E-11 8.25E-11 6.55E-11 5.59E-11
 8.12E-39 4.26E-29 2.30E-21 1.23E-15 7.39E-13 2.37E-11 6.00E-11 7.55E-11
 8.20E-11 8.51E-11 8.13E-11 6.95E-11 5.59E-11 4.81E-11
 1.14E-38 5.93E-29 3.12E-21 1.58E-15 8.28E-13 2.23E-11 5.32E-11 6.59E-11
 7.11E-11 7.38E-11 7.11E-11 6.19E-11 5.07E-11 4.41E-11
  512.118    7  14 /pl=01:ss= 5:pb= 1:sz= 5/type=excit/ispb = t/isel =   25
 1.00E+10 1.00E+11 1.00E+12 1.00E+13 1.00E+14 1.00E+15 1.00E+16
 6.20E-01 9.31E-01 1.55E+00 3.10E+00 6.20E+00 1.55E+01 3.10E+01 4.65E+01
 6.20E+01 9.31E+01 1.55E+02 3.10E+02 6.20E+02 9.31E+02
 2.18E-41 1.19E-30 4.18E-22 9.24E-16 1.15E-12 6.58E-11 2.11E-10 2.89E-10
 3.26E-10 3.47E-10 3.36E-10 2.86E-10 2.25E-10 1.92E-10
 2.18E-41 1.19E-30 4.18E-22 9.23E-16 1.15E-12 6.58E-11 2.11E-10 2.89E-10
 3.26E-10 3.47E-10 3.36E-10 2.86E-10 2.25E-10 1.92E-10
 2.18E-41 1.19E-30 4.18E-22 9.24E-16 1.15E-12 6.57E-11 2.11E-10 2.89E-10
 3.25E-10 3.46E-10 3.36E-10 2.85E-10 2.25E-10 1.91E-10
 2.19E-41 1.19E-30 4.19E-22 9.25E-16 1.15E-12 6.55E-11 2.09E-10 2.84E-10
 3.20E-10 3.41E-10 3.30E-10 2.81E-10 2.22E-10 1.89E-10
 2.27E-41 1.23E-30 4.29E-22 9.40E-16 1.16E-12 6.36E-11 1.94E-10 2.60E-10
 2.91E-10 3.09E-10 3.00E-10 2.59E-10 2.07E-10 1.78E-10
 3.01E-41 1.56E-30 5.21E-22 1.08E-15 1.27E-12 5.97E-11 1.70E-10 2.24E-10
 2.49E-10 2.63E-10 2.57E-10 2.24E-10 1.82E-10 1.57E-10
 8.22E-41 4.05E-30 1.25E-21 2.29E-15 2.17E-12 7.78E-11 1.97E-10 2.49E-10
 2.71E-10 2.83E-10 2.76E-10 2.42E-10 1.99E-10 1.73E-10
  514.564    7  14 /pl=01:ss= 5:pb= 1:sz= 5/type=excit/ispb = t/isel =   26
 1.00E+10 1.00E+11 1.00E+12 1.00E+13 1.00E+14 1.00E+15 1.00E+16
 6.20E-01 9.31E-01 1.55E+00 3.10E+00 6.20E+00 1.55E+01 3.10E+01 4.65E+01
 6.20E+01 9.31E+01 1.55E+02 3.10E+02 6.20E+02 9.31E+02
 3.74E-41 2.08E-30 7.47E-22 1.66E-15 2.09E-12 1.19E-10 3.83E-10 5.23E-10
 5.87E-10 6.26E-10 6.08E-10 5.17E-10 4.06E-10 3.46E-10
 3.74E-41 2.08E-30 7.47E-22 1.66E-15 2.09E-12 1.19E-10 3.83E-10 5.23E-10
 5.87E-10 6.26E-10 6.08E-10 5.16E-10 4.06E-10 3.46E-10
 3.74E-41 2.08E-30 7.48E-22 1.66E-15 2.09E-12 1.19E-10 3.82E-10 5.22E-10
 5.86E-10 6.25E-10 6.07E-10 5.16E-10 4.05E-10 3.46E-10
 3.76E-41 2.09E-30 7.49E-22 1.67E-15 2.09E-12 1.18E-10 3.78E-10 5.14E-10
 5.77E-10 6.14E-10 5.97E-10 5.08E-10 4.01E-10 3.42E-10
 3.89E-41 2.15E-30 7.66E-22 1.69E-15 2.11E-12 1.15E-10 3.51E-10 4.70E-10
 5.24E-10 5.56E-10 5.42E-10 4.67E-10 3.74E-10 3.22E-10
 5.16E-41 2.73E-30 9.29E-22 1.95E-15 2.29E-12 1.08E-10 3.08E-10 4.05E-10
 4.48E-10 4.74E-10 4.64E-10 4.04E-10 3.27E-10 2.84E-10
 1.41E-40 7.06E-30 2.22E-21 4.10E-15 3.91E-12 1.40E-10 3.55E-10 4.48E-10
 4.88E-10 5.09E-10 4.96E-10 4.35E-10 3.56E-10 3.11E-10
  515.426    7  14 /pl=01:ss= 5:pb= 1:sz= 5/type=excit/ispb = t/isel =   27
 1.00E+10 1.00E+11 1.00E+12 1.00E+13 1.00E+14 1.00E+15 1.00E+16
 6.20E-01 9.31E-01 1.55E+00 3.10E+00 6.20E+00 1.55E+01 3.10E+01 4.65E+01
 6.20E+01 9.31E+01 1.55E+02 3.10E+02 6.20E+02 9.31E+02
 4.61E-42 2.51E-31 8.85E-23 1.95E-16 2.44E-13 1.39E-11 4.47E-11 6.12E-11
 6.89E-11 7.35E-11 7.12E-11 6.04E-11 4.76E-11 4.05E-11
 4.61E-42 2.51E-31 8.85E-23 1.95E-16 2.44E-13 1.39E-11 4.47E-11 6.12E-11
 6.89E-11 7.35E-11 7.12E-11 6.04E-11 4.76E-11 4.05E-11
 4.61E-42 2.51E-31 8.85E-23 1.95E-16 2.44E-13 1.39E-11 4.47E-11 6.11E-11
 6.87E-11 7.33E-11 7.10E-11 6.03E-11 4.75E-11 4.05E-11
 4.63E-42 2.52E-31 8.87E-23 1.96E-16 2.44E-13 1.38E-11 4.42E-11 6.02E-11
 6.77E-11 7.21E-11 6.99E-11 5.95E-11 4.70E-11 4.01E-11
 4.79E-42 2.59E-31 9.07E-23 1.99E-16 2.46E-13 1.35E-11 4.11E-11 5.51E-11
 6.15E-11 6.53E-11 6.36E-11 5.47E-11 4.39E-11 3.77E-11
 6.37E-42 3.30E-31 1.10E-22 2.29E-16 2.68E-13 1.26E-11 3.61E-11 4.74E-11
 5.27E-11 5.57E-11 5.44E-11 4.73E-11 3.84E-11 3.33E-11
 1.74E-41 8.56E-31 2.65E-22 4.83E-16 4.59E-13 1.64E-11 4.17E-11 5.26E-11
 5.74E-11 5.99E-11 5.84E-11 5.12E-11 4.20E-11 3.66E-11
  527.724    7  14 /pl=01:ss= 5:pb= 1:sz= 5/type=excit/ispb = t/isel =   28
 1.00E+10 1.00E+11 1.00E+12 1.00E+13 1.00E+14 1.00E+15 1.00E+16
 6.20E-01 9.31E-01 1.55E+00 3.10E+00 6.20E+00 1.55E+01 3.10E+01 4.65E+01
 6.20E+01 9.31E+01 1.55E+02 3.10E+02 6.20E+02 9.31E+02
 1.65E-39 2.00E-29 2.11E-21 1.88E-15 1.49E-12 6.41E-11 1.88E-10 2.48E-10
 2.75E-10 2.88E-10 2.76E-10 2.32E-10 1.82E-10 1.55E-10
 1.66E-39 2.00E-29 2.11E-21 1.88E-15 1.49E-12 6.41E-11 1.88E-10 2.48E-10
 2.75E-10 2.88E-10 2.76E-10 2.32E-10 1.82E-10 1.55E-10
 1.66E-39 2.00E-29 2.11E-21 1.88E-15 1.49E-12 6.41E-11 1.87E-10 2.47E-10
 2.74E-10 2.88E-10 2.75E-10 2.32E-10 1.82E-10 1.54E-10
 1.66E-39 2.00E-29 2.11E-21 1.89E-15 1.49E-12 6.38E-11 1.85E-10 2.44E-10
 2.69E-10 2.83E-10 2.71E-10 2.28E-10 1.79E-10 1.53E-10
 1.68E-39 2.03E-29 2.13E-21 1.90E-15 1.50E-12 6.16E-11 1.72E-10 2.22E-10
 2.44E-10 2.55E-10 2.45E-10 2.10E-10 1.67E-10 1.43E-10
 1.93E-39 2.27E-29 2.33E-21 2.02E-15 1.53E-12 5.56E-11 1.46E-10 1.86E-10
 2.04E-10 2.13E-10 2.05E-10 1.77E-10 1.43E-10 1.24E-10
 3.52E-39 3.99E-29 3.88E-21 3.05E-15 1.96E-12 5.75E-11 1.39E-10 1.73E-10
 1.88E-10 1.95E-10 1.88E-10 1.65E-10 1.35E-10 1.18E-10
  530.229    7  14 /pl=01:ss= 5:pb= 1:sz= 5/type=excit/ispb = t/isel =   29
 1.00E+10 1.00E+11 1.00E+12 1.00E+13 1.00E+14 1.00E+15 1.00E+16
 6.20E-01 9.31E-01 1.55E+00 3.10E+00 6.20E+00 1.55E+01 3.10E+01 4.65E+01
 6.20E+01 9.31E+01 1.55E+02 3.10E+02 6.20E+02 9.31E+02
 4.29E-39 4.88E-29 4.92E-21 4.23E-15 3.31E-12 1.42E-10 4.17E-10 5.51E-10
 6.10E-10 6.41E-10 6.12E-10 5.14E-10 4.03E-10 3.42E-10
 4.29E-39 4.88E-29 4.91E-21 4.23E-15 3.31E-12 1.42E-10 4.17E-10 5.51E-10
 6.10E-10 6.40E-10 6.12E-10 5.14E-10 4.02E-10 3.42E-10
 4.29E-39 4.88E-29 4.91E-21 4.23E-15 3.31E-12 1.42E-10 4.16E-10 5.50E-10
 6.09E-10 6.39E-10 6.11E-10 5.13E-10 4.02E-10 3.42E-10
 4.30E-39 4.89E-29 4.92E-21 4.23E-15 3.31E-12 1.42E-10 4.11E-10 5.42E-10
 5.99E-10 6.28E-10 6.01E-10 5.06E-10 3.97E-10 3.38E-10
 4.36E-39 4.95E-29 4.97E-21 4.26E-15 3.32E-12 1.37E-10 3.82E-10 4.95E-10
 5.43E-10 5.68E-10 5.46E-10 4.65E-10 3.70E-10 3.18E-10
 5.00E-39 5.55E-29 5.44E-21 4.54E-15 3.40E-12 1.24E-10 3.25E-10 4.15E-10
 4.54E-10 4.74E-10 4.57E-10 3.94E-10 3.18E-10 2.75E-10
 9.21E-39 9.82E-29 9.08E-21 6.89E-15 4.35E-12 1.28E-10 3.10E-10 3.86E-10
 4.17E-10 4.33E-10 4.19E-10 3.66E-10 3.00E-10 2.61E-10
  551.604    7  14 /pl=01:ss= 5:pb= 1:sz= 5/type=excit/ispb = t/isel =   30
 1.00E+10 1.00E+11 1.00E+12 1.00E+13 1.00E+14 1.00E+15 1.00E+16
 6.20E-01 9.31E-01 1.55E+00 3.10E+00 6.20E+00 1.55E+01 3.10E+01 4.65E+01
 6.20E+01 9.31E+01 1.55E+02 3.10E+02 6.20E+02 9.31E+02
 9.87E-24 1.31E-18 1.50E-14 1.42E-11 3.73E-10 2.16E-09 3.44E-09 3.82E-09
 3.94E-09 3.95E-09 3.76E-09 3.34E-09 2.85E-09 2.56E-09
 9.88E-24 1.31E-18 1.50E-14 1.42E-11 3.73E-10 2.17E-09 3.44E-09 3.82E-09
 3.94E-09 3.95E-09 3.76E-09 3.34E-09 2.85E-09 2.56E-09
 9.88E-24 1.31E-18 1.50E-14 1.42E-11 3.73E-10 2.16E-09 3.43E-09 3.81E-09
 3.94E-09 3.94E-09 3.75E-09 3.33E-09 2.84E-09 2.56E-09
 9.88E-24 1.31E-18 1.50E-14 1.42E-11 3.73E-10 2.15E-09 3.39E-09 3.76E-09
 3.87E-09 3.87E-09 3.69E-09 3.28E-09 2.81E-09 2.53E-09
 9.86E-24 1.31E-18 1.50E-14 1.42E-11 3.71E-10 2.07E-09 3.13E-09 3.41E-09
 3.49E-09 3.48E-09 3.34E-09 3.00E-09 2.61E-09 2.37E-09
 9.68E-24 1.29E-18 1.48E-14 1.41E-11 3.60E-10 1.79E-09 2.56E-09 2.76E-09
 2.81E-09 2.80E-09 2.70E-09 2.46E-09 2.17E-09 1.99E-09
 8.13E-24 1.12E-18 1.32E-14 1.28E-11 3.03E-10 1.32E-09 1.79E-09 1.90E-09
 1.93E-09 1.93E-09 1.89E-09 1.76E-09 1.60E-09 1.50E-09
  555.444    7  14 /pl=01:ss= 5:pb= 1:sz= 5/type=excit/ispb = t/isel =   31
 1.00E+10 1.00E+11 1.00E+12 1.00E+13 1.00E+14 1.00E+15 1.00E+16
 6.20E-01 9.31E-01 1.55E+00 3.10E+00 6.20E+00 1.55E+01 3.10E+01 4.65E+01
 6.20E+01 9.31E+01 1.55E+02 3.10E+02 6.20E+02 9.31E+02
 2.39E-23 2.93E-18 3.13E-14 2.83E-11 7.26E-10 4.19E-09 6.65E-09 7.38E-09
 7.62E-09 7.61E-09 7.26E-09 6.44E-09 5.49E-09 4.95E-09
 2.39E-23 2.93E-18 3.12E-14 2.82E-11 7.26E-10 4.19E-09 6.65E-09 7.38E-09
 7.62E-09 7.61E-09 7.26E-09 6.44E-09 5.49E-09 4.95E-09
 2.39E-23 2.93E-18 3.12E-14 2.82E-11 7.26E-10 4.19E-09 6.64E-09 7.37E-09
 7.60E-09 7.60E-09 7.25E-09 6.43E-09 5.49E-09 4.94E-09
 2.39E-23 2.93E-18 3.12E-14 2.82E-11 7.25E-10 4.17E-09 6.56E-09 7.26E-09
 7.48E-09 7.47E-09 7.13E-09 6.34E-09 5.42E-09 4.89E-09
 2.38E-23 2.92E-18 3.12E-14 2.82E-11 7.23E-10 4.01E-09 6.06E-09 6.60E-09
 6.76E-09 6.73E-09 6.45E-09 5.81E-09 5.04E-09 4.58E-09
 2.34E-23 2.88E-18 3.08E-14 2.79E-11 7.00E-10 3.47E-09 4.96E-09 5.33E-09
 5.44E-09 5.41E-09 5.22E-09 4.76E-09 4.20E-09 3.85E-09
 1.96E-23 2.49E-18 2.75E-14 2.53E-11 5.89E-10 2.55E-09 3.47E-09 3.67E-09
 3.74E-09 3.73E-09 3.64E-09 3.41E-09 3.10E-09 2.90E-09
  557.580    7  14 /pl=01:ss= 5:pb= 1:sz= 5/type=excit/ispb = t/isel =   32
 1.00E+10 1.00E+11 1.00E+12 1.00E+13 1.00E+14 1.00E+15 1.00E+16
 6.20E-01 9.31E-01 1.55E+00 3.10E+00 6.20E+00 1.55E+01 3.10E+01 4.65E+01
 6.20E+01 9.31E+01 1.55E+02 3.10E+02 6.20E+02 9.31E+02
 4.79E-23 6.36E-18 7.25E-14 6.89E-11 1.81E-09 1.05E-08 1.67E-08 1.85E-08
 1.91E-08 1.91E-08 1.82E-08 1.62E-08 1.38E-08 1.24E-08
 4.79E-23 6.36E-18 7.26E-14 6.89E-11 1.81E-09 1.05E-08 1.67E-08 1.85E-08
 1.91E-08 1.91E-08 1.82E-08 1.62E-08 1.38E-08 1.24E-08
 4.79E-23 6.36E-18 7.26E-14 6.90E-11 1.81E-09 1.05E-08 1.66E-08 1.85E-08
 1.91E-08 1.91E-08 1.82E-08 1.61E-08 1.38E-08 1.24E-08
 4.79E-23 6.36E-18 7.26E-14 6.89E-11 1.81E-09 1.04E-08 1.64E-08 1.82E-08
 1.88E-08 1.87E-08 1.79E-08 1.59E-08 1.36E-08 1.23E-08
 4.78E-23 6.35E-18 7.25E-14 6.89E-11 1.80E-09 1.00E-08 1.52E-08 1.65E-08
 1.69E-08 1.69E-08 1.62E-08 1.46E-08 1.26E-08 1.15E-08
 4.69E-23 6.25E-18 7.16E-14 6.81E-11 1.74E-09 8.68E-09 1.24E-08 1.34E-08
 1.36E-08 1.36E-08 1.31E-08 1.19E-08 1.05E-08 9.67E-09
 3.94E-23 5.41E-18 6.38E-14 6.18E-11 1.47E-09 6.39E-09 8.68E-09 9.22E-09
 9.38E-09 9.37E-09 9.14E-09 8.55E-09 7.78E-09 7.28E-09
  560.496    7  14 /pl=01:ss= 5:pb= 1:sz= 5/type=excit/ispb = t/isel =   33
 1.00E+10 1.00E+11 1.00E+12 1.00E+13 1.00E+14 1.00E+15 1.00E+16
 6.20E-01 9.31E-01 1.55E+00 3.10E+00 6.20E+00 1.55E+01 3.10E+01 4.65E+01
 6.20E+01 9.31E+01 1.55E+02 3.10E+02 6.20E+02 9.31E+02
 7.48E-36 5.85E-27 6.92E-20 1.19E-14 4.19E-12 1.12E-10 2.82E-10 3.55E-10
 3.84E-10 3.93E-10 3.68E-10 3.06E-10 2.38E-10 2.03E-10
 7.48E-36 5.85E-27 6.91E-20 1.19E-14 4.19E-12 1.12E-10 2.81E-10 3.55E-10
 3.84E-10 3.93E-10 3.68E-10 3.06E-10 2.38E-10 2.03E-10
 7.48E-36 5.85E-27 6.91E-20 1.19E-14 4.19E-12 1.12E-10 2.81E-10 3.55E-10
 3.83E-10 3.92E-10 3.68E-10 3.05E-10 2.38E-10 2.02E-10
 7.51E-36 5.86E-27 6.93E-20 1.20E-14 4.19E-12 1.12E-10 2.79E-10 3.50E-10
 3.78E-10 3.87E-10 3.63E-10 3.02E-10 2.36E-10 2.01E-10
 7.75E-36 6.02E-27 7.07E-20 1.21E-14 4.24E-12 1.10E-10 2.65E-10 3.28E-10
 3.52E-10 3.60E-10 3.38E-10 2.85E-10 2.25E-10 1.93E-10
 9.99E-36 7.48E-27 8.45E-20 1.38E-14 4.62E-12 1.07E-10 2.45E-10 2.99E-10
 3.19E-10 3.25E-10 3.07E-10 2.61E-10 2.08E-10 1.80E-10
 1.99E-35 1.48E-26 1.63E-19 2.48E-14 7.10E-12 1.33E-10 2.80E-10 3.34E-10
 3.54E-10 3.60E-10 3.40E-10 2.92E-10 2.35E-10 2.03E-10
  561.118    7  14 /pl=01:ss= 5:pb= 1:sz= 5/type=excit/ispb = t/isel =   34
 1.00E+10 1.00E+11 1.00E+12 1.00E+13 1.00E+14 1.00E+15 1.00E+16
 6.20E-01 9.31E-01 1.55E+00 3.10E+00 6.20E+00 1.55E+01 3.10E+01 4.65E+01
 6.20E+01 9.31E+01 1.55E+02 3.10E+02 6.20E+02 9.31E+02
 5.43E-36 4.21E-27 4.94E-20 8.47E-15 2.95E-12 7.87E-11 1.98E-10 2.49E-10
 2.69E-10 2.76E-10 2.59E-10 2.15E-10 1.68E-10 1.43E-10
 5.44E-36 4.21E-27 4.94E-20 8.47E-15 2.95E-12 7.87E-11 1.98E-10 2.49E-10
 2.69E-10 2.76E-10 2.59E-10 2.15E-10 1.68E-10 1.43E-10
 5.44E-36 4.21E-27 4.95E-20 8.48E-15 2.95E-12 7.88E-11 1.98E-10 2.50E-10
 2.70E-10 2.77E-10 2.60E-10 2.16E-10 1.68E-10 1.44E-10
 5.48E-36 4.24E-27 4.97E-20 8.50E-15 2.97E-12 8.00E-11 2.02E-10 2.55E-10
 2.76E-10 2.83E-10 2.66E-10 2.21E-10 1.72E-10 1.47E-10
 5.86E-36 4.48E-27 5.19E-20 8.78E-15 3.08E-12 8.72E-11 2.22E-10 2.80E-10
 3.02E-10 3.10E-10 2.92E-10 2.44E-10 1.91E-10 1.62E-10
 9.23E-36 6.67E-27 7.24E-20 1.14E-14 3.99E-12 1.12E-10 2.66E-10 3.26E-10
 3.49E-10 3.56E-10 3.37E-10 2.86E-10 2.28E-10 1.96E-10
 2.24E-35 1.64E-26 1.78E-19 2.63E-14 8.02E-12 1.56E-10 3.27E-10 3.87E-10
 4.09E-10 4.14E-10 3.93E-10 3.38E-10 2.75E-10 2.39E-10
  561.504    7  14 /pl=01:ss= 5:pb= 1:sz= 5/type=excit/ispb = t/isel =   35
 1.00E+10 1.00E+11 1.00E+12 1.00E+13 1.00E+14 1.00E+15 1.00E+16
 6.20E-01 9.31E-01 1.55E+00 3.10E+00 6.20E+00 1.55E+01 3.10E+01 4.65E+01
 6.20E+01 9.31E+01 1.55E+02 3.10E+02 6.20E+02 9.31E+02
 1.31E-23 1.61E-18 1.72E-14 1.55E-11 3.99E-10 2.30E-09 3.66E-09 4.06E-09
 4.19E-09 4.19E-09 3.99E-09 3.54E-09 3.02E-09 2.72E-09
 1.31E-23 1.61E-18 1.72E-14 1.55E-11 3.99E-10 2.30E-09 3.66E-09 4.06E-09
 4.19E-09 4.19E-09 3.99E-09 3.54E-09 3.02E-09 2.72E-09
 1.31E-23 1.61E-18 1.72E-14 1.55E-11 3.99E-10 2.30E-09 3.65E-09 4.05E-09
 4.18E-09 4.18E-09 3.99E-09 3.54E-09 3.02E-09 2.72E-09
 1.31E-23 1.61E-18 1.72E-14 1.55E-11 3.99E-10 2.29E-09 3.61E-09 3.99E-09
 4.11E-09 4.11E-09 3.92E-09 3.49E-09 2.98E-09 2.69E-09
 1.31E-23 1.61E-18 1.72E-14 1.55E-11 3.97E-10 2.21E-09 3.33E-09 3.63E-09
 3.72E-09 3.70E-09 3.55E-09 3.19E-09 2.77E-09 2.52E-09
 1.29E-23 1.58E-18 1.69E-14 1.53E-11 3.85E-10 1.91E-09 2.73E-09 2.93E-09
 2.99E-09 2.98E-09 2.87E-09 2.62E-09 2.31E-09 2.12E-09
 1.08E-23 1.37E-18 1.51E-14 1.39E-11 3.24E-10 1.40E-09 1.91E-09 2.02E-09
 2.06E-09 2.05E-09 2.00E-09 1.87E-09 1.70E-09 1.59E-09
  570.694    7  14 /pl=01:ss= 5:pb= 1:sz= 5/type=excit/ispb = t/isel =   36
 1.00E+10 1.00E+11 1.00E+12 1.00E+13 1.00E+14 1.00E+15 1.00E+16
 6.20E-01 9.31E-01 1.55E+00 3.10E+00 6.20E+00 1.55E+01 3.10E+01 4.65E+01
 6.20E+01 9.31E+01 1.55E+02 3.10E+02 6.20E+02 9.31E+02
 1.73E-43 4.08E-32 4.65E-23 2.48E-16 4.90E-13 3.80E-11 1.40E-10 2.02E-10
 2.35E-10 2.62E-10 2.66E-10 2.39E-10 1.98E-10 1.73E-10
 1.73E-43 4.08E-32 4.65E-23 2.48E-16 4.90E-13 3.80E-11 1.40E-10 2.02E-10
 2.35E-10 2.62E-10 2.66E-10 2.39E-10 1.98E-10 1.73E-10
 1.73E-43 4.08E-32 4.65E-23 2.48E-16 4.90E-13 3.80E-11 1.40E-10 2.01E-10
 2.35E-10 2.61E-10 2.65E-10 2.39E-10 1.98E-10 1.72E-10
 1.73E-43 4.08E-32 4.65E-23 2.48E-16 4.90E-13 3.78E-11 1.38E-10 1.98E-10
 2.31E-10 2.57E-10 2.61E-10 2.35E-10 1.95E-10 1.71E-10
 1.73E-43 4.07E-32 4.64E-23 2.47E-16 4.87E-13 3.63E-11 1.27E-10 1.80E-10
 2.08E-10 2.31E-10 2.35E-10 2.15E-10 1.81E-10 1.60E-10
 1.68E-43 3.97E-32 4.55E-23 2.43E-16 4.66E-13 3.09E-11 1.02E-10 1.43E-10
 1.65E-10 1.83E-10 1.88E-10 1.75E-10 1.50E-10 1.34E-10
 1.42E-43 3.43E-32 4.00E-23 2.14E-16 3.70E-13 2.04E-11 6.36E-11 8.78E-11
 1.01E-10 1.14E-10 1.20E-10 1.17E-10 1.06E-10 9.71E-11
  572.160    7  14 /pl=01:ss= 5:pb= 1:sz= 5/type=excit/ispb = t/isel =   37
 1.00E+10 1.00E+11 1.00E+12 1.00E+13 1.00E+14 1.00E+15 1.00E+16
 6.20E-01 9.31E-01 1.55E+00 3.10E+00 6.20E+00 1.55E+01 3.10E+01 4.65E+01
 6.20E+01 9.31E+01 1.55E+02 3.10E+02 6.20E+02 9.31E+02
 1.07E-43 2.43E-32 2.68E-23 1.39E-16 2.75E-13 2.15E-11 7.92E-11 1.15E-10
 1.34E-10 1.49E-10 1.51E-10 1.36E-10 1.12E-10 9.77E-11
 1.07E-43 2.42E-32 2.67E-23 1.39E-16 2.74E-13 2.14E-11 7.92E-11 1.15E-10
 1.34E-10 1.49E-10 1.51E-10 1.36E-10 1.12E-10 9.77E-11
 1.07E-43 2.42E-32 2.67E-23 1.39E-16 2.74E-13 2.14E-11 7.91E-11 1.14E-10
 1.33E-10 1.48E-10 1.51E-10 1.35E-10 1.12E-10 9.76E-11
 1.07E-43 2.42E-32 2.67E-23 1.39E-16 2.74E-13 2.13E-11 7.82E-11 1.13E-10
 1.31E-10 1.46E-10 1.48E-10 1.34E-10 1.11E-10 9.66E-11
 1.06E-43 2.41E-32 2.67E-23 1.39E-16 2.73E-13 2.05E-11 7.21E-11 1.02E-10
 1.18E-10 1.31E-10 1.34E-10 1.22E-10 1.03E-10 9.05E-11
 1.03E-43 2.36E-32 2.61E-23 1.36E-16 2.61E-13 1.74E-11 5.80E-11 8.13E-11
 9.38E-11 1.04E-10 1.07E-10 9.94E-11 8.51E-11 7.58E-11
 8.78E-44 2.04E-32 2.31E-23 1.21E-16 2.07E-13 1.15E-11 3.60E-11 4.97E-11
 5.74E-11 6.45E-11 6.82E-11 6.63E-11 5.99E-11 5.49E-11
  579.180    7  14 /pl=01:ss= 5:pb= 1:sz= 5/type=excit/ispb = t/isel =   38
 1.00E+10 1.00E+11 1.00E+12 1.00E+13 1.00E+14 1.00E+15 1.00E+16
 6.20E-01 9.31E-01 1.55E+00 3.10E+00 6.20E+00 1.55E+01 3.10E+01 4.65E+01
 6.20E+01 9.31E+01 1.55E+02 3.10E+02 6.20E+02 9.31E+02
 4.84E-40 5.85E-30 6.17E-22 5.51E-16 4.37E-13 1.88E-11 5.50E-11 7.26E-11
 8.04E-11 8.44E-11 8.07E-11 6.80E-11 5.32E-11 4.53E-11
 4.85E-40 5.85E-30 6.18E-22 5.52E-16 4.37E-13 1.88E-11 5.50E-11 7.26E-11
 8.04E-11 8.44E-11 8.07E-11 6.80E-11 5.32E-11 4.53E-11
 4.85E-40 5.86E-30 6.18E-22 5.52E-16 4.37E-13 1.88E-11 5.49E-11 7.24E-11
 8.02E-11 8.42E-11 8.06E-11 6.79E-11 5.32E-11 4.52E-11
 4.86E-40 5.86E-30 6.19E-22 5.52E-16 4.37E-13 1.87E-11 5.42E-11 7.13E-11
 7.89E-11 8.27E-11 7.92E-11 6.69E-11 5.25E-11 4.48E-11
 4.93E-40 5.94E-30 6.25E-22 5.56E-16 4.38E-13 1.80E-11 5.03E-11 6.50E-11
 7.15E-11 7.47E-11 7.18E-11 6.14E-11 4.89E-11 4.20E-11
 5.64E-40 6.64E-30 6.83E-22 5.92E-16 4.49E-13 1.63E-11 4.27E-11 5.45E-11
 5.96E-11 6.22E-11 6.01E-11 5.19E-11 4.19E-11 3.63E-11
 1.03E-39 1.17E-29 1.13E-21 8.94E-16 5.72E-13 1.68E-11 4.08E-11 5.07E-11
 5.49E-11 5.70E-11 5.52E-11 4.82E-11 3.96E-11 3.45E-11
  586.478    7  14 /pl=01:ss= 5:pb= 1:sz= 5/type=excit/ispb = t/isel =   39
 1.00E+10 1.00E+11 1.00E+12 1.00E+13 1.00E+14 1.00E+15 1.00E+16
 6.20E-01 9.31E-01 1.55E+00 3.10E+00 6.20E+00 1.55E+01 3.10E+01 4.65E+01
 6.20E+01 9.31E+01 1.55E+02 3.10E+02 6.20E+02 9.31E+02
 1.11E-39 1.26E-29 1.27E-21 1.09E-15 8.57E-13 3.68E-11 1.08E-10 1.43E-10
 1.58E-10 1.66E-10 1.58E-10 1.33E-10 1.04E-10 8.85E-11
 1.11E-39 1.26E-29 1.27E-21 1.09E-15 8.57E-13 3.68E-11 1.08E-10 1.43E-10
 1.58E-10 1.66E-10 1.58E-10 1.33E-10 1.04E-10 8.85E-11
 1.11E-39 1.26E-29 1.27E-21 1.09E-15 8.57E-13 3.68E-11 1.08E-10 1.42E-10
 1.58E-10 1.65E-10 1.58E-10 1.33E-10 1.04E-10 8.84E-11
 1.11E-39 1.26E-29 1.27E-21 1.10E-15 8.57E-13 3.66E-11 1.06E-10 1.40E-10
 1.55E-10 1.63E-10 1.56E-10 1.31E-10 1.03E-10 8.75E-11
 1.13E-39 1.28E-29 1.29E-21 1.10E-15 8.59E-13 3.54E-11 9.88E-11 1.28E-10
 1.41E-10 1.47E-10 1.41E-10 1.20E-10 9.58E-11 8.22E-11
 1.29E-39 1.44E-29 1.41E-21 1.18E-15 8.81E-13 3.20E-11 8.40E-11 1.07E-10
 1.17E-10 1.23E-10 1.18E-10 1.02E-10 8.23E-11 7.11E-11
 2.38E-39 2.54E-29 2.35E-21 1.78E-15 1.13E-12 3.31E-11 8.01E-11 9.98E-11
 1.08E-10 1.12E-10 1.08E-10 9.46E-11 7.76E-11 6.76E-11
  612.741    7  14 /pl=01:ss= 5:pb= 1:sz= 5/type=excit/ispb = t/isel =   40
 1.00E+10 1.00E+11 1.00E+12 1.00E+13 1.00E+14 1.00E+15 1.00E+16
 6.20E-01 9.31E-01 1.55E+00 3.10E+00 6.20E+00 1.55E+01 3.10E+01 4.65E+01
 6.20E+01 9.31E+01 1.55E+02 3.10E+02 6.20E+02 9.31E+02
 1.28E-22 5.09E-18 2.21E-14 1.02E-11 1.90E-10 9.84E-10 1.62E-09 1.85E-09
 1.92E-09 1.94E-09 1.84E-09 1.61E-09 1.34E-09 1.19E-09
 1.28E-22 5.08E-18 2.21E-14 1.02E-11 1.90E-10 9.84E-10 1.62E-09 1.85E-09
 1.92E-09 1.94E-09 1.84E-09 1.61E-09 1.34E-09 1.19E-09
 1.28E-22 5.08E-18 2.21E-14 1.02E-11 1.90E-10 9.84E-10 1.62E-09 1.84E-09
 1.92E-09 1.93E-09 1.84E-09 1.61E-09 1.34E-09 1.19E-09
 1.28E-22 5.08E-18 2.21E-14 1.02E-11 1.90E-10 9.79E-10 1.60E-09 1.81E-09
 1.89E-09 1.90E-09 1.81E-09 1.58E-09 1.32E-09 1.18E-09
 1.28E-22 5.08E-18 2.21E-14 1.02E-11 1.89E-10 9.43E-10 1.48E-09 1.65E-09
 1.71E-09 1.71E-09 1.64E-09 1.45E-09 1.23E-09 1.10E-09
 1.27E-22 5.05E-18 2.20E-14 1.02E-11 1.84E-10 8.18E-10 1.21E-09 1.33E-09
 1.37E-09 1.38E-09 1.32E-09 1.19E-09 1.02E-09 9.24E-10
 1.08E-22 4.46E-18 2.02E-14 9.49E-12 1.59E-10 6.14E-10 8.53E-10 9.20E-10
 9.41E-10 9.41E-10 9.13E-10 8.39E-10 7.47E-10 6.88E-10
  620.124    7  14 /pl=01:ss= 5:pb= 1:sz= 5/type=excit/ispb = t/isel =   41
 1.00E+10 1.00E+11 1.00E+12 1.00E+13 1.00E+14 1.00E+15 1.00E+16
 6.20E-01 9.31E-01 1.55E+00 3.10E+00 6.20E+00 1.55E+01 3.10E+01 4.65E+01
 6.20E+01 9.31E+01 1.55E+02 3.10E+02 6.20E+02 9.31E+02
 1.45E-22 5.79E-18 2.52E-14 1.16E-11 2.16E-10 1.12E-09 1.85E-09 2.10E-09
 2.19E-09 2.20E-09 2.10E-09 1.83E-09 1.53E-09 1.35E-09
 1.45E-22 5.79E-18 2.52E-14 1.16E-11 2.16E-10 1.12E-09 1.84E-09 2.10E-09
 2.19E-09 2.20E-09 2.10E-09 1.83E-09 1.53E-09 1.35E-09
 1.45E-22 5.79E-18 2.52E-14 1.16E-11 2.16E-10 1.12E-09 1.84E-09 2.10E-09
 2.18E-09 2.20E-09 2.09E-09 1.83E-09 1.52E-09 1.35E-09
 1.45E-22 5.79E-18 2.52E-14 1.16E-11 2.16E-10 1.11E-09 1.82E-09 2.07E-09
 2.15E-09 2.16E-09 2.06E-09 1.80E-09 1.51E-09 1.34E-09
 1.45E-22 5.78E-18 2.52E-14 1.16E-11 2.15E-10 1.07E-09 1.68E-09 1.88E-09
 1.94E-09 1.95E-09 1.86E-09 1.65E-09 1.40E-09 1.25E-09
 1.44E-22 5.75E-18 2.51E-14 1.16E-11 2.10E-10 9.31E-10 1.38E-09 1.52E-09
 1.56E-09 1.57E-09 1.50E-09 1.35E-09 1.16E-09 1.05E-09
 1.23E-22 5.08E-18 2.29E-14 1.08E-11 1.81E-10 6.98E-10 9.71E-10 1.05E-09
 1.07E-09 1.07E-09 1.04E-09 9.55E-10 8.50E-10 7.83E-10
  750.802    7  14 /pl=01:ss= 5:pb= 1:sz= 5/type=excit/ispb = t/isel =   42
 1.00E+10 1.00E+11 1.00E+12 1.00E+13 1.00E+14 1.00E+15 1.00E+16
 6.20E-01 9.31E-01 1.55E+00 3.10E+00 6.20E+00 1.55E+01 3.10E+01 4.65E+01
 6.20E+01 9.31E+01 1.55E+02 3.10E+02 6.20E+02 9.31E+02
 1.07E-19 5.77E-16 5.09E-13 7.07E-11 7.30E-10 2.76E-09 4.21E-09 4.69E-09
 4.83E-09 4.80E-09 4.48E-09 3.83E-09 3.13E-09 2.74E-09
 1.07E-19 5.76E-16 5.08E-13 7.06E-11 7.29E-10 2.76E-09 4.21E-09 4.69E-09
 4.82E-09 4.79E-09 4.48E-09 3.83E-09 3.13E-09 2.74E-09
 1.07E-19 5.76E-16 5.08E-13 7.06E-11 7.29E-10 2.76E-09 4.20E-09 4.68E-09
 4.82E-09 4.78E-09 4.47E-09 3.83E-09 3.12E-09 2.74E-09
 1.07E-19 5.75E-16 5.08E-13 7.06E-11 7.28E-10 2.74E-09 4.16E-09 4.62E-09
 4.74E-09 4.71E-09 4.41E-09 3.78E-09 3.09E-09 2.71E-09
 1.06E-19 5.73E-16 5.06E-13 7.04E-11 7.25E-10 2.64E-09 3.85E-09 4.21E-09
 4.30E-09 4.26E-09 4.00E-09 3.47E-09 2.88E-09 2.55E-09
 1.00E-19 5.47E-16 4.89E-13 6.84E-11 6.93E-10 2.27E-09 3.13E-09 3.38E-09
 3.45E-09 3.42E-09 3.23E-09 2.84E-09 2.40E-09 2.15E-09
 6.56E-20 3.80E-16 3.62E-13 5.36E-11 5.17E-10 1.50E-09 1.98E-09 2.11E-09
 2.15E-09 2.15E-09 2.07E-09 1.90E-09 1.68E-09 1.54E-09
  761.631    7  14 /pl=01:ss= 5:pb= 1:sz= 5/type=excit/ispb = t/isel =   43
 1.00E+10 1.00E+11 1.00E+12 1.00E+13 1.00E+14 1.00E+15 1.00E+16
 6.20E-01 9.31E-01 1.55E+00 3.10E+00 6.20E+00 1.55E+01 3.10E+01 4.65E+01
 6.20E+01 9.31E+01 1.55E+02 3.10E+02 6.20E+02 9.31E+02
 1.82E-19 9.87E-16 8.72E-13 1.21E-10 1.23E-09 4.55E-09 6.83E-09 7.55E-09
 7.76E-09 7.70E-09 7.20E-09 6.17E-09 5.05E-09 4.43E-09
 1.82E-19 9.89E-16 8.73E-13 1.21E-10 1.23E-09 4.55E-09 6.83E-09 7.55E-09
 7.76E-09 7.70E-09 7.20E-09 6.17E-09 5.05E-09 4.43E-09
 1.82E-19 9.89E-16 8.74E-13 1.22E-10 1.23E-09 4.55E-09 6.82E-09 7.54E-09
 7.74E-09 7.68E-09 7.18E-09 6.16E-09 5.04E-09 4.43E-09
 1.82E-19 9.88E-16 8.73E-13 1.21E-10 1.23E-09 4.53E-09 6.75E-09 7.44E-09
 7.63E-09 7.56E-09 7.07E-09 6.08E-09 4.99E-09 4.39E-09
 1.81E-19 9.83E-16 8.70E-13 1.21E-10 1.23E-09 4.37E-09 6.28E-09 6.82E-09
 6.96E-09 6.89E-09 6.47E-09 5.62E-09 4.68E-09 4.14E-09
 1.71E-19 9.38E-16 8.38E-13 1.18E-10 1.17E-09 3.77E-09 5.18E-09 5.57E-09
 5.67E-09 5.62E-09 5.31E-09 4.68E-09 3.97E-09 3.55E-09
 1.10E-19 6.44E-16 6.15E-13 9.13E-11 8.69E-10 2.50E-09 3.27E-09 3.47E-09
 3.53E-09 3.53E-09 3.41E-09 3.13E-09 2.78E-09 2.55E-09
  761.918    7  14 /pl=01:ss= 5:pb= 1:sz= 5/type=excit/ispb = t/isel =   44
 1.00E+10 1.00E+11 1.00E+12 1.00E+13 1.00E+14 1.00E+15 1.00E+16
 6.20E-01 9.31E-01 1.55E+00 3.10E+00 6.20E+00 1.55E+01 3.10E+01 4.65E+01
 6.20E+01 9.31E+01 1.55E+02 3.10E+02 6.20E+02 9.31E+02
 1.56E-20 8.41E-17 7.42E-14 1.03E-11 1.06E-10 4.02E-10 6.14E-10 6.84E-10
 7.04E-10 6.99E-10 6.54E-10 5.59E-10 4.56E-10 4.00E-10
 1.56E-20 8.39E-17 7.41E-14 1.03E-11 1.06E-10 4.02E-10 6.14E-10 6.84E-10
 7.03E-10 6.99E-10 6.54E-10 5.59E-10 4.56E-10 4.00E-10
 1.56E-20 8.39E-17 7.41E-14 1.03E-11 1.06E-10 4.02E-10 6.13E-10 6.83E-10
 7.02E-10 6.98E-10 6.52E-10 5.58E-10 4.56E-10 3.99E-10
 1.56E-20 8.39E-17 7.41E-14 1.03E-11 1.06E-10 4.00E-10 6.06E-10 6.73E-10
 6.91E-10 6.86E-10 6.42E-10 5.50E-10 4.51E-10 3.96E-10
 1.55E-20 8.35E-17 7.38E-14 1.03E-11 1.06E-10 3.85E-10 5.61E-10 6.14E-10
 6.27E-10 6.21E-10 5.83E-10 5.06E-10 4.20E-10 3.71E-10
 1.46E-20 7.98E-17 7.12E-14 9.97E-12 1.01E-10 3.30E-10 4.57E-10 4.94E-10
 5.03E-10 4.98E-10 4.71E-10 4.15E-10 3.51E-10 3.13E-10
 9.57E-21 5.55E-17 5.28E-14 7.81E-12 7.53E-11 2.19E-10 2.88E-10 3.08E-10
 3.13E-10 3.13E-10 3.02E-10 2.77E-10 2.45E-10 2.25E-10
  834.021    7  14 /pl=01:ss= 5:pb= 1:sz= 5/type=excit/ispb = t/isel =   45
 1.00E+10 1.00E+11 1.00E+12 1.00E+13 1.00E+14 1.00E+15 1.00E+16
 6.20E-01 9.31E-01 1.55E+00 3.10E+00 6.20E+00 1.55E+01 3.10E+01 4.65E+01
 6.20E+01 9.31E+01 1.55E+02 3.10E+02 6.20E+02 9.31E+02
 2.53E-39 1.49E-29 8.90E-22 5.16E-16 3.29E-13 1.25E-11 3.49E-11 4.57E-11
 5.00E-11 5.21E-11 4.94E-11 4.14E-11 3.23E-11 2.74E-11
 2.53E-39 1.49E-29 8.91E-22 5.17E-16 3.29E-13 1.25E-11 3.49E-11 4.57E-11
 5.00E-11 5.21E-11 4.94E-11 4.14E-11 3.23E-11 2.74E-11
 2.53E-39 1.50E-29 8.91E-22 5.17E-16 3.29E-13 1.25E-11 3.49E-11 4.56E-11
 4.98E-11 5.20E-11 4.93E-11 4.13E-11 3.22E-11 2.73E-11
 2.53E-39 1.50E-29 8.92E-22 5.17E-16 3.29E-13 1.24E-11 3.45E-11 4.49E-11
 4.90E-11 5.10E-11 4.85E-11 4.07E-11 3.19E-11 2.70E-11
 2.56E-39 1.51E-29 8.98E-22 5.20E-16 3.30E-13 1.20E-11 3.19E-11 4.09E-11
 4.44E-11 4.61E-11 4.40E-11 3.74E-11 2.96E-11 2.54E-11
 2.82E-39 1.64E-29 9.58E-22 5.43E-16 3.33E-13 1.07E-11 2.70E-11 3.41E-11
 3.69E-11 3.82E-11 3.66E-11 3.15E-11 2.53E-11 2.19E-11
 4.00E-39 2.30E-29 1.31E-21 7.03E-16 3.76E-13 1.02E-11 2.41E-11 2.99E-11
 3.22E-11 3.34E-11 3.23E-11 2.82E-11 2.31E-11 2.01E-11
  997.439    7  14 /pl=01:ss= 5:pb= 1:sz= 5/type=excit/ispb = t/isel =   46
 1.00E+10 1.00E+11 1.00E+12 1.00E+13 1.00E+14 1.00E+15 1.00E+16
 6.20E-01 9.31E-01 1.55E+00 3.10E+00 6.20E+00 1.55E+01 3.10E+01 4.65E+01
 6.20E+01 9.31E+01 1.55E+02 3.10E+02 6.20E+02 9.31E+02
 1.14E-19 7.82E-17 1.32E-14 5.42E-13 5.45E-12 7.55E-11 1.84E-10 2.32E-10
 2.52E-10 2.60E-10 2.46E-10 2.06E-10 1.63E-10 1.40E-10
 1.14E-19 7.83E-17 1.33E-14 5.43E-13 5.46E-12 7.57E-11 1.85E-10 2.33E-10
 2.53E-10 2.61E-10 2.47E-10 2.07E-10 1.64E-10 1.40E-10
 1.14E-19 7.83E-17 1.33E-14 5.43E-13 5.48E-12 7.75E-11 1.91E-10 2.42E-10
 2.63E-10 2.72E-10 2.57E-10 2.15E-10 1.69E-10 1.45E-10
 1.14E-19 7.83E-17 1.33E-14 5.43E-13 5.69E-12 8.55E-11 2.12E-10 2.67E-10
 2.90E-10 3.00E-10 2.84E-10 2.39E-10 1.89E-10 1.61E-10
 1.13E-19 7.75E-17 1.32E-14 5.41E-13 6.03E-12 7.91E-11 1.66E-10 1.98E-10
 2.10E-10 2.15E-10 2.06E-10 1.80E-10 1.50E-10 1.33E-10
 9.88E-20 6.94E-17 1.20E-14 5.04E-13 5.11E-12 3.17E-11 4.61E-11 4.96E-11
 5.05E-11 5.05E-11 4.88E-11 4.53E-11 4.11E-11 3.86E-11
 4.38E-20 3.38E-17 6.48E-15 2.98E-13 2.22E-12 5.68E-12 6.56E-12 6.66E-12
 6.63E-12 6.53E-12 6.33E-12 6.00E-12 5.62E-12 5.40E-12
  1008.21    7  14 /pl=01:ss= 5:pb= 1:sz= 5/type=excit/ispb = t/isel =   47
 1.00E+10 1.00E+11 1.00E+12 1.00E+13 1.00E+14 1.00E+15 1.00E+16
 6.20E-01 9.31E-01 1.55E+00 3.10E+00 6.20E+00 1.55E+01 3.10E+01 4.65E+01
 6.20E+01 9.31E+01 1.55E+02 3.10E+02 6.20E+02 9.31E+02
 3.53E-20 2.25E-17 3.60E-15 1.46E-13 3.13E-12 6.66E-11 1.70E-10 2.17E-10
 2.36E-10 2.46E-10 2.34E-10 1.98E-10 1.57E-10 1.35E-10
 3.54E-20 2.26E-17 3.60E-15 1.46E-13 3.13E-12 6.62E-11 1.68E-10 2.14E-10
 2.34E-10 2.43E-10 2.32E-10 1.96E-10 1.56E-10 1.34E-10
 3.54E-20 2.26E-17 3.60E-15 1.46E-13 3.09E-12 6.31E-11 1.56E-10 1.96E-10
 2.13E-10 2.22E-10 2.12E-10 1.80E-10 1.45E-10 1.25E-10
 3.52E-20 2.25E-17 3.59E-15 1.45E-13 2.78E-12 4.59E-11 1.01E-10 1.23E-10
 1.32E-10 1.37E-10 1.31E-10 1.14E-10 9.49E-11 8.41E-11
 3.44E-20 2.20E-17 3.52E-15 1.40E-13 1.94E-12 2.34E-11 4.64E-11 5.46E-11
 5.76E-11 5.88E-11 5.65E-11 5.01E-11 4.26E-11 3.83E-11
 2.98E-20 1.95E-17 3.19E-15 1.28E-13 1.32E-12 7.99E-12 1.15E-11 1.23E-11
 1.25E-11 1.25E-11 1.21E-11 1.12E-11 1.02E-11 9.63E-12
 1.32E-20 9.45E-18 1.71E-15 7.55E-14 5.54E-13 1.40E-12 1.62E-12 1.64E-12
 1.63E-12 1.60E-12 1.55E-12 1.47E-12 1.38E-12 1.33E-12
  1285.40    7  14 /pl=01:ss= 5:pb= 1:sz= 5/type=excit/ispb = t/isel =   48
 1.00E+10 1.00E+11 1.00E+12 1.00E+13 1.00E+14 1.00E+15 1.00E+16
 6.20E-01 9.31E-01 1.55E+00 3.10E+00 6.20E+00 1.55E+01 3.10E+01 4.65E+01
 6.20E+01 9.31E+01 1.55E+02 3.10E+02 6.20E+02 9.31E+02
 1.00E-74 8.22E-41 1.64E-28 2.36E-19 7.62E-15 3.10E-12 1.93E-11 3.30E-11
 4.16E-11 5.01E-11 5.39E-11 5.04E-11 4.23E-11 3.71E-11
 1.00E-74 8.23E-41 1.64E-28 2.37E-19 7.62E-15 3.11E-12 1.93E-11 3.30E-11
 4.16E-11 5.01E-11 5.39E-11 5.04E-11 4.23E-11 3.71E-11
 1.00E-74 8.23E-41 1.64E-28 2.36E-19 7.62E-15 3.10E-12 1.93E-11 3.29E-11
 4.15E-11 5.00E-11 5.38E-11 5.03E-11 4.22E-11 3.70E-11
 1.00E-74 8.21E-41 1.64E-28 2.36E-19 7.60E-15 3.08E-12 1.90E-11 3.23E-11
 4.07E-11 4.91E-11 5.28E-11 4.95E-11 4.17E-11 3.66E-11
 1.00E-74 8.01E-41 1.60E-28 2.30E-19 7.40E-15 2.90E-12 1.72E-11 2.89E-11
 3.61E-11 4.35E-11 4.71E-11 4.48E-11 3.84E-11 3.40E-11
 1.00E-74 6.69E-41 1.35E-28 1.93E-19 6.00E-15 2.10E-12 1.19E-11 1.99E-11
 2.50E-11 3.05E-11 3.37E-11 3.32E-11 2.95E-11 2.67E-11
 1.00E-74 6.12E-41 1.15E-28 1.44E-19 3.61E-15 9.79E-13 5.11E-12 8.35E-12
 1.05E-11 1.28E-11 1.47E-11 1.53E-11 1.47E-11 1.40E-11
  1604.15    7  14 /pl=01:ss= 5:pb= 1:sz= 5/type=excit/ispb = t/isel =   49
 1.00E+10 1.00E+11 1.00E+12 1.00E+13 1.00E+14 1.00E+15 1.00E+16
 6.20E-01 9.31E-01 1.55E+00 3.10E+00 6.20E+00 1.55E+01 3.10E+01 4.65E+01
 6.20E+01 9.31E+01 1.55E+02 3.10E+02 6.20E+02 9.31E+02
 1.00E-74 1.78E-36 5.63E-26 3.70E-18 2.78E-14 5.64E-12 3.01E-11 4.93E-11
 6.12E-11 7.26E-11 7.79E-11 7.43E-11 6.53E-11 5.93E-11
 1.00E-74 1.79E-36 5.64E-26 3.71E-18 2.78E-14 5.65E-12 3.01E-11 4.93E-11
 6.11E-11 7.26E-11 7.79E-11 7.43E-11 6.53E-11 5.93E-11
 1.00E-74 1.79E-36 5.65E-26 3.71E-18 2.78E-14 5.64E-12 3.01E-11 4.92E-11
 6.10E-11 7.24E-11 7.77E-11 7.41E-11 6.52E-11 5.92E-11
 8.38E-50 1.80E-36 5.67E-26 3.72E-18 2.79E-14 5.61E-12 2.97E-11 4.84E-11
 5.99E-11 7.11E-11 7.64E-11 7.30E-11 6.44E-11 5.86E-11
 1.26E-49 1.90E-36 5.92E-26 3.83E-18 2.82E-14 5.41E-12 2.73E-11 4.37E-11
 5.38E-11 6.36E-11 6.87E-11 6.65E-11 5.96E-11 5.47E-11
 1.99E-49 2.78E-36 8.11E-26 4.79E-18 3.16E-14 4.92E-12 2.27E-11 3.55E-11
 4.33E-11 5.09E-11 5.52E-11 5.42E-11 4.95E-11 4.59E-11
 4.37E-49 6.18E-36 1.75E-25 9.21E-18 4.69E-14 5.03E-12 1.97E-11 2.92E-11
 3.47E-11 4.01E-11 4.31E-11 4.25E-11 3.91E-11 3.65E-11
  1918.10    7  14 /pl=01:ss= 5:pb= 1:sz= 5/type=excit/ispb = t/isel =   50
 1.00E+10 1.00E+11 1.00E+12 1.00E+13 1.00E+14 1.00E+15 1.00E+16
 6.20E-01 9.31E-01 1.55E+00 3.10E+00 6.20E+00 1.55E+01 3.10E+01 4.65E+01
 6.20E+01 9.31E+01 1.55E+02 3.10E+02 6.20E+02 9.31E+02
 5.07E-44 1.19E-32 1.36E-23 7.26E-17 1.43E-13 1.11E-11 4.10E-11 5.91E-11
 6.88E-11 7.67E-11 7.79E-11 7.00E-11 5.79E-11 5.06E-11
 5.08E-44 1.20E-32 1.36E-23 7.26E-17 1.43E-13 1.11E-11 4.10E-11 5.91E-11
 6.88E-11 7.67E-11 7.78E-11 7.00E-11 5.79E-11 5.06E-11
 5.08E-44 1.20E-32 1.36E-23 7.26E-17 1.43E-13 1.11E-11 4.09E-11 5.90E-11
 6.87E-11 7.65E-11 7.77E-11 6.99E-11 5.78E-11 5.05E-11
 5.07E-44 1.19E-32 1.36E-23 7.26E-17 1.43E-13 1.11E-11 4.04E-11 5.81E-11
 6.75E-11 7.51E-11 7.63E-11 6.89E-11 5.71E-11 5.00E-11
 5.06E-44 1.19E-32 1.36E-23 7.25E-17 1.43E-13 1.06E-11 3.72E-11 5.27E-11
 6.09E-11 6.75E-11 6.89E-11 6.30E-11 5.30E-11 4.67E-11
 4.91E-44 1.16E-32 1.33E-23 7.11E-17 1.37E-13 9.04E-12 3.00E-11 4.19E-11
 4.82E-11 5.36E-11 5.51E-11 5.12E-11 4.39E-11 3.92E-11
 4.17E-44 1.00E-32 1.17E-23 6.28E-17 1.08E-13 5.99E-12 1.86E-11 2.57E-11
 2.96E-11 3.33E-11 3.52E-11 3.42E-11 3.10E-11 2.84E-11
c-------------------------------------------------------------------------------
 
C  root partition information
C  ==========================
C
C  nuclear charge : 18
C  ion charge+1   :  6
C
C  population calculation information
C  ----------------------------------
C
C  population processing code: adas810
C
C  adf04 source file    : adf04_copmm#18_ic_40#ar5.dat
C  adf18/a17_p208 file  : NULL
C
C  meta. ion. coeff. selector  : 
 
C  options  : lnorm =T  lpsel =F  lzsel =T  liosel=F
C           : lhsel =F  lrsel =F  lisel =F  lnsel =F
 
C  energy levels
C  -------------
C
C   lv      configuration    (2S+1)L(w-1/2)      energy (cm^-1)
C  ---   ------------------- --------------      --------------
c    1   24515                  (2)1(  0.5)             0.0
c    2   24515                  (2)1(  1.5)          1943.1
c    3   14525                  (4)1(  0.5)        100444.4
c    4   14525                  (4)1(  1.5)        101128.9
c    5   14525                  (4)1(  2.5)        102199.9
c    6   14525                  (2)2(  1.5)        133190.9
c    7   14525                  (2)2(  2.5)        133240.3
c    8   14525                  (2)0(  0.5)        163201.1
c    9   14525                  (2)1(  0.5)        180036.1
c   10   14525                  (2)1(  1.5)        181289.5
c   11   24516                  (2)2(  1.5)        221932.0
c   12   24516                  (2)2(  2.5)        222064.2
c   13   14515516               (4)3(  1.5)        291369.2
c   14   14515516               (4)3(  2.5)        291769.5
c   15   14515516               (4)3(  3.5)        292335.7
c   16   14515516               (4)3(  4.5)        293073.8
c   17   14515516               (2)2(  2.5)        311455.8
c   18   14515516               (2)2(  1.5)        311604.3
c   19   14515516               (4)1(  2.5)        312858.6
c   20   14515516               (4)1(  1.5)        313071.5
c   21   14515516               (4)1(  0.5)        313383.0
c   22   14515516               (4)2(  0.5)        315987.2
c   23   14515516               (4)2(  1.5)        316201.5
c   24   14515516               (4)2(  2.5)        316441.5
c   25   14515516               (4)2(  3.5)        316641.0
c   26   14515516               (2)3(  2.5)        340424.5
c   27   14515516               (2)3(  3.5)        341965.2
c   28   24517                  (2)0(  0.5)        345154.7
c   29   14515516               (2)1(  1.5)        351798.8
c   30   14515516               (2)1(  0.5)        352694.0
c   31   14515516               (2)3(  3.5)        371150.4
c   32   14515516               (2)3(  2.5)        371541.8
c   33   14515516               (2)2(  1.5)        375303.7
c   34   14515516               (2)2(  2.5)        375628.8
c   35   14515516               (2)1(  0.5)        383026.4
c   36   14515516               (2)1(  1.5)        383365.0
c   37   24518                  (2)1(  0.5)        396708.2
c   38   24518                  (2)1(  1.5)        397289.5
c   39   24519                  (2)2(  1.5)        459574.6
c   40   24519                  (2)2(  2.5)        459627.8
c   41   2451A                  (2)3(  2.5)        487902.8
c   42   2451A                  (2)3(  3.5)        487910.7
c   43   14515518               (4)2(  0.5)        497091.6
c   44   14515518               (4)2(  1.5)        497590.7
c   45   14515518               (4)2(  2.5)        498400.5
c   46   14515518               (4)2(  3.5)        499494.8
c   47   14515518               (2)1(  0.5)        500485.6
c   48   14515518               (2)1(  1.5)        500749.2
c   49   14515518               (4)0(  1.5)        503259.4
c   50   14515518               (4)1(  0.5)        503539.8
c   51   14515518               (4)1(  1.5)        504357.1
c   52   14515518               (4)1(  2.5)        504778.8
c   53   14515518               (2)2(  1.5)        510416.9
c   54   14515518               (2)2(  2.5)        511572.8
c   55   2451B                  (2)0(  0.5)        514240.4
c   56   14515518               (2)0(  0.5)        519236.2
c   57   2451C                  (2)1(  0.5)        537151.7
c   58   2451C                  (2)1(  1.5)        537424.4
c   59   14515518               (2)2(  1.5)        555589.5
c   60   14515518               (2)2(  2.5)        555895.9
c   61   14515518               (2)1(  0.5)        558002.8
c   62   14515518               (2)1(  1.5)        558447.6
c   63   14515519               (4)2(  1.5)        564460.9
c   64   14515519               (4)2(  2.5)        564560.0
c   65   14515519               (4)2(  0.5)        564587.7
c   66   14515519               (4)2(  3.5)        564968.5
c   67   14515519               (4)3(  1.5)        565053.9
c   68   14515519               (2)2(  2.5)        565537.5
c   69   14515519               (2)2(  1.5)        565915.9
c   70   14515519               (4)3(  2.5)        566211.8
c   71   14515519               (4)3(  3.5)        566441.9
c   72   14515518               (2)0(  0.5)        566807.8
c   73   14515519               (4)3(  4.5)        566902.8
c   74   14515519               (4)1(  2.5)        569186.9
c   75   14515519               (4)1(  1.5)        569653.0
c   76   14515519               (4)1(  0.5)        569938.5
c   77   2451D                  (2)2(  1.5)        570173.8
c   78   2451D                  (2)2(  2.5)        570258.3
c   79   14515519               (2)3(  2.5)        571610.0
c   80   14515519               (2)3(  3.5)        572650.2
c   81   14515519               (2)1(  1.5)        574398.7
c   82   14515519               (2)1(  0.5)        575089.3
c   83   2451E                  (2)3(  2.5)        579746.8
c   84   2451E                  (2)3(  3.5)        579786.0
c   85   2451G                  (2)0(  0.5)        594950.6
c   86   2451H                  (2)1(  0.5)        605914.3
c   87   2451H                  (2)1(  1.5)        606057.0
c   88   14515519               (2)2(  1.5)        619806.3
c   89   14515519               (2)2(  2.5)        619877.4
c   90   2451I                  (2)2(  1.5)        622283.0
c   91   2451I                  (2)2(  2.5)        622297.8
c   92   14515519               (2)3(  2.5)        622572.0
c   93   14515519               (2)3(  3.5)        622591.7
c   94   14515519               (2)1(  0.5)        627296.9
c   95   14515519               (2)1(  1.5)        627373.0
c   96   2451J                  (2)3(  3.5)        629568.0
c   97   2451J                  (2)3(  2.5)        629570.3
c   98   2451M                  (2)0(  0.5)        638122.7
c   99   1451551C               (4)2(  0.5)        641591.6
c  100   1451551C               (4)2(  1.5)        642023.0
c  101   1451551C               (4)2(  2.5)        642697.7
c  102   1451551C               (2)1(  0.5)        643220.0
c  103   1451551C               (2)1(  1.5)        643316.0
c  104   1451551C               (4)2(  3.5)        643785.3
c  105   1451551C               (4)1(  0.5)        643801.8
c  106   1451551C               (4)1(  1.5)        644274.1
c  107   1451551C               (4)1(  2.5)        644945.5
c  108   2451N                  (2)1(  0.5)        645219.1
c  109   2451N                  (2)1(  1.5)        645308.7
c  110   1451551C               (4)0(  1.5)        645426.3
c  111   1451551C               (2)2(  1.5)        646877.7
c  112   1451551C               (2)2(  2.5)        647957.8
c  113   1451551C               (2)0(  0.5)        651505.4
c  114   2451O                  (2)2(  1.5)        654681.4
c  115   2451O                  (2)2(  2.5)        654706.9
c  116   2451P                  (2)3(  2.5)        659047.0
c  117   2451P                  (2)3(  3.5)        659048.9
c  118   2451T                  (2)0(  0.5)        664737.5
c  119   2451U                  (2)1(  0.5)        669192.0
c  120   2451U                  (2)1(  1.5)        669249.5
c  121   1451551D               (4)2(  1.5)        671837.8
c  122   1451551D               (4)2(  2.5)        671916.4
c  123   1451551D               (4)2(  0.5)        672117.0
c  124   1451551D               (2)2(  1.5)        672283.8
c  125   1451551D               (4)2(  3.5)        672395.8
c  126   1451551D               (2)2(  2.5)        672636.1
c  127   1451551D               (4)3(  1.5)        673010.3
c  128   1451551D               (4)3(  2.5)        673331.0
c  129   1451551D               (4)3(  3.5)        673745.0
c  130   1451551D               (4)3(  4.5)        674115.3
c  131   1451551D               (4)1(  2.5)        674632.4
c  132   1451551D               (4)1(  1.5)        675038.5
c  133   1451551D               (2)3(  2.5)        675215.7
c  134   1451551D               (4)1(  0.5)        675293.7
c  135   2451V                  (2)2(  1.5)        675350.9
c  136   2451V                  (2)2(  2.5)        675361.2
c  137   1451551D               (2)3(  3.5)        676133.6
c  138   1451551D               (2)1(  1.5)        676675.7
c  139   1451551D               (2)1(  0.5)        677268.5
c  140   2451W                  (2)3(  2.5)        678341.3
c  141   2451W                  (2)3(  3.5)        678354.8
c  142   1451551C               (2)1(  0.5)        698831.3
c  143   1451551C               (2)1(  1.5)        699005.1
c  144   1451551C               (2)2(  1.5)        699902.1
c  145   1451551C               (2)2(  2.5)        700065.6
c  146   1451551C               (2)0(  0.5)        703287.2
c  147   1451551D               (2)2(  1.5)        727354.4
c  148   1451551D               (2)2(  2.5)        727385.6
c  149   1451551D               (2)3(  2.5)        728893.6
c  150   1451551D               (2)3(  3.5)        728905.8
c  151   1451551D               (2)1(  0.5)        730788.5
c  152   1451551D               (2)1(  1.5)        730823.2
 
 
 
c-------------------------------------------------------------------------------
 
C  superstage partition information
C  ================================
C
C  element symbol   : AR
C  parent template  : 
C  partition level  :  1
C  superstage label :  5
C
C  tabulation       : photon emissivity coefft (te,ne)
C  units            : ph. emis coef(cm^3 s^-1); te (ev); ne (cm^-3)
C
C  photon emissivity atomic transitions
C  ------------------------------------
C  
C   isel  wvlen(A)            transition                type  ispb nspb
C                                                             ispp nspp sz    tg pr wr
C  ----- ---------- ----------------------------------- ----- ---- ---- --    -- -- --
C      1   196.221   54(2)2(  2.5)-  2(2)1(  1.5)       excit   1    1   5   163 37  1
C      2   217.593   39(2)2(  1.5)-  1(2)1(  0.5)       excit   1    1   5    30 38  2
C      3   218.491   40(2)2(  2.5)-  2(2)1(  1.5)       excit   1    1   5   150 30  3
C      4   279.474   83(2)3(  2.5)- 11(2)2(  1.5)       excit   1    1   5  1239 42  4
C      5   279.547   84(2)3(  3.5)- 12(2)2(  2.5)       excit   1    1   5  1359 36  5
C      6   289.725   28(2)0(  0.5)-  1(2)1(  0.5)       excit   1    1   5    20 26  6
C      7   291.365   28(2)0(  0.5)-  2(2)1(  1.5)       excit   1    1   5   138 17  7
C      8   375.981   41(2)3(  2.5)- 11(2)2(  1.5)       excit   1    1   5  1202 21  8
C      9   376.157   42(2)3(  3.5)- 12(2)2(  2.5)       excit   1    1   5  1322 18  9
C     10   378.717   38(2)1(  1.5)-  7(2)2(  2.5)       excit   1    1   5   764 32 10
C     11   379.482   37(2)1(  0.5)-  6(2)2(  1.5)       excit   1    1   5   639 41 11
C     12   427.189   38(2)1(  1.5)-  8(2)0(  0.5)       excit   1    1   5   882 35 12
C     13   428.253   37(2)1(  0.5)-  8(2)0(  0.5)       excit   1    1   5   881 47 13
C     14   450.588   11(2)2(  1.5)-  1(2)1(  0.5)       excit   1    1   5     8  3 14
C     15   454.295   12(2)2(  2.5)-  2(2)1(  1.5)       excit   1    1   5   123  2 15
C     16   454.568   11(2)2(  1.5)-  2(2)1(  1.5)       excit   1    1   5   122 10 16
C     17   462.963   38(2)1(  1.5)- 10(2)1(  1.5)       excit   1    1   5  1078 48 17
C     18   472.300   19(4)1(  2.5)-  4(4)1(  1.5)       excit   1    1   5   372 39 18
C     19   474.701   19(4)1(  2.5)-  5(4)1(  2.5)       excit   1    1   5   500 45 19
C     20   475.450   17(2)2(  2.5)-  4(4)1(  1.5)       excit   1    1   5   370 29 20
C     21   477.884   17(2)2(  2.5)-  5(4)1(  2.5)       excit   1    1   5   498 33 21
C     22   479.100   27(2)3(  3.5)-  7(2)2(  2.5)       excit   1    1   5   756 12 22
C     23   482.547   26(2)3(  2.5)-  6(2)2(  1.5)       excit   1    1   5   630 13 23
C     24   482.662   26(2)3(  2.5)-  7(2)2(  2.5)       excit   1    1   5   755 34 24
C     25   512.118   33(2)2(  1.5)-  9(2)1(  0.5)       excit   1    1   5   973 20 25
C     26   514.564   34(2)2(  2.5)- 10(2)1(  1.5)       excit   1    1   5  1074 16 26
C     27   515.426   33(2)2(  1.5)- 10(2)1(  1.5)       excit   1    1   5  1073 46 27
C     28   527.724   30(2)1(  0.5)-  8(2)0(  0.5)       excit   1    1   5   877 22 28
C     29   530.229   29(2)1(  1.5)-  8(2)0(  0.5)       excit   1    1   5   876 15 29
C     30   551.604   10(2)1(  1.5)-  1(2)1(  0.5)       excit   1    1   5     7  8 30
C     31   555.444    9(2)1(  0.5)-  1(2)1(  0.5)       excit   1    1   5     6  5 31
C     32   557.580   10(2)1(  1.5)-  2(2)1(  1.5)       excit   1    1   5   121  1 32
C     33   560.496   18(2)2(  1.5)-  6(2)2(  1.5)       excit   1    1   5   623 19 33
C     34   561.118   17(2)2(  2.5)-  7(2)2(  2.5)       excit   1    1   5   748 23 34
C     35   561.504    9(2)1(  0.5)-  2(2)1(  1.5)       excit   1    1   5   120  7 35
C     36   570.694   38(2)1(  1.5)- 12(2)2(  2.5)       excit   1    1   5  1318 24 36
C     37   572.160   37(2)1(  0.5)- 11(2)2(  1.5)       excit   1    1   5  1198 31 37
C     38   579.180   30(2)1(  0.5)-  9(2)1(  0.5)       excit   1    1   5   972 40 38
C     39   586.478   29(2)1(  1.5)- 10(2)1(  1.5)       excit   1    1   5  1070 28 39
C     40   612.741    8(2)0(  0.5)-  1(2)1(  0.5)       excit   1    1   5     5 11 40
C     41   620.124    8(2)0(  0.5)-  2(2)1(  1.5)       excit   1    1   5   119  9 41
C     42   750.802    6(2)2(  1.5)-  1(2)1(  0.5)       excit   1    1   5     4  6 42
C     43   761.631    7(2)2(  2.5)-  2(2)1(  1.5)       excit   1    1   5   118  4 43
C     44   761.918    6(2)2(  1.5)-  2(2)1(  1.5)       excit   1    1   5   117 14 44
C     45   834.021   27(2)3(  3.5)- 12(2)2(  2.5)       excit   1    1   5  1310 50 45
C     46   997.439    5(4)1(  2.5)-  2(2)1(  1.5)       excit   1    1   5   116 25 46
C     47   1008.21    4(4)1(  1.5)-  2(2)1(  1.5)       excit   1    1   5   115 27 47
C     48   1285.40   58(2)1(  1.5)- 40(2)2(  2.5)       excit   1    1   5  4181 49 48
C     49   1604.15   40(2)2(  2.5)- 38(2)1(  1.5)       excit   1    1   5  3958 43 49
C     50   1918.10   38(2)1(  1.5)- 28(2)0(  0.5)       excit   1    1   5  2991 44 50
c-------------------------------------------------------------------------------
                                                                                
C  code     : adas810
C  producer : Adam Foster
C  date     : 13/05/09
                                                                                
c-------------------------------------------------------------------------------
