   50    /Ar:10 photon emissivity coefficients/
--------------------------------------------------------------------------------
    1    1    1    1    1    1    1    1    1    1    1    1    1    1
    1    1    1    1    1
--------------------------------------------------------------------------------
//#01/p00/ 00/p01/ 01/p02/ 02/p03/ 03/p04/ 04/p05/ 05/p06/ 06/p07/ 07/p08/ 08/  
      p09/ 09/p10/ 10/p11/ 11/p12/ 12/p13/ 13/p14/ 14/p15/ 15/p16/ 16/p17/ 17/  
      p18/ 18/                                                                  
--------------------------------------------------------------------------------
  23.1090    7  14 /pl=01:ss=10:pb= 1:sz=10/type=excit/ispb = t/isel =    1
 1.00E+10 1.00E+11 1.00E+12 1.00E+13 1.00E+14 1.00E+15 1.00E+16
 2.09E+00 3.13E+00 5.21E+00 1.04E+01 2.09E+01 5.21E+01 1.04E+02 1.56E+02
 2.09E+02 3.13E+02 5.21E+02 1.04E+03 2.09E+03 3.13E+03
 1.00E-74 1.00E-74 1.00E-74 3.11E-33 3.29E-22 1.06E-15 1.32E-13 6.14E-13
 1.29E-12 2.61E-12 4.45E-12 6.45E-12 7.67E-12 8.07E-12
 1.00E-74 1.00E-74 1.00E-74 3.11E-33 3.29E-22 1.06E-15 1.32E-13 6.14E-13
 1.29E-12 2.61E-12 4.45E-12 6.45E-12 7.67E-12 8.07E-12
 1.00E-74 1.00E-74 1.00E-74 3.11E-33 3.29E-22 1.06E-15 1.32E-13 6.14E-13
 1.29E-12 2.61E-12 4.45E-12 6.45E-12 7.67E-12 8.07E-12
 1.00E-74 1.00E-74 1.00E-74 3.11E-33 3.29E-22 1.06E-15 1.32E-13 6.14E-13
 1.29E-12 2.61E-12 4.45E-12 6.45E-12 7.67E-12 8.07E-12
 1.00E-74 1.00E-74 1.00E-74 3.10E-33 3.29E-22 1.06E-15 1.32E-13 6.14E-13
 1.29E-12 2.61E-12 4.45E-12 6.45E-12 7.67E-12 8.07E-12
 1.00E-74 1.00E-74 1.00E-74 3.10E-33 3.28E-22 1.06E-15 1.32E-13 6.13E-13
 1.29E-12 2.61E-12 4.44E-12 6.45E-12 7.66E-12 8.06E-12
 1.00E-74 1.00E-74 1.00E-74 3.06E-33 3.24E-22 1.05E-15 1.30E-13 6.05E-13
 1.27E-12 2.58E-12 4.39E-12 6.38E-12 7.59E-12 7.99E-12
  24.1747    7  14 /pl=01:ss=10:pb= 1:sz=10/type=excit/ispb = t/isel =    2
 1.00E+10 1.00E+11 1.00E+12 1.00E+13 1.00E+14 1.00E+15 1.00E+16
 2.09E+00 3.13E+00 5.21E+00 1.04E+01 2.09E+01 5.21E+01 1.04E+02 1.56E+02
 2.09E+02 3.13E+02 5.21E+02 1.04E+03 2.09E+03 3.13E+03
 1.00E-74 1.00E-74 1.00E-74 5.75E-32 1.95E-21 3.18E-15 3.13E-13 1.33E-12
 2.66E-12 5.11E-12 8.10E-12 1.06E-11 1.13E-11 1.11E-11
 1.00E-74 1.00E-74 1.00E-74 5.75E-32 1.95E-21 3.18E-15 3.13E-13 1.33E-12
 2.66E-12 5.11E-12 8.10E-12 1.06E-11 1.13E-11 1.11E-11
 1.00E-74 1.00E-74 1.00E-74 5.75E-32 1.95E-21 3.18E-15 3.13E-13 1.33E-12
 2.66E-12 5.11E-12 8.10E-12 1.06E-11 1.13E-11 1.11E-11
 1.00E-74 1.00E-74 1.00E-74 5.75E-32 1.95E-21 3.18E-15 3.13E-13 1.33E-12
 2.66E-12 5.11E-12 8.10E-12 1.06E-11 1.13E-11 1.11E-11
 1.00E-74 1.00E-74 1.00E-74 5.74E-32 1.95E-21 3.18E-15 3.12E-13 1.33E-12
 2.66E-12 5.11E-12 8.10E-12 1.06E-11 1.13E-11 1.11E-11
 1.00E-74 1.00E-74 1.00E-74 5.66E-32 1.93E-21 3.15E-15 3.10E-13 1.33E-12
 2.65E-12 5.08E-12 8.06E-12 1.05E-11 1.12E-11 1.11E-11
 1.00E-74 1.00E-74 1.00E-74 5.17E-32 1.77E-21 2.94E-15 2.92E-13 1.26E-12
 2.51E-12 4.85E-12 7.72E-12 1.01E-11 1.09E-11 1.07E-11
  24.7805    7  14 /pl=01:ss=10:pb= 1:sz=10/type=excit/ispb = t/isel =    3
 1.00E+10 1.00E+11 1.00E+12 1.00E+13 1.00E+14 1.00E+15 1.00E+16
 2.09E+00 3.13E+00 5.21E+00 1.04E+01 2.09E+01 5.21E+01 1.04E+02 1.56E+02
 2.09E+02 3.13E+02 5.21E+02 1.04E+03 2.09E+03 3.13E+03
 1.00E-74 1.00E-74 1.00E-74 3.41E-31 6.38E-21 7.31E-15 6.36E-13 2.62E-12
 5.13E-12 9.63E-12 1.51E-11 1.95E-11 2.06E-11 2.03E-11
 1.00E-74 1.00E-74 1.00E-74 3.41E-31 6.38E-21 7.31E-15 6.36E-13 2.62E-12
 5.13E-12 9.63E-12 1.51E-11 1.95E-11 2.06E-11 2.03E-11
 1.00E-74 1.00E-74 1.00E-74 3.41E-31 6.38E-21 7.31E-15 6.36E-13 2.62E-12
 5.13E-12 9.63E-12 1.51E-11 1.95E-11 2.06E-11 2.03E-11
 1.00E-74 1.00E-74 1.00E-74 3.41E-31 6.38E-21 7.31E-15 6.36E-13 2.62E-12
 5.13E-12 9.63E-12 1.51E-11 1.95E-11 2.06E-11 2.03E-11
 1.00E-74 1.00E-74 1.00E-74 3.41E-31 6.38E-21 7.31E-15 6.36E-13 2.62E-12
 5.13E-12 9.63E-12 1.51E-11 1.95E-11 2.06E-11 2.03E-11
 1.00E-74 1.00E-74 1.00E-74 3.40E-31 6.36E-21 7.29E-15 6.35E-13 2.61E-12
 5.12E-12 9.62E-12 1.50E-11 1.95E-11 2.06E-11 2.03E-11
 1.00E-74 1.00E-74 1.00E-74 3.31E-31 6.21E-21 7.15E-15 6.25E-13 2.58E-12
 5.06E-12 9.50E-12 1.49E-11 1.93E-11 2.04E-11 2.01E-11
  25.1100    7  14 /pl=01:ss=10:pb= 1:sz=10/type=excit/ispb = t/isel =    4
 1.00E+10 1.00E+11 1.00E+12 1.00E+13 1.00E+14 1.00E+15 1.00E+16
 2.09E+00 3.13E+00 5.21E+00 1.04E+01 2.09E+01 5.21E+01 1.04E+02 1.56E+02
 2.09E+02 3.13E+02 5.21E+02 1.04E+03 2.09E+03 3.13E+03
 1.00E-74 1.00E-74 1.00E-74 4.68E-31 6.47E-21 6.25E-15 5.25E-13 2.16E-12
 4.23E-12 8.07E-12 1.32E-11 1.85E-11 2.16E-11 2.26E-11
 1.00E-74 1.00E-74 1.00E-74 4.68E-31 6.47E-21 6.25E-15 5.25E-13 2.16E-12
 4.23E-12 8.07E-12 1.32E-11 1.85E-11 2.16E-11 2.26E-11
 1.00E-74 1.00E-74 1.00E-74 4.68E-31 6.47E-21 6.25E-15 5.25E-13 2.16E-12
 4.23E-12 8.07E-12 1.32E-11 1.85E-11 2.16E-11 2.26E-11
 1.00E-74 1.00E-74 1.00E-74 4.68E-31 6.47E-21 6.25E-15 5.25E-13 2.16E-12
 4.23E-12 8.07E-12 1.32E-11 1.85E-11 2.16E-11 2.26E-11
 1.00E-74 1.00E-74 1.00E-74 4.68E-31 6.47E-21 6.25E-15 5.25E-13 2.16E-12
 4.23E-12 8.07E-12 1.32E-11 1.85E-11 2.16E-11 2.26E-11
 1.00E-74 1.00E-74 1.00E-74 4.68E-31 6.47E-21 6.25E-15 5.25E-13 2.16E-12
 4.22E-12 8.07E-12 1.32E-11 1.85E-11 2.16E-11 2.26E-11
 1.00E-74 1.00E-74 1.00E-74 4.71E-31 6.48E-21 6.26E-15 5.25E-13 2.16E-12
 4.22E-12 8.06E-12 1.31E-11 1.85E-11 2.16E-11 2.25E-11
  25.8616    7  14 /pl=01:ss=10:pb= 1:sz=10/type=excit/ispb = t/isel =    5
 1.00E+10 1.00E+11 1.00E+12 1.00E+13 1.00E+14 1.00E+15 1.00E+16
 2.09E+00 3.13E+00 5.21E+00 1.04E+01 2.09E+01 5.21E+01 1.04E+02 1.56E+02
 2.09E+02 3.13E+02 5.21E+02 1.04E+03 2.09E+03 3.13E+03
 1.00E-74 1.00E-74 1.00E-74 5.26E-30 3.63E-20 2.31E-14 1.67E-12 6.44E-12
 1.22E-11 2.23E-11 3.42E-11 4.35E-11 4.58E-11 4.50E-11
 1.00E-74 1.00E-74 1.00E-74 5.26E-30 3.63E-20 2.31E-14 1.67E-12 6.44E-12
 1.22E-11 2.23E-11 3.42E-11 4.35E-11 4.58E-11 4.50E-11
 1.00E-74 1.00E-74 1.00E-74 5.26E-30 3.63E-20 2.31E-14 1.67E-12 6.44E-12
 1.22E-11 2.23E-11 3.42E-11 4.35E-11 4.58E-11 4.50E-11
 1.00E-74 1.00E-74 1.00E-74 5.26E-30 3.63E-20 2.31E-14 1.67E-12 6.44E-12
 1.22E-11 2.23E-11 3.42E-11 4.35E-11 4.58E-11 4.50E-11
 1.00E-74 1.00E-74 1.00E-74 5.26E-30 3.63E-20 2.31E-14 1.67E-12 6.44E-12
 1.22E-11 2.23E-11 3.42E-11 4.35E-11 4.58E-11 4.50E-11
 1.00E-74 1.00E-74 1.00E-74 5.26E-30 3.63E-20 2.31E-14 1.67E-12 6.44E-12
 1.22E-11 2.23E-11 3.42E-11 4.35E-11 4.58E-11 4.50E-11
 1.00E-74 1.00E-74 8.41E-50 5.27E-30 3.64E-20 2.32E-14 1.67E-12 6.46E-12
 1.23E-11 2.24E-11 3.42E-11 4.36E-11 4.58E-11 4.50E-11
  26.2560    7  14 /pl=01:ss=10:pb= 1:sz=10/type=excit/ispb = t/isel =    6
 1.00E+10 1.00E+11 1.00E+12 1.00E+13 1.00E+14 1.00E+15 1.00E+16
 2.09E+00 3.13E+00 5.21E+00 1.04E+01 2.09E+01 5.21E+01 1.04E+02 1.56E+02
 2.09E+02 3.13E+02 5.21E+02 1.04E+03 2.09E+03 3.13E+03
 1.00E-74 1.00E-74 1.00E-74 1.75E-31 9.25E-22 5.40E-16 3.86E-14 1.49E-13
 2.82E-13 5.14E-13 7.83E-13 9.92E-13 1.04E-12 1.03E-12
 1.00E-74 1.00E-74 1.00E-74 1.75E-31 9.25E-22 5.40E-16 3.86E-14 1.49E-13
 2.82E-13 5.14E-13 7.83E-13 9.92E-13 1.04E-12 1.03E-12
 1.00E-74 1.00E-74 1.00E-74 1.75E-31 9.25E-22 5.40E-16 3.86E-14 1.49E-13
 2.82E-13 5.14E-13 7.83E-13 9.92E-13 1.04E-12 1.03E-12
 1.00E-74 1.00E-74 1.00E-74 1.75E-31 9.25E-22 5.40E-16 3.86E-14 1.49E-13
 2.82E-13 5.14E-13 7.83E-13 9.92E-13 1.04E-12 1.03E-12
 1.00E-74 1.00E-74 1.00E-74 1.76E-31 9.27E-22 5.41E-16 3.86E-14 1.49E-13
 2.83E-13 5.15E-13 7.84E-13 9.93E-13 1.04E-12 1.03E-12
 1.00E-74 1.00E-74 1.00E-74 1.81E-31 9.48E-22 5.48E-16 3.90E-14 1.50E-13
 2.84E-13 5.17E-13 7.87E-13 9.96E-13 1.05E-12 1.03E-12
 1.00E-74 1.00E-74 4.53E-51 2.26E-31 1.14E-21 6.22E-16 4.28E-14 1.63E-13
 3.05E-13 5.49E-13 8.26E-13 1.03E-12 1.08E-12 1.05E-12
  26.3115    7  14 /pl=01:ss=10:pb= 1:sz=10/type=excit/ispb = t/isel =    7
 1.00E+10 1.00E+11 1.00E+12 1.00E+13 1.00E+14 1.00E+15 1.00E+16
 2.09E+00 3.13E+00 5.21E+00 1.04E+01 2.09E+01 5.21E+01 1.04E+02 1.56E+02
 2.09E+02 3.13E+02 5.21E+02 1.04E+03 2.09E+03 3.13E+03
 1.00E-74 1.00E-74 1.00E-74 2.96E-33 3.73E-22 1.33E-15 1.69E-13 7.75E-13
 1.61E-12 3.11E-12 4.89E-12 5.91E-12 5.55E-12 5.02E-12
 1.00E-74 1.00E-74 1.00E-74 2.96E-33 3.73E-22 1.33E-15 1.69E-13 7.75E-13
 1.61E-12 3.11E-12 4.89E-12 5.91E-12 5.55E-12 5.02E-12
 1.00E-74 1.00E-74 1.00E-74 2.96E-33 3.73E-22 1.33E-15 1.69E-13 7.75E-13
 1.61E-12 3.11E-12 4.89E-12 5.91E-12 5.55E-12 5.02E-12
 1.00E-74 1.00E-74 1.00E-74 2.96E-33 3.73E-22 1.33E-15 1.69E-13 7.75E-13
 1.61E-12 3.11E-12 4.89E-12 5.91E-12 5.55E-12 5.02E-12
 1.00E-74 1.00E-74 1.00E-74 2.96E-33 3.73E-22 1.33E-15 1.69E-13 7.75E-13
 1.61E-12 3.11E-12 4.89E-12 5.91E-12 5.55E-12 5.02E-12
 1.00E-74 1.00E-74 1.00E-74 2.97E-33 3.74E-22 1.33E-15 1.69E-13 7.76E-13
 1.61E-12 3.11E-12 4.90E-12 5.91E-12 5.56E-12 5.03E-12
 1.00E-74 1.00E-74 1.00E-74 3.04E-33 3.81E-22 1.35E-15 1.71E-13 7.83E-13
 1.62E-12 3.14E-12 4.93E-12 5.96E-12 5.61E-12 5.08E-12
  28.1410    7  14 /pl=01:ss=10:pb= 1:sz=10/type=excit/ispb = t/isel =    8
 1.00E+10 1.00E+11 1.00E+12 1.00E+13 1.00E+14 1.00E+15 1.00E+16
 2.09E+00 3.13E+00 5.21E+00 1.04E+01 2.09E+01 5.21E+01 1.04E+02 1.56E+02
 2.09E+02 3.13E+02 5.21E+02 1.04E+03 2.09E+03 3.13E+03
 1.00E-74 1.00E-74 1.00E-74 5.98E-28 6.38E-19 1.33E-13 6.64E-12 2.27E-11
 4.10E-11 7.02E-11 1.04E-10 1.29E-10 1.35E-10 1.32E-10
 1.00E-74 1.00E-74 1.00E-74 5.98E-28 6.38E-19 1.33E-13 6.64E-12 2.27E-11
 4.10E-11 7.02E-11 1.04E-10 1.29E-10 1.35E-10 1.32E-10
 1.00E-74 1.00E-74 4.37E-46 5.98E-28 6.38E-19 1.33E-13 6.64E-12 2.27E-11
 4.10E-11 7.02E-11 1.04E-10 1.29E-10 1.35E-10 1.32E-10
 1.00E-74 1.00E-74 3.93E-46 5.98E-28 6.38E-19 1.33E-13 6.64E-12 2.27E-11
 4.10E-11 7.02E-11 1.04E-10 1.29E-10 1.35E-10 1.32E-10
 1.00E-74 1.00E-74 3.76E-46 5.98E-28 6.38E-19 1.33E-13 6.64E-12 2.27E-11
 4.10E-11 7.02E-11 1.04E-10 1.29E-10 1.35E-10 1.32E-10
 1.00E-74 1.00E-74 3.77E-46 5.99E-28 6.38E-19 1.33E-13 6.64E-12 2.27E-11
 4.10E-11 7.03E-11 1.04E-10 1.29E-10 1.35E-10 1.33E-10
 1.00E-74 1.00E-74 3.82E-46 6.04E-28 6.43E-19 1.34E-13 6.69E-12 2.29E-11
 4.12E-11 7.07E-11 1.04E-10 1.30E-10 1.36E-10 1.33E-10
  28.6713    7  14 /pl=01:ss=10:pb= 1:sz=10/type=excit/ispb = t/isel =    9
 1.00E+10 1.00E+11 1.00E+12 1.00E+13 1.00E+14 1.00E+15 1.00E+16
 2.09E+00 3.13E+00 5.21E+00 1.04E+01 2.09E+01 5.21E+01 1.04E+02 1.56E+02
 2.09E+02 3.13E+02 5.21E+02 1.04E+03 2.09E+03 3.13E+03
 1.00E-74 1.00E-74 1.00E-74 3.98E-31 7.84E-21 9.24E-15 8.08E-13 3.31E-12
 6.41E-12 1.18E-11 1.77E-11 2.09E-11 1.95E-11 1.76E-11
 1.00E-74 1.00E-74 1.00E-74 3.98E-31 7.84E-21 9.24E-15 8.08E-13 3.31E-12
 6.41E-12 1.18E-11 1.77E-11 2.09E-11 1.95E-11 1.76E-11
 1.00E-74 1.00E-74 1.00E-74 3.98E-31 7.84E-21 9.24E-15 8.08E-13 3.31E-12
 6.41E-12 1.18E-11 1.77E-11 2.09E-11 1.95E-11 1.76E-11
 1.00E-74 1.00E-74 1.00E-74 3.98E-31 7.84E-21 9.24E-15 8.08E-13 3.31E-12
 6.41E-12 1.18E-11 1.77E-11 2.09E-11 1.95E-11 1.76E-11
 1.00E-74 1.00E-74 1.00E-74 3.98E-31 7.84E-21 9.24E-15 8.08E-13 3.31E-12
 6.41E-12 1.18E-11 1.77E-11 2.09E-11 1.95E-11 1.76E-11
 1.00E-74 1.00E-74 1.00E-74 3.99E-31 7.85E-21 9.25E-15 8.08E-13 3.31E-12
 6.42E-12 1.18E-11 1.77E-11 2.09E-11 1.95E-11 1.76E-11
 1.00E-74 1.00E-74 1.00E-74 4.03E-31 7.92E-21 9.30E-15 8.11E-13 3.32E-12
 6.43E-12 1.18E-11 1.77E-11 2.09E-11 1.95E-11 1.77E-11
  29.1173    7  14 /pl=01:ss=10:pb= 1:sz=10/type=excit/ispb = t/isel =   10
 1.00E+10 1.00E+11 1.00E+12 1.00E+13 1.00E+14 1.00E+15 1.00E+16
 2.09E+00 3.13E+00 5.21E+00 1.04E+01 2.09E+01 5.21E+01 1.04E+02 1.56E+02
 2.09E+02 3.13E+02 5.21E+02 1.04E+03 2.09E+03 3.13E+03
 1.00E-74 1.00E-74 1.00E-74 4.90E-29 2.76E-20 4.70E-15 2.40E-13 8.40E-13
 1.52E-12 2.65E-12 3.89E-12 4.77E-12 4.88E-12 4.73E-12
 1.00E-74 1.00E-74 1.00E-74 4.90E-29 2.76E-20 4.70E-15 2.40E-13 8.40E-13
 1.52E-12 2.65E-12 3.89E-12 4.77E-12 4.88E-12 4.73E-12
 1.00E-74 1.00E-74 9.51E-47 4.90E-29 2.76E-20 4.70E-15 2.40E-13 8.40E-13
 1.52E-12 2.65E-12 3.89E-12 4.77E-12 4.88E-12 4.73E-12
 1.00E-74 1.00E-74 1.24E-46 4.90E-29 2.76E-20 4.70E-15 2.40E-13 8.40E-13
 1.52E-12 2.65E-12 3.89E-12 4.77E-12 4.88E-12 4.73E-12
 1.00E-74 1.00E-74 1.25E-46 4.91E-29 2.76E-20 4.70E-15 2.40E-13 8.40E-13
 1.52E-12 2.65E-12 3.89E-12 4.77E-12 4.88E-12 4.73E-12
 1.00E-74 1.00E-74 1.27E-46 4.97E-29 2.79E-20 4.72E-15 2.40E-13 8.41E-13
 1.52E-12 2.65E-12 3.89E-12 4.77E-12 4.88E-12 4.73E-12
 1.00E-74 1.00E-74 1.42E-46 5.54E-29 3.05E-20 4.95E-15 2.46E-13 8.55E-13
 1.54E-12 2.68E-12 3.92E-12 4.82E-12 4.93E-12 4.78E-12
  31.3207    7  14 /pl=01:ss=10:pb= 1:sz=10/type=excit/ispb = t/isel =   11
 1.00E+10 1.00E+11 1.00E+12 1.00E+13 1.00E+14 1.00E+15 1.00E+16
 2.09E+00 3.13E+00 5.21E+00 1.04E+01 2.09E+01 5.21E+01 1.04E+02 1.56E+02
 2.09E+02 3.13E+02 5.21E+02 1.04E+03 2.09E+03 3.13E+03
 1.00E-74 1.00E-74 1.03E-42 2.23E-26 2.80E-18 1.65E-13 5.71E-12 1.77E-11
 3.07E-11 5.20E-11 7.74E-11 1.03E-10 1.17E-10 1.20E-10
 1.00E-74 1.00E-74 1.02E-42 2.23E-26 2.80E-18 1.65E-13 5.71E-12 1.77E-11
 3.07E-11 5.20E-11 7.74E-11 1.03E-10 1.17E-10 1.20E-10
 1.00E-74 1.00E-74 1.02E-42 2.23E-26 2.80E-18 1.65E-13 5.71E-12 1.77E-11
 3.07E-11 5.20E-11 7.74E-11 1.03E-10 1.17E-10 1.20E-10
 1.00E-74 1.00E-74 1.02E-42 2.23E-26 2.80E-18 1.65E-13 5.71E-12 1.77E-11
 3.07E-11 5.20E-11 7.74E-11 1.03E-10 1.17E-10 1.20E-10
 1.00E-74 1.00E-74 1.02E-42 2.23E-26 2.80E-18 1.65E-13 5.71E-12 1.77E-11
 3.08E-11 5.20E-11 7.74E-11 1.03E-10 1.17E-10 1.20E-10
 1.00E-74 1.00E-74 1.02E-42 2.23E-26 2.80E-18 1.65E-13 5.71E-12 1.77E-11
 3.08E-11 5.20E-11 7.74E-11 1.03E-10 1.17E-10 1.20E-10
 1.00E-74 1.00E-74 1.03E-42 2.25E-26 2.82E-18 1.65E-13 5.73E-12 1.78E-11
 3.08E-11 5.20E-11 7.75E-11 1.03E-10 1.17E-10 1.20E-10
  34.8577    7  14 /pl=01:ss=10:pb= 1:sz=10/type=excit/ispb = t/isel =   12
 1.00E+10 1.00E+11 1.00E+12 1.00E+13 1.00E+14 1.00E+15 1.00E+16
 2.09E+00 3.13E+00 5.21E+00 1.04E+01 2.09E+01 5.21E+01 1.04E+02 1.56E+02
 2.09E+02 3.13E+02 5.21E+02 1.04E+03 2.09E+03 3.13E+03
 1.00E-74 1.00E-74 2.28E-38 1.05E-23 1.91E-16 3.44E-12 7.69E-11 2.04E-10
 3.22E-10 4.94E-10 6.68E-10 7.97E-10 8.30E-10 8.17E-10
 1.00E-74 1.00E-74 2.28E-38 1.05E-23 1.91E-16 3.44E-12 7.69E-11 2.04E-10
 3.22E-10 4.94E-10 6.68E-10 7.97E-10 8.30E-10 8.17E-10
 1.00E-74 1.00E-74 2.28E-38 1.05E-23 1.91E-16 3.44E-12 7.69E-11 2.04E-10
 3.22E-10 4.94E-10 6.68E-10 7.97E-10 8.30E-10 8.17E-10
 1.00E-74 1.00E-74 2.28E-38 1.05E-23 1.91E-16 3.44E-12 7.69E-11 2.04E-10
 3.22E-10 4.94E-10 6.68E-10 7.97E-10 8.30E-10 8.17E-10
 1.00E-74 1.00E-74 2.28E-38 1.05E-23 1.91E-16 3.44E-12 7.70E-11 2.04E-10
 3.22E-10 4.94E-10 6.68E-10 7.97E-10 8.30E-10 8.17E-10
 1.00E-74 1.00E-74 2.30E-38 1.06E-23 1.92E-16 3.45E-12 7.72E-11 2.04E-10
 3.23E-10 4.95E-10 6.69E-10 7.98E-10 8.31E-10 8.18E-10
 1.00E-74 1.00E-74 2.45E-38 1.11E-23 1.99E-16 3.55E-12 7.90E-11 2.09E-10
 3.30E-10 5.04E-10 6.80E-10 8.07E-10 8.38E-10 8.23E-10
  35.6637    7  14 /pl=01:ss=10:pb= 1:sz=10/type=excit/ispb = t/isel =   13
 1.00E+10 1.00E+11 1.00E+12 1.00E+13 1.00E+14 1.00E+15 1.00E+16
 2.09E+00 3.13E+00 5.21E+00 1.04E+01 2.09E+01 5.21E+01 1.04E+02 1.56E+02
 2.09E+02 3.13E+02 5.21E+02 1.04E+03 2.09E+03 3.13E+03
 1.00E-74 1.00E-74 7.41E-44 8.19E-27 2.76E-18 2.82E-13 1.10E-11 3.43E-11
 5.85E-11 9.40E-11 1.28E-10 1.42E-10 1.29E-10 1.16E-10
 1.00E-74 1.00E-74 5.19E-44 8.19E-27 2.76E-18 2.82E-13 1.10E-11 3.43E-11
 5.85E-11 9.40E-11 1.28E-10 1.42E-10 1.29E-10 1.16E-10
 1.00E-74 1.00E-74 5.11E-44 8.19E-27 2.76E-18 2.82E-13 1.10E-11 3.43E-11
 5.85E-11 9.40E-11 1.28E-10 1.42E-10 1.29E-10 1.16E-10
 1.00E-74 1.00E-74 5.12E-44 8.19E-27 2.76E-18 2.82E-13 1.10E-11 3.43E-11
 5.85E-11 9.40E-11 1.28E-10 1.42E-10 1.29E-10 1.16E-10
 1.00E-74 1.00E-74 5.12E-44 8.19E-27 2.76E-18 2.82E-13 1.10E-11 3.43E-11
 5.85E-11 9.40E-11 1.28E-10 1.42E-10 1.29E-10 1.16E-10
 1.00E-74 1.00E-74 5.13E-44 8.20E-27 2.76E-18 2.82E-13 1.10E-11 3.44E-11
 5.85E-11 9.40E-11 1.28E-10 1.42E-10 1.29E-10 1.16E-10
 1.00E-74 1.00E-74 5.20E-44 8.28E-27 2.78E-18 2.83E-13 1.10E-11 3.44E-11
 5.86E-11 9.42E-11 1.28E-10 1.42E-10 1.29E-10 1.16E-10
  37.0444    7  14 /pl=01:ss=10:pb= 1:sz=10/type=excit/ispb = t/isel =   14
 1.00E+10 1.00E+11 1.00E+12 1.00E+13 1.00E+14 1.00E+15 1.00E+16
 2.09E+00 3.13E+00 5.21E+00 1.04E+01 2.09E+01 5.21E+01 1.04E+02 1.56E+02
 2.09E+02 3.13E+02 5.21E+02 1.04E+03 2.09E+03 3.13E+03
 1.00E-74 1.00E-74 1.10E-38 6.82E-25 4.52E-18 4.52E-14 8.63E-13 2.19E-12
 3.39E-12 5.01E-12 6.40E-12 6.91E-12 6.36E-12 5.81E-12
 1.00E-74 1.00E-74 1.10E-38 6.82E-25 4.52E-18 4.52E-14 8.63E-13 2.19E-12
 3.39E-12 5.01E-12 6.40E-12 6.91E-12 6.36E-12 5.81E-12
 1.00E-74 1.00E-74 1.10E-38 6.82E-25 4.52E-18 4.52E-14 8.63E-13 2.19E-12
 3.39E-12 5.01E-12 6.40E-12 6.91E-12 6.36E-12 5.81E-12
 1.00E-74 1.00E-74 1.10E-38 6.82E-25 4.52E-18 4.52E-14 8.63E-13 2.19E-12
 3.39E-12 5.01E-12 6.40E-12 6.91E-12 6.36E-12 5.81E-12
 1.00E-74 1.00E-74 1.09E-38 6.81E-25 4.52E-18 4.52E-14 8.62E-13 2.19E-12
 3.38E-12 5.00E-12 6.39E-12 6.90E-12 6.35E-12 5.81E-12
 1.00E-74 1.00E-74 1.08E-38 6.71E-25 4.45E-18 4.46E-14 8.51E-13 2.17E-12
 3.35E-12 4.96E-12 6.34E-12 6.85E-12 6.31E-12 5.78E-12
 1.00E-74 1.00E-74 9.14E-39 5.83E-25 3.90E-18 3.93E-14 7.60E-13 1.95E-12
 3.03E-12 4.52E-12 5.84E-12 6.40E-12 5.97E-12 5.50E-12
  39.1325    7  14 /pl=01:ss=10:pb= 1:sz=10/type=excit/ispb = t/isel =   15
 1.00E+10 1.00E+11 1.00E+12 1.00E+13 1.00E+14 1.00E+15 1.00E+16
 2.09E+00 3.13E+00 5.21E+00 1.04E+01 2.09E+01 5.21E+01 1.04E+02 1.56E+02
 2.09E+02 3.13E+02 5.21E+02 1.04E+03 2.09E+03 3.13E+03
 1.00E-74 1.00E-74 1.83E-36 4.02E-23 2.06E-16 1.92E-12 3.71E-11 9.59E-11
 1.50E-10 2.25E-10 2.92E-10 3.22E-10 3.03E-10 2.81E-10
 1.00E-74 1.00E-74 1.83E-36 4.02E-23 2.06E-16 1.92E-12 3.71E-11 9.59E-11
 1.50E-10 2.25E-10 2.92E-10 3.22E-10 3.03E-10 2.81E-10
 1.00E-74 1.00E-74 1.83E-36 4.02E-23 2.06E-16 1.92E-12 3.71E-11 9.59E-11
 1.50E-10 2.25E-10 2.92E-10 3.22E-10 3.03E-10 2.81E-10
 1.00E-74 1.00E-74 1.83E-36 4.02E-23 2.06E-16 1.92E-12 3.71E-11 9.59E-11
 1.50E-10 2.25E-10 2.92E-10 3.22E-10 3.03E-10 2.81E-10
 1.00E-74 1.00E-74 1.83E-36 4.02E-23 2.06E-16 1.92E-12 3.71E-11 9.58E-11
 1.50E-10 2.25E-10 2.92E-10 3.22E-10 3.03E-10 2.81E-10
 1.00E-74 1.00E-74 1.83E-36 4.01E-23 2.05E-16 1.91E-12 3.69E-11 9.53E-11
 1.49E-10 2.24E-10 2.91E-10 3.21E-10 3.02E-10 2.80E-10
 1.00E-74 1.00E-74 1.83E-36 3.96E-23 1.98E-16 1.81E-12 3.50E-11 9.05E-11
 1.42E-10 2.14E-10 2.79E-10 3.10E-10 2.94E-10 2.74E-10
  63.6671    7  14 /pl=01:ss=10:pb= 1:sz=10/type=excit/ispb = t/isel =   16
 1.00E+10 1.00E+11 1.00E+12 1.00E+13 1.00E+14 1.00E+15 1.00E+16
 2.09E+00 3.13E+00 5.21E+00 1.04E+01 2.09E+01 5.21E+01 1.04E+02 1.56E+02
 2.09E+02 3.13E+02 5.21E+02 1.04E+03 2.09E+03 3.13E+03
 1.00E-74 1.00E-74 1.00E-74 1.09E-32 3.48E-22 5.45E-16 5.22E-14 2.20E-13
 4.33E-13 8.08E-13 1.22E-12 1.44E-12 1.34E-12 1.21E-12
 1.00E-74 1.00E-74 1.00E-74 1.09E-32 3.48E-22 5.45E-16 5.22E-14 2.20E-13
 4.33E-13 8.08E-13 1.22E-12 1.44E-12 1.34E-12 1.21E-12
 1.00E-74 1.00E-74 1.00E-74 1.09E-32 3.48E-22 5.45E-16 5.22E-14 2.20E-13
 4.33E-13 8.08E-13 1.22E-12 1.44E-12 1.34E-12 1.21E-12
 1.00E-74 1.00E-74 1.00E-74 1.09E-32 3.48E-22 5.45E-16 5.22E-14 2.20E-13
 4.33E-13 8.08E-13 1.22E-12 1.44E-12 1.34E-12 1.21E-12
 1.00E-74 1.00E-74 1.00E-74 1.08E-32 3.46E-22 5.42E-16 5.20E-14 2.19E-13
 4.32E-13 8.06E-13 1.22E-12 1.44E-12 1.34E-12 1.20E-12
 1.00E-74 1.00E-74 1.00E-74 1.02E-32 3.27E-22 5.19E-16 5.01E-14 2.12E-13
 4.19E-13 7.86E-13 1.19E-12 1.42E-12 1.33E-12 1.20E-12
 1.00E-74 1.00E-74 1.00E-74 7.79E-33 2.54E-22 4.13E-16 4.09E-14 1.76E-13
 3.51E-13 6.71E-13 1.04E-12 1.29E-12 1.25E-12 1.15E-12
  68.3504    7  14 /pl=01:ss=10:pb= 1:sz=10/type=excit/ispb = t/isel =   17
 1.00E+10 1.00E+11 1.00E+12 1.00E+13 1.00E+14 1.00E+15 1.00E+16
 2.09E+00 3.13E+00 5.21E+00 1.04E+01 2.09E+01 5.21E+01 1.04E+02 1.56E+02
 2.09E+02 3.13E+02 5.21E+02 1.04E+03 2.09E+03 3.13E+03
 1.00E-74 1.00E-74 1.00E-74 7.52E-32 1.28E-21 1.38E-15 1.17E-13 4.74E-13
 9.14E-13 1.67E-12 2.49E-12 2.94E-12 2.73E-12 2.47E-12
 1.00E-74 1.00E-74 1.00E-74 7.52E-32 1.28E-21 1.38E-15 1.17E-13 4.74E-13
 9.14E-13 1.67E-12 2.49E-12 2.94E-12 2.73E-12 2.47E-12
 1.00E-74 1.00E-74 1.00E-74 7.52E-32 1.28E-21 1.38E-15 1.17E-13 4.74E-13
 9.14E-13 1.67E-12 2.49E-12 2.94E-12 2.73E-12 2.47E-12
 1.00E-74 1.00E-74 1.00E-74 7.51E-32 1.28E-21 1.38E-15 1.17E-13 4.74E-13
 9.14E-13 1.67E-12 2.49E-12 2.94E-12 2.73E-12 2.47E-12
 1.00E-74 1.00E-74 1.00E-74 7.50E-32 1.28E-21 1.38E-15 1.17E-13 4.73E-13
 9.13E-13 1.67E-12 2.49E-12 2.93E-12 2.73E-12 2.47E-12
 1.00E-74 1.00E-74 1.00E-74 7.33E-32 1.25E-21 1.36E-15 1.15E-13 4.68E-13
 9.04E-13 1.66E-12 2.47E-12 2.92E-12 2.72E-12 2.46E-12
 1.00E-74 1.00E-74 1.00E-74 6.27E-32 1.08E-21 1.20E-15 1.04E-13 4.24E-13
 8.25E-13 1.53E-12 2.31E-12 2.78E-12 2.63E-12 2.40E-12
  69.5847    7  14 /pl=01:ss=10:pb= 1:sz=10/type=excit/ispb = t/isel =   18
 1.00E+10 1.00E+11 1.00E+12 1.00E+13 1.00E+14 1.00E+15 1.00E+16
 2.09E+00 3.13E+00 5.21E+00 1.04E+01 2.09E+01 5.21E+01 1.04E+02 1.56E+02
 2.09E+02 3.13E+02 5.21E+02 1.04E+03 2.09E+03 3.13E+03
 1.00E-74 1.00E-74 1.00E-74 2.29E-32 7.77E-22 1.27E-15 1.25E-13 5.32E-13
 1.06E-12 2.04E-12 3.23E-12 4.22E-12 4.49E-12 4.43E-12
 1.00E-74 1.00E-74 1.00E-74 2.29E-32 7.77E-22 1.27E-15 1.25E-13 5.32E-13
 1.06E-12 2.04E-12 3.23E-12 4.22E-12 4.49E-12 4.43E-12
 1.00E-74 1.00E-74 1.00E-74 2.29E-32 7.77E-22 1.27E-15 1.25E-13 5.32E-13
 1.06E-12 2.04E-12 3.23E-12 4.22E-12 4.49E-12 4.43E-12
 1.00E-74 1.00E-74 1.00E-74 2.29E-32 7.77E-22 1.27E-15 1.25E-13 5.32E-13
 1.06E-12 2.04E-12 3.23E-12 4.22E-12 4.49E-12 4.43E-12
 1.00E-74 1.00E-74 1.00E-74 2.29E-32 7.76E-22 1.27E-15 1.25E-13 5.32E-13
 1.06E-12 2.04E-12 3.23E-12 4.22E-12 4.49E-12 4.43E-12
 1.00E-74 1.00E-74 1.00E-74 2.26E-32 7.67E-22 1.26E-15 1.24E-13 5.28E-13
 1.05E-12 2.03E-12 3.21E-12 4.20E-12 4.48E-12 4.41E-12
 1.00E-74 1.00E-74 1.00E-74 2.06E-32 7.06E-22 1.17E-15 1.16E-13 5.00E-13
 1.00E-12 1.93E-12 3.08E-12 4.04E-12 4.32E-12 4.27E-12
  74.8517    7  14 /pl=01:ss=10:pb= 1:sz=10/type=excit/ispb = t/isel =   19
 1.00E+10 1.00E+11 1.00E+12 1.00E+13 1.00E+14 1.00E+15 1.00E+16
 2.09E+00 3.13E+00 5.21E+00 1.04E+01 2.09E+01 5.21E+01 1.04E+02 1.56E+02
 2.09E+02 3.13E+02 5.21E+02 1.04E+03 2.09E+03 3.13E+03
 1.00E-74 1.00E-74 1.00E-74 1.33E-31 2.48E-21 2.84E-15 2.47E-13 1.02E-12
 1.99E-12 3.74E-12 5.84E-12 7.56E-12 8.01E-12 7.88E-12
 1.00E-74 1.00E-74 1.00E-74 1.33E-31 2.48E-21 2.84E-15 2.47E-13 1.02E-12
 1.99E-12 3.74E-12 5.84E-12 7.56E-12 8.01E-12 7.88E-12
 1.00E-74 1.00E-74 1.00E-74 1.33E-31 2.48E-21 2.84E-15 2.47E-13 1.02E-12
 1.99E-12 3.74E-12 5.84E-12 7.56E-12 8.01E-12 7.88E-12
 1.00E-74 1.00E-74 1.00E-74 1.33E-31 2.48E-21 2.84E-15 2.47E-13 1.02E-12
 1.99E-12 3.74E-12 5.84E-12 7.56E-12 8.01E-12 7.88E-12
 1.00E-74 1.00E-74 1.00E-74 1.32E-31 2.48E-21 2.84E-15 2.47E-13 1.02E-12
 1.99E-12 3.74E-12 5.84E-12 7.56E-12 8.01E-12 7.88E-12
 1.00E-74 1.00E-74 1.00E-74 1.32E-31 2.47E-21 2.83E-15 2.47E-13 1.01E-12
 1.99E-12 3.73E-12 5.84E-12 7.55E-12 8.00E-12 7.87E-12
 1.00E-74 1.00E-74 1.00E-74 1.28E-31 2.41E-21 2.77E-15 2.43E-13 1.00E-12
 1.96E-12 3.69E-12 5.77E-12 7.47E-12 7.92E-12 7.80E-12
  78.0602    7  14 /pl=01:ss=10:pb= 1:sz=10/type=excit/ispb = t/isel =   20
 1.00E+10 1.00E+11 1.00E+12 1.00E+13 1.00E+14 1.00E+15 1.00E+16
 2.09E+00 3.13E+00 5.21E+00 1.04E+01 2.09E+01 5.21E+01 1.04E+02 1.56E+02
 2.09E+02 3.13E+02 5.21E+02 1.04E+03 2.09E+03 3.13E+03
 1.00E-74 1.00E-74 1.00E-74 1.51E-30 8.80E-21 5.12E-15 3.55E-13 1.35E-12
 2.52E-12 4.47E-12 6.53E-12 7.59E-12 7.11E-12 6.47E-12
 1.00E-74 1.00E-74 1.00E-74 1.51E-30 8.80E-21 5.12E-15 3.55E-13 1.35E-12
 2.52E-12 4.47E-12 6.53E-12 7.59E-12 7.11E-12 6.47E-12
 1.00E-74 1.00E-74 1.00E-74 1.51E-30 8.80E-21 5.12E-15 3.55E-13 1.35E-12
 2.52E-12 4.47E-12 6.53E-12 7.59E-12 7.11E-12 6.47E-12
 1.00E-74 1.00E-74 1.00E-74 1.51E-30 8.80E-21 5.12E-15 3.55E-13 1.35E-12
 2.52E-12 4.47E-12 6.53E-12 7.59E-12 7.11E-12 6.47E-12
 1.00E-74 1.00E-74 1.00E-74 1.51E-30 8.79E-21 5.12E-15 3.55E-13 1.35E-12
 2.52E-12 4.47E-12 6.52E-12 7.59E-12 7.11E-12 6.46E-12
 1.00E-74 1.00E-74 3.32E-50 1.50E-30 8.75E-21 5.10E-15 3.54E-13 1.35E-12
 2.51E-12 4.45E-12 6.51E-12 7.58E-12 7.10E-12 6.46E-12
 1.00E-74 1.00E-74 2.99E-50 1.43E-30 8.35E-21 4.89E-15 3.41E-13 1.30E-12
 2.44E-12 4.34E-12 6.37E-12 7.45E-12 7.02E-12 6.39E-12
  78.5921    7  14 /pl=01:ss=10:pb= 1:sz=10/type=excit/ispb = t/isel =   21
 1.00E+10 1.00E+11 1.00E+12 1.00E+13 1.00E+14 1.00E+15 1.00E+16
 2.09E+00 3.13E+00 5.21E+00 1.04E+01 2.09E+01 5.21E+01 1.04E+02 1.56E+02
 2.09E+02 3.13E+02 5.21E+02 1.04E+03 2.09E+03 3.13E+03
 1.00E-74 1.00E-74 1.00E-74 8.94E-33 3.12E-22 5.16E-16 5.08E-14 2.16E-13
 4.29E-13 8.12E-13 1.26E-12 1.55E-12 1.51E-12 1.39E-12
 1.00E-74 1.00E-74 1.00E-74 8.94E-33 3.12E-22 5.16E-16 5.08E-14 2.16E-13
 4.29E-13 8.12E-13 1.26E-12 1.55E-12 1.51E-12 1.39E-12
 1.00E-74 1.00E-74 1.00E-74 8.94E-33 3.12E-22 5.16E-16 5.08E-14 2.16E-13
 4.29E-13 8.12E-13 1.26E-12 1.55E-12 1.51E-12 1.39E-12
 1.00E-74 1.00E-74 1.00E-74 8.96E-33 3.12E-22 5.16E-16 5.08E-14 2.16E-13
 4.30E-13 8.12E-13 1.26E-12 1.55E-12 1.51E-12 1.39E-12
 1.00E-74 1.00E-74 1.00E-74 9.08E-33 3.16E-22 5.21E-16 5.12E-14 2.17E-13
 4.32E-13 8.16E-13 1.26E-12 1.56E-12 1.52E-12 1.40E-12
 1.00E-74 1.00E-74 1.00E-74 1.02E-32 3.49E-22 5.62E-16 5.44E-14 2.29E-13
 4.54E-13 8.53E-13 1.31E-12 1.61E-12 1.56E-12 1.43E-12
 1.00E-74 1.00E-74 1.00E-74 1.69E-32 5.53E-22 8.43E-16 7.81E-14 3.21E-13
 6.24E-13 1.15E-12 1.71E-12 2.04E-12 1.93E-12 1.76E-12
  85.1755    7  14 /pl=01:ss=10:pb= 1:sz=10/type=excit/ispb = t/isel =   22
 1.00E+10 1.00E+11 1.00E+12 1.00E+13 1.00E+14 1.00E+15 1.00E+16
 2.09E+00 3.13E+00 5.21E+00 1.04E+01 2.09E+01 5.21E+01 1.04E+02 1.56E+02
 2.09E+02 3.13E+02 5.21E+02 1.04E+03 2.09E+03 3.13E+03
 1.00E-74 1.00E-74 1.00E-74 5.02E-32 9.83E-22 1.15E-15 1.01E-13 4.14E-13
 8.09E-13 1.50E-12 2.30E-12 2.81E-12 2.73E-12 2.52E-12
 1.00E-74 1.00E-74 1.00E-74 5.02E-32 9.84E-22 1.15E-15 1.01E-13 4.14E-13
 8.09E-13 1.50E-12 2.30E-12 2.81E-12 2.73E-12 2.52E-12
 1.00E-74 1.00E-74 1.00E-74 5.02E-32 9.84E-22 1.15E-15 1.01E-13 4.14E-13
 8.09E-13 1.50E-12 2.30E-12 2.81E-12 2.73E-12 2.52E-12
 1.00E-74 1.00E-74 1.00E-74 5.02E-32 9.84E-22 1.15E-15 1.01E-13 4.14E-13
 8.09E-13 1.50E-12 2.30E-12 2.81E-12 2.73E-12 2.52E-12
 1.00E-74 1.00E-74 1.00E-74 5.05E-32 9.88E-22 1.16E-15 1.01E-13 4.15E-13
 8.11E-13 1.51E-12 2.30E-12 2.81E-12 2.73E-12 2.52E-12
 1.00E-74 1.00E-74 1.00E-74 5.30E-32 1.03E-21 1.19E-15 1.04E-13 4.24E-13
 8.26E-13 1.53E-12 2.33E-12 2.85E-12 2.76E-12 2.55E-12
 1.00E-74 1.00E-74 1.00E-74 7.40E-32 1.37E-21 1.50E-15 1.26E-13 5.03E-13
 9.68E-13 1.76E-12 2.64E-12 3.16E-12 3.02E-12 2.77E-12
  85.6696    7  14 /pl=01:ss=10:pb= 1:sz=10/type=excit/ispb = t/isel =   23
 1.00E+10 1.00E+11 1.00E+12 1.00E+13 1.00E+14 1.00E+15 1.00E+16
 2.09E+00 3.13E+00 5.21E+00 1.04E+01 2.09E+01 5.21E+01 1.04E+02 1.56E+02
 2.09E+02 3.13E+02 5.21E+02 1.04E+03 2.09E+03 3.13E+03
 1.00E-74 1.00E-74 1.00E-74 1.93E-30 1.33E-20 8.48E-15 6.11E-13 2.36E-12
 4.49E-12 8.19E-12 1.25E-11 1.60E-11 1.68E-11 1.65E-11
 1.00E-74 1.00E-74 1.00E-74 1.93E-30 1.33E-20 8.48E-15 6.11E-13 2.36E-12
 4.49E-12 8.19E-12 1.25E-11 1.60E-11 1.68E-11 1.65E-11
 1.00E-74 1.00E-74 1.00E-74 1.93E-30 1.33E-20 8.48E-15 6.11E-13 2.36E-12
 4.49E-12 8.19E-12 1.25E-11 1.60E-11 1.68E-11 1.65E-11
 1.00E-74 1.00E-74 1.00E-74 1.93E-30 1.33E-20 8.48E-15 6.11E-13 2.36E-12
 4.49E-12 8.19E-12 1.25E-11 1.60E-11 1.68E-11 1.65E-11
 1.00E-74 1.00E-74 1.00E-74 1.93E-30 1.33E-20 8.48E-15 6.11E-13 2.36E-12
 4.49E-12 8.19E-12 1.25E-11 1.60E-11 1.68E-11 1.65E-11
 1.00E-74 1.00E-74 1.00E-74 1.93E-30 1.33E-20 8.48E-15 6.11E-13 2.36E-12
 4.49E-12 8.19E-12 1.25E-11 1.60E-11 1.68E-11 1.65E-11
 1.00E-74 1.00E-74 3.08E-50 1.93E-30 1.33E-20 8.50E-15 6.12E-13 2.37E-12
 4.50E-12 8.21E-12 1.25E-11 1.60E-11 1.68E-11 1.65E-11
  85.8690    7  14 /pl=01:ss=10:pb= 1:sz=10/type=excit/ispb = t/isel =   24
 1.00E+10 1.00E+11 1.00E+12 1.00E+13 1.00E+14 1.00E+15 1.00E+16
 2.09E+00 3.13E+00 5.21E+00 1.04E+01 2.09E+01 5.21E+01 1.04E+02 1.56E+02
 2.09E+02 3.13E+02 5.21E+02 1.04E+03 2.09E+03 3.13E+03
 1.00E-74 1.00E-74 1.00E-74 1.70E-33 2.14E-22 7.64E-16 9.69E-14 4.45E-13
 9.22E-13 1.79E-12 2.81E-12 3.39E-12 3.19E-12 2.89E-12
 1.00E-74 1.00E-74 1.00E-74 1.70E-33 2.14E-22 7.64E-16 9.69E-14 4.45E-13
 9.22E-13 1.79E-12 2.81E-12 3.39E-12 3.19E-12 2.89E-12
 1.00E-74 1.00E-74 1.00E-74 1.70E-33 2.14E-22 7.64E-16 9.69E-14 4.45E-13
 9.22E-13 1.79E-12 2.81E-12 3.39E-12 3.19E-12 2.89E-12
 1.00E-74 1.00E-74 1.00E-74 1.70E-33 2.14E-22 7.64E-16 9.69E-14 4.45E-13
 9.22E-13 1.79E-12 2.81E-12 3.39E-12 3.19E-12 2.89E-12
 1.00E-74 1.00E-74 1.00E-74 1.70E-33 2.14E-22 7.64E-16 9.69E-14 4.45E-13
 9.22E-13 1.79E-12 2.81E-12 3.39E-12 3.19E-12 2.89E-12
 1.00E-74 1.00E-74 1.00E-74 1.70E-33 2.15E-22 7.65E-16 9.70E-14 4.46E-13
 9.23E-13 1.79E-12 2.81E-12 3.40E-12 3.19E-12 2.89E-12
 1.00E-74 1.00E-74 1.00E-74 1.75E-33 2.19E-22 7.75E-16 9.81E-14 4.50E-13
 9.32E-13 1.80E-12 2.83E-12 3.42E-12 3.22E-12 2.92E-12
  90.1558    7  14 /pl=01:ss=10:pb= 1:sz=10/type=excit/ispb = t/isel =   25
 1.00E+10 1.00E+11 1.00E+12 1.00E+13 1.00E+14 1.00E+15 1.00E+16
 2.09E+00 3.13E+00 5.21E+00 1.04E+01 2.09E+01 5.21E+01 1.04E+02 1.56E+02
 2.09E+02 3.13E+02 5.21E+02 1.04E+03 2.09E+03 3.13E+03
 1.00E-74 1.00E-74 1.00E-74 1.76E-31 9.30E-22 5.43E-16 3.88E-14 1.50E-13
 2.84E-13 5.18E-13 7.88E-13 9.98E-13 1.05E-12 1.03E-12
 1.00E-74 1.00E-74 1.00E-74 1.76E-31 9.30E-22 5.43E-16 3.88E-14 1.50E-13
 2.84E-13 5.18E-13 7.88E-13 9.98E-13 1.05E-12 1.03E-12
 1.00E-74 1.00E-74 1.00E-74 1.76E-31 9.30E-22 5.43E-16 3.88E-14 1.50E-13
 2.84E-13 5.18E-13 7.88E-13 9.98E-13 1.05E-12 1.03E-12
 1.00E-74 1.00E-74 1.00E-74 1.76E-31 9.31E-22 5.43E-16 3.88E-14 1.50E-13
 2.84E-13 5.18E-13 7.88E-13 9.98E-13 1.05E-12 1.03E-12
 1.00E-74 1.00E-74 1.00E-74 1.77E-31 9.33E-22 5.44E-16 3.89E-14 1.50E-13
 2.84E-13 5.18E-13 7.89E-13 9.99E-13 1.05E-12 1.03E-12
 1.00E-74 1.00E-74 1.00E-74 1.82E-31 9.54E-22 5.51E-16 3.92E-14 1.51E-13
 2.86E-13 5.21E-13 7.92E-13 1.00E-12 1.05E-12 1.04E-12
 1.00E-74 1.00E-74 4.55E-51 2.27E-31 1.15E-21 6.26E-16 4.31E-14 1.64E-13
 3.07E-13 5.53E-13 8.32E-13 1.04E-12 1.08E-12 1.06E-12
  98.9293    7  14 /pl=01:ss=10:pb= 1:sz=10/type=excit/ispb = t/isel =   26
 1.00E+10 1.00E+11 1.00E+12 1.00E+13 1.00E+14 1.00E+15 1.00E+16
 2.09E+00 3.13E+00 5.21E+00 1.04E+01 2.09E+01 5.21E+01 1.04E+02 1.56E+02
 2.09E+02 3.13E+02 5.21E+02 1.04E+03 2.09E+03 3.13E+03
 1.00E-74 1.00E-74 1.00E-74 6.92E-31 5.14E-21 3.39E-15 2.46E-13 9.48E-13
 1.79E-12 3.23E-12 4.82E-12 5.82E-12 5.62E-12 5.19E-12
 1.00E-74 1.00E-74 1.00E-74 6.92E-31 5.14E-21 3.39E-15 2.46E-13 9.48E-13
 1.79E-12 3.23E-12 4.82E-12 5.82E-12 5.62E-12 5.19E-12
 1.00E-74 1.00E-74 1.00E-74 6.92E-31 5.14E-21 3.39E-15 2.46E-13 9.48E-13
 1.79E-12 3.23E-12 4.82E-12 5.82E-12 5.62E-12 5.19E-12
 1.00E-74 1.00E-74 1.00E-74 6.92E-31 5.14E-21 3.39E-15 2.46E-13 9.48E-13
 1.79E-12 3.24E-12 4.82E-12 5.82E-12 5.62E-12 5.19E-12
 1.00E-74 1.00E-74 1.00E-74 6.93E-31 5.15E-21 3.40E-15 2.46E-13 9.49E-13
 1.79E-12 3.24E-12 4.83E-12 5.82E-12 5.62E-12 5.19E-12
 1.00E-74 1.00E-74 1.00E-74 7.09E-31 5.24E-21 3.44E-15 2.48E-13 9.56E-13
 1.81E-12 3.26E-12 4.85E-12 5.85E-12 5.64E-12 5.21E-12
 1.00E-74 1.00E-74 1.16E-50 8.50E-31 6.05E-21 3.83E-15 2.71E-13 1.03E-12
 1.94E-12 3.47E-12 5.11E-12 6.10E-12 5.85E-12 5.38E-12
  103.341    7  14 /pl=01:ss=10:pb= 1:sz=10/type=excit/ispb = t/isel =   27
 1.00E+10 1.00E+11 1.00E+12 1.00E+13 1.00E+14 1.00E+15 1.00E+16
 2.09E+00 3.13E+00 5.21E+00 1.04E+01 2.09E+01 5.21E+01 1.04E+02 1.56E+02
 2.09E+02 3.13E+02 5.21E+02 1.04E+03 2.09E+03 3.13E+03
 1.00E-74 1.00E-74 1.00E-74 4.04E-31 2.36E-21 1.37E-15 9.51E-14 3.62E-13
 6.74E-13 1.20E-12 1.75E-12 2.03E-12 1.91E-12 1.73E-12
 1.00E-74 1.00E-74 1.00E-74 4.04E-31 2.36E-21 1.37E-15 9.51E-14 3.62E-13
 6.74E-13 1.20E-12 1.75E-12 2.03E-12 1.91E-12 1.73E-12
 1.00E-74 1.00E-74 1.00E-74 4.04E-31 2.36E-21 1.37E-15 9.51E-14 3.62E-13
 6.74E-13 1.20E-12 1.75E-12 2.03E-12 1.91E-12 1.73E-12
 1.00E-74 1.00E-74 1.00E-74 4.04E-31 2.36E-21 1.37E-15 9.51E-14 3.62E-13
 6.74E-13 1.20E-12 1.75E-12 2.03E-12 1.91E-12 1.73E-12
 1.00E-74 1.00E-74 1.00E-74 4.04E-31 2.36E-21 1.37E-15 9.50E-14 3.62E-13
 6.74E-13 1.20E-12 1.75E-12 2.03E-12 1.91E-12 1.73E-12
 1.00E-74 1.00E-74 8.90E-51 4.02E-31 2.34E-21 1.37E-15 9.47E-14 3.60E-13
 6.72E-13 1.19E-12 1.74E-12 2.03E-12 1.90E-12 1.73E-12
 1.00E-74 1.00E-74 8.01E-51 3.83E-31 2.24E-21 1.31E-15 9.14E-14 3.49E-13
 6.52E-13 1.16E-12 1.71E-12 2.00E-12 1.88E-12 1.71E-12
  103.453    7  14 /pl=01:ss=10:pb= 1:sz=10/type=excit/ispb = t/isel =   28
 1.00E+10 1.00E+11 1.00E+12 1.00E+13 1.00E+14 1.00E+15 1.00E+16
 2.09E+00 3.13E+00 5.21E+00 1.04E+01 2.09E+01 5.21E+01 1.04E+02 1.56E+02
 2.09E+02 3.13E+02 5.21E+02 1.04E+03 2.09E+03 3.13E+03
 1.00E-74 1.00E-74 1.00E-74 3.22E-34 3.41E-23 1.10E-16 1.37E-14 6.36E-14
 1.33E-13 2.71E-13 4.61E-13 6.69E-13 7.95E-13 8.36E-13
 1.00E-74 1.00E-74 1.00E-74 3.22E-34 3.41E-23 1.10E-16 1.37E-14 6.36E-14
 1.33E-13 2.71E-13 4.61E-13 6.69E-13 7.95E-13 8.36E-13
 1.00E-74 1.00E-74 1.00E-74 3.22E-34 3.41E-23 1.10E-16 1.37E-14 6.36E-14
 1.33E-13 2.71E-13 4.61E-13 6.69E-13 7.95E-13 8.36E-13
 1.00E-74 1.00E-74 1.00E-74 3.22E-34 3.41E-23 1.10E-16 1.37E-14 6.36E-14
 1.33E-13 2.71E-13 4.61E-13 6.69E-13 7.95E-13 8.36E-13
 1.00E-74 1.00E-74 1.00E-74 3.22E-34 3.41E-23 1.10E-16 1.37E-14 6.36E-14
 1.33E-13 2.71E-13 4.61E-13 6.69E-13 7.95E-13 8.36E-13
 1.00E-74 1.00E-74 1.00E-74 3.21E-34 3.40E-23 1.10E-16 1.37E-14 6.35E-14
 1.33E-13 2.70E-13 4.60E-13 6.68E-13 7.94E-13 8.35E-13
 1.00E-74 1.00E-74 1.00E-74 3.17E-34 3.35E-23 1.08E-16 1.35E-14 6.27E-14
 1.32E-13 2.67E-13 4.55E-13 6.61E-13 7.86E-13 8.28E-13
  106.885    7  14 /pl=01:ss=10:pb= 1:sz=10/type=excit/ispb = t/isel =   29
 1.00E+10 1.00E+11 1.00E+12 1.00E+13 1.00E+14 1.00E+15 1.00E+16
 2.09E+00 3.13E+00 5.21E+00 1.04E+01 2.09E+01 5.21E+01 1.04E+02 1.56E+02
 2.09E+02 3.13E+02 5.21E+02 1.04E+03 2.09E+03 3.13E+03
 1.00E-74 1.00E-74 1.00E-74 3.16E-28 2.35E-19 4.07E-14 1.94E-12 6.53E-12
 1.16E-11 1.94E-11 2.73E-11 3.11E-11 2.91E-11 2.66E-11
 1.00E-74 1.00E-74 5.68E-46 3.16E-28 2.35E-19 4.07E-14 1.94E-12 6.53E-12
 1.16E-11 1.94E-11 2.73E-11 3.11E-11 2.91E-11 2.66E-11
 1.00E-74 1.00E-74 3.97E-46 3.16E-28 2.35E-19 4.07E-14 1.94E-12 6.53E-12
 1.16E-11 1.94E-11 2.73E-11 3.11E-11 2.91E-11 2.66E-11
 1.00E-74 1.00E-74 4.20E-46 3.16E-28 2.35E-19 4.07E-14 1.94E-12 6.53E-12
 1.16E-11 1.94E-11 2.73E-11 3.11E-11 2.91E-11 2.66E-11
 1.00E-74 1.00E-74 4.18E-46 3.16E-28 2.35E-19 4.07E-14 1.94E-12 6.53E-12
 1.16E-11 1.94E-11 2.73E-11 3.11E-11 2.91E-11 2.66E-11
 1.00E-74 1.00E-74 4.20E-46 3.17E-28 2.35E-19 4.07E-14 1.95E-12 6.54E-12
 1.16E-11 1.95E-11 2.73E-11 3.11E-11 2.91E-11 2.66E-11
 1.00E-74 1.00E-74 4.36E-46 3.24E-28 2.38E-19 4.09E-14 1.95E-12 6.54E-12
 1.16E-11 1.95E-11 2.73E-11 3.11E-11 2.90E-11 2.66E-11
  117.086    7  14 /pl=01:ss=10:pb= 1:sz=10/type=excit/ispb = t/isel =   30
 1.00E+10 1.00E+11 1.00E+12 1.00E+13 1.00E+14 1.00E+15 1.00E+16
 2.09E+00 3.13E+00 5.21E+00 1.04E+01 2.09E+01 5.21E+01 1.04E+02 1.56E+02
 2.09E+02 3.13E+02 5.21E+02 1.04E+03 2.09E+03 3.13E+03
 1.00E-74 1.00E-74 1.00E-74 1.82E-28 1.94E-19 4.05E-14 2.02E-12 6.92E-12
 1.25E-11 2.14E-11 3.16E-11 3.93E-11 4.11E-11 4.04E-11
 1.00E-74 1.00E-74 1.00E-74 1.82E-28 1.94E-19 4.05E-14 2.02E-12 6.92E-12
 1.25E-11 2.14E-11 3.16E-11 3.93E-11 4.11E-11 4.04E-11
 1.00E-74 1.00E-74 1.33E-46 1.82E-28 1.94E-19 4.05E-14 2.02E-12 6.92E-12
 1.25E-11 2.14E-11 3.16E-11 3.93E-11 4.11E-11 4.04E-11
 1.00E-74 1.00E-74 1.20E-46 1.82E-28 1.94E-19 4.05E-14 2.02E-12 6.92E-12
 1.25E-11 2.14E-11 3.16E-11 3.93E-11 4.11E-11 4.04E-11
 1.00E-74 1.00E-74 1.15E-46 1.82E-28 1.94E-19 4.05E-14 2.02E-12 6.92E-12
 1.25E-11 2.14E-11 3.16E-11 3.93E-11 4.12E-11 4.04E-11
 1.00E-74 1.00E-74 1.15E-46 1.82E-28 1.95E-19 4.05E-14 2.02E-12 6.93E-12
 1.25E-11 2.14E-11 3.16E-11 3.94E-11 4.12E-11 4.04E-11
 1.00E-74 1.00E-74 1.17E-46 1.84E-28 1.96E-19 4.08E-14 2.04E-12 6.97E-12
 1.26E-11 2.15E-11 3.18E-11 3.95E-11 4.13E-11 4.05E-11
  117.404    7  14 /pl=01:ss=10:pb= 1:sz=10/type=excit/ispb = t/isel =   31
 1.00E+10 1.00E+11 1.00E+12 1.00E+13 1.00E+14 1.00E+15 1.00E+16
 2.09E+00 3.13E+00 5.21E+00 1.04E+01 2.09E+01 5.21E+01 1.04E+02 1.56E+02
 2.09E+02 3.13E+02 5.21E+02 1.04E+03 2.09E+03 3.13E+03
 1.00E-74 1.00E-74 1.00E-74 1.91E-31 3.75E-21 4.43E-15 3.87E-13 1.58E-12
 3.07E-12 5.64E-12 8.46E-12 1.00E-11 9.33E-12 8.44E-12
 1.00E-74 1.00E-74 1.00E-74 1.91E-31 3.75E-21 4.43E-15 3.87E-13 1.58E-12
 3.07E-12 5.64E-12 8.46E-12 1.00E-11 9.33E-12 8.44E-12
 1.00E-74 1.00E-74 1.00E-74 1.91E-31 3.75E-21 4.43E-15 3.87E-13 1.58E-12
 3.07E-12 5.64E-12 8.46E-12 1.00E-11 9.33E-12 8.44E-12
 1.00E-74 1.00E-74 1.00E-74 1.91E-31 3.75E-21 4.43E-15 3.87E-13 1.58E-12
 3.07E-12 5.64E-12 8.46E-12 1.00E-11 9.33E-12 8.44E-12
 1.00E-74 1.00E-74 1.00E-74 1.91E-31 3.75E-21 4.43E-15 3.87E-13 1.58E-12
 3.07E-12 5.64E-12 8.46E-12 1.00E-11 9.33E-12 8.44E-12
 1.00E-74 1.00E-74 1.00E-74 1.91E-31 3.76E-21 4.43E-15 3.87E-13 1.58E-12
 3.07E-12 5.64E-12 8.46E-12 1.00E-11 9.34E-12 8.44E-12
 1.00E-74 1.00E-74 1.00E-74 1.93E-31 3.79E-21 4.45E-15 3.88E-13 1.59E-12
 3.08E-12 5.65E-12 8.48E-12 1.00E-11 9.35E-12 8.46E-12
  136.069    7  14 /pl=01:ss=10:pb= 1:sz=10/type=excit/ispb = t/isel =   32
 1.00E+10 1.00E+11 1.00E+12 1.00E+13 1.00E+14 1.00E+15 1.00E+16
 2.09E+00 3.13E+00 5.21E+00 1.04E+01 2.09E+01 5.21E+01 1.04E+02 1.56E+02
 2.09E+02 3.13E+02 5.21E+02 1.04E+03 2.09E+03 3.13E+03
 1.00E-74 1.00E-74 1.00E-74 5.29E-29 2.98E-20 5.07E-15 2.59E-13 9.07E-13
 1.64E-12 2.86E-12 4.20E-12 5.15E-12 5.27E-12 5.10E-12
 1.00E-74 1.00E-74 1.00E-74 5.29E-29 2.98E-20 5.07E-15 2.59E-13 9.07E-13
 1.64E-12 2.86E-12 4.20E-12 5.15E-12 5.27E-12 5.10E-12
 1.00E-74 1.00E-74 1.03E-46 5.29E-29 2.98E-20 5.07E-15 2.59E-13 9.07E-13
 1.64E-12 2.86E-12 4.20E-12 5.15E-12 5.27E-12 5.10E-12
 1.00E-74 1.00E-74 1.34E-46 5.29E-29 2.98E-20 5.07E-15 2.59E-13 9.07E-13
 1.64E-12 2.86E-12 4.20E-12 5.15E-12 5.27E-12 5.10E-12
 1.00E-74 1.00E-74 1.35E-46 5.30E-29 2.98E-20 5.07E-15 2.59E-13 9.07E-13
 1.64E-12 2.86E-12 4.20E-12 5.15E-12 5.27E-12 5.10E-12
 1.00E-74 1.00E-74 1.37E-46 5.37E-29 3.01E-20 5.10E-15 2.59E-13 9.08E-13
 1.64E-12 2.86E-12 4.20E-12 5.15E-12 5.27E-12 5.11E-12
 1.00E-74 1.00E-74 1.53E-46 5.98E-29 3.30E-20 5.34E-15 2.66E-13 9.22E-13
 1.67E-12 2.89E-12 4.24E-12 5.20E-12 5.33E-12 5.16E-12
  140.862    7  14 /pl=01:ss=10:pb= 1:sz=10/type=excit/ispb = t/isel =   33
 1.00E+10 1.00E+11 1.00E+12 1.00E+13 1.00E+14 1.00E+15 1.00E+16
 2.09E+00 3.13E+00 5.21E+00 1.04E+01 2.09E+01 5.21E+01 1.04E+02 1.56E+02
 2.09E+02 3.13E+02 5.21E+02 1.04E+03 2.09E+03 3.13E+03
 1.00E-74 1.00E-74 1.00E-74 5.95E-29 7.43E-20 1.67E-14 8.52E-13 2.91E-12
 5.23E-12 8.93E-12 1.27E-11 1.49E-11 1.42E-11 1.31E-11
 1.00E-74 1.00E-74 1.00E-74 5.95E-29 7.43E-20 1.67E-14 8.52E-13 2.91E-12
 5.23E-12 8.93E-12 1.27E-11 1.49E-11 1.42E-11 1.31E-11
 1.00E-74 1.00E-74 1.00E-74 5.95E-29 7.43E-20 1.67E-14 8.52E-13 2.91E-12
 5.23E-12 8.93E-12 1.27E-11 1.49E-11 1.42E-11 1.31E-11
 1.00E-74 1.00E-74 3.15E-47 5.95E-29 7.43E-20 1.67E-14 8.52E-13 2.91E-12
 5.23E-12 8.93E-12 1.27E-11 1.49E-11 1.42E-11 1.31E-11
 1.00E-74 1.00E-74 2.84E-47 5.97E-29 7.44E-20 1.67E-14 8.53E-13 2.91E-12
 5.23E-12 8.93E-12 1.28E-11 1.49E-11 1.42E-11 1.31E-11
 1.00E-74 1.00E-74 2.90E-47 6.14E-29 7.59E-20 1.69E-14 8.62E-13 2.94E-12
 5.28E-12 9.00E-12 1.28E-11 1.49E-11 1.43E-11 1.32E-11
 1.00E-74 1.00E-74 3.85E-47 7.64E-29 8.94E-20 1.90E-14 9.45E-13 3.19E-12
 5.68E-12 9.61E-12 1.36E-11 1.56E-11 1.48E-11 1.36E-11
  154.906    7  14 /pl=01:ss=10:pb= 1:sz=10/type=excit/ispb = t/isel =   34
 1.00E+10 1.00E+11 1.00E+12 1.00E+13 1.00E+14 1.00E+15 1.00E+16
 2.09E+00 3.13E+00 5.21E+00 1.04E+01 2.09E+01 5.21E+01 1.04E+02 1.56E+02
 2.09E+02 3.13E+02 5.21E+02 1.04E+03 2.09E+03 3.13E+03
 1.00E-74 1.00E-74 1.00E-74 8.26E-33 2.80E-22 4.58E-16 4.49E-14 1.92E-13
 3.83E-13 7.35E-13 1.16E-12 1.52E-12 1.62E-12 1.60E-12
 1.00E-74 1.00E-74 1.00E-74 8.26E-33 2.80E-22 4.58E-16 4.49E-14 1.92E-13
 3.83E-13 7.35E-13 1.16E-12 1.52E-12 1.62E-12 1.60E-12
 1.00E-74 1.00E-74 1.00E-74 8.26E-33 2.80E-22 4.58E-16 4.49E-14 1.92E-13
 3.83E-13 7.35E-13 1.16E-12 1.52E-12 1.62E-12 1.60E-12
 1.00E-74 1.00E-74 1.00E-74 8.26E-33 2.80E-22 4.58E-16 4.49E-14 1.92E-13
 3.83E-13 7.35E-13 1.16E-12 1.52E-12 1.62E-12 1.60E-12
 1.00E-74 1.00E-74 1.00E-74 8.25E-33 2.80E-22 4.57E-16 4.49E-14 1.92E-13
 3.82E-13 7.34E-13 1.16E-12 1.52E-12 1.62E-12 1.60E-12
 1.00E-74 1.00E-74 1.00E-74 8.13E-33 2.77E-22 4.53E-16 4.46E-14 1.91E-13
 3.80E-13 7.30E-13 1.16E-12 1.51E-12 1.61E-12 1.59E-12
 1.00E-74 1.00E-74 1.00E-74 7.43E-33 2.55E-22 4.22E-16 4.20E-14 1.80E-13
 3.61E-13 6.97E-13 1.11E-12 1.46E-12 1.56E-12 1.54E-12
  160.720    7  14 /pl=01:ss=10:pb= 1:sz=10/type=excit/ispb = t/isel =   35
 1.00E+10 1.00E+11 1.00E+12 1.00E+13 1.00E+14 1.00E+15 1.00E+16
 2.09E+00 3.13E+00 5.21E+00 1.04E+01 2.09E+01 5.21E+01 1.04E+02 1.56E+02
 2.09E+02 3.13E+02 5.21E+02 1.04E+03 2.09E+03 3.13E+03
 1.00E-74 1.00E-74 1.00E-74 1.26E-28 9.33E-20 1.62E-14 7.73E-13 2.60E-12
 4.60E-12 7.73E-12 1.08E-11 1.24E-11 1.16E-11 1.06E-11
 1.00E-74 1.00E-74 2.26E-46 1.26E-28 9.33E-20 1.62E-14 7.73E-13 2.60E-12
 4.60E-12 7.73E-12 1.08E-11 1.24E-11 1.16E-11 1.06E-11
 1.00E-74 1.00E-74 1.58E-46 1.26E-28 9.33E-20 1.62E-14 7.73E-13 2.60E-12
 4.60E-12 7.73E-12 1.08E-11 1.24E-11 1.16E-11 1.06E-11
 1.00E-74 1.00E-74 1.67E-46 1.26E-28 9.33E-20 1.62E-14 7.73E-13 2.60E-12
 4.60E-12 7.73E-12 1.08E-11 1.24E-11 1.16E-11 1.06E-11
 1.00E-74 1.00E-74 1.66E-46 1.26E-28 9.34E-20 1.62E-14 7.73E-13 2.60E-12
 4.60E-12 7.73E-12 1.08E-11 1.24E-11 1.16E-11 1.06E-11
 1.00E-74 1.00E-74 1.67E-46 1.26E-28 9.35E-20 1.62E-14 7.73E-13 2.60E-12
 4.60E-12 7.73E-12 1.08E-11 1.24E-11 1.16E-11 1.06E-11
 1.00E-74 1.00E-74 1.73E-46 1.29E-28 9.46E-20 1.62E-14 7.74E-13 2.60E-12
 4.60E-12 7.73E-12 1.08E-11 1.24E-11 1.15E-11 1.06E-11
  160.828    7  14 /pl=01:ss=10:pb= 1:sz=10/type=excit/ispb = t/isel =   36
 1.00E+10 1.00E+11 1.00E+12 1.00E+13 1.00E+14 1.00E+15 1.00E+16
 2.09E+00 3.13E+00 5.21E+00 1.04E+01 2.09E+01 5.21E+01 1.04E+02 1.56E+02
 2.09E+02 3.13E+02 5.21E+02 1.04E+03 2.09E+03 3.13E+03
 1.00E-74 1.00E-74 1.00E-74 6.30E-32 8.69E-22 8.40E-16 7.06E-14 2.90E-13
 5.68E-13 1.08E-12 1.77E-12 2.49E-12 2.91E-12 3.03E-12
 1.00E-74 1.00E-74 1.00E-74 6.30E-32 8.69E-22 8.40E-16 7.06E-14 2.90E-13
 5.68E-13 1.08E-12 1.77E-12 2.49E-12 2.91E-12 3.03E-12
 1.00E-74 1.00E-74 1.00E-74 6.30E-32 8.69E-22 8.40E-16 7.06E-14 2.90E-13
 5.68E-13 1.08E-12 1.77E-12 2.49E-12 2.91E-12 3.03E-12
 1.00E-74 1.00E-74 1.00E-74 6.30E-32 8.69E-22 8.40E-16 7.06E-14 2.90E-13
 5.68E-13 1.08E-12 1.77E-12 2.49E-12 2.91E-12 3.03E-12
 1.00E-74 1.00E-74 1.00E-74 6.30E-32 8.69E-22 8.40E-16 7.06E-14 2.90E-13
 5.68E-13 1.08E-12 1.77E-12 2.49E-12 2.91E-12 3.03E-12
 1.00E-74 1.00E-74 1.00E-74 6.30E-32 8.70E-22 8.40E-16 7.06E-14 2.90E-13
 5.68E-13 1.08E-12 1.77E-12 2.49E-12 2.91E-12 3.03E-12
 1.00E-74 1.00E-74 1.00E-74 6.33E-32 8.72E-22 8.41E-16 7.06E-14 2.90E-13
 5.68E-13 1.08E-12 1.77E-12 2.49E-12 2.90E-12 3.03E-12
  171.207    7  14 /pl=01:ss=10:pb= 1:sz=10/type=excit/ispb = t/isel =   37
 1.00E+10 1.00E+11 1.00E+12 1.00E+13 1.00E+14 1.00E+15 1.00E+16
 2.09E+00 3.13E+00 5.21E+00 1.04E+01 2.09E+01 5.21E+01 1.04E+02 1.56E+02
 2.09E+02 3.13E+02 5.21E+02 1.04E+03 2.09E+03 3.13E+03
 1.00E-74 1.00E-74 1.00E-74 2.85E-32 4.85E-22 5.23E-16 4.44E-14 1.80E-13
 3.46E-13 6.34E-13 9.44E-13 1.11E-12 1.04E-12 9.37E-13
 1.00E-74 1.00E-74 1.00E-74 2.85E-32 4.85E-22 5.23E-16 4.44E-14 1.80E-13
 3.46E-13 6.34E-13 9.44E-13 1.11E-12 1.04E-12 9.37E-13
 1.00E-74 1.00E-74 1.00E-74 2.85E-32 4.85E-22 5.23E-16 4.44E-14 1.80E-13
 3.46E-13 6.34E-13 9.44E-13 1.11E-12 1.04E-12 9.37E-13
 1.00E-74 1.00E-74 1.00E-74 2.85E-32 4.85E-22 5.23E-16 4.44E-14 1.79E-13
 3.46E-13 6.34E-13 9.44E-13 1.11E-12 1.04E-12 9.37E-13
 1.00E-74 1.00E-74 1.00E-74 2.84E-32 4.84E-22 5.22E-16 4.43E-14 1.79E-13
 3.46E-13 6.33E-13 9.44E-13 1.11E-12 1.04E-12 9.36E-13
 1.00E-74 1.00E-74 1.00E-74 2.78E-32 4.74E-22 5.14E-16 4.37E-14 1.77E-13
 3.42E-13 6.28E-13 9.37E-13 1.11E-12 1.03E-12 9.34E-13
 1.00E-74 1.00E-74 1.00E-74 2.37E-32 4.10E-22 4.53E-16 3.92E-14 1.61E-13
 3.13E-13 5.79E-13 8.76E-13 1.05E-12 9.98E-13 9.11E-13
  179.624    7  14 /pl=01:ss=10:pb= 1:sz=10/type=excit/ispb = t/isel =   38
 1.00E+10 1.00E+11 1.00E+12 1.00E+13 1.00E+14 1.00E+15 1.00E+16
 2.09E+00 3.13E+00 5.21E+00 1.04E+01 2.09E+01 5.21E+01 1.04E+02 1.56E+02
 2.09E+02 3.13E+02 5.21E+02 1.04E+03 2.09E+03 3.13E+03
 7.90E-23 4.00E-18 2.11E-14 1.13E-11 2.21E-10 1.06E-09 1.55E-09 1.68E-09
 1.72E-09 1.71E-09 1.62E-09 1.42E-09 1.19E-09 1.05E-09
 7.90E-23 4.00E-18 2.11E-14 1.13E-11 2.21E-10 1.06E-09 1.55E-09 1.68E-09
 1.72E-09 1.71E-09 1.62E-09 1.42E-09 1.19E-09 1.05E-09
 7.90E-23 4.00E-18 2.11E-14 1.13E-11 2.21E-10 1.06E-09 1.55E-09 1.68E-09
 1.72E-09 1.71E-09 1.62E-09 1.42E-09 1.19E-09 1.05E-09
 7.90E-23 4.00E-18 2.11E-14 1.13E-11 2.21E-10 1.06E-09 1.55E-09 1.68E-09
 1.72E-09 1.71E-09 1.62E-09 1.42E-09 1.19E-09 1.05E-09
 7.90E-23 4.00E-18 2.11E-14 1.13E-11 2.21E-10 1.06E-09 1.55E-09 1.68E-09
 1.72E-09 1.71E-09 1.62E-09 1.42E-09 1.19E-09 1.05E-09
 7.90E-23 4.00E-18 2.11E-14 1.13E-11 2.21E-10 1.06E-09 1.55E-09 1.68E-09
 1.72E-09 1.71E-09 1.62E-09 1.42E-09 1.19E-09 1.05E-09
 7.85E-23 3.98E-18 2.10E-14 1.12E-11 2.21E-10 1.06E-09 1.55E-09 1.68E-09
 1.72E-09 1.70E-09 1.62E-09 1.42E-09 1.18E-09 1.05E-09
  183.679    7  14 /pl=01:ss=10:pb= 1:sz=10/type=excit/ispb = t/isel =   39
 1.00E+10 1.00E+11 1.00E+12 1.00E+13 1.00E+14 1.00E+15 1.00E+16
 2.09E+00 3.13E+00 5.21E+00 1.04E+01 2.09E+01 5.21E+01 1.04E+02 1.56E+02
 2.09E+02 3.13E+02 5.21E+02 1.04E+03 2.09E+03 3.13E+03
 1.00E-74 1.00E-74 1.00E-74 4.55E-32 8.51E-22 9.74E-16 8.48E-14 3.49E-13
 6.84E-13 1.28E-12 2.01E-12 2.60E-12 2.75E-12 2.71E-12
 1.00E-74 1.00E-74 1.00E-74 4.55E-32 8.51E-22 9.74E-16 8.48E-14 3.49E-13
 6.84E-13 1.28E-12 2.01E-12 2.60E-12 2.75E-12 2.71E-12
 1.00E-74 1.00E-74 1.00E-74 4.55E-32 8.51E-22 9.74E-16 8.48E-14 3.49E-13
 6.84E-13 1.28E-12 2.01E-12 2.60E-12 2.75E-12 2.71E-12
 1.00E-74 1.00E-74 1.00E-74 4.55E-32 8.51E-22 9.74E-16 8.48E-14 3.49E-13
 6.84E-13 1.28E-12 2.01E-12 2.60E-12 2.75E-12 2.71E-12
 1.00E-74 1.00E-74 1.00E-74 4.55E-32 8.51E-22 9.74E-16 8.48E-14 3.49E-13
 6.84E-13 1.28E-12 2.01E-12 2.60E-12 2.75E-12 2.71E-12
 1.00E-74 1.00E-74 1.00E-74 4.54E-32 8.49E-22 9.72E-16 8.47E-14 3.48E-13
 6.83E-13 1.28E-12 2.01E-12 2.59E-12 2.75E-12 2.70E-12
 1.00E-74 1.00E-74 1.00E-74 4.41E-32 8.28E-22 9.53E-16 8.33E-14 3.44E-13
 6.74E-13 1.27E-12 1.98E-12 2.57E-12 2.72E-12 2.68E-12
  203.831    7  14 /pl=01:ss=10:pb= 1:sz=10/type=excit/ispb = t/isel =   40
 1.00E+10 1.00E+11 1.00E+12 1.00E+13 1.00E+14 1.00E+15 1.00E+16
 2.09E+00 3.13E+00 5.21E+00 1.04E+01 2.09E+01 5.21E+01 1.04E+02 1.56E+02
 2.09E+02 3.13E+02 5.21E+02 1.04E+03 2.09E+03 3.13E+03
 1.00E-74 1.00E-74 1.00E-74 6.11E-34 7.70E-23 2.75E-16 3.48E-14 1.60E-13
 3.32E-13 6.42E-13 1.01E-12 1.22E-12 1.15E-12 1.04E-12
 1.00E-74 1.00E-74 1.00E-74 6.11E-34 7.70E-23 2.75E-16 3.48E-14 1.60E-13
 3.32E-13 6.42E-13 1.01E-12 1.22E-12 1.15E-12 1.04E-12
 1.00E-74 1.00E-74 1.00E-74 6.11E-34 7.70E-23 2.75E-16 3.48E-14 1.60E-13
 3.32E-13 6.42E-13 1.01E-12 1.22E-12 1.15E-12 1.04E-12
 1.00E-74 1.00E-74 1.00E-74 6.11E-34 7.70E-23 2.75E-16 3.48E-14 1.60E-13
 3.32E-13 6.42E-13 1.01E-12 1.22E-12 1.15E-12 1.04E-12
 1.00E-74 1.00E-74 1.00E-74 6.11E-34 7.71E-23 2.75E-16 3.48E-14 1.60E-13
 3.32E-13 6.42E-13 1.01E-12 1.22E-12 1.15E-12 1.04E-12
 1.00E-74 1.00E-74 1.00E-74 6.13E-34 7.72E-23 2.75E-16 3.49E-14 1.60E-13
 3.32E-13 6.43E-13 1.01E-12 1.22E-12 1.15E-12 1.04E-12
 1.00E-74 1.00E-74 1.00E-74 6.28E-34 7.87E-23 2.79E-16 3.53E-14 1.62E-13
 3.35E-13 6.48E-13 1.02E-12 1.23E-12 1.16E-12 1.05E-12
  204.366    7  14 /pl=01:ss=10:pb= 1:sz=10/type=excit/ispb = t/isel =   41
 1.00E+10 1.00E+11 1.00E+12 1.00E+13 1.00E+14 1.00E+15 1.00E+16
 2.09E+00 3.13E+00 5.21E+00 1.04E+01 2.09E+01 5.21E+01 1.04E+02 1.56E+02
 2.09E+02 3.13E+02 5.21E+02 1.04E+03 2.09E+03 3.13E+03
 1.00E-74 1.00E-74 1.00E-74 2.52E-32 4.94E-22 5.79E-16 5.08E-14 2.08E-13
 4.07E-13 7.55E-13 1.15E-12 1.41E-12 1.37E-12 1.27E-12
 1.00E-74 1.00E-74 1.00E-74 2.52E-32 4.94E-22 5.79E-16 5.08E-14 2.08E-13
 4.07E-13 7.55E-13 1.15E-12 1.41E-12 1.37E-12 1.27E-12
 1.00E-74 1.00E-74 1.00E-74 2.52E-32 4.94E-22 5.79E-16 5.08E-14 2.08E-13
 4.07E-13 7.55E-13 1.15E-12 1.41E-12 1.37E-12 1.27E-12
 1.00E-74 1.00E-74 1.00E-74 2.52E-32 4.94E-22 5.80E-16 5.08E-14 2.08E-13
 4.07E-13 7.55E-13 1.15E-12 1.41E-12 1.37E-12 1.27E-12
 1.00E-74 1.00E-74 1.00E-74 2.54E-32 4.96E-22 5.81E-16 5.09E-14 2.09E-13
 4.07E-13 7.56E-13 1.16E-12 1.41E-12 1.37E-12 1.27E-12
 1.00E-74 1.00E-74 1.00E-74 2.66E-32 5.17E-22 5.99E-16 5.21E-14 2.13E-13
 4.15E-13 7.69E-13 1.17E-12 1.43E-12 1.39E-12 1.28E-12
 1.00E-74 1.00E-74 1.00E-74 3.72E-32 6.86E-22 7.52E-16 6.31E-14 2.53E-13
 4.86E-13 8.86E-13 1.33E-12 1.59E-12 1.52E-12 1.39E-12
  248.695    7  14 /pl=01:ss=10:pb= 1:sz=10/type=excit/ispb = t/isel =   42
 1.00E+10 1.00E+11 1.00E+12 1.00E+13 1.00E+14 1.00E+15 1.00E+16
 2.09E+00 3.13E+00 5.21E+00 1.04E+01 2.09E+01 5.21E+01 1.04E+02 1.56E+02
 2.09E+02 3.13E+02 5.21E+02 1.04E+03 2.09E+03 3.13E+03
 1.00E-74 1.00E-74 1.00E-74 5.06E-31 2.95E-21 1.72E-15 1.19E-13 4.52E-13
 8.43E-13 1.50E-12 2.19E-12 2.54E-12 2.38E-12 2.17E-12
 1.00E-74 1.00E-74 1.00E-74 5.06E-31 2.95E-21 1.72E-15 1.19E-13 4.52E-13
 8.43E-13 1.50E-12 2.19E-12 2.54E-12 2.38E-12 2.17E-12
 1.00E-74 1.00E-74 1.00E-74 5.06E-31 2.95E-21 1.72E-15 1.19E-13 4.52E-13
 8.43E-13 1.50E-12 2.19E-12 2.54E-12 2.38E-12 2.17E-12
 1.00E-74 1.00E-74 1.00E-74 5.06E-31 2.95E-21 1.72E-15 1.19E-13 4.52E-13
 8.43E-13 1.50E-12 2.19E-12 2.54E-12 2.38E-12 2.17E-12
 1.00E-74 1.00E-74 1.00E-74 5.05E-31 2.95E-21 1.72E-15 1.19E-13 4.52E-13
 8.43E-13 1.50E-12 2.19E-12 2.54E-12 2.38E-12 2.17E-12
 1.00E-74 1.00E-74 1.11E-50 5.03E-31 2.93E-21 1.71E-15 1.18E-13 4.51E-13
 8.40E-13 1.49E-12 2.18E-12 2.54E-12 2.38E-12 2.16E-12
 1.00E-74 1.00E-74 1.00E-50 4.79E-31 2.80E-21 1.64E-15 1.14E-13 4.36E-13
 8.16E-13 1.45E-12 2.13E-12 2.50E-12 2.35E-12 2.14E-12
  266.149    7  14 /pl=01:ss=10:pb= 1:sz=10/type=excit/ispb = t/isel =   43
 1.00E+10 1.00E+11 1.00E+12 1.00E+13 1.00E+14 1.00E+15 1.00E+16
 2.09E+00 3.13E+00 5.21E+00 1.04E+01 2.09E+01 5.21E+01 1.04E+02 1.56E+02
 2.09E+02 3.13E+02 5.21E+02 1.04E+03 2.09E+03 3.13E+03
 1.00E-74 1.00E-74 1.00E-74 5.61E-31 3.87E-21 2.47E-15 1.78E-13 6.87E-13
 1.31E-12 2.38E-12 3.64E-12 4.64E-12 4.89E-12 4.80E-12
 1.00E-74 1.00E-74 1.00E-74 5.61E-31 3.87E-21 2.47E-15 1.78E-13 6.87E-13
 1.31E-12 2.38E-12 3.64E-12 4.64E-12 4.89E-12 4.80E-12
 1.00E-74 1.00E-74 1.00E-74 5.61E-31 3.87E-21 2.47E-15 1.78E-13 6.87E-13
 1.31E-12 2.38E-12 3.64E-12 4.64E-12 4.89E-12 4.80E-12
 1.00E-74 1.00E-74 1.00E-74 5.61E-31 3.87E-21 2.47E-15 1.78E-13 6.87E-13
 1.31E-12 2.38E-12 3.64E-12 4.64E-12 4.89E-12 4.80E-12
 1.00E-74 1.00E-74 1.00E-74 5.61E-31 3.87E-21 2.47E-15 1.78E-13 6.87E-13
 1.31E-12 2.38E-12 3.64E-12 4.64E-12 4.89E-12 4.80E-12
 1.00E-74 1.00E-74 1.00E-74 5.61E-31 3.87E-21 2.47E-15 1.78E-13 6.87E-13
 1.31E-12 2.38E-12 3.64E-12 4.64E-12 4.89E-12 4.80E-12
 1.00E-74 1.00E-74 8.97E-51 5.62E-31 3.88E-21 2.47E-15 1.78E-13 6.89E-13
 1.31E-12 2.39E-12 3.65E-12 4.65E-12 4.89E-12 4.80E-12
  266.764    7  14 /pl=01:ss=10:pb= 1:sz=10/type=excit/ispb = t/isel =   44
 1.00E+10 1.00E+11 1.00E+12 1.00E+13 1.00E+14 1.00E+15 1.00E+16
 2.09E+00 3.13E+00 5.21E+00 1.04E+01 2.09E+01 5.21E+01 1.04E+02 1.56E+02
 2.09E+02 3.13E+02 5.21E+02 1.04E+03 2.09E+03 3.13E+03
 1.00E-74 1.00E-74 1.00E-74 4.96E-34 6.26E-23 2.23E-16 2.83E-14 1.30E-13
 2.69E-13 5.21E-13 8.20E-13 9.91E-13 9.31E-13 8.43E-13
 1.00E-74 1.00E-74 1.00E-74 4.96E-34 6.26E-23 2.23E-16 2.83E-14 1.30E-13
 2.69E-13 5.21E-13 8.20E-13 9.91E-13 9.31E-13 8.43E-13
 1.00E-74 1.00E-74 1.00E-74 4.96E-34 6.26E-23 2.23E-16 2.83E-14 1.30E-13
 2.69E-13 5.21E-13 8.20E-13 9.91E-13 9.31E-13 8.43E-13
 1.00E-74 1.00E-74 1.00E-74 4.96E-34 6.26E-23 2.23E-16 2.83E-14 1.30E-13
 2.69E-13 5.21E-13 8.20E-13 9.91E-13 9.31E-13 8.43E-13
 1.00E-74 1.00E-74 1.00E-74 4.96E-34 6.26E-23 2.23E-16 2.83E-14 1.30E-13
 2.69E-13 5.22E-13 8.20E-13 9.91E-13 9.31E-13 8.43E-13
 1.00E-74 1.00E-74 1.00E-74 4.98E-34 6.27E-23 2.23E-16 2.83E-14 1.30E-13
 2.70E-13 5.22E-13 8.21E-13 9.92E-13 9.32E-13 8.43E-13
 1.00E-74 1.00E-74 1.00E-74 5.10E-34 6.39E-23 2.26E-16 2.86E-14 1.31E-13
 2.72E-13 5.26E-13 8.27E-13 1.00E-12 9.40E-13 8.51E-13
  306.659    7  14 /pl=01:ss=10:pb= 1:sz=10/type=excit/ispb = t/isel =   45
 1.00E+10 1.00E+11 1.00E+12 1.00E+13 1.00E+14 1.00E+15 1.00E+16
 2.09E+00 3.13E+00 5.21E+00 1.04E+01 2.09E+01 5.21E+01 1.04E+02 1.56E+02
 2.09E+02 3.13E+02 5.21E+02 1.04E+03 2.09E+03 3.13E+03
 1.00E-74 1.00E-74 1.00E-74 3.12E-31 2.32E-21 1.53E-15 1.11E-13 4.28E-13
 8.09E-13 1.46E-12 2.18E-12 2.63E-12 2.54E-12 2.34E-12
 1.00E-74 1.00E-74 1.00E-74 3.12E-31 2.32E-21 1.53E-15 1.11E-13 4.28E-13
 8.09E-13 1.46E-12 2.18E-12 2.63E-12 2.54E-12 2.34E-12
 1.00E-74 1.00E-74 1.00E-74 3.12E-31 2.32E-21 1.53E-15 1.11E-13 4.28E-13
 8.09E-13 1.46E-12 2.18E-12 2.63E-12 2.54E-12 2.34E-12
 1.00E-74 1.00E-74 1.00E-74 3.12E-31 2.32E-21 1.53E-15 1.11E-13 4.28E-13
 8.09E-13 1.46E-12 2.18E-12 2.63E-12 2.54E-12 2.34E-12
 1.00E-74 1.00E-74 1.00E-74 3.13E-31 2.33E-21 1.53E-15 1.11E-13 4.28E-13
 8.10E-13 1.46E-12 2.18E-12 2.63E-12 2.54E-12 2.34E-12
 1.00E-74 1.00E-74 1.00E-74 3.20E-31 2.37E-21 1.55E-15 1.12E-13 4.32E-13
 8.16E-13 1.47E-12 2.19E-12 2.64E-12 2.55E-12 2.35E-12
 1.00E-74 1.00E-74 5.24E-51 3.84E-31 2.73E-21 1.73E-15 1.22E-13 4.66E-13
 8.75E-13 1.57E-12 2.31E-12 2.76E-12 2.64E-12 2.43E-12
  353.424    7  14 /pl=01:ss=10:pb= 1:sz=10/type=excit/ispb = t/isel =   46
 1.00E+10 1.00E+11 1.00E+12 1.00E+13 1.00E+14 1.00E+15 1.00E+16
 2.09E+00 3.13E+00 5.21E+00 1.04E+01 2.09E+01 5.21E+01 1.04E+02 1.56E+02
 2.09E+02 3.13E+02 5.21E+02 1.04E+03 2.09E+03 3.13E+03
 1.00E-74 1.00E-74 1.00E-74 4.81E-31 2.81E-21 1.63E-15 1.13E-13 4.31E-13
 8.03E-13 1.42E-12 2.08E-12 2.42E-12 2.27E-12 2.06E-12
 1.00E-74 1.00E-74 1.00E-74 4.81E-31 2.81E-21 1.63E-15 1.13E-13 4.31E-13
 8.03E-13 1.42E-12 2.08E-12 2.42E-12 2.27E-12 2.06E-12
 1.00E-74 1.00E-74 1.00E-74 4.81E-31 2.81E-21 1.63E-15 1.13E-13 4.31E-13
 8.03E-13 1.42E-12 2.08E-12 2.42E-12 2.27E-12 2.06E-12
 1.00E-74 1.00E-74 1.00E-74 4.81E-31 2.81E-21 1.63E-15 1.13E-13 4.31E-13
 8.03E-13 1.42E-12 2.08E-12 2.42E-12 2.27E-12 2.06E-12
 1.00E-74 1.00E-74 1.00E-74 4.81E-31 2.81E-21 1.63E-15 1.13E-13 4.30E-13
 8.02E-13 1.42E-12 2.08E-12 2.42E-12 2.27E-12 2.06E-12
 1.00E-74 1.00E-74 1.06E-50 4.79E-31 2.79E-21 1.63E-15 1.13E-13 4.29E-13
 8.00E-13 1.42E-12 2.08E-12 2.42E-12 2.27E-12 2.06E-12
 1.00E-74 1.00E-74 9.53E-51 4.56E-31 2.66E-21 1.56E-15 1.09E-13 4.16E-13
 7.77E-13 1.38E-12 2.03E-12 2.38E-12 2.24E-12 2.04E-12
  353.629    7  14 /pl=01:ss=10:pb= 1:sz=10/type=excit/ispb = t/isel =   47
 1.00E+10 1.00E+11 1.00E+12 1.00E+13 1.00E+14 1.00E+15 1.00E+16
 2.09E+00 3.13E+00 5.21E+00 1.04E+01 2.09E+01 5.21E+01 1.04E+02 1.56E+02
 2.09E+02 3.13E+02 5.21E+02 1.04E+03 2.09E+03 3.13E+03
 1.00E-74 1.00E-74 1.00E-74 3.84E-34 4.07E-23 1.32E-16 1.63E-14 7.59E-14
 1.59E-13 3.23E-13 5.50E-13 7.98E-13 9.49E-13 9.98E-13
 1.00E-74 1.00E-74 1.00E-74 3.84E-34 4.07E-23 1.32E-16 1.63E-14 7.59E-14
 1.59E-13 3.23E-13 5.50E-13 7.98E-13 9.49E-13 9.98E-13
 1.00E-74 1.00E-74 1.00E-74 3.84E-34 4.07E-23 1.32E-16 1.63E-14 7.59E-14
 1.59E-13 3.23E-13 5.50E-13 7.98E-13 9.49E-13 9.98E-13
 1.00E-74 1.00E-74 1.00E-74 3.84E-34 4.07E-23 1.32E-16 1.63E-14 7.59E-14
 1.59E-13 3.23E-13 5.50E-13 7.98E-13 9.49E-13 9.98E-13
 1.00E-74 1.00E-74 1.00E-74 3.84E-34 4.07E-23 1.32E-16 1.63E-14 7.59E-14
 1.59E-13 3.23E-13 5.50E-13 7.98E-13 9.49E-13 9.98E-13
 1.00E-74 1.00E-74 1.00E-74 3.84E-34 4.06E-23 1.31E-16 1.63E-14 7.58E-14
 1.59E-13 3.23E-13 5.50E-13 7.97E-13 9.48E-13 9.97E-13
 1.00E-74 1.00E-74 1.00E-74 3.79E-34 4.00E-23 1.30E-16 1.61E-14 7.49E-14
 1.57E-13 3.19E-13 5.43E-13 7.89E-13 9.39E-13 9.89E-13
  502.630    7  14 /pl=01:ss=10:pb= 1:sz=10/type=excit/ispb = t/isel =   48
 1.00E+10 1.00E+11 1.00E+12 1.00E+13 1.00E+14 1.00E+15 1.00E+16
 2.09E+00 3.13E+00 5.21E+00 1.04E+01 2.09E+01 5.21E+01 1.04E+02 1.56E+02
 2.09E+02 3.13E+02 5.21E+02 1.04E+03 2.09E+03 3.13E+03
 1.00E-74 1.00E-74 1.00E-74 1.72E-32 3.21E-22 3.68E-16 3.20E-14 1.32E-13
 2.58E-13 4.85E-13 7.58E-13 9.81E-13 1.04E-12 1.02E-12
 1.00E-74 1.00E-74 1.00E-74 1.72E-32 3.21E-22 3.68E-16 3.20E-14 1.32E-13
 2.58E-13 4.85E-13 7.58E-13 9.81E-13 1.04E-12 1.02E-12
 1.00E-74 1.00E-74 1.00E-74 1.72E-32 3.21E-22 3.68E-16 3.20E-14 1.32E-13
 2.58E-13 4.85E-13 7.58E-13 9.81E-13 1.04E-12 1.02E-12
 1.00E-74 1.00E-74 1.00E-74 1.72E-32 3.21E-22 3.68E-16 3.20E-14 1.32E-13
 2.58E-13 4.85E-13 7.58E-13 9.81E-13 1.04E-12 1.02E-12
 1.00E-74 1.00E-74 1.00E-74 1.72E-32 3.21E-22 3.68E-16 3.20E-14 1.32E-13
 2.58E-13 4.85E-13 7.58E-13 9.80E-13 1.04E-12 1.02E-12
 1.00E-74 1.00E-74 1.00E-74 1.71E-32 3.20E-22 3.67E-16 3.20E-14 1.32E-13
 2.58E-13 4.84E-13 7.57E-13 9.79E-13 1.04E-12 1.02E-12
 1.00E-74 1.00E-74 1.00E-74 1.67E-32 3.13E-22 3.60E-16 3.15E-14 1.30E-13
 2.55E-13 4.79E-13 7.49E-13 9.69E-13 1.03E-12 1.01E-12
  590.505    7  14 /pl=01:ss=10:pb= 1:sz=10/type=excit/ispb = t/isel =   49
 1.00E+10 1.00E+11 1.00E+12 1.00E+13 1.00E+14 1.00E+15 1.00E+16
 2.09E+00 3.13E+00 5.21E+00 1.04E+01 2.09E+01 5.21E+01 1.04E+02 1.56E+02
 2.09E+02 3.13E+02 5.21E+02 1.04E+03 2.09E+03 3.13E+03
 1.00E-74 1.00E-74 8.41E-41 3.88E-26 7.05E-19 1.27E-14 2.84E-13 7.51E-13
 1.19E-12 1.82E-12 2.47E-12 2.94E-12 3.06E-12 3.02E-12
 1.00E-74 1.00E-74 8.41E-41 3.88E-26 7.05E-19 1.27E-14 2.84E-13 7.51E-13
 1.19E-12 1.82E-12 2.47E-12 2.94E-12 3.06E-12 3.02E-12
 1.00E-74 1.00E-74 8.41E-41 3.88E-26 7.05E-19 1.27E-14 2.84E-13 7.51E-13
 1.19E-12 1.82E-12 2.47E-12 2.94E-12 3.06E-12 3.02E-12
 1.00E-74 1.00E-74 8.41E-41 3.88E-26 7.05E-19 1.27E-14 2.84E-13 7.51E-13
 1.19E-12 1.82E-12 2.47E-12 2.94E-12 3.06E-12 3.02E-12
 1.00E-74 1.00E-74 8.41E-41 3.88E-26 7.06E-19 1.27E-14 2.84E-13 7.51E-13
 1.19E-12 1.82E-12 2.47E-12 2.94E-12 3.06E-12 3.02E-12
 1.00E-74 1.00E-74 8.48E-41 3.91E-26 7.09E-19 1.27E-14 2.85E-13 7.53E-13
 1.19E-12 1.83E-12 2.47E-12 2.95E-12 3.07E-12 3.02E-12
 1.00E-74 1.00E-74 9.05E-41 4.10E-26 7.35E-19 1.31E-14 2.92E-13 7.70E-13
 1.22E-12 1.86E-12 2.51E-12 2.98E-12 3.09E-12 3.04E-12
  694.246    7  14 /pl=01:ss=10:pb= 1:sz=10/type=excit/ispb = t/isel =   50
 1.00E+10 1.00E+11 1.00E+12 1.00E+13 1.00E+14 1.00E+15 1.00E+16
 2.09E+00 3.13E+00 5.21E+00 1.04E+01 2.09E+01 5.21E+01 1.04E+02 1.56E+02
 2.09E+02 3.13E+02 5.21E+02 1.04E+03 2.09E+03 3.13E+03
 1.00E-74 1.00E-74 3.89E-37 2.42E-23 1.60E-16 1.60E-12 3.06E-11 7.78E-11
 1.20E-10 1.78E-10 2.27E-10 2.45E-10 2.25E-10 2.06E-10
 1.00E-74 1.00E-74 3.89E-37 2.42E-23 1.60E-16 1.60E-12 3.06E-11 7.78E-11
 1.20E-10 1.78E-10 2.27E-10 2.45E-10 2.25E-10 2.06E-10
 1.00E-74 1.00E-74 3.89E-37 2.42E-23 1.60E-16 1.60E-12 3.06E-11 7.78E-11
 1.20E-10 1.78E-10 2.27E-10 2.45E-10 2.25E-10 2.06E-10
 1.00E-74 1.00E-74 3.89E-37 2.42E-23 1.60E-16 1.60E-12 3.06E-11 7.78E-11
 1.20E-10 1.78E-10 2.27E-10 2.45E-10 2.25E-10 2.06E-10
 1.00E-74 1.00E-74 3.88E-37 2.42E-23 1.60E-16 1.60E-12 3.06E-11 7.77E-11
 1.20E-10 1.77E-10 2.27E-10 2.45E-10 2.25E-10 2.06E-10
 1.00E-74 1.00E-74 3.81E-37 2.38E-23 1.58E-16 1.58E-12 3.02E-11 7.69E-11
 1.19E-10 1.76E-10 2.25E-10 2.43E-10 2.24E-10 2.05E-10
 1.00E-74 1.00E-74 3.24E-37 2.07E-23 1.38E-16 1.40E-12 2.69E-11 6.91E-11
 1.07E-10 1.60E-10 2.07E-10 2.27E-10 2.12E-10 1.95E-10
c-------------------------------------------------------------------------------
 
C  root partition information
C  ==========================
C
C  nuclear charge : 18
C  ion charge+1   : 11
C
C  population calculation information
C  ----------------------------------
C
C  population processing code: adas810
C
C  adf04 source file    : adf04_copmm#18_ca_40#ar10_t3.dat
C  adf18/a17_p208 file  : NULL
C
C  meta. ion. coeff. selector  : 
 
C  options  : lnorm =T  lpsel =F  lzsel =T  liosel=F
C           : lhsel =F  lrsel =F  lisel =F  lnsel =F
 
C  energy levels
C  -------------
C
C   lv      configuration    (2S+1)L(w-1/2)      energy (cm^-1)
C  ---   ------------------- --------------      --------------
c    1   22543                  (0)0(  7.0)             0.0
c    2   12553                  (0)0(  5.5)        556719.1
c    3   63                     (0)0(  0.0)       1207406.2
c    4   22533514               (0)0( 19.5)       2555418.7
c    5   22533515               (0)0( 59.5)       2699459.8
c    6   22533516               (0)0( 98.5)       2868806.3
c    7   12543515               (0)0( 89.5)       3192772.7
c    8   12543516               (0)0(149.5)       3360692.6
c    9   22533517               (0)0( 19.5)       3434381.2
c   10   22533518               (0)0( 59.5)       3491005.6
c   11   22533519               (0)0( 98.5)       3553533.9
c   12   2253351A               (0)0(139.5)       3578718.6
c   13   2253351B               (0)0( 19.5)       3808651.1
c   14   2253351C               (0)0( 59.5)       3836480.5
c   15   2253351D               (0)0( 98.5)       3866735.0
c   16   2253351E               (0)0(139.5)       3879629.1
c   17   12543518               (0)0( 89.5)       3982474.9
c   18   2253351G               (0)0( 19.5)       4002776.3
c   19   2253351H               (0)0( 59.5)       4018468.7
c   20   2253351I               (0)0( 98.5)       4035434.1
c   21   2253351J               (0)0(139.5)       4042852.3
c   22   12543519               (0)0(149.5)       4044531.3
c   23   2253351M               (0)0( 19.5)       4116387.3
c   24   2253351N               (0)0( 59.5)       4126088.1
c   25   2253351O               (0)0( 98.5)       4136557.0
c   26   2253351P               (0)0(139.5)       4141198.9
c   27   1254351C               (0)0( 89.5)       4327313.3
c   28   1254351D               (0)0(149.5)       4357337.4
 
 
 
c-------------------------------------------------------------------------------
 
C  superstage partition information
C  ================================
C
C  element symbol   : Ar
C  parent template  : 
C  partition level  :  1
C  superstage label : 10
C
C  tabulation       : photon emissivity coefft (te,ne)
C  units            : ph. emis coef(cm^3 s^-1); te (ev); ne (cm^-3)
C
C  photon emissivity atomic transitions
C  ------------------------------------
C  
C   isel  wvlen(A)            transition                type  ispb nspb
C                                                             ispp nspp sz    tg pr wr
C  ----- ---------- ----------------------------------- ----- ---- ---- --    -- -- --
C      1   23.1090   27(0)0( 89.5)-  1(0)0(  7.0)       excit   1    1  10    25 19  1
C      2   24.1747   25(0)0( 98.5)-  1(0)0(  7.0)       excit   1    1  10    18 17  2
C      3   24.7805   20(0)0( 98.5)-  1(0)0(  7.0)       excit   1    1  10    14 13  3
C      4   25.1100   17(0)0( 89.5)-  1(0)0(  7.0)       excit   1    1  10    23 11  4
C      5   25.8616   15(0)0( 98.5)-  1(0)0(  7.0)       excit   1    1  10    10  8  5
C      6   26.2560   13(0)0( 19.5)-  1(0)0(  7.0)       excit   1    1  10     8 46  6
C      7   26.3115   28(0)0(149.5)-  2(0)0(  5.5)       excit   1    1  10   184 23  7
C      8   28.1410   11(0)0( 98.5)-  1(0)0(  7.0)       excit   1    1  10     6  6  8
C      9   28.6713   22(0)0(149.5)-  2(0)0(  5.5)       excit   1    1  10   182 12  9
C     10   29.1173    9(0)0( 19.5)-  1(0)0(  7.0)       excit   1    1  10     4 27 10
C     11   31.3207    7(0)0( 89.5)-  1(0)0(  7.0)       excit   1    1  10    21  7 11
C     12   34.8577    6(0)0( 98.5)-  1(0)0(  7.0)       excit   1    1  10     3  2 12
C     13   35.6637    8(0)0(149.5)-  2(0)0(  5.5)       excit   1    1  10   180  5 13
C     14   37.0444    5(0)0( 59.5)-  1(0)0(  7.0)       excit   1    1  10     2 22 14
C     15   39.1325    4(0)0( 19.5)-  1(0)0(  7.0)       excit   1    1  10     1  3 15
C     16   63.6671   24(0)0( 59.5)-  4(0)0( 19.5)       excit   1    1  10    39 41 16
C     17   68.3504   19(0)0( 59.5)-  4(0)0( 19.5)       excit   1    1  10    36 32 17
C     18   69.5847   25(0)0( 98.5)-  5(0)0( 59.5)       excit   1    1  10    56 28 18
C     19   74.8517   20(0)0( 98.5)-  5(0)0( 59.5)       excit   1    1  10    52 20 19
C     20   78.0602   14(0)0( 59.5)-  4(0)0( 19.5)       excit   1    1  10    33 21 20
C     21   78.5921   26(0)0(139.5)-  6(0)0( 98.5)       excit   1    1  10    73 40 21
C     22   85.1755   21(0)0(139.5)-  6(0)0( 98.5)       excit   1    1  10    69 33 22
C     23   85.6696   15(0)0( 98.5)-  5(0)0( 59.5)       excit   1    1  10    48 14 23
C     24   85.8690   28(0)0(149.5)-  7(0)0( 89.5)       excit   1    1  10   190 29 24
C     25   90.1558   13(0)0( 19.5)-  5(0)0( 59.5)       excit   1    1  10    46 45 25
C     26   98.9293   16(0)0(139.5)-  6(0)0( 98.5)       excit   1    1  10    65 24 26
C     27   103.341   14(0)0( 59.5)-  6(0)0( 98.5)       excit   1    1  10    63 38 27
C     28   103.453   27(0)0( 89.5)-  8(0)0(149.5)       excit   1    1  10   193 50 28
C     29   106.885   10(0)0( 59.5)-  4(0)0( 19.5)       excit   1    1  10    30 10 29
C     30   117.086   11(0)0( 98.5)-  5(0)0( 59.5)       excit   1    1  10    44  9 30
C     31   117.404   22(0)0(149.5)-  7(0)0( 89.5)       excit   1    1  10   188 18 31
C     32   136.069    9(0)0( 19.5)-  5(0)0( 59.5)       excit   1    1  10    42 25 32
C     33   140.862   12(0)0(139.5)-  6(0)0( 98.5)       excit   1    1  10    61 15 33
C     34   154.906   25(0)0( 98.5)- 10(0)0( 59.5)       excit   1    1  10    97 39 34
C     35   160.720   10(0)0( 59.5)-  6(0)0( 98.5)       excit   1    1  10    59 16 35
C     36   160.828   17(0)0( 89.5)-  8(0)0(149.5)       excit   1    1  10   191 31 36
C     37   171.207   19(0)0( 59.5)-  9(0)0( 19.5)       excit   1    1  10    80 44 37
C     38   179.624    2(0)0(  5.5)-  1(0)0(  7.0)       excit   1    1  10    20  1 38
C     39   183.679   20(0)0( 98.5)- 10(0)0( 59.5)       excit   1    1  10    93 34 39
C     40   203.831   28(0)0(149.5)- 15(0)0( 98.5)       excit   1    1  10   148 43 40
C     41   204.366   21(0)0(139.5)- 11(0)0( 98.5)       excit   1    1  10   107 42 41
C     42   248.695   14(0)0( 59.5)-  9(0)0( 19.5)       excit   1    1  10    77 36 42
C     43   266.149   15(0)0( 98.5)- 10(0)0( 59.5)       excit   1    1  10    89 26 43
C     44   266.764   28(0)0(149.5)- 17(0)0( 89.5)       excit   1    1  10   197 49 44
C     45   306.659   16(0)0(139.5)- 11(0)0( 98.5)       excit   1    1  10   103 35 45
C     46   353.424   14(0)0( 59.5)- 11(0)0( 98.5)       excit   1    1  10   101 37 46
C     47   353.629   27(0)0( 89.5)- 22(0)0(149.5)       excit   1    1  10   198 48 47
C     48   502.630   20(0)0( 98.5)- 14(0)0( 59.5)       excit   1    1  10   133 47 48
C     49   590.505    6(0)0( 98.5)-  5(0)0( 59.5)       excit   1    1  10    41 30 49
C     50   694.246    5(0)0( 59.5)-  4(0)0( 19.5)       excit   1    1  10    27  4 50
c-------------------------------------------------------------------------------
                                                                                
C  code     : adas810
C  producer : Adam Foster
C  date     : 13/05/09
                                                                                
c-------------------------------------------------------------------------------
