   50    /AR:14 photon emissivity coefficients/
--------------------------------------------------------------------------------
    1    1    1    1    1    1    1    1    1    1    1    1    1    1
    1    1    1    1    1
--------------------------------------------------------------------------------
//#01/p00/ 00/p01/ 01/p02/ 02/p03/ 03/p04/ 04/p05/ 05/p06/ 06/p07/ 07/p08/ 08/  
      p09/ 09/p10/ 10/p11/ 11/p12/ 12/p13/ 13/p14/ 14/p15/ 15/p16/ 16/p17/ 17/  
      p18/ 18/                                                                  
--------------------------------------------------------------------------------
  15.7055    7  14 /pl=01:ss=14:pb= 1:sz=14/type=excit/ispb = t/isel =    1
 1.00E+10 1.00E+11 1.00E+12 1.00E+13 1.00E+14 1.00E+15 1.00E+16
 3.88E+00 5.82E+00 9.69E+00 1.94E+01 3.88E+01 9.69E+01 1.94E+02 2.91E+02
 3.88E+02 5.82E+02 9.69E+02 1.94E+03 3.88E+03 5.82E+03
 1.00E-74 1.00E-74 1.00E-74 2.88E-29 1.43E-20 1.84E-15 7.82E-14 2.57E-13
 4.49E-13 7.70E-13 1.14E-12 1.48E-12 1.64E-12 1.66E-12
 1.00E-74 1.00E-74 1.00E-74 2.88E-29 1.43E-20 1.84E-15 7.82E-14 2.57E-13
 4.49E-13 7.70E-13 1.14E-12 1.48E-12 1.64E-12 1.66E-12
 1.00E-74 1.00E-74 1.00E-74 2.88E-29 1.43E-20 1.84E-15 7.82E-14 2.57E-13
 4.49E-13 7.70E-13 1.14E-12 1.48E-12 1.64E-12 1.66E-12
 1.00E-74 1.00E-74 8.45E-47 2.88E-29 1.43E-20 1.84E-15 7.82E-14 2.57E-13
 4.49E-13 7.70E-13 1.14E-12 1.48E-12 1.64E-12 1.66E-12
 1.00E-74 1.00E-74 8.45E-47 2.88E-29 1.43E-20 1.83E-15 7.81E-14 2.56E-13
 4.48E-13 7.69E-13 1.14E-12 1.48E-12 1.64E-12 1.66E-12
 1.00E-74 1.00E-74 8.56E-47 2.89E-29 1.42E-20 1.82E-15 7.73E-14 2.54E-13
 4.44E-13 7.61E-13 1.13E-12 1.47E-12 1.62E-12 1.65E-12
 1.00E-74 1.00E-74 9.15E-47 2.88E-29 1.33E-20 1.67E-15 7.13E-14 2.36E-13
 4.14E-13 7.14E-13 1.06E-12 1.39E-12 1.54E-12 1.56E-12
  16.1784    7  14 /pl=01:ss=14:pb= 1:sz=14/type=excit/ispb = t/isel =    2
 1.00E+10 1.00E+11 1.00E+12 1.00E+13 1.00E+14 1.00E+15 1.00E+16
 3.88E+00 5.82E+00 9.69E+00 1.94E+01 3.88E+01 9.69E+01 1.94E+02 2.91E+02
 3.88E+02 5.82E+02 9.69E+02 1.94E+03 3.88E+03 5.82E+03
 1.00E-74 1.00E-74 1.00E-74 1.74E-28 4.80E-20 4.41E-15 1.67E-13 5.26E-13
 9.11E-13 1.52E-12 2.22E-12 2.85E-12 3.13E-12 3.16E-12
 1.00E-74 1.00E-74 1.00E-74 1.74E-28 4.80E-20 4.41E-15 1.67E-13 5.26E-13
 9.11E-13 1.52E-12 2.22E-12 2.85E-12 3.13E-12 3.16E-12
 1.00E-74 1.00E-74 1.75E-45 1.74E-28 4.80E-20 4.41E-15 1.67E-13 5.26E-13
 9.11E-13 1.52E-12 2.22E-12 2.85E-12 3.13E-12 3.16E-12
 1.00E-74 1.00E-74 1.66E-45 1.74E-28 4.80E-20 4.41E-15 1.67E-13 5.26E-13
 9.10E-13 1.52E-12 2.22E-12 2.85E-12 3.13E-12 3.16E-12
 1.00E-74 1.00E-74 1.66E-45 1.74E-28 4.79E-20 4.40E-15 1.67E-13 5.25E-13
 9.09E-13 1.52E-12 2.21E-12 2.85E-12 3.13E-12 3.16E-12
 1.00E-74 1.00E-74 1.66E-45 1.73E-28 4.74E-20 4.34E-15 1.65E-13 5.18E-13
 8.98E-13 1.50E-12 2.19E-12 2.82E-12 3.10E-12 3.14E-12
 1.00E-74 1.00E-74 1.70E-45 1.65E-28 4.29E-20 3.85E-15 1.48E-13 4.70E-13
 8.21E-13 1.39E-12 2.04E-12 2.65E-12 2.93E-12 2.98E-12
  16.7701    7  14 /pl=01:ss=14:pb= 1:sz=14/type=excit/ispb = t/isel =    3
 1.00E+10 1.00E+11 1.00E+12 1.00E+13 1.00E+14 1.00E+15 1.00E+16
 3.88E+00 5.82E+00 9.69E+00 1.94E+01 3.88E+01 9.69E+01 1.94E+02 2.91E+02
 3.88E+02 5.82E+02 9.69E+02 1.94E+03 3.88E+03 5.82E+03
 1.00E-74 1.00E-74 1.00E-74 3.65E-29 1.82E-20 2.35E-15 9.77E-14 3.10E-13
 5.33E-13 8.58E-13 1.15E-12 1.23E-12 1.08E-12 9.45E-13
 1.00E-74 1.00E-74 1.00E-74 3.65E-29 1.82E-20 2.35E-15 9.77E-14 3.10E-13
 5.33E-13 8.58E-13 1.15E-12 1.23E-12 1.08E-12 9.45E-13
 1.00E-74 1.00E-74 1.00E-74 3.65E-29 1.82E-20 2.35E-15 9.77E-14 3.10E-13
 5.33E-13 8.58E-13 1.15E-12 1.23E-12 1.08E-12 9.45E-13
 1.00E-74 1.00E-74 1.12E-46 3.65E-29 1.82E-20 2.35E-15 9.76E-14 3.10E-13
 5.33E-13 8.58E-13 1.15E-12 1.23E-12 1.08E-12 9.45E-13
 1.00E-74 1.00E-74 1.04E-46 3.65E-29 1.82E-20 2.34E-15 9.75E-14 3.10E-13
 5.32E-13 8.57E-13 1.15E-12 1.23E-12 1.08E-12 9.44E-13
 1.00E-74 1.00E-74 1.04E-46 3.62E-29 1.80E-20 2.31E-15 9.62E-14 3.06E-13
 5.26E-13 8.48E-13 1.14E-12 1.22E-12 1.07E-12 9.39E-13
 1.00E-74 1.00E-74 1.05E-46 3.44E-29 1.62E-20 2.04E-15 8.61E-14 2.77E-13
 4.81E-13 7.84E-13 1.06E-12 1.15E-12 1.02E-12 9.01E-13
  16.8031    7  14 /pl=01:ss=14:pb= 1:sz=14/type=excit/ispb = t/isel =    4
 1.00E+10 1.00E+11 1.00E+12 1.00E+13 1.00E+14 1.00E+15 1.00E+16
 3.88E+00 5.82E+00 9.69E+00 1.94E+01 3.88E+01 9.69E+01 1.94E+02 2.91E+02
 3.88E+02 5.82E+02 9.69E+02 1.94E+03 3.88E+03 5.82E+03
 1.00E-74 1.00E-74 1.00E-74 9.19E-30 4.42E-21 5.59E-16 2.32E-14 7.40E-14
 1.27E-13 2.06E-13 2.80E-13 3.07E-13 2.74E-13 2.44E-13
 1.00E-74 1.00E-74 1.00E-74 9.19E-30 4.42E-21 5.59E-16 2.32E-14 7.40E-14
 1.27E-13 2.06E-13 2.80E-13 3.07E-13 2.74E-13 2.44E-13
 1.00E-74 1.00E-74 4.18E-47 9.19E-30 4.42E-21 5.59E-16 2.32E-14 7.40E-14
 1.27E-13 2.06E-13 2.80E-13 3.07E-13 2.74E-13 2.44E-13
 1.00E-74 1.00E-74 2.92E-47 9.18E-30 4.42E-21 5.59E-16 2.32E-14 7.40E-14
 1.27E-13 2.06E-13 2.80E-13 3.07E-13 2.74E-13 2.44E-13
 1.00E-74 1.00E-74 2.80E-47 9.16E-30 4.40E-21 5.57E-16 2.31E-14 7.38E-14
 1.27E-13 2.06E-13 2.79E-13 3.06E-13 2.74E-13 2.44E-13
 1.00E-74 1.00E-74 2.72E-47 8.88E-30 4.27E-21 5.41E-16 2.26E-14 7.22E-14
 1.24E-13 2.02E-13 2.75E-13 3.02E-13 2.71E-13 2.41E-13
 1.00E-74 1.00E-74 2.15E-47 6.82E-30 3.23E-21 4.19E-16 1.82E-14 5.96E-14
 1.04E-13 1.73E-13 2.41E-13 2.72E-13 2.49E-13 2.24E-13
  17.0323    7  14 /pl=01:ss=14:pb= 1:sz=14/type=excit/ispb = t/isel =    5
 1.00E+10 1.00E+11 1.00E+12 1.00E+13 1.00E+14 1.00E+15 1.00E+16
 3.88E+00 5.82E+00 9.69E+00 1.94E+01 3.88E+01 9.69E+01 1.94E+02 2.91E+02
 3.88E+02 5.82E+02 9.69E+02 1.94E+03 3.88E+03 5.82E+03
 1.00E-74 1.00E-74 1.50E-43 2.54E-27 2.62E-19 1.36E-14 4.30E-13 1.28E-12
 2.14E-12 3.48E-12 4.96E-12 6.27E-12 6.83E-12 6.88E-12
 1.00E-74 1.00E-74 1.72E-43 2.54E-27 2.62E-19 1.36E-14 4.30E-13 1.28E-12
 2.14E-12 3.48E-12 4.96E-12 6.27E-12 6.83E-12 6.88E-12
 1.00E-74 1.00E-74 1.75E-43 2.54E-27 2.62E-19 1.36E-14 4.30E-13 1.28E-12
 2.14E-12 3.48E-12 4.96E-12 6.27E-12 6.83E-12 6.88E-12
 1.00E-74 1.00E-74 1.75E-43 2.54E-27 2.62E-19 1.36E-14 4.30E-13 1.28E-12
 2.14E-12 3.48E-12 4.96E-12 6.27E-12 6.83E-12 6.88E-12
 1.00E-74 1.00E-74 1.75E-43 2.54E-27 2.62E-19 1.36E-14 4.30E-13 1.27E-12
 2.14E-12 3.48E-12 4.96E-12 6.27E-12 6.82E-12 6.87E-12
 1.00E-74 1.00E-74 1.75E-43 2.52E-27 2.58E-19 1.34E-14 4.23E-13 1.26E-12
 2.11E-12 3.43E-12 4.90E-12 6.21E-12 6.77E-12 6.82E-12
 1.00E-74 1.00E-74 1.75E-43 2.36E-27 2.30E-19 1.17E-14 3.76E-13 1.13E-12
 1.91E-12 3.15E-12 4.54E-12 5.81E-12 6.39E-12 6.48E-12
  17.3005    7  14 /pl=01:ss=14:pb= 1:sz=14/type=excit/ispb = t/isel =    6
 1.00E+10 1.00E+11 1.00E+12 1.00E+13 1.00E+14 1.00E+15 1.00E+16
 3.88E+00 5.82E+00 9.69E+00 1.94E+01 3.88E+01 9.69E+01 1.94E+02 2.91E+02
 3.88E+02 5.82E+02 9.69E+02 1.94E+03 3.88E+03 5.82E+03
 1.00E-74 1.00E-74 1.00E-74 2.12E-28 5.93E-20 5.39E-15 2.00E-13 6.12E-13
 1.03E-12 1.63E-12 2.15E-12 2.29E-12 2.00E-12 1.76E-12
 1.00E-74 1.00E-74 1.00E-74 2.12E-28 5.93E-20 5.39E-15 2.00E-13 6.12E-13
 1.03E-12 1.63E-12 2.15E-12 2.29E-12 2.00E-12 1.76E-12
 1.00E-74 1.00E-74 1.83E-45 2.12E-28 5.93E-20 5.39E-15 2.00E-13 6.12E-13
 1.03E-12 1.63E-12 2.15E-12 2.29E-12 2.00E-12 1.76E-12
 1.00E-74 1.00E-74 1.92E-45 2.12E-28 5.93E-20 5.39E-15 2.00E-13 6.12E-13
 1.03E-12 1.63E-12 2.15E-12 2.29E-12 2.00E-12 1.76E-12
 1.00E-74 1.00E-74 1.93E-45 2.12E-28 5.92E-20 5.38E-15 1.99E-13 6.11E-13
 1.03E-12 1.63E-12 2.15E-12 2.29E-12 2.00E-12 1.76E-12
 1.00E-74 1.00E-74 1.93E-45 2.11E-28 5.84E-20 5.30E-15 1.97E-13 6.03E-13
 1.02E-12 1.61E-12 2.13E-12 2.27E-12 1.98E-12 1.74E-12
 1.00E-74 1.00E-74 1.94E-45 1.98E-28 5.24E-20 4.66E-15 1.75E-13 5.45E-13
 9.25E-13 1.48E-12 1.98E-12 2.13E-12 1.88E-12 1.67E-12
  17.3570    7  14 /pl=01:ss=14:pb= 1:sz=14/type=excit/ispb = t/isel =    7
 1.00E+10 1.00E+11 1.00E+12 1.00E+13 1.00E+14 1.00E+15 1.00E+16
 3.88E+00 5.82E+00 9.69E+00 1.94E+01 3.88E+01 9.69E+01 1.94E+02 2.91E+02
 3.88E+02 5.82E+02 9.69E+02 1.94E+03 3.88E+03 5.82E+03
 1.00E-74 1.00E-74 1.00E-74 6.18E-29 1.62E-20 1.43E-15 5.27E-14 1.62E-13
 2.72E-13 4.33E-13 5.78E-13 6.31E-13 5.63E-13 5.03E-13
 1.00E-74 1.00E-74 7.12E-46 6.18E-29 1.62E-20 1.43E-15 5.27E-14 1.62E-13
 2.72E-13 4.33E-13 5.78E-13 6.31E-13 5.63E-13 5.03E-13
 1.00E-74 1.00E-74 6.41E-46 6.18E-29 1.62E-20 1.43E-15 5.27E-14 1.62E-13
 2.72E-13 4.33E-13 5.78E-13 6.31E-13 5.63E-13 5.03E-13
 1.00E-74 1.00E-74 6.34E-46 6.18E-29 1.62E-20 1.43E-15 5.26E-14 1.62E-13
 2.72E-13 4.33E-13 5.78E-13 6.31E-13 5.63E-13 5.03E-13
 1.00E-74 1.00E-74 6.33E-46 6.17E-29 1.62E-20 1.42E-15 5.25E-14 1.61E-13
 2.72E-13 4.32E-13 5.77E-13 6.31E-13 5.62E-13 5.02E-13
 1.00E-74 1.00E-74 6.26E-46 6.06E-29 1.59E-20 1.39E-15 5.16E-14 1.58E-13
 2.68E-13 4.26E-13 5.69E-13 6.24E-13 5.57E-13 4.98E-13
 1.00E-74 1.00E-74 5.63E-46 5.21E-29 1.32E-20 1.16E-15 4.40E-14 1.38E-13
 2.35E-13 3.81E-13 5.17E-13 5.76E-13 5.21E-13 4.69E-13
  18.2589    7  14 /pl=01:ss=14:pb= 1:sz=14/type=excit/ispb = t/isel =    8
 1.00E+10 1.00E+11 1.00E+12 1.00E+13 1.00E+14 1.00E+15 1.00E+16
 3.88E+00 5.82E+00 9.69E+00 1.94E+01 3.88E+01 9.69E+01 1.94E+02 2.91E+02
 3.88E+02 5.82E+02 9.69E+02 1.94E+03 3.88E+03 5.82E+03
 1.00E-74 1.00E-74 1.65E-43 3.20E-27 3.38E-19 1.72E-14 5.27E-13 1.52E-12
 2.46E-12 3.79E-12 4.89E-12 5.12E-12 4.45E-12 3.90E-12
 1.00E-74 1.00E-74 2.07E-43 3.20E-27 3.38E-19 1.72E-14 5.27E-13 1.52E-12
 2.46E-12 3.79E-12 4.89E-12 5.12E-12 4.45E-12 3.90E-12
 1.00E-74 1.00E-74 2.03E-43 3.20E-27 3.38E-19 1.72E-14 5.27E-13 1.52E-12
 2.46E-12 3.79E-12 4.89E-12 5.12E-12 4.45E-12 3.90E-12
 1.00E-74 1.00E-74 2.03E-43 3.20E-27 3.38E-19 1.72E-14 5.27E-13 1.52E-12
 2.46E-12 3.79E-12 4.89E-12 5.12E-12 4.45E-12 3.90E-12
 1.00E-74 1.00E-74 2.03E-43 3.20E-27 3.38E-19 1.72E-14 5.26E-13 1.51E-12
 2.46E-12 3.79E-12 4.88E-12 5.12E-12 4.44E-12 3.90E-12
 1.00E-74 1.00E-74 2.03E-43 3.18E-27 3.33E-19 1.69E-14 5.19E-13 1.49E-12
 2.43E-12 3.74E-12 4.83E-12 5.07E-12 4.41E-12 3.87E-12
 1.00E-74 1.00E-74 2.02E-43 2.97E-27 2.97E-19 1.49E-14 4.62E-13 1.35E-12
 2.21E-12 3.44E-12 4.49E-12 4.77E-12 4.18E-12 3.69E-12
  18.3689    7  14 /pl=01:ss=14:pb= 1:sz=14/type=excit/ispb = t/isel =    9
 1.00E+10 1.00E+11 1.00E+12 1.00E+13 1.00E+14 1.00E+15 1.00E+16
 3.88E+00 5.82E+00 9.69E+00 1.94E+01 3.88E+01 9.69E+01 1.94E+02 2.91E+02
 3.88E+02 5.82E+02 9.69E+02 1.94E+03 3.88E+03 5.82E+03
 1.00E-74 1.00E-74 9.01E-44 1.08E-27 1.04E-19 5.00E-15 1.51E-13 4.35E-13
 7.07E-13 1.09E-12 1.43E-12 1.53E-12 1.36E-12 1.22E-12
 1.00E-74 1.00E-74 8.50E-44 1.08E-27 1.04E-19 5.00E-15 1.51E-13 4.35E-13
 7.07E-13 1.09E-12 1.43E-12 1.53E-12 1.36E-12 1.22E-12
 1.00E-74 1.00E-74 8.47E-44 1.08E-27 1.04E-19 5.00E-15 1.51E-13 4.35E-13
 7.07E-13 1.09E-12 1.43E-12 1.53E-12 1.36E-12 1.22E-12
 1.00E-74 1.00E-74 8.47E-44 1.08E-27 1.04E-19 5.00E-15 1.51E-13 4.35E-13
 7.07E-13 1.09E-12 1.43E-12 1.53E-12 1.36E-12 1.22E-12
 1.00E-74 1.00E-74 8.46E-44 1.08E-27 1.04E-19 4.99E-15 1.51E-13 4.34E-13
 7.06E-13 1.09E-12 1.43E-12 1.53E-12 1.36E-12 1.22E-12
 1.00E-74 1.00E-74 8.42E-44 1.07E-27 1.02E-19 4.90E-15 1.49E-13 4.28E-13
 6.96E-13 1.08E-12 1.41E-12 1.52E-12 1.35E-12 1.21E-12
 1.00E-74 1.00E-74 8.01E-44 9.64E-28 8.84E-20 4.21E-15 1.30E-13 3.80E-13
 6.25E-13 9.79E-13 1.30E-12 1.41E-12 1.27E-12 1.14E-12
  18.8797    7  14 /pl=01:ss=14:pb= 1:sz=14/type=excit/ispb = t/isel =   10
 1.00E+10 1.00E+11 1.00E+12 1.00E+13 1.00E+14 1.00E+15 1.00E+16
 3.88E+00 5.82E+00 9.69E+00 1.94E+01 3.88E+01 9.69E+01 1.94E+02 2.91E+02
 3.88E+02 5.82E+02 9.69E+02 1.94E+03 3.88E+03 5.82E+03
 1.00E-74 1.00E-74 6.96E-40 2.54E-25 4.17E-18 7.34E-14 1.65E-12 4.40E-12
 7.01E-12 1.09E-11 1.50E-11 1.85E-11 2.00E-11 2.00E-11
 1.00E-74 1.00E-74 6.96E-40 2.54E-25 4.17E-18 7.34E-14 1.65E-12 4.40E-12
 7.01E-12 1.09E-11 1.50E-11 1.85E-11 2.00E-11 2.00E-11
 1.00E-74 1.00E-74 6.96E-40 2.54E-25 4.17E-18 7.34E-14 1.65E-12 4.40E-12
 7.01E-12 1.09E-11 1.50E-11 1.85E-11 2.00E-11 2.00E-11
 1.00E-74 1.00E-74 6.96E-40 2.54E-25 4.17E-18 7.34E-14 1.65E-12 4.40E-12
 7.01E-12 1.09E-11 1.50E-11 1.85E-11 2.00E-11 2.00E-11
 1.00E-74 1.00E-74 6.96E-40 2.54E-25 4.16E-18 7.32E-14 1.65E-12 4.39E-12
 7.00E-12 1.09E-11 1.50E-11 1.85E-11 2.00E-11 2.00E-11
 1.00E-74 1.00E-74 6.95E-40 2.51E-25 4.10E-18 7.21E-14 1.63E-12 4.33E-12
 6.91E-12 1.07E-11 1.49E-11 1.83E-11 1.98E-11 1.99E-11
 1.00E-74 1.00E-74 6.86E-40 2.34E-25 3.64E-18 6.29E-14 1.44E-12 3.89E-12
 6.25E-12 9.83E-12 1.37E-11 1.71E-11 1.87E-11 1.89E-11
  20.3327    7  14 /pl=01:ss=14:pb= 1:sz=14/type=excit/ispb = t/isel =   11
 1.00E+10 1.00E+11 1.00E+12 1.00E+13 1.00E+14 1.00E+15 1.00E+16
 3.88E+00 5.82E+00 9.69E+00 1.94E+01 3.88E+01 9.69E+01 1.94E+02 2.91E+02
 3.88E+02 5.82E+02 9.69E+02 1.94E+03 3.88E+03 5.82E+03
 1.00E-74 1.00E-74 7.83E-40 3.47E-25 6.13E-18 1.07E-13 2.30E-12 5.88E-12
 8.99E-12 1.31E-11 1.62E-11 1.64E-11 1.41E-11 1.23E-11
 1.00E-74 1.00E-74 7.83E-40 3.47E-25 6.13E-18 1.07E-13 2.30E-12 5.88E-12
 8.99E-12 1.31E-11 1.62E-11 1.64E-11 1.41E-11 1.23E-11
 1.00E-74 1.00E-74 7.83E-40 3.47E-25 6.13E-18 1.07E-13 2.30E-12 5.88E-12
 8.99E-12 1.31E-11 1.62E-11 1.64E-11 1.41E-11 1.23E-11
 1.00E-74 1.00E-74 7.83E-40 3.47E-25 6.13E-18 1.07E-13 2.30E-12 5.88E-12
 8.99E-12 1.31E-11 1.61E-11 1.64E-11 1.41E-11 1.23E-11
 1.00E-74 1.00E-74 7.83E-40 3.46E-25 6.12E-18 1.07E-13 2.29E-12 5.87E-12
 8.98E-12 1.31E-11 1.61E-11 1.64E-11 1.41E-11 1.23E-11
 1.00E-74 1.00E-74 7.83E-40 3.44E-25 6.04E-18 1.05E-13 2.26E-12 5.79E-12
 8.87E-12 1.30E-11 1.60E-11 1.62E-11 1.40E-11 1.22E-11
 1.00E-74 1.00E-74 7.78E-40 3.21E-25 5.38E-18 9.20E-14 2.01E-12 5.22E-12
 8.06E-12 1.19E-11 1.48E-11 1.53E-11 1.33E-11 1.17E-11
  20.6063    7  14 /pl=01:ss=14:pb= 1:sz=14/type=excit/ispb = t/isel =   12
 1.00E+10 1.00E+11 1.00E+12 1.00E+13 1.00E+14 1.00E+15 1.00E+16
 3.88E+00 5.82E+00 9.69E+00 1.94E+01 3.88E+01 9.69E+01 1.94E+02 2.91E+02
 3.88E+02 5.82E+02 9.69E+02 1.94E+03 3.88E+03 5.82E+03
 1.00E-74 1.00E-74 5.35E-40 1.56E-25 2.25E-18 3.52E-14 7.36E-13 1.87E-12
 2.87E-12 4.20E-12 5.24E-12 5.46E-12 4.83E-12 4.30E-12
 1.00E-74 1.00E-74 5.35E-40 1.56E-25 2.25E-18 3.52E-14 7.36E-13 1.87E-12
 2.87E-12 4.20E-12 5.24E-12 5.46E-12 4.83E-12 4.30E-12
 1.00E-74 1.00E-74 5.35E-40 1.56E-25 2.25E-18 3.52E-14 7.36E-13 1.87E-12
 2.87E-12 4.20E-12 5.24E-12 5.46E-12 4.82E-12 4.30E-12
 1.00E-74 1.00E-74 5.35E-40 1.56E-25 2.25E-18 3.52E-14 7.36E-13 1.87E-12
 2.87E-12 4.19E-12 5.24E-12 5.46E-12 4.82E-12 4.30E-12
 1.00E-74 1.00E-74 5.35E-40 1.56E-25 2.25E-18 3.51E-14 7.34E-13 1.87E-12
 2.87E-12 4.19E-12 5.23E-12 5.45E-12 4.82E-12 4.30E-12
 1.00E-74 1.00E-74 5.33E-40 1.55E-25 2.21E-18 3.46E-14 7.23E-13 1.84E-12
 2.83E-12 4.14E-12 5.18E-12 5.40E-12 4.78E-12 4.27E-12
 1.00E-74 1.00E-74 5.17E-40 1.42E-25 1.94E-18 3.00E-14 6.37E-13 1.65E-12
 2.56E-12 3.78E-12 4.78E-12 5.05E-12 4.51E-12 4.05E-12
  22.0844    7  14 /pl=01:ss=14:pb= 1:sz=14/type=excit/ispb = t/isel =   13
 1.00E+10 1.00E+11 1.00E+12 1.00E+13 1.00E+14 1.00E+15 1.00E+16
 3.88E+00 5.82E+00 9.69E+00 1.94E+01 3.88E+01 9.69E+01 1.94E+02 2.91E+02
 3.88E+02 5.82E+02 9.69E+02 1.94E+03 3.88E+03 5.82E+03
 1.00E-74 1.00E-74 8.36E-42 3.05E-27 5.01E-20 8.82E-16 1.99E-14 5.29E-14
 8.42E-14 1.31E-13 1.81E-13 2.22E-13 2.40E-13 2.41E-13
 1.00E-74 1.00E-74 8.36E-42 3.05E-27 5.01E-20 8.82E-16 1.99E-14 5.29E-14
 8.42E-14 1.31E-13 1.81E-13 2.22E-13 2.40E-13 2.41E-13
 1.00E-74 1.00E-74 8.36E-42 3.05E-27 5.01E-20 8.82E-16 1.99E-14 5.29E-14
 8.42E-14 1.31E-13 1.81E-13 2.22E-13 2.40E-13 2.41E-13
 1.00E-74 1.00E-74 8.36E-42 3.05E-27 5.01E-20 8.82E-16 1.99E-14 5.29E-14
 8.42E-14 1.31E-13 1.81E-13 2.22E-13 2.40E-13 2.41E-13
 1.00E-74 1.00E-74 8.36E-42 3.05E-27 5.00E-20 8.80E-16 1.98E-14 5.28E-14
 8.41E-14 1.31E-13 1.80E-13 2.22E-13 2.40E-13 2.41E-13
 1.00E-74 1.00E-74 8.35E-42 3.02E-27 4.93E-20 8.66E-16 1.96E-14 5.21E-14
 8.30E-14 1.29E-13 1.78E-13 2.20E-13 2.38E-13 2.39E-13
 1.00E-74 1.00E-74 8.24E-42 2.81E-27 4.37E-20 7.56E-16 1.73E-14 4.67E-14
 7.52E-14 1.18E-13 1.65E-13 2.06E-13 2.25E-13 2.27E-13
  24.7452    7  14 /pl=01:ss=14:pb= 1:sz=14/type=excit/ispb = t/isel =   14
 1.00E+10 1.00E+11 1.00E+12 1.00E+13 1.00E+14 1.00E+15 1.00E+16
 3.88E+00 5.82E+00 9.69E+00 1.94E+01 3.88E+01 9.69E+01 1.94E+02 2.91E+02
 3.88E+02 5.82E+02 9.69E+02 1.94E+03 3.88E+03 5.82E+03
 1.00E-74 1.00E-74 2.84E-32 3.37E-21 9.85E-16 1.56E-12 1.63E-11 3.44E-11
 4.91E-11 6.93E-11 8.98E-11 1.08E-10 1.16E-10 1.16E-10
 1.00E-74 1.00E-74 2.84E-32 3.37E-21 9.85E-16 1.56E-12 1.63E-11 3.44E-11
 4.91E-11 6.93E-11 8.98E-11 1.08E-10 1.16E-10 1.16E-10
 1.00E-74 1.00E-74 2.84E-32 3.37E-21 9.85E-16 1.56E-12 1.63E-11 3.44E-11
 4.91E-11 6.93E-11 8.98E-11 1.08E-10 1.16E-10 1.16E-10
 1.00E-74 1.00E-74 2.84E-32 3.37E-21 9.84E-16 1.56E-12 1.63E-11 3.44E-11
 4.91E-11 6.93E-11 8.98E-11 1.08E-10 1.16E-10 1.16E-10
 1.00E-74 3.31E-47 2.84E-32 3.37E-21 9.83E-16 1.55E-12 1.63E-11 3.43E-11
 4.90E-11 6.92E-11 8.97E-11 1.08E-10 1.16E-10 1.16E-10
 1.00E-74 3.97E-47 2.84E-32 3.34E-21 9.69E-16 1.53E-12 1.60E-11 3.38E-11
 4.84E-11 6.83E-11 8.87E-11 1.07E-10 1.15E-10 1.15E-10
 1.00E-74 4.04E-47 2.80E-32 3.10E-21 8.60E-16 1.34E-12 1.42E-11 3.04E-11
 4.38E-11 6.26E-11 8.21E-11 1.00E-10 1.09E-10 1.10E-10
  24.8424    7  14 /pl=01:ss=14:pb= 1:sz=14/type=excit/ispb = t/isel =   15
 1.00E+10 1.00E+11 1.00E+12 1.00E+13 1.00E+14 1.00E+15 1.00E+16
 3.88E+00 5.82E+00 9.69E+00 1.94E+01 3.88E+01 9.69E+01 1.94E+02 2.91E+02
 3.88E+02 5.82E+02 9.69E+02 1.94E+03 3.88E+03 5.82E+03
 1.00E-74 1.00E-74 9.97E-34 1.07E-22 2.97E-17 4.54E-14 4.74E-13 9.96E-13
 1.42E-12 2.01E-12 2.61E-12 3.15E-12 3.39E-12 3.41E-12
 1.00E-74 1.00E-74 9.97E-34 1.07E-22 2.97E-17 4.54E-14 4.74E-13 9.96E-13
 1.42E-12 2.01E-12 2.61E-12 3.15E-12 3.39E-12 3.41E-12
 1.00E-74 1.00E-74 9.98E-34 1.07E-22 2.98E-17 4.54E-14 4.74E-13 9.96E-13
 1.42E-12 2.01E-12 2.61E-12 3.15E-12 3.39E-12 3.41E-12
 1.00E-74 3.22E-48 1.01E-33 1.08E-22 2.99E-17 4.56E-14 4.76E-13 9.99E-13
 1.42E-12 2.01E-12 2.61E-12 3.15E-12 3.39E-12 3.41E-12
 1.00E-74 1.93E-48 1.10E-33 1.15E-22 3.15E-17 4.73E-14 4.89E-13 1.02E-12
 1.46E-12 2.05E-12 2.65E-12 3.18E-12 3.41E-12 3.43E-12
 1.00E-74 3.77E-48 2.05E-33 1.89E-22 4.66E-17 6.36E-14 6.21E-13 1.26E-12
 1.76E-12 2.40E-12 3.02E-12 3.49E-12 3.63E-12 3.59E-12
 1.00E-74 2.12E-47 1.05E-32 8.08E-22 1.67E-16 1.90E-13 1.60E-12 2.96E-12
 3.85E-12 4.81E-12 5.42E-12 5.50E-12 5.13E-12 4.81E-12
  25.6245    7  14 /pl=01:ss=14:pb= 1:sz=14/type=excit/ispb = t/isel =   16
 1.00E+10 1.00E+11 1.00E+12 1.00E+13 1.00E+14 1.00E+15 1.00E+16
 3.88E+00 5.82E+00 9.69E+00 1.94E+01 3.88E+01 9.69E+01 1.94E+02 2.91E+02
 3.88E+02 5.82E+02 9.69E+02 1.94E+03 3.88E+03 5.82E+03
 1.00E-74 1.00E-74 4.27E-35 8.59E-24 3.23E-18 5.62E-15 5.61E-14 1.12E-13
 1.52E-13 1.96E-13 2.21E-13 2.13E-13 1.79E-13 1.56E-13
 1.00E-74 1.00E-74 4.27E-35 8.59E-24 3.23E-18 5.62E-15 5.61E-14 1.12E-13
 1.52E-13 1.96E-13 2.21E-13 2.13E-13 1.79E-13 1.56E-13
 1.00E-74 1.00E-74 4.27E-35 8.58E-24 3.23E-18 5.62E-15 5.61E-14 1.12E-13
 1.52E-13 1.96E-13 2.21E-13 2.13E-13 1.79E-13 1.56E-13
 1.00E-74 1.00E-74 4.27E-35 8.58E-24 3.23E-18 5.62E-15 5.61E-14 1.12E-13
 1.52E-13 1.96E-13 2.21E-13 2.13E-13 1.79E-13 1.56E-13
 1.00E-74 1.00E-74 4.27E-35 8.58E-24 3.23E-18 5.61E-15 5.61E-14 1.11E-13
 1.51E-13 1.95E-13 2.21E-13 2.13E-13 1.79E-13 1.56E-13
 1.00E-74 3.25E-50 4.27E-35 8.51E-24 3.19E-18 5.52E-15 5.52E-14 1.10E-13
 1.49E-13 1.93E-13 2.19E-13 2.11E-13 1.78E-13 1.55E-13
 1.00E-74 2.99E-50 4.23E-35 7.93E-24 2.83E-18 4.83E-15 4.91E-14 9.90E-14
 1.36E-13 1.77E-13 2.03E-13 1.98E-13 1.68E-13 1.48E-13
  25.8738    7  14 /pl=01:ss=14:pb= 1:sz=14/type=excit/ispb = t/isel =   17
 1.00E+10 1.00E+11 1.00E+12 1.00E+13 1.00E+14 1.00E+15 1.00E+16
 3.88E+00 5.82E+00 9.69E+00 1.94E+01 3.88E+01 9.69E+01 1.94E+02 2.91E+02
 3.88E+02 5.82E+02 9.69E+02 1.94E+03 3.88E+03 5.82E+03
 1.00E-74 1.00E-74 2.56E-35 4.04E-24 1.38E-18 2.79E-15 3.60E-14 8.23E-14
 1.22E-13 1.76E-13 2.25E-13 2.57E-13 2.59E-13 2.52E-13
 1.00E-74 1.00E-74 2.58E-35 4.06E-24 1.39E-18 2.80E-15 3.61E-14 8.24E-14
 1.22E-13 1.76E-13 2.25E-13 2.57E-13 2.59E-13 2.52E-13
 1.00E-74 1.00E-74 2.77E-35 4.29E-24 1.44E-18 2.87E-15 3.66E-14 8.34E-14
 1.23E-13 1.77E-13 2.27E-13 2.59E-13 2.61E-13 2.53E-13
 1.00E-74 1.00E-74 4.73E-35 6.58E-24 2.03E-18 3.57E-15 4.23E-14 9.38E-14
 1.37E-13 1.94E-13 2.45E-13 2.76E-13 2.75E-13 2.65E-13
 1.00E-74 1.00E-74 2.43E-34 2.94E-23 7.87E-18 1.06E-14 9.91E-14 1.97E-13
 2.70E-13 3.57E-13 4.21E-13 4.41E-13 4.11E-13 3.82E-13
 1.00E-74 1.00E-74 2.18E-33 2.54E-22 6.49E-17 7.87E-14 6.47E-13 1.19E-12
 1.54E-12 1.91E-12 2.09E-12 2.01E-12 1.72E-12 1.51E-12
 1.00E-74 2.42E-47 1.99E-32 2.19E-21 5.27E-16 6.11E-13 4.77E-12 8.32E-12
 1.04E-11 1.24E-11 1.32E-11 1.26E-11 1.09E-11 9.69E-12
  26.7335    7  14 /pl=01:ss=14:pb= 1:sz=14/type=excit/ispb = t/isel =   18
 1.00E+10 1.00E+11 1.00E+12 1.00E+13 1.00E+14 1.00E+15 1.00E+16
 3.88E+00 5.82E+00 9.69E+00 1.94E+01 3.88E+01 9.69E+01 1.94E+02 2.91E+02
 3.88E+02 5.82E+02 9.69E+02 1.94E+03 3.88E+03 5.82E+03
 1.00E-74 1.00E-74 2.73E-34 1.95E-23 4.38E-18 5.62E-15 5.15E-14 1.00E-13
 1.35E-13 1.73E-13 1.96E-13 1.91E-13 1.64E-13 1.45E-13
 1.00E-74 1.00E-74 2.73E-34 1.95E-23 4.38E-18 5.62E-15 5.15E-14 1.00E-13
 1.35E-13 1.73E-13 1.96E-13 1.91E-13 1.64E-13 1.45E-13
 1.00E-74 1.00E-74 2.73E-34 1.95E-23 4.38E-18 5.62E-15 5.15E-14 1.00E-13
 1.35E-13 1.73E-13 1.96E-13 1.91E-13 1.64E-13 1.45E-13
 1.00E-74 7.44E-49 2.73E-34 1.95E-23 4.38E-18 5.62E-15 5.15E-14 1.00E-13
 1.35E-13 1.73E-13 1.96E-13 1.91E-13 1.64E-13 1.45E-13
 1.00E-74 7.44E-49 2.73E-34 1.94E-23 4.37E-18 5.61E-15 5.14E-14 1.00E-13
 1.34E-13 1.73E-13 1.96E-13 1.91E-13 1.64E-13 1.45E-13
 1.00E-74 7.51E-49 2.72E-34 1.93E-23 4.31E-18 5.52E-15 5.06E-14 9.86E-14
 1.33E-13 1.71E-13 1.94E-13 1.89E-13 1.63E-13 1.44E-13
 1.00E-74 7.49E-49 2.65E-34 1.77E-23 3.79E-18 4.80E-15 4.47E-14 8.83E-14
 1.20E-13 1.56E-13 1.79E-13 1.77E-13 1.54E-13 1.37E-13
  26.9231    7  14 /pl=01:ss=14:pb= 1:sz=14/type=excit/ispb = t/isel =   19
 1.00E+10 1.00E+11 1.00E+12 1.00E+13 1.00E+14 1.00E+15 1.00E+16
 3.88E+00 5.82E+00 9.69E+00 1.94E+01 3.88E+01 9.69E+01 1.94E+02 2.91E+02
 3.88E+02 5.82E+02 9.69E+02 1.94E+03 3.88E+03 5.82E+03
 1.00E-74 1.00E-74 2.67E-32 5.37E-21 2.02E-15 3.52E-12 3.51E-11 6.99E-11
 9.49E-11 1.22E-10 1.39E-10 1.33E-10 1.12E-10 9.77E-11
 1.00E-74 1.00E-74 2.67E-32 5.37E-21 2.02E-15 3.52E-12 3.51E-11 6.99E-11
 9.49E-11 1.22E-10 1.39E-10 1.33E-10 1.12E-10 9.77E-11
 1.00E-74 1.00E-74 2.67E-32 5.37E-21 2.02E-15 3.52E-12 3.51E-11 6.99E-11
 9.49E-11 1.22E-10 1.39E-10 1.33E-10 1.12E-10 9.77E-11
 1.00E-74 1.00E-74 2.67E-32 5.37E-21 2.02E-15 3.52E-12 3.51E-11 6.99E-11
 9.49E-11 1.22E-10 1.39E-10 1.33E-10 1.12E-10 9.77E-11
 1.00E-74 1.00E-74 2.67E-32 5.37E-21 2.02E-15 3.51E-12 3.51E-11 6.98E-11
 9.48E-11 1.22E-10 1.38E-10 1.33E-10 1.12E-10 9.76E-11
 1.00E-74 2.03E-47 2.67E-32 5.33E-21 1.99E-15 3.45E-12 3.46E-11 6.88E-11
 9.36E-11 1.21E-10 1.37E-10 1.32E-10 1.11E-10 9.70E-11
 1.00E-74 1.87E-47 2.65E-32 4.96E-21 1.77E-15 3.02E-12 3.07E-11 6.19E-11
 8.50E-11 1.11E-10 1.27E-10 1.24E-10 1.05E-10 9.24E-11
  27.0517    7  14 /pl=01:ss=14:pb= 1:sz=14/type=excit/ispb = t/isel =   20
 1.00E+10 1.00E+11 1.00E+12 1.00E+13 1.00E+14 1.00E+15 1.00E+16
 3.88E+00 5.82E+00 9.69E+00 1.94E+01 3.88E+01 9.69E+01 1.94E+02 2.91E+02
 3.88E+02 5.82E+02 9.69E+02 1.94E+03 3.88E+03 5.82E+03
 1.00E-74 1.00E-74 2.40E-35 2.59E-24 9.09E-19 4.95E-15 1.07E-13 2.87E-13
 4.61E-13 7.24E-13 1.01E-12 1.26E-12 1.36E-12 1.37E-12
 1.00E-74 1.00E-74 2.41E-35 2.59E-24 9.09E-19 4.95E-15 1.07E-13 2.87E-13
 4.61E-13 7.24E-13 1.01E-12 1.26E-12 1.36E-12 1.37E-12
 1.00E-74 1.00E-74 2.45E-35 2.61E-24 9.12E-19 4.96E-15 1.07E-13 2.87E-13
 4.61E-13 7.25E-13 1.01E-12 1.26E-12 1.36E-12 1.37E-12
 1.00E-74 1.00E-74 2.84E-35 2.77E-24 9.38E-19 4.99E-15 1.07E-13 2.88E-13
 4.62E-13 7.26E-13 1.01E-12 1.26E-12 1.36E-12 1.37E-12
 1.00E-74 1.00E-74 6.73E-35 4.41E-24 1.20E-18 5.28E-15 1.10E-13 2.94E-13
 4.70E-13 7.36E-13 1.02E-12 1.27E-12 1.37E-12 1.38E-12
 1.00E-74 2.50E-48 4.54E-34 2.06E-23 3.75E-18 8.18E-15 1.39E-13 3.52E-13
 5.50E-13 8.38E-13 1.13E-12 1.37E-12 1.45E-12 1.44E-12
 1.00E-74 1.98E-47 4.06E-33 1.64E-22 2.51E-17 3.14E-14 3.60E-13 7.78E-13
 1.11E-12 1.53E-12 1.87E-12 2.04E-12 1.99E-12 1.90E-12
  28.1501    7  14 /pl=01:ss=14:pb= 1:sz=14/type=excit/ispb = t/isel =   21
 1.00E+10 1.00E+11 1.00E+12 1.00E+13 1.00E+14 1.00E+15 1.00E+16
 3.88E+00 5.82E+00 9.69E+00 1.94E+01 3.88E+01 9.69E+01 1.94E+02 2.91E+02
 3.88E+02 5.82E+02 9.69E+02 1.94E+03 3.88E+03 5.82E+03
 1.00E-74 1.00E-74 7.41E-32 5.28E-21 1.19E-15 1.52E-12 1.40E-11 2.72E-11
 3.65E-11 4.70E-11 5.32E-11 5.18E-11 4.46E-11 3.94E-11
 1.00E-74 1.00E-74 7.41E-32 5.28E-21 1.19E-15 1.52E-12 1.40E-11 2.72E-11
 3.65E-11 4.70E-11 5.32E-11 5.18E-11 4.46E-11 3.94E-11
 1.00E-74 1.00E-74 7.41E-32 5.28E-21 1.19E-15 1.52E-12 1.40E-11 2.72E-11
 3.65E-11 4.70E-11 5.32E-11 5.18E-11 4.46E-11 3.94E-11
 1.00E-74 2.02E-46 7.40E-32 5.28E-21 1.19E-15 1.52E-12 1.40E-11 2.72E-11
 3.65E-11 4.69E-11 5.32E-11 5.18E-11 4.46E-11 3.94E-11
 1.00E-74 2.02E-46 7.40E-32 5.27E-21 1.19E-15 1.52E-12 1.39E-11 2.71E-11
 3.64E-11 4.69E-11 5.32E-11 5.18E-11 4.45E-11 3.94E-11
 1.00E-74 2.04E-46 7.38E-32 5.22E-21 1.17E-15 1.50E-12 1.37E-11 2.67E-11
 3.60E-11 4.63E-11 5.26E-11 5.13E-11 4.42E-11 3.91E-11
 1.00E-74 2.03E-46 7.18E-32 4.79E-21 1.03E-15 1.30E-12 1.21E-11 2.39E-11
 3.25E-11 4.23E-11 4.86E-11 4.80E-11 4.17E-11 3.71E-11
  30.5569    7  14 /pl=01:ss=14:pb= 1:sz=14/type=excit/ispb = t/isel =   22
 1.00E+10 1.00E+11 1.00E+12 1.00E+13 1.00E+14 1.00E+15 1.00E+16
 3.88E+00 5.82E+00 9.69E+00 1.94E+01 3.88E+01 9.69E+01 1.94E+02 2.91E+02
 3.88E+02 5.82E+02 9.69E+02 1.94E+03 3.88E+03 5.82E+03
 1.00E-74 1.00E-74 3.50E-34 4.15E-23 1.21E-17 1.91E-14 2.00E-13 4.22E-13
 6.03E-13 8.51E-13 1.10E-12 1.33E-12 1.43E-12 1.43E-12
 1.00E-74 1.00E-74 3.50E-34 4.15E-23 1.21E-17 1.91E-14 2.00E-13 4.22E-13
 6.03E-13 8.51E-13 1.10E-12 1.33E-12 1.43E-12 1.43E-12
 1.00E-74 1.00E-74 3.50E-34 4.15E-23 1.21E-17 1.91E-14 2.00E-13 4.22E-13
 6.03E-13 8.51E-13 1.10E-12 1.33E-12 1.43E-12 1.43E-12
 1.00E-74 1.00E-74 3.50E-34 4.15E-23 1.21E-17 1.91E-14 2.00E-13 4.22E-13
 6.03E-13 8.51E-13 1.10E-12 1.33E-12 1.43E-12 1.43E-12
 1.00E-74 4.06E-49 3.50E-34 4.14E-23 1.21E-17 1.91E-14 2.00E-13 4.22E-13
 6.02E-13 8.50E-13 1.10E-12 1.33E-12 1.42E-12 1.43E-12
 1.00E-74 4.87E-49 3.49E-34 4.11E-23 1.19E-17 1.88E-14 1.97E-13 4.16E-13
 5.94E-13 8.40E-13 1.09E-12 1.31E-12 1.41E-12 1.42E-12
 1.00E-74 4.97E-49 3.44E-34 3.81E-23 1.06E-17 1.64E-14 1.75E-13 3.73E-13
 5.38E-13 7.69E-13 1.01E-12 1.23E-12 1.34E-12 1.35E-12
  41.5766    7  14 /pl=01:ss=14:pb= 1:sz=14/type=excit/ispb = t/isel =   23
 1.00E+10 1.00E+11 1.00E+12 1.00E+13 1.00E+14 1.00E+15 1.00E+16
 3.88E+00 5.82E+00 9.69E+00 1.94E+01 3.88E+01 9.69E+01 1.94E+02 2.91E+02
 3.88E+02 5.82E+02 9.69E+02 1.94E+03 3.88E+03 5.82E+03
 1.00E-74 1.00E-74 1.00E-74 4.62E-30 2.29E-21 2.94E-16 1.25E-14 4.11E-14
 7.19E-14 1.23E-13 1.83E-13 2.37E-13 2.62E-13 2.66E-13
 1.00E-74 1.00E-74 1.00E-74 4.62E-30 2.29E-21 2.94E-16 1.25E-14 4.11E-14
 7.19E-14 1.23E-13 1.83E-13 2.37E-13 2.62E-13 2.66E-13
 1.00E-74 1.00E-74 1.00E-74 4.62E-30 2.29E-21 2.94E-16 1.25E-14 4.11E-14
 7.19E-14 1.23E-13 1.83E-13 2.37E-13 2.62E-13 2.66E-13
 1.00E-74 1.00E-74 1.35E-47 4.62E-30 2.29E-21 2.94E-16 1.25E-14 4.11E-14
 7.19E-14 1.23E-13 1.83E-13 2.37E-13 2.62E-13 2.66E-13
 1.00E-74 1.00E-74 1.35E-47 4.62E-30 2.28E-21 2.94E-16 1.25E-14 4.11E-14
 7.18E-14 1.23E-13 1.83E-13 2.37E-13 2.62E-13 2.65E-13
 1.00E-74 1.00E-74 1.37E-47 4.63E-30 2.27E-21 2.91E-16 1.24E-14 4.06E-14
 7.11E-14 1.22E-13 1.81E-13 2.35E-13 2.60E-13 2.64E-13
 1.00E-74 1.00E-74 1.47E-47 4.61E-30 2.14E-21 2.67E-16 1.14E-14 3.77E-14
 6.64E-14 1.14E-13 1.71E-13 2.22E-13 2.47E-13 2.51E-13
  42.8927    7  14 /pl=01:ss=14:pb= 1:sz=14/type=excit/ispb = t/isel =   24
 1.00E+10 1.00E+11 1.00E+12 1.00E+13 1.00E+14 1.00E+15 1.00E+16
 3.88E+00 5.82E+00 9.69E+00 1.94E+01 3.88E+01 9.69E+01 1.94E+02 2.91E+02
 3.88E+02 5.82E+02 9.69E+02 1.94E+03 3.88E+03 5.82E+03
 1.00E-74 1.00E-74 1.00E-74 1.17E-29 5.83E-21 7.52E-16 3.13E-14 9.94E-14
 1.71E-13 2.75E-13 3.69E-13 3.95E-13 3.47E-13 3.03E-13
 1.00E-74 1.00E-74 1.00E-74 1.17E-29 5.83E-21 7.52E-16 3.13E-14 9.94E-14
 1.71E-13 2.75E-13 3.69E-13 3.95E-13 3.47E-13 3.03E-13
 1.00E-74 1.00E-74 1.00E-74 1.17E-29 5.83E-21 7.52E-16 3.13E-14 9.94E-14
 1.71E-13 2.75E-13 3.69E-13 3.95E-13 3.47E-13 3.03E-13
 1.00E-74 1.00E-74 3.59E-47 1.17E-29 5.83E-21 7.52E-16 3.13E-14 9.94E-14
 1.71E-13 2.75E-13 3.69E-13 3.95E-13 3.47E-13 3.03E-13
 1.00E-74 1.00E-74 3.32E-47 1.17E-29 5.82E-21 7.51E-16 3.13E-14 9.92E-14
 1.71E-13 2.75E-13 3.69E-13 3.95E-13 3.46E-13 3.03E-13
 1.00E-74 1.00E-74 3.32E-47 1.16E-29 5.75E-21 7.40E-16 3.08E-14 9.80E-14
 1.69E-13 2.72E-13 3.65E-13 3.91E-13 3.44E-13 3.01E-13
 1.00E-74 1.00E-74 3.38E-47 1.10E-29 5.19E-21 6.55E-16 2.76E-14 8.89E-14
 1.54E-13 2.51E-13 3.41E-13 3.70E-13 3.28E-13 2.89E-13
  43.1090    7  14 /pl=01:ss=14:pb= 1:sz=14/type=excit/ispb = t/isel =   25
 1.00E+10 1.00E+11 1.00E+12 1.00E+13 1.00E+14 1.00E+15 1.00E+16
 3.88E+00 5.82E+00 9.69E+00 1.94E+01 3.88E+01 9.69E+01 1.94E+02 2.91E+02
 3.88E+02 5.82E+02 9.69E+02 1.94E+03 3.88E+03 5.82E+03
 1.00E-74 1.00E-74 1.00E-74 7.40E-30 3.56E-21 4.50E-16 1.87E-14 5.96E-14
 1.02E-13 1.66E-13 2.25E-13 2.47E-13 2.21E-13 1.97E-13
 1.00E-74 1.00E-74 1.00E-74 7.40E-30 3.56E-21 4.50E-16 1.87E-14 5.96E-14
 1.02E-13 1.66E-13 2.25E-13 2.47E-13 2.21E-13 1.97E-13
 1.00E-74 1.00E-74 3.36E-47 7.40E-30 3.56E-21 4.50E-16 1.87E-14 5.96E-14
 1.02E-13 1.66E-13 2.25E-13 2.47E-13 2.21E-13 1.96E-13
 1.00E-74 1.00E-74 2.35E-47 7.40E-30 3.56E-21 4.50E-16 1.87E-14 5.96E-14
 1.02E-13 1.66E-13 2.25E-13 2.47E-13 2.21E-13 1.96E-13
 1.00E-74 1.00E-74 2.25E-47 7.37E-30 3.55E-21 4.49E-16 1.86E-14 5.95E-14
 1.02E-13 1.66E-13 2.25E-13 2.47E-13 2.21E-13 1.96E-13
 1.00E-74 1.00E-74 2.19E-47 7.15E-30 3.44E-21 4.36E-16 1.82E-14 5.81E-14
 9.99E-14 1.63E-13 2.21E-13 2.43E-13 2.18E-13 1.94E-13
 1.00E-74 1.00E-74 1.73E-47 5.49E-30 2.60E-21 3.37E-16 1.46E-14 4.80E-14
 8.39E-14 1.40E-13 1.94E-13 2.19E-13 2.01E-13 1.81E-13
  45.0633    7  14 /pl=01:ss=14:pb= 1:sz=14/type=excit/ispb = t/isel =   26
 1.00E+10 1.00E+11 1.00E+12 1.00E+13 1.00E+14 1.00E+15 1.00E+16
 3.88E+00 5.82E+00 9.69E+00 1.94E+01 3.88E+01 9.69E+01 1.94E+02 2.91E+02
 3.88E+02 5.82E+02 9.69E+02 1.94E+03 3.88E+03 5.82E+03
 1.00E-74 1.00E-74 1.00E-74 2.61E-29 7.20E-21 6.61E-16 2.51E-14 7.89E-14
 1.37E-13 2.29E-13 3.32E-13 4.27E-13 4.70E-13 4.74E-13
 1.00E-74 1.00E-74 1.00E-74 2.61E-29 7.20E-21 6.61E-16 2.51E-14 7.89E-14
 1.37E-13 2.29E-13 3.32E-13 4.27E-13 4.70E-13 4.74E-13
 1.00E-74 1.00E-74 2.62E-46 2.61E-29 7.20E-21 6.61E-16 2.51E-14 7.89E-14
 1.37E-13 2.29E-13 3.32E-13 4.27E-13 4.70E-13 4.74E-13
 1.00E-74 1.00E-74 2.49E-46 2.61E-29 7.20E-21 6.61E-16 2.51E-14 7.89E-14
 1.37E-13 2.29E-13 3.32E-13 4.27E-13 4.69E-13 4.74E-13
 1.00E-74 1.00E-74 2.49E-46 2.61E-29 7.19E-21 6.60E-16 2.51E-14 7.88E-14
 1.36E-13 2.28E-13 3.32E-13 4.27E-13 4.69E-13 4.74E-13
 1.00E-74 1.00E-74 2.50E-46 2.60E-29 7.11E-21 6.51E-16 2.47E-14 7.78E-14
 1.35E-13 2.26E-13 3.29E-13 4.23E-13 4.66E-13 4.70E-13
 1.00E-74 1.00E-74 2.55E-46 2.48E-29 6.44E-21 5.77E-16 2.22E-14 7.05E-14
 1.23E-13 2.08E-13 3.06E-13 3.97E-13 4.40E-13 4.47E-13
  46.5419    7  14 /pl=01:ss=14:pb= 1:sz=14/type=excit/ispb = t/isel =   27
 1.00E+10 1.00E+11 1.00E+12 1.00E+13 1.00E+14 1.00E+15 1.00E+16
 3.88E+00 5.82E+00 9.69E+00 1.94E+01 3.88E+01 9.69E+01 1.94E+02 2.91E+02
 3.88E+02 5.82E+02 9.69E+02 1.94E+03 3.88E+03 5.82E+03
 1.00E-74 1.00E-74 1.00E-74 6.55E-29 1.83E-20 1.66E-15 6.17E-14 1.89E-13
 3.18E-13 5.04E-13 6.65E-13 7.07E-13 6.17E-13 5.43E-13
 1.00E-74 1.00E-74 1.00E-74 6.55E-29 1.83E-20 1.66E-15 6.17E-14 1.89E-13
 3.18E-13 5.04E-13 6.65E-13 7.07E-13 6.17E-13 5.43E-13
 1.00E-74 1.00E-74 5.66E-46 6.55E-29 1.83E-20 1.66E-15 6.17E-14 1.89E-13
 3.18E-13 5.04E-13 6.65E-13 7.07E-13 6.17E-13 5.43E-13
 1.00E-74 1.00E-74 5.94E-46 6.55E-29 1.83E-20 1.66E-15 6.17E-14 1.89E-13
 3.18E-13 5.04E-13 6.65E-13 7.07E-13 6.17E-13 5.43E-13
 1.00E-74 1.00E-74 5.97E-46 6.55E-29 1.83E-20 1.66E-15 6.16E-14 1.89E-13
 3.18E-13 5.04E-13 6.64E-13 7.06E-13 6.16E-13 5.42E-13
 1.00E-74 1.00E-74 5.97E-46 6.50E-29 1.81E-20 1.64E-15 6.07E-14 1.86E-13
 3.14E-13 4.98E-13 6.57E-13 7.00E-13 6.12E-13 5.39E-13
 1.00E-74 1.00E-74 6.00E-46 6.12E-29 1.62E-20 1.44E-15 5.41E-14 1.68E-13
 2.86E-13 4.59E-13 6.12E-13 6.59E-13 5.82E-13 5.15E-13
  46.9528    7  14 /pl=01:ss=14:pb= 1:sz=14/type=excit/ispb = t/isel =   28
 1.00E+10 1.00E+11 1.00E+12 1.00E+13 1.00E+14 1.00E+15 1.00E+16
 3.88E+00 5.82E+00 9.69E+00 1.94E+01 3.88E+01 9.69E+01 1.94E+02 2.91E+02
 3.88E+02 5.82E+02 9.69E+02 1.94E+03 3.88E+03 5.82E+03
 1.00E-74 1.00E-74 1.00E-74 4.49E-29 1.18E-20 1.04E-15 3.82E-14 1.17E-13
 1.98E-13 3.15E-13 4.20E-13 4.59E-13 4.09E-13 3.65E-13
 1.00E-74 1.00E-74 5.17E-46 4.49E-29 1.18E-20 1.04E-15 3.82E-14 1.17E-13
 1.98E-13 3.15E-13 4.20E-13 4.59E-13 4.09E-13 3.65E-13
 1.00E-74 1.00E-74 4.65E-46 4.49E-29 1.18E-20 1.04E-15 3.82E-14 1.17E-13
 1.98E-13 3.15E-13 4.20E-13 4.59E-13 4.09E-13 3.65E-13
 1.00E-74 1.00E-74 4.60E-46 4.49E-29 1.18E-20 1.04E-15 3.82E-14 1.17E-13
 1.98E-13 3.15E-13 4.20E-13 4.59E-13 4.09E-13 3.65E-13
 1.00E-74 1.00E-74 4.60E-46 4.48E-29 1.18E-20 1.03E-15 3.82E-14 1.17E-13
 1.98E-13 3.14E-13 4.19E-13 4.58E-13 4.08E-13 3.65E-13
 1.00E-74 1.00E-74 4.55E-46 4.41E-29 1.15E-20 1.01E-15 3.75E-14 1.15E-13
 1.94E-13 3.10E-13 4.14E-13 4.53E-13 4.05E-13 3.62E-13
 1.00E-74 1.00E-74 4.09E-46 3.78E-29 9.58E-21 8.42E-16 3.20E-14 1.00E-13
 1.71E-13 2.77E-13 3.75E-13 4.18E-13 3.78E-13 3.41E-13
  51.2689    7  14 /pl=01:ss=14:pb= 1:sz=14/type=excit/ispb = t/isel =   29
 1.00E+10 1.00E+11 1.00E+12 1.00E+13 1.00E+14 1.00E+15 1.00E+16
 3.88E+00 5.82E+00 9.69E+00 1.94E+01 3.88E+01 9.69E+01 1.94E+02 2.91E+02
 3.88E+02 5.82E+02 9.69E+02 1.94E+03 3.88E+03 5.82E+03
 1.00E-74 1.00E-74 1.12E-44 8.15E-29 8.36E-21 4.32E-16 1.36E-14 4.04E-14
 6.74E-14 1.10E-13 1.57E-13 1.98E-13 2.16E-13 2.18E-13
 1.00E-74 1.00E-74 5.58E-45 8.15E-29 8.36E-21 4.32E-16 1.36E-14 4.04E-14
 6.74E-14 1.10E-13 1.57E-13 1.98E-13 2.16E-13 2.18E-13
 1.00E-74 1.00E-74 5.70E-45 8.15E-29 8.36E-21 4.32E-16 1.36E-14 4.04E-14
 6.74E-14 1.10E-13 1.57E-13 1.98E-13 2.16E-13 2.18E-13
 1.00E-74 1.00E-74 5.77E-45 8.18E-29 8.38E-21 4.32E-16 1.36E-14 4.05E-14
 6.75E-14 1.10E-13 1.57E-13 1.98E-13 2.16E-13 2.18E-13
 1.00E-74 1.00E-74 6.04E-45 8.46E-29 8.59E-21 4.40E-16 1.38E-14 4.10E-14
 6.82E-14 1.11E-13 1.58E-13 1.99E-13 2.17E-13 2.19E-13
 1.00E-74 1.00E-74 8.68E-45 1.12E-28 1.06E-20 5.14E-16 1.57E-14 4.56E-14
 7.52E-14 1.21E-13 1.69E-13 2.09E-13 2.24E-13 2.24E-13
 1.00E-74 1.00E-74 3.20E-44 3.39E-28 2.68E-20 1.08E-15 2.91E-14 7.88E-14
 1.23E-13 1.86E-13 2.42E-13 2.73E-13 2.71E-13 2.62E-13
  52.3780    7  14 /pl=01:ss=14:pb= 1:sz=14/type=excit/ispb = t/isel =   30
 1.00E+10 1.00E+11 1.00E+12 1.00E+13 1.00E+14 1.00E+15 1.00E+16
 3.88E+00 5.82E+00 9.69E+00 1.94E+01 3.88E+01 9.69E+01 1.94E+02 2.91E+02
 3.88E+02 5.82E+02 9.69E+02 1.94E+03 3.88E+03 5.82E+03
 1.00E-74 1.00E-74 2.17E-44 3.67E-28 3.79E-20 1.97E-15 6.22E-14 1.84E-13
 3.09E-13 5.03E-13 7.17E-13 9.06E-13 9.86E-13 9.94E-13
 1.00E-74 1.00E-74 2.49E-44 3.67E-28 3.79E-20 1.97E-15 6.22E-14 1.84E-13
 3.09E-13 5.03E-13 7.17E-13 9.06E-13 9.86E-13 9.94E-13
 1.00E-74 1.00E-74 2.53E-44 3.67E-28 3.79E-20 1.97E-15 6.22E-14 1.84E-13
 3.09E-13 5.03E-13 7.17E-13 9.06E-13 9.86E-13 9.94E-13
 1.00E-74 1.00E-74 2.53E-44 3.67E-28 3.79E-20 1.97E-15 6.22E-14 1.84E-13
 3.09E-13 5.03E-13 7.17E-13 9.06E-13 9.86E-13 9.94E-13
 1.00E-74 1.00E-74 2.53E-44 3.67E-28 3.78E-20 1.96E-15 6.21E-14 1.84E-13
 3.09E-13 5.02E-13 7.16E-13 9.05E-13 9.86E-13 9.93E-13
 1.00E-74 1.00E-74 2.53E-44 3.64E-28 3.73E-20 1.93E-15 6.12E-14 1.82E-13
 3.05E-13 4.96E-13 7.09E-13 8.97E-13 9.78E-13 9.86E-13
 1.00E-74 1.00E-74 2.52E-44 3.40E-28 3.33E-20 1.69E-15 5.43E-14 1.63E-13
 2.76E-13 4.55E-13 6.56E-13 8.40E-13 9.24E-13 9.36E-13
  54.1947    7  14 /pl=01:ss=14:pb= 1:sz=14/type=excit/ispb = t/isel =   31
 1.00E+10 1.00E+11 1.00E+12 1.00E+13 1.00E+14 1.00E+15 1.00E+16
 3.88E+00 5.82E+00 9.69E+00 1.94E+01 3.88E+01 9.69E+01 1.94E+02 2.91E+02
 3.88E+02 5.82E+02 9.69E+02 1.94E+03 3.88E+03 5.82E+03
 1.00E-74 1.00E-74 4.96E-44 9.61E-28 1.01E-19 5.17E-15 1.58E-13 4.55E-13
 7.39E-13 1.14E-12 1.47E-12 1.54E-12 1.33E-12 1.17E-12
 1.00E-74 1.00E-74 6.20E-44 9.61E-28 1.01E-19 5.17E-15 1.58E-13 4.55E-13
 7.39E-13 1.14E-12 1.47E-12 1.54E-12 1.33E-12 1.17E-12
 1.00E-74 1.00E-74 6.08E-44 9.61E-28 1.01E-19 5.17E-15 1.58E-13 4.55E-13
 7.39E-13 1.14E-12 1.47E-12 1.54E-12 1.33E-12 1.17E-12
 1.00E-74 1.00E-74 6.09E-44 9.61E-28 1.01E-19 5.17E-15 1.58E-13 4.55E-13
 7.39E-13 1.14E-12 1.47E-12 1.54E-12 1.33E-12 1.17E-12
 1.00E-74 1.00E-74 6.09E-44 9.60E-28 1.01E-19 5.16E-15 1.58E-13 4.54E-13
 7.38E-13 1.14E-12 1.47E-12 1.53E-12 1.33E-12 1.17E-12
 1.00E-74 1.00E-74 6.08E-44 9.53E-28 1.00E-19 5.08E-15 1.56E-13 4.48E-13
 7.29E-13 1.12E-12 1.45E-12 1.52E-12 1.32E-12 1.16E-12
 1.00E-74 1.00E-74 6.07E-44 8.92E-28 8.92E-20 4.46E-15 1.39E-13 4.04E-13
 6.63E-13 1.03E-12 1.35E-12 1.43E-12 1.25E-12 1.11E-12
  55.1755    7  14 /pl=01:ss=14:pb= 1:sz=14/type=excit/ispb = t/isel =   32
 1.00E+10 1.00E+11 1.00E+12 1.00E+13 1.00E+14 1.00E+15 1.00E+16
 3.88E+00 5.82E+00 9.69E+00 1.94E+01 3.88E+01 9.69E+01 1.94E+02 2.91E+02
 3.88E+02 5.82E+02 9.69E+02 1.94E+03 3.88E+03 5.82E+03
 1.00E-74 1.00E-74 6.41E-44 7.70E-28 7.39E-20 3.55E-15 1.08E-13 3.09E-13
 5.03E-13 7.77E-13 1.02E-12 1.09E-12 9.70E-13 8.64E-13
 1.00E-74 1.00E-74 6.04E-44 7.70E-28 7.39E-20 3.55E-15 1.08E-13 3.09E-13
 5.03E-13 7.77E-13 1.02E-12 1.09E-12 9.70E-13 8.64E-13
 1.00E-74 1.00E-74 6.02E-44 7.70E-28 7.39E-20 3.55E-15 1.08E-13 3.09E-13
 5.03E-13 7.77E-13 1.02E-12 1.09E-12 9.70E-13 8.64E-13
 1.00E-74 1.00E-74 6.02E-44 7.70E-28 7.38E-20 3.55E-15 1.08E-13 3.09E-13
 5.03E-13 7.77E-13 1.02E-12 1.09E-12 9.70E-13 8.64E-13
 1.00E-74 1.00E-74 6.01E-44 7.69E-28 7.37E-20 3.55E-15 1.07E-13 3.09E-13
 5.02E-13 7.76E-13 1.01E-12 1.09E-12 9.69E-13 8.64E-13
 1.00E-74 1.00E-74 5.98E-44 7.61E-28 7.25E-20 3.48E-15 1.06E-13 3.04E-13
 4.95E-13 7.66E-13 1.00E-12 1.08E-12 9.61E-13 8.57E-13
 1.00E-74 1.00E-74 5.69E-44 6.85E-28 6.28E-20 2.99E-15 9.24E-14 2.70E-13
 4.44E-13 6.96E-13 9.22E-13 1.00E-12 9.05E-13 8.12E-13
  72.8279    7  14 /pl=01:ss=14:pb= 1:sz=14/type=excit/ispb = t/isel =   33
 1.00E+10 1.00E+11 1.00E+12 1.00E+13 1.00E+14 1.00E+15 1.00E+16
 3.88E+00 5.82E+00 9.69E+00 1.94E+01 3.88E+01 9.69E+01 1.94E+02 2.91E+02
 3.88E+02 5.82E+02 9.69E+02 1.94E+03 3.88E+03 5.82E+03
 1.00E-74 1.00E-74 2.75E-41 9.68E-27 1.56E-19 2.71E-15 6.09E-14 1.62E-13
 2.58E-13 4.00E-13 5.52E-13 6.84E-13 7.38E-13 7.42E-13
 1.00E-74 1.00E-74 2.75E-41 9.68E-27 1.56E-19 2.71E-15 6.09E-14 1.62E-13
 2.58E-13 4.00E-13 5.52E-13 6.84E-13 7.38E-13 7.42E-13
 1.00E-74 1.00E-74 2.75E-41 9.68E-27 1.56E-19 2.71E-15 6.09E-14 1.62E-13
 2.58E-13 4.00E-13 5.52E-13 6.84E-13 7.38E-13 7.42E-13
 1.00E-74 1.00E-74 2.77E-41 9.72E-27 1.56E-19 2.72E-15 6.10E-14 1.62E-13
 2.58E-13 4.01E-13 5.52E-13 6.85E-13 7.39E-13 7.42E-13
 1.00E-74 1.00E-74 2.92E-41 1.01E-26 1.61E-19 2.78E-15 6.21E-14 1.65E-13
 2.62E-13 4.05E-13 5.57E-13 6.89E-13 7.42E-13 7.44E-13
 1.00E-74 1.00E-74 4.47E-41 1.40E-26 2.08E-19 3.35E-15 7.22E-14 1.88E-13
 2.95E-13 4.50E-13 6.06E-13 7.31E-13 7.72E-13 7.68E-13
 1.00E-74 1.00E-74 1.85E-40 4.74E-26 5.81E-19 7.84E-15 1.48E-13 3.55E-13
 5.28E-13 7.48E-13 9.29E-13 1.01E-12 9.84E-13 9.39E-13
  74.9232    7  14 /pl=01:ss=14:pb= 1:sz=14/type=excit/ispb = t/isel =   34
 1.00E+10 1.00E+11 1.00E+12 1.00E+13 1.00E+14 1.00E+15 1.00E+16
 3.88E+00 5.82E+00 9.69E+00 1.94E+01 3.88E+01 9.69E+01 1.94E+02 2.91E+02
 3.88E+02 5.82E+02 9.69E+02 1.94E+03 3.88E+03 5.82E+03
 1.00E-74 1.00E-74 9.17E-41 3.34E-26 5.49E-19 9.66E-15 2.18E-13 5.80E-13
 9.23E-13 1.43E-12 1.98E-12 2.44E-12 2.64E-12 2.64E-12
 1.00E-74 1.00E-74 9.17E-41 3.34E-26 5.49E-19 9.66E-15 2.18E-13 5.80E-13
 9.23E-13 1.43E-12 1.98E-12 2.44E-12 2.64E-12 2.64E-12
 1.00E-74 1.00E-74 9.17E-41 3.34E-26 5.49E-19 9.66E-15 2.18E-13 5.80E-13
 9.23E-13 1.43E-12 1.98E-12 2.44E-12 2.64E-12 2.64E-12
 1.00E-74 1.00E-74 9.17E-41 3.34E-26 5.49E-19 9.66E-15 2.18E-13 5.80E-13
 9.23E-13 1.43E-12 1.98E-12 2.44E-12 2.63E-12 2.64E-12
 1.00E-74 1.00E-74 9.16E-41 3.34E-26 5.48E-19 9.65E-15 2.18E-13 5.79E-13
 9.22E-13 1.43E-12 1.98E-12 2.43E-12 2.63E-12 2.64E-12
 1.00E-74 1.00E-74 9.15E-41 3.31E-26 5.40E-19 9.49E-15 2.14E-13 5.71E-13
 9.10E-13 1.42E-12 1.96E-12 2.41E-12 2.61E-12 2.62E-12
 1.00E-74 1.00E-74 9.03E-41 3.08E-26 4.79E-19 8.29E-15 1.90E-13 5.12E-13
 8.24E-13 1.30E-12 1.81E-12 2.26E-12 2.47E-12 2.49E-12
  77.7242    7  14 /pl=01:ss=14:pb= 1:sz=14/type=excit/ispb = t/isel =   35
 1.00E+10 1.00E+11 1.00E+12 1.00E+13 1.00E+14 1.00E+15 1.00E+16
 3.88E+00 5.82E+00 9.69E+00 1.94E+01 3.88E+01 9.69E+01 1.94E+02 2.91E+02
 3.88E+02 5.82E+02 9.69E+02 1.94E+03 3.88E+03 5.82E+03
 1.00E-74 1.00E-74 2.17E-40 9.62E-26 1.70E-18 2.96E-14 6.38E-13 1.63E-12
 2.50E-12 3.65E-12 4.48E-12 4.55E-12 3.92E-12 3.42E-12
 1.00E-74 1.00E-74 2.17E-40 9.62E-26 1.70E-18 2.96E-14 6.38E-13 1.63E-12
 2.50E-12 3.65E-12 4.48E-12 4.55E-12 3.92E-12 3.42E-12
 1.00E-74 1.00E-74 2.17E-40 9.62E-26 1.70E-18 2.96E-14 6.38E-13 1.63E-12
 2.50E-12 3.65E-12 4.48E-12 4.55E-12 3.92E-12 3.42E-12
 1.00E-74 1.00E-74 2.17E-40 9.62E-26 1.70E-18 2.96E-14 6.38E-13 1.63E-12
 2.50E-12 3.65E-12 4.48E-12 4.55E-12 3.92E-12 3.42E-12
 1.00E-74 1.00E-74 2.17E-40 9.61E-26 1.70E-18 2.96E-14 6.37E-13 1.63E-12
 2.49E-12 3.64E-12 4.48E-12 4.55E-12 3.92E-12 3.42E-12
 1.00E-74 1.00E-74 2.17E-40 9.54E-26 1.68E-18 2.91E-14 6.27E-13 1.61E-12
 2.46E-12 3.60E-12 4.43E-12 4.51E-12 3.89E-12 3.40E-12
 1.00E-74 1.00E-74 2.16E-40 8.91E-26 1.49E-18 2.55E-14 5.58E-13 1.45E-12
 2.24E-12 3.31E-12 4.12E-12 4.24E-12 3.69E-12 3.23E-12
  81.8800    7  14 /pl=01:ss=14:pb= 1:sz=14/type=excit/ispb = t/isel =   36
 1.00E+10 1.00E+11 1.00E+12 1.00E+13 1.00E+14 1.00E+15 1.00E+16
 3.88E+00 5.82E+00 9.69E+00 1.94E+01 3.88E+01 9.69E+01 1.94E+02 2.91E+02
 3.88E+02 5.82E+02 9.69E+02 1.94E+03 3.88E+03 5.82E+03
 1.00E-74 1.00E-74 3.88E-40 1.13E-25 1.63E-18 2.55E-14 5.33E-13 1.36E-12
 2.08E-12 3.04E-12 3.80E-12 3.96E-12 3.50E-12 3.12E-12
 1.00E-74 1.00E-74 3.88E-40 1.13E-25 1.63E-18 2.55E-14 5.33E-13 1.36E-12
 2.08E-12 3.04E-12 3.80E-12 3.96E-12 3.50E-12 3.12E-12
 1.00E-74 1.00E-74 3.88E-40 1.13E-25 1.63E-18 2.55E-14 5.33E-13 1.36E-12
 2.08E-12 3.04E-12 3.80E-12 3.96E-12 3.50E-12 3.12E-12
 1.00E-74 1.00E-74 3.88E-40 1.13E-25 1.63E-18 2.55E-14 5.33E-13 1.36E-12
 2.08E-12 3.04E-12 3.80E-12 3.96E-12 3.50E-12 3.12E-12
 1.00E-74 1.00E-74 3.88E-40 1.13E-25 1.63E-18 2.55E-14 5.32E-13 1.35E-12
 2.08E-12 3.04E-12 3.79E-12 3.95E-12 3.49E-12 3.12E-12
 1.00E-74 1.00E-74 3.87E-40 1.12E-25 1.61E-18 2.50E-14 5.24E-13 1.33E-12
 2.05E-12 3.00E-12 3.75E-12 3.92E-12 3.47E-12 3.09E-12
 1.00E-74 1.00E-74 3.74E-40 1.03E-25 1.41E-18 2.17E-14 4.62E-13 1.19E-12
 1.85E-12 2.74E-12 3.47E-12 3.66E-12 3.27E-12 2.93E-12
  85.2660    7  14 /pl=01:ss=14:pb= 1:sz=14/type=excit/ispb = t/isel =   37
 1.00E+10 1.00E+11 1.00E+12 1.00E+13 1.00E+14 1.00E+15 1.00E+16
 3.88E+00 5.82E+00 9.69E+00 1.94E+01 3.88E+01 9.69E+01 1.94E+02 2.91E+02
 3.88E+02 5.82E+02 9.69E+02 1.94E+03 3.88E+03 5.82E+03
 1.00E-74 1.00E-74 1.72E-41 6.27E-27 1.03E-19 1.81E-15 4.09E-14 1.09E-13
 1.73E-13 2.69E-13 3.72E-13 4.57E-13 4.94E-13 4.95E-13
 1.00E-74 1.00E-74 1.72E-41 6.27E-27 1.03E-19 1.81E-15 4.09E-14 1.09E-13
 1.73E-13 2.69E-13 3.72E-13 4.57E-13 4.94E-13 4.95E-13
 1.00E-74 1.00E-74 1.72E-41 6.27E-27 1.03E-19 1.81E-15 4.09E-14 1.09E-13
 1.73E-13 2.69E-13 3.72E-13 4.57E-13 4.94E-13 4.95E-13
 1.00E-74 1.00E-74 1.72E-41 6.27E-27 1.03E-19 1.81E-15 4.09E-14 1.09E-13
 1.73E-13 2.69E-13 3.71E-13 4.57E-13 4.94E-13 4.95E-13
 1.00E-74 1.00E-74 1.72E-41 6.27E-27 1.03E-19 1.81E-15 4.08E-14 1.09E-13
 1.73E-13 2.69E-13 3.71E-13 4.56E-13 4.94E-13 4.95E-13
 1.00E-74 1.00E-74 1.72E-41 6.21E-27 1.01E-19 1.78E-15 4.02E-14 1.07E-13
 1.71E-13 2.65E-13 3.67E-13 4.52E-13 4.90E-13 4.91E-13
 1.00E-74 1.00E-74 1.69E-41 5.77E-27 8.99E-20 1.56E-15 3.56E-14 9.61E-14
 1.55E-13 2.43E-13 3.40E-13 4.23E-13 4.63E-13 4.66E-13
  108.861    7  14 /pl=01:ss=14:pb= 1:sz=14/type=excit/ispb = t/isel =   38
 1.00E+10 1.00E+11 1.00E+12 1.00E+13 1.00E+14 1.00E+15 1.00E+16
 3.88E+00 5.82E+00 9.69E+00 1.94E+01 3.88E+01 9.69E+01 1.94E+02 2.91E+02
 3.88E+02 5.82E+02 9.69E+02 1.94E+03 3.88E+03 5.82E+03
 1.00E-74 1.00E-74 1.00E-74 1.13E-29 3.11E-21 2.85E-16 1.08E-14 3.41E-14
 5.90E-14 9.87E-14 1.43E-13 1.84E-13 2.03E-13 2.05E-13
 1.00E-74 1.00E-74 1.00E-74 1.13E-29 3.11E-21 2.85E-16 1.08E-14 3.41E-14
 5.90E-14 9.87E-14 1.43E-13 1.84E-13 2.03E-13 2.05E-13
 1.00E-74 1.00E-74 1.13E-46 1.13E-29 3.11E-21 2.85E-16 1.08E-14 3.41E-14
 5.90E-14 9.87E-14 1.43E-13 1.84E-13 2.03E-13 2.05E-13
 1.00E-74 1.00E-74 1.08E-46 1.13E-29 3.11E-21 2.85E-16 1.08E-14 3.40E-14
 5.89E-14 9.87E-14 1.43E-13 1.84E-13 2.03E-13 2.05E-13
 1.00E-74 1.00E-74 1.08E-46 1.13E-29 3.10E-21 2.85E-16 1.08E-14 3.40E-14
 5.89E-14 9.85E-14 1.43E-13 1.84E-13 2.02E-13 2.04E-13
 1.00E-74 1.00E-74 1.08E-46 1.12E-29 3.07E-21 2.81E-16 1.07E-14 3.36E-14
 5.81E-14 9.74E-14 1.42E-13 1.83E-13 2.01E-13 2.03E-13
 1.00E-74 1.00E-74 1.10E-46 1.07E-29 2.78E-21 2.49E-16 9.57E-15 3.04E-14
 5.31E-14 8.98E-14 1.32E-13 1.71E-13 1.90E-13 1.93E-13
  111.970    7  14 /pl=01:ss=14:pb= 1:sz=14/type=excit/ispb = t/isel =   39
 1.00E+10 1.00E+11 1.00E+12 1.00E+13 1.00E+14 1.00E+15 1.00E+16
 3.88E+00 5.82E+00 9.69E+00 1.94E+01 3.88E+01 9.69E+01 1.94E+02 2.91E+02
 3.88E+02 5.82E+02 9.69E+02 1.94E+03 3.88E+03 5.82E+03
 1.00E-74 1.00E-74 1.00E-74 2.76E-29 7.72E-21 7.02E-16 2.60E-14 7.98E-14
 1.34E-13 2.13E-13 2.80E-13 2.98E-13 2.60E-13 2.29E-13
 1.00E-74 1.00E-74 1.00E-74 2.76E-29 7.72E-21 7.02E-16 2.60E-14 7.98E-14
 1.34E-13 2.13E-13 2.80E-13 2.98E-13 2.60E-13 2.29E-13
 1.00E-74 1.00E-74 2.39E-46 2.76E-29 7.72E-21 7.02E-16 2.60E-14 7.98E-14
 1.34E-13 2.13E-13 2.80E-13 2.98E-13 2.60E-13 2.29E-13
 1.00E-74 1.00E-74 2.51E-46 2.76E-29 7.72E-21 7.02E-16 2.60E-14 7.97E-14
 1.34E-13 2.13E-13 2.80E-13 2.98E-13 2.60E-13 2.29E-13
 1.00E-74 1.00E-74 2.52E-46 2.76E-29 7.71E-21 7.01E-16 2.60E-14 7.96E-14
 1.34E-13 2.12E-13 2.80E-13 2.98E-13 2.60E-13 2.29E-13
 1.00E-74 1.00E-74 2.52E-46 2.74E-29 7.61E-21 6.90E-16 2.56E-14 7.86E-14
 1.32E-13 2.10E-13 2.77E-13 2.95E-13 2.58E-13 2.27E-13
 1.00E-74 1.00E-74 2.53E-46 2.58E-29 6.82E-21 6.08E-16 2.28E-14 7.10E-14
 1.21E-13 1.93E-13 2.58E-13 2.78E-13 2.45E-13 2.17E-13
  114.377    7  14 /pl=01:ss=14:pb= 1:sz=14/type=excit/ispb = t/isel =   40
 1.00E+10 1.00E+11 1.00E+12 1.00E+13 1.00E+14 1.00E+15 1.00E+16
 3.88E+00 5.82E+00 9.69E+00 1.94E+01 3.88E+01 9.69E+01 1.94E+02 2.91E+02
 3.88E+02 5.82E+02 9.69E+02 1.94E+03 3.88E+03 5.82E+03
 1.00E-74 1.00E-74 1.00E-74 3.04E-29 7.98E-21 7.01E-16 2.59E-14 7.95E-14
 1.34E-13 2.13E-13 2.84E-13 3.11E-13 2.77E-13 2.47E-13
 1.00E-74 1.00E-74 3.50E-46 3.04E-29 7.98E-21 7.01E-16 2.59E-14 7.95E-14
 1.34E-13 2.13E-13 2.84E-13 3.11E-13 2.77E-13 2.47E-13
 1.00E-74 1.00E-74 3.15E-46 3.04E-29 7.98E-21 7.01E-16 2.59E-14 7.95E-14
 1.34E-13 2.13E-13 2.84E-13 3.11E-13 2.77E-13 2.47E-13
 1.00E-74 1.00E-74 3.12E-46 3.04E-29 7.98E-21 7.01E-16 2.59E-14 7.95E-14
 1.34E-13 2.13E-13 2.84E-13 3.11E-13 2.77E-13 2.47E-13
 1.00E-74 1.00E-74 3.12E-46 3.03E-29 7.97E-21 7.00E-16 2.59E-14 7.94E-14
 1.34E-13 2.13E-13 2.84E-13 3.10E-13 2.77E-13 2.47E-13
 1.00E-74 1.00E-74 3.08E-46 2.98E-29 7.80E-21 6.85E-16 2.54E-14 7.80E-14
 1.32E-13 2.10E-13 2.80E-13 3.07E-13 2.74E-13 2.45E-13
 1.00E-74 1.00E-74 2.77E-46 2.56E-29 6.49E-21 5.71E-16 2.17E-14 6.78E-14
 1.16E-13 1.87E-13 2.54E-13 2.83E-13 2.56E-13 2.31E-13
  164.285    7  14 /pl=01:ss=14:pb= 1:sz=14/type=excit/ispb = t/isel =   41
 1.00E+10 1.00E+11 1.00E+12 1.00E+13 1.00E+14 1.00E+15 1.00E+16
 3.88E+00 5.82E+00 9.69E+00 1.94E+01 3.88E+01 9.69E+01 1.94E+02 2.91E+02
 3.88E+02 5.82E+02 9.69E+02 1.94E+03 3.88E+03 5.82E+03
 1.00E-74 1.00E-74 8.80E-45 1.49E-28 1.54E-20 7.99E-16 2.53E-14 7.49E-14
 1.26E-13 2.04E-13 2.91E-13 3.68E-13 4.01E-13 4.04E-13
 1.00E-74 1.00E-74 1.01E-44 1.49E-28 1.54E-20 7.99E-16 2.53E-14 7.49E-14
 1.26E-13 2.04E-13 2.91E-13 3.68E-13 4.01E-13 4.04E-13
 1.00E-74 1.00E-74 1.03E-44 1.49E-28 1.54E-20 7.99E-16 2.53E-14 7.49E-14
 1.26E-13 2.04E-13 2.91E-13 3.68E-13 4.01E-13 4.04E-13
 1.00E-74 1.00E-74 1.03E-44 1.49E-28 1.54E-20 7.98E-16 2.53E-14 7.49E-14
 1.26E-13 2.04E-13 2.91E-13 3.68E-13 4.01E-13 4.04E-13
 1.00E-74 1.00E-74 1.03E-44 1.49E-28 1.54E-20 7.97E-16 2.52E-14 7.48E-14
 1.25E-13 2.04E-13 2.91E-13 3.68E-13 4.00E-13 4.03E-13
 1.00E-74 1.00E-74 1.03E-44 1.48E-28 1.52E-20 7.85E-16 2.48E-14 7.38E-14
 1.24E-13 2.02E-13 2.88E-13 3.64E-13 3.97E-13 4.01E-13
 1.00E-74 1.00E-74 1.02E-44 1.38E-28 1.35E-20 6.87E-16 2.21E-14 6.63E-14
 1.12E-13 1.85E-13 2.67E-13 3.41E-13 3.75E-13 3.80E-13
  169.578    7  14 /pl=01:ss=14:pb= 1:sz=14/type=excit/ispb = t/isel =   42
 1.00E+10 1.00E+11 1.00E+12 1.00E+13 1.00E+14 1.00E+15 1.00E+16
 3.88E+00 5.82E+00 9.69E+00 1.94E+01 3.88E+01 9.69E+01 1.94E+02 2.91E+02
 3.88E+02 5.82E+02 9.69E+02 1.94E+03 3.88E+03 5.82E+03
 1.00E-74 1.00E-74 1.94E-44 3.76E-28 3.97E-20 2.02E-15 6.19E-14 1.78E-13
 2.90E-13 4.45E-13 5.74E-13 6.02E-13 5.22E-13 4.58E-13
 1.00E-74 1.00E-74 2.43E-44 3.76E-28 3.97E-20 2.02E-15 6.19E-14 1.78E-13
 2.90E-13 4.45E-13 5.74E-13 6.02E-13 5.22E-13 4.58E-13
 1.00E-74 1.00E-74 2.38E-44 3.76E-28 3.97E-20 2.02E-15 6.19E-14 1.78E-13
 2.89E-13 4.45E-13 5.74E-13 6.02E-13 5.22E-13 4.58E-13
 1.00E-74 1.00E-74 2.38E-44 3.76E-28 3.97E-20 2.02E-15 6.19E-14 1.78E-13
 2.89E-13 4.45E-13 5.74E-13 6.01E-13 5.22E-13 4.58E-13
 1.00E-74 1.00E-74 2.38E-44 3.76E-28 3.97E-20 2.02E-15 6.18E-14 1.78E-13
 2.89E-13 4.45E-13 5.74E-13 6.01E-13 5.22E-13 4.58E-13
 1.00E-74 1.00E-74 2.38E-44 3.73E-28 3.92E-20 1.99E-15 6.09E-14 1.75E-13
 2.85E-13 4.39E-13 5.68E-13 5.96E-13 5.18E-13 4.55E-13
 1.00E-74 1.00E-74 2.38E-44 3.49E-28 3.49E-20 1.75E-15 5.43E-14 1.58E-13
 2.60E-13 4.04E-13 5.28E-13 5.60E-13 4.91E-13 4.34E-13
  179.565    7  14 /pl=01:ss=14:pb= 1:sz=14/type=excit/ispb = t/isel =   43
 1.00E+10 1.00E+11 1.00E+12 1.00E+13 1.00E+14 1.00E+15 1.00E+16
 3.88E+00 5.82E+00 9.69E+00 1.94E+01 3.88E+01 9.69E+01 1.94E+02 2.91E+02
 3.88E+02 5.82E+02 9.69E+02 1.94E+03 3.88E+03 5.82E+03
 1.00E-74 1.00E-74 4.52E-44 5.44E-28 5.21E-20 2.51E-15 7.59E-14 2.18E-13
 3.55E-13 5.49E-13 7.17E-13 7.69E-13 6.85E-13 6.10E-13
 1.00E-74 1.00E-74 4.26E-44 5.44E-28 5.21E-20 2.51E-15 7.59E-14 2.18E-13
 3.55E-13 5.49E-13 7.17E-13 7.69E-13 6.85E-13 6.10E-13
 1.00E-74 1.00E-74 4.25E-44 5.44E-28 5.21E-20 2.51E-15 7.59E-14 2.18E-13
 3.55E-13 5.49E-13 7.17E-13 7.69E-13 6.85E-13 6.10E-13
 1.00E-74 1.00E-74 4.25E-44 5.44E-28 5.21E-20 2.51E-15 7.59E-14 2.18E-13
 3.55E-13 5.49E-13 7.17E-13 7.68E-13 6.85E-13 6.10E-13
 1.00E-74 1.00E-74 4.25E-44 5.43E-28 5.20E-20 2.50E-15 7.58E-14 2.18E-13
 3.54E-13 5.48E-13 7.16E-13 7.68E-13 6.84E-13 6.10E-13
 1.00E-74 1.00E-74 4.22E-44 5.37E-28 5.12E-20 2.46E-15 7.46E-14 2.15E-13
 3.49E-13 5.41E-13 7.07E-13 7.60E-13 6.78E-13 6.05E-13
 1.00E-74 1.00E-74 4.02E-44 4.84E-28 4.43E-20 2.11E-15 6.52E-14 1.91E-13
 3.13E-13 4.91E-13 6.51E-13 7.08E-13 6.39E-13 5.73E-13
  226.819    7  14 /pl=01:ss=14:pb= 1:sz=14/type=excit/ispb = t/isel =   44
 1.00E+10 1.00E+11 1.00E+12 1.00E+13 1.00E+14 1.00E+15 1.00E+16
 3.88E+00 5.82E+00 9.69E+00 1.94E+01 3.88E+01 9.69E+01 1.94E+02 2.91E+02
 3.88E+02 5.82E+02 9.69E+02 1.94E+03 3.88E+03 5.82E+03
 3.72E-21 3.53E-18 7.81E-16 3.85E-14 2.30E-13 5.52E-13 6.39E-13 6.25E-13
 5.99E-13 5.48E-13 4.72E-13 3.71E-13 2.83E-13 2.40E-13
 3.72E-21 3.53E-18 7.81E-16 3.85E-14 2.30E-13 5.52E-13 6.39E-13 6.25E-13
 5.99E-13 5.48E-13 4.72E-13 3.71E-13 2.83E-13 2.40E-13
 3.73E-21 3.53E-18 7.82E-16 3.85E-14 2.31E-13 5.52E-13 6.39E-13 6.25E-13
 5.99E-13 5.48E-13 4.72E-13 3.71E-13 2.83E-13 2.40E-13
 3.80E-21 3.60E-18 7.93E-16 3.89E-14 2.32E-13 5.55E-13 6.42E-13 6.27E-13
 6.01E-13 5.50E-13 4.74E-13 3.72E-13 2.83E-13 2.41E-13
 4.59E-21 4.21E-18 8.99E-16 4.27E-14 2.49E-13 5.84E-13 6.70E-13 6.51E-13
 6.23E-13 5.68E-13 4.87E-13 3.81E-13 2.89E-13 2.45E-13
 1.24E-20 1.03E-17 1.95E-15 8.02E-14 4.17E-13 8.72E-13 9.38E-13 8.88E-13
 8.35E-13 7.43E-13 6.21E-13 4.69E-13 3.45E-13 2.87E-13
 8.45E-20 6.71E-17 1.16E-14 4.08E-13 1.82E-12 3.26E-12 3.20E-12 2.90E-12
 2.65E-12 2.25E-12 1.78E-12 1.24E-12 8.43E-13 6.66E-13
  244.140    7  14 /pl=01:ss=14:pb= 1:sz=14/type=excit/ispb = t/isel =   45
 1.00E+10 1.00E+11 1.00E+12 1.00E+13 1.00E+14 1.00E+15 1.00E+16
 3.88E+00 5.82E+00 9.69E+00 1.94E+01 3.88E+01 9.69E+01 1.94E+02 2.91E+02
 3.88E+02 5.82E+02 9.69E+02 1.94E+03 3.88E+03 5.82E+03
 6.55E-14 4.22E-12 1.08E-10 1.07E-09 2.89E-09 4.37E-09 4.44E-09 4.27E-09
 4.09E-09 3.77E-09 3.34E-09 2.73E-09 2.19E-09 1.90E-09
 6.55E-14 4.22E-12 1.08E-10 1.07E-09 2.89E-09 4.37E-09 4.44E-09 4.27E-09
 4.09E-09 3.77E-09 3.34E-09 2.73E-09 2.19E-09 1.90E-09
 6.55E-14 4.22E-12 1.08E-10 1.07E-09 2.89E-09 4.37E-09 4.44E-09 4.27E-09
 4.09E-09 3.77E-09 3.34E-09 2.73E-09 2.19E-09 1.90E-09
 6.55E-14 4.22E-12 1.08E-10 1.07E-09 2.89E-09 4.37E-09 4.44E-09 4.27E-09
 4.09E-09 3.77E-09 3.34E-09 2.73E-09 2.19E-09 1.90E-09
 6.55E-14 4.22E-12 1.08E-10 1.07E-09 2.89E-09 4.36E-09 4.43E-09 4.26E-09
 4.08E-09 3.77E-09 3.33E-09 2.73E-09 2.19E-09 1.90E-09
 6.54E-14 4.21E-12 1.08E-10 1.06E-09 2.85E-09 4.29E-09 4.36E-09 4.20E-09
 4.03E-09 3.72E-09 3.30E-09 2.70E-09 2.17E-09 1.89E-09
 6.46E-14 4.15E-12 1.04E-10 9.64E-10 2.49E-09 3.72E-09 3.85E-09 3.75E-09
 3.63E-09 3.39E-09 3.04E-09 2.52E-09 2.05E-09 1.79E-09
  265.802    7  14 /pl=01:ss=14:pb= 1:sz=14/type=excit/ispb = t/isel =   46
 1.00E+10 1.00E+11 1.00E+12 1.00E+13 1.00E+14 1.00E+15 1.00E+16
 3.88E+00 5.82E+00 9.69E+00 1.94E+01 3.88E+01 9.69E+01 1.94E+02 2.91E+02
 3.88E+02 5.82E+02 9.69E+02 1.94E+03 3.88E+03 5.82E+03
 2.11E-20 1.01E-17 1.28E-15 4.22E-14 2.09E-13 4.58E-13 5.36E-13 5.42E-13
 5.32E-13 5.05E-13 4.57E-13 3.79E-13 3.05E-13 2.65E-13
 2.16E-20 1.03E-17 1.30E-15 4.27E-14 2.11E-13 4.61E-13 5.39E-13 5.44E-13
 5.34E-13 5.07E-13 4.58E-13 3.80E-13 3.05E-13 2.65E-13
 2.69E-20 1.23E-17 1.51E-15 4.77E-14 2.30E-13 4.91E-13 5.66E-13 5.69E-13
 5.56E-13 5.26E-13 4.73E-13 3.90E-13 3.12E-13 2.70E-13
 7.93E-20 3.29E-17 3.57E-15 9.76E-14 4.19E-13 7.91E-13 8.42E-13 8.12E-13
 7.74E-13 7.09E-13 6.15E-13 4.87E-13 3.75E-13 3.19E-13
 6.03E-19 2.38E-16 2.41E-14 5.96E-13 2.30E-12 3.78E-12 3.59E-12 3.23E-12
 2.94E-12 2.53E-12 2.03E-12 1.45E-12 1.01E-12 8.08E-13
 5.78E-18 2.27E-15 2.28E-13 5.49E-12 2.07E-11 3.28E-11 3.02E-11 2.65E-11
 2.37E-11 1.99E-11 1.55E-11 1.06E-11 7.07E-12 5.50E-12
 5.20E-17 2.07E-14 2.06E-12 4.72E-11 1.68E-10 2.59E-10 2.29E-10 1.93E-10
 1.68E-10 1.37E-10 1.05E-10 7.25E-11 4.96E-11 3.95E-11
  278.552    7  14 /pl=01:ss=14:pb= 1:sz=14/type=excit/ispb = t/isel =   47
 1.00E+10 1.00E+11 1.00E+12 1.00E+13 1.00E+14 1.00E+15 1.00E+16
 3.88E+00 5.82E+00 9.69E+00 1.94E+01 3.88E+01 9.69E+01 1.94E+02 2.91E+02
 3.88E+02 5.82E+02 9.69E+02 1.94E+03 3.88E+03 5.82E+03
 2.46E-21 7.27E-18 3.96E-15 3.87E-13 3.30E-12 9.91E-12 1.30E-11 1.37E-11
 1.38E-11 1.35E-11 1.26E-11 1.08E-11 8.83E-12 7.77E-12
 2.46E-21 7.27E-18 3.96E-15 3.87E-13 3.30E-12 9.91E-12 1.30E-11 1.37E-11
 1.38E-11 1.35E-11 1.26E-11 1.08E-11 8.83E-12 7.77E-12
 2.46E-21 7.27E-18 3.96E-15 3.88E-13 3.30E-12 9.91E-12 1.30E-11 1.37E-11
 1.38E-11 1.35E-11 1.26E-11 1.08E-11 8.83E-12 7.77E-12
 2.46E-21 7.28E-18 3.97E-15 3.88E-13 3.30E-12 9.92E-12 1.30E-11 1.37E-11
 1.38E-11 1.35E-11 1.26E-11 1.08E-11 8.83E-12 7.77E-12
 2.51E-21 7.40E-18 4.02E-15 3.91E-13 3.32E-12 9.94E-12 1.30E-11 1.37E-11
 1.38E-11 1.35E-11 1.26E-11 1.08E-11 8.84E-12 7.77E-12
 2.97E-21 8.51E-18 4.48E-15 4.21E-13 3.48E-12 1.02E-11 1.32E-11 1.39E-11
 1.40E-11 1.36E-11 1.27E-11 1.08E-11 8.86E-12 7.79E-12
 7.45E-21 1.93E-17 8.90E-15 6.91E-13 4.88E-12 1.26E-11 1.55E-11 1.59E-11
 1.58E-11 1.52E-11 1.38E-11 1.15E-11 9.28E-12 8.08E-12
  333.556    7  14 /pl=01:ss=14:pb= 1:sz=14/type=excit/ispb = t/isel =   48
 1.00E+10 1.00E+11 1.00E+12 1.00E+13 1.00E+14 1.00E+15 1.00E+16
 3.88E+00 5.82E+00 9.69E+00 1.94E+01 3.88E+01 9.69E+01 1.94E+02 2.91E+02
 3.88E+02 5.82E+02 9.69E+02 1.94E+03 3.88E+03 5.82E+03
 1.00E-74 1.00E-74 1.00E-74 2.26E-29 5.94E-21 5.22E-16 1.93E-14 5.92E-14
 9.97E-14 1.59E-13 2.11E-13 2.31E-13 2.06E-13 1.84E-13
 1.00E-74 1.00E-74 2.61E-46 2.26E-29 5.94E-21 5.22E-16 1.93E-14 5.92E-14
 9.97E-14 1.59E-13 2.11E-13 2.31E-13 2.06E-13 1.84E-13
 1.00E-74 1.00E-74 2.35E-46 2.26E-29 5.94E-21 5.22E-16 1.93E-14 5.92E-14
 9.97E-14 1.59E-13 2.11E-13 2.31E-13 2.06E-13 1.84E-13
 1.00E-74 1.00E-74 2.32E-46 2.26E-29 5.94E-21 5.22E-16 1.93E-14 5.92E-14
 9.97E-14 1.59E-13 2.11E-13 2.31E-13 2.06E-13 1.84E-13
 1.00E-74 1.00E-74 2.32E-46 2.26E-29 5.93E-21 5.21E-16 1.92E-14 5.90E-14
 9.96E-14 1.58E-13 2.11E-13 2.31E-13 2.06E-13 1.84E-13
 1.00E-74 1.00E-74 2.29E-46 2.22E-29 5.81E-21 5.10E-16 1.89E-14 5.80E-14
 9.80E-14 1.56E-13 2.08E-13 2.28E-13 2.04E-13 1.82E-13
 1.00E-74 1.00E-74 2.06E-46 1.91E-29 4.83E-21 4.25E-16 1.61E-14 5.04E-14
 8.62E-14 1.39E-13 1.89E-13 2.11E-13 1.91E-13 1.72E-13
  395.820    7  14 /pl=01:ss=14:pb= 1:sz=14/type=excit/ispb = t/isel =   49
 1.00E+10 1.00E+11 1.00E+12 1.00E+13 1.00E+14 1.00E+15 1.00E+16
 3.88E+00 5.82E+00 9.69E+00 1.94E+01 3.88E+01 9.69E+01 1.94E+02 2.91E+02
 3.88E+02 5.82E+02 9.69E+02 1.94E+03 3.88E+03 5.82E+03
 2.40E-20 2.28E-17 5.05E-15 2.49E-13 1.49E-12 3.56E-12 4.13E-12 4.03E-12
 3.87E-12 3.54E-12 3.05E-12 2.40E-12 1.83E-12 1.55E-12
 2.40E-20 2.28E-17 5.05E-15 2.49E-13 1.49E-12 3.56E-12 4.13E-12 4.04E-12
 3.87E-12 3.54E-12 3.05E-12 2.40E-12 1.83E-12 1.55E-12
 2.41E-20 2.28E-17 5.05E-15 2.49E-13 1.49E-12 3.57E-12 4.13E-12 4.04E-12
 3.87E-12 3.54E-12 3.05E-12 2.40E-12 1.83E-12 1.55E-12
 2.46E-20 2.32E-17 5.12E-15 2.51E-13 1.50E-12 3.58E-12 4.15E-12 4.05E-12
 3.88E-12 3.55E-12 3.06E-12 2.40E-12 1.83E-12 1.55E-12
 2.97E-20 2.72E-17 5.80E-15 2.76E-13 1.61E-12 3.77E-12 4.33E-12 4.21E-12
 4.02E-12 3.67E-12 3.15E-12 2.46E-12 1.87E-12 1.58E-12
 8.00E-20 6.66E-17 1.26E-14 5.18E-13 2.69E-12 5.63E-12 6.06E-12 5.74E-12
 5.39E-12 4.80E-12 4.01E-12 3.03E-12 2.23E-12 1.85E-12
 5.46E-19 4.34E-16 7.49E-14 2.64E-12 1.18E-11 2.10E-11 2.07E-11 1.87E-11
 1.71E-11 1.45E-11 1.15E-11 8.02E-12 5.44E-12 4.30E-12
  451.751    7  14 /pl=01:ss=14:pb= 1:sz=14/type=excit/ispb = t/isel =   50
 1.00E+10 1.00E+11 1.00E+12 1.00E+13 1.00E+14 1.00E+15 1.00E+16
 3.88E+00 5.82E+00 9.69E+00 1.94E+01 3.88E+01 9.69E+01 1.94E+02 2.91E+02
 3.88E+02 5.82E+02 9.69E+02 1.94E+03 3.88E+03 5.82E+03
 8.37E-14 7.27E-13 3.78E-12 1.15E-11 1.78E-11 1.99E-11 1.86E-11 1.74E-11
 1.66E-11 1.54E-11 1.38E-11 1.16E-11 9.63E-12 8.55E-12
 8.37E-14 7.27E-13 3.78E-12 1.15E-11 1.78E-11 1.99E-11 1.86E-11 1.74E-11
 1.66E-11 1.54E-11 1.38E-11 1.16E-11 9.63E-12 8.55E-12
 8.37E-14 7.27E-13 3.78E-12 1.15E-11 1.78E-11 1.99E-11 1.86E-11 1.74E-11
 1.66E-11 1.54E-11 1.38E-11 1.16E-11 9.63E-12 8.55E-12
 8.37E-14 7.27E-13 3.78E-12 1.15E-11 1.78E-11 1.99E-11 1.86E-11 1.74E-11
 1.66E-11 1.54E-11 1.38E-11 1.16E-11 9.62E-12 8.54E-12
 8.37E-14 7.26E-13 3.77E-12 1.15E-11 1.77E-11 1.98E-11 1.85E-11 1.73E-11
 1.65E-11 1.53E-11 1.37E-11 1.16E-11 9.58E-12 8.51E-12
 8.29E-14 7.20E-13 3.74E-12 1.13E-11 1.73E-11 1.93E-11 1.79E-11 1.67E-11
 1.58E-11 1.46E-11 1.30E-11 1.10E-11 9.21E-12 8.21E-12
 7.60E-14 6.67E-13 3.43E-12 9.83E-12 1.43E-11 1.55E-11 1.39E-11 1.24E-11
 1.15E-11 1.03E-11 9.07E-12 7.77E-12 6.72E-12 6.15E-12
c-------------------------------------------------------------------------------
 
C  root partition information
C  ==========================
C
C  nuclear charge : 18
C  ion charge+1   : 15
C
C  population calculation information
C  ----------------------------------
C
C  population processing code: adas810
C
C  adf04 source file    : adf04_copmm#18_ls_40#ar14.dat
C  adf18/a17_p208 file  : NULL
C
C  meta. ion. coeff. selector  : 
 
C  options  : lnorm =T  lpsel =F  lzsel =T  liosel=F
C           : lhsel =F  lrsel =F  lisel =F  lnsel =F
 
C  energy levels
C  -------------
C
C   lv      configuration    (2S+1)L(w-1/2)      energy (cm^-1)
C  ---   ------------------- --------------      --------------
c    1   22                     (1)0(  0.0)             0.0
c    2   12513                  (3)1(  4.0)        221361.0
c    3   12513                  (1)1(  1.0)        409601.0
c    4   23                     (3)1(  4.0)        597581.0
c    5   23                     (1)2(  2.0)        662241.0
c    6   23                     (1)0(  0.0)        768601.0
c    7   12514                  (3)0(  1.0)       3917981.0
c    8   12514                  (1)0(  0.0)       3961981.0
c    9   12515                  (3)1(  4.0)       4025381.0
c   10   12515                  (1)1(  1.0)       4041181.0
c   11   12516                  (3)2(  7.0)       4086281.0
c   12   12516                  (1)2(  2.0)       4123881.0
c   13   12517                  (3)0(  1.0)       5248481.0
c   14   12517                  (1)0(  0.0)       5262481.0
c   15   12518                  (3)1(  4.0)       5291081.0
c   16   12518                  (1)1(  1.0)       5296681.0
c   17   12519                  (3)2(  7.0)       5315781.0
c   18   12519                  (1)2(  2.0)       5327781.0
c   19   1251B                  (3)0(  1.0)       5847181.0
c   20   1251B                  (1)0(  0.0)       5853581.0
c   21   1251C                  (3)1(  4.0)       5868481.0
c   22   1251C                  (1)1(  1.0)       5871181.0
c   23   1251D                  (3)2(  7.0)       5880981.0
c   24   1251D                  (1)2(  2.0)       5886381.0
c   25   1251G                  (3)0(  1.0)       6167481.0
c   26   1251G                  (1)0(  0.0)       6170981.0
c   27   1251H                  (3)1(  4.0)       6179681.0
c   28   1251H                  (1)1(  1.0)       6181081.0
c   29   1251I                  (3)2(  7.0)       6186781.0
c   30   1251I                  (1)2(  2.0)       6189781.0
c   31   1251M                  (3)0(  1.0)       6358681.0
c   32   1251M                  (1)0(  0.0)       6360881.0
c   33   1251N                  (3)1(  4.0)       6366281.0
c   34   1251N                  (1)1(  1.0)       6367181.0
c   35   1251O                  (3)2(  7.0)       6370781.0
c   36   1251O                  (1)2(  2.0)       6372581.0
 
 
 
c-------------------------------------------------------------------------------
 
C  superstage partition information
C  ================================
C
C  element symbol   : AR
C  parent template  : 
C  partition level  :  1
C  superstage label : 14
C
C  tabulation       : photon emissivity coefft (te,ne)
C  units            : ph. emis coef(cm^3 s^-1); te (ev); ne (cm^-3)
C
C  photon emissivity atomic transitions
C  ------------------------------------
C  
C   isel  wvlen(A)            transition                type  ispb nspb
C                                                             ispp nspp sz    tg pr wr
C  ----- ---------- ----------------------------------- ----- ---- ---- --    -- -- --
C      1   15.7055   34(1)1(  1.0)-  1(1)0(  0.0)       excit   1    1  14    28 19  1
C      2   16.1784   28(1)1(  1.0)-  1(1)0(  0.0)       excit   1    1  14    23 16  2
C      3   16.7701   36(1)2(  2.0)-  3(1)1(  1.0)       excit   1    1  14    97 24  3
C      4   16.8031   32(1)0(  0.0)-  3(1)1(  1.0)       excit   1    1  14    93 40  4
C      5   17.0323   22(1)1(  1.0)-  1(1)0(  0.0)       excit   1    1  14    18  9  5
C      6   17.3005   30(1)2(  2.0)-  3(1)1(  1.0)       excit   1    1  14    91 18  6
C      7   17.3570   26(1)0(  0.0)-  3(1)1(  1.0)       excit   1    1  14    87 31  7
C      8   18.2589   24(1)2(  2.0)-  3(1)1(  1.0)       excit   1    1  14    85 11  8
C      9   18.3689   20(1)0(  0.0)-  3(1)1(  1.0)       excit   1    1  14    81 21  9
C     10   18.8797   16(1)1(  1.0)-  1(1)0(  0.0)       excit   1    1  14    13  5 10
C     11   20.3327   18(1)2(  2.0)-  3(1)1(  1.0)       excit   1    1  14    79  7 11
C     12   20.6063   14(1)0(  0.0)-  3(1)1(  1.0)       excit   1    1  14    75 10 12
C     13   22.0844   16(1)1(  1.0)-  6(1)0(  0.0)       excit   1    1  14   168 45 13
C     14   24.7452   10(1)1(  1.0)-  1(1)0(  0.0)       excit   1    1  14     8  3 14
C     15   24.8424    9(3)1(  4.0)-  1(1)0(  0.0)       excit   1    1  14     7 15 15
C     16   25.6245   12(1)2(  2.0)-  2(3)1(  4.0)       excit   1    1  14    40 47 16
C     17   25.8738   11(3)2(  7.0)-  2(3)1(  4.0)       excit   1    1  14    39 43 17
C     18   26.7335    8(1)0(  0.0)-  2(3)1(  4.0)       excit   1    1  14    36 50 18
C     19   26.9231   12(1)2(  2.0)-  3(1)1(  1.0)       excit   1    1  14    73  2 19
C     20   27.0517    7(3)0(  1.0)-  2(3)1(  4.0)       excit   1    1  14    35 23 20
C     21   28.1501    8(1)0(  0.0)-  3(1)1(  1.0)       excit   1    1  14    69  4 21
C     22   30.5569   10(1)1(  1.0)-  6(1)0(  0.0)       excit   1    1  14   163 22 22
C     23   41.5766   34(1)1(  1.0)-  8(1)0(  0.0)       excit   1    1  14   231 42 23
C     24   42.8927   36(1)2(  2.0)- 10(1)1(  1.0)       excit   1    1  14   286 38 24
C     25   43.1090   32(1)0(  0.0)- 10(1)1(  1.0)       excit   1    1  14   282 44 25
C     26   45.0633   28(1)1(  1.0)-  8(1)0(  0.0)       excit   1    1  14   226 35 26
C     27   46.5419   30(1)2(  2.0)- 10(1)1(  1.0)       excit   1    1  14   280 29 27
C     28   46.9528   26(1)0(  0.0)- 10(1)1(  1.0)       excit   1    1  14   276 36 28
C     29   51.2689   21(3)1(  4.0)-  7(3)0(  1.0)       excit   1    1  14   196 48 29
C     30   52.3780   22(1)1(  1.0)-  8(1)0(  0.0)       excit   1    1  14   221 26 30
C     31   54.1947   24(1)2(  2.0)- 10(1)1(  1.0)       excit   1    1  14   274 20 31
C     32   55.1755   20(1)0(  0.0)- 10(1)1(  1.0)       excit   1    1  14   270 25 32
C     33   72.8279   15(3)1(  4.0)-  7(3)0(  1.0)       excit   1    1  14   191 28 33
C     34   74.9232   16(1)1(  1.0)-  8(1)0(  0.0)       excit   1    1  14   216 17 34
C     35   77.7242   18(1)2(  2.0)- 10(1)1(  1.0)       excit   1    1  14   268 12 35
C     36   81.8800   14(1)0(  0.0)- 10(1)1(  1.0)       excit   1    1  14   264 14 36
C     37   85.2660   16(1)1(  1.0)- 12(1)2(  2.0)       excit   1    1  14   315 34 37
C     38   108.861   28(1)1(  1.0)- 14(1)0(  0.0)       excit   1    1  14   366 49 38
C     39   111.970   30(1)2(  2.0)- 16(1)1(  1.0)       excit   1    1  14   408 41 39
C     40   114.377   26(1)0(  0.0)- 16(1)1(  1.0)       excit   1    1  14   404 39 40
C     41   164.285   22(1)1(  1.0)- 14(1)0(  0.0)       excit   1    1  14   361 37 41
C     42   169.578   24(1)2(  2.0)- 16(1)1(  1.0)       excit   1    1  14   402 32 42
C     43   179.565   20(1)0(  0.0)- 16(1)1(  1.0)       excit   1    1  14   398 27 43
C     44   226.819    5(1)2(  2.0)-  2(3)1(  4.0)       excit   1    1  14    33 30 44
C     45   244.140    3(1)1(  1.0)-  1(1)0(  0.0)       excit   1    1  14     2  1 45
C     46   265.802    4(3)1(  4.0)-  2(3)1(  4.0)       excit   1    1  14    32 33 46
C     47   278.552    6(1)0(  0.0)-  3(1)1(  1.0)       excit   1    1  14    67  8 47
C     48   333.556   26(1)0(  0.0)- 22(1)1(  1.0)       excit   1    1  14   498 46 48
C     49   395.820    5(1)2(  2.0)-  3(1)1(  1.0)       excit   1    1  14    66 13 49
C     50   451.751    2(3)1(  4.0)-  1(1)0(  0.0)       excit   1    1  14     1  6 50
c-------------------------------------------------------------------------------
                                                                                
C  code     : adas810
C  producer : Adam Foster
C  date     : 13/05/09
                                                                                
c-------------------------------------------------------------------------------
