   50    /Ar:15 photon emissivity coefficients/
--------------------------------------------------------------------------------
    1    1    1    1    1    1    1    1    1    1    1    1    1    1
    1    1    1    1    1
--------------------------------------------------------------------------------
//#01/p00/ 00/p01/ 01/p02/ 02/p03/ 03/p04/ 04/p05/ 05/p06/ 06/p07/ 07/p08/ 08/  
      p09/ 09/p10/ 10/p11/ 11/p12/ 12/p13/ 13/p14/ 14/p15/ 15/p16/ 16/p17/ 17/  
      p18/ 18/                                                                  
--------------------------------------------------------------------------------
  3.13217    7  14 /pl=01:ss=15:pb= 1:sz=15/type=excit/ispb = t/isel =    1
 1.00E+10 1.00E+11 1.00E+12 1.00E+13 1.00E+14 1.00E+15 1.00E+16
 4.41E+00 6.62E+00 1.10E+01 2.21E+01 4.41E+01 1.10E+02 2.21E+02 3.31E+02
 4.41E+02 6.62E+02 1.10E+03 2.21E+03 4.41E+03 6.62E+03
 1.00E-74 1.00E-74 1.00E-74 1.00E-74 1.00E-74 2.81E-28 1.24E-20 4.01E-18
 6.93E-17 1.13E-15 9.76E-15 4.32E-14 8.10E-14 9.53E-14
 1.00E-74 1.00E-74 1.00E-74 1.00E-74 1.00E-74 2.81E-28 1.24E-20 4.01E-18
 6.93E-17 1.13E-15 9.76E-15 4.32E-14 8.10E-14 9.53E-14
 1.00E-74 1.00E-74 1.00E-74 1.00E-74 1.00E-74 2.81E-28 1.24E-20 4.01E-18
 6.93E-17 1.13E-15 9.76E-15 4.32E-14 8.10E-14 9.53E-14
 1.00E-74 1.00E-74 1.00E-74 1.00E-74 1.00E-74 2.81E-28 1.24E-20 4.01E-18
 6.93E-17 1.13E-15 9.76E-15 4.32E-14 8.10E-14 9.53E-14
 1.00E-74 1.00E-74 1.00E-74 1.00E-74 1.00E-74 2.81E-28 1.24E-20 4.01E-18
 6.93E-17 1.13E-15 9.76E-15 4.32E-14 8.10E-14 9.53E-14
 1.00E-74 1.00E-74 1.00E-74 1.00E-74 1.00E-74 2.81E-28 1.24E-20 4.01E-18
 6.92E-17 1.13E-15 9.75E-15 4.32E-14 8.10E-14 9.52E-14
 1.00E-74 1.00E-74 1.00E-74 1.00E-74 1.00E-74 2.78E-28 1.22E-20 3.96E-18
 6.85E-17 1.12E-15 9.66E-15 4.29E-14 8.05E-14 9.47E-14
  3.15305    7  14 /pl=01:ss=15:pb= 1:sz=15/type=excit/ispb = t/isel =    2
 1.00E+10 1.00E+11 1.00E+12 1.00E+13 1.00E+14 1.00E+15 1.00E+16
 4.41E+00 6.62E+00 1.10E+01 2.21E+01 4.41E+01 1.10E+02 2.21E+02 3.31E+02
 4.41E+02 6.62E+02 1.10E+03 2.21E+03 4.41E+03 6.62E+03
 1.00E-74 1.00E-74 1.00E-74 1.00E-74 1.00E-74 5.89E-28 2.31E-20 7.18E-18
 1.22E-16 1.95E-15 1.65E-14 7.25E-14 1.35E-13 1.59E-13
 1.00E-74 1.00E-74 1.00E-74 1.00E-74 1.00E-74 5.89E-28 2.31E-20 7.18E-18
 1.22E-16 1.95E-15 1.65E-14 7.25E-14 1.35E-13 1.59E-13
 1.00E-74 1.00E-74 1.00E-74 1.00E-74 1.00E-74 5.89E-28 2.31E-20 7.18E-18
 1.22E-16 1.95E-15 1.65E-14 7.25E-14 1.35E-13 1.59E-13
 1.00E-74 1.00E-74 1.00E-74 1.00E-74 1.00E-74 5.89E-28 2.31E-20 7.18E-18
 1.22E-16 1.95E-15 1.65E-14 7.25E-14 1.35E-13 1.59E-13
 1.00E-74 1.00E-74 1.00E-74 1.00E-74 1.00E-74 5.89E-28 2.31E-20 7.18E-18
 1.22E-16 1.95E-15 1.65E-14 7.25E-14 1.35E-13 1.58E-13
 1.00E-74 1.00E-74 1.00E-74 1.00E-74 1.00E-74 5.88E-28 2.30E-20 7.17E-18
 1.22E-16 1.95E-15 1.65E-14 7.24E-14 1.35E-13 1.58E-13
 1.00E-74 1.00E-74 1.00E-74 1.00E-74 1.00E-74 5.78E-28 2.27E-20 7.06E-18
 1.20E-16 1.92E-15 1.63E-14 7.17E-14 1.34E-13 1.57E-13
  3.18845    7  14 /pl=01:ss=15:pb= 1:sz=15/type=excit/ispb = t/isel =    3
 1.00E+10 1.00E+11 1.00E+12 1.00E+13 1.00E+14 1.00E+15 1.00E+16
 4.41E+00 6.62E+00 1.10E+01 2.21E+01 4.41E+01 1.10E+02 2.21E+02 3.31E+02
 4.41E+02 6.62E+02 1.10E+03 2.21E+03 4.41E+03 6.62E+03
 1.00E-74 1.00E-74 1.00E-74 1.00E-74 1.00E-74 1.60E-27 5.13E-20 1.51E-17
 2.47E-16 3.84E-15 3.16E-14 1.36E-13 2.51E-13 2.93E-13
 1.00E-74 1.00E-74 1.00E-74 1.00E-74 1.00E-74 1.60E-27 5.13E-20 1.51E-17
 2.47E-16 3.84E-15 3.16E-14 1.36E-13 2.51E-13 2.93E-13
 1.00E-74 1.00E-74 1.00E-74 1.00E-74 1.00E-74 1.60E-27 5.13E-20 1.51E-17
 2.47E-16 3.84E-15 3.16E-14 1.36E-13 2.51E-13 2.93E-13
 1.00E-74 1.00E-74 1.00E-74 1.00E-74 1.00E-74 1.60E-27 5.13E-20 1.51E-17
 2.47E-16 3.84E-15 3.16E-14 1.36E-13 2.51E-13 2.93E-13
 1.00E-74 1.00E-74 1.00E-74 1.00E-74 1.00E-74 1.60E-27 5.13E-20 1.51E-17
 2.47E-16 3.84E-15 3.15E-14 1.36E-13 2.51E-13 2.93E-13
 1.00E-74 1.00E-74 1.00E-74 1.00E-74 1.00E-74 1.60E-27 5.12E-20 1.51E-17
 2.46E-16 3.84E-15 3.15E-14 1.36E-13 2.51E-13 2.93E-13
 1.00E-74 1.00E-74 1.00E-74 1.00E-74 1.00E-74 1.57E-27 5.03E-20 1.48E-17
 2.42E-16 3.78E-15 3.11E-14 1.35E-13 2.49E-13 2.91E-13
  3.25621    7  14 /pl=01:ss=15:pb= 1:sz=15/type=excit/ispb = t/isel =    4
 1.00E+10 1.00E+11 1.00E+12 1.00E+13 1.00E+14 1.00E+15 1.00E+16
 4.41E+00 6.62E+00 1.10E+01 2.21E+01 4.41E+01 1.10E+02 2.21E+02 3.31E+02
 4.41E+02 6.62E+02 1.10E+03 2.21E+03 4.41E+03 6.62E+03
 1.00E-74 1.00E-74 1.00E-74 1.00E-74 1.00E-74 7.17E-27 1.60E-19 4.15E-17
 6.42E-16 9.37E-15 7.40E-14 3.08E-13 5.58E-13 6.51E-13
 1.00E-74 1.00E-74 1.00E-74 1.00E-74 1.00E-74 7.17E-27 1.60E-19 4.15E-17
 6.42E-16 9.37E-15 7.40E-14 3.08E-13 5.58E-13 6.51E-13
 1.00E-74 1.00E-74 1.00E-74 1.00E-74 1.00E-74 7.17E-27 1.60E-19 4.15E-17
 6.42E-16 9.37E-15 7.40E-14 3.08E-13 5.58E-13 6.51E-13
 1.00E-74 1.00E-74 1.00E-74 1.00E-74 1.00E-74 7.17E-27 1.60E-19 4.15E-17
 6.42E-16 9.37E-15 7.40E-14 3.08E-13 5.58E-13 6.51E-13
 1.00E-74 1.00E-74 1.00E-74 1.00E-74 1.00E-74 7.17E-27 1.60E-19 4.15E-17
 6.42E-16 9.37E-15 7.40E-14 3.08E-13 5.58E-13 6.51E-13
 1.00E-74 1.00E-74 1.00E-74 1.00E-74 1.00E-74 7.15E-27 1.60E-19 4.14E-17
 6.41E-16 9.36E-15 7.39E-14 3.07E-13 5.58E-13 6.50E-13
 1.00E-74 1.00E-74 1.00E-74 1.00E-74 3.86E-49 7.01E-27 1.57E-19 4.07E-17
 6.30E-16 9.22E-15 7.29E-14 3.04E-13 5.53E-13 6.46E-13
  3.41485    7  14 /pl=01:ss=15:pb= 1:sz=15/type=excit/ispb = t/isel =    5
 1.00E+10 1.00E+11 1.00E+12 1.00E+13 1.00E+14 1.00E+15 1.00E+16
 4.41E+00 6.62E+00 1.10E+01 2.21E+01 4.41E+01 1.10E+02 2.21E+02 3.31E+02
 4.41E+02 6.62E+02 1.10E+03 2.21E+03 4.41E+03 6.62E+03
 1.00E-74 1.00E-74 1.00E-74 1.00E-74 1.00E-74 1.03E-25 1.03E-18 2.06E-16
 2.79E-15 3.58E-14 2.55E-13 9.84E-13 1.73E-12 2.00E-12
 1.00E-74 1.00E-74 1.00E-74 1.00E-74 1.00E-74 1.03E-25 1.03E-18 2.06E-16
 2.79E-15 3.58E-14 2.55E-13 9.84E-13 1.73E-12 2.00E-12
 1.00E-74 1.00E-74 1.00E-74 1.00E-74 1.00E-74 1.03E-25 1.03E-18 2.06E-16
 2.79E-15 3.58E-14 2.55E-13 9.84E-13 1.73E-12 2.00E-12
 1.00E-74 1.00E-74 1.00E-74 1.00E-74 1.00E-74 1.03E-25 1.03E-18 2.06E-16
 2.79E-15 3.58E-14 2.55E-13 9.84E-13 1.73E-12 2.00E-12
 1.00E-74 1.00E-74 1.00E-74 1.00E-74 9.72E-47 1.03E-25 1.03E-18 2.06E-16
 2.79E-15 3.58E-14 2.55E-13 9.84E-13 1.73E-12 2.00E-12
 1.00E-74 1.00E-74 1.00E-74 1.00E-74 5.82E-47 1.02E-25 1.03E-18 2.05E-16
 2.78E-15 3.58E-14 2.54E-13 9.83E-13 1.73E-12 2.00E-12
 1.00E-74 1.00E-74 1.00E-74 1.00E-74 5.72E-47 1.00E-25 1.01E-18 2.02E-16
 2.73E-15 3.52E-14 2.51E-13 9.73E-13 1.72E-12 1.99E-12
  3.99122    7  14 /pl=01:ss=15:pb= 1:sz=15/type=excit/ispb = t/isel =    6
 1.00E+10 1.00E+11 1.00E+12 1.00E+13 1.00E+14 1.00E+15 1.00E+16
 4.41E+00 6.62E+00 1.10E+01 2.21E+01 4.41E+01 1.10E+02 2.21E+02 3.31E+02
 4.41E+02 6.62E+02 1.10E+03 2.21E+03 4.41E+03 6.62E+03
 1.00E-74 1.00E-74 1.00E-74 1.00E-74 5.24E-41 7.28E-23 6.74E-17 6.08E-15
 5.56E-14 4.83E-13 2.53E-12 7.82E-12 1.24E-11 1.40E-11
 1.00E-74 1.00E-74 1.00E-74 1.00E-74 5.28E-41 7.28E-23 6.74E-17 6.08E-15
 5.56E-14 4.83E-13 2.53E-12 7.82E-12 1.24E-11 1.40E-11
 1.00E-74 1.00E-74 1.00E-74 1.00E-74 5.28E-41 7.28E-23 6.74E-17 6.08E-15
 5.56E-14 4.83E-13 2.53E-12 7.82E-12 1.24E-11 1.40E-11
 1.00E-74 1.00E-74 1.00E-74 1.00E-74 5.28E-41 7.28E-23 6.74E-17 6.08E-15
 5.56E-14 4.83E-13 2.53E-12 7.82E-12 1.24E-11 1.40E-11
 1.00E-74 1.00E-74 1.00E-74 1.00E-74 5.28E-41 7.28E-23 6.74E-17 6.08E-15
 5.56E-14 4.83E-13 2.53E-12 7.82E-12 1.24E-11 1.40E-11
 1.00E-74 1.00E-74 1.00E-74 1.00E-74 5.28E-41 7.27E-23 6.73E-17 6.07E-15
 5.55E-14 4.83E-13 2.53E-12 7.81E-12 1.24E-11 1.39E-11
 1.00E-74 1.00E-74 1.00E-74 1.00E-74 5.21E-41 7.15E-23 6.62E-17 5.98E-15
 5.47E-14 4.77E-13 2.50E-12 7.74E-12 1.23E-11 1.39E-11
  14.6226    7  14 /pl=01:ss=15:pb= 1:sz=15/type=excit/ispb = t/isel =    7
 1.00E+10 1.00E+11 1.00E+12 1.00E+13 1.00E+14 1.00E+15 1.00E+16
 4.41E+00 6.62E+00 1.10E+01 2.21E+01 4.41E+01 1.10E+02 2.21E+02 3.31E+02
 4.41E+02 6.62E+02 1.10E+03 2.21E+03 4.41E+03 6.62E+03
 1.00E-74 1.00E-74 1.00E-74 1.16E-28 1.84E-20 1.20E-15 4.08E-14 1.24E-13
 2.10E-13 3.46E-13 4.99E-13 6.34E-13 6.94E-13 6.97E-13
 1.00E-74 1.00E-74 3.39E-45 1.16E-28 1.84E-20 1.20E-15 4.08E-14 1.24E-13
 2.10E-13 3.46E-13 4.99E-13 6.34E-13 6.94E-13 6.97E-13
 1.00E-74 1.00E-74 3.39E-45 1.16E-28 1.84E-20 1.20E-15 4.08E-14 1.24E-13
 2.10E-13 3.46E-13 4.99E-13 6.34E-13 6.94E-13 6.97E-13
 1.00E-74 1.00E-74 3.32E-45 1.16E-28 1.84E-20 1.20E-15 4.08E-14 1.24E-13
 2.10E-13 3.46E-13 4.99E-13 6.33E-13 6.94E-13 6.97E-13
 1.00E-74 1.00E-74 3.33E-45 1.16E-28 1.84E-20 1.20E-15 4.08E-14 1.24E-13
 2.10E-13 3.46E-13 4.99E-13 6.33E-13 6.94E-13 6.97E-13
 1.00E-74 1.00E-74 3.36E-45 1.17E-28 1.84E-20 1.21E-15 4.08E-14 1.24E-13
 2.10E-13 3.46E-13 4.99E-13 6.33E-13 6.93E-13 6.96E-13
 1.00E-74 1.00E-74 3.55E-45 1.21E-28 1.88E-20 1.21E-15 4.09E-14 1.24E-13
 2.10E-13 3.44E-13 4.96E-13 6.27E-13 6.86E-13 6.89E-13
  15.0830    7  14 /pl=01:ss=15:pb= 1:sz=15/type=excit/ispb = t/isel =    8
 1.00E+10 1.00E+11 1.00E+12 1.00E+13 1.00E+14 1.00E+15 1.00E+16
 4.41E+00 6.62E+00 1.10E+01 2.21E+01 4.41E+01 1.10E+02 2.21E+02 3.31E+02
 4.41E+02 6.62E+02 1.10E+03 2.21E+03 4.41E+03 6.62E+03
 1.00E-74 1.00E-74 5.41E-44 6.77E-28 6.01E-20 2.79E-15 8.49E-14 2.48E-13
 4.13E-13 6.67E-13 9.49E-13 1.19E-12 1.29E-12 1.30E-12
 1.00E-74 1.00E-74 6.22E-44 6.77E-28 6.01E-20 2.79E-15 8.49E-14 2.48E-13
 4.13E-13 6.67E-13 9.49E-13 1.19E-12 1.29E-12 1.30E-12
 1.00E-74 1.00E-74 6.19E-44 6.77E-28 6.01E-20 2.79E-15 8.49E-14 2.48E-13
 4.13E-13 6.67E-13 9.49E-13 1.19E-12 1.29E-12 1.30E-12
 1.00E-74 1.00E-74 6.19E-44 6.77E-28 6.01E-20 2.79E-15 8.49E-14 2.48E-13
 4.13E-13 6.67E-13 9.49E-13 1.19E-12 1.29E-12 1.30E-12
 1.00E-74 1.00E-74 6.19E-44 6.77E-28 6.01E-20 2.79E-15 8.49E-14 2.48E-13
 4.13E-13 6.67E-13 9.49E-13 1.19E-12 1.29E-12 1.30E-12
 1.00E-74 1.00E-74 6.23E-44 6.79E-28 6.02E-20 2.80E-15 8.49E-14 2.48E-13
 4.13E-13 6.67E-13 9.48E-13 1.19E-12 1.29E-12 1.30E-12
 1.00E-74 1.00E-74 6.59E-44 7.02E-28 6.11E-20 2.80E-15 8.48E-14 2.48E-13
 4.12E-13 6.64E-13 9.43E-13 1.19E-12 1.28E-12 1.29E-12
  15.2302    7  14 /pl=01:ss=15:pb= 1:sz=15/type=excit/ispb = t/isel =    9
 1.00E+10 1.00E+11 1.00E+12 1.00E+13 1.00E+14 1.00E+15 1.00E+16
 4.41E+00 6.62E+00 1.10E+01 2.21E+01 4.41E+01 1.10E+02 2.21E+02 3.31E+02
 4.41E+02 6.62E+02 1.10E+03 2.21E+03 4.41E+03 6.62E+03
 1.00E-74 1.00E-74 1.00E-74 1.43E-28 2.26E-20 1.47E-15 4.86E-14 1.43E-13
 2.35E-13 3.67E-13 4.74E-13 4.96E-13 4.28E-13 3.72E-13
 1.00E-74 1.00E-74 3.05E-45 1.43E-28 2.26E-20 1.47E-15 4.86E-14 1.43E-13
 2.35E-13 3.67E-13 4.74E-13 4.96E-13 4.28E-13 3.72E-13
 1.00E-74 1.00E-74 3.97E-45 1.43E-28 2.26E-20 1.47E-15 4.86E-14 1.43E-13
 2.35E-13 3.67E-13 4.74E-13 4.96E-13 4.28E-13 3.72E-13
 1.00E-74 1.00E-74 4.03E-45 1.43E-28 2.26E-20 1.47E-15 4.86E-14 1.43E-13
 2.35E-13 3.67E-13 4.74E-13 4.96E-13 4.28E-13 3.72E-13
 1.00E-74 1.00E-74 4.05E-45 1.43E-28 2.26E-20 1.47E-15 4.86E-14 1.43E-13
 2.35E-13 3.67E-13 4.74E-13 4.96E-13 4.28E-13 3.73E-13
 1.00E-74 1.00E-74 4.14E-45 1.45E-28 2.28E-20 1.48E-15 4.89E-14 1.44E-13
 2.36E-13 3.68E-13 4.76E-13 4.98E-13 4.30E-13 3.74E-13
 1.00E-74 1.00E-74 5.03E-45 1.67E-28 2.53E-20 1.58E-15 5.14E-14 1.50E-13
 2.46E-13 3.83E-13 4.94E-13 5.16E-13 4.45E-13 3.87E-13
  15.2489    7  14 /pl=01:ss=15:pb= 1:sz=15/type=excit/ispb = t/isel =   10
 1.00E+10 1.00E+11 1.00E+12 1.00E+13 1.00E+14 1.00E+15 1.00E+16
 4.41E+00 6.62E+00 1.10E+01 2.21E+01 4.41E+01 1.10E+02 2.21E+02 3.31E+02
 4.41E+02 6.62E+02 1.10E+03 2.21E+03 4.41E+03 6.62E+03
 1.00E-74 1.00E-74 1.00E-74 4.29E-29 6.62E-21 4.24E-16 1.40E-14 4.15E-14
 6.86E-14 1.07E-13 1.41E-13 1.51E-13 1.34E-13 1.19E-13
 1.00E-74 1.00E-74 1.14E-45 4.29E-29 6.62E-21 4.24E-16 1.40E-14 4.15E-14
 6.86E-14 1.07E-13 1.41E-13 1.51E-13 1.34E-13 1.19E-13
 1.00E-74 1.00E-74 1.25E-45 4.29E-29 6.62E-21 4.24E-16 1.40E-14 4.15E-14
 6.86E-14 1.07E-13 1.41E-13 1.51E-13 1.34E-13 1.19E-13
 1.00E-74 1.00E-74 1.27E-45 4.29E-29 6.62E-21 4.24E-16 1.40E-14 4.15E-14
 6.85E-14 1.07E-13 1.41E-13 1.51E-13 1.34E-13 1.19E-13
 1.00E-74 1.00E-74 1.27E-45 4.28E-29 6.61E-21 4.23E-16 1.40E-14 4.15E-14
 6.85E-14 1.07E-13 1.41E-13 1.51E-13 1.34E-13 1.19E-13
 1.00E-74 1.00E-74 1.25E-45 4.22E-29 6.53E-21 4.19E-16 1.39E-14 4.12E-14
 6.81E-14 1.07E-13 1.41E-13 1.51E-13 1.34E-13 1.19E-13
 1.00E-74 1.00E-74 1.09E-45 3.74E-29 5.85E-21 3.83E-16 1.29E-14 3.86E-14
 6.42E-14 1.01E-13 1.35E-13 1.47E-13 1.31E-13 1.17E-13
  15.7268    7  14 /pl=01:ss=15:pb= 1:sz=15/type=excit/ispb = t/isel =   11
 1.00E+10 1.00E+11 1.00E+12 1.00E+13 1.00E+14 1.00E+15 1.00E+16
 4.41E+00 6.62E+00 1.10E+01 2.21E+01 4.41E+01 1.10E+02 2.21E+02 3.31E+02
 4.41E+02 6.62E+02 1.10E+03 2.21E+03 4.41E+03 6.62E+03
 1.00E-74 1.00E-74 1.00E-43 8.48E-28 7.49E-20 3.42E-15 1.01E-13 2.86E-13
 4.64E-13 7.05E-13 9.06E-13 9.40E-13 8.10E-13 7.08E-13
 1.00E-74 1.00E-74 7.52E-44 8.48E-28 7.49E-20 3.42E-15 1.01E-13 2.86E-13
 4.64E-13 7.05E-13 9.06E-13 9.40E-13 8.10E-13 7.08E-13
 1.00E-74 1.00E-74 7.68E-44 8.48E-28 7.49E-20 3.42E-15 1.01E-13 2.86E-13
 4.64E-13 7.05E-13 9.06E-13 9.40E-13 8.10E-13 7.08E-13
 1.00E-74 1.00E-74 7.67E-44 8.48E-28 7.49E-20 3.42E-15 1.01E-13 2.86E-13
 4.64E-13 7.05E-13 9.06E-13 9.40E-13 8.10E-13 7.08E-13
 1.00E-74 1.00E-74 7.68E-44 8.49E-28 7.50E-20 3.42E-15 1.01E-13 2.86E-13
 4.64E-13 7.05E-13 9.07E-13 9.40E-13 8.10E-13 7.09E-13
 1.00E-74 1.00E-74 7.82E-44 8.59E-28 7.56E-20 3.44E-15 1.02E-13 2.87E-13
 4.65E-13 7.08E-13 9.09E-13 9.43E-13 8.12E-13 7.10E-13
 1.00E-74 1.00E-74 9.18E-44 9.62E-28 8.17E-20 3.61E-15 1.05E-13 2.97E-13
 4.80E-13 7.28E-13 9.33E-13 9.67E-13 8.32E-13 7.27E-13
  15.7587    7  14 /pl=01:ss=15:pb= 1:sz=15/type=excit/ispb = t/isel =   12
 1.00E+10 1.00E+11 1.00E+12 1.00E+13 1.00E+14 1.00E+15 1.00E+16
 4.41E+00 6.62E+00 1.10E+01 2.21E+01 4.41E+01 1.10E+02 2.21E+02 3.31E+02
 4.41E+02 6.62E+02 1.10E+03 2.21E+03 4.41E+03 6.62E+03
 1.00E-74 1.00E-74 2.74E-44 2.66E-28 2.30E-20 1.03E-15 3.05E-14 8.63E-14
 1.40E-13 2.17E-13 2.82E-13 3.01E-13 2.67E-13 2.37E-13
 1.00E-74 1.00E-74 2.56E-44 2.66E-28 2.30E-20 1.03E-15 3.05E-14 8.63E-14
 1.40E-13 2.17E-13 2.82E-13 3.01E-13 2.67E-13 2.37E-13
 1.00E-74 1.00E-74 2.58E-44 2.66E-28 2.30E-20 1.03E-15 3.05E-14 8.63E-14
 1.40E-13 2.17E-13 2.82E-13 3.01E-13 2.67E-13 2.37E-13
 1.00E-74 1.00E-74 2.58E-44 2.66E-28 2.30E-20 1.03E-15 3.05E-14 8.63E-14
 1.40E-13 2.17E-13 2.82E-13 3.01E-13 2.67E-13 2.37E-13
 1.00E-74 1.00E-74 2.58E-44 2.66E-28 2.30E-20 1.03E-15 3.05E-14 8.62E-14
 1.40E-13 2.17E-13 2.82E-13 3.01E-13 2.67E-13 2.37E-13
 1.00E-74 1.00E-74 2.56E-44 2.65E-28 2.28E-20 1.03E-15 3.04E-14 8.60E-14
 1.40E-13 2.17E-13 2.81E-13 3.00E-13 2.67E-13 2.37E-13
 1.00E-74 1.00E-74 2.45E-44 2.52E-28 2.18E-20 9.83E-16 2.93E-14 8.32E-14
 1.36E-13 2.11E-13 2.75E-13 2.95E-13 2.64E-13 2.35E-13
  15.9151    7  14 /pl=01:ss=15:pb= 1:sz=15/type=excit/ispb = t/isel =   13
 1.00E+10 1.00E+11 1.00E+12 1.00E+13 1.00E+14 1.00E+15 1.00E+16
 4.41E+00 6.62E+00 1.10E+01 2.21E+01 4.41E+01 1.10E+02 2.21E+02 3.31E+02
 4.41E+02 6.62E+02 1.10E+03 2.21E+03 4.41E+03 6.62E+03
 1.00E-74 1.00E-74 6.23E-42 9.72E-27 3.30E-19 8.74E-15 2.22E-13 6.11E-13
 9.87E-13 1.55E-12 2.17E-12 2.68E-12 2.88E-12 2.88E-12
 1.00E-74 1.00E-74 6.22E-42 9.72E-27 3.30E-19 8.74E-15 2.22E-13 6.11E-13
 9.87E-13 1.55E-12 2.17E-12 2.68E-12 2.88E-12 2.88E-12
 1.00E-74 1.00E-74 6.23E-42 9.72E-27 3.30E-19 8.74E-15 2.22E-13 6.11E-13
 9.87E-13 1.55E-12 2.17E-12 2.68E-12 2.88E-12 2.88E-12
 1.00E-74 1.00E-74 6.23E-42 9.72E-27 3.30E-19 8.74E-15 2.22E-13 6.11E-13
 9.87E-13 1.55E-12 2.17E-12 2.68E-12 2.88E-12 2.88E-12
 1.00E-74 1.00E-74 6.23E-42 9.72E-27 3.30E-19 8.74E-15 2.22E-13 6.11E-13
 9.87E-13 1.55E-12 2.16E-12 2.68E-12 2.88E-12 2.88E-12
 1.00E-74 1.00E-74 6.27E-42 9.76E-27 3.30E-19 8.74E-15 2.22E-13 6.11E-13
 9.87E-13 1.55E-12 2.16E-12 2.68E-12 2.88E-12 2.88E-12
 1.00E-74 1.00E-74 6.61E-42 1.01E-26 3.35E-19 8.76E-15 2.21E-13 6.09E-13
 9.83E-13 1.55E-12 2.15E-12 2.67E-12 2.86E-12 2.87E-12
  16.6261    7  14 /pl=01:ss=15:pb= 1:sz=15/type=excit/ispb = t/isel =   14
 1.00E+10 1.00E+11 1.00E+12 1.00E+13 1.00E+14 1.00E+15 1.00E+16
 4.41E+00 6.62E+00 1.10E+01 2.21E+01 4.41E+01 1.10E+02 2.21E+02 3.31E+02
 4.41E+02 6.62E+02 1.10E+03 2.21E+03 4.41E+03 6.62E+03
 1.00E-74 1.00E-74 8.14E-42 1.30E-26 4.36E-19 1.12E-14 2.73E-13 7.26E-13
 1.14E-12 1.68E-12 2.11E-12 2.15E-12 1.85E-12 1.61E-12
 1.00E-74 1.00E-74 8.11E-42 1.30E-26 4.36E-19 1.12E-14 2.73E-13 7.26E-13
 1.14E-12 1.68E-12 2.11E-12 2.15E-12 1.85E-12 1.61E-12
 1.00E-74 1.00E-74 8.11E-42 1.30E-26 4.36E-19 1.12E-14 2.73E-13 7.26E-13
 1.14E-12 1.68E-12 2.11E-12 2.15E-12 1.85E-12 1.61E-12
 1.00E-74 1.00E-74 8.11E-42 1.30E-26 4.36E-19 1.12E-14 2.73E-13 7.26E-13
 1.14E-12 1.68E-12 2.11E-12 2.15E-12 1.85E-12 1.61E-12
 1.00E-74 1.00E-74 8.13E-42 1.30E-26 4.37E-19 1.12E-14 2.73E-13 7.26E-13
 1.14E-12 1.69E-12 2.11E-12 2.15E-12 1.85E-12 1.61E-12
 1.00E-74 1.00E-74 8.26E-42 1.31E-26 4.40E-19 1.13E-14 2.74E-13 7.28E-13
 1.14E-12 1.69E-12 2.11E-12 2.16E-12 1.85E-12 1.62E-12
 1.00E-74 1.00E-74 9.53E-42 1.45E-26 4.70E-19 1.17E-14 2.82E-13 7.48E-13
 1.17E-12 1.73E-12 2.16E-12 2.20E-12 1.89E-12 1.65E-12
  16.6882    7  14 /pl=01:ss=15:pb= 1:sz=15/type=excit/ispb = t/isel =   15
 1.00E+10 1.00E+11 1.00E+12 1.00E+13 1.00E+14 1.00E+15 1.00E+16
 4.41E+00 6.62E+00 1.10E+01 2.21E+01 4.41E+01 1.10E+02 2.21E+02 3.31E+02
 4.41E+02 6.62E+02 1.10E+03 2.21E+03 4.41E+03 6.62E+03
 1.00E-74 1.00E-74 3.11E-42 4.43E-27 1.41E-19 3.56E-15 8.66E-14 2.32E-13
 3.65E-13 5.46E-13 6.96E-13 7.38E-13 6.56E-13 5.88E-13
 1.00E-74 1.00E-74 3.12E-42 4.43E-27 1.41E-19 3.56E-15 8.66E-14 2.32E-13
 3.65E-13 5.46E-13 6.96E-13 7.38E-13 6.56E-13 5.88E-13
 1.00E-74 1.00E-74 3.11E-42 4.43E-27 1.41E-19 3.56E-15 8.66E-14 2.32E-13
 3.65E-13 5.46E-13 6.96E-13 7.38E-13 6.56E-13 5.88E-13
 1.00E-74 1.00E-74 3.11E-42 4.43E-27 1.41E-19 3.56E-15 8.66E-14 2.32E-13
 3.65E-13 5.46E-13 6.96E-13 7.38E-13 6.56E-13 5.88E-13
 1.00E-74 1.00E-74 3.11E-42 4.43E-27 1.41E-19 3.56E-15 8.66E-14 2.32E-13
 3.65E-13 5.46E-13 6.96E-13 7.38E-13 6.56E-13 5.88E-13
 1.00E-74 1.00E-74 3.11E-42 4.42E-27 1.41E-19 3.55E-15 8.64E-14 2.32E-13
 3.64E-13 5.45E-13 6.95E-13 7.37E-13 6.56E-13 5.87E-13
 1.00E-74 1.00E-74 3.08E-42 4.34E-27 1.38E-19 3.46E-15 8.46E-14 2.27E-13
 3.57E-13 5.36E-13 6.86E-13 7.29E-13 6.50E-13 5.83E-13
  17.2484    7  14 /pl=01:ss=15:pb= 1:sz=15/type=excit/ispb = t/isel =   16
 1.00E+10 1.00E+11 1.00E+12 1.00E+13 1.00E+14 1.00E+15 1.00E+16
 4.41E+00 6.62E+00 1.10E+01 2.21E+01 4.41E+01 1.10E+02 2.21E+02 3.31E+02
 4.41E+02 6.62E+02 1.10E+03 2.21E+03 4.41E+03 6.62E+03
 1.00E-74 1.00E-74 1.00E-74 1.00E-74 1.00E-74 8.80E-28 1.96E-20 5.09E-18
 7.88E-17 1.15E-15 9.08E-15 3.78E-14 6.85E-14 7.99E-14
 1.00E-74 1.00E-74 1.00E-74 1.00E-74 1.00E-74 8.80E-28 1.96E-20 5.09E-18
 7.88E-17 1.15E-15 9.08E-15 3.78E-14 6.85E-14 7.99E-14
 1.00E-74 1.00E-74 1.00E-74 1.00E-74 1.00E-74 8.80E-28 1.96E-20 5.09E-18
 7.88E-17 1.15E-15 9.08E-15 3.78E-14 6.85E-14 7.99E-14
 1.00E-74 1.00E-74 1.00E-74 1.00E-74 1.00E-74 8.80E-28 1.96E-20 5.09E-18
 7.88E-17 1.15E-15 9.08E-15 3.78E-14 6.85E-14 7.99E-14
 1.00E-74 1.00E-74 1.00E-74 1.00E-74 1.00E-74 8.80E-28 1.96E-20 5.09E-18
 7.88E-17 1.15E-15 9.08E-15 3.78E-14 6.85E-14 7.99E-14
 1.00E-74 1.00E-74 1.00E-74 1.00E-74 1.00E-74 8.78E-28 1.96E-20 5.08E-18
 7.87E-17 1.15E-15 9.07E-15 3.77E-14 6.85E-14 7.98E-14
 1.00E-74 1.00E-74 1.00E-74 1.00E-74 4.74E-50 8.61E-28 1.92E-20 5.00E-18
 7.74E-17 1.13E-15 8.95E-15 3.73E-14 6.79E-14 7.93E-14
  17.7182    7  14 /pl=01:ss=15:pb= 1:sz=15/type=excit/ispb = t/isel =   17
 1.00E+10 1.00E+11 1.00E+12 1.00E+13 1.00E+14 1.00E+15 1.00E+16
 4.41E+00 6.62E+00 1.10E+01 2.21E+01 4.41E+01 1.10E+02 2.21E+02 3.31E+02
 4.41E+02 6.62E+02 1.10E+03 2.21E+03 4.41E+03 6.62E+03
 1.00E-74 1.00E-74 2.22E-38 9.47E-25 5.30E-18 4.90E-14 8.91E-13 2.21E-12
 3.41E-12 5.09E-12 6.85E-12 8.34E-12 8.88E-12 8.86E-12
 1.00E-74 1.00E-74 2.22E-38 9.47E-25 5.30E-18 4.90E-14 8.91E-13 2.21E-12
 3.41E-12 5.09E-12 6.85E-12 8.34E-12 8.88E-12 8.86E-12
 1.00E-74 1.00E-74 2.22E-38 9.47E-25 5.30E-18 4.90E-14 8.91E-13 2.21E-12
 3.41E-12 5.09E-12 6.85E-12 8.34E-12 8.88E-12 8.86E-12
 1.00E-74 1.00E-74 2.22E-38 9.47E-25 5.30E-18 4.90E-14 8.91E-13 2.21E-12
 3.41E-12 5.09E-12 6.85E-12 8.34E-12 8.88E-12 8.86E-12
 1.00E-74 1.00E-74 2.23E-38 9.47E-25 5.31E-18 4.90E-14 8.91E-13 2.21E-12
 3.41E-12 5.09E-12 6.85E-12 8.34E-12 8.88E-12 8.86E-12
 1.00E-74 1.00E-74 2.24E-38 9.51E-25 5.31E-18 4.90E-14 8.91E-13 2.21E-12
 3.40E-12 5.09E-12 6.85E-12 8.34E-12 8.88E-12 8.86E-12
 1.00E-74 1.00E-74 2.37E-38 9.81E-25 5.39E-18 4.92E-14 8.90E-13 2.21E-12
 3.40E-12 5.08E-12 6.82E-12 8.30E-12 8.84E-12 8.82E-12
  18.5826    7  14 /pl=01:ss=15:pb= 1:sz=15/type=excit/ispb = t/isel =   18
 1.00E+10 1.00E+11 1.00E+12 1.00E+13 1.00E+14 1.00E+15 1.00E+16
 4.41E+00 6.62E+00 1.10E+01 2.21E+01 4.41E+01 1.10E+02 2.21E+02 3.31E+02
 4.41E+02 6.62E+02 1.10E+03 2.21E+03 4.41E+03 6.62E+03
 1.00E-74 1.00E-74 3.19E-38 1.45E-24 8.21E-18 7.23E-14 1.24E-12 2.95E-12
 4.34E-12 6.07E-12 7.30E-12 7.22E-12 6.13E-12 5.33E-12
 1.00E-74 1.00E-74 3.19E-38 1.45E-24 8.21E-18 7.23E-14 1.24E-12 2.95E-12
 4.34E-12 6.07E-12 7.30E-12 7.22E-12 6.13E-12 5.33E-12
 1.00E-74 1.00E-74 3.19E-38 1.45E-24 8.21E-18 7.23E-14 1.24E-12 2.95E-12
 4.34E-12 6.07E-12 7.30E-12 7.22E-12 6.13E-12 5.33E-12
 1.00E-74 1.00E-74 3.19E-38 1.45E-24 8.21E-18 7.23E-14 1.24E-12 2.95E-12
 4.34E-12 6.07E-12 7.30E-12 7.22E-12 6.13E-12 5.33E-12
 1.00E-74 1.00E-74 3.19E-38 1.45E-24 8.21E-18 7.23E-14 1.24E-12 2.95E-12
 4.34E-12 6.07E-12 7.30E-12 7.22E-12 6.13E-12 5.33E-12
 1.00E-74 1.00E-74 3.24E-38 1.46E-24 8.26E-18 7.26E-14 1.24E-12 2.95E-12
 4.35E-12 6.08E-12 7.31E-12 7.23E-12 6.14E-12 5.34E-12
 1.00E-74 1.00E-74 3.69E-38 1.60E-24 8.77E-18 7.52E-14 1.28E-12 3.02E-12
 4.45E-12 6.21E-12 7.45E-12 7.36E-12 6.26E-12 5.44E-12
  18.7361    7  14 /pl=01:ss=15:pb= 1:sz=15/type=excit/ispb = t/isel =   19
 1.00E+10 1.00E+11 1.00E+12 1.00E+13 1.00E+14 1.00E+15 1.00E+16
 4.41E+00 6.62E+00 1.10E+01 2.21E+01 4.41E+01 1.10E+02 2.21E+02 3.31E+02
 4.41E+02 6.62E+02 1.10E+03 2.21E+03 4.41E+03 6.62E+03
 1.00E-74 1.00E-74 1.61E-38 5.73E-25 2.89E-18 2.44E-14 4.19E-13 1.00E-12
 1.49E-12 2.11E-12 2.60E-12 2.68E-12 2.38E-12 2.14E-12
 1.00E-74 1.00E-74 1.61E-38 5.73E-25 2.89E-18 2.44E-14 4.19E-13 1.00E-12
 1.49E-12 2.11E-12 2.60E-12 2.68E-12 2.38E-12 2.14E-12
 1.00E-74 1.00E-74 1.61E-38 5.73E-25 2.89E-18 2.44E-14 4.19E-13 1.00E-12
 1.49E-12 2.11E-12 2.60E-12 2.68E-12 2.38E-12 2.14E-12
 1.00E-74 1.00E-74 1.61E-38 5.73E-25 2.89E-18 2.44E-14 4.19E-13 1.00E-12
 1.49E-12 2.11E-12 2.60E-12 2.68E-12 2.38E-12 2.14E-12
 1.00E-74 1.00E-74 1.61E-38 5.73E-25 2.89E-18 2.44E-14 4.19E-13 1.00E-12
 1.49E-12 2.11E-12 2.60E-12 2.68E-12 2.38E-12 2.14E-12
 1.00E-74 1.00E-74 1.61E-38 5.72E-25 2.89E-18 2.44E-14 4.18E-13 9.98E-13
 1.49E-12 2.11E-12 2.59E-12 2.68E-12 2.38E-12 2.14E-12
 1.00E-74 1.00E-74 1.61E-38 5.68E-25 2.84E-18 2.39E-14 4.11E-13 9.83E-13
 1.47E-12 2.08E-12 2.56E-12 2.65E-12 2.37E-12 2.13E-12
  22.8785    7  14 /pl=01:ss=15:pb= 1:sz=15/type=excit/ispb = t/isel =   20
 1.00E+10 1.00E+11 1.00E+12 1.00E+13 1.00E+14 1.00E+15 1.00E+16
 4.41E+00 6.62E+00 1.10E+01 2.21E+01 4.41E+01 1.10E+02 2.21E+02 3.31E+02
 4.41E+02 6.62E+02 1.10E+03 2.21E+03 4.41E+03 6.62E+03
 1.00E-74 1.00E-74 1.00E-74 1.00E-74 1.00E-74 1.17E-26 1.18E-19 2.35E-17
 3.18E-16 4.09E-15 2.91E-14 1.12E-13 1.98E-13 2.29E-13
 1.00E-74 1.00E-74 1.00E-74 1.00E-74 1.00E-74 1.17E-26 1.18E-19 2.35E-17
 3.18E-16 4.09E-15 2.91E-14 1.12E-13 1.98E-13 2.29E-13
 1.00E-74 1.00E-74 1.00E-74 1.00E-74 1.00E-74 1.17E-26 1.18E-19 2.35E-17
 3.18E-16 4.09E-15 2.91E-14 1.12E-13 1.98E-13 2.29E-13
 1.00E-74 1.00E-74 1.00E-74 1.00E-74 1.00E-74 1.17E-26 1.18E-19 2.35E-17
 3.18E-16 4.09E-15 2.91E-14 1.12E-13 1.98E-13 2.29E-13
 1.00E-74 1.00E-74 1.00E-74 1.00E-74 1.11E-47 1.17E-26 1.18E-19 2.35E-17
 3.18E-16 4.09E-15 2.91E-14 1.12E-13 1.98E-13 2.29E-13
 1.00E-74 1.00E-74 1.00E-74 1.00E-74 6.65E-48 1.17E-26 1.18E-19 2.34E-17
 3.17E-16 4.08E-15 2.90E-14 1.12E-13 1.98E-13 2.29E-13
 1.00E-74 1.00E-74 1.00E-74 1.00E-74 6.52E-48 1.15E-26 1.15E-19 2.30E-17
 3.12E-16 4.02E-15 2.86E-14 1.11E-13 1.96E-13 2.27E-13
  23.4850    7  14 /pl=01:ss=15:pb= 1:sz=15/type=excit/ispb = t/isel =   21
 1.00E+10 1.00E+11 1.00E+12 1.00E+13 1.00E+14 1.00E+15 1.00E+16
 4.41E+00 6.62E+00 1.10E+01 2.21E+01 4.41E+01 1.10E+02 2.21E+02 3.31E+02
 4.41E+02 6.62E+02 1.10E+03 2.21E+03 4.41E+03 6.62E+03
 1.00E-74 1.00E-74 6.49E-31 1.14E-20 1.28E-15 1.15E-12 9.97E-12 1.97E-11
 2.74E-11 3.75E-11 4.77E-11 5.66E-11 6.00E-11 5.98E-11
 1.00E-74 2.02E-44 6.49E-31 1.14E-20 1.28E-15 1.15E-12 9.97E-12 1.97E-11
 2.74E-11 3.75E-11 4.77E-11 5.66E-11 6.00E-11 5.98E-11
 1.00E-74 1.21E-44 6.49E-31 1.14E-20 1.28E-15 1.15E-12 9.97E-12 1.97E-11
 2.74E-11 3.75E-11 4.77E-11 5.66E-11 6.00E-11 5.98E-11
 1.00E-74 1.17E-44 6.49E-31 1.14E-20 1.28E-15 1.15E-12 9.97E-12 1.97E-11
 2.74E-11 3.75E-11 4.77E-11 5.66E-11 6.00E-11 5.98E-11
 1.00E-74 1.17E-44 6.50E-31 1.15E-20 1.29E-15 1.15E-12 9.97E-12 1.97E-11
 2.74E-11 3.75E-11 4.77E-11 5.66E-11 6.00E-11 5.97E-11
 1.00E-74 1.18E-44 6.54E-31 1.15E-20 1.29E-15 1.15E-12 9.97E-12 1.97E-11
 2.74E-11 3.75E-11 4.77E-11 5.65E-11 5.99E-11 5.97E-11
 1.00E-74 1.29E-44 7.00E-31 1.20E-20 1.32E-15 1.16E-12 9.99E-12 1.97E-11
 2.74E-11 3.74E-11 4.76E-11 5.63E-11 5.97E-11 5.95E-11
  24.0555    7  14 /pl=01:ss=15:pb= 1:sz=15/type=excit/ispb = t/isel =   22
 1.00E+10 1.00E+11 1.00E+12 1.00E+13 1.00E+14 1.00E+15 1.00E+16
 4.41E+00 6.62E+00 1.10E+01 2.21E+01 4.41E+01 1.10E+02 2.21E+02 3.31E+02
 4.41E+02 6.62E+02 1.10E+03 2.21E+03 4.41E+03 6.62E+03
 1.00E-74 1.00E-74 1.00E-74 1.00E-74 1.00E-74 2.09E-26 2.10E-19 4.22E-17
 5.77E-16 7.49E-15 5.34E-14 2.03E-13 3.40E-13 3.76E-13
 1.00E-74 1.00E-74 1.00E-74 1.00E-74 1.00E-74 2.09E-26 2.10E-19 4.22E-17
 5.77E-16 7.49E-15 5.34E-14 2.03E-13 3.40E-13 3.76E-13
 1.00E-74 1.00E-74 1.00E-74 1.00E-74 1.00E-74 2.09E-26 2.10E-19 4.22E-17
 5.77E-16 7.49E-15 5.34E-14 2.03E-13 3.40E-13 3.76E-13
 1.00E-74 1.00E-74 1.00E-74 1.00E-74 1.00E-74 2.09E-26 2.10E-19 4.22E-17
 5.77E-16 7.49E-15 5.34E-14 2.03E-13 3.40E-13 3.76E-13
 1.00E-74 1.00E-74 1.00E-74 1.00E-74 8.97E-48 2.09E-26 2.10E-19 4.22E-17
 5.77E-16 7.49E-15 5.34E-14 2.03E-13 3.40E-13 3.76E-13
 1.00E-74 1.00E-74 1.00E-74 1.00E-74 1.34E-47 2.09E-26 2.09E-19 4.21E-17
 5.76E-16 7.47E-15 5.33E-14 2.02E-13 3.40E-13 3.76E-13
 1.00E-74 1.00E-74 1.00E-74 1.00E-74 1.31E-47 2.04E-26 2.05E-19 4.14E-17
 5.67E-16 7.36E-15 5.26E-14 2.00E-13 3.37E-13 3.73E-13
  24.9200    7  14 /pl=01:ss=15:pb= 1:sz=15/type=excit/ispb = t/isel =   23
 1.00E+10 1.00E+11 1.00E+12 1.00E+13 1.00E+14 1.00E+15 1.00E+16
 4.41E+00 6.62E+00 1.10E+01 2.21E+01 4.41E+01 1.10E+02 2.21E+02 3.31E+02
 4.41E+02 6.62E+02 1.10E+03 2.21E+03 4.41E+03 6.62E+03
 1.00E-74 1.00E-74 1.21E-30 2.52E-20 3.05E-15 2.68E-12 2.14E-11 3.94E-11
 5.16E-11 6.41E-11 7.05E-11 6.61E-11 5.50E-11 4.77E-11
 1.00E-74 1.00E-74 1.21E-30 2.52E-20 3.05E-15 2.68E-12 2.14E-11 3.94E-11
 5.16E-11 6.41E-11 7.05E-11 6.61E-11 5.50E-11 4.77E-11
 1.00E-74 1.84E-44 1.21E-30 2.52E-20 3.05E-15 2.68E-12 2.14E-11 3.94E-11
 5.16E-11 6.41E-11 7.05E-11 6.61E-11 5.50E-11 4.77E-11
 1.00E-74 1.71E-44 1.21E-30 2.52E-20 3.05E-15 2.68E-12 2.14E-11 3.94E-11
 5.16E-11 6.41E-11 7.05E-11 6.61E-11 5.50E-11 4.77E-11
 1.00E-74 1.74E-44 1.21E-30 2.52E-20 3.05E-15 2.68E-12 2.14E-11 3.94E-11
 5.16E-11 6.42E-11 7.05E-11 6.62E-11 5.50E-11 4.78E-11
 1.00E-74 1.77E-44 1.23E-30 2.54E-20 3.06E-15 2.69E-12 2.14E-11 3.95E-11
 5.17E-11 6.43E-11 7.06E-11 6.63E-11 5.51E-11 4.78E-11
 1.00E-74 2.03E-44 1.37E-30 2.73E-20 3.21E-15 2.76E-12 2.19E-11 4.02E-11
 5.26E-11 6.53E-11 7.17E-11 6.73E-11 5.60E-11 4.86E-11
  25.5985    7  14 /pl=01:ss=15:pb= 1:sz=15/type=excit/ispb = t/isel =   24
 1.00E+10 1.00E+11 1.00E+12 1.00E+13 1.00E+14 1.00E+15 1.00E+16
 4.41E+00 6.62E+00 1.10E+01 2.21E+01 4.41E+01 1.10E+02 2.21E+02 3.31E+02
 4.41E+02 6.62E+02 1.10E+03 2.21E+03 4.41E+03 6.62E+03
 1.00E-74 1.00E-74 1.27E-30 1.45E-20 1.30E-15 9.75E-13 7.57E-12 1.40E-11
 1.84E-11 2.32E-11 2.60E-11 2.53E-11 2.20E-11 1.96E-11
 1.00E-74 4.14E-44 1.27E-30 1.45E-20 1.30E-15 9.75E-13 7.57E-12 1.40E-11
 1.84E-11 2.32E-11 2.60E-11 2.53E-11 2.20E-11 1.96E-11
 1.00E-74 4.06E-44 1.27E-30 1.45E-20 1.30E-15 9.75E-13 7.57E-12 1.40E-11
 1.84E-11 2.32E-11 2.60E-11 2.53E-11 2.20E-11 1.96E-11
 1.00E-74 4.03E-44 1.27E-30 1.45E-20 1.30E-15 9.75E-13 7.57E-12 1.40E-11
 1.84E-11 2.32E-11 2.60E-11 2.53E-11 2.20E-11 1.96E-11
 1.00E-74 4.03E-44 1.27E-30 1.45E-20 1.30E-15 9.75E-13 7.56E-12 1.40E-11
 1.84E-11 2.32E-11 2.60E-11 2.53E-11 2.20E-11 1.96E-11
 1.00E-74 4.04E-44 1.27E-30 1.45E-20 1.30E-15 9.73E-13 7.55E-12 1.40E-11
 1.84E-11 2.32E-11 2.60E-11 2.53E-11 2.20E-11 1.96E-11
 1.00E-74 4.07E-44 1.27E-30 1.44E-20 1.28E-15 9.56E-13 7.43E-12 1.38E-11
 1.81E-11 2.29E-11 2.57E-11 2.51E-11 2.18E-11 1.95E-11
  37.6352    7  14 /pl=01:ss=15:pb= 1:sz=15/type=excit/ispb = t/isel =   25
 1.00E+10 1.00E+11 1.00E+12 1.00E+13 1.00E+14 1.00E+15 1.00E+16
 4.41E+00 6.62E+00 1.10E+01 2.21E+01 4.41E+01 1.10E+02 2.21E+02 3.31E+02
 4.41E+02 6.62E+02 1.10E+03 2.21E+03 4.41E+03 6.62E+03
 1.00E-74 1.00E-74 1.00E-74 3.70E-29 5.85E-21 3.83E-16 1.30E-14 3.94E-14
 6.68E-14 1.10E-13 1.59E-13 2.02E-13 2.21E-13 2.22E-13
 1.00E-74 1.00E-74 1.08E-45 3.70E-29 5.85E-21 3.83E-16 1.30E-14 3.94E-14
 6.68E-14 1.10E-13 1.59E-13 2.02E-13 2.21E-13 2.22E-13
 1.00E-74 1.00E-74 1.08E-45 3.70E-29 5.85E-21 3.83E-16 1.30E-14 3.94E-14
 6.68E-14 1.10E-13 1.59E-13 2.02E-13 2.21E-13 2.22E-13
 1.00E-74 1.00E-74 1.06E-45 3.70E-29 5.85E-21 3.83E-16 1.30E-14 3.94E-14
 6.68E-14 1.10E-13 1.59E-13 2.02E-13 2.21E-13 2.22E-13
 1.00E-74 1.00E-74 1.06E-45 3.70E-29 5.85E-21 3.83E-16 1.30E-14 3.94E-14
 6.68E-14 1.10E-13 1.59E-13 2.02E-13 2.21E-13 2.22E-13
 1.00E-74 1.00E-74 1.07E-45 3.72E-29 5.87E-21 3.84E-16 1.30E-14 3.94E-14
 6.68E-14 1.10E-13 1.59E-13 2.01E-13 2.20E-13 2.22E-13
 1.00E-74 1.00E-74 1.13E-45 3.85E-29 5.98E-21 3.86E-16 1.30E-14 3.94E-14
 6.67E-14 1.10E-13 1.58E-13 1.99E-13 2.18E-13 2.19E-13
  38.7144    7  14 /pl=01:ss=15:pb= 1:sz=15/type=excit/ispb = t/isel =   26
 1.00E+10 1.00E+11 1.00E+12 1.00E+13 1.00E+14 1.00E+15 1.00E+16
 4.41E+00 6.62E+00 1.10E+01 2.21E+01 4.41E+01 1.10E+02 2.21E+02 3.31E+02
 4.41E+02 6.62E+02 1.10E+03 2.21E+03 4.41E+03 6.62E+03
 1.00E-74 1.00E-74 1.00E-74 5.07E-29 8.00E-21 5.21E-16 1.72E-14 5.07E-14
 8.33E-14 1.30E-13 1.68E-13 1.76E-13 1.52E-13 1.32E-13
 1.00E-74 1.00E-74 1.08E-45 5.07E-29 8.00E-21 5.21E-16 1.72E-14 5.07E-14
 8.33E-14 1.30E-13 1.68E-13 1.76E-13 1.52E-13 1.32E-13
 1.00E-74 1.00E-74 1.41E-45 5.07E-29 8.00E-21 5.21E-16 1.72E-14 5.07E-14
 8.33E-14 1.30E-13 1.68E-13 1.76E-13 1.52E-13 1.32E-13
 1.00E-74 1.00E-74 1.43E-45 5.07E-29 8.00E-21 5.21E-16 1.72E-14 5.07E-14
 8.33E-14 1.30E-13 1.68E-13 1.76E-13 1.52E-13 1.32E-13
 1.00E-74 1.00E-74 1.44E-45 5.08E-29 8.01E-21 5.21E-16 1.72E-14 5.07E-14
 8.33E-14 1.30E-13 1.68E-13 1.76E-13 1.52E-13 1.32E-13
 1.00E-74 1.00E-74 1.47E-45 5.16E-29 8.10E-21 5.25E-16 1.73E-14 5.09E-14
 8.37E-14 1.31E-13 1.69E-13 1.77E-13 1.52E-13 1.33E-13
 1.00E-74 1.00E-74 1.78E-45 5.94E-29 8.96E-21 5.61E-16 1.82E-14 5.33E-14
 8.73E-14 1.36E-13 1.75E-13 1.83E-13 1.58E-13 1.37E-13
  38.8358    7  14 /pl=01:ss=15:pb= 1:sz=15/type=excit/ispb = t/isel =   27
 1.00E+10 1.00E+11 1.00E+12 1.00E+13 1.00E+14 1.00E+15 1.00E+16
 4.41E+00 6.62E+00 1.10E+01 2.21E+01 4.41E+01 1.10E+02 2.21E+02 3.31E+02
 4.41E+02 6.62E+02 1.10E+03 2.21E+03 4.41E+03 6.62E+03
 1.00E-74 1.00E-74 1.00E-74 2.82E-29 4.35E-21 2.78E-16 9.21E-15 2.72E-14
 4.50E-14 7.05E-14 9.28E-14 9.95E-14 8.81E-14 7.81E-14
 1.00E-74 1.00E-74 7.45E-46 2.82E-29 4.35E-21 2.78E-16 9.21E-15 2.72E-14
 4.50E-14 7.05E-14 9.28E-14 9.95E-14 8.81E-14 7.81E-14
 1.00E-74 1.00E-74 8.20E-46 2.82E-29 4.35E-21 2.78E-16 9.21E-15 2.72E-14
 4.50E-14 7.05E-14 9.28E-14 9.95E-14 8.81E-14 7.81E-14
 1.00E-74 1.00E-74 8.31E-46 2.82E-29 4.35E-21 2.78E-16 9.21E-15 2.72E-14
 4.50E-14 7.05E-14 9.28E-14 9.95E-14 8.81E-14 7.81E-14
 1.00E-74 1.00E-74 8.31E-46 2.81E-29 4.34E-21 2.78E-16 9.20E-15 2.72E-14
 4.50E-14 7.04E-14 9.28E-14 9.95E-14 8.81E-14 7.81E-14
 1.00E-74 1.00E-74 8.18E-46 2.77E-29 4.29E-21 2.75E-16 9.13E-15 2.70E-14
 4.47E-14 7.01E-14 9.24E-14 9.92E-14 8.79E-14 7.79E-14
 1.00E-74 1.00E-74 7.18E-46 2.46E-29 3.84E-21 2.52E-16 8.48E-15 2.54E-14
 4.22E-14 6.66E-14 8.87E-14 9.63E-14 8.62E-14 7.68E-14
  40.8435    7  14 /pl=01:ss=15:pb= 1:sz=15/type=excit/ispb = t/isel =   28
 1.00E+10 1.00E+11 1.00E+12 1.00E+13 1.00E+14 1.00E+15 1.00E+16
 4.41E+00 6.62E+00 1.10E+01 2.21E+01 4.41E+01 1.10E+02 2.21E+02 3.31E+02
 4.41E+02 6.62E+02 1.10E+03 2.21E+03 4.41E+03 6.62E+03
 1.00E-74 1.00E-74 1.70E-44 2.12E-28 1.89E-20 8.78E-16 2.67E-14 7.80E-14
 1.30E-13 2.10E-13 2.98E-13 3.75E-13 4.06E-13 4.08E-13
 1.00E-74 1.00E-74 1.95E-44 2.12E-28 1.89E-20 8.78E-16 2.67E-14 7.80E-14
 1.30E-13 2.10E-13 2.98E-13 3.75E-13 4.06E-13 4.08E-13
 1.00E-74 1.00E-74 1.94E-44 2.12E-28 1.89E-20 8.78E-16 2.67E-14 7.80E-14
 1.30E-13 2.10E-13 2.98E-13 3.75E-13 4.06E-13 4.08E-13
 1.00E-74 1.00E-74 1.94E-44 2.12E-28 1.89E-20 8.78E-16 2.67E-14 7.80E-14
 1.30E-13 2.10E-13 2.98E-13 3.75E-13 4.06E-13 4.08E-13
 1.00E-74 1.00E-74 1.94E-44 2.13E-28 1.89E-20 8.78E-16 2.67E-14 7.80E-14
 1.30E-13 2.10E-13 2.98E-13 3.75E-13 4.06E-13 4.08E-13
 1.00E-74 1.00E-74 1.96E-44 2.13E-28 1.89E-20 8.78E-16 2.66E-14 7.79E-14
 1.30E-13 2.09E-13 2.98E-13 3.75E-13 4.06E-13 4.08E-13
 1.00E-74 1.00E-74 2.07E-44 2.21E-28 1.92E-20 8.80E-16 2.66E-14 7.77E-14
 1.29E-13 2.08E-13 2.96E-13 3.72E-13 4.03E-13 4.05E-13
  42.0934    7  14 /pl=01:ss=15:pb= 1:sz=15/type=excit/ispb = t/isel =   29
 1.00E+10 1.00E+11 1.00E+12 1.00E+13 1.00E+14 1.00E+15 1.00E+16
 4.41E+00 6.62E+00 1.10E+01 2.21E+01 4.41E+01 1.10E+02 2.21E+02 3.31E+02
 4.41E+02 6.62E+02 1.10E+03 2.21E+03 4.41E+03 6.62E+03
 1.00E-74 1.00E-74 3.53E-44 2.98E-28 2.64E-20 1.20E-15 3.56E-14 1.01E-13
 1.63E-13 2.48E-13 3.19E-13 3.31E-13 2.85E-13 2.49E-13
 1.00E-74 1.00E-74 2.65E-44 2.98E-28 2.64E-20 1.20E-15 3.56E-14 1.01E-13
 1.63E-13 2.48E-13 3.19E-13 3.31E-13 2.85E-13 2.49E-13
 1.00E-74 1.00E-74 2.70E-44 2.98E-28 2.64E-20 1.20E-15 3.56E-14 1.01E-13
 1.63E-13 2.48E-13 3.19E-13 3.31E-13 2.85E-13 2.49E-13
 1.00E-74 1.00E-74 2.70E-44 2.98E-28 2.64E-20 1.20E-15 3.56E-14 1.01E-13
 1.63E-13 2.48E-13 3.19E-13 3.31E-13 2.85E-13 2.49E-13
 1.00E-74 1.00E-74 2.70E-44 2.99E-28 2.64E-20 1.20E-15 3.56E-14 1.01E-13
 1.63E-13 2.48E-13 3.19E-13 3.31E-13 2.85E-13 2.49E-13
 1.00E-74 1.00E-74 2.75E-44 3.02E-28 2.66E-20 1.21E-15 3.58E-14 1.01E-13
 1.64E-13 2.49E-13 3.20E-13 3.32E-13 2.86E-13 2.50E-13
 1.00E-74 1.00E-74 3.23E-44 3.39E-28 2.87E-20 1.27E-15 3.71E-14 1.05E-13
 1.69E-13 2.56E-13 3.28E-13 3.40E-13 2.93E-13 2.56E-13
  42.3225    7  14 /pl=01:ss=15:pb= 1:sz=15/type=excit/ispb = t/isel =   30
 1.00E+10 1.00E+11 1.00E+12 1.00E+13 1.00E+14 1.00E+15 1.00E+16
 4.41E+00 6.62E+00 1.10E+01 2.21E+01 4.41E+01 1.10E+02 2.21E+02 3.31E+02
 4.41E+02 6.62E+02 1.10E+03 2.21E+03 4.41E+03 6.62E+03
 1.00E-74 1.00E-74 1.82E-44 1.77E-28 1.53E-20 6.87E-16 2.03E-14 5.74E-14
 9.34E-14 1.45E-13 1.88E-13 2.00E-13 1.78E-13 1.58E-13
 1.00E-74 1.00E-74 1.70E-44 1.77E-28 1.53E-20 6.87E-16 2.03E-14 5.74E-14
 9.34E-14 1.45E-13 1.88E-13 2.00E-13 1.78E-13 1.58E-13
 1.00E-74 1.00E-74 1.72E-44 1.77E-28 1.53E-20 6.87E-16 2.03E-14 5.74E-14
 9.34E-14 1.45E-13 1.88E-13 2.00E-13 1.78E-13 1.58E-13
 1.00E-74 1.00E-74 1.72E-44 1.77E-28 1.53E-20 6.87E-16 2.03E-14 5.74E-14
 9.34E-14 1.45E-13 1.88E-13 2.00E-13 1.78E-13 1.58E-13
 1.00E-74 1.00E-74 1.71E-44 1.77E-28 1.53E-20 6.86E-16 2.03E-14 5.74E-14
 9.34E-14 1.45E-13 1.88E-13 2.00E-13 1.78E-13 1.58E-13
 1.00E-74 1.00E-74 1.71E-44 1.76E-28 1.52E-20 6.83E-16 2.02E-14 5.72E-14
 9.31E-14 1.44E-13 1.87E-13 2.00E-13 1.78E-13 1.58E-13
 1.00E-74 1.00E-74 1.63E-44 1.68E-28 1.45E-20 6.54E-16 1.95E-14 5.54E-14
 9.03E-14 1.40E-13 1.83E-13 1.97E-13 1.76E-13 1.56E-13
  47.5798    7  14 /pl=01:ss=15:pb= 1:sz=15/type=excit/ispb = t/isel =   31
 1.00E+10 1.00E+11 1.00E+12 1.00E+13 1.00E+14 1.00E+15 1.00E+16
 4.41E+00 6.62E+00 1.10E+01 2.21E+01 4.41E+01 1.10E+02 2.21E+02 3.31E+02
 4.41E+02 6.62E+02 1.10E+03 2.21E+03 4.41E+03 6.62E+03
 1.00E-74 1.00E-74 1.93E-42 3.02E-27 1.02E-19 2.71E-15 6.88E-14 1.90E-13
 3.06E-13 4.82E-13 6.72E-13 8.32E-13 8.93E-13 8.94E-13
 1.00E-74 1.00E-74 1.93E-42 3.02E-27 1.02E-19 2.71E-15 6.88E-14 1.90E-13
 3.06E-13 4.82E-13 6.72E-13 8.32E-13 8.93E-13 8.94E-13
 1.00E-74 1.00E-74 1.93E-42 3.02E-27 1.02E-19 2.71E-15 6.88E-14 1.90E-13
 3.06E-13 4.82E-13 6.72E-13 8.32E-13 8.93E-13 8.94E-13
 1.00E-74 1.00E-74 1.93E-42 3.02E-27 1.02E-19 2.71E-15 6.88E-14 1.90E-13
 3.06E-13 4.82E-13 6.72E-13 8.32E-13 8.93E-13 8.94E-13
 1.00E-74 1.00E-74 1.93E-42 3.02E-27 1.02E-19 2.71E-15 6.88E-14 1.90E-13
 3.06E-13 4.82E-13 6.72E-13 8.32E-13 8.93E-13 8.94E-13
 1.00E-74 1.00E-74 1.94E-42 3.03E-27 1.02E-19 2.71E-15 6.88E-14 1.90E-13
 3.06E-13 4.82E-13 6.71E-13 8.31E-13 8.93E-13 8.94E-13
 1.00E-74 1.00E-74 2.05E-42 3.12E-27 1.04E-19 2.72E-15 6.87E-14 1.89E-13
 3.05E-13 4.79E-13 6.68E-13 8.27E-13 8.88E-13 8.89E-13
  49.2189    7  14 /pl=01:ss=15:pb= 1:sz=15/type=excit/ispb = t/isel =   32
 1.00E+10 1.00E+11 1.00E+12 1.00E+13 1.00E+14 1.00E+15 1.00E+16
 4.41E+00 6.62E+00 1.10E+01 2.21E+01 4.41E+01 1.10E+02 2.21E+02 3.31E+02
 4.41E+02 6.62E+02 1.10E+03 2.21E+03 4.41E+03 6.62E+03
 1.00E-74 1.00E-74 2.82E-42 4.49E-27 1.51E-19 3.88E-15 9.44E-14 2.51E-13
 3.94E-13 5.83E-13 7.29E-13 7.46E-13 6.39E-13 5.58E-13
 1.00E-74 1.00E-74 2.81E-42 4.49E-27 1.51E-19 3.88E-15 9.44E-14 2.51E-13
 3.94E-13 5.83E-13 7.29E-13 7.46E-13 6.39E-13 5.58E-13
 1.00E-74 1.00E-74 2.81E-42 4.49E-27 1.51E-19 3.88E-15 9.44E-14 2.51E-13
 3.94E-13 5.83E-13 7.29E-13 7.46E-13 6.39E-13 5.58E-13
 1.00E-74 1.00E-74 2.81E-42 4.49E-27 1.51E-19 3.88E-15 9.44E-14 2.51E-13
 3.94E-13 5.83E-13 7.29E-13 7.46E-13 6.39E-13 5.58E-13
 1.00E-74 1.00E-74 2.81E-42 4.49E-27 1.51E-19 3.88E-15 9.45E-14 2.51E-13
 3.94E-13 5.83E-13 7.29E-13 7.46E-13 6.39E-13 5.58E-13
 1.00E-74 1.00E-74 2.86E-42 4.54E-27 1.52E-19 3.89E-15 9.48E-14 2.52E-13
 3.95E-13 5.85E-13 7.31E-13 7.47E-13 6.40E-13 5.60E-13
 1.00E-74 1.00E-74 3.30E-42 5.02E-27 1.63E-19 4.06E-15 9.77E-14 2.59E-13
 4.05E-13 5.98E-13 7.47E-13 7.63E-13 6.53E-13 5.71E-13
  49.7667    7  14 /pl=01:ss=15:pb= 1:sz=15/type=excit/ispb = t/isel =   33
 1.00E+10 1.00E+11 1.00E+12 1.00E+13 1.00E+14 1.00E+15 1.00E+16
 4.41E+00 6.62E+00 1.10E+01 2.21E+01 4.41E+01 1.10E+02 2.21E+02 3.31E+02
 4.41E+02 6.62E+02 1.10E+03 2.21E+03 4.41E+03 6.62E+03
 1.00E-74 1.00E-74 2.12E-42 3.02E-27 9.62E-20 2.42E-15 5.90E-14 1.58E-13
 2.48E-13 3.71E-13 4.74E-13 5.02E-13 4.47E-13 4.00E-13
 1.00E-74 1.00E-74 2.12E-42 3.02E-27 9.62E-20 2.42E-15 5.90E-14 1.58E-13
 2.48E-13 3.71E-13 4.74E-13 5.02E-13 4.47E-13 4.00E-13
 1.00E-74 1.00E-74 2.12E-42 3.02E-27 9.62E-20 2.42E-15 5.90E-14 1.58E-13
 2.48E-13 3.71E-13 4.74E-13 5.02E-13 4.47E-13 4.00E-13
 1.00E-74 1.00E-74 2.12E-42 3.02E-27 9.62E-20 2.42E-15 5.90E-14 1.58E-13
 2.48E-13 3.71E-13 4.74E-13 5.02E-13 4.47E-13 4.00E-13
 1.00E-74 1.00E-74 2.12E-42 3.02E-27 9.62E-20 2.42E-15 5.90E-14 1.58E-13
 2.48E-13 3.71E-13 4.74E-13 5.02E-13 4.47E-13 4.00E-13
 1.00E-74 1.00E-74 2.12E-42 3.01E-27 9.60E-20 2.42E-15 5.88E-14 1.58E-13
 2.48E-13 3.71E-13 4.73E-13 5.02E-13 4.46E-13 4.00E-13
 1.00E-74 1.00E-74 2.10E-42 2.96E-27 9.37E-20 2.36E-15 5.76E-14 1.55E-13
 2.43E-13 3.65E-13 4.67E-13 4.96E-13 4.43E-13 3.97E-13
  50.1159    7  14 /pl=01:ss=15:pb= 1:sz=15/type=excit/ispb = t/isel =   34
 1.00E+10 1.00E+11 1.00E+12 1.00E+13 1.00E+14 1.00E+15 1.00E+16
 4.41E+00 6.62E+00 1.10E+01 2.21E+01 4.41E+01 1.10E+02 2.21E+02 3.31E+02
 4.41E+02 6.62E+02 1.10E+03 2.21E+03 4.41E+03 6.62E+03
 1.00E-74 1.00E-74 2.16E-43 3.37E-28 1.14E-20 3.03E-16 7.69E-15 2.12E-14
 3.42E-14 5.38E-14 7.50E-14 9.29E-14 9.97E-14 9.98E-14
 1.00E-74 1.00E-74 2.16E-43 3.37E-28 1.14E-20 3.03E-16 7.69E-15 2.12E-14
 3.42E-14 5.38E-14 7.50E-14 9.29E-14 9.97E-14 9.98E-14
 1.00E-74 1.00E-74 2.16E-43 3.37E-28 1.14E-20 3.03E-16 7.69E-15 2.12E-14
 3.42E-14 5.38E-14 7.50E-14 9.29E-14 9.97E-14 9.98E-14
 1.00E-74 1.00E-74 2.16E-43 3.37E-28 1.14E-20 3.03E-16 7.69E-15 2.12E-14
 3.42E-14 5.38E-14 7.50E-14 9.29E-14 9.97E-14 9.98E-14
 1.00E-74 1.00E-74 2.16E-43 3.37E-28 1.14E-20 3.03E-16 7.69E-15 2.12E-14
 3.42E-14 5.38E-14 7.50E-14 9.29E-14 9.97E-14 9.98E-14
 1.00E-74 1.00E-74 2.17E-43 3.38E-28 1.14E-20 3.03E-16 7.68E-15 2.12E-14
 3.42E-14 5.38E-14 7.50E-14 9.28E-14 9.97E-14 9.98E-14
 1.00E-74 1.00E-74 2.29E-43 3.49E-28 1.16E-20 3.03E-16 7.67E-15 2.11E-14
 3.41E-14 5.35E-14 7.46E-14 9.23E-14 9.92E-14 9.93E-14
  68.3858    7  14 /pl=01:ss=15:pb= 1:sz=15/type=excit/ispb = t/isel =   35
 1.00E+10 1.00E+11 1.00E+12 1.00E+13 1.00E+14 1.00E+15 1.00E+16
 4.41E+00 6.62E+00 1.10E+01 2.21E+01 4.41E+01 1.10E+02 2.21E+02 3.31E+02
 4.41E+02 6.62E+02 1.10E+03 2.21E+03 4.41E+03 6.62E+03
 1.00E-74 1.00E-74 6.41E-39 2.73E-25 1.53E-18 1.41E-14 2.57E-13 6.37E-13
 9.81E-13 1.47E-12 1.97E-12 2.40E-12 2.56E-12 2.55E-12
 1.00E-74 1.00E-74 6.41E-39 2.73E-25 1.53E-18 1.41E-14 2.57E-13 6.37E-13
 9.81E-13 1.47E-12 1.97E-12 2.40E-12 2.56E-12 2.55E-12
 1.00E-74 1.00E-74 6.41E-39 2.73E-25 1.53E-18 1.41E-14 2.57E-13 6.37E-13
 9.81E-13 1.47E-12 1.97E-12 2.40E-12 2.56E-12 2.55E-12
 1.00E-74 1.00E-74 6.41E-39 2.73E-25 1.53E-18 1.41E-14 2.57E-13 6.37E-13
 9.81E-13 1.47E-12 1.97E-12 2.40E-12 2.56E-12 2.55E-12
 1.00E-74 1.00E-74 6.42E-39 2.73E-25 1.53E-18 1.41E-14 2.57E-13 6.37E-13
 9.81E-13 1.47E-12 1.97E-12 2.40E-12 2.56E-12 2.55E-12
 1.00E-74 1.00E-74 6.45E-39 2.74E-25 1.53E-18 1.41E-14 2.57E-13 6.37E-13
 9.81E-13 1.47E-12 1.97E-12 2.40E-12 2.56E-12 2.55E-12
 1.00E-74 1.00E-74 6.82E-39 2.83E-25 1.55E-18 1.42E-14 2.56E-13 6.35E-13
 9.78E-13 1.46E-12 1.97E-12 2.39E-12 2.55E-12 2.54E-12
  71.5062    7  14 /pl=01:ss=15:pb= 1:sz=15/type=excit/ispb = t/isel =   36
 1.00E+10 1.00E+11 1.00E+12 1.00E+13 1.00E+14 1.00E+15 1.00E+16
 4.41E+00 6.62E+00 1.10E+01 2.21E+01 4.41E+01 1.10E+02 2.21E+02 3.31E+02
 4.41E+02 6.62E+02 1.10E+03 2.21E+03 4.41E+03 6.62E+03
 1.00E-74 1.00E-74 1.03E-38 4.68E-25 2.65E-18 2.34E-14 4.01E-13 9.53E-13
 1.40E-12 1.96E-12 2.36E-12 2.33E-12 1.98E-12 1.72E-12
 1.00E-74 1.00E-74 1.03E-38 4.68E-25 2.65E-18 2.34E-14 4.01E-13 9.53E-13
 1.40E-12 1.96E-12 2.36E-12 2.33E-12 1.98E-12 1.72E-12
 1.00E-74 1.00E-74 1.03E-38 4.68E-25 2.65E-18 2.34E-14 4.01E-13 9.53E-13
 1.40E-12 1.96E-12 2.36E-12 2.33E-12 1.98E-12 1.72E-12
 1.00E-74 1.00E-74 1.03E-38 4.68E-25 2.65E-18 2.34E-14 4.01E-13 9.53E-13
 1.40E-12 1.96E-12 2.36E-12 2.33E-12 1.98E-12 1.72E-12
 1.00E-74 1.00E-74 1.03E-38 4.69E-25 2.65E-18 2.34E-14 4.01E-13 9.53E-13
 1.40E-12 1.96E-12 2.36E-12 2.33E-12 1.98E-12 1.72E-12
 1.00E-74 1.00E-74 1.05E-38 4.73E-25 2.67E-18 2.35E-14 4.02E-13 9.55E-13
 1.41E-12 1.97E-12 2.36E-12 2.34E-12 1.99E-12 1.73E-12
 1.00E-74 1.00E-74 1.19E-38 5.18E-25 2.83E-18 2.43E-14 4.13E-13 9.77E-13
 1.44E-12 2.01E-12 2.41E-12 2.38E-12 2.02E-12 1.76E-12
  73.7498    7  14 /pl=01:ss=15:pb= 1:sz=15/type=excit/ispb = t/isel =   37
 1.00E+10 1.00E+11 1.00E+12 1.00E+13 1.00E+14 1.00E+15 1.00E+16
 4.41E+00 6.62E+00 1.10E+01 2.21E+01 4.41E+01 1.10E+02 2.21E+02 3.31E+02
 4.41E+02 6.62E+02 1.10E+03 2.21E+03 4.41E+03 6.62E+03
 1.00E-74 1.00E-74 9.32E-40 3.97E-26 2.22E-19 2.05E-15 3.73E-14 9.26E-14
 1.43E-13 2.13E-13 2.87E-13 3.50E-13 3.72E-13 3.71E-13
 1.00E-74 1.00E-74 9.32E-40 3.97E-26 2.22E-19 2.05E-15 3.73E-14 9.26E-14
 1.43E-13 2.13E-13 2.87E-13 3.50E-13 3.72E-13 3.71E-13
 1.00E-74 1.00E-74 9.32E-40 3.97E-26 2.22E-19 2.05E-15 3.73E-14 9.26E-14
 1.43E-13 2.13E-13 2.87E-13 3.50E-13 3.72E-13 3.71E-13
 1.00E-74 1.00E-74 9.32E-40 3.97E-26 2.22E-19 2.05E-15 3.73E-14 9.26E-14
 1.43E-13 2.13E-13 2.87E-13 3.50E-13 3.72E-13 3.71E-13
 1.00E-74 1.00E-74 9.33E-40 3.97E-26 2.22E-19 2.05E-15 3.73E-14 9.26E-14
 1.43E-13 2.13E-13 2.87E-13 3.50E-13 3.72E-13 3.71E-13
 1.00E-74 1.00E-74 9.38E-40 3.98E-26 2.23E-19 2.05E-15 3.73E-14 9.26E-14
 1.43E-13 2.13E-13 2.87E-13 3.49E-13 3.72E-13 3.71E-13
 1.00E-74 1.00E-74 9.91E-40 4.11E-26 2.26E-19 2.06E-15 3.73E-14 9.24E-14
 1.42E-13 2.13E-13 2.86E-13 3.48E-13 3.71E-13 3.70E-13
  73.8335    7  14 /pl=01:ss=15:pb= 1:sz=15/type=excit/ispb = t/isel =   38
 1.00E+10 1.00E+11 1.00E+12 1.00E+13 1.00E+14 1.00E+15 1.00E+16
 4.41E+00 6.62E+00 1.10E+01 2.21E+01 4.41E+01 1.10E+02 2.21E+02 3.31E+02
 4.41E+02 6.62E+02 1.10E+03 2.21E+03 4.41E+03 6.62E+03
 1.00E-74 1.00E-74 1.13E-38 4.01E-25 2.02E-18 1.71E-14 2.93E-13 6.99E-13
 1.04E-12 1.48E-12 1.82E-12 1.88E-12 1.67E-12 1.50E-12
 1.00E-74 1.00E-74 1.13E-38 4.01E-25 2.02E-18 1.71E-14 2.93E-13 6.99E-13
 1.04E-12 1.48E-12 1.82E-12 1.88E-12 1.67E-12 1.50E-12
 1.00E-74 1.00E-74 1.13E-38 4.01E-25 2.02E-18 1.71E-14 2.93E-13 6.99E-13
 1.04E-12 1.48E-12 1.82E-12 1.88E-12 1.67E-12 1.50E-12
 1.00E-74 1.00E-74 1.13E-38 4.01E-25 2.02E-18 1.71E-14 2.93E-13 6.99E-13
 1.04E-12 1.48E-12 1.82E-12 1.88E-12 1.67E-12 1.50E-12
 1.00E-74 1.00E-74 1.13E-38 4.01E-25 2.02E-18 1.71E-14 2.93E-13 6.99E-13
 1.04E-12 1.48E-12 1.82E-12 1.88E-12 1.67E-12 1.50E-12
 1.00E-74 1.00E-74 1.13E-38 4.00E-25 2.02E-18 1.70E-14 2.92E-13 6.98E-13
 1.04E-12 1.48E-12 1.81E-12 1.87E-12 1.67E-12 1.50E-12
 1.00E-74 1.00E-74 1.13E-38 3.97E-25 1.99E-18 1.67E-14 2.88E-13 6.87E-13
 1.03E-12 1.46E-12 1.79E-12 1.86E-12 1.66E-12 1.49E-12
  81.5474    7  14 /pl=01:ss=15:pb= 1:sz=15/type=excit/ispb = t/isel =   39
 1.00E+10 1.00E+11 1.00E+12 1.00E+13 1.00E+14 1.00E+15 1.00E+16
 4.41E+00 6.62E+00 1.10E+01 2.21E+01 4.41E+01 1.10E+02 2.21E+02 3.31E+02
 4.41E+02 6.62E+02 1.10E+03 2.21E+03 4.41E+03 6.62E+03
 1.00E-74 1.00E-74 1.00E-74 1.67E-29 2.64E-21 1.73E-16 5.86E-15 1.78E-14
 3.02E-14 4.97E-14 7.18E-14 9.11E-14 9.98E-14 1.00E-13
 1.00E-74 1.00E-74 4.88E-46 1.67E-29 2.64E-21 1.73E-16 5.86E-15 1.78E-14
 3.02E-14 4.97E-14 7.18E-14 9.11E-14 9.98E-14 1.00E-13
 1.00E-74 1.00E-74 4.88E-46 1.67E-29 2.64E-21 1.73E-16 5.86E-15 1.78E-14
 3.02E-14 4.97E-14 7.18E-14 9.11E-14 9.98E-14 1.00E-13
 1.00E-74 1.00E-74 4.78E-46 1.67E-29 2.64E-21 1.73E-16 5.86E-15 1.78E-14
 3.02E-14 4.97E-14 7.18E-14 9.11E-14 9.98E-14 1.00E-13
 1.00E-74 1.00E-74 4.79E-46 1.67E-29 2.65E-21 1.73E-16 5.86E-15 1.78E-14
 3.02E-14 4.97E-14 7.18E-14 9.11E-14 9.97E-14 1.00E-13
 1.00E-74 1.00E-74 4.83E-46 1.68E-29 2.65E-21 1.73E-16 5.87E-15 1.78E-14
 3.02E-14 4.97E-14 7.17E-14 9.10E-14 9.96E-14 1.00E-13
 1.00E-74 1.00E-74 5.11E-46 1.74E-29 2.70E-21 1.75E-16 5.88E-15 1.78E-14
 3.02E-14 4.95E-14 7.13E-14 9.02E-14 9.86E-14 9.91E-14
  83.5328    7  14 /pl=01:ss=15:pb= 1:sz=15/type=excit/ispb = t/isel =   40
 1.00E+10 1.00E+11 1.00E+12 1.00E+13 1.00E+14 1.00E+15 1.00E+16
 4.41E+00 6.62E+00 1.10E+01 2.21E+01 4.41E+01 1.10E+02 2.21E+02 3.31E+02
 4.41E+02 6.62E+02 1.10E+03 2.21E+03 4.41E+03 6.62E+03
 1.00E-74 1.00E-74 1.00E-74 2.30E-29 3.63E-21 2.36E-16 7.82E-15 2.30E-14
 3.78E-14 5.90E-14 7.63E-14 7.98E-14 6.89E-14 6.00E-14
 1.00E-74 1.00E-74 4.92E-46 2.30E-29 3.63E-21 2.36E-16 7.82E-15 2.30E-14
 3.78E-14 5.90E-14 7.63E-14 7.98E-14 6.89E-14 6.00E-14
 1.00E-74 1.00E-74 6.39E-46 2.30E-29 3.63E-21 2.36E-16 7.82E-15 2.30E-14
 3.78E-14 5.90E-14 7.63E-14 7.98E-14 6.89E-14 6.00E-14
 1.00E-74 1.00E-74 6.49E-46 2.30E-29 3.63E-21 2.37E-16 7.82E-15 2.30E-14
 3.78E-14 5.90E-14 7.63E-14 7.98E-14 6.89E-14 6.00E-14
 1.00E-74 1.00E-74 6.52E-46 2.31E-29 3.64E-21 2.37E-16 7.83E-15 2.30E-14
 3.78E-14 5.90E-14 7.64E-14 7.99E-14 6.89E-14 6.00E-14
 1.00E-74 1.00E-74 6.67E-46 2.34E-29 3.68E-21 2.38E-16 7.87E-15 2.31E-14
 3.80E-14 5.93E-14 7.67E-14 8.02E-14 6.92E-14 6.02E-14
 1.00E-74 1.00E-74 8.09E-46 2.70E-29 4.07E-21 2.55E-16 8.28E-15 2.42E-14
 3.97E-14 6.16E-14 7.95E-14 8.30E-14 7.16E-14 6.23E-14
  98.2742    7  14 /pl=01:ss=15:pb= 1:sz=15/type=excit/ispb = t/isel =   41
 1.00E+10 1.00E+11 1.00E+12 1.00E+13 1.00E+14 1.00E+15 1.00E+16
 4.41E+00 6.62E+00 1.10E+01 2.21E+01 4.41E+01 1.10E+02 2.21E+02 3.31E+02
 4.41E+02 6.62E+02 1.10E+03 2.21E+03 4.41E+03 6.62E+03
 1.00E-74 1.00E-74 7.60E-45 9.50E-29 8.44E-21 3.92E-16 1.19E-14 3.49E-14
 5.80E-14 9.37E-14 1.33E-13 1.68E-13 1.82E-13 1.83E-13
 1.00E-74 1.00E-74 8.73E-45 9.50E-29 8.44E-21 3.92E-16 1.19E-14 3.49E-14
 5.80E-14 9.37E-14 1.33E-13 1.68E-13 1.82E-13 1.83E-13
 1.00E-74 1.00E-74 8.70E-45 9.50E-29 8.44E-21 3.92E-16 1.19E-14 3.49E-14
 5.80E-14 9.37E-14 1.33E-13 1.68E-13 1.82E-13 1.83E-13
 1.00E-74 1.00E-74 8.69E-45 9.50E-29 8.44E-21 3.92E-16 1.19E-14 3.49E-14
 5.80E-14 9.37E-14 1.33E-13 1.68E-13 1.82E-13 1.83E-13
 1.00E-74 1.00E-74 8.70E-45 9.50E-29 8.44E-21 3.92E-16 1.19E-14 3.49E-14
 5.80E-14 9.37E-14 1.33E-13 1.68E-13 1.82E-13 1.83E-13
 1.00E-74 1.00E-74 8.75E-45 9.54E-29 8.45E-21 3.93E-16 1.19E-14 3.49E-14
 5.80E-14 9.37E-14 1.33E-13 1.68E-13 1.82E-13 1.82E-13
 1.00E-74 1.00E-74 9.26E-45 9.86E-29 8.58E-21 3.94E-16 1.19E-14 3.48E-14
 5.78E-14 9.32E-14 1.32E-13 1.67E-13 1.80E-13 1.81E-13
  101.032    7  14 /pl=01:ss=15:pb= 1:sz=15/type=excit/ispb = t/isel =   42
 1.00E+10 1.00E+11 1.00E+12 1.00E+13 1.00E+14 1.00E+15 1.00E+16
 4.41E+00 6.62E+00 1.10E+01 2.21E+01 4.41E+01 1.10E+02 2.21E+02 3.31E+02
 4.41E+02 6.62E+02 1.10E+03 2.21E+03 4.41E+03 6.62E+03
 1.00E-74 1.00E-74 1.58E-44 1.33E-28 1.18E-20 5.38E-16 1.59E-14 4.50E-14
 7.29E-14 1.11E-13 1.43E-13 1.48E-13 1.27E-13 1.11E-13
 1.00E-74 1.00E-74 1.18E-44 1.33E-28 1.18E-20 5.38E-16 1.59E-14 4.50E-14
 7.29E-14 1.11E-13 1.43E-13 1.48E-13 1.27E-13 1.11E-13
 1.00E-74 1.00E-74 1.21E-44 1.33E-28 1.18E-20 5.38E-16 1.59E-14 4.50E-14
 7.29E-14 1.11E-13 1.43E-13 1.48E-13 1.27E-13 1.11E-13
 1.00E-74 1.00E-74 1.21E-44 1.33E-28 1.18E-20 5.38E-16 1.59E-14 4.50E-14
 7.29E-14 1.11E-13 1.43E-13 1.48E-13 1.27E-13 1.11E-13
 1.00E-74 1.00E-74 1.21E-44 1.33E-28 1.18E-20 5.38E-16 1.59E-14 4.50E-14
 7.29E-14 1.11E-13 1.43E-13 1.48E-13 1.27E-13 1.11E-13
 1.00E-74 1.00E-74 1.23E-44 1.35E-28 1.19E-20 5.41E-16 1.60E-14 4.52E-14
 7.32E-14 1.11E-13 1.43E-13 1.48E-13 1.28E-13 1.12E-13
 1.00E-74 1.00E-74 1.44E-44 1.51E-28 1.28E-20 5.68E-16 1.66E-14 4.67E-14
 7.54E-14 1.14E-13 1.47E-13 1.52E-13 1.31E-13 1.14E-13
  102.362    7  14 /pl=01:ss=15:pb= 1:sz=15/type=excit/ispb = t/isel =   43
 1.00E+10 1.00E+11 1.00E+12 1.00E+13 1.00E+14 1.00E+15 1.00E+16
 4.41E+00 6.62E+00 1.10E+01 2.21E+01 4.41E+01 1.10E+02 2.21E+02 3.31E+02
 4.41E+02 6.62E+02 1.10E+03 2.21E+03 4.41E+03 6.62E+03
 1.00E-74 1.00E-74 1.27E-44 1.23E-28 1.06E-20 4.78E-16 1.41E-14 4.00E-14
 6.50E-14 1.01E-13 1.31E-13 1.39E-13 1.24E-13 1.10E-13
 1.00E-74 1.00E-74 1.18E-44 1.23E-28 1.06E-20 4.78E-16 1.41E-14 4.00E-14
 6.50E-14 1.01E-13 1.31E-13 1.39E-13 1.24E-13 1.10E-13
 1.00E-74 1.00E-74 1.19E-44 1.23E-28 1.06E-20 4.78E-16 1.41E-14 4.00E-14
 6.50E-14 1.01E-13 1.31E-13 1.39E-13 1.24E-13 1.10E-13
 1.00E-74 1.00E-74 1.19E-44 1.23E-28 1.06E-20 4.78E-16 1.41E-14 4.00E-14
 6.50E-14 1.01E-13 1.31E-13 1.39E-13 1.24E-13 1.10E-13
 1.00E-74 1.00E-74 1.19E-44 1.23E-28 1.06E-20 4.78E-16 1.41E-14 4.00E-14
 6.50E-14 1.01E-13 1.31E-13 1.39E-13 1.24E-13 1.10E-13
 1.00E-74 1.00E-74 1.19E-44 1.23E-28 1.06E-20 4.75E-16 1.41E-14 3.98E-14
 6.48E-14 1.00E-13 1.30E-13 1.39E-13 1.24E-13 1.10E-13
 1.00E-74 1.00E-74 1.13E-44 1.17E-28 1.01E-20 4.55E-16 1.36E-14 3.85E-14
 6.29E-14 9.77E-14 1.27E-13 1.37E-13 1.22E-13 1.09E-13
  149.048    7  14 /pl=01:ss=15:pb= 1:sz=15/type=excit/ispb = t/isel =   44
 1.00E+10 1.00E+11 1.00E+12 1.00E+13 1.00E+14 1.00E+15 1.00E+16
 4.41E+00 6.62E+00 1.10E+01 2.21E+01 4.41E+01 1.10E+02 2.21E+02 3.31E+02
 4.41E+02 6.62E+02 1.10E+03 2.21E+03 4.41E+03 6.62E+03
 1.00E-74 1.00E-74 8.09E-43 1.26E-27 4.28E-20 1.13E-15 2.88E-14 7.93E-14
 1.28E-13 2.02E-13 2.81E-13 3.48E-13 3.74E-13 3.74E-13
 1.00E-74 1.00E-74 8.08E-43 1.26E-27 4.28E-20 1.13E-15 2.88E-14 7.93E-14
 1.28E-13 2.02E-13 2.81E-13 3.48E-13 3.74E-13 3.74E-13
 1.00E-74 1.00E-74 8.08E-43 1.26E-27 4.28E-20 1.13E-15 2.88E-14 7.93E-14
 1.28E-13 2.02E-13 2.81E-13 3.48E-13 3.74E-13 3.74E-13
 1.00E-74 1.00E-74 8.08E-43 1.26E-27 4.28E-20 1.13E-15 2.88E-14 7.93E-14
 1.28E-13 2.02E-13 2.81E-13 3.48E-13 3.74E-13 3.74E-13
 1.00E-74 1.00E-74 8.09E-43 1.26E-27 4.28E-20 1.13E-15 2.88E-14 7.93E-14
 1.28E-13 2.02E-13 2.81E-13 3.48E-13 3.74E-13 3.74E-13
 1.00E-74 1.00E-74 8.13E-43 1.27E-27 4.29E-20 1.14E-15 2.88E-14 7.93E-14
 1.28E-13 2.02E-13 2.81E-13 3.48E-13 3.74E-13 3.74E-13
 1.00E-74 1.00E-74 8.58E-43 1.31E-27 4.35E-20 1.14E-15 2.87E-14 7.90E-14
 1.28E-13 2.01E-13 2.80E-13 3.46E-13 3.72E-13 3.72E-13
  154.833    7  14 /pl=01:ss=15:pb= 1:sz=15/type=excit/ispb = t/isel =   45
 1.00E+10 1.00E+11 1.00E+12 1.00E+13 1.00E+14 1.00E+15 1.00E+16
 4.41E+00 6.62E+00 1.10E+01 2.21E+01 4.41E+01 1.10E+02 2.21E+02 3.31E+02
 4.41E+02 6.62E+02 1.10E+03 2.21E+03 4.41E+03 6.62E+03
 1.00E-74 1.00E-74 1.19E-42 1.89E-27 6.36E-20 1.63E-15 3.98E-14 1.06E-13
 1.66E-13 2.46E-13 3.07E-13 3.14E-13 2.69E-13 2.35E-13
 1.00E-74 1.00E-74 1.18E-42 1.89E-27 6.36E-20 1.63E-15 3.98E-14 1.06E-13
 1.66E-13 2.46E-13 3.07E-13 3.14E-13 2.69E-13 2.35E-13
 1.00E-74 1.00E-74 1.18E-42 1.89E-27 6.36E-20 1.63E-15 3.98E-14 1.06E-13
 1.66E-13 2.46E-13 3.07E-13 3.14E-13 2.69E-13 2.35E-13
 1.00E-74 1.00E-74 1.18E-42 1.89E-27 6.36E-20 1.63E-15 3.98E-14 1.06E-13
 1.66E-13 2.46E-13 3.07E-13 3.14E-13 2.69E-13 2.35E-13
 1.00E-74 1.00E-74 1.18E-42 1.89E-27 6.36E-20 1.63E-15 3.98E-14 1.06E-13
 1.66E-13 2.46E-13 3.07E-13 3.14E-13 2.69E-13 2.35E-13
 1.00E-74 1.00E-74 1.20E-42 1.91E-27 6.41E-20 1.64E-15 3.99E-14 1.06E-13
 1.66E-13 2.46E-13 3.08E-13 3.15E-13 2.70E-13 2.36E-13
 1.00E-74 1.00E-74 1.39E-42 2.11E-27 6.85E-20 1.71E-15 4.12E-14 1.09E-13
 1.71E-13 2.52E-13 3.15E-13 3.21E-13 2.75E-13 2.40E-13
  159.530    7  14 /pl=01:ss=15:pb= 1:sz=15/type=excit/ispb = t/isel =   46
 1.00E+10 1.00E+11 1.00E+12 1.00E+13 1.00E+14 1.00E+15 1.00E+16
 4.41E+00 6.62E+00 1.10E+01 2.21E+01 4.41E+01 1.10E+02 2.21E+02 3.31E+02
 4.41E+02 6.62E+02 1.10E+03 2.21E+03 4.41E+03 6.62E+03
 1.00E-74 1.00E-74 2.69E-43 4.19E-28 1.42E-20 3.77E-16 9.56E-15 2.63E-14
 4.25E-14 6.69E-14 9.33E-14 1.15E-13 1.24E-13 1.24E-13
 1.00E-74 1.00E-74 2.68E-43 4.19E-28 1.42E-20 3.77E-16 9.56E-15 2.63E-14
 4.25E-14 6.69E-14 9.33E-14 1.15E-13 1.24E-13 1.24E-13
 1.00E-74 1.00E-74 2.68E-43 4.19E-28 1.42E-20 3.77E-16 9.56E-15 2.63E-14
 4.25E-14 6.69E-14 9.33E-14 1.15E-13 1.24E-13 1.24E-13
 1.00E-74 1.00E-74 2.68E-43 4.19E-28 1.42E-20 3.77E-16 9.56E-15 2.63E-14
 4.25E-14 6.69E-14 9.33E-14 1.15E-13 1.24E-13 1.24E-13
 1.00E-74 1.00E-74 2.68E-43 4.19E-28 1.42E-20 3.77E-16 9.56E-15 2.63E-14
 4.25E-14 6.69E-14 9.33E-14 1.15E-13 1.24E-13 1.24E-13
 1.00E-74 1.00E-74 2.70E-43 4.20E-28 1.42E-20 3.77E-16 9.55E-15 2.63E-14
 4.25E-14 6.69E-14 9.32E-14 1.15E-13 1.24E-13 1.24E-13
 1.00E-74 1.00E-74 2.85E-43 4.34E-28 1.44E-20 3.77E-16 9.53E-15 2.62E-14
 4.23E-14 6.66E-14 9.27E-14 1.15E-13 1.23E-13 1.23E-13
  160.386    7  14 /pl=01:ss=15:pb= 1:sz=15/type=excit/ispb = t/isel =   47
 1.00E+10 1.00E+11 1.00E+12 1.00E+13 1.00E+14 1.00E+15 1.00E+16
 4.41E+00 6.62E+00 1.10E+01 2.21E+01 4.41E+01 1.10E+02 2.21E+02 3.31E+02
 4.41E+02 6.62E+02 1.10E+03 2.21E+03 4.41E+03 6.62E+03
 1.00E-74 1.00E-74 1.51E-42 2.15E-27 6.86E-20 1.73E-15 4.20E-14 1.13E-13
 1.77E-13 2.65E-13 3.38E-13 3.58E-13 3.18E-13 2.85E-13
 1.00E-74 1.00E-74 1.51E-42 2.15E-27 6.86E-20 1.73E-15 4.20E-14 1.13E-13
 1.77E-13 2.65E-13 3.38E-13 3.58E-13 3.18E-13 2.85E-13
 1.00E-74 1.00E-74 1.51E-42 2.15E-27 6.86E-20 1.73E-15 4.20E-14 1.13E-13
 1.77E-13 2.65E-13 3.38E-13 3.58E-13 3.18E-13 2.85E-13
 1.00E-74 1.00E-74 1.51E-42 2.15E-27 6.86E-20 1.73E-15 4.20E-14 1.13E-13
 1.77E-13 2.65E-13 3.38E-13 3.58E-13 3.18E-13 2.85E-13
 1.00E-74 1.00E-74 1.51E-42 2.15E-27 6.85E-20 1.73E-15 4.20E-14 1.13E-13
 1.77E-13 2.65E-13 3.38E-13 3.58E-13 3.18E-13 2.85E-13
 1.00E-74 1.00E-74 1.51E-42 2.14E-27 6.84E-20 1.72E-15 4.19E-14 1.12E-13
 1.77E-13 2.64E-13 3.37E-13 3.58E-13 3.18E-13 2.85E-13
 1.00E-74 1.00E-74 1.50E-42 2.11E-27 6.68E-20 1.68E-15 4.10E-14 1.10E-13
 1.73E-13 2.60E-13 3.33E-13 3.54E-13 3.15E-13 2.83E-13
  275.799    7  14 /pl=01:ss=15:pb= 1:sz=15/type=excit/ispb = t/isel =   48
 1.00E+10 1.00E+11 1.00E+12 1.00E+13 1.00E+14 1.00E+15 1.00E+16
 4.41E+00 6.62E+00 1.10E+01 2.21E+01 4.41E+01 1.10E+02 2.21E+02 3.31E+02
 4.41E+02 6.62E+02 1.10E+03 2.21E+03 4.41E+03 6.62E+03
 1.00E-74 1.00E-74 3.90E-45 4.87E-29 4.33E-21 2.01E-16 6.11E-15 1.79E-14
 2.98E-14 4.81E-14 6.83E-14 8.60E-14 9.32E-14 9.37E-14
 1.00E-74 1.00E-74 4.48E-45 4.87E-29 4.33E-21 2.01E-16 6.11E-15 1.79E-14
 2.98E-14 4.81E-14 6.83E-14 8.60E-14 9.32E-14 9.37E-14
 1.00E-74 1.00E-74 4.46E-45 4.87E-29 4.33E-21 2.01E-16 6.11E-15 1.79E-14
 2.98E-14 4.81E-14 6.83E-14 8.60E-14 9.32E-14 9.37E-14
 1.00E-74 1.00E-74 4.46E-45 4.87E-29 4.33E-21 2.01E-16 6.11E-15 1.79E-14
 2.98E-14 4.81E-14 6.83E-14 8.60E-14 9.32E-14 9.37E-14
 1.00E-74 1.00E-74 4.46E-45 4.87E-29 4.33E-21 2.01E-16 6.11E-15 1.79E-14
 2.98E-14 4.81E-14 6.83E-14 8.60E-14 9.32E-14 9.37E-14
 1.00E-74 1.00E-74 4.49E-45 4.89E-29 4.34E-21 2.01E-16 6.11E-15 1.79E-14
 2.98E-14 4.80E-14 6.83E-14 8.60E-14 9.31E-14 9.36E-14
 1.00E-74 1.00E-74 4.75E-45 5.06E-29 4.40E-21 2.02E-16 6.11E-15 1.78E-14
 2.97E-14 4.78E-14 6.79E-14 8.54E-14 9.25E-14 9.30E-14
  296.309    7  14 /pl=01:ss=15:pb= 1:sz=15/type=excit/ispb = t/isel =   49
 1.00E+10 1.00E+11 1.00E+12 1.00E+13 1.00E+14 1.00E+15 1.00E+16
 4.41E+00 6.62E+00 1.10E+01 2.21E+01 4.41E+01 1.10E+02 2.21E+02 3.31E+02
 4.41E+02 6.62E+02 1.10E+03 2.21E+03 4.41E+03 6.62E+03
 1.00E-74 1.00E-74 9.58E-45 9.30E-29 8.04E-21 3.61E-16 1.07E-14 3.02E-14
 4.91E-14 7.59E-14 9.86E-14 1.05E-13 9.34E-14 8.30E-14
 1.00E-74 1.00E-74 8.95E-45 9.30E-29 8.04E-21 3.61E-16 1.07E-14 3.02E-14
 4.91E-14 7.59E-14 9.86E-14 1.05E-13 9.34E-14 8.30E-14
 1.00E-74 1.00E-74 9.01E-45 9.30E-29 8.04E-21 3.61E-16 1.07E-14 3.02E-14
 4.91E-14 7.59E-14 9.86E-14 1.05E-13 9.34E-14 8.30E-14
 1.00E-74 1.00E-74 9.01E-45 9.30E-29 8.04E-21 3.61E-16 1.07E-14 3.02E-14
 4.91E-14 7.59E-14 9.86E-14 1.05E-13 9.34E-14 8.30E-14
 1.00E-74 1.00E-74 9.01E-45 9.30E-29 8.03E-21 3.61E-16 1.07E-14 3.02E-14
 4.91E-14 7.59E-14 9.86E-14 1.05E-13 9.34E-14 8.30E-14
 1.00E-74 1.00E-74 8.96E-45 9.25E-29 7.99E-21 3.59E-16 1.06E-14 3.01E-14
 4.89E-14 7.57E-14 9.84E-14 1.05E-13 9.33E-14 8.29E-14
 1.00E-74 1.00E-74 8.56E-45 8.82E-29 7.61E-21 3.44E-16 1.02E-14 2.91E-14
 4.75E-14 7.37E-14 9.62E-14 1.03E-13 9.22E-14 8.21E-14
  363.446    7  14 /pl=01:ss=15:pb= 1:sz=15/type=excit/ispb = t/isel =   50
 1.00E+10 1.00E+11 1.00E+12 1.00E+13 1.00E+14 1.00E+15 1.00E+16
 4.41E+00 6.62E+00 1.10E+01 2.21E+01 4.41E+01 1.10E+02 2.21E+02 3.31E+02
 4.41E+02 6.62E+02 1.10E+03 2.21E+03 4.41E+03 6.62E+03
 8.04E-12 8.70E-11 5.36E-10 1.83E-09 2.98E-09 3.33E-09 3.06E-09 2.84E-09
 2.65E-09 2.41E-09 2.08E-09 1.67E-09 1.31E-09 1.13E-09
 8.04E-12 8.70E-11 5.36E-10 1.83E-09 2.98E-09 3.33E-09 3.06E-09 2.84E-09
 2.65E-09 2.41E-09 2.08E-09 1.67E-09 1.31E-09 1.13E-09
 8.04E-12 8.70E-11 5.36E-10 1.83E-09 2.98E-09 3.33E-09 3.06E-09 2.84E-09
 2.65E-09 2.41E-09 2.08E-09 1.67E-09 1.31E-09 1.13E-09
 8.04E-12 8.70E-11 5.36E-10 1.83E-09 2.98E-09 3.33E-09 3.06E-09 2.84E-09
 2.65E-09 2.41E-09 2.08E-09 1.67E-09 1.31E-09 1.13E-09
 8.04E-12 8.70E-11 5.35E-10 1.83E-09 2.98E-09 3.33E-09 3.06E-09 2.84E-09
 2.65E-09 2.41E-09 2.07E-09 1.67E-09 1.31E-09 1.13E-09
 8.01E-12 8.67E-11 5.34E-10 1.83E-09 2.97E-09 3.32E-09 3.05E-09 2.83E-09
 2.65E-09 2.40E-09 2.07E-09 1.66E-09 1.31E-09 1.13E-09
 7.71E-12 8.40E-11 5.19E-10 1.78E-09 2.87E-09 3.22E-09 2.97E-09 2.76E-09
 2.59E-09 2.35E-09 2.04E-09 1.64E-09 1.29E-09 1.12E-09
c-------------------------------------------------------------------------------
 
C  root partition information
C  ==========================
C
C  nuclear charge : 18
C  ion charge+1   : 16
C
C  population calculation information
C  ----------------------------------
C
C  population processing code: adas810
C
C  adf04 source file    : adf04_copmm#18_ca_40#ar15_t3.dat
C  adf18/a17_p208 file  : NULL
C
C  meta. ion. coeff. selector  : 
 
C  options  : lnorm =T  lpsel =F  lzsel =T  liosel=F
C           : lhsel =F  lrsel =F  lisel =F  lnsel =F
 
C  energy levels
C  -------------
C
C   lv      configuration    (2S+1)L(w-1/2)      energy (cm^-1)
C  ---   ------------------- --------------      --------------
c    1   12                     (0)0(  0.5)             0.0
c    2   13                     (0)0(  2.5)        275144.2
c    3   14                     (0)0(  0.5)       4181626.1
c    4   15                     (0)0(  2.5)       4258036.1
c    5   16                     (0)0(  4.5)       4287983.4
c    6   17                     (0)0(  0.5)       5612435.3
c    7   18                     (0)0(  2.5)       5643919.0
c    8   19                     (0)0(  4.5)       5656516.8
c    9   1B                     (0)0(  0.5)       6267413.2
c   10   1C                     (0)0(  2.5)       6283358.0
c   11   1D                     (0)0(  4.5)       6289777.6
c   12   1G                     (0)0(  0.5)       6620843.9
c   13   1H                     (0)0(  2.5)       6629996.0
c   14   1I                     (0)0(  4.5)       6633705.2
c   15   1M                     (0)0(  0.5)       6832977.0
c   16   1N                     (0)0(  2.5)       6838716.3
c   17   1O                     (0)0(  4.5)       6841053.7
c   18   11522                  (0)0(  0.5)      24912947.8
c   19   11512513               (0)0( 11.5)      25054980.8
c   20   11512514               (0)0(  3.5)      29212025.7
c   21   11512515               (0)0( 11.5)      29283859.7
c   22   11512517               (0)0(  3.5)      30681473.4
c   23   11512518               (0)0( 11.5)      30710586.7
c   24   1151251B               (0)0(  3.5)      31348500.4
c   25   1151251C               (0)0( 11.5)      31363161.3
c   26   1151251G               (0)0(  3.5)      31706902.3
c   27   1151251H               (0)0( 11.5)      31715297.2
c   28   1151251M               (0)0(  3.5)      31921493.5
c   29   1151251N               (0)0( 11.5)      31926749.9
 
 
 
c-------------------------------------------------------------------------------
 
C  superstage partition information
C  ================================
C
C  element symbol   : Ar
C  parent template  : 
C  partition level  :  1
C  superstage label : 15
C
C  tabulation       : photon emissivity coefft (te,ne)
C  units            : ph. emis coef(cm^3 s^-1); te (ev); ne (cm^-3)
C
C  photon emissivity atomic transitions
C  ------------------------------------
C  
C   isel  wvlen(A)            transition                type  ispb nspb
C                                                             ispp nspp sz    tg pr wr
C  ----- ---------- ----------------------------------- ----- ---- ---- --    -- -- --
C      1   3.13217   29(0)0( 11.5)-  1(0)0(  0.5)       excit   1    1  15    28 47  1
C      2   3.15305   27(0)0( 11.5)-  1(0)0(  0.5)       excit   1    1  15    26 38  2
C      3   3.18845   25(0)0( 11.5)-  1(0)0(  0.5)       excit   1    1  15    24 32  3
C      4   3.25621   23(0)0( 11.5)-  1(0)0(  0.5)       excit   1    1  15    22 21  4
C      5   3.41485   21(0)0( 11.5)-  1(0)0(  0.5)       excit   1    1  15    20 13  5
C      6   3.99122   19(0)0( 11.5)-  1(0)0(  0.5)       excit   1    1  15    18  5  6
C      7   14.6226   16(0)0(  2.5)-  1(0)0(  0.5)       excit   1    1  15    15 20  7
C      8   15.0830   13(0)0(  2.5)-  1(0)0(  0.5)       excit   1    1  15    12 15  8
C      9   15.2302   17(0)0(  4.5)-  2(0)0(  2.5)       excit   1    1  15    43 23  9
C     10   15.2489   15(0)0(  0.5)-  2(0)0(  2.5)       excit   1    1  15    41 39 10
C     11   15.7268   14(0)0(  4.5)-  2(0)0(  2.5)       excit   1    1  15    40 16 11
C     12   15.7587   12(0)0(  0.5)-  2(0)0(  2.5)       excit   1    1  15    38 31 12
C     13   15.9151   10(0)0(  2.5)-  1(0)0(  0.5)       excit   1    1  15     9  8 13
C     14   16.6261   11(0)0(  4.5)-  2(0)0(  2.5)       excit   1    1  15    37 12 14
C     15   16.6882    9(0)0(  0.5)-  2(0)0(  2.5)       excit   1    1  15    35 19 15
C     16   17.2484   23(0)0( 11.5)- 18(0)0(  0.5)       excit   1    1  15   161 49 16
C     17   17.7182    7(0)0(  2.5)-  1(0)0(  0.5)       excit   1    1  15     6  6 17
C     18   18.5826    8(0)0(  4.5)-  2(0)0(  2.5)       excit   1    1  15    34  7 18
C     19   18.7361    6(0)0(  0.5)-  2(0)0(  2.5)       excit   1    1  15    32  9 19
C     20   22.8785   21(0)0( 11.5)- 18(0)0(  0.5)       excit   1    1  15   159 33 20
C     21   23.4850    4(0)0(  2.5)-  1(0)0(  0.5)       excit   1    1  15     3  3 21
C     22   24.0555   20(0)0(  3.5)- 19(0)0( 11.5)       excit   1    1  15   168 25 22
C     23   24.9200    5(0)0(  4.5)-  2(0)0(  2.5)       excit   1    1  15    31  2 23
C     24   25.5985    3(0)0(  0.5)-  2(0)0(  2.5)       excit   1    1  15    29  4 24
C     25   37.6352   16(0)0(  2.5)-  3(0)0(  0.5)       excit   1    1  15    57 34 25
C     26   38.7144   17(0)0(  4.5)-  4(0)0(  2.5)       excit   1    1  15    71 37 26
C     27   38.8358   15(0)0(  0.5)-  4(0)0(  2.5)       excit   1    1  15    69 46 27
C     28   40.8435   13(0)0(  2.5)-  3(0)0(  0.5)       excit   1    1  15    54 24 28
C     29   42.0934   14(0)0(  4.5)-  4(0)0(  2.5)       excit   1    1  15    68 29 29
C     30   42.3225   12(0)0(  0.5)-  4(0)0(  2.5)       excit   1    1  15    66 35 30
C     31   47.5798   10(0)0(  2.5)-  3(0)0(  0.5)       excit   1    1  15    51 17 31
C     32   49.2189   11(0)0(  4.5)-  4(0)0(  2.5)       excit   1    1  15    65 18 32
C     33   49.7667    9(0)0(  0.5)-  4(0)0(  2.5)       excit   1    1  15    63 22 33
C     34   50.1159   10(0)0(  2.5)-  5(0)0(  4.5)       excit   1    1  15    77 45 34
C     35   68.3858    7(0)0(  2.5)-  3(0)0(  0.5)       excit   1    1  15    48 10 35
C     36   71.5062    8(0)0(  4.5)-  4(0)0(  2.5)       excit   1    1  15    62 11 36
C     37   73.7498    7(0)0(  2.5)-  5(0)0(  4.5)       excit   1    1  15    74 27 37
C     38   73.8335    6(0)0(  0.5)-  4(0)0(  2.5)       excit   1    1  15    60 14 38
C     39   81.5474   16(0)0(  2.5)-  6(0)0(  0.5)       excit   1    1  15    94 44 39
C     40   83.5328   17(0)0(  4.5)-  7(0)0(  2.5)       excit   1    1  15   105 50 40
C     41   98.2742   13(0)0(  2.5)-  6(0)0(  0.5)       excit   1    1  15    91 36 41
C     42   101.032   14(0)0(  4.5)-  7(0)0(  2.5)       excit   1    1  15   102 40 42
C     43   102.362   12(0)0(  0.5)-  7(0)0(  2.5)       excit   1    1  15   100 41 43
C     44   149.048   10(0)0(  2.5)-  6(0)0(  0.5)       excit   1    1  15    88 26 44
C     45   154.833   11(0)0(  4.5)-  7(0)0(  2.5)       excit   1    1  15    99 30 45
C     46   159.530   10(0)0(  2.5)-  8(0)0(  4.5)       excit   1    1  15   108 42 46
C     47   160.386    9(0)0(  0.5)-  7(0)0(  2.5)       excit   1    1  15    97 28 47
C     48   275.799   13(0)0(  2.5)-  9(0)0(  0.5)       excit   1    1  15   119 48 48
C     49   296.309   12(0)0(  0.5)- 10(0)0(  2.5)       excit   1    1  15   125 43 49
C     50   363.446    2(0)0(  2.5)-  1(0)0(  0.5)       excit   1    1  15     1  1 50
c-------------------------------------------------------------------------------
                                                                                
C  code     : adas810
C  producer : Adam Foster
C  date     : 13/05/09
                                                                                
c-------------------------------------------------------------------------------
