   50    /Ar: 3 photon emissivity coefficients/
--------------------------------------------------------------------------------
    1    1    1    1    1    1    1    1    1    1    1    1    1    1
    1    1    1    1    1
--------------------------------------------------------------------------------
//#01/p00/ 00/p01/ 01/p02/ 02/p03/ 03/p04/ 04/p05/ 05/p06/ 06/p07/ 07/p08/ 08/  
      p09/ 09/p10/ 10/p11/ 11/p12/ 12/p13/ 13/p14/ 14/p15/ 15/p16/ 16/p17/ 17/  
      p18/ 18/                                                                  
--------------------------------------------------------------------------------
  202.068    7  14 /pl=01:ss= 3:pb= 1:sz= 3/type=excit/ispb = t/isel =    1
 1.00E+10 1.00E+11 1.00E+12 1.00E+13 1.00E+14 1.00E+15 1.00E+16
 2.76E-01 4.14E-01 6.89E-01 1.38E+00 2.76E+00 6.89E+00 1.38E+01 2.07E+01
 2.76E+01 4.14E+01 6.89E+01 1.38E+02 2.76E+02 4.14E+02
 1.00E-74 1.00E-74 1.00E-74 3.30E-29 1.20E-19 5.43E-14 3.51E-12 1.30E-11
 2.41E-11 4.25E-11 6.28E-11 7.74E-11 8.05E-11 7.95E-11
 1.00E-74 1.00E-74 1.00E-74 3.30E-29 1.20E-19 5.43E-14 3.51E-12 1.30E-11
 2.41E-11 4.25E-11 6.28E-11 7.74E-11 8.05E-11 7.95E-11
 1.00E-74 1.00E-74 2.30E-48 3.30E-29 1.20E-19 5.43E-14 3.51E-12 1.30E-11
 2.41E-11 4.25E-11 6.28E-11 7.74E-11 8.05E-11 7.95E-11
 1.00E-74 1.00E-74 2.07E-48 3.32E-29 1.21E-19 5.45E-14 3.51E-12 1.30E-11
 2.41E-11 4.26E-11 6.28E-11 7.74E-11 8.05E-11 7.95E-11
 1.00E-74 1.00E-74 2.26E-48 3.52E-29 1.26E-19 5.59E-14 3.58E-12 1.32E-11
 2.44E-11 4.30E-11 6.32E-11 7.76E-11 8.04E-11 7.93E-11
 1.00E-74 1.00E-74 4.35E-48 5.69E-29 1.77E-19 7.03E-14 4.26E-12 1.53E-11
 2.77E-11 4.78E-11 6.84E-11 8.12E-11 8.15E-11 7.91E-11
 1.00E-74 1.00E-74 3.39E-47 3.79E-28 9.40E-19 2.73E-13 1.30E-11 4.07E-11
 6.76E-11 1.04E-10 1.32E-10 1.37E-10 1.21E-10 1.08E-10
  236.171    7  14 /pl=01:ss= 3:pb= 1:sz= 3/type=excit/ispb = t/isel =    2
 1.00E+10 1.00E+11 1.00E+12 1.00E+13 1.00E+14 1.00E+15 1.00E+16
 2.76E-01 4.14E-01 6.89E-01 1.38E+00 2.76E+00 6.89E+00 1.38E+01 2.07E+01
 2.76E+01 4.14E+01 6.89E+01 1.38E+02 2.76E+02 4.14E+02
 1.00E-74 1.00E-74 3.56E-43 9.07E-27 1.23E-18 7.27E-14 2.34E-12 6.83E-12
 1.12E-11 1.74E-11 2.26E-11 2.42E-11 2.18E-11 1.97E-11
 1.00E-74 1.00E-74 3.56E-43 9.05E-27 1.22E-18 7.25E-14 2.33E-12 6.81E-12
 1.12E-11 1.73E-11 2.26E-11 2.41E-11 2.18E-11 1.97E-11
 1.00E-74 1.00E-74 3.52E-43 8.85E-27 1.19E-18 7.07E-14 2.28E-12 6.68E-12
 1.10E-11 1.71E-11 2.23E-11 2.40E-11 2.16E-11 1.96E-11
 1.00E-74 1.00E-74 3.21E-43 7.62E-27 1.00E-18 5.93E-14 1.95E-12 5.77E-12
 9.58E-12 1.51E-11 2.02E-11 2.22E-11 2.04E-11 1.87E-11
 1.00E-74 1.00E-74 2.83E-43 6.10E-27 7.50E-19 4.23E-14 1.36E-12 4.03E-12
 6.68E-12 1.06E-11 1.43E-11 1.61E-11 1.52E-11 1.41E-11
 1.00E-74 1.00E-74 5.18E-43 9.30E-27 9.53E-19 4.61E-14 1.37E-12 3.91E-12
 6.34E-12 9.75E-12 1.28E-11 1.38E-11 1.26E-11 1.15E-11
 1.00E-74 1.00E-74 1.39E-42 2.89E-26 2.93E-18 1.09E-13 2.57E-12 6.46E-12
 9.73E-12 1.38E-11 1.70E-11 1.77E-11 1.58E-11 1.43E-11
  242.675    7  14 /pl=01:ss= 3:pb= 1:sz= 3/type=excit/ispb = t/isel =    3
 1.00E+10 1.00E+11 1.00E+12 1.00E+13 1.00E+14 1.00E+15 1.00E+16
 2.76E-01 4.14E-01 6.89E-01 1.38E+00 2.76E+00 6.89E+00 1.38E+01 2.07E+01
 2.76E+01 4.14E+01 6.89E+01 1.38E+02 2.76E+02 4.14E+02
 1.00E-74 1.00E-74 2.56E-42 2.32E-26 1.87E-18 8.19E-14 2.44E-12 7.08E-12
 1.17E-11 1.88E-11 2.66E-11 3.31E-11 3.56E-11 3.57E-11
 1.00E-74 1.00E-74 2.58E-42 2.33E-26 1.88E-18 8.22E-14 2.45E-12 7.11E-12
 1.17E-11 1.89E-11 2.67E-11 3.32E-11 3.57E-11 3.57E-11
 1.00E-74 1.00E-74 2.68E-42 2.44E-26 1.97E-18 8.58E-14 2.54E-12 7.36E-12
 1.21E-11 1.94E-11 2.73E-11 3.37E-11 3.60E-11 3.60E-11
 1.00E-74 1.00E-74 3.41E-42 3.16E-26 2.56E-18 1.10E-13 3.21E-12 9.14E-12
 1.49E-11 2.33E-11 3.18E-11 3.77E-11 3.88E-11 3.81E-11
 1.00E-74 1.00E-74 5.27E-42 4.49E-26 3.46E-18 1.46E-13 4.25E-12 1.21E-11
 1.98E-11 3.09E-11 4.15E-11 4.74E-11 4.65E-11 4.43E-11
 1.00E-74 1.00E-74 1.01E-41 6.76E-26 4.23E-18 1.52E-13 4.15E-12 1.15E-11
 1.85E-11 2.83E-11 3.73E-11 4.15E-11 3.97E-11 3.73E-11
 1.00E-74 1.00E-74 2.61E-41 1.97E-25 1.21E-17 3.31E-13 7.05E-12 1.72E-11
 2.55E-11 3.57E-11 4.34E-11 4.51E-11 4.07E-11 3.69E-11
  242.765    7  14 /pl=01:ss= 3:pb= 1:sz= 3/type=excit/ispb = t/isel =    4
 1.00E+10 1.00E+11 1.00E+12 1.00E+13 1.00E+14 1.00E+15 1.00E+16
 2.76E-01 4.14E-01 6.89E-01 1.38E+00 2.76E+00 6.89E+00 1.38E+01 2.07E+01
 2.76E+01 4.14E+01 6.89E+01 1.38E+02 2.76E+02 4.14E+02
 1.00E-74 1.00E-74 2.43E-41 2.12E-25 1.77E-17 9.30E-13 3.11E-11 9.35E-11
 1.56E-10 2.50E-10 3.38E-10 3.90E-10 3.86E-10 3.74E-10
 1.00E-74 1.00E-74 2.43E-41 2.12E-25 1.77E-17 9.30E-13 3.11E-11 9.35E-11
 1.56E-10 2.50E-10 3.38E-10 3.90E-10 3.86E-10 3.74E-10
 1.00E-74 1.00E-74 2.43E-41 2.12E-25 1.77E-17 9.30E-13 3.11E-11 9.35E-11
 1.56E-10 2.50E-10 3.38E-10 3.90E-10 3.86E-10 3.74E-10
 1.00E-74 1.00E-74 2.45E-41 2.13E-25 1.78E-17 9.32E-13 3.11E-11 9.36E-11
 1.57E-10 2.50E-10 3.38E-10 3.90E-10 3.86E-10 3.74E-10
 1.00E-74 1.00E-74 2.66E-41 2.26E-25 1.85E-17 9.54E-13 3.16E-11 9.48E-11
 1.58E-10 2.52E-10 3.41E-10 3.92E-10 3.87E-10 3.75E-10
 1.00E-74 1.00E-74 4.75E-41 3.54E-25 2.59E-17 1.17E-12 3.65E-11 1.06E-10
 1.75E-10 2.73E-10 3.63E-10 4.09E-10 3.99E-10 3.83E-10
 1.00E-74 1.00E-74 2.40E-40 1.61E-24 1.00E-16 3.37E-12 8.12E-11 2.05E-10
 3.08E-10 4.34E-10 5.22E-10 5.34E-10 4.80E-10 4.41E-10
  245.182    7  14 /pl=01:ss= 3:pb= 1:sz= 3/type=excit/ispb = t/isel =    5
 1.00E+10 1.00E+11 1.00E+12 1.00E+13 1.00E+14 1.00E+15 1.00E+16
 2.76E-01 4.14E-01 6.89E-01 1.38E+00 2.76E+00 6.89E+00 1.38E+01 2.07E+01
 2.76E+01 4.14E+01 6.89E+01 1.38E+02 2.76E+02 4.14E+02
 1.00E-74 1.00E-74 8.81E-42 5.69E-26 3.98E-18 1.62E-13 4.61E-12 1.29E-11
 2.08E-11 3.17E-11 4.06E-11 4.26E-11 3.77E-11 3.38E-11
 1.00E-74 1.00E-74 8.81E-42 5.68E-26 3.97E-18 1.62E-13 4.61E-12 1.29E-11
 2.08E-11 3.16E-11 4.06E-11 4.26E-11 3.77E-11 3.38E-11
 1.00E-74 1.00E-74 8.83E-42 5.65E-26 3.93E-18 1.59E-13 4.55E-12 1.28E-11
 2.06E-11 3.13E-11 4.02E-11 4.23E-11 3.75E-11 3.36E-11
 1.00E-74 1.00E-74 8.88E-42 5.37E-26 3.61E-18 1.44E-13 4.13E-12 1.17E-11
 1.89E-11 2.90E-11 3.76E-11 4.01E-11 3.60E-11 3.24E-11
 1.00E-74 1.00E-74 8.36E-42 4.45E-26 2.74E-18 1.03E-13 2.93E-12 8.31E-12
 1.35E-11 2.11E-11 2.80E-11 3.11E-11 2.90E-11 2.66E-11
 1.00E-74 1.00E-74 1.21E-41 5.50E-26 2.82E-18 8.99E-14 2.35E-12 6.42E-12
 1.02E-11 1.55E-11 2.02E-11 2.20E-11 2.03E-11 1.86E-11
 1.00E-74 1.00E-74 2.88E-41 1.50E-25 7.59E-18 1.87E-13 3.84E-12 9.23E-12
 1.36E-11 1.90E-11 2.30E-11 2.39E-11 2.15E-11 1.94E-11
  257.384    7  14 /pl=01:ss= 3:pb= 1:sz= 3/type=excit/ispb = t/isel =    6
 1.00E+10 1.00E+11 1.00E+12 1.00E+13 1.00E+14 1.00E+15 1.00E+16
 2.76E-01 4.14E-01 6.89E-01 1.38E+00 2.76E+00 6.89E+00 1.38E+01 2.07E+01
 2.76E+01 4.14E+01 6.89E+01 1.38E+02 2.76E+02 4.14E+02
 1.00E-74 1.00E-74 3.88E-40 4.31E-25 1.24E-17 2.96E-13 7.19E-12 1.96E-11
 3.14E-11 4.89E-11 6.72E-11 8.20E-11 8.69E-11 8.63E-11
 1.00E-74 1.00E-74 3.89E-40 4.32E-25 1.24E-17 2.96E-13 7.20E-12 1.96E-11
 3.14E-11 4.89E-11 6.72E-11 8.20E-11 8.69E-11 8.63E-11
 1.00E-74 1.00E-74 3.92E-40 4.36E-25 1.25E-17 2.99E-13 7.27E-12 1.97E-11
 3.17E-11 4.92E-11 6.76E-11 8.23E-11 8.71E-11 8.65E-11
 1.00E-74 1.00E-74 4.22E-40 4.77E-25 1.38E-17 3.27E-13 7.88E-12 2.12E-11
 3.39E-11 5.23E-11 7.09E-11 8.51E-11 8.90E-11 8.79E-11
 1.00E-74 1.00E-74 6.12E-40 6.89E-25 1.96E-17 4.52E-13 1.07E-11 2.85E-11
 4.49E-11 6.78E-11 8.90E-11 1.01E-10 1.01E-10 9.71E-11
 1.00E-74 1.00E-74 1.33E-39 1.19E-24 2.76E-17 5.43E-13 1.22E-11 3.18E-11
 4.97E-11 7.45E-11 9.68E-11 1.08E-10 1.06E-10 1.00E-10
 1.00E-74 1.00E-74 3.23E-39 3.03E-24 6.58E-17 9.74E-13 1.70E-11 3.87E-11
 5.57E-11 7.62E-11 9.14E-11 9.53E-11 8.79E-11 8.11E-11
  262.485    7  14 /pl=01:ss= 3:pb= 1:sz= 3/type=excit/ispb = t/isel =    7
 1.00E+10 1.00E+11 1.00E+12 1.00E+13 1.00E+14 1.00E+15 1.00E+16
 2.76E-01 4.14E-01 6.89E-01 1.38E+00 2.76E+00 6.89E+00 1.38E+01 2.07E+01
 2.76E+01 4.14E+01 6.89E+01 1.38E+02 2.76E+02 4.14E+02
 1.00E-74 1.00E-74 1.39E-39 7.94E-25 1.70E-17 3.54E-13 8.21E-12 2.16E-11
 3.36E-11 4.95E-11 6.18E-11 6.36E-11 5.50E-11 4.86E-11
 1.00E-74 1.00E-74 1.39E-39 7.94E-25 1.70E-17 3.54E-13 8.20E-12 2.16E-11
 3.36E-11 4.95E-11 6.18E-11 6.35E-11 5.50E-11 4.86E-11
 1.00E-74 1.00E-74 1.40E-39 7.94E-25 1.70E-17 3.52E-13 8.17E-12 2.15E-11
 3.35E-11 4.93E-11 6.16E-11 6.33E-11 5.48E-11 4.85E-11
 1.00E-74 1.00E-74 1.44E-39 7.98E-25 1.67E-17 3.41E-13 7.88E-12 2.07E-11
 3.23E-11 4.77E-11 5.98E-11 6.18E-11 5.38E-11 4.77E-11
 1.00E-74 1.00E-74 1.66E-39 8.10E-25 1.53E-17 2.91E-13 6.61E-12 1.74E-11
 2.72E-11 4.05E-11 5.15E-11 5.45E-11 4.85E-11 4.35E-11
 1.00E-74 1.00E-74 2.04E-39 8.75E-25 1.39E-17 2.21E-13 4.64E-12 1.19E-11
 1.83E-11 2.71E-11 3.47E-11 3.76E-11 3.48E-11 3.19E-11
 1.00E-74 1.00E-74 3.62E-39 1.72E-24 2.71E-17 3.35E-13 5.50E-12 1.23E-11
 1.76E-11 2.39E-11 2.86E-11 2.97E-11 2.72E-11 2.49E-11
  290.907    7  14 /pl=01:ss= 3:pb= 1:sz= 3/type=excit/ispb = t/isel =    8
 1.00E+10 1.00E+11 1.00E+12 1.00E+13 1.00E+14 1.00E+15 1.00E+16
 2.76E-01 4.14E-01 6.89E-01 1.38E+00 2.76E+00 6.89E+00 1.38E+01 2.07E+01
 2.76E+01 4.14E+01 6.89E+01 1.38E+02 2.76E+02 4.14E+02
 1.00E-74 1.00E-74 3.83E-36 7.67E-23 3.05E-16 2.32E-12 3.95E-11 9.53E-11
 1.44E-10 2.13E-10 2.78E-10 3.27E-10 3.38E-10 3.32E-10
 1.00E-74 1.00E-74 3.83E-36 7.67E-23 3.05E-16 2.32E-12 3.95E-11 9.53E-11
 1.44E-10 2.13E-10 2.78E-10 3.27E-10 3.38E-10 3.32E-10
 1.00E-74 1.00E-74 3.83E-36 7.68E-23 3.06E-16 2.33E-12 3.95E-11 9.54E-11
 1.44E-10 2.13E-10 2.78E-10 3.27E-10 3.38E-10 3.32E-10
 1.00E-74 1.00E-74 3.87E-36 7.79E-23 3.11E-16 2.36E-12 3.99E-11 9.62E-11
 1.45E-10 2.14E-10 2.79E-10 3.28E-10 3.38E-10 3.32E-10
 1.00E-74 1.00E-74 4.28E-36 8.77E-23 3.54E-16 2.66E-12 4.42E-11 1.05E-10
 1.58E-10 2.30E-10 2.96E-10 3.41E-10 3.46E-10 3.38E-10
 1.00E-74 1.00E-74 7.91E-36 1.50E-22 5.57E-16 3.73E-12 5.82E-11 1.35E-10
 1.99E-10 2.82E-10 3.53E-10 3.89E-10 3.80E-10 3.63E-10
 1.00E-74 1.00E-74 2.02E-35 3.63E-22 1.18E-15 5.83E-12 7.09E-11 1.45E-10
 1.99E-10 2.61E-10 3.08E-10 3.27E-10 3.15E-10 3.00E-10
  403.591    7  14 /pl=01:ss= 3:pb= 1:sz= 3/type=excit/ispb = t/isel =    9
 1.00E+10 1.00E+11 1.00E+12 1.00E+13 1.00E+14 1.00E+15 1.00E+16
 2.76E-01 4.14E-01 6.89E-01 1.38E+00 2.76E+00 6.89E+00 1.38E+01 2.07E+01
 2.76E+01 4.14E+01 6.89E+01 1.38E+02 2.76E+02 4.14E+02
 1.00E-74 1.00E-74 2.17E-43 1.56E-26 3.52E-18 2.84E-13 1.02E-11 3.10E-11
 5.20E-11 8.32E-11 1.12E-10 1.24E-10 1.13E-10 1.02E-10
 1.00E-74 1.00E-74 2.18E-43 1.57E-26 3.54E-18 2.85E-13 1.02E-11 3.11E-11
 5.22E-11 8.34E-11 1.12E-10 1.24E-10 1.13E-10 1.02E-10
 1.00E-74 1.00E-74 2.28E-43 1.64E-26 3.67E-18 2.94E-13 1.05E-11 3.18E-11
 5.33E-11 8.50E-11 1.14E-10 1.26E-10 1.14E-10 1.03E-10
 1.00E-74 1.00E-74 2.85E-43 1.98E-26 4.35E-18 3.42E-13 1.21E-11 3.63E-11
 6.06E-11 9.58E-11 1.27E-10 1.38E-10 1.24E-10 1.10E-10
 1.00E-74 1.00E-74 4.23E-43 2.71E-26 5.71E-18 4.37E-13 1.52E-11 4.57E-11
 7.61E-11 1.20E-10 1.59E-10 1.71E-10 1.53E-10 1.36E-10
 1.00E-74 1.00E-74 1.01E-42 5.32E-26 9.39E-18 6.27E-13 2.07E-11 6.08E-11
 9.99E-11 1.55E-10 2.04E-10 2.19E-10 1.97E-10 1.76E-10
 1.00E-74 1.00E-74 2.88E-42 1.77E-25 3.09E-17 1.59E-12 4.17E-11 1.08E-10
 1.66E-10 2.40E-10 2.99E-10 3.13E-10 2.81E-10 2.52E-10
  414.722    7  14 /pl=01:ss= 3:pb= 1:sz= 3/type=excit/ispb = t/isel =   10
 1.00E+10 1.00E+11 1.00E+12 1.00E+13 1.00E+14 1.00E+15 1.00E+16
 2.76E-01 4.14E-01 6.89E-01 1.38E+00 2.76E+00 6.89E+00 1.38E+01 2.07E+01
 2.76E+01 4.14E+01 6.89E+01 1.38E+02 2.76E+02 4.14E+02
 1.00E-74 1.00E-74 2.09E-43 8.40E-27 1.42E-18 9.56E-14 3.23E-12 9.61E-12
 1.60E-11 2.51E-11 3.33E-11 3.62E-11 3.24E-11 2.89E-11
 1.00E-74 1.00E-74 2.07E-43 8.32E-27 1.40E-18 9.48E-14 3.20E-12 9.54E-12
 1.59E-11 2.50E-11 3.32E-11 3.60E-11 3.23E-11 2.88E-11
 1.00E-74 1.00E-74 1.89E-43 7.62E-27 1.29E-18 8.79E-14 2.99E-12 8.95E-12
 1.50E-11 2.36E-11 3.16E-11 3.46E-11 3.13E-11 2.80E-11
 1.00E-74 1.00E-74 1.21E-43 4.86E-27 8.27E-19 5.73E-14 2.00E-12 6.08E-12
 1.03E-11 1.67E-11 2.29E-11 2.63E-11 2.48E-11 2.29E-11
 1.00E-74 1.00E-74 7.91E-44 2.88E-27 4.60E-19 3.04E-14 1.04E-12 3.14E-12
 5.28E-12 8.52E-12 1.18E-11 1.36E-11 1.33E-11 1.25E-11
 1.00E-74 1.00E-74 1.41E-43 4.13E-27 5.42E-19 3.05E-14 9.56E-13 2.76E-12
 4.52E-12 7.02E-12 9.25E-12 1.01E-11 9.32E-12 8.51E-12
 1.00E-74 1.00E-74 3.84E-43 1.30E-26 1.69E-18 7.26E-14 1.79E-12 4.58E-12
 6.95E-12 9.96E-12 1.23E-11 1.29E-11 1.15E-11 1.04E-11
  417.859    7  14 /pl=01:ss= 3:pb= 1:sz= 3/type=excit/ispb = t/isel =   11
 1.00E+10 1.00E+11 1.00E+12 1.00E+13 1.00E+14 1.00E+15 1.00E+16
 2.76E-01 4.14E-01 6.89E-01 1.38E+00 2.76E+00 6.89E+00 1.38E+01 2.07E+01
 2.76E+01 4.14E+01 6.89E+01 1.38E+02 2.76E+02 4.14E+02
 1.00E-74 2.37E-39 5.32E-27 8.55E-18 3.13E-13 1.58E-10 1.17E-09 2.18E-09
 2.93E-09 3.84E-09 4.61E-09 5.06E-09 4.99E-09 4.80E-09
 1.00E-74 2.37E-39 5.32E-27 8.55E-18 3.13E-13 1.58E-10 1.17E-09 2.18E-09
 2.93E-09 3.84E-09 4.61E-09 5.06E-09 4.99E-09 4.80E-09
 1.00E-74 2.37E-39 5.32E-27 8.55E-18 3.13E-13 1.58E-10 1.17E-09 2.18E-09
 2.92E-09 3.84E-09 4.61E-09 5.05E-09 4.99E-09 4.80E-09
 1.00E-74 2.37E-39 5.32E-27 8.56E-18 3.14E-13 1.58E-10 1.17E-09 2.18E-09
 2.92E-09 3.83E-09 4.60E-09 5.04E-09 4.98E-09 4.79E-09
 1.00E-74 2.38E-39 5.35E-27 8.60E-18 3.16E-13 1.60E-10 1.17E-09 2.17E-09
 2.90E-09 3.80E-09 4.56E-09 5.00E-09 4.94E-09 4.76E-09
 1.00E-74 2.51E-39 5.58E-27 8.95E-18 3.35E-13 1.69E-10 1.19E-09 2.17E-09
 2.87E-09 3.70E-09 4.39E-09 4.79E-09 4.74E-09 4.58E-09
 1.00E-74 3.43E-39 7.32E-27 1.14E-17 4.31E-13 1.94E-10 1.14E-09 1.85E-09
 2.28E-09 2.74E-09 3.10E-09 3.33E-09 3.38E-09 3.34E-09
  418.185    7  14 /pl=01:ss= 3:pb= 1:sz= 3/type=excit/ispb = t/isel =   12
 1.00E+10 1.00E+11 1.00E+12 1.00E+13 1.00E+14 1.00E+15 1.00E+16
 2.76E-01 4.14E-01 6.89E-01 1.38E+00 2.76E+00 6.89E+00 1.38E+01 2.07E+01
 2.76E+01 4.14E+01 6.89E+01 1.38E+02 2.76E+02 4.14E+02
 1.00E-74 1.00E-74 1.62E-42 5.41E-26 8.30E-18 5.31E-13 1.76E-11 5.23E-11
 8.69E-11 1.37E-10 1.83E-10 2.01E-10 1.82E-10 1.65E-10
 1.00E-74 1.00E-74 1.63E-42 5.42E-26 8.32E-18 5.32E-13 1.77E-11 5.24E-11
 8.70E-11 1.37E-10 1.84E-10 2.02E-10 1.83E-10 1.65E-10
 1.00E-74 1.00E-74 1.68E-42 5.56E-26 8.51E-18 5.42E-13 1.80E-11 5.32E-11
 8.82E-11 1.39E-10 1.85E-10 2.03E-10 1.84E-10 1.66E-10
 1.00E-74 1.00E-74 2.02E-42 6.50E-26 9.77E-18 6.11E-13 2.00E-11 5.88E-11
 9.70E-11 1.52E-10 2.00E-10 2.17E-10 1.94E-10 1.74E-10
 1.00E-74 1.00E-74 3.13E-42 9.20E-26 1.31E-17 7.92E-13 2.56E-11 7.47E-11
 1.23E-10 1.91E-10 2.50E-10 2.68E-10 2.37E-10 2.11E-10
 1.00E-74 1.00E-74 7.29E-42 1.78E-25 2.13E-17 1.12E-12 3.44E-11 9.83E-11
 1.59E-10 2.45E-10 3.19E-10 3.41E-10 3.05E-10 2.73E-10
 1.00E-74 1.00E-74 2.04E-41 5.79E-25 6.84E-17 2.79E-12 6.77E-11 1.72E-10
 2.60E-10 3.71E-10 4.57E-10 4.76E-10 4.26E-10 3.82E-10
  436.996    7  14 /pl=01:ss= 3:pb= 1:sz= 3/type=excit/ispb = t/isel =   13
 1.00E+10 1.00E+11 1.00E+12 1.00E+13 1.00E+14 1.00E+15 1.00E+16
 2.76E-01 4.14E-01 6.89E-01 1.38E+00 2.76E+00 6.89E+00 1.38E+01 2.07E+01
 2.76E+01 4.14E+01 6.89E+01 1.38E+02 2.76E+02 4.14E+02
 1.00E-74 1.00E-74 3.45E-42 4.66E-26 4.60E-18 2.26E-13 6.87E-12 1.97E-11
 3.22E-11 4.99E-11 6.54E-11 7.03E-11 6.29E-11 5.61E-11
 1.00E-74 1.00E-74 3.44E-42 4.65E-26 4.58E-18 2.25E-13 6.85E-12 1.97E-11
 3.22E-11 4.98E-11 6.53E-11 7.02E-11 6.28E-11 5.61E-11
 1.00E-74 1.00E-74 3.33E-42 4.51E-26 4.45E-18 2.19E-13 6.68E-12 1.92E-11
 3.15E-11 4.88E-11 6.42E-11 6.92E-11 6.21E-11 5.55E-11
 1.00E-74 1.00E-74 2.63E-42 3.57E-26 3.53E-18 1.76E-13 5.44E-12 1.59E-11
 2.62E-11 4.12E-11 5.51E-11 6.09E-11 5.60E-11 5.07E-11
 1.00E-74 1.00E-74 1.60E-42 2.01E-26 1.89E-18 9.14E-14 2.83E-12 8.29E-12
 1.38E-11 2.20E-11 3.01E-11 3.49E-11 3.39E-11 3.19E-11
 1.00E-74 1.00E-74 2.24E-42 2.23E-26 1.70E-18 6.90E-14 1.96E-12 5.50E-12
 8.88E-12 1.37E-11 1.80E-11 2.00E-11 1.88E-11 1.75E-11
 1.00E-74 1.00E-74 5.63E-42 6.36E-26 4.75E-18 1.47E-13 3.26E-12 8.04E-12
 1.20E-11 1.69E-11 2.07E-11 2.15E-11 1.93E-11 1.75E-11
  442.965    7  14 /pl=01:ss= 3:pb= 1:sz= 3/type=excit/ispb = t/isel =   14
 1.00E+10 1.00E+11 1.00E+12 1.00E+13 1.00E+14 1.00E+15 1.00E+16
 2.76E-01 4.14E-01 6.89E-01 1.38E+00 2.76E+00 6.89E+00 1.38E+01 2.07E+01
 2.76E+01 4.14E+01 6.89E+01 1.38E+02 2.76E+02 4.14E+02
 1.00E-74 1.00E-74 3.08E-41 3.09E-25 2.62E-17 1.17E-12 3.48E-11 9.88E-11
 1.61E-10 2.49E-10 3.29E-10 3.58E-10 3.24E-10 2.92E-10
 1.00E-74 1.00E-74 3.09E-41 3.10E-25 2.62E-17 1.17E-12 3.48E-11 9.89E-11
 1.61E-10 2.49E-10 3.29E-10 3.58E-10 3.24E-10 2.92E-10
 1.00E-74 1.00E-74 3.13E-41 3.13E-25 2.64E-17 1.18E-12 3.50E-11 9.94E-11
 1.62E-10 2.51E-10 3.30E-10 3.59E-10 3.25E-10 2.93E-10
 1.00E-74 1.00E-74 3.48E-41 3.41E-25 2.84E-17 1.26E-12 3.70E-11 1.04E-10
 1.70E-10 2.61E-10 3.43E-10 3.70E-10 3.33E-10 2.99E-10
 1.00E-74 1.00E-74 5.53E-41 4.89E-25 3.83E-17 1.62E-12 4.64E-11 1.30E-10
 2.09E-10 3.18E-10 4.11E-10 4.35E-10 3.84E-10 3.41E-10
 1.00E-74 1.00E-74 1.35E-40 1.00E-24 6.60E-17 2.42E-12 6.57E-11 1.80E-10
 2.87E-10 4.32E-10 5.53E-10 5.84E-10 5.17E-10 4.59E-10
 1.00E-74 1.00E-74 3.64E-40 3.13E-24 2.04E-16 5.82E-12 1.25E-10 3.06E-10
 4.54E-10 6.37E-10 7.75E-10 8.02E-10 7.18E-10 6.45E-10
  479.488    7  14 /pl=01:ss= 3:pb= 1:sz= 3/type=excit/ispb = t/isel =   15
 1.00E+10 1.00E+11 1.00E+12 1.00E+13 1.00E+14 1.00E+15 1.00E+16
 2.76E-01 4.14E-01 6.89E-01 1.38E+00 2.76E+00 6.89E+00 1.38E+01 2.07E+01
 2.76E+01 4.14E+01 6.89E+01 1.38E+02 2.76E+02 4.14E+02
 1.00E-74 1.00E-74 2.79E-40 6.14E-25 2.50E-17 7.30E-13 1.87E-11 5.13E-11
 8.14E-11 1.23E-10 1.57E-10 1.66E-10 1.48E-10 1.32E-10
 1.00E-74 1.00E-74 2.79E-40 6.13E-25 2.50E-17 7.29E-13 1.87E-11 5.13E-11
 8.13E-11 1.23E-10 1.57E-10 1.66E-10 1.48E-10 1.32E-10
 1.00E-74 1.00E-74 2.76E-40 6.08E-25 2.48E-17 7.23E-13 1.86E-11 5.09E-11
 8.08E-11 1.22E-10 1.56E-10 1.65E-10 1.47E-10 1.31E-10
 1.00E-74 1.00E-74 2.55E-40 5.63E-25 2.29E-17 6.70E-13 1.73E-11 4.76E-11
 7.57E-11 1.15E-10 1.48E-10 1.58E-10 1.42E-10 1.27E-10
 1.00E-74 1.00E-74 1.76E-40 3.82E-25 1.51E-17 4.34E-13 1.13E-11 3.14E-11
 5.06E-11 7.81E-11 1.03E-10 1.16E-10 1.09E-10 1.00E-10
 1.00E-74 1.00E-74 1.81E-40 3.19E-25 1.03E-17 2.49E-13 6.01E-12 1.62E-11
 2.56E-11 3.89E-11 5.10E-11 5.72E-11 5.50E-11 5.16E-11
 1.00E-74 1.00E-74 3.82E-40 7.14E-25 2.19E-17 3.98E-13 7.41E-12 1.73E-11
 2.52E-11 3.47E-11 4.19E-11 4.36E-11 3.99E-11 3.65E-11
  491.461    7  14 /pl=01:ss= 3:pb= 1:sz= 3/type=excit/ispb = t/isel =   16
 1.00E+10 1.00E+11 1.00E+12 1.00E+13 1.00E+14 1.00E+15 1.00E+16
 2.76E-01 4.14E-01 6.89E-01 1.38E+00 2.76E+00 6.89E+00 1.38E+01 2.07E+01
 2.76E+01 4.14E+01 6.89E+01 1.38E+02 2.76E+02 4.14E+02
 1.00E-74 1.00E-74 3.24E-39 4.38E-24 1.37E-16 3.39E-12 8.27E-11 2.21E-10
 3.50E-10 5.26E-10 6.77E-10 7.25E-10 6.53E-10 5.85E-10
 1.00E-74 1.00E-74 3.24E-39 4.38E-24 1.37E-16 3.39E-12 8.27E-11 2.21E-10
 3.50E-10 5.26E-10 6.77E-10 7.25E-10 6.53E-10 5.85E-10
 1.00E-74 1.00E-74 3.26E-39 4.40E-24 1.37E-16 3.40E-12 8.29E-11 2.22E-10
 3.50E-10 5.27E-10 6.77E-10 7.26E-10 6.53E-10 5.85E-10
 1.00E-74 1.00E-74 3.41E-39 4.56E-24 1.41E-16 3.47E-12 8.44E-11 2.25E-10
 3.56E-10 5.34E-10 6.85E-10 7.32E-10 6.58E-10 5.89E-10
 1.00E-74 1.00E-74 4.88E-39 5.97E-24 1.75E-16 4.13E-12 9.79E-11 2.58E-10
 4.04E-10 6.00E-10 7.59E-10 7.97E-10 7.05E-10 6.26E-10
 1.00E-74 1.00E-74 1.33E-38 1.37E-23 3.37E-16 6.82E-12 1.51E-10 3.88E-10
 5.97E-10 8.68E-10 1.08E-09 1.11E-09 9.59E-10 8.42E-10
 1.00E-74 1.00E-74 3.49E-38 4.10E-23 1.01E-15 1.62E-11 2.89E-10 6.65E-10
 9.59E-10 1.31E-09 1.56E-09 1.60E-09 1.44E-09 1.29E-09
  532.718    7  14 /pl=01:ss= 3:pb= 1:sz= 3/type=excit/ispb = t/isel =   17
 1.00E+10 1.00E+11 1.00E+12 1.00E+13 1.00E+14 1.00E+15 1.00E+16
 2.76E-01 4.14E-01 6.89E-01 1.38E+00 2.76E+00 6.89E+00 1.38E+01 2.07E+01
 2.76E+01 4.14E+01 6.89E+01 1.38E+02 2.76E+02 4.14E+02
 2.76E-43 3.73E-31 1.72E-21 2.63E-14 8.66E-11 9.02E-09 3.70E-08 5.64E-08
 6.80E-08 7.98E-08 8.69E-08 8.64E-08 7.91E-08 7.35E-08
 2.76E-43 3.73E-31 1.72E-21 2.63E-14 8.66E-11 9.02E-09 3.70E-08 5.64E-08
 6.80E-08 7.98E-08 8.69E-08 8.64E-08 7.91E-08 7.35E-08
 2.76E-43 3.73E-31 1.72E-21 2.63E-14 8.66E-11 9.02E-09 3.70E-08 5.64E-08
 6.80E-08 7.97E-08 8.69E-08 8.64E-08 7.91E-08 7.35E-08
 2.76E-43 3.73E-31 1.72E-21 2.63E-14 8.66E-11 9.02E-09 3.70E-08 5.64E-08
 6.80E-08 7.97E-08 8.69E-08 8.64E-08 7.91E-08 7.35E-08
 2.76E-43 3.73E-31 1.72E-21 2.62E-14 8.65E-11 9.01E-09 3.70E-08 5.62E-08
 6.78E-08 7.95E-08 8.66E-08 8.61E-08 7.89E-08 7.33E-08
 2.70E-43 3.67E-31 1.70E-21 2.60E-14 8.59E-11 8.94E-09 3.64E-08 5.51E-08
 6.62E-08 7.73E-08 8.40E-08 8.36E-08 7.68E-08 7.16E-08
 2.26E-43 3.16E-31 1.51E-21 2.39E-14 8.07E-11 8.34E-09 3.19E-08 4.58E-08
 5.31E-08 5.97E-08 6.35E-08 6.34E-08 6.00E-08 5.70E-08
  565.829    7  14 /pl=01:ss= 3:pb= 1:sz= 3/type=excit/ispb = t/isel =   18
 1.00E+10 1.00E+11 1.00E+12 1.00E+13 1.00E+14 1.00E+15 1.00E+16
 2.76E-01 4.14E-01 6.89E-01 1.38E+00 2.76E+00 6.89E+00 1.38E+01 2.07E+01
 2.76E+01 4.14E+01 6.89E+01 1.38E+02 2.76E+02 4.14E+02
 1.00E-74 1.00E-74 1.63E-32 3.31E-20 3.97E-14 1.39E-10 1.76E-09 3.81E-09
 5.39E-09 7.23E-09 8.45E-09 8.26E-09 7.02E-09 6.14E-09
 1.00E-74 1.00E-74 1.63E-32 3.31E-20 3.97E-14 1.39E-10 1.76E-09 3.81E-09
 5.39E-09 7.23E-09 8.45E-09 8.26E-09 7.02E-09 6.14E-09
 1.00E-74 1.00E-74 1.63E-32 3.31E-20 3.97E-14 1.39E-10 1.76E-09 3.81E-09
 5.39E-09 7.23E-09 8.45E-09 8.26E-09 7.02E-09 6.14E-09
 1.00E-74 6.63E-49 1.64E-32 3.33E-20 3.98E-14 1.39E-10 1.77E-09 3.81E-09
 5.40E-09 7.24E-09 8.45E-09 8.26E-09 7.02E-09 6.14E-09
 1.00E-74 5.30E-49 1.71E-32 3.43E-20 4.07E-14 1.41E-10 1.79E-09 3.85E-09
 5.44E-09 7.29E-09 8.51E-09 8.31E-09 7.06E-09 6.18E-09
 1.00E-74 8.22E-49 2.41E-32 4.46E-20 4.97E-14 1.62E-10 1.98E-09 4.21E-09
 5.89E-09 7.81E-09 9.04E-09 8.79E-09 7.46E-09 6.52E-09
 1.00E-74 2.22E-48 6.41E-32 1.13E-19 1.16E-13 3.26E-10 3.46E-09 6.71E-09
 8.89E-09 1.11E-08 1.23E-08 1.18E-08 1.01E-08 8.86E-09
  568.583    7  14 /pl=01:ss= 3:pb= 1:sz= 3/type=excit/ispb = t/isel =   19
 1.00E+10 1.00E+11 1.00E+12 1.00E+13 1.00E+14 1.00E+15 1.00E+16
 2.76E-01 4.14E-01 6.89E-01 1.38E+00 2.76E+00 6.89E+00 1.38E+01 2.07E+01
 2.76E+01 4.14E+01 6.89E+01 1.38E+02 2.76E+02 4.14E+02
 1.00E-74 1.00E-74 1.00E-74 2.75E-29 9.99E-20 4.52E-14 2.92E-12 1.08E-11
 2.00E-11 3.54E-11 5.22E-11 6.44E-11 6.70E-11 6.62E-11
 1.00E-74 1.00E-74 1.00E-74 2.75E-29 9.99E-20 4.52E-14 2.92E-12 1.08E-11
 2.00E-11 3.54E-11 5.22E-11 6.44E-11 6.70E-11 6.62E-11
 1.00E-74 1.00E-74 1.92E-48 2.75E-29 9.99E-20 4.52E-14 2.92E-12 1.08E-11
 2.00E-11 3.54E-11 5.22E-11 6.44E-11 6.70E-11 6.62E-11
 1.00E-74 1.00E-74 1.73E-48 2.76E-29 1.00E-19 4.53E-14 2.92E-12 1.08E-11
 2.00E-11 3.54E-11 5.23E-11 6.44E-11 6.70E-11 6.62E-11
 1.00E-74 1.00E-74 1.88E-48 2.93E-29 1.04E-19 4.65E-14 2.98E-12 1.10E-11
 2.03E-11 3.58E-11 5.26E-11 6.46E-11 6.69E-11 6.60E-11
 1.00E-74 1.00E-74 3.62E-48 4.74E-29 1.47E-19 5.85E-14 3.54E-12 1.27E-11
 2.31E-11 3.98E-11 5.69E-11 6.75E-11 6.78E-11 6.59E-11
 1.00E-74 1.00E-74 2.82E-47 3.16E-28 7.82E-19 2.27E-13 1.08E-11 3.39E-11
 5.62E-11 8.66E-11 1.10E-10 1.14E-10 1.00E-10 9.02E-11
  583.846    7  14 /pl=01:ss= 3:pb= 1:sz= 3/type=excit/ispb = t/isel =   20
 1.00E+10 1.00E+11 1.00E+12 1.00E+13 1.00E+14 1.00E+15 1.00E+16
 2.76E-01 4.14E-01 6.89E-01 1.38E+00 2.76E+00 6.89E+00 1.38E+01 2.07E+01
 2.76E+01 4.14E+01 6.89E+01 1.38E+02 2.76E+02 4.14E+02
 1.00E-74 1.00E-74 6.58E-37 5.03E-23 3.89E-16 4.39E-12 8.37E-11 2.07E-10
 3.13E-10 4.51E-10 5.57E-10 5.74E-10 5.04E-10 4.47E-10
 1.00E-74 1.00E-74 6.58E-37 5.03E-23 3.89E-16 4.39E-12 8.37E-11 2.07E-10
 3.13E-10 4.51E-10 5.57E-10 5.74E-10 5.04E-10 4.47E-10
 1.00E-74 1.00E-74 6.57E-37 5.02E-23 3.88E-16 4.38E-12 8.35E-11 2.06E-10
 3.12E-10 4.50E-10 5.56E-10 5.73E-10 5.03E-10 4.47E-10
 1.00E-74 1.00E-74 6.45E-37 4.94E-23 3.82E-16 4.30E-12 8.19E-11 2.03E-10
 3.07E-10 4.42E-10 5.47E-10 5.66E-10 4.98E-10 4.43E-10
 1.00E-74 1.00E-74 5.55E-37 4.34E-23 3.34E-16 3.69E-12 7.01E-11 1.74E-10
 2.64E-10 3.84E-10 4.80E-10 5.06E-10 4.54E-10 4.08E-10
 1.00E-74 1.00E-74 4.32E-37 3.18E-23 2.22E-16 2.17E-12 3.92E-11 9.57E-11
 1.45E-10 2.11E-10 2.69E-10 2.95E-10 2.79E-10 2.60E-10
 1.00E-74 1.00E-74 6.49E-37 4.56E-23 2.87E-16 2.09E-12 2.89E-11 6.18E-11
 8.64E-11 1.16E-10 1.38E-10 1.46E-10 1.38E-10 1.30E-10
  617.097    7  14 /pl=01:ss= 3:pb= 1:sz= 3/type=excit/ispb = t/isel =   21
 1.00E+10 1.00E+11 1.00E+12 1.00E+13 1.00E+14 1.00E+15 1.00E+16
 2.76E-01 4.14E-01 6.89E-01 1.38E+00 2.76E+00 6.89E+00 1.38E+01 2.07E+01
 2.76E+01 4.14E+01 6.89E+01 1.38E+02 2.76E+02 4.14E+02
 1.00E-74 1.00E-74 1.20E-35 3.90E-22 1.88E-15 1.54E-11 2.60E-10 6.21E-10
 9.25E-10 1.32E-09 1.62E-09 1.69E-09 1.51E-09 1.35E-09
 1.00E-74 1.00E-74 1.20E-35 3.90E-22 1.88E-15 1.54E-11 2.60E-10 6.21E-10
 9.25E-10 1.32E-09 1.62E-09 1.69E-09 1.51E-09 1.35E-09
 1.00E-74 1.00E-74 1.20E-35 3.91E-22 1.89E-15 1.54E-11 2.61E-10 6.21E-10
 9.25E-10 1.32E-09 1.62E-09 1.69E-09 1.51E-09 1.35E-09
 1.00E-74 1.00E-74 1.23E-35 3.96E-22 1.90E-15 1.55E-11 2.62E-10 6.23E-10
 9.28E-10 1.32E-09 1.63E-09 1.70E-09 1.51E-09 1.35E-09
 1.00E-74 1.00E-74 1.45E-35 4.49E-22 2.10E-15 1.67E-11 2.77E-10 6.56E-10
 9.72E-10 1.37E-09 1.68E-09 1.74E-09 1.54E-09 1.37E-09
 1.00E-74 1.00E-74 4.01E-35 1.03E-21 4.05E-15 2.75E-11 4.23E-10 9.64E-10
 1.40E-09 1.91E-09 2.27E-09 2.25E-09 1.92E-09 1.68E-09
 1.00E-74 1.00E-74 1.18E-34 3.35E-21 1.35E-14 7.81E-11 9.97E-10 2.05E-09
 2.81E-09 3.64E-09 4.18E-09 4.17E-09 3.66E-09 3.26E-09
  637.116    7  14 /pl=01:ss= 3:pb= 1:sz= 3/type=excit/ispb = t/isel =   22
 1.00E+10 1.00E+11 1.00E+12 1.00E+13 1.00E+14 1.00E+15 1.00E+16
 2.76E-01 4.14E-01 6.89E-01 1.38E+00 2.76E+00 6.89E+00 1.38E+01 2.07E+01
 2.76E+01 4.14E+01 6.89E+01 1.38E+02 2.76E+02 4.14E+02
 1.00E-74 1.00E-74 6.23E-41 1.37E-25 5.58E-18 1.63E-13 4.18E-12 1.14E-11
 1.82E-11 2.74E-11 3.50E-11 3.70E-11 3.30E-11 2.94E-11
 1.00E-74 1.00E-74 6.22E-41 1.37E-25 5.58E-18 1.63E-13 4.18E-12 1.14E-11
 1.81E-11 2.74E-11 3.50E-11 3.70E-11 3.30E-11 2.94E-11
 1.00E-74 1.00E-74 6.17E-41 1.36E-25 5.53E-18 1.61E-13 4.15E-12 1.14E-11
 1.80E-11 2.72E-11 3.48E-11 3.69E-11 3.29E-11 2.93E-11
 1.00E-74 1.00E-74 5.69E-41 1.26E-25 5.12E-18 1.49E-13 3.86E-12 1.06E-11
 1.69E-11 2.56E-11 3.30E-11 3.53E-11 3.18E-11 2.84E-11
 1.00E-74 1.00E-74 3.92E-41 8.52E-26 3.37E-18 9.69E-14 2.52E-12 7.01E-12
 1.13E-11 1.74E-11 2.31E-11 2.58E-11 2.43E-11 2.23E-11
 1.00E-74 1.00E-74 4.03E-41 7.11E-26 2.30E-18 5.56E-14 1.34E-12 3.60E-12
 5.71E-12 8.67E-12 1.14E-11 1.28E-11 1.23E-11 1.15E-11
 1.00E-74 1.00E-74 8.52E-41 1.59E-25 4.88E-18 8.88E-14 1.65E-12 3.86E-12
 5.62E-12 7.75E-12 9.34E-12 9.74E-12 8.90E-12 8.15E-12
  702.867    7  14 /pl=01:ss= 3:pb= 1:sz= 3/type=excit/ispb = t/isel =   23
 1.00E+10 1.00E+11 1.00E+12 1.00E+13 1.00E+14 1.00E+15 1.00E+16
 2.76E-01 4.14E-01 6.89E-01 1.38E+00 2.76E+00 6.89E+00 1.38E+01 2.07E+01
 2.76E+01 4.14E+01 6.89E+01 1.38E+02 2.76E+02 4.14E+02
 1.17E-34 1.74E-25 3.46E-18 8.85E-13 3.78E-10 1.15E-08 3.21E-08 4.32E-08
 4.92E-08 5.44E-08 5.59E-08 5.27E-08 4.59E-08 4.16E-08
 1.17E-34 1.74E-25 3.46E-18 8.85E-13 3.78E-10 1.15E-08 3.21E-08 4.32E-08
 4.92E-08 5.44E-08 5.59E-08 5.27E-08 4.59E-08 4.16E-08
 1.17E-34 1.74E-25 3.46E-18 8.85E-13 3.78E-10 1.15E-08 3.21E-08 4.32E-08
 4.92E-08 5.44E-08 5.59E-08 5.27E-08 4.59E-08 4.16E-08
 1.17E-34 1.74E-25 3.46E-18 8.85E-13 3.78E-10 1.15E-08 3.21E-08 4.32E-08
 4.92E-08 5.44E-08 5.59E-08 5.27E-08 4.59E-08 4.16E-08
 1.16E-34 1.73E-25 3.45E-18 8.82E-13 3.77E-10 1.15E-08 3.20E-08 4.31E-08
 4.91E-08 5.42E-08 5.57E-08 5.25E-08 4.58E-08 4.15E-08
 1.10E-34 1.65E-25 3.32E-18 8.59E-13 3.70E-10 1.13E-08 3.14E-08 4.20E-08
 4.77E-08 5.25E-08 5.38E-08 5.08E-08 4.44E-08 4.04E-08
 6.97E-35 1.12E-25 2.42E-18 6.78E-13 3.10E-10 9.82E-09 2.59E-08 3.31E-08
 3.64E-08 3.86E-08 3.89E-08 3.70E-08 3.35E-08 3.12E-08
  835.565    7  14 /pl=01:ss= 3:pb= 1:sz= 3/type=excit/ispb = t/isel =   24
 1.00E+10 1.00E+11 1.00E+12 1.00E+13 1.00E+14 1.00E+15 1.00E+16
 2.76E-01 4.14E-01 6.89E-01 1.38E+00 2.76E+00 6.89E+00 1.38E+01 2.07E+01
 2.76E+01 4.14E+01 6.89E+01 1.38E+02 2.76E+02 4.14E+02
 1.00E-74 1.00E-74 7.63E-38 5.82E-24 4.51E-17 5.08E-13 9.70E-12 2.40E-11
 3.63E-11 5.22E-11 6.45E-11 6.65E-11 5.83E-11 5.18E-11
 1.00E-74 1.00E-74 7.63E-38 5.82E-24 4.51E-17 5.08E-13 9.70E-12 2.40E-11
 3.63E-11 5.22E-11 6.45E-11 6.65E-11 5.83E-11 5.18E-11
 1.00E-74 1.00E-74 7.61E-38 5.81E-24 4.50E-17 5.07E-13 9.68E-12 2.39E-11
 3.62E-11 5.21E-11 6.44E-11 6.64E-11 5.83E-11 5.18E-11
 1.00E-74 1.00E-74 7.47E-38 5.72E-24 4.43E-17 4.98E-13 9.49E-12 2.35E-11
 3.55E-11 5.12E-11 6.34E-11 6.55E-11 5.76E-11 5.13E-11
 1.00E-74 1.00E-74 6.43E-38 5.02E-24 3.86E-17 4.27E-13 8.11E-12 2.01E-11
 3.06E-11 4.44E-11 5.56E-11 5.86E-11 5.25E-11 4.72E-11
 1.00E-74 1.00E-74 5.01E-38 3.69E-24 2.57E-17 2.52E-13 4.54E-12 1.11E-11
 1.68E-11 2.45E-11 3.12E-11 3.42E-11 3.23E-11 3.01E-11
 1.00E-74 1.00E-74 7.52E-38 5.28E-24 3.33E-17 2.42E-13 3.35E-12 7.16E-12
 1.00E-11 1.34E-11 1.60E-11 1.69E-11 1.60E-11 1.51E-11
  893.574    7  14 /pl=01:ss= 3:pb= 1:sz= 3/type=excit/ispb = t/isel =   25
 1.00E+10 1.00E+11 1.00E+12 1.00E+13 1.00E+14 1.00E+15 1.00E+16
 2.76E-01 4.14E-01 6.89E-01 1.38E+00 2.76E+00 6.89E+00 1.38E+01 2.07E+01
 2.76E+01 4.14E+01 6.89E+01 1.38E+02 2.76E+02 4.14E+02
 1.00E-74 1.00E-74 1.97E-40 2.19E-25 6.26E-18 1.50E-13 3.64E-12 9.91E-12
 1.59E-11 2.48E-11 3.40E-11 4.15E-11 4.40E-11 4.37E-11
 1.00E-74 1.00E-74 1.97E-40 2.19E-25 6.27E-18 1.50E-13 3.65E-12 9.91E-12
 1.59E-11 2.48E-11 3.41E-11 4.15E-11 4.40E-11 4.37E-11
 1.00E-74 1.00E-74 1.99E-40 2.21E-25 6.34E-18 1.51E-13 3.68E-12 1.00E-11
 1.60E-11 2.49E-11 3.42E-11 4.17E-11 4.41E-11 4.38E-11
 1.00E-74 1.00E-74 2.14E-40 2.42E-25 6.98E-18 1.66E-13 3.99E-12 1.08E-11
 1.72E-11 2.65E-11 3.59E-11 4.31E-11 4.51E-11 4.45E-11
 1.00E-74 1.00E-74 3.10E-40 3.49E-25 9.91E-18 2.29E-13 5.42E-12 1.44E-11
 2.27E-11 3.43E-11 4.51E-11 5.14E-11 5.12E-11 4.92E-11
 1.00E-74 1.00E-74 6.74E-40 6.05E-25 1.40E-17 2.75E-13 6.16E-12 1.61E-11
 2.52E-11 3.77E-11 4.91E-11 5.50E-11 5.35E-11 5.08E-11
 1.00E-74 1.00E-74 1.64E-39 1.53E-24 3.33E-17 4.94E-13 8.59E-12 1.96E-11
 2.82E-11 3.86E-11 4.63E-11 4.83E-11 4.45E-11 4.11E-11
  927.877    7  14 /pl=01:ss= 3:pb= 1:sz= 3/type=excit/ispb = t/isel =   26
 1.00E+10 1.00E+11 1.00E+12 1.00E+13 1.00E+14 1.00E+15 1.00E+16
 2.76E-01 4.14E-01 6.89E-01 1.38E+00 2.76E+00 6.89E+00 1.38E+01 2.07E+01
 2.76E+01 4.14E+01 6.89E+01 1.38E+02 2.76E+02 4.14E+02
 1.00E-74 1.00E-74 3.96E-44 2.86E-27 6.44E-19 5.19E-14 1.86E-12 5.67E-12
 9.52E-12 1.52E-11 2.05E-11 2.27E-11 2.07E-11 1.86E-11
 1.00E-74 1.00E-74 3.98E-44 2.87E-27 6.47E-19 5.21E-14 1.86E-12 5.68E-12
 9.54E-12 1.52E-11 2.06E-11 2.27E-11 2.07E-11 1.86E-11
 1.00E-74 1.00E-74 4.18E-44 2.99E-27 6.71E-19 5.38E-14 1.92E-12 5.82E-12
 9.76E-12 1.56E-11 2.09E-11 2.30E-11 2.09E-11 1.88E-11
 1.00E-74 1.00E-74 5.21E-44 3.61E-27 7.96E-19 6.26E-14 2.21E-12 6.65E-12
 1.11E-11 1.75E-11 2.33E-11 2.52E-11 2.26E-11 2.02E-11
 1.00E-74 1.00E-74 7.74E-44 4.96E-27 1.04E-18 7.99E-14 2.79E-12 8.36E-12
 1.39E-11 2.19E-11 2.90E-11 3.14E-11 2.80E-11 2.50E-11
 1.00E-74 1.00E-74 1.84E-43 9.73E-27 1.72E-18 1.15E-13 3.79E-12 1.11E-11
 1.83E-11 2.84E-11 3.73E-11 4.01E-11 3.60E-11 3.22E-11
 1.00E-74 1.00E-74 5.26E-43 3.24E-26 5.65E-18 2.91E-13 7.62E-12 1.98E-11
 3.04E-11 4.39E-11 5.46E-11 5.73E-11 5.14E-11 4.61E-11
  958.221    7  14 /pl=01:ss= 3:pb= 1:sz= 3/type=excit/ispb = t/isel =   27
 1.00E+10 1.00E+11 1.00E+12 1.00E+13 1.00E+14 1.00E+15 1.00E+16
 2.76E-01 4.14E-01 6.89E-01 1.38E+00 2.76E+00 6.89E+00 1.38E+01 2.07E+01
 2.76E+01 4.14E+01 6.89E+01 1.38E+02 2.76E+02 4.14E+02
 1.00E-74 1.00E-74 1.08E-39 6.12E-25 1.31E-17 2.73E-13 6.33E-12 1.67E-11
 2.59E-11 3.82E-11 4.77E-11 4.90E-11 4.24E-11 3.75E-11
 1.00E-74 1.00E-74 1.08E-39 6.12E-25 1.31E-17 2.73E-13 6.33E-12 1.66E-11
 2.59E-11 3.82E-11 4.77E-11 4.90E-11 4.24E-11 3.75E-11
 1.00E-74 1.00E-74 1.08E-39 6.13E-25 1.31E-17 2.72E-13 6.30E-12 1.66E-11
 2.58E-11 3.80E-11 4.75E-11 4.89E-11 4.23E-11 3.74E-11
 1.00E-74 1.00E-74 1.11E-39 6.15E-25 1.29E-17 2.63E-13 6.08E-12 1.60E-11
 2.49E-11 3.68E-11 4.61E-11 4.77E-11 4.15E-11 3.68E-11
 1.00E-74 1.00E-74 1.28E-39 6.25E-25 1.18E-17 2.24E-13 5.10E-12 1.34E-11
 2.10E-11 3.13E-11 3.97E-11 4.20E-11 3.74E-11 3.36E-11
 1.00E-74 1.00E-74 1.58E-39 6.75E-25 1.07E-17 1.70E-13 3.58E-12 9.15E-12
 1.41E-11 2.09E-11 2.67E-11 2.90E-11 2.68E-11 2.46E-11
 1.00E-74 1.00E-74 2.80E-39 1.33E-24 2.09E-17 2.58E-13 4.24E-12 9.51E-12
 1.36E-11 1.84E-11 2.20E-11 2.29E-11 2.10E-11 1.92E-11
  1008.82    7  14 /pl=01:ss= 3:pb= 1:sz= 3/type=excit/ispb = t/isel =   28
 1.00E+10 1.00E+11 1.00E+12 1.00E+13 1.00E+14 1.00E+15 1.00E+16
 2.76E-01 4.14E-01 6.89E-01 1.38E+00 2.76E+00 6.89E+00 1.38E+01 2.07E+01
 2.76E+01 4.14E+01 6.89E+01 1.38E+02 2.76E+02 4.14E+02
 1.00E-74 1.00E-74 2.80E-43 9.33E-27 1.43E-18 9.16E-14 3.04E-12 9.03E-12
 1.50E-11 2.37E-11 3.16E-11 3.47E-11 3.15E-11 2.84E-11
 1.00E-74 1.00E-74 2.81E-43 9.36E-27 1.44E-18 9.18E-14 3.05E-12 9.05E-12
 1.50E-11 2.37E-11 3.17E-11 3.48E-11 3.15E-11 2.84E-11
 1.00E-74 1.00E-74 2.89E-43 9.60E-27 1.47E-18 9.35E-14 3.10E-12 9.18E-12
 1.52E-11 2.40E-11 3.20E-11 3.51E-11 3.17E-11 2.86E-11
 1.00E-74 1.00E-74 3.49E-43 1.12E-26 1.69E-18 1.05E-13 3.45E-12 1.01E-11
 1.67E-11 2.62E-11 3.46E-11 3.74E-11 3.34E-11 3.00E-11
 1.00E-74 1.00E-74 5.40E-43 1.59E-26 2.26E-18 1.37E-13 4.41E-12 1.29E-11
 2.12E-11 3.29E-11 4.32E-11 4.62E-11 4.10E-11 3.64E-11
 1.00E-74 1.00E-74 1.26E-42 3.07E-26 3.67E-18 1.94E-13 5.93E-12 1.70E-11
 2.75E-11 4.23E-11 5.50E-11 5.89E-11 5.27E-11 4.72E-11
 1.00E-74 1.00E-74 3.52E-42 9.99E-26 1.18E-17 4.82E-13 1.17E-11 2.96E-11
 4.48E-11 6.40E-11 7.88E-11 8.21E-11 7.35E-11 6.60E-11
  1076.26    7  14 /pl=01:ss= 3:pb= 1:sz= 3/type=excit/ispb = t/isel =   29
 1.00E+10 1.00E+11 1.00E+12 1.00E+13 1.00E+14 1.00E+15 1.00E+16
 2.76E-01 4.14E-01 6.89E-01 1.38E+00 2.76E+00 6.89E+00 1.38E+01 2.07E+01
 2.76E+01 4.14E+01 6.89E+01 1.38E+02 2.76E+02 4.14E+02
 1.00E-74 1.00E-74 2.70E-41 2.36E-25 1.97E-17 1.04E-12 3.46E-11 1.04E-10
 1.74E-10 2.78E-10 3.76E-10 4.34E-10 4.30E-10 4.16E-10
 1.00E-74 1.00E-74 2.70E-41 2.36E-25 1.97E-17 1.04E-12 3.46E-11 1.04E-10
 1.74E-10 2.78E-10 3.76E-10 4.34E-10 4.30E-10 4.16E-10
 1.00E-74 1.00E-74 2.71E-41 2.36E-25 1.97E-17 1.04E-12 3.46E-11 1.04E-10
 1.74E-10 2.78E-10 3.76E-10 4.34E-10 4.30E-10 4.16E-10
 1.00E-74 1.00E-74 2.73E-41 2.37E-25 1.98E-17 1.04E-12 3.46E-11 1.04E-10
 1.74E-10 2.78E-10 3.77E-10 4.34E-10 4.30E-10 4.17E-10
 1.00E-74 1.00E-74 2.96E-41 2.51E-25 2.06E-17 1.06E-12 3.52E-11 1.06E-10
 1.76E-10 2.81E-10 3.79E-10 4.36E-10 4.31E-10 4.18E-10
 1.00E-74 1.00E-74 5.29E-41 3.94E-25 2.88E-17 1.31E-12 4.07E-11 1.19E-10
 1.95E-10 3.04E-10 4.04E-10 4.55E-10 4.44E-10 4.27E-10
 1.00E-74 1.00E-74 2.67E-40 1.80E-24 1.12E-16 3.75E-12 9.03E-11 2.28E-10
 3.43E-10 4.83E-10 5.81E-10 5.94E-10 5.34E-10 4.91E-10
  1124.88    7  14 /pl=01:ss= 3:pb= 1:sz= 3/type=excit/ispb = t/isel =   30
 1.00E+10 1.00E+11 1.00E+12 1.00E+13 1.00E+14 1.00E+15 1.00E+16
 2.76E-01 4.14E-01 6.89E-01 1.38E+00 2.76E+00 6.89E+00 1.38E+01 2.07E+01
 2.76E+01 4.14E+01 6.89E+01 1.38E+02 2.76E+02 4.14E+02
 1.00E-74 6.15E-44 1.21E-29 5.44E-19 1.00E-13 1.27E-10 1.23E-09 2.46E-09
 3.37E-09 4.42E-09 5.06E-09 4.94E-09 4.22E-09 3.71E-09
 1.00E-74 6.15E-44 1.21E-29 5.44E-19 1.00E-13 1.27E-10 1.23E-09 2.46E-09
 3.37E-09 4.42E-09 5.06E-09 4.94E-09 4.22E-09 3.70E-09
 1.00E-74 6.14E-44 1.21E-29 5.44E-19 1.00E-13 1.27E-10 1.23E-09 2.46E-09
 3.37E-09 4.42E-09 5.06E-09 4.93E-09 4.22E-09 3.70E-09
 1.00E-74 6.12E-44 1.20E-29 5.43E-19 1.00E-13 1.27E-10 1.23E-09 2.46E-09
 3.36E-09 4.40E-09 5.05E-09 4.92E-09 4.21E-09 3.70E-09
 1.00E-74 5.89E-44 1.17E-29 5.31E-19 9.85E-14 1.24E-10 1.20E-09 2.39E-09
 3.27E-09 4.29E-09 4.92E-09 4.82E-09 4.14E-09 3.64E-09
 1.00E-74 4.57E-44 9.40E-30 4.49E-19 8.57E-14 1.06E-10 9.91E-10 1.95E-09
 2.66E-09 3.49E-09 4.05E-09 4.06E-09 3.60E-09 3.22E-09
 1.00E-74 3.15E-44 6.29E-30 2.99E-19 5.85E-14 6.45E-11 4.99E-10 8.90E-10
 1.15E-09 1.43E-09 1.64E-09 1.73E-09 1.68E-09 1.61E-09
  1125.72    7  14 /pl=01:ss= 3:pb= 1:sz= 3/type=excit/ispb = t/isel =   31
 1.00E+10 1.00E+11 1.00E+12 1.00E+13 1.00E+14 1.00E+15 1.00E+16
 2.76E-01 4.14E-01 6.89E-01 1.38E+00 2.76E+00 6.89E+00 1.38E+01 2.07E+01
 2.76E+01 4.14E+01 6.89E+01 1.38E+02 2.76E+02 4.14E+02
 1.00E-74 1.00E-74 1.71E-42 2.30E-26 2.27E-18 1.12E-13 3.40E-12 9.76E-12
 1.59E-11 2.47E-11 3.23E-11 3.48E-11 3.11E-11 2.78E-11
 1.00E-74 1.00E-74 1.70E-42 2.30E-26 2.26E-18 1.11E-13 3.39E-12 9.73E-12
 1.59E-11 2.46E-11 3.23E-11 3.47E-11 3.10E-11 2.77E-11
 1.00E-74 1.00E-74 1.65E-42 2.23E-26 2.20E-18 1.08E-13 3.30E-12 9.51E-12
 1.56E-11 2.41E-11 3.17E-11 3.42E-11 3.07E-11 2.75E-11
 1.00E-74 1.00E-74 1.30E-42 1.77E-26 1.75E-18 8.70E-14 2.69E-12 7.84E-12
 1.29E-11 2.03E-11 2.72E-11 3.01E-11 2.77E-11 2.51E-11
 1.00E-74 1.00E-74 7.91E-43 9.94E-27 9.34E-19 4.52E-14 1.40E-12 4.10E-12
 6.81E-12 1.09E-11 1.49E-11 1.72E-11 1.68E-11 1.57E-11
 1.00E-74 1.00E-74 1.11E-42 1.10E-26 8.41E-19 3.41E-14 9.68E-13 2.72E-12
 4.39E-12 6.76E-12 8.92E-12 9.88E-12 9.30E-12 8.63E-12
 1.00E-74 1.00E-74 2.78E-42 3.14E-26 2.35E-18 7.27E-14 1.61E-12 3.97E-12
 5.93E-12 8.36E-12 1.02E-11 1.06E-11 9.56E-12 8.63E-12
  1166.20    7  14 /pl=01:ss= 3:pb= 1:sz= 3/type=excit/ispb = t/isel =   32
 1.00E+10 1.00E+11 1.00E+12 1.00E+13 1.00E+14 1.00E+15 1.00E+16
 2.76E-01 4.14E-01 6.89E-01 1.38E+00 2.76E+00 6.89E+00 1.38E+01 2.07E+01
 2.76E+01 4.14E+01 6.89E+01 1.38E+02 2.76E+02 4.14E+02
 1.00E-74 1.00E-74 4.66E-42 4.67E-26 3.95E-18 1.77E-13 5.25E-12 1.49E-11
 2.43E-11 3.76E-11 4.97E-11 5.40E-11 4.89E-11 4.41E-11
 1.00E-74 1.00E-74 4.66E-42 4.68E-26 3.95E-18 1.77E-13 5.25E-12 1.49E-11
 2.43E-11 3.77E-11 4.97E-11 5.40E-11 4.89E-11 4.41E-11
 1.00E-74 1.00E-74 4.72E-42 4.73E-26 3.99E-18 1.79E-13 5.29E-12 1.50E-11
 2.45E-11 3.78E-11 4.99E-11 5.42E-11 4.91E-11 4.42E-11
 1.00E-74 1.00E-74 5.25E-42 5.15E-26 4.30E-18 1.90E-13 5.58E-12 1.58E-11
 2.56E-11 3.95E-11 5.17E-11 5.58E-11 5.02E-11 4.51E-11
 1.00E-74 1.00E-74 8.35E-42 7.39E-26 5.78E-18 2.44E-13 7.00E-12 1.96E-11
 3.16E-11 4.80E-11 6.20E-11 6.56E-11 5.79E-11 5.15E-11
 1.00E-74 1.00E-74 2.03E-41 1.52E-25 9.97E-18 3.66E-13 9.92E-12 2.72E-11
 4.33E-11 6.53E-11 8.35E-11 8.82E-11 7.80E-11 6.94E-11
 1.00E-74 1.00E-74 5.50E-41 4.72E-25 3.08E-17 8.79E-13 1.89E-11 4.62E-11
 6.86E-11 9.62E-11 1.17E-10 1.21E-10 1.08E-10 9.74E-11
  1458.73    7  14 /pl=01:ss= 3:pb= 1:sz= 3/type=excit/ispb = t/isel =   33
 1.00E+10 1.00E+11 1.00E+12 1.00E+13 1.00E+14 1.00E+15 1.00E+16
 2.76E-01 4.14E-01 6.89E-01 1.38E+00 2.76E+00 6.89E+00 1.38E+01 2.07E+01
 2.76E+01 4.14E+01 6.89E+01 1.38E+02 2.76E+02 4.14E+02
 1.00E-74 1.00E-74 1.49E-40 3.27E-25 1.33E-17 3.89E-13 9.99E-12 2.73E-11
 4.34E-11 6.54E-11 8.36E-11 8.85E-11 7.89E-11 7.02E-11
 1.00E-74 1.00E-74 1.49E-40 3.27E-25 1.33E-17 3.89E-13 9.98E-12 2.73E-11
 4.34E-11 6.53E-11 8.35E-11 8.84E-11 7.89E-11 7.02E-11
 1.00E-74 1.00E-74 1.47E-40 3.24E-25 1.32E-17 3.85E-13 9.91E-12 2.71E-11
 4.31E-11 6.49E-11 8.31E-11 8.81E-11 7.86E-11 7.00E-11
 1.00E-74 1.00E-74 1.36E-40 3.00E-25 1.22E-17 3.57E-13 9.22E-12 2.53E-11
 4.04E-11 6.12E-11 7.88E-11 8.43E-11 7.59E-11 6.78E-11
 1.00E-74 1.00E-74 9.36E-41 2.04E-25 8.05E-18 2.31E-13 6.02E-12 1.67E-11
 2.69E-11 4.16E-11 5.51E-11 6.16E-11 5.80E-11 5.33E-11
 1.00E-74 1.00E-74 9.63E-41 1.70E-25 5.49E-18 1.33E-13 3.21E-12 8.61E-12
 1.36E-11 2.07E-11 2.72E-11 3.05E-11 2.93E-11 2.75E-11
 1.00E-74 1.00E-74 2.04E-40 3.81E-25 1.17E-17 2.12E-13 3.95E-12 9.22E-12
 1.34E-11 1.85E-11 2.23E-11 2.33E-11 2.13E-11 1.95E-11
  1489.48    7  14 /pl=01:ss= 3:pb= 1:sz= 3/type=excit/ispb = t/isel =   34
 1.00E+10 1.00E+11 1.00E+12 1.00E+13 1.00E+14 1.00E+15 1.00E+16
 2.76E-01 4.14E-01 6.89E-01 1.38E+00 2.76E+00 6.89E+00 1.38E+01 2.07E+01
 2.76E+01 4.14E+01 6.89E+01 1.38E+02 2.76E+02 4.14E+02
 1.00E-74 1.00E-74 2.24E-36 4.48E-23 1.78E-16 1.36E-12 2.31E-11 5.57E-11
 8.42E-11 1.25E-10 1.63E-10 1.91E-10 1.97E-10 1.94E-10
 1.00E-74 1.00E-74 2.24E-36 4.48E-23 1.78E-16 1.36E-12 2.31E-11 5.57E-11
 8.42E-11 1.25E-10 1.63E-10 1.91E-10 1.97E-10 1.94E-10
 1.00E-74 1.00E-74 2.24E-36 4.49E-23 1.79E-16 1.36E-12 2.31E-11 5.57E-11
 8.43E-11 1.25E-10 1.63E-10 1.91E-10 1.97E-10 1.94E-10
 1.00E-74 1.00E-74 2.26E-36 4.55E-23 1.82E-16 1.38E-12 2.33E-11 5.62E-11
 8.49E-11 1.25E-10 1.63E-10 1.91E-10 1.98E-10 1.94E-10
 1.00E-74 1.00E-74 2.50E-36 5.12E-23 2.07E-16 1.55E-12 2.58E-11 6.16E-11
 9.23E-11 1.35E-10 1.73E-10 1.99E-10 2.02E-10 1.97E-10
 1.00E-74 1.00E-74 4.62E-36 8.79E-23 3.26E-16 2.18E-12 3.40E-11 7.88E-11
 1.16E-10 1.65E-10 2.06E-10 2.27E-10 2.22E-10 2.12E-10
 1.00E-74 1.00E-74 1.18E-35 2.12E-22 6.91E-16 3.40E-12 4.14E-11 8.47E-11
 1.16E-10 1.52E-10 1.80E-10 1.91E-10 1.84E-10 1.75E-10
  1575.50    7  14 /pl=01:ss= 3:pb= 1:sz= 3/type=excit/ispb = t/isel =   35
 1.00E+10 1.00E+11 1.00E+12 1.00E+13 1.00E+14 1.00E+15 1.00E+16
 2.76E-01 4.14E-01 6.89E-01 1.38E+00 2.76E+00 6.89E+00 1.38E+01 2.07E+01
 2.76E+01 4.14E+01 6.89E+01 1.38E+02 2.76E+02 4.14E+02
 1.00E-74 1.00E-74 3.29E-40 4.44E-25 1.39E-17 3.44E-13 8.39E-12 2.24E-11
 3.55E-11 5.34E-11 6.87E-11 7.36E-11 6.62E-11 5.94E-11
 1.00E-74 1.00E-74 3.29E-40 4.45E-25 1.39E-17 3.44E-13 8.39E-12 2.24E-11
 3.55E-11 5.34E-11 6.87E-11 7.36E-11 6.62E-11 5.94E-11
 1.00E-74 1.00E-74 3.31E-40 4.46E-25 1.39E-17 3.45E-13 8.41E-12 2.25E-11
 3.55E-11 5.35E-11 6.87E-11 7.36E-11 6.63E-11 5.94E-11
 1.00E-74 1.00E-74 3.46E-40 4.62E-25 1.44E-17 3.53E-13 8.57E-12 2.29E-11
 3.61E-11 5.42E-11 6.95E-11 7.43E-11 6.68E-11 5.98E-11
 1.00E-74 1.00E-74 4.95E-40 6.06E-25 1.78E-17 4.19E-13 9.94E-12 2.62E-11
 4.10E-11 6.09E-11 7.70E-11 8.09E-11 7.16E-11 6.36E-11
 1.00E-74 1.00E-74 1.35E-39 1.39E-24 3.42E-17 6.92E-13 1.53E-11 3.94E-11
 6.05E-11 8.81E-11 1.09E-10 1.12E-10 9.73E-11 8.54E-11
 1.00E-74 1.00E-74 3.54E-39 4.16E-24 1.02E-16 1.65E-12 2.94E-11 6.74E-11
 9.73E-11 1.33E-10 1.59E-10 1.63E-10 1.46E-10 1.31E-10
  1953.41    7  14 /pl=01:ss= 3:pb= 1:sz= 3/type=excit/ispb = t/isel =   36
 1.00E+10 1.00E+11 1.00E+12 1.00E+13 1.00E+14 1.00E+15 1.00E+16
 2.76E-01 4.14E-01 6.89E-01 1.38E+00 2.76E+00 6.89E+00 1.38E+01 2.07E+01
 2.76E+01 4.14E+01 6.89E+01 1.38E+02 2.76E+02 4.14E+02
 1.00E-74 1.00E-74 3.95E-45 3.42E-27 2.72E-18 4.79E-13 2.24E-11 7.43E-11
 1.30E-10 2.14E-10 2.92E-10 3.21E-10 2.87E-10 2.58E-10
 1.00E-74 1.00E-74 3.93E-45 3.42E-27 2.72E-18 4.79E-13 2.24E-11 7.43E-11
 1.30E-10 2.14E-10 2.92E-10 3.21E-10 2.87E-10 2.58E-10
 1.00E-74 1.00E-74 3.94E-45 3.42E-27 2.72E-18 4.79E-13 2.24E-11 7.43E-11
 1.30E-10 2.14E-10 2.92E-10 3.21E-10 2.87E-10 2.59E-10
 1.00E-74 1.00E-74 3.96E-45 3.43E-27 2.73E-18 4.80E-13 2.25E-11 7.44E-11
 1.30E-10 2.14E-10 2.92E-10 3.21E-10 2.88E-10 2.59E-10
 1.00E-74 1.00E-74 4.17E-45 3.56E-27 2.81E-18 4.91E-13 2.29E-11 7.57E-11
 1.32E-10 2.17E-10 2.96E-10 3.26E-10 2.91E-10 2.62E-10
 1.00E-74 1.00E-74 7.14E-45 5.28E-27 3.75E-18 6.09E-13 2.74E-11 8.90E-11
 1.53E-10 2.49E-10 3.36E-10 3.66E-10 3.28E-10 2.95E-10
 1.00E-74 1.00E-74 4.47E-44 2.92E-26 1.75E-17 2.17E-12 7.84E-11 2.25E-10
 3.58E-10 5.30E-10 6.55E-10 6.68E-10 5.78E-10 5.14E-10
  1956.77    7  14 /pl=01:ss= 3:pb= 1:sz= 3/type=excit/ispb = t/isel =   37
 1.00E+10 1.00E+11 1.00E+12 1.00E+13 1.00E+14 1.00E+15 1.00E+16
 2.76E-01 4.14E-01 6.89E-01 1.38E+00 2.76E+00 6.89E+00 1.38E+01 2.07E+01
 2.76E+01 4.14E+01 6.89E+01 1.38E+02 2.76E+02 4.14E+02
 1.00E-74 1.00E-74 5.65E-34 2.57E-21 4.84E-15 2.45E-11 3.68E-10 8.44E-10
 1.23E-09 1.71E-09 2.03E-09 2.02E-09 1.71E-09 1.50E-09
 1.00E-74 1.00E-74 5.65E-34 2.57E-21 4.84E-15 2.45E-11 3.68E-10 8.44E-10
 1.23E-09 1.71E-09 2.03E-09 2.02E-09 1.71E-09 1.50E-09
 1.00E-74 1.00E-74 5.66E-34 2.57E-21 4.85E-15 2.45E-11 3.68E-10 8.44E-10
 1.23E-09 1.70E-09 2.03E-09 2.02E-09 1.71E-09 1.50E-09
 1.00E-74 1.00E-74 5.75E-34 2.60E-21 4.87E-15 2.45E-11 3.66E-10 8.40E-10
 1.22E-09 1.70E-09 2.02E-09 2.01E-09 1.71E-09 1.49E-09
 1.00E-74 1.00E-74 6.56E-34 2.83E-21 5.09E-15 2.45E-11 3.61E-10 8.23E-10
 1.20E-09 1.66E-09 1.98E-09 1.97E-09 1.68E-09 1.47E-09
 1.00E-74 1.26E-50 1.02E-33 4.02E-21 6.28E-15 2.57E-11 3.51E-10 7.81E-10
 1.12E-09 1.55E-09 1.85E-09 1.87E-09 1.63E-09 1.44E-09
 1.00E-74 1.33E-50 1.18E-33 4.97E-21 7.92E-15 2.72E-11 2.99E-10 5.95E-10
 8.05E-10 1.04E-09 1.22E-09 1.28E-09 1.20E-09 1.12E-09
  2680.99    7  14 /pl=01:ss= 3:pb= 1:sz= 3/type=excit/ispb = t/isel =   38
 1.00E+10 1.00E+11 1.00E+12 1.00E+13 1.00E+14 1.00E+15 1.00E+16
 2.76E-01 4.14E-01 6.89E-01 1.38E+00 2.76E+00 6.89E+00 1.38E+01 2.07E+01
 2.76E+01 4.14E+01 6.89E+01 1.38E+02 2.76E+02 4.14E+02
 1.00E-74 1.95E-44 3.83E-30 1.73E-19 3.19E-14 4.04E-11 3.91E-10 7.82E-10
 1.07E-09 1.40E-09 1.61E-09 1.57E-09 1.34E-09 1.18E-09
 1.00E-74 1.95E-44 3.83E-30 1.73E-19 3.19E-14 4.04E-11 3.91E-10 7.82E-10
 1.07E-09 1.40E-09 1.61E-09 1.57E-09 1.34E-09 1.18E-09
 1.00E-74 1.95E-44 3.83E-30 1.73E-19 3.19E-14 4.03E-11 3.91E-10 7.82E-10
 1.07E-09 1.40E-09 1.61E-09 1.57E-09 1.34E-09 1.18E-09
 1.00E-74 1.94E-44 3.82E-30 1.72E-19 3.18E-14 4.03E-11 3.90E-10 7.79E-10
 1.07E-09 1.40E-09 1.60E-09 1.56E-09 1.34E-09 1.17E-09
 1.00E-74 1.87E-44 3.70E-30 1.69E-19 3.13E-14 3.95E-11 3.80E-10 7.59E-10
 1.04E-09 1.36E-09 1.56E-09 1.53E-09 1.31E-09 1.16E-09
 1.00E-74 1.45E-44 2.98E-30 1.42E-19 2.72E-14 3.37E-11 3.14E-10 6.20E-10
 8.45E-10 1.11E-09 1.28E-09 1.29E-09 1.14E-09 1.02E-09
 1.00E-74 1.00E-44 1.99E-30 9.48E-20 1.86E-14 2.04E-11 1.58E-10 2.82E-10
 3.64E-10 4.54E-10 5.20E-10 5.49E-10 5.34E-10 5.10E-10
  2810.81    7  14 /pl=01:ss= 3:pb= 1:sz= 3/type=excit/ispb = t/isel =   39
 1.00E+10 1.00E+11 1.00E+12 1.00E+13 1.00E+14 1.00E+15 1.00E+16
 2.76E-01 4.14E-01 6.89E-01 1.38E+00 2.76E+00 6.89E+00 1.38E+01 2.07E+01
 2.76E+01 4.14E+01 6.89E+01 1.38E+02 2.76E+02 4.14E+02
 1.00E-74 1.00E-74 1.27E-42 1.72E-26 1.69E-18 8.32E-14 2.53E-12 7.27E-12
 1.19E-11 1.84E-11 2.41E-11 2.59E-11 2.32E-11 2.07E-11
 1.00E-74 1.00E-74 1.27E-42 1.71E-26 1.69E-18 8.30E-14 2.52E-12 7.25E-12
 1.18E-11 1.83E-11 2.41E-11 2.59E-11 2.31E-11 2.07E-11
 1.00E-74 1.00E-74 1.23E-42 1.66E-26 1.64E-18 8.07E-14 2.46E-12 7.09E-12
 1.16E-11 1.80E-11 2.36E-11 2.55E-11 2.29E-11 2.05E-11
 1.00E-74 1.00E-74 9.68E-43 1.32E-26 1.30E-18 6.48E-14 2.01E-12 5.84E-12
 9.64E-12 1.52E-11 2.03E-11 2.24E-11 2.06E-11 1.87E-11
 1.00E-74 1.00E-74 5.89E-43 7.41E-27 6.96E-19 3.37E-14 1.04E-12 3.05E-12
 5.08E-12 8.10E-12 1.11E-11 1.28E-11 1.25E-11 1.17E-11
 1.00E-74 1.00E-74 8.26E-43 8.22E-27 6.27E-19 2.54E-14 7.21E-13 2.03E-12
 3.27E-12 5.04E-12 6.64E-12 7.36E-12 6.93E-12 6.43E-12
 1.00E-74 1.00E-74 2.07E-42 2.34E-26 1.75E-18 5.42E-14 1.20E-12 2.96E-12
 4.42E-12 6.23E-12 7.61E-12 7.91E-12 7.12E-12 6.43E-12
  3147.73    7  14 /pl=01:ss= 3:pb= 1:sz= 3/type=excit/ispb = t/isel =   40
 1.00E+10 1.00E+11 1.00E+12 1.00E+13 1.00E+14 1.00E+15 1.00E+16
 2.76E-01 4.14E-01 6.89E-01 1.38E+00 2.76E+00 6.89E+00 1.38E+01 2.07E+01
 2.76E+01 4.14E+01 6.89E+01 1.38E+02 2.76E+02 4.14E+02
 1.00E-74 1.00E-74 1.00E-74 1.97E-29 7.16E-20 3.24E-14 2.09E-12 7.75E-12
 1.44E-11 2.54E-11 3.75E-11 4.62E-11 4.80E-11 4.75E-11
 1.00E-74 1.00E-74 1.00E-74 1.97E-29 7.16E-20 3.24E-14 2.09E-12 7.75E-12
 1.44E-11 2.54E-11 3.75E-11 4.62E-11 4.80E-11 4.75E-11
 1.00E-74 1.00E-74 1.37E-48 1.97E-29 7.16E-20 3.24E-14 2.09E-12 7.75E-12
 1.44E-11 2.54E-11 3.75E-11 4.62E-11 4.80E-11 4.75E-11
 1.00E-74 1.00E-74 1.24E-48 1.98E-29 7.19E-20 3.25E-14 2.10E-12 7.76E-12
 1.44E-11 2.54E-11 3.75E-11 4.62E-11 4.80E-11 4.74E-11
 1.00E-74 1.00E-74 1.35E-48 2.10E-29 7.49E-20 3.33E-14 2.13E-12 7.88E-12
 1.46E-11 2.57E-11 3.77E-11 4.63E-11 4.80E-11 4.73E-11
 1.00E-74 1.00E-74 2.59E-48 3.40E-29 1.06E-19 4.20E-14 2.54E-12 9.12E-12
 1.66E-11 2.85E-11 4.08E-11 4.84E-11 4.86E-11 4.72E-11
 1.00E-74 1.00E-74 2.03E-47 2.26E-28 5.61E-19 1.63E-13 7.76E-12 2.43E-11
 4.03E-11 6.21E-11 7.90E-11 8.20E-11 7.20E-11 6.47E-11
  3197.43    7  14 /pl=01:ss= 3:pb= 1:sz= 3/type=excit/ispb = t/isel =   41
 1.00E+10 1.00E+11 1.00E+12 1.00E+13 1.00E+14 1.00E+15 1.00E+16
 2.76E-01 4.14E-01 6.89E-01 1.38E+00 2.76E+00 6.89E+00 1.38E+01 2.07E+01
 2.76E+01 4.14E+01 6.89E+01 1.38E+02 2.76E+02 4.14E+02
 1.00E-74 1.00E-74 5.04E-37 3.84E-23 2.98E-16 3.36E-12 6.40E-11 1.58E-10
 2.40E-10 3.45E-10 4.26E-10 4.39E-10 3.85E-10 3.42E-10
 1.00E-74 1.00E-74 5.04E-37 3.84E-23 2.98E-16 3.36E-12 6.40E-11 1.58E-10
 2.39E-10 3.45E-10 4.26E-10 4.39E-10 3.85E-10 3.42E-10
 1.00E-74 1.00E-74 5.03E-37 3.84E-23 2.97E-16 3.35E-12 6.39E-11 1.58E-10
 2.39E-10 3.44E-10 4.25E-10 4.38E-10 3.85E-10 3.42E-10
 1.00E-74 1.00E-74 4.93E-37 3.78E-23 2.92E-16 3.29E-12 6.27E-11 1.55E-10
 2.35E-10 3.38E-10 4.19E-10 4.33E-10 3.81E-10 3.39E-10
 1.00E-74 1.00E-74 4.25E-37 3.32E-23 2.55E-16 2.82E-12 5.36E-11 1.33E-10
 2.02E-10 2.93E-10 3.67E-10 3.87E-10 3.47E-10 3.12E-10
 1.00E-74 1.00E-74 3.31E-37 2.43E-23 1.70E-16 1.66E-12 3.00E-11 7.32E-11
 1.11E-10 1.62E-10 2.06E-10 2.26E-10 2.14E-10 1.99E-10
 1.00E-74 1.00E-74 4.97E-37 3.49E-23 2.20E-16 1.60E-12 2.21E-11 4.73E-11
 6.61E-11 8.84E-11 1.05E-10 1.12E-10 1.06E-10 9.95E-11
  3204.18    7  14 /pl=01:ss= 3:pb= 1:sz= 3/type=excit/ispb = t/isel =   42
 1.00E+10 1.00E+11 1.00E+12 1.00E+13 1.00E+14 1.00E+15 1.00E+16
 2.76E-01 4.14E-01 6.89E-01 1.38E+00 2.76E+00 6.89E+00 1.38E+01 2.07E+01
 2.76E+01 4.14E+01 6.89E+01 1.38E+02 2.76E+02 4.14E+02
 1.00E-74 1.00E-74 1.66E-39 9.43E-25 2.02E-17 4.20E-13 9.75E-12 2.56E-11
 3.99E-11 5.88E-11 7.34E-11 7.55E-11 6.53E-11 5.78E-11
 1.00E-74 1.00E-74 1.66E-39 9.43E-25 2.02E-17 4.20E-13 9.74E-12 2.56E-11
 3.99E-11 5.88E-11 7.34E-11 7.55E-11 6.53E-11 5.78E-11
 1.00E-74 1.00E-74 1.66E-39 9.43E-25 2.01E-17 4.18E-13 9.70E-12 2.55E-11
 3.97E-11 5.85E-11 7.31E-11 7.52E-11 6.51E-11 5.76E-11
 1.00E-74 1.00E-74 1.71E-39 9.48E-25 1.98E-17 4.05E-13 9.36E-12 2.46E-11
 3.84E-11 5.67E-11 7.10E-11 7.34E-11 6.39E-11 5.67E-11
 1.00E-74 1.00E-74 1.97E-39 9.62E-25 1.82E-17 3.45E-13 7.86E-12 2.07E-11
 3.23E-11 4.81E-11 6.12E-11 6.47E-11 5.76E-11 5.17E-11
 1.00E-74 1.00E-74 2.43E-39 1.04E-24 1.65E-17 2.62E-13 5.51E-12 1.41E-11
 2.18E-11 3.22E-11 4.12E-11 4.46E-11 4.13E-11 3.79E-11
 1.00E-74 1.00E-74 4.30E-39 2.05E-24 3.22E-17 3.98E-13 6.53E-12 1.46E-11
 2.09E-11 2.84E-11 3.39E-11 3.53E-11 3.23E-11 2.96E-11
  3386.35    7  14 /pl=01:ss= 3:pb= 1:sz= 3/type=excit/ispb = t/isel =   43
 1.00E+10 1.00E+11 1.00E+12 1.00E+13 1.00E+14 1.00E+15 1.00E+16
 2.76E-01 4.14E-01 6.89E-01 1.38E+00 2.76E+00 6.89E+00 1.38E+01 2.07E+01
 2.76E+01 4.14E+01 6.89E+01 1.38E+02 2.76E+02 4.14E+02
 1.00E-74 1.00E-74 1.37E-40 1.52E-25 4.36E-18 1.04E-13 2.54E-12 6.90E-12
 1.11E-11 1.73E-11 2.37E-11 2.89E-11 3.07E-11 3.05E-11
 1.00E-74 1.00E-74 1.37E-40 1.52E-25 4.37E-18 1.04E-13 2.54E-12 6.91E-12
 1.11E-11 1.73E-11 2.37E-11 2.89E-11 3.07E-11 3.05E-11
 1.00E-74 1.00E-74 1.38E-40 1.54E-25 4.42E-18 1.06E-13 2.57E-12 6.96E-12
 1.12E-11 1.74E-11 2.38E-11 2.90E-11 3.08E-11 3.05E-11
 1.00E-74 1.00E-74 1.49E-40 1.68E-25 4.86E-18 1.15E-13 2.78E-12 7.50E-12
 1.20E-11 1.84E-11 2.50E-11 3.00E-11 3.14E-11 3.10E-11
 1.00E-74 1.00E-74 2.16E-40 2.43E-25 6.91E-18 1.60E-13 3.77E-12 1.00E-11
 1.58E-11 2.39E-11 3.14E-11 3.58E-11 3.56E-11 3.43E-11
 1.00E-74 1.00E-74 4.70E-40 4.21E-25 9.73E-18 1.92E-13 4.29E-12 1.12E-11
 1.75E-11 2.63E-11 3.42E-11 3.83E-11 3.72E-11 3.54E-11
 1.00E-74 1.00E-74 1.14E-39 1.07E-24 2.32E-17 3.44E-13 5.98E-12 1.37E-11
 1.97E-11 2.69E-11 3.23E-11 3.36E-11 3.10E-11 2.86E-11
  4535.93    7  14 /pl=01:ss= 3:pb= 1:sz= 3/type=excit/ispb = t/isel =   44
 1.00E+10 1.00E+11 1.00E+12 1.00E+13 1.00E+14 1.00E+15 1.00E+16
 2.76E-01 4.14E-01 6.89E-01 1.38E+00 2.76E+00 6.89E+00 1.38E+01 2.07E+01
 2.76E+01 4.14E+01 6.89E+01 1.38E+02 2.76E+02 4.14E+02
 1.00E-74 1.00E-74 3.00E-37 9.75E-24 4.71E-17 3.85E-13 6.51E-12 1.55E-11
 2.31E-11 3.29E-11 4.06E-11 4.23E-11 3.77E-11 3.36E-11
 1.00E-74 1.00E-74 3.00E-37 9.76E-24 4.71E-17 3.85E-13 6.51E-12 1.55E-11
 2.31E-11 3.29E-11 4.06E-11 4.23E-11 3.77E-11 3.36E-11
 1.00E-74 1.00E-74 3.01E-37 9.77E-24 4.71E-17 3.85E-13 6.51E-12 1.55E-11
 2.31E-11 3.29E-11 4.06E-11 4.23E-11 3.77E-11 3.36E-11
 1.00E-74 1.00E-74 3.06E-37 9.90E-24 4.76E-17 3.88E-13 6.55E-12 1.56E-11
 2.32E-11 3.30E-11 4.07E-11 4.24E-11 3.77E-11 3.37E-11
 1.00E-74 1.00E-74 3.64E-37 1.12E-23 5.25E-17 4.17E-13 6.94E-12 1.64E-11
 2.43E-11 3.43E-11 4.21E-11 4.36E-11 3.86E-11 3.43E-11
 1.00E-74 1.00E-74 1.00E-36 2.57E-23 1.01E-16 6.87E-13 1.06E-11 2.41E-11
 3.49E-11 4.78E-11 5.66E-11 5.63E-11 4.81E-11 4.20E-11
 1.00E-74 1.00E-74 2.94E-36 8.38E-23 3.37E-16 1.95E-12 2.49E-11 5.14E-11
 7.02E-11 9.10E-11 1.04E-10 1.04E-10 9.15E-11 8.14E-11
  4547.23    7  14 /pl=01:ss= 3:pb= 1:sz= 3/type=excit/ispb = t/isel =   45
 1.00E+10 1.00E+11 1.00E+12 1.00E+13 1.00E+14 1.00E+15 1.00E+16
 2.76E-01 4.14E-01 6.89E-01 1.38E+00 2.76E+00 6.89E+00 1.38E+01 2.07E+01
 2.76E+01 4.14E+01 6.89E+01 1.38E+02 2.76E+02 4.14E+02
 1.00E-74 1.00E-74 1.00E-74 5.57E-30 4.87E-20 3.51E-14 2.60E-12 9.98E-12
 1.88E-11 3.34E-11 4.85E-11 5.54E-11 5.05E-11 4.52E-11
 1.00E-74 1.00E-74 1.00E-74 5.57E-30 4.87E-20 3.51E-14 2.60E-12 9.98E-12
 1.88E-11 3.34E-11 4.85E-11 5.54E-11 5.05E-11 4.52E-11
 1.00E-74 1.00E-74 1.00E-74 5.57E-30 4.87E-20 3.51E-14 2.60E-12 9.98E-12
 1.88E-11 3.34E-11 4.85E-11 5.55E-11 5.05E-11 4.52E-11
 1.00E-74 1.00E-74 4.15E-50 5.55E-30 4.87E-20 3.51E-14 2.60E-12 9.99E-12
 1.88E-11 3.35E-11 4.86E-11 5.56E-11 5.07E-11 4.53E-11
 1.00E-74 1.00E-74 4.98E-50 5.48E-30 4.86E-20 3.54E-14 2.63E-12 1.01E-11
 1.91E-11 3.39E-11 4.93E-11 5.68E-11 5.22E-11 4.70E-11
 1.00E-74 1.00E-74 7.80E-50 7.38E-30 6.07E-20 4.24E-14 3.07E-12 1.17E-11
 2.17E-11 3.83E-11 5.53E-11 6.44E-11 6.11E-11 5.65E-11
 1.00E-74 1.00E-74 5.86E-49 4.73E-29 3.14E-19 1.64E-13 9.47E-12 3.15E-11
 5.40E-11 8.58E-11 1.12E-10 1.17E-10 1.03E-10 9.22E-11
  4549.53    7  14 /pl=01:ss= 3:pb= 1:sz= 3/type=excit/ispb = t/isel =   46
 1.00E+10 1.00E+11 1.00E+12 1.00E+13 1.00E+14 1.00E+15 1.00E+16
 2.76E-01 4.14E-01 6.89E-01 1.38E+00 2.76E+00 6.89E+00 1.38E+01 2.07E+01
 2.76E+01 4.14E+01 6.89E+01 1.38E+02 2.76E+02 4.14E+02
 1.00E-74 1.00E-74 5.61E-39 3.20E-24 6.84E-17 1.42E-12 3.31E-11 8.69E-11
 1.35E-10 1.99E-10 2.49E-10 2.56E-10 2.21E-10 1.96E-10
 1.00E-74 1.00E-74 5.62E-39 3.20E-24 6.84E-17 1.42E-12 3.30E-11 8.69E-11
 1.35E-10 1.99E-10 2.49E-10 2.56E-10 2.21E-10 1.96E-10
 1.00E-74 1.00E-74 5.64E-39 3.20E-24 6.83E-17 1.42E-12 3.29E-11 8.65E-11
 1.35E-10 1.99E-10 2.48E-10 2.55E-10 2.21E-10 1.95E-10
 1.00E-74 1.00E-74 5.81E-39 3.21E-24 6.72E-17 1.37E-12 3.18E-11 8.35E-11
 1.30E-10 1.92E-10 2.41E-10 2.49E-10 2.17E-10 1.92E-10
 1.00E-74 1.00E-74 6.68E-39 3.26E-24 6.17E-17 1.17E-12 2.66E-11 7.01E-11
 1.10E-10 1.63E-10 2.07E-10 2.19E-10 1.95E-10 1.75E-10
 1.00E-74 1.00E-74 8.23E-39 3.52E-24 5.60E-17 8.88E-13 1.87E-11 4.77E-11
 7.38E-11 1.09E-10 1.40E-10 1.51E-10 1.40E-10 1.29E-10
 1.00E-74 1.00E-74 1.46E-38 6.95E-24 1.09E-16 1.35E-12 2.21E-11 4.97E-11
 7.09E-11 9.63E-11 1.15E-10 1.20E-10 1.10E-10 1.00E-10
  5999.12    7  14 /pl=01:ss= 3:pb= 1:sz= 3/type=excit/ispb = t/isel =   47
 1.00E+10 1.00E+11 1.00E+12 1.00E+13 1.00E+14 1.00E+15 1.00E+16
 2.76E-01 4.14E-01 6.89E-01 1.38E+00 2.76E+00 6.89E+00 1.38E+01 2.07E+01
 2.76E+01 4.14E+01 6.89E+01 1.38E+02 2.76E+02 4.14E+02
 1.00E-74 1.00E-74 5.99E-42 3.87E-26 2.71E-18 1.10E-13 3.14E-12 8.81E-12
 1.42E-11 2.15E-11 2.76E-11 2.90E-11 2.57E-11 2.30E-11
 1.00E-74 1.00E-74 6.00E-42 3.87E-26 2.70E-18 1.10E-13 3.13E-12 8.80E-12
 1.41E-11 2.15E-11 2.76E-11 2.90E-11 2.56E-11 2.30E-11
 1.00E-74 1.00E-74 6.01E-42 3.84E-26 2.67E-18 1.08E-13 3.09E-12 8.69E-12
 1.40E-11 2.13E-11 2.74E-11 2.88E-11 2.55E-11 2.29E-11
 1.00E-74 1.00E-74 6.04E-42 3.65E-26 2.46E-18 9.80E-14 2.81E-12 7.94E-12
 1.28E-11 1.97E-11 2.56E-11 2.73E-11 2.45E-11 2.20E-11
 1.00E-74 1.00E-74 5.69E-42 3.03E-26 1.86E-18 7.01E-14 1.99E-12 5.65E-12
 9.21E-12 1.43E-11 1.91E-11 2.11E-11 1.97E-11 1.81E-11
 1.00E-74 1.00E-74 8.25E-42 3.74E-26 1.92E-18 6.12E-14 1.60E-12 4.37E-12
 6.96E-12 1.06E-11 1.37E-11 1.50E-11 1.38E-11 1.27E-11
 1.00E-74 1.00E-74 1.96E-41 1.02E-25 5.17E-18 1.27E-13 2.61E-12 6.28E-12
 9.26E-12 1.29E-11 1.57E-11 1.62E-11 1.46E-11 1.32E-11
  6537.06    7  14 /pl=01:ss= 3:pb= 1:sz= 3/type=excit/ispb = t/isel =   48
 1.00E+10 1.00E+11 1.00E+12 1.00E+13 1.00E+14 1.00E+15 1.00E+16
 2.76E-01 4.14E-01 6.89E-01 1.38E+00 2.76E+00 6.89E+00 1.38E+01 2.07E+01
 2.76E+01 4.14E+01 6.89E+01 1.38E+02 2.76E+02 4.14E+02
 1.00E-74 1.00E-74 1.58E-40 3.47E-25 1.42E-17 4.13E-13 1.06E-11 2.90E-11
 4.61E-11 6.94E-11 8.88E-11 9.40E-11 8.38E-11 7.46E-11
 1.00E-74 1.00E-74 1.58E-40 3.47E-25 1.41E-17 4.13E-13 1.06E-11 2.90E-11
 4.60E-11 6.94E-11 8.87E-11 9.39E-11 8.38E-11 7.45E-11
 1.00E-74 1.00E-74 1.56E-40 3.44E-25 1.40E-17 4.09E-13 1.05E-11 2.88E-11
 4.57E-11 6.90E-11 8.82E-11 9.35E-11 8.35E-11 7.43E-11
 1.00E-74 1.00E-74 1.44E-40 3.19E-25 1.30E-17 3.79E-13 9.79E-12 2.69E-11
 4.29E-11 6.50E-11 8.37E-11 8.95E-11 8.06E-11 7.21E-11
 1.00E-74 1.00E-74 9.94E-41 2.16E-25 8.55E-18 2.46E-13 6.40E-12 1.78E-11
 2.86E-11 4.42E-11 5.85E-11 6.54E-11 6.16E-11 5.66E-11
 1.00E-74 1.00E-74 1.02E-40 1.80E-25 5.83E-18 1.41E-13 3.40E-12 9.14E-12
 1.45E-11 2.20E-11 2.89E-11 3.24E-11 3.11E-11 2.92E-11
 1.00E-74 1.00E-74 2.16E-40 4.04E-25 1.24E-17 2.25E-13 4.19E-12 9.79E-12
 1.42E-11 1.97E-11 2.37E-11 2.47E-11 2.26E-11 2.07E-11
  6560.60    7  14 /pl=01:ss= 3:pb= 1:sz= 3/type=excit/ispb = t/isel =   49
 1.00E+10 1.00E+11 1.00E+12 1.00E+13 1.00E+14 1.00E+15 1.00E+16
 2.76E-01 4.14E-01 6.89E-01 1.38E+00 2.76E+00 6.89E+00 1.38E+01 2.07E+01
 2.76E+01 4.14E+01 6.89E+01 1.38E+02 2.76E+02 4.14E+02
 1.00E-74 1.00E-74 1.20E-37 9.20E-24 7.12E-17 8.03E-13 1.53E-11 3.78E-11
 5.73E-11 8.25E-11 1.02E-10 1.05E-10 9.21E-11 8.19E-11
 1.00E-74 1.00E-74 1.20E-37 9.19E-24 7.12E-17 8.03E-13 1.53E-11 3.78E-11
 5.73E-11 8.25E-11 1.02E-10 1.05E-10 9.21E-11 8.19E-11
 1.00E-74 1.00E-74 1.20E-37 9.18E-24 7.11E-17 8.01E-13 1.53E-11 3.78E-11
 5.72E-11 8.23E-11 1.02E-10 1.05E-10 9.20E-11 8.18E-11
 1.00E-74 1.00E-74 1.18E-37 9.04E-24 6.99E-17 7.86E-13 1.50E-11 3.71E-11
 5.61E-11 8.09E-11 1.00E-10 1.04E-10 9.11E-11 8.10E-11
 1.00E-74 1.00E-74 1.02E-37 7.93E-24 6.10E-17 6.75E-13 1.28E-11 3.18E-11
 4.83E-11 7.02E-11 8.79E-11 9.26E-11 8.30E-11 7.46E-11
 1.00E-74 1.00E-74 7.91E-38 5.82E-24 4.06E-17 3.98E-13 7.17E-12 1.75E-11
 2.65E-11 3.87E-11 4.93E-11 5.40E-11 5.11E-11 4.76E-11
 1.00E-74 1.00E-74 1.19E-37 8.34E-24 5.25E-17 3.82E-13 5.30E-12 1.13E-11
 1.58E-11 2.11E-11 2.52E-11 2.67E-11 2.53E-11 2.38E-11
  8629.39    7  14 /pl=01:ss= 3:pb= 1:sz= 3/type=excit/ispb = t/isel =   50
 1.00E+10 1.00E+11 1.00E+12 1.00E+13 1.00E+14 1.00E+15 1.00E+16
 2.76E-01 4.14E-01 6.89E-01 1.38E+00 2.76E+00 6.89E+00 1.38E+01 2.07E+01
 2.76E+01 4.14E+01 6.89E+01 1.38E+02 2.76E+02 4.14E+02
 1.00E-74 1.00E-74 1.11E-41 7.14E-26 5.00E-18 2.03E-13 5.79E-12 1.63E-11
 2.61E-11 3.98E-11 5.10E-11 5.35E-11 4.74E-11 4.24E-11
 1.00E-74 1.00E-74 1.11E-41 7.14E-26 4.99E-18 2.03E-13 5.79E-12 1.62E-11
 2.61E-11 3.97E-11 5.10E-11 5.35E-11 4.73E-11 4.24E-11
 1.00E-74 1.00E-74 1.11E-41 7.09E-26 4.93E-18 2.00E-13 5.71E-12 1.60E-11
 2.58E-11 3.93E-11 5.05E-11 5.32E-11 4.71E-11 4.22E-11
 1.00E-74 1.00E-74 1.12E-41 6.74E-26 4.53E-18 1.81E-13 5.19E-12 1.46E-11
 2.37E-11 3.64E-11 4.72E-11 5.04E-11 4.52E-11 4.07E-11
 1.00E-74 1.00E-74 1.05E-41 5.59E-26 3.44E-18 1.29E-13 3.68E-12 1.04E-11
 1.70E-11 2.65E-11 3.52E-11 3.90E-11 3.64E-11 3.34E-11
 1.00E-74 1.00E-74 1.52E-41 6.91E-26 3.54E-18 1.13E-13 2.95E-12 8.07E-12
 1.29E-11 1.95E-11 2.53E-11 2.76E-11 2.55E-11 2.34E-11
 1.00E-74 1.00E-74 3.62E-41 1.88E-25 9.54E-18 2.35E-13 4.82E-12 1.16E-11
 1.71E-11 2.38E-11 2.89E-11 3.00E-11 2.70E-11 2.44E-11
c-------------------------------------------------------------------------------
 
C  root partition information
C  ==========================
C
C  nuclear charge : 18
C  ion charge+1   :  4
C
C  population calculation information
C  ----------------------------------
C
C  population processing code: adas810
C
C  adf04 source file    : adf04_copmm#18_ca_40#ar3_t3.dat
C  adf18/a17_p208 file  : NULL
C
C  meta. ion. coeff. selector  : 
 
C  options  : lnorm =T  lpsel =F  lzsel =T  liosel=F
C           : lhsel =F  lrsel =F  lisel =F  lnsel =F
 
C  energy levels
C  -------------
C
C   lv      configuration    (2S+1)L(w-1/2)      energy (cm^-1)
C  ---   ------------------- --------------      --------------
c    1   24535                  (0)0(  9.5)             0.0
c    2   14545                  (0)0( 14.5)        142274.4
c    3   24525516               (0)0( 74.5)        187716.6
c    4   24525517               (0)0( 14.5)        239315.0
c    5   24525518               (0)0( 44.5)        276614.7
c    6   14535516               (0)0(199.0)        319006.2
c    7   24525519               (0)0( 74.5)        327719.4
c    8   2452551B               (0)0( 14.5)        343752.0
c    9   2452551A               (0)0(104.0)        349765.6
c   10   2452551C               (0)0( 44.5)        358994.5
c   11   2452551D               (0)0( 74.5)        380974.8
c   12   2452551G               (0)0( 14.5)        388524.8
c   13   2452551E               (0)0(104.0)        391191.4
c   14   2452551H               (0)0( 44.5)        396272.2
c   15   2452551I               (0)0( 74.5)        407860.5
c   16   14535518               (0)0(119.5)        411920.8
c   17   2452551M               (0)0( 14.5)        412074.4
c   18   2452551J               (0)0(104.0)        413468.0
c   19   2452551N               (0)0( 44.5)        416551.7
c   20   2452551O               (0)0( 74.5)        423421.2
c   21   2452551T               (0)0( 14.5)        426022.0
c   22   2452551P               (0)0(104.0)        426845.0
c   23   2452551U               (0)0( 44.5)        428842.2
c   24   2452551V               (0)0( 74.5)        433253.7
c   25   2452551W               (0)0(104.0)        435492.3
c   26   14535519               (0)0(199.0)        463113.2
c   27   1453551C               (0)0(119.5)        494882.1
c   28   1453551D               (0)0(199.0)        516873.5
 
 
 
c-------------------------------------------------------------------------------
 
C  superstage partition information
C  ================================
C
C  element symbol   : Ar
C  parent template  : 
C  partition level  :  1
C  superstage label :  3
C
C  tabulation       : photon emissivity coefft (te,ne)
C  units            : ph. emis coef(cm^3 s^-1); te (ev); ne (cm^-3)
C
C  photon emissivity atomic transitions
C  ------------------------------------
C  
C   isel  wvlen(A)            transition                type  ispb nspb
C                                                             ispp nspp sz    tg pr wr
C  ----- ---------- ----------------------------------- ----- ---- ---- --    -- -- --
C      1   202.068   27(0)0(119.5)-  1(0)0(  9.5)       excit   1    1   3    26 26  1
C      2   236.171   20(0)0( 74.5)-  1(0)0(  9.5)       excit   1    1   3    16 49  2
C      3   242.675   17(0)0( 14.5)-  1(0)0(  9.5)       excit   1    1   3    14 43  3
C      4   242.765   16(0)0(119.5)-  1(0)0(  9.5)       excit   1    1   3    24 13  4
C      5   245.182   15(0)0( 74.5)-  1(0)0(  9.5)       excit   1    1   3    12 39  5
C      6   257.384   12(0)0( 14.5)-  1(0)0(  9.5)       excit   1    1   3    10 25  6
C      7   262.485   11(0)0( 74.5)-  1(0)0(  9.5)       excit   1    1   3     8 32  7
C      8   290.907    8(0)0( 14.5)-  1(0)0(  9.5)       excit   1    1   3     6 15  8
C      9   403.591   25(0)0(104.0)-  3(0)0( 74.5)       excit   1    1   3    47 21  9
C     10   414.722   23(0)0( 44.5)-  3(0)0( 74.5)       excit   1    1   3    45 42 10
C     11   417.859    4(0)0( 14.5)-  1(0)0(  9.5)       excit   1    1   3     2  5 11
C     12   418.185   22(0)0(104.0)-  3(0)0( 74.5)       excit   1    1   3    43 18 12
C     13   436.996   19(0)0( 44.5)-  3(0)0( 74.5)       excit   1    1   3    41 29 13
C     14   442.965   18(0)0(104.0)-  3(0)0( 74.5)       excit   1    1   3    39 14 14
C     15   479.488   14(0)0( 44.5)-  3(0)0( 74.5)       excit   1    1   3    37 20 15
C     16   491.461   13(0)0(104.0)-  3(0)0( 74.5)       excit   1    1   3    35  9 16
C     17   532.718    3(0)0( 74.5)-  1(0)0(  9.5)       excit   1    1   3     1  1 17
C     18   565.829    6(0)0(199.0)-  2(0)0( 14.5)       excit   1    1   3   213  3 18
C     19   568.583   27(0)0(119.5)-  6(0)0(199.0)       excit   1    1   3   220 30 19
C     20   583.846   10(0)0( 44.5)-  3(0)0( 74.5)       excit   1    1   3    33 10 20
C     21   617.097    9(0)0(104.0)-  3(0)0( 74.5)       excit   1    1   3    31  7 21
C     22   637.116   14(0)0( 44.5)-  4(0)0( 14.5)       excit   1    1   3    54 41 22
C     23   702.867    2(0)0( 14.5)-  1(0)0(  9.5)       excit   1    1   3    22  2 23
C     24   835.565   10(0)0( 44.5)-  4(0)0( 14.5)       excit   1    1   3    51 31 24
C     25   893.574   12(0)0( 14.5)-  5(0)0( 44.5)       excit   1    1   3    68 38 25
C     26   927.877   25(0)0(104.0)-  7(0)0( 74.5)       excit   1    1   3    96 50 26
C     27   958.221   11(0)0( 74.5)-  5(0)0( 44.5)       excit   1    1   3    66 36 27
C     28   1008.82   22(0)0(104.0)-  7(0)0( 74.5)       excit   1    1   3    92 45 28
C     29   1076.26   16(0)0(119.5)-  6(0)0(199.0)       excit   1    1   3   218 12 29
C     30   1124.88    5(0)0( 44.5)-  3(0)0( 74.5)       excit   1    1   3    29  4 30
C     31   1125.72   19(0)0( 44.5)-  7(0)0( 74.5)       excit   1    1   3    90 44 31
C     32   1166.20   18(0)0(104.0)-  7(0)0( 74.5)       excit   1    1   3    88 34 32
C     33   1458.73   14(0)0( 44.5)-  7(0)0( 74.5)       excit   1    1   3    86 24 33
C     34   1489.48    8(0)0( 14.5)-  5(0)0( 44.5)       excit   1    1   3    64 19 34
C     35   1575.50   13(0)0(104.0)-  7(0)0( 74.5)       excit   1    1   3    84 28 35
C     36   1953.41   26(0)0(199.0)- 16(0)0(119.5)       excit   1    1   3   222 16 36
C     37   1956.77    7(0)0( 74.5)-  5(0)0( 44.5)       excit   1    1   3    62  6 37
C     38   2680.99    5(0)0( 44.5)-  4(0)0( 14.5)       excit   1    1   3    48  8 38
C     39   2810.81   19(0)0( 44.5)- 11(0)0( 74.5)       excit   1    1   3   140 48 39
C     40   3147.73   27(0)0(119.5)- 26(0)0(199.0)       excit   1    1   3   225 37 40
C     41   3197.43   10(0)0( 44.5)-  7(0)0( 74.5)       excit   1    1   3    82 11 41
C     42   3204.18   11(0)0( 74.5)-  9(0)0(104.0)       excit   1    1   3    98 27 42
C     43   3386.35   12(0)0( 14.5)- 10(0)0( 44.5)       excit   1    1   3   122 46 43
C     44   4535.93    9(0)0(104.0)-  7(0)0( 74.5)       excit   1    1   3    80 40 44
C     45   4547.23   28(0)0(199.0)- 27(0)0(119.5)       excit   1    1   3   227 33 45
C     46   4549.53   11(0)0( 74.5)- 10(0)0( 44.5)       excit   1    1   3   120 17 46
C     47   5999.12   15(0)0( 74.5)- 13(0)0(104.0)       excit   1    1   3   148 47 47
C     48   6537.06   14(0)0( 44.5)- 11(0)0( 74.5)       excit   1    1   3   136 23 48
C     49   6560.60   10(0)0( 44.5)-  8(0)0( 14.5)       excit   1    1   3   109 22 49
C     50   8629.39   15(0)0( 74.5)- 14(0)0( 44.5)       excit   1    1   3   164 35 50
c-------------------------------------------------------------------------------
                                                                                
C  code     : adas810
C  producer : Adam Foster
C  date     : 13/05/09
                                                                                
c-------------------------------------------------------------------------------
