   50    /Ar:13 photon emissivity coefficients/
--------------------------------------------------------------------------------
    1    1    1    1    1    1    1    1    1    1    1    1    1    1
    1    1    1    1    1
--------------------------------------------------------------------------------
//#01/p00/ 00/p01/ 01/p02/ 02/p03/ 03/p04/ 04/p05/ 05/p06/ 06/p07/ 07/p08/ 08/  
      p09/ 09/p10/ 10/p11/ 11/p12/ 12/p13/ 13/p14/ 14/p15/ 15/p16/ 16/p17/ 17/  
      p18/ 18/                                                                  
--------------------------------------------------------------------------------
  3.52522    7  14 /pl=01:ss=13:pb= 1:sz=13/type=excit/ispb = t/isel =    1
 1.00E+10 1.00E+11 1.00E+12 1.00E+13 1.00E+14 1.00E+15 1.00E+16
 3.38E+00 5.07E+00 8.44E+00 1.69E+01 3.38E+01 8.44E+01 1.69E+02 2.53E+02
 3.38E+02 5.07E+02 8.44E+02 1.69E+03 3.38E+03 5.07E+03
 1.00E-74 1.00E-74 1.00E-74 1.00E-74 1.00E-74 1.83E-29 1.44E-20 1.22E-17
 3.41E-16 9.00E-15 1.13E-13 6.68E-13 1.44E-12 1.77E-12
 1.00E-74 1.00E-74 1.00E-74 1.00E-74 1.00E-74 1.83E-29 1.44E-20 1.22E-17
 3.41E-16 9.00E-15 1.13E-13 6.68E-13 1.44E-12 1.77E-12
 1.00E-74 1.00E-74 1.00E-74 1.00E-74 1.00E-74 1.83E-29 1.44E-20 1.22E-17
 3.41E-16 9.00E-15 1.13E-13 6.68E-13 1.44E-12 1.77E-12
 1.00E-74 1.00E-74 1.00E-74 1.00E-74 1.00E-74 1.83E-29 1.44E-20 1.22E-17
 3.41E-16 9.00E-15 1.13E-13 6.68E-13 1.44E-12 1.77E-12
 1.00E-74 1.00E-74 1.00E-74 1.00E-74 1.00E-74 1.83E-29 1.44E-20 1.22E-17
 3.41E-16 9.00E-15 1.13E-13 6.68E-13 1.44E-12 1.77E-12
 1.00E-74 1.00E-74 1.00E-74 1.00E-74 1.00E-74 1.83E-29 1.44E-20 1.21E-17
 3.40E-16 8.99E-15 1.13E-13 6.67E-13 1.43E-12 1.77E-12
 1.00E-74 1.00E-74 1.00E-74 1.00E-74 1.00E-74 1.80E-29 1.42E-20 1.20E-17
 3.35E-16 8.87E-15 1.12E-13 6.61E-13 1.42E-12 1.76E-12
  4.05388    7  14 /pl=01:ss=13:pb= 1:sz=13/type=excit/ispb = t/isel =    2
 1.00E+10 1.00E+11 1.00E+12 1.00E+13 1.00E+14 1.00E+15 1.00E+16
 3.38E+00 5.07E+00 8.44E+00 1.69E+01 3.38E+01 8.44E+01 1.69E+02 2.53E+02
 3.38E+02 5.07E+02 8.44E+02 1.69E+03 3.38E+03 5.07E+03
 1.00E-74 1.00E-74 1.00E-74 1.00E-74 1.00E-74 1.91E-26 9.90E-19 3.39E-16
 6.04E-15 1.02E-13 8.98E-13 4.08E-12 7.81E-12 9.31E-12
 1.00E-74 1.00E-74 1.00E-74 1.00E-74 1.00E-74 1.91E-26 9.90E-19 3.39E-16
 6.04E-15 1.02E-13 8.98E-13 4.08E-12 7.81E-12 9.31E-12
 1.00E-74 1.00E-74 1.00E-74 1.00E-74 1.00E-74 1.91E-26 9.90E-19 3.39E-16
 6.04E-15 1.02E-13 8.98E-13 4.08E-12 7.81E-12 9.31E-12
 1.00E-74 1.00E-74 1.00E-74 1.00E-74 1.00E-74 1.91E-26 9.90E-19 3.39E-16
 6.04E-15 1.02E-13 8.98E-13 4.08E-12 7.81E-12 9.31E-12
 1.00E-74 1.00E-74 1.00E-74 1.00E-74 1.00E-74 1.90E-26 9.89E-19 3.39E-16
 6.04E-15 1.02E-13 8.98E-13 4.08E-12 7.81E-12 9.31E-12
 1.00E-74 1.00E-74 1.00E-74 1.00E-74 1.00E-74 1.90E-26 9.88E-19 3.39E-16
 6.03E-15 1.02E-13 8.97E-13 4.08E-12 7.80E-12 9.31E-12
 1.00E-74 1.00E-74 1.00E-74 1.00E-74 1.00E-74 1.88E-26 9.75E-19 3.34E-16
 5.96E-15 1.00E-13 8.88E-13 4.04E-12 7.75E-12 9.25E-12
  17.7016    7  14 /pl=01:ss=13:pb= 1:sz=13/type=excit/ispb = t/isel =    3
 1.00E+10 1.00E+11 1.00E+12 1.00E+13 1.00E+14 1.00E+15 1.00E+16
 3.38E+00 5.07E+00 8.44E+00 1.69E+01 3.38E+01 8.44E+01 1.69E+02 2.53E+02
 3.38E+02 5.07E+02 8.44E+02 1.69E+03 3.38E+03 5.07E+03
 1.00E-74 1.00E-74 1.00E-74 2.25E-29 1.61E-20 2.60E-15 1.18E-13 3.92E-13
 6.90E-13 1.16E-12 1.66E-12 2.01E-12 2.04E-12 1.97E-12
 1.00E-74 1.00E-74 1.00E-74 2.25E-29 1.61E-20 2.60E-15 1.18E-13 3.92E-13
 6.90E-13 1.16E-12 1.66E-12 2.01E-12 2.04E-12 1.97E-12
 1.00E-74 1.00E-74 1.00E-74 2.25E-29 1.61E-20 2.60E-15 1.18E-13 3.92E-13
 6.90E-13 1.16E-12 1.66E-12 2.01E-12 2.04E-12 1.97E-12
 1.00E-74 1.00E-74 2.49E-47 2.25E-29 1.61E-20 2.60E-15 1.18E-13 3.92E-13
 6.90E-13 1.16E-12 1.66E-12 2.01E-12 2.04E-12 1.97E-12
 1.00E-74 1.00E-74 2.99E-47 2.25E-29 1.61E-20 2.60E-15 1.18E-13 3.92E-13
 6.90E-13 1.16E-12 1.66E-12 2.01E-12 2.04E-12 1.97E-12
 1.00E-74 1.00E-74 3.12E-47 2.26E-29 1.61E-20 2.60E-15 1.18E-13 3.92E-13
 6.90E-13 1.16E-12 1.66E-12 2.00E-12 2.04E-12 1.97E-12
 1.00E-74 1.00E-74 3.12E-47 2.25E-29 1.60E-20 2.57E-15 1.17E-13 3.87E-13
 6.81E-13 1.15E-12 1.64E-12 1.98E-12 2.02E-12 1.95E-12
  18.2215    7  14 /pl=01:ss=13:pb= 1:sz=13/type=excit/ispb = t/isel =    4
 1.00E+10 1.00E+11 1.00E+12 1.00E+13 1.00E+14 1.00E+15 1.00E+16
 3.38E+00 5.07E+00 8.44E+00 1.69E+01 3.38E+01 8.44E+01 1.69E+02 2.53E+02
 3.38E+02 5.07E+02 8.44E+02 1.69E+03 3.38E+03 5.07E+03
 1.00E-74 1.00E-74 1.00E-74 1.32E-28 5.28E-20 5.98E-15 2.42E-13 7.73E-13
 1.33E-12 2.20E-12 3.12E-12 3.74E-12 3.79E-12 3.65E-12
 1.00E-74 1.00E-74 1.00E-74 1.32E-28 5.28E-20 5.98E-15 2.42E-13 7.73E-13
 1.33E-12 2.20E-12 3.12E-12 3.74E-12 3.79E-12 3.65E-12
 1.00E-74 1.00E-74 4.08E-46 1.32E-28 5.28E-20 5.98E-15 2.42E-13 7.73E-13
 1.33E-12 2.20E-12 3.12E-12 3.74E-12 3.79E-12 3.65E-12
 1.00E-74 1.00E-74 6.12E-46 1.32E-28 5.28E-20 5.98E-15 2.42E-13 7.73E-13
 1.33E-12 2.20E-12 3.12E-12 3.74E-12 3.79E-12 3.65E-12
 1.00E-74 1.00E-74 5.91E-46 1.32E-28 5.28E-20 5.98E-15 2.42E-13 7.73E-13
 1.33E-12 2.20E-12 3.12E-12 3.74E-12 3.79E-12 3.65E-12
 1.00E-74 1.00E-74 5.93E-46 1.32E-28 5.28E-20 5.98E-15 2.42E-13 7.72E-13
 1.33E-12 2.20E-12 3.12E-12 3.73E-12 3.79E-12 3.65E-12
 1.00E-74 1.00E-74 6.00E-46 1.33E-28 5.26E-20 5.92E-15 2.39E-13 7.64E-13
 1.32E-12 2.18E-12 3.09E-12 3.71E-12 3.76E-12 3.63E-12
  19.1577    7  14 /pl=01:ss=13:pb= 1:sz=13/type=excit/ispb = t/isel =    5
 1.00E+10 1.00E+11 1.00E+12 1.00E+13 1.00E+14 1.00E+15 1.00E+16
 3.38E+00 5.07E+00 8.44E+00 1.69E+01 3.38E+01 8.44E+01 1.69E+02 2.53E+02
 3.38E+02 5.07E+02 8.44E+02 1.69E+03 3.38E+03 5.07E+03
 1.00E-74 1.00E-74 7.40E-44 1.98E-27 2.96E-19 1.88E-14 6.31E-13 1.89E-12
 3.16E-12 5.08E-12 7.03E-12 8.33E-12 8.39E-12 8.09E-12
 1.00E-74 1.00E-74 6.66E-44 1.98E-27 2.96E-19 1.88E-14 6.31E-13 1.89E-12
 3.16E-12 5.08E-12 7.03E-12 8.33E-12 8.39E-12 8.09E-12
 1.00E-74 1.00E-74 6.36E-44 1.98E-27 2.96E-19 1.88E-14 6.31E-13 1.89E-12
 3.16E-12 5.08E-12 7.03E-12 8.33E-12 8.39E-12 8.09E-12
 1.00E-74 1.00E-74 6.34E-44 1.98E-27 2.96E-19 1.88E-14 6.31E-13 1.89E-12
 3.16E-12 5.08E-12 7.03E-12 8.33E-12 8.39E-12 8.09E-12
 1.00E-74 1.00E-74 6.34E-44 1.98E-27 2.96E-19 1.88E-14 6.31E-13 1.89E-12
 3.16E-12 5.08E-12 7.03E-12 8.33E-12 8.39E-12 8.09E-12
 1.00E-74 1.00E-74 6.35E-44 1.98E-27 2.96E-19 1.88E-14 6.30E-13 1.88E-12
 3.16E-12 5.08E-12 7.02E-12 8.32E-12 8.39E-12 8.09E-12
 1.00E-74 1.00E-74 6.43E-44 1.99E-27 2.95E-19 1.86E-14 6.23E-13 1.87E-12
 3.13E-12 5.03E-12 6.97E-12 8.27E-12 8.35E-12 8.05E-12
  19.3168    7  14 /pl=01:ss=13:pb= 1:sz=13/type=excit/ispb = t/isel =    6
 1.00E+10 1.00E+11 1.00E+12 1.00E+13 1.00E+14 1.00E+15 1.00E+16
 3.38E+00 5.07E+00 8.44E+00 1.69E+01 3.38E+01 8.44E+01 1.69E+02 2.53E+02
 3.38E+02 5.07E+02 8.44E+02 1.69E+03 3.38E+03 5.07E+03
 1.00E-74 1.00E-74 1.00E-74 5.24E-29 7.55E-21 5.15E-16 1.80E-14 5.48E-14
 9.23E-14 1.48E-13 2.03E-13 2.36E-13 2.34E-13 2.23E-13
 1.00E-74 1.00E-74 2.89E-45 5.24E-29 7.55E-21 5.15E-16 1.80E-14 5.48E-14
 9.23E-14 1.48E-13 2.03E-13 2.36E-13 2.34E-13 2.23E-13
 1.00E-74 1.00E-74 2.17E-45 5.24E-29 7.55E-21 5.15E-16 1.80E-14 5.48E-14
 9.23E-14 1.48E-13 2.03E-13 2.36E-13 2.34E-13 2.23E-13
 1.00E-74 1.00E-74 2.19E-45 5.24E-29 7.55E-21 5.15E-16 1.80E-14 5.48E-14
 9.23E-14 1.48E-13 2.03E-13 2.36E-13 2.34E-13 2.23E-13
 1.00E-74 1.00E-74 2.20E-45 5.25E-29 7.56E-21 5.16E-16 1.80E-14 5.48E-14
 9.23E-14 1.48E-13 2.03E-13 2.36E-13 2.34E-13 2.23E-13
 1.00E-74 1.00E-74 2.23E-45 5.31E-29 7.61E-21 5.17E-16 1.80E-14 5.48E-14
 9.23E-14 1.48E-13 2.03E-13 2.36E-13 2.34E-13 2.23E-13
 1.00E-74 1.00E-74 2.54E-45 5.89E-29 8.10E-21 5.28E-16 1.82E-14 5.50E-14
 9.25E-14 1.48E-13 2.03E-13 2.36E-13 2.34E-13 2.24E-13
  20.2255    7  14 /pl=01:ss=13:pb= 1:sz=13/type=excit/ispb = t/isel =    7
 1.00E+10 1.00E+11 1.00E+12 1.00E+13 1.00E+14 1.00E+15 1.00E+16
 3.38E+00 5.07E+00 8.44E+00 1.69E+01 3.38E+01 8.44E+01 1.69E+02 2.53E+02
 3.38E+02 5.07E+02 8.44E+02 1.69E+03 3.38E+03 5.07E+03
 1.00E-74 1.00E-74 6.41E-42 2.63E-26 1.42E-18 4.88E-14 1.35E-12 3.83E-12
 6.29E-12 1.01E-11 1.45E-11 1.86E-11 2.08E-11 2.12E-11
 1.00E-74 1.00E-74 6.40E-42 2.63E-26 1.42E-18 4.88E-14 1.35E-12 3.83E-12
 6.29E-12 1.01E-11 1.45E-11 1.86E-11 2.08E-11 2.12E-11
 1.00E-74 1.00E-74 6.40E-42 2.63E-26 1.42E-18 4.88E-14 1.35E-12 3.83E-12
 6.29E-12 1.01E-11 1.45E-11 1.86E-11 2.08E-11 2.12E-11
 1.00E-74 1.00E-74 6.40E-42 2.63E-26 1.42E-18 4.88E-14 1.35E-12 3.83E-12
 6.29E-12 1.01E-11 1.45E-11 1.86E-11 2.08E-11 2.12E-11
 1.00E-74 1.00E-74 6.40E-42 2.63E-26 1.42E-18 4.88E-14 1.35E-12 3.83E-12
 6.29E-12 1.01E-11 1.45E-11 1.86E-11 2.08E-11 2.12E-11
 1.00E-74 1.00E-74 6.44E-42 2.64E-26 1.42E-18 4.89E-14 1.35E-12 3.83E-12
 6.29E-12 1.01E-11 1.45E-11 1.86E-11 2.08E-11 2.12E-11
 1.00E-74 1.00E-74 6.83E-42 2.74E-26 1.45E-18 4.91E-14 1.35E-12 3.82E-12
 6.28E-12 1.01E-11 1.44E-11 1.85E-11 2.07E-11 2.11E-11
  21.1703    7  14 /pl=01:ss=13:pb= 1:sz=13/type=excit/ispb = t/isel =    8
 1.00E+10 1.00E+11 1.00E+12 1.00E+13 1.00E+14 1.00E+15 1.00E+16
 3.38E+00 5.07E+00 8.44E+00 1.69E+01 3.38E+01 8.44E+01 1.69E+02 2.53E+02
 3.38E+02 5.07E+02 8.44E+02 1.69E+03 3.38E+03 5.07E+03
 1.00E-74 1.00E-74 2.61E-40 2.12E-25 5.13E-18 1.10E-13 2.60E-12 6.94E-12
 1.10E-11 1.68E-11 2.25E-11 2.60E-11 2.61E-11 2.52E-11
 1.00E-74 1.00E-74 2.61E-40 2.12E-25 5.13E-18 1.10E-13 2.60E-12 6.94E-12
 1.10E-11 1.68E-11 2.25E-11 2.60E-11 2.61E-11 2.52E-11
 1.00E-74 1.00E-74 2.61E-40 2.12E-25 5.13E-18 1.10E-13 2.60E-12 6.94E-12
 1.10E-11 1.68E-11 2.25E-11 2.60E-11 2.61E-11 2.52E-11
 1.00E-74 1.00E-74 2.61E-40 2.12E-25 5.13E-18 1.10E-13 2.60E-12 6.94E-12
 1.10E-11 1.68E-11 2.25E-11 2.60E-11 2.61E-11 2.52E-11
 1.00E-74 1.00E-74 2.61E-40 2.12E-25 5.13E-18 1.10E-13 2.60E-12 6.94E-12
 1.10E-11 1.68E-11 2.25E-11 2.60E-11 2.61E-11 2.52E-11
 1.00E-74 1.00E-74 2.62E-40 2.13E-25 5.13E-18 1.10E-13 2.59E-12 6.94E-12
 1.10E-11 1.68E-11 2.25E-11 2.60E-11 2.61E-11 2.52E-11
 1.00E-74 1.00E-74 2.66E-40 2.14E-25 5.12E-18 1.09E-13 2.57E-12 6.87E-12
 1.09E-11 1.67E-11 2.24E-11 2.58E-11 2.61E-11 2.51E-11
  21.5413    7  14 /pl=01:ss=13:pb= 1:sz=13/type=excit/ispb = t/isel =    9
 1.00E+10 1.00E+11 1.00E+12 1.00E+13 1.00E+14 1.00E+15 1.00E+16
 3.38E+00 5.07E+00 8.44E+00 1.69E+01 3.38E+01 8.44E+01 1.69E+02 2.53E+02
 3.38E+02 5.07E+02 8.44E+02 1.69E+03 3.38E+03 5.07E+03
 1.00E-74 1.00E-74 5.80E-42 3.16E-26 1.96E-18 7.22E-14 1.99E-12 5.51E-12
 8.83E-12 1.34E-11 1.71E-11 1.78E-11 1.54E-11 1.35E-11
 1.00E-74 1.00E-74 5.84E-42 3.16E-26 1.96E-18 7.22E-14 1.99E-12 5.51E-12
 8.83E-12 1.34E-11 1.71E-11 1.78E-11 1.54E-11 1.35E-11
 1.00E-74 1.00E-74 5.84E-42 3.16E-26 1.96E-18 7.22E-14 1.99E-12 5.51E-12
 8.83E-12 1.34E-11 1.71E-11 1.78E-11 1.54E-11 1.35E-11
 1.00E-74 1.00E-74 5.85E-42 3.16E-26 1.96E-18 7.22E-14 1.99E-12 5.51E-12
 8.83E-12 1.34E-11 1.71E-11 1.78E-11 1.54E-11 1.35E-11
 1.00E-74 1.00E-74 5.85E-42 3.17E-26 1.96E-18 7.22E-14 1.99E-12 5.51E-12
 8.83E-12 1.34E-11 1.71E-11 1.78E-11 1.54E-11 1.35E-11
 1.00E-74 1.00E-74 5.94E-42 3.20E-26 1.97E-18 7.25E-14 1.99E-12 5.53E-12
 8.85E-12 1.34E-11 1.71E-11 1.78E-11 1.54E-11 1.35E-11
 1.00E-74 1.00E-74 6.75E-42 3.50E-26 2.09E-18 7.51E-14 2.04E-12 5.64E-12
 9.02E-12 1.36E-11 1.74E-11 1.81E-11 1.57E-11 1.37E-11
  21.5651    7  14 /pl=01:ss=13:pb= 1:sz=13/type=excit/ispb = t/isel =   10
 1.00E+10 1.00E+11 1.00E+12 1.00E+13 1.00E+14 1.00E+15 1.00E+16
 3.38E+00 5.07E+00 8.44E+00 1.69E+01 3.38E+01 8.44E+01 1.69E+02 2.53E+02
 3.38E+02 5.07E+02 8.44E+02 1.69E+03 3.38E+03 5.07E+03
 1.00E-74 1.00E-74 1.85E-41 8.09E-27 1.58E-19 3.79E-15 1.01E-13 2.83E-13
 4.60E-13 7.13E-13 9.52E-13 1.08E-12 1.04E-12 9.83E-13
 1.00E-74 1.00E-74 1.85E-41 8.09E-27 1.58E-19 3.79E-15 1.01E-13 2.83E-13
 4.60E-13 7.13E-13 9.52E-13 1.08E-12 1.04E-12 9.83E-13
 1.00E-74 1.00E-74 1.85E-41 8.09E-27 1.58E-19 3.79E-15 1.01E-13 2.83E-13
 4.60E-13 7.13E-13 9.52E-13 1.08E-12 1.04E-12 9.83E-13
 1.00E-74 1.00E-74 1.85E-41 8.09E-27 1.58E-19 3.79E-15 1.01E-13 2.83E-13
 4.60E-13 7.13E-13 9.52E-13 1.08E-12 1.04E-12 9.83E-13
 1.00E-74 1.00E-74 1.85E-41 8.10E-27 1.58E-19 3.79E-15 1.01E-13 2.83E-13
 4.60E-13 7.13E-13 9.52E-13 1.08E-12 1.04E-12 9.83E-13
 1.00E-74 1.00E-74 1.87E-41 8.16E-27 1.59E-19 3.79E-15 1.01E-13 2.83E-13
 4.59E-13 7.12E-13 9.51E-13 1.08E-12 1.04E-12 9.84E-13
 1.00E-74 1.00E-74 2.03E-41 8.71E-27 1.65E-19 3.81E-15 1.00E-13 2.81E-13
 4.56E-13 7.08E-13 9.47E-13 1.07E-12 1.04E-12 9.84E-13
  26.2688    7  14 /pl=01:ss=13:pb= 1:sz=13/type=excit/ispb = t/isel =   11
 1.00E+10 1.00E+11 1.00E+12 1.00E+13 1.00E+14 1.00E+15 1.00E+16
 3.38E+00 5.07E+00 8.44E+00 1.69E+01 3.38E+01 8.44E+01 1.69E+02 2.53E+02
 3.38E+02 5.07E+02 8.44E+02 1.69E+03 3.38E+03 5.07E+03
 1.00E-74 1.00E-74 4.65E-34 4.53E-22 3.77E-16 1.09E-12 1.36E-11 3.02E-11
 4.42E-11 6.39E-11 8.48E-11 1.05E-10 1.15E-10 1.17E-10
 1.00E-74 1.00E-74 4.65E-34 4.53E-22 3.77E-16 1.09E-12 1.36E-11 3.02E-11
 4.42E-11 6.39E-11 8.48E-11 1.05E-10 1.15E-10 1.17E-10
 1.00E-74 1.00E-74 4.65E-34 4.53E-22 3.77E-16 1.09E-12 1.36E-11 3.02E-11
 4.42E-11 6.39E-11 8.48E-11 1.05E-10 1.15E-10 1.17E-10
 1.00E-74 1.00E-74 4.66E-34 4.53E-22 3.77E-16 1.09E-12 1.36E-11 3.02E-11
 4.42E-11 6.39E-11 8.48E-11 1.05E-10 1.15E-10 1.17E-10
 1.00E-74 1.00E-74 4.66E-34 4.54E-22 3.78E-16 1.09E-12 1.36E-11 3.02E-11
 4.42E-11 6.39E-11 8.48E-11 1.05E-10 1.15E-10 1.17E-10
 1.00E-74 1.00E-74 4.70E-34 4.56E-22 3.79E-16 1.09E-12 1.36E-11 3.02E-11
 4.42E-11 6.39E-11 8.48E-11 1.05E-10 1.15E-10 1.17E-10
 1.00E-74 7.06E-50 5.07E-34 4.81E-22 3.91E-16 1.11E-12 1.37E-11 3.03E-11
 4.43E-11 6.39E-11 8.47E-11 1.05E-10 1.15E-10 1.17E-10
  27.4477    7  14 /pl=01:ss=13:pb= 1:sz=13/type=excit/ispb = t/isel =   12
 1.00E+10 1.00E+11 1.00E+12 1.00E+13 1.00E+14 1.00E+15 1.00E+16
 3.38E+00 5.07E+00 8.44E+00 1.69E+01 3.38E+01 8.44E+01 1.69E+02 2.53E+02
 3.38E+02 5.07E+02 8.44E+02 1.69E+03 3.38E+03 5.07E+03
 1.00E-74 1.00E-74 1.15E-32 3.37E-21 1.54E-15 3.05E-12 3.29E-11 6.85E-11
 9.65E-11 1.32E-10 1.64E-10 1.84E-10 1.85E-10 1.79E-10
 1.00E-74 1.00E-74 1.15E-32 3.37E-21 1.54E-15 3.05E-12 3.29E-11 6.85E-11
 9.65E-11 1.32E-10 1.64E-10 1.84E-10 1.85E-10 1.79E-10
 1.00E-74 1.00E-74 1.15E-32 3.37E-21 1.54E-15 3.05E-12 3.29E-11 6.85E-11
 9.65E-11 1.32E-10 1.64E-10 1.84E-10 1.85E-10 1.79E-10
 1.00E-74 1.00E-74 1.15E-32 3.37E-21 1.54E-15 3.05E-12 3.29E-11 6.85E-11
 9.65E-11 1.32E-10 1.64E-10 1.84E-10 1.85E-10 1.79E-10
 1.00E-74 1.00E-74 1.16E-32 3.37E-21 1.54E-15 3.05E-12 3.29E-11 6.85E-11
 9.65E-11 1.32E-10 1.64E-10 1.84E-10 1.85E-10 1.79E-10
 1.00E-74 4.65E-48 1.16E-32 3.39E-21 1.55E-15 3.06E-12 3.30E-11 6.85E-11
 9.65E-11 1.32E-10 1.64E-10 1.84E-10 1.85E-10 1.79E-10
 1.00E-74 5.12E-48 1.23E-32 3.52E-21 1.58E-15 3.09E-12 3.32E-11 6.90E-11
 9.71E-11 1.33E-10 1.65E-10 1.84E-10 1.85E-10 1.79E-10
  28.0488    7  14 /pl=01:ss=13:pb= 1:sz=13/type=excit/ispb = t/isel =   13
 1.00E+10 1.00E+11 1.00E+12 1.00E+13 1.00E+14 1.00E+15 1.00E+16
 3.38E+00 5.07E+00 8.44E+00 1.69E+01 3.38E+01 8.44E+01 1.69E+02 2.53E+02
 3.38E+02 5.07E+02 8.44E+02 1.69E+03 3.38E+03 5.07E+03
 1.00E-74 1.00E-74 2.94E-34 5.86E-22 6.96E-16 2.41E-12 3.03E-11 6.51E-11
 9.19E-11 1.23E-10 1.44E-10 1.42E-10 1.21E-10 1.06E-10
 1.00E-74 1.00E-74 2.94E-34 5.86E-22 6.96E-16 2.41E-12 3.03E-11 6.51E-11
 9.19E-11 1.23E-10 1.44E-10 1.42E-10 1.21E-10 1.06E-10
 1.00E-74 1.00E-74 2.94E-34 5.86E-22 6.96E-16 2.41E-12 3.03E-11 6.51E-11
 9.19E-11 1.23E-10 1.44E-10 1.42E-10 1.21E-10 1.06E-10
 1.00E-74 1.00E-74 2.94E-34 5.86E-22 6.96E-16 2.41E-12 3.03E-11 6.51E-11
 9.19E-11 1.23E-10 1.44E-10 1.42E-10 1.21E-10 1.06E-10
 1.00E-74 1.00E-74 2.94E-34 5.86E-22 6.97E-16 2.41E-12 3.04E-11 6.52E-11
 9.20E-11 1.23E-10 1.44E-10 1.42E-10 1.21E-10 1.06E-10
 1.00E-74 1.00E-74 2.98E-34 5.91E-22 7.01E-16 2.42E-12 3.04E-11 6.53E-11
 9.21E-11 1.23E-10 1.44E-10 1.42E-10 1.21E-10 1.06E-10
 1.00E-74 1.00E-74 3.33E-34 6.40E-22 7.38E-16 2.49E-12 3.10E-11 6.64E-11
 9.35E-11 1.25E-10 1.46E-10 1.44E-10 1.23E-10 1.08E-10
  28.2157    7  14 /pl=01:ss=13:pb= 1:sz=13/type=excit/ispb = t/isel =   14
 1.00E+10 1.00E+11 1.00E+12 1.00E+13 1.00E+14 1.00E+15 1.00E+16
 3.38E+00 5.07E+00 8.44E+00 1.69E+01 3.38E+01 8.44E+01 1.69E+02 2.53E+02
 3.38E+02 5.07E+02 8.44E+02 1.69E+03 3.38E+03 5.07E+03
 1.00E-74 1.00E-74 3.02E-33 4.25E-22 1.34E-16 2.19E-13 2.26E-12 4.64E-12
 6.44E-12 8.58E-12 1.01E-11 1.02E-11 8.98E-12 8.09E-12
 1.00E-74 3.92E-48 3.02E-33 4.25E-22 1.34E-16 2.19E-13 2.26E-12 4.64E-12
 6.44E-12 8.58E-12 1.01E-11 1.02E-11 8.98E-12 8.09E-12
 1.00E-74 3.53E-48 3.02E-33 4.25E-22 1.34E-16 2.19E-13 2.26E-12 4.64E-12
 6.44E-12 8.58E-12 1.01E-11 1.02E-11 8.98E-12 8.09E-12
 1.00E-74 3.34E-48 3.02E-33 4.25E-22 1.34E-16 2.19E-13 2.26E-12 4.64E-12
 6.44E-12 8.57E-12 1.01E-11 1.02E-11 8.98E-12 8.09E-12
 1.00E-74 3.34E-48 3.01E-33 4.24E-22 1.34E-16 2.19E-13 2.26E-12 4.63E-12
 6.43E-12 8.56E-12 1.01E-11 1.02E-11 8.97E-12 8.08E-12
 1.00E-74 3.24E-48 2.92E-33 4.12E-22 1.31E-16 2.14E-13 2.22E-12 4.55E-12
 6.33E-12 8.44E-12 9.98E-12 1.01E-11 8.90E-12 8.03E-12
 1.00E-74 2.50E-48 2.28E-33 3.24E-22 1.04E-16 1.75E-13 1.86E-12 3.89E-12
 5.46E-12 7.39E-12 8.89E-12 9.16E-12 8.26E-12 7.52E-12
  29.2128    7  14 /pl=01:ss=13:pb= 1:sz=13/type=excit/ispb = t/isel =   15
 1.00E+10 1.00E+11 1.00E+12 1.00E+13 1.00E+14 1.00E+15 1.00E+16
 3.38E+00 5.07E+00 8.44E+00 1.69E+01 3.38E+01 8.44E+01 1.69E+02 2.53E+02
 3.38E+02 5.07E+02 8.44E+02 1.69E+03 3.38E+03 5.07E+03
 1.00E-74 1.00E-74 1.63E-32 1.71E-21 4.96E-16 8.09E-13 8.77E-12 1.85E-11
 2.62E-11 3.57E-11 4.30E-11 4.44E-11 4.02E-11 3.67E-11
 1.00E-74 1.00E-74 1.63E-32 1.71E-21 4.96E-16 8.09E-13 8.77E-12 1.85E-11
 2.62E-11 3.57E-11 4.30E-11 4.44E-11 4.02E-11 3.67E-11
 1.00E-74 1.00E-74 1.63E-32 1.71E-21 4.96E-16 8.09E-13 8.77E-12 1.85E-11
 2.62E-11 3.57E-11 4.30E-11 4.44E-11 4.02E-11 3.67E-11
 1.00E-74 1.00E-74 1.63E-32 1.71E-21 4.96E-16 8.09E-13 8.77E-12 1.85E-11
 2.62E-11 3.57E-11 4.30E-11 4.43E-11 4.02E-11 3.67E-11
 1.00E-74 3.92E-47 1.63E-32 1.71E-21 4.96E-16 8.08E-13 8.76E-12 1.85E-11
 2.62E-11 3.57E-11 4.29E-11 4.43E-11 4.02E-11 3.67E-11
 1.00E-74 3.52E-47 1.62E-32 1.70E-21 4.92E-16 8.01E-13 8.69E-12 1.84E-11
 2.60E-11 3.55E-11 4.27E-11 4.41E-11 4.00E-11 3.66E-11
 1.00E-74 3.58E-47 1.62E-32 1.63E-21 4.58E-16 7.41E-13 8.09E-12 1.72E-11
 2.45E-11 3.35E-11 4.07E-11 4.25E-11 3.88E-11 3.56E-11
  45.0581    7  14 /pl=01:ss=13:pb= 1:sz=13/type=excit/ispb = t/isel =   16
 1.00E+10 1.00E+11 1.00E+12 1.00E+13 1.00E+14 1.00E+15 1.00E+16
 3.38E+00 5.07E+00 8.44E+00 1.69E+01 3.38E+01 8.44E+01 1.69E+02 2.53E+02
 3.38E+02 5.07E+02 8.44E+02 1.69E+03 3.38E+03 5.07E+03
 1.00E-74 1.00E-74 1.00E-74 3.88E-30 2.70E-21 4.28E-16 1.91E-14 6.23E-14
 1.08E-13 1.78E-13 2.43E-13 2.66E-13 2.38E-13 2.11E-13
 1.00E-74 1.00E-74 1.00E-74 3.88E-30 2.70E-21 4.28E-16 1.91E-14 6.23E-14
 1.08E-13 1.78E-13 2.43E-13 2.66E-13 2.38E-13 2.11E-13
 1.00E-74 1.00E-74 1.00E-74 3.88E-30 2.70E-21 4.28E-16 1.91E-14 6.23E-14
 1.08E-13 1.78E-13 2.43E-13 2.66E-13 2.38E-13 2.11E-13
 1.00E-74 1.00E-74 6.56E-48 3.88E-30 2.70E-21 4.28E-16 1.91E-14 6.23E-14
 1.08E-13 1.78E-13 2.43E-13 2.66E-13 2.38E-13 2.11E-13
 1.00E-74 1.00E-74 5.57E-48 3.87E-30 2.70E-21 4.27E-16 1.91E-14 6.22E-14
 1.08E-13 1.78E-13 2.43E-13 2.66E-13 2.38E-13 2.11E-13
 1.00E-74 1.00E-74 5.44E-48 3.77E-30 2.64E-21 4.20E-16 1.88E-14 6.15E-14
 1.07E-13 1.76E-13 2.41E-13 2.65E-13 2.37E-13 2.10E-13
 1.00E-74 1.00E-74 4.51E-48 3.17E-30 2.25E-21 3.66E-16 1.68E-14 5.54E-14
 9.74E-14 1.62E-13 2.25E-13 2.51E-13 2.29E-13 2.05E-13
  47.5039    7  14 /pl=01:ss=13:pb= 1:sz=13/type=excit/ispb = t/isel =   17
 1.00E+10 1.00E+11 1.00E+12 1.00E+13 1.00E+14 1.00E+15 1.00E+16
 3.38E+00 5.07E+00 8.44E+00 1.69E+01 3.38E+01 8.44E+01 1.69E+02 2.53E+02
 3.38E+02 5.07E+02 8.44E+02 1.69E+03 3.38E+03 5.07E+03
 1.00E-74 1.00E-74 1.00E-74 6.37E-30 4.55E-21 7.35E-16 3.35E-14 1.11E-13
 1.95E-13 3.29E-13 4.69E-13 5.67E-13 5.77E-13 5.57E-13
 1.00E-74 1.00E-74 1.00E-74 6.37E-30 4.55E-21 7.35E-16 3.35E-14 1.11E-13
 1.95E-13 3.29E-13 4.69E-13 5.67E-13 5.77E-13 5.57E-13
 1.00E-74 1.00E-74 1.00E-74 6.37E-30 4.55E-21 7.35E-16 3.35E-14 1.11E-13
 1.95E-13 3.29E-13 4.69E-13 5.67E-13 5.77E-13 5.57E-13
 1.00E-74 1.00E-74 7.05E-48 6.37E-30 4.55E-21 7.35E-16 3.35E-14 1.11E-13
 1.95E-13 3.29E-13 4.69E-13 5.67E-13 5.77E-13 5.57E-13
 1.00E-74 1.00E-74 8.46E-48 6.37E-30 4.55E-21 7.35E-16 3.35E-14 1.11E-13
 1.95E-13 3.29E-13 4.69E-13 5.67E-13 5.77E-13 5.57E-13
 1.00E-74 1.00E-74 8.81E-48 6.37E-30 4.55E-21 7.34E-16 3.34E-14 1.11E-13
 1.95E-13 3.29E-13 4.69E-13 5.66E-13 5.77E-13 5.57E-13
 1.00E-74 1.00E-74 8.83E-48 6.36E-30 4.51E-21 7.25E-16 3.30E-14 1.09E-13
 1.93E-13 3.25E-13 4.64E-13 5.61E-13 5.71E-13 5.52E-13
  48.6832    7  14 /pl=01:ss=13:pb= 1:sz=13/type=excit/ispb = t/isel =   18
 1.00E+10 1.00E+11 1.00E+12 1.00E+13 1.00E+14 1.00E+15 1.00E+16
 3.38E+00 5.07E+00 8.44E+00 1.69E+01 3.38E+01 8.44E+01 1.69E+02 2.53E+02
 3.38E+02 5.07E+02 8.44E+02 1.69E+03 3.38E+03 5.07E+03
 1.00E-74 1.00E-74 1.00E-74 2.52E-29 9.74E-21 1.08E-15 4.31E-14 1.36E-13
 2.31E-13 3.73E-13 5.03E-13 5.48E-13 4.92E-13 4.38E-13
 1.00E-74 1.00E-74 1.00E-74 2.52E-29 9.74E-21 1.08E-15 4.31E-14 1.36E-13
 2.31E-13 3.73E-13 5.03E-13 5.48E-13 4.92E-13 4.38E-13
 1.00E-74 1.00E-74 1.03E-46 2.52E-29 9.74E-21 1.08E-15 4.31E-14 1.36E-13
 2.31E-13 3.73E-13 5.03E-13 5.48E-13 4.92E-13 4.38E-13
 1.00E-74 1.00E-74 1.24E-46 2.52E-29 9.74E-21 1.08E-15 4.31E-14 1.36E-13
 2.31E-13 3.73E-13 5.03E-13 5.48E-13 4.92E-13 4.38E-13
 1.00E-74 1.00E-74 1.22E-46 2.52E-29 9.73E-21 1.08E-15 4.31E-14 1.35E-13
 2.31E-13 3.73E-13 5.03E-13 5.48E-13 4.92E-13 4.38E-13
 1.00E-74 1.00E-74 1.21E-46 2.50E-29 9.66E-21 1.08E-15 4.29E-14 1.35E-13
 2.30E-13 3.71E-13 5.01E-13 5.47E-13 4.91E-13 4.38E-13
 1.00E-74 1.00E-74 1.12E-46 2.32E-29 9.00E-21 1.01E-15 4.06E-14 1.28E-13
 2.20E-13 3.57E-13 4.85E-13 5.34E-13 4.82E-13 4.31E-13
  49.7683    7  14 /pl=01:ss=13:pb= 1:sz=13/type=excit/ispb = t/isel =   19
 1.00E+10 1.00E+11 1.00E+12 1.00E+13 1.00E+14 1.00E+15 1.00E+16
 3.38E+00 5.07E+00 8.44E+00 1.69E+01 3.38E+01 8.44E+01 1.69E+02 2.53E+02
 3.38E+02 5.07E+02 8.44E+02 1.69E+03 3.38E+03 5.07E+03
 1.00E-74 1.00E-74 1.00E-74 4.68E-30 3.39E-21 5.49E-16 2.49E-14 8.20E-14
 1.44E-13 2.39E-13 3.34E-13 3.80E-13 3.54E-13 3.21E-13
 1.00E-74 1.00E-74 1.00E-74 4.68E-30 3.39E-21 5.49E-16 2.49E-14 8.20E-14
 1.44E-13 2.39E-13 3.34E-13 3.80E-13 3.54E-13 3.21E-13
 1.00E-74 1.00E-74 1.00E-74 4.68E-30 3.39E-21 5.49E-16 2.49E-14 8.20E-14
 1.44E-13 2.39E-13 3.34E-13 3.80E-13 3.54E-13 3.21E-13
 1.00E-74 1.00E-74 7.57E-48 4.68E-30 3.39E-21 5.49E-16 2.49E-14 8.20E-14
 1.44E-13 2.39E-13 3.34E-13 3.80E-13 3.54E-13 3.21E-13
 1.00E-74 1.00E-74 6.05E-48 4.69E-30 3.39E-21 5.50E-16 2.50E-14 8.20E-14
 1.44E-13 2.39E-13 3.34E-13 3.80E-13 3.54E-13 3.21E-13
 1.00E-74 1.00E-74 6.43E-48 4.75E-30 3.42E-21 5.53E-16 2.51E-14 8.23E-14
 1.44E-13 2.40E-13 3.35E-13 3.81E-13 3.54E-13 3.22E-13
 1.00E-74 1.00E-74 7.37E-48 5.29E-30 3.71E-21 5.84E-16 2.61E-14 8.52E-14
 1.49E-13 2.46E-13 3.42E-13 3.89E-13 3.61E-13 3.28E-13
  51.4434    7  14 /pl=01:ss=13:pb= 1:sz=13/type=excit/ispb = t/isel =   20
 1.00E+10 1.00E+11 1.00E+12 1.00E+13 1.00E+14 1.00E+15 1.00E+16
 3.38E+00 5.07E+00 8.44E+00 1.69E+01 3.38E+01 8.44E+01 1.69E+02 2.53E+02
 3.38E+02 5.07E+02 8.44E+02 1.69E+03 3.38E+03 5.07E+03
 1.00E-74 1.00E-74 1.00E-74 3.68E-29 1.47E-20 1.67E-15 6.75E-14 2.16E-13
 3.71E-13 6.14E-13 8.70E-13 1.04E-12 1.06E-12 1.02E-12
 1.00E-74 1.00E-74 1.00E-74 3.68E-29 1.47E-20 1.67E-15 6.75E-14 2.16E-13
 3.71E-13 6.14E-13 8.70E-13 1.04E-12 1.06E-12 1.02E-12
 1.00E-74 1.00E-74 1.14E-46 3.68E-29 1.47E-20 1.67E-15 6.75E-14 2.16E-13
 3.71E-13 6.14E-13 8.70E-13 1.04E-12 1.06E-12 1.02E-12
 1.00E-74 1.00E-74 1.70E-46 3.68E-29 1.47E-20 1.67E-15 6.75E-14 2.16E-13
 3.71E-13 6.14E-13 8.70E-13 1.04E-12 1.06E-12 1.02E-12
 1.00E-74 1.00E-74 1.65E-46 3.68E-29 1.47E-20 1.67E-15 6.75E-14 2.15E-13
 3.71E-13 6.14E-13 8.70E-13 1.04E-12 1.06E-12 1.02E-12
 1.00E-74 1.00E-74 1.65E-46 3.68E-29 1.47E-20 1.67E-15 6.74E-14 2.15E-13
 3.71E-13 6.13E-13 8.69E-13 1.04E-12 1.06E-12 1.02E-12
 1.00E-74 1.00E-74 1.67E-46 3.70E-29 1.47E-20 1.65E-15 6.67E-14 2.13E-13
 3.67E-13 6.08E-13 8.61E-13 1.03E-12 1.05E-12 1.01E-12
  54.0491    7  14 /pl=01:ss=13:pb= 1:sz=13/type=excit/ispb = t/isel =   21
 1.00E+10 1.00E+11 1.00E+12 1.00E+13 1.00E+14 1.00E+15 1.00E+16
 3.38E+00 5.07E+00 8.44E+00 1.69E+01 3.38E+01 8.44E+01 1.69E+02 2.53E+02
 3.38E+02 5.07E+02 8.44E+02 1.69E+03 3.38E+03 5.07E+03
 1.00E-74 1.00E-74 1.00E-74 2.70E-29 1.09E-20 1.25E-15 5.05E-14 1.60E-13
 2.75E-13 4.50E-13 6.20E-13 7.00E-13 6.50E-13 5.90E-13
 1.00E-74 1.00E-74 1.00E-74 2.70E-29 1.09E-20 1.25E-15 5.05E-14 1.60E-13
 2.75E-13 4.50E-13 6.20E-13 7.00E-13 6.50E-13 5.90E-13
 1.00E-74 1.00E-74 1.33E-46 2.70E-29 1.09E-20 1.25E-15 5.05E-14 1.60E-13
 2.75E-13 4.50E-13 6.20E-13 7.00E-13 6.50E-13 5.90E-13
 1.00E-74 1.00E-74 1.20E-46 2.70E-29 1.09E-20 1.25E-15 5.05E-14 1.60E-13
 2.75E-13 4.50E-13 6.20E-13 7.00E-13 6.50E-13 5.90E-13
 1.00E-74 1.00E-74 1.17E-46 2.70E-29 1.09E-20 1.25E-15 5.06E-14 1.60E-13
 2.75E-13 4.50E-13 6.20E-13 7.00E-13 6.50E-13 5.90E-13
 1.00E-74 1.00E-74 1.18E-46 2.72E-29 1.10E-20 1.26E-15 5.06E-14 1.60E-13
 2.75E-13 4.50E-13 6.20E-13 7.01E-13 6.50E-13 5.90E-13
 1.00E-74 1.00E-74 1.27E-46 2.87E-29 1.14E-20 1.28E-15 5.12E-14 1.62E-13
 2.77E-13 4.53E-13 6.22E-13 7.03E-13 6.53E-13 5.92E-13
  56.2525    7  14 /pl=01:ss=13:pb= 1:sz=13/type=excit/ispb = t/isel =   22
 1.00E+10 1.00E+11 1.00E+12 1.00E+13 1.00E+14 1.00E+15 1.00E+16
 3.38E+00 5.07E+00 8.44E+00 1.69E+01 3.38E+01 8.44E+01 1.69E+02 2.53E+02
 3.38E+02 5.07E+02 8.44E+02 1.69E+03 3.38E+03 5.07E+03
 1.00E-74 1.00E-74 1.73E-44 4.51E-28 6.39E-20 3.98E-15 1.31E-13 3.90E-13
 6.44E-13 1.01E-12 1.34E-12 1.45E-12 1.31E-12 1.17E-12
 1.00E-74 1.00E-74 1.65E-44 4.51E-28 6.39E-20 3.98E-15 1.31E-13 3.90E-13
 6.44E-13 1.01E-12 1.34E-12 1.45E-12 1.31E-12 1.17E-12
 1.00E-74 1.00E-74 1.66E-44 4.51E-28 6.39E-20 3.98E-15 1.31E-13 3.90E-13
 6.44E-13 1.01E-12 1.34E-12 1.45E-12 1.31E-12 1.17E-12
 1.00E-74 1.00E-74 1.66E-44 4.51E-28 6.39E-20 3.98E-15 1.31E-13 3.90E-13
 6.44E-13 1.01E-12 1.34E-12 1.45E-12 1.31E-12 1.17E-12
 1.00E-74 1.00E-74 1.66E-44 4.51E-28 6.39E-20 3.98E-15 1.31E-13 3.90E-13
 6.44E-13 1.01E-12 1.34E-12 1.45E-12 1.31E-12 1.17E-12
 1.00E-74 1.00E-74 1.66E-44 4.51E-28 6.38E-20 3.97E-15 1.31E-13 3.89E-13
 6.43E-13 1.01E-12 1.34E-12 1.45E-12 1.31E-12 1.16E-12
 1.00E-74 1.00E-74 1.65E-44 4.45E-28 6.25E-20 3.88E-15 1.28E-13 3.81E-13
 6.31E-13 9.93E-13 1.32E-12 1.43E-12 1.29E-12 1.16E-12
  59.6766    7  14 /pl=01:ss=13:pb= 1:sz=13/type=excit/ispb = t/isel =   23
 1.00E+10 1.00E+11 1.00E+12 1.00E+13 1.00E+14 1.00E+15 1.00E+16
 3.38E+00 5.07E+00 8.44E+00 1.69E+01 3.38E+01 8.44E+01 1.69E+02 2.53E+02
 3.38E+02 5.07E+02 8.44E+02 1.69E+03 3.38E+03 5.07E+03
 1.00E-74 1.00E-74 2.00E-44 5.36E-28 8.02E-20 5.10E-15 1.71E-13 5.11E-13
 8.57E-13 1.38E-12 1.90E-12 2.26E-12 2.27E-12 2.19E-12
 1.00E-74 1.00E-74 1.80E-44 5.36E-28 8.02E-20 5.10E-15 1.71E-13 5.11E-13
 8.57E-13 1.38E-12 1.90E-12 2.26E-12 2.27E-12 2.19E-12
 1.00E-74 1.00E-74 1.72E-44 5.36E-28 8.02E-20 5.10E-15 1.71E-13 5.11E-13
 8.57E-13 1.38E-12 1.90E-12 2.26E-12 2.27E-12 2.19E-12
 1.00E-74 1.00E-74 1.72E-44 5.36E-28 8.02E-20 5.10E-15 1.71E-13 5.11E-13
 8.57E-13 1.38E-12 1.90E-12 2.26E-12 2.27E-12 2.19E-12
 1.00E-74 1.00E-74 1.72E-44 5.36E-28 8.02E-20 5.10E-15 1.71E-13 5.11E-13
 8.57E-13 1.38E-12 1.90E-12 2.26E-12 2.27E-12 2.19E-12
 1.00E-74 1.00E-74 1.72E-44 5.36E-28 8.02E-20 5.10E-15 1.71E-13 5.10E-13
 8.56E-13 1.38E-12 1.90E-12 2.25E-12 2.27E-12 2.19E-12
 1.00E-74 1.00E-74 1.74E-44 5.39E-28 7.99E-20 5.05E-15 1.69E-13 5.05E-13
 8.47E-13 1.36E-12 1.89E-12 2.24E-12 2.26E-12 2.18E-12
  61.2477    7  14 /pl=01:ss=13:pb= 1:sz=13/type=excit/ispb = t/isel =   24
 1.00E+10 1.00E+11 1.00E+12 1.00E+13 1.00E+14 1.00E+15 1.00E+16
 3.38E+00 5.07E+00 8.44E+00 1.69E+01 3.38E+01 8.44E+01 1.69E+02 2.53E+02
 3.38E+02 5.07E+02 8.44E+02 1.69E+03 3.38E+03 5.07E+03
 1.00E-74 1.00E-74 1.00E-74 3.03E-29 4.37E-21 2.98E-16 1.04E-14 3.17E-14
 5.34E-14 8.59E-14 1.18E-13 1.37E-13 1.35E-13 1.29E-13
 1.00E-74 1.00E-74 1.67E-45 3.03E-29 4.37E-21 2.98E-16 1.04E-14 3.17E-14
 5.34E-14 8.59E-14 1.18E-13 1.37E-13 1.35E-13 1.29E-13
 1.00E-74 1.00E-74 1.25E-45 3.03E-29 4.37E-21 2.98E-16 1.04E-14 3.17E-14
 5.34E-14 8.59E-14 1.18E-13 1.37E-13 1.35E-13 1.29E-13
 1.00E-74 1.00E-74 1.27E-45 3.03E-29 4.37E-21 2.98E-16 1.04E-14 3.17E-14
 5.34E-14 8.59E-14 1.18E-13 1.37E-13 1.35E-13 1.29E-13
 1.00E-74 1.00E-74 1.27E-45 3.04E-29 4.37E-21 2.98E-16 1.04E-14 3.17E-14
 5.34E-14 8.59E-14 1.18E-13 1.37E-13 1.35E-13 1.29E-13
 1.00E-74 1.00E-74 1.29E-45 3.07E-29 4.40E-21 2.99E-16 1.04E-14 3.17E-14
 5.34E-14 8.59E-14 1.18E-13 1.37E-13 1.35E-13 1.29E-13
 1.00E-74 1.00E-74 1.47E-45 3.41E-29 4.69E-21 3.06E-16 1.05E-14 3.18E-14
 5.35E-14 8.59E-14 1.18E-13 1.37E-13 1.36E-13 1.29E-13
  63.0478    7  14 /pl=01:ss=13:pb= 1:sz=13/type=excit/ispb = t/isel =   25
 1.00E+10 1.00E+11 1.00E+12 1.00E+13 1.00E+14 1.00E+15 1.00E+16
 3.38E+00 5.07E+00 8.44E+00 1.69E+01 3.38E+01 8.44E+01 1.69E+02 2.53E+02
 3.38E+02 5.07E+02 8.44E+02 1.69E+03 3.38E+03 5.07E+03
 1.00E-74 1.00E-74 1.00E-74 3.92E-28 6.04E-20 3.87E-15 1.29E-13 3.84E-13
 6.40E-13 1.02E-12 1.37E-12 1.52E-12 1.40E-12 1.27E-12
 1.00E-74 1.00E-74 1.10E-44 3.92E-28 6.04E-20 3.87E-15 1.29E-13 3.84E-13
 6.40E-13 1.02E-12 1.37E-12 1.52E-12 1.40E-12 1.27E-12
 1.00E-74 1.00E-74 1.18E-44 3.92E-28 6.04E-20 3.87E-15 1.29E-13 3.84E-13
 6.40E-13 1.02E-12 1.37E-12 1.52E-12 1.40E-12 1.27E-12
 1.00E-74 1.00E-74 1.18E-44 3.92E-28 6.04E-20 3.87E-15 1.29E-13 3.84E-13
 6.40E-13 1.02E-12 1.37E-12 1.52E-12 1.40E-12 1.27E-12
 1.00E-74 1.00E-74 1.18E-44 3.92E-28 6.04E-20 3.87E-15 1.29E-13 3.84E-13
 6.40E-13 1.02E-12 1.37E-12 1.52E-12 1.40E-12 1.27E-12
 1.00E-74 1.00E-74 1.19E-44 3.94E-28 6.06E-20 3.88E-15 1.29E-13 3.85E-13
 6.40E-13 1.02E-12 1.37E-12 1.52E-12 1.40E-12 1.27E-12
 1.00E-74 1.00E-74 1.26E-44 4.10E-28 6.19E-20 3.91E-15 1.30E-13 3.85E-13
 6.40E-13 1.02E-12 1.37E-12 1.52E-12 1.40E-12 1.27E-12
  64.2027    7  14 /pl=01:ss=13:pb= 1:sz=13/type=excit/ispb = t/isel =   26
 1.00E+10 1.00E+11 1.00E+12 1.00E+13 1.00E+14 1.00E+15 1.00E+16
 3.38E+00 5.07E+00 8.44E+00 1.69E+01 3.38E+01 8.44E+01 1.69E+02 2.53E+02
 3.38E+02 5.07E+02 8.44E+02 1.69E+03 3.38E+03 5.07E+03
 1.00E-74 1.00E-74 2.75E-45 7.16E-29 1.01E-20 6.31E-16 2.09E-14 6.18E-14
 1.02E-13 1.61E-13 2.12E-13 2.30E-13 2.07E-13 1.85E-13
 1.00E-74 1.00E-74 2.61E-45 7.16E-29 1.01E-20 6.31E-16 2.09E-14 6.18E-14
 1.02E-13 1.61E-13 2.12E-13 2.30E-13 2.07E-13 1.85E-13
 1.00E-74 1.00E-74 2.63E-45 7.16E-29 1.01E-20 6.31E-16 2.09E-14 6.18E-14
 1.02E-13 1.61E-13 2.12E-13 2.30E-13 2.07E-13 1.85E-13
 1.00E-74 1.00E-74 2.63E-45 7.15E-29 1.01E-20 6.31E-16 2.09E-14 6.18E-14
 1.02E-13 1.61E-13 2.12E-13 2.30E-13 2.07E-13 1.85E-13
 1.00E-74 1.00E-74 2.63E-45 7.15E-29 1.01E-20 6.31E-16 2.09E-14 6.18E-14
 1.02E-13 1.60E-13 2.12E-13 2.30E-13 2.07E-13 1.85E-13
 1.00E-74 1.00E-74 2.63E-45 7.15E-29 1.01E-20 6.30E-16 2.08E-14 6.17E-14
 1.02E-13 1.60E-13 2.12E-13 2.29E-13 2.07E-13 1.85E-13
 1.00E-74 1.00E-74 2.61E-45 7.06E-29 9.92E-21 6.15E-16 2.04E-14 6.05E-14
 1.00E-13 1.58E-13 2.09E-13 2.27E-13 2.05E-13 1.83E-13
  79.2303    7  14 /pl=01:ss=13:pb= 1:sz=13/type=excit/ispb = t/isel =   27
 1.00E+10 1.00E+11 1.00E+12 1.00E+13 1.00E+14 1.00E+15 1.00E+16
 3.38E+00 5.07E+00 8.44E+00 1.69E+01 3.38E+01 8.44E+01 1.69E+02 2.53E+02
 3.38E+02 5.07E+02 8.44E+02 1.69E+03 3.38E+03 5.07E+03
 1.00E-74 1.00E-74 1.16E-40 7.11E-26 1.51E-18 3.09E-14 7.25E-13 1.92E-12
 3.02E-12 4.50E-12 5.73E-12 6.09E-12 5.47E-12 4.93E-12
 1.00E-74 1.00E-74 1.16E-40 7.11E-26 1.51E-18 3.09E-14 7.25E-13 1.92E-12
 3.02E-12 4.50E-12 5.73E-12 6.09E-12 5.47E-12 4.93E-12
 1.00E-74 1.00E-74 1.16E-40 7.11E-26 1.51E-18 3.09E-14 7.25E-13 1.92E-12
 3.02E-12 4.50E-12 5.73E-12 6.09E-12 5.47E-12 4.93E-12
 1.00E-74 1.00E-74 1.16E-40 7.11E-26 1.51E-18 3.09E-14 7.25E-13 1.92E-12
 3.02E-12 4.50E-12 5.73E-12 6.09E-12 5.47E-12 4.93E-12
 1.00E-74 1.00E-74 1.16E-40 7.11E-26 1.51E-18 3.09E-14 7.25E-13 1.92E-12
 3.02E-12 4.50E-12 5.73E-12 6.09E-12 5.47E-12 4.93E-12
 1.00E-74 1.00E-74 1.17E-40 7.14E-26 1.52E-18 3.09E-14 7.24E-13 1.92E-12
 3.01E-12 4.50E-12 5.73E-12 6.09E-12 5.47E-12 4.93E-12
 1.00E-74 1.00E-74 1.22E-40 7.33E-26 1.53E-18 3.09E-14 7.21E-13 1.91E-12
 3.00E-12 4.48E-12 5.71E-12 6.07E-12 5.45E-12 4.92E-12
  84.7841    7  14 /pl=01:ss=13:pb= 1:sz=13/type=excit/ispb = t/isel =   28
 1.00E+10 1.00E+11 1.00E+12 1.00E+13 1.00E+14 1.00E+15 1.00E+16
 3.38E+00 5.07E+00 8.44E+00 1.69E+01 3.38E+01 8.44E+01 1.69E+02 2.53E+02
 3.38E+02 5.07E+02 8.44E+02 1.69E+03 3.38E+03 5.07E+03
 1.00E-74 1.00E-74 6.38E-41 5.19E-26 1.25E-18 2.70E-14 6.34E-13 1.70E-12
 2.69E-12 4.12E-12 5.50E-12 6.34E-12 6.39E-12 6.16E-12
 1.00E-74 1.00E-74 6.38E-41 5.19E-26 1.25E-18 2.70E-14 6.34E-13 1.70E-12
 2.69E-12 4.12E-12 5.50E-12 6.34E-12 6.39E-12 6.16E-12
 1.00E-74 1.00E-74 6.38E-41 5.19E-26 1.25E-18 2.70E-14 6.34E-13 1.70E-12
 2.69E-12 4.12E-12 5.50E-12 6.34E-12 6.39E-12 6.16E-12
 1.00E-74 1.00E-74 6.38E-41 5.19E-26 1.25E-18 2.70E-14 6.34E-13 1.70E-12
 2.69E-12 4.12E-12 5.50E-12 6.34E-12 6.39E-12 6.16E-12
 1.00E-74 1.00E-74 6.38E-41 5.19E-26 1.25E-18 2.70E-14 6.34E-13 1.70E-12
 2.69E-12 4.12E-12 5.50E-12 6.34E-12 6.39E-12 6.16E-12
 1.00E-74 1.00E-74 6.40E-41 5.19E-26 1.25E-18 2.69E-14 6.34E-13 1.69E-12
 2.68E-12 4.11E-12 5.49E-12 6.34E-12 6.38E-12 6.16E-12
 1.00E-74 1.00E-74 6.49E-41 5.23E-26 1.25E-18 2.67E-14 6.28E-13 1.68E-12
 2.66E-12 4.08E-12 5.46E-12 6.31E-12 6.36E-12 6.14E-12
  85.0809    7  14 /pl=01:ss=13:pb= 1:sz=13/type=excit/ispb = t/isel =   29
 1.00E+10 1.00E+11 1.00E+12 1.00E+13 1.00E+14 1.00E+15 1.00E+16
 3.38E+00 5.07E+00 8.44E+00 1.69E+01 3.38E+01 8.44E+01 1.69E+02 2.53E+02
 3.38E+02 5.07E+02 8.44E+02 1.69E+03 3.38E+03 5.07E+03
 1.00E-74 1.00E-74 1.77E-42 9.63E-27 5.96E-19 2.20E-14 6.05E-13 1.68E-12
 2.69E-12 4.07E-12 5.21E-12 5.42E-12 4.69E-12 4.11E-12
 1.00E-74 1.00E-74 1.78E-42 9.63E-27 5.96E-19 2.20E-14 6.05E-13 1.68E-12
 2.69E-12 4.07E-12 5.21E-12 5.42E-12 4.69E-12 4.11E-12
 1.00E-74 1.00E-74 1.78E-42 9.63E-27 5.96E-19 2.20E-14 6.05E-13 1.68E-12
 2.69E-12 4.07E-12 5.21E-12 5.42E-12 4.69E-12 4.11E-12
 1.00E-74 1.00E-74 1.78E-42 9.63E-27 5.96E-19 2.20E-14 6.05E-13 1.68E-12
 2.69E-12 4.07E-12 5.21E-12 5.42E-12 4.69E-12 4.11E-12
 1.00E-74 1.00E-74 1.78E-42 9.64E-27 5.96E-19 2.20E-14 6.05E-13 1.68E-12
 2.69E-12 4.07E-12 5.21E-12 5.42E-12 4.69E-12 4.11E-12
 1.00E-74 1.00E-74 1.81E-42 9.74E-27 6.00E-19 2.21E-14 6.07E-13 1.68E-12
 2.69E-12 4.07E-12 5.22E-12 5.43E-12 4.70E-12 4.11E-12
 1.00E-74 1.00E-74 2.05E-42 1.07E-26 6.37E-19 2.29E-14 6.22E-13 1.72E-12
 2.75E-12 4.15E-12 5.31E-12 5.51E-12 4.77E-12 4.18E-12
  90.9830    7  14 /pl=01:ss=13:pb= 1:sz=13/type=excit/ispb = t/isel =   30
 1.00E+10 1.00E+11 1.00E+12 1.00E+13 1.00E+14 1.00E+15 1.00E+16
 3.38E+00 5.07E+00 8.44E+00 1.69E+01 3.38E+01 8.44E+01 1.69E+02 2.53E+02
 3.38E+02 5.07E+02 8.44E+02 1.69E+03 3.38E+03 5.07E+03
 1.00E-74 1.00E-74 4.11E-41 3.83E-26 9.82E-19 2.17E-14 5.07E-13 1.34E-12
 2.11E-12 3.18E-12 4.10E-12 4.44E-12 4.04E-12 3.65E-12
 1.00E-74 1.00E-74 4.11E-41 3.83E-26 9.82E-19 2.17E-14 5.07E-13 1.34E-12
 2.11E-12 3.18E-12 4.10E-12 4.44E-12 4.04E-12 3.65E-12
 1.00E-74 1.00E-74 4.11E-41 3.83E-26 9.82E-19 2.17E-14 5.07E-13 1.34E-12
 2.11E-12 3.18E-12 4.10E-12 4.44E-12 4.04E-12 3.65E-12
 1.00E-74 1.00E-74 4.11E-41 3.83E-26 9.82E-19 2.17E-14 5.07E-13 1.34E-12
 2.11E-12 3.18E-12 4.10E-12 4.44E-12 4.04E-12 3.65E-12
 1.00E-74 1.00E-74 4.12E-41 3.83E-26 9.83E-19 2.17E-14 5.07E-13 1.34E-12
 2.11E-12 3.18E-12 4.10E-12 4.44E-12 4.04E-12 3.65E-12
 1.00E-74 1.00E-74 4.21E-41 3.89E-26 9.93E-19 2.18E-14 5.09E-13 1.34E-12
 2.12E-12 3.19E-12 4.11E-12 4.45E-12 4.04E-12 3.65E-12
 1.00E-74 1.00E-74 4.91E-41 4.35E-26 1.07E-18 2.29E-14 5.27E-13 1.38E-12
 2.18E-12 3.26E-12 4.19E-12 4.51E-12 4.08E-12 3.68E-12
  91.4927    7  14 /pl=01:ss=13:pb= 1:sz=13/type=excit/ispb = t/isel =   31
 1.00E+10 1.00E+11 1.00E+12 1.00E+13 1.00E+14 1.00E+15 1.00E+16
 3.38E+00 5.07E+00 8.44E+00 1.69E+01 3.38E+01 8.44E+01 1.69E+02 2.53E+02
 3.38E+02 5.07E+02 8.44E+02 1.69E+03 3.38E+03 5.07E+03
 1.00E-74 1.00E-74 1.12E-41 4.90E-27 9.56E-20 2.29E-15 6.11E-14 1.71E-13
 2.78E-13 4.32E-13 5.76E-13 6.52E-13 6.32E-13 5.96E-13
 1.00E-74 1.00E-74 1.12E-41 4.90E-27 9.56E-20 2.29E-15 6.11E-14 1.71E-13
 2.78E-13 4.32E-13 5.76E-13 6.52E-13 6.32E-13 5.96E-13
 1.00E-74 1.00E-74 1.12E-41 4.90E-27 9.56E-20 2.29E-15 6.11E-14 1.71E-13
 2.78E-13 4.32E-13 5.76E-13 6.52E-13 6.32E-13 5.96E-13
 1.00E-74 1.00E-74 1.12E-41 4.90E-27 9.56E-20 2.29E-15 6.11E-14 1.71E-13
 2.78E-13 4.32E-13 5.76E-13 6.52E-13 6.32E-13 5.96E-13
 1.00E-74 1.00E-74 1.12E-41 4.90E-27 9.56E-20 2.29E-15 6.11E-14 1.71E-13
 2.78E-13 4.32E-13 5.76E-13 6.52E-13 6.32E-13 5.96E-13
 1.00E-74 1.00E-74 1.13E-41 4.94E-27 9.61E-20 2.30E-15 6.11E-14 1.71E-13
 2.78E-13 4.31E-13 5.76E-13 6.52E-13 6.32E-13 5.96E-13
 1.00E-74 1.00E-74 1.23E-41 5.28E-27 9.99E-20 2.31E-15 6.08E-14 1.70E-13
 2.76E-13 4.29E-13 5.73E-13 6.50E-13 6.32E-13 5.96E-13
  95.9684    7  14 /pl=01:ss=13:pb= 1:sz=13/type=excit/ispb = t/isel =   32
 1.00E+10 1.00E+11 1.00E+12 1.00E+13 1.00E+14 1.00E+15 1.00E+16
 3.38E+00 5.07E+00 8.44E+00 1.69E+01 3.38E+01 8.44E+01 1.69E+02 2.53E+02
 3.38E+02 5.07E+02 8.44E+02 1.69E+03 3.38E+03 5.07E+03
 1.00E-74 1.00E-74 2.51E-41 1.54E-26 3.28E-19 6.70E-15 1.57E-13 4.15E-13
 6.53E-13 9.75E-13 1.24E-12 1.32E-12 1.18E-12 1.07E-12
 1.00E-74 1.00E-74 2.51E-41 1.54E-26 3.28E-19 6.70E-15 1.57E-13 4.15E-13
 6.53E-13 9.75E-13 1.24E-12 1.32E-12 1.18E-12 1.07E-12
 1.00E-74 1.00E-74 2.51E-41 1.54E-26 3.28E-19 6.70E-15 1.57E-13 4.15E-13
 6.53E-13 9.75E-13 1.24E-12 1.32E-12 1.18E-12 1.07E-12
 1.00E-74 1.00E-74 2.51E-41 1.54E-26 3.28E-19 6.70E-15 1.57E-13 4.15E-13
 6.53E-13 9.75E-13 1.24E-12 1.32E-12 1.18E-12 1.07E-12
 1.00E-74 1.00E-74 2.51E-41 1.54E-26 3.28E-19 6.70E-15 1.57E-13 4.15E-13
 6.53E-13 9.75E-13 1.24E-12 1.32E-12 1.18E-12 1.07E-12
 1.00E-74 1.00E-74 2.52E-41 1.55E-26 3.28E-19 6.70E-15 1.57E-13 4.15E-13
 6.53E-13 9.75E-13 1.24E-12 1.32E-12 1.18E-12 1.07E-12
 1.00E-74 1.00E-74 2.64E-41 1.59E-26 3.32E-19 6.69E-15 1.56E-13 4.13E-13
 6.50E-13 9.71E-13 1.24E-12 1.31E-12 1.18E-12 1.07E-12
  96.2349    7  14 /pl=01:ss=13:pb= 1:sz=13/type=excit/ispb = t/isel =   33
 1.00E+10 1.00E+11 1.00E+12 1.00E+13 1.00E+14 1.00E+15 1.00E+16
 3.38E+00 5.07E+00 8.44E+00 1.69E+01 3.38E+01 8.44E+01 1.69E+02 2.53E+02
 3.38E+02 5.07E+02 8.44E+02 1.69E+03 3.38E+03 5.07E+03
 1.00E-74 1.00E-74 6.72E-43 2.76E-27 1.49E-19 5.13E-15 1.41E-13 4.02E-13
 6.60E-13 1.06E-12 1.52E-12 1.95E-12 2.18E-12 2.22E-12
 1.00E-74 1.00E-74 6.71E-43 2.76E-27 1.49E-19 5.13E-15 1.41E-13 4.02E-13
 6.60E-13 1.06E-12 1.52E-12 1.95E-12 2.18E-12 2.22E-12
 1.00E-74 1.00E-74 6.71E-43 2.76E-27 1.49E-19 5.13E-15 1.41E-13 4.02E-13
 6.60E-13 1.06E-12 1.52E-12 1.95E-12 2.18E-12 2.22E-12
 1.00E-74 1.00E-74 6.71E-43 2.76E-27 1.49E-19 5.13E-15 1.41E-13 4.02E-13
 6.60E-13 1.06E-12 1.52E-12 1.95E-12 2.18E-12 2.22E-12
 1.00E-74 1.00E-74 6.72E-43 2.76E-27 1.49E-19 5.13E-15 1.41E-13 4.02E-13
 6.60E-13 1.06E-12 1.52E-12 1.95E-12 2.18E-12 2.22E-12
 1.00E-74 1.00E-74 6.76E-43 2.77E-27 1.49E-19 5.13E-15 1.41E-13 4.02E-13
 6.60E-13 1.06E-12 1.52E-12 1.95E-12 2.18E-12 2.22E-12
 1.00E-74 1.00E-74 7.17E-43 2.88E-27 1.52E-19 5.16E-15 1.41E-13 4.01E-13
 6.59E-13 1.06E-12 1.51E-12 1.94E-12 2.17E-12 2.21E-12
  99.4627    7  14 /pl=01:ss=13:pb= 1:sz=13/type=excit/ispb = t/isel =   34
 1.00E+10 1.00E+11 1.00E+12 1.00E+13 1.00E+14 1.00E+15 1.00E+16
 3.38E+00 5.07E+00 8.44E+00 1.69E+01 3.38E+01 8.44E+01 1.69E+02 2.53E+02
 3.38E+02 5.07E+02 8.44E+02 1.69E+03 3.38E+03 5.07E+03
 1.00E-74 1.00E-74 1.00E-74 1.66E-30 1.16E-21 1.83E-16 8.17E-15 2.66E-14
 4.63E-14 7.60E-14 1.04E-13 1.14E-13 1.02E-13 9.02E-14
 1.00E-74 1.00E-74 1.00E-74 1.66E-30 1.16E-21 1.83E-16 8.17E-15 2.66E-14
 4.63E-14 7.60E-14 1.04E-13 1.14E-13 1.02E-13 9.02E-14
 1.00E-74 1.00E-74 1.00E-74 1.66E-30 1.16E-21 1.83E-16 8.17E-15 2.66E-14
 4.63E-14 7.60E-14 1.04E-13 1.14E-13 1.02E-13 9.02E-14
 1.00E-74 1.00E-74 2.80E-48 1.66E-30 1.16E-21 1.83E-16 8.17E-15 2.66E-14
 4.63E-14 7.60E-14 1.04E-13 1.14E-13 1.02E-13 9.02E-14
 1.00E-74 1.00E-74 2.38E-48 1.65E-30 1.15E-21 1.83E-16 8.16E-15 2.66E-14
 4.63E-14 7.59E-14 1.04E-13 1.14E-13 1.02E-13 9.02E-14
 1.00E-74 1.00E-74 2.33E-48 1.61E-30 1.13E-21 1.79E-16 8.04E-15 2.63E-14
 4.58E-14 7.52E-14 1.03E-13 1.13E-13 1.01E-13 9.00E-14
 1.00E-74 1.00E-74 1.93E-48 1.35E-30 9.61E-22 1.56E-16 7.16E-15 2.37E-14
 4.16E-14 6.92E-14 9.60E-14 1.07E-13 9.78E-14 8.75E-14
  103.743    7  14 /pl=01:ss=13:pb= 1:sz=13/type=excit/ispb = t/isel =   35
 1.00E+10 1.00E+11 1.00E+12 1.00E+13 1.00E+14 1.00E+15 1.00E+16
 3.38E+00 5.07E+00 8.44E+00 1.69E+01 3.38E+01 8.44E+01 1.69E+02 2.53E+02
 3.38E+02 5.07E+02 8.44E+02 1.69E+03 3.38E+03 5.07E+03
 1.00E-74 1.00E-74 1.00E-74 2.67E-30 1.91E-21 3.08E-16 1.40E-14 4.65E-14
 8.18E-14 1.38E-13 1.97E-13 2.38E-13 2.42E-13 2.34E-13
 1.00E-74 1.00E-74 1.00E-74 2.67E-30 1.91E-21 3.08E-16 1.40E-14 4.65E-14
 8.18E-14 1.38E-13 1.97E-13 2.38E-13 2.42E-13 2.34E-13
 1.00E-74 1.00E-74 1.00E-74 2.67E-30 1.91E-21 3.08E-16 1.40E-14 4.65E-14
 8.18E-14 1.38E-13 1.97E-13 2.38E-13 2.42E-13 2.34E-13
 1.00E-74 1.00E-74 2.96E-48 2.67E-30 1.91E-21 3.08E-16 1.40E-14 4.65E-14
 8.18E-14 1.38E-13 1.97E-13 2.38E-13 2.42E-13 2.34E-13
 1.00E-74 1.00E-74 3.55E-48 2.67E-30 1.91E-21 3.08E-16 1.40E-14 4.65E-14
 8.18E-14 1.38E-13 1.97E-13 2.38E-13 2.42E-13 2.34E-13
 1.00E-74 1.00E-74 3.70E-48 2.67E-30 1.91E-21 3.08E-16 1.40E-14 4.65E-14
 8.18E-14 1.38E-13 1.97E-13 2.38E-13 2.42E-13 2.33E-13
 1.00E-74 1.00E-74 3.70E-48 2.67E-30 1.89E-21 3.04E-16 1.38E-14 4.59E-14
 8.08E-14 1.36E-13 1.95E-13 2.35E-13 2.40E-13 2.31E-13
  107.642    7  14 /pl=01:ss=13:pb= 1:sz=13/type=excit/ispb = t/isel =   36
 1.00E+10 1.00E+11 1.00E+12 1.00E+13 1.00E+14 1.00E+15 1.00E+16
 3.38E+00 5.07E+00 8.44E+00 1.69E+01 3.38E+01 8.44E+01 1.69E+02 2.53E+02
 3.38E+02 5.07E+02 8.44E+02 1.69E+03 3.38E+03 5.07E+03
 1.00E-74 1.00E-74 1.00E-74 2.62E-30 1.90E-21 3.08E-16 1.40E-14 4.60E-14
 8.05E-14 1.34E-13 1.87E-13 2.13E-13 1.98E-13 1.80E-13
 1.00E-74 1.00E-74 1.00E-74 2.62E-30 1.90E-21 3.08E-16 1.40E-14 4.60E-14
 8.05E-14 1.34E-13 1.87E-13 2.13E-13 1.98E-13 1.80E-13
 1.00E-74 1.00E-74 1.00E-74 2.62E-30 1.90E-21 3.08E-16 1.40E-14 4.60E-14
 8.05E-14 1.34E-13 1.87E-13 2.13E-13 1.98E-13 1.80E-13
 1.00E-74 1.00E-74 4.25E-48 2.63E-30 1.90E-21 3.08E-16 1.40E-14 4.60E-14
 8.05E-14 1.34E-13 1.87E-13 2.13E-13 1.98E-13 1.80E-13
 1.00E-74 1.00E-74 3.40E-48 2.63E-30 1.90E-21 3.08E-16 1.40E-14 4.60E-14
 8.06E-14 1.34E-13 1.87E-13 2.13E-13 1.99E-13 1.80E-13
 1.00E-74 1.00E-74 3.61E-48 2.67E-30 1.92E-21 3.10E-16 1.41E-14 4.62E-14
 8.08E-14 1.35E-13 1.88E-13 2.14E-13 1.99E-13 1.81E-13
 1.00E-74 1.00E-74 4.13E-48 2.97E-30 2.08E-21 3.28E-16 1.46E-14 4.78E-14
 8.34E-14 1.38E-13 1.92E-13 2.18E-13 2.03E-13 1.84E-13
  119.028    7  14 /pl=01:ss=13:pb= 1:sz=13/type=excit/ispb = t/isel =   37
 1.00E+10 1.00E+11 1.00E+12 1.00E+13 1.00E+14 1.00E+15 1.00E+16
 3.38E+00 5.07E+00 8.44E+00 1.69E+01 3.38E+01 8.44E+01 1.69E+02 2.53E+02
 3.38E+02 5.07E+02 8.44E+02 1.69E+03 3.38E+03 5.07E+03
 1.00E-74 1.00E-74 1.00E-74 1.06E-29 4.10E-21 4.56E-16 1.82E-14 5.71E-14
 9.74E-14 1.57E-13 2.12E-13 2.31E-13 2.07E-13 1.85E-13
 1.00E-74 1.00E-74 1.00E-74 1.06E-29 4.10E-21 4.56E-16 1.82E-14 5.71E-14
 9.74E-14 1.57E-13 2.12E-13 2.31E-13 2.07E-13 1.85E-13
 1.00E-74 1.00E-74 4.34E-47 1.06E-29 4.10E-21 4.56E-16 1.82E-14 5.71E-14
 9.74E-14 1.57E-13 2.12E-13 2.31E-13 2.07E-13 1.85E-13
 1.00E-74 1.00E-74 5.21E-47 1.06E-29 4.10E-21 4.56E-16 1.82E-14 5.71E-14
 9.74E-14 1.57E-13 2.12E-13 2.31E-13 2.07E-13 1.85E-13
 1.00E-74 1.00E-74 5.13E-47 1.06E-29 4.10E-21 4.56E-16 1.82E-14 5.70E-14
 9.73E-14 1.57E-13 2.12E-13 2.31E-13 2.07E-13 1.85E-13
 1.00E-74 1.00E-74 5.08E-47 1.05E-29 4.07E-21 4.53E-16 1.81E-14 5.68E-14
 9.69E-14 1.56E-13 2.11E-13 2.30E-13 2.07E-13 1.84E-13
 1.00E-74 1.00E-74 4.70E-47 9.78E-30 3.79E-21 4.25E-16 1.71E-14 5.41E-14
 9.27E-14 1.50E-13 2.04E-13 2.25E-13 2.03E-13 1.82E-13
  124.577    7  14 /pl=01:ss=13:pb= 1:sz=13/type=excit/ispb = t/isel =   38
 1.00E+10 1.00E+11 1.00E+12 1.00E+13 1.00E+14 1.00E+15 1.00E+16
 3.38E+00 5.07E+00 8.44E+00 1.69E+01 3.38E+01 8.44E+01 1.69E+02 2.53E+02
 3.38E+02 5.07E+02 8.44E+02 1.69E+03 3.38E+03 5.07E+03
 1.00E-74 1.00E-74 1.00E-74 1.50E-29 6.00E-21 6.81E-16 2.75E-14 8.80E-14
 1.51E-13 2.51E-13 3.55E-13 4.25E-13 4.31E-13 4.15E-13
 1.00E-74 1.00E-74 1.00E-74 1.50E-29 6.00E-21 6.81E-16 2.75E-14 8.80E-14
 1.51E-13 2.51E-13 3.55E-13 4.25E-13 4.31E-13 4.15E-13
 1.00E-74 1.00E-74 4.64E-47 1.50E-29 6.00E-21 6.81E-16 2.75E-14 8.80E-14
 1.51E-13 2.51E-13 3.55E-13 4.25E-13 4.31E-13 4.15E-13
 1.00E-74 1.00E-74 6.96E-47 1.50E-29 6.00E-21 6.81E-16 2.75E-14 8.80E-14
 1.51E-13 2.51E-13 3.55E-13 4.25E-13 4.31E-13 4.15E-13
 1.00E-74 1.00E-74 6.73E-47 1.50E-29 6.00E-21 6.80E-16 2.75E-14 8.80E-14
 1.51E-13 2.51E-13 3.55E-13 4.25E-13 4.31E-13 4.15E-13
 1.00E-74 1.00E-74 6.74E-47 1.50E-29 6.00E-21 6.80E-16 2.75E-14 8.79E-14
 1.51E-13 2.50E-13 3.55E-13 4.25E-13 4.31E-13 4.15E-13
 1.00E-74 1.00E-74 6.82E-47 1.51E-29 5.98E-21 6.73E-16 2.72E-14 8.69E-14
 1.50E-13 2.48E-13 3.52E-13 4.22E-13 4.28E-13 4.13E-13
  129.893    7  14 /pl=01:ss=13:pb= 1:sz=13/type=excit/ispb = t/isel =   39
 1.00E+10 1.00E+11 1.00E+12 1.00E+13 1.00E+14 1.00E+15 1.00E+16
 3.38E+00 5.07E+00 8.44E+00 1.69E+01 3.38E+01 8.44E+01 1.69E+02 2.53E+02
 3.38E+02 5.07E+02 8.44E+02 1.69E+03 3.38E+03 5.07E+03
 1.00E-74 1.00E-74 1.00E-74 1.48E-29 6.01E-21 6.88E-16 2.77E-14 8.80E-14
 1.51E-13 2.47E-13 3.40E-13 3.85E-13 3.57E-13 3.24E-13
 1.00E-74 1.00E-74 1.00E-74 1.48E-29 6.01E-21 6.88E-16 2.77E-14 8.80E-14
 1.51E-13 2.47E-13 3.40E-13 3.85E-13 3.57E-13 3.24E-13
 1.00E-74 1.00E-74 7.30E-47 1.48E-29 6.01E-21 6.88E-16 2.77E-14 8.80E-14
 1.51E-13 2.47E-13 3.40E-13 3.85E-13 3.57E-13 3.24E-13
 1.00E-74 1.00E-74 6.57E-47 1.48E-29 6.01E-21 6.88E-16 2.77E-14 8.80E-14
 1.51E-13 2.47E-13 3.40E-13 3.85E-13 3.57E-13 3.24E-13
 1.00E-74 1.00E-74 6.42E-47 1.48E-29 6.01E-21 6.88E-16 2.78E-14 8.80E-14
 1.51E-13 2.47E-13 3.40E-13 3.85E-13 3.57E-13 3.24E-13
 1.00E-74 1.00E-74 6.45E-47 1.49E-29 6.04E-21 6.90E-16 2.78E-14 8.80E-14
 1.51E-13 2.47E-13 3.40E-13 3.85E-13 3.57E-13 3.24E-13
 1.00E-74 1.00E-74 6.95E-47 1.58E-29 6.25E-21 7.02E-16 2.81E-14 8.88E-14
 1.52E-13 2.49E-13 3.42E-13 3.86E-13 3.58E-13 3.25E-13
  177.386    7  14 /pl=01:ss=13:pb= 1:sz=13/type=excit/ispb = t/isel =   40
 1.00E+10 1.00E+11 1.00E+12 1.00E+13 1.00E+14 1.00E+15 1.00E+16
 3.38E+00 5.07E+00 8.44E+00 1.69E+01 3.38E+01 8.44E+01 1.69E+02 2.53E+02
 3.38E+02 5.07E+02 8.44E+02 1.69E+03 3.38E+03 5.07E+03
 1.00E-74 1.00E-74 6.70E-45 1.74E-28 2.47E-20 1.54E-15 5.08E-14 1.50E-13
 2.49E-13 3.91E-13 5.17E-13 5.59E-13 5.04E-13 4.50E-13
 1.00E-74 1.00E-74 6.36E-45 1.74E-28 2.47E-20 1.54E-15 5.08E-14 1.50E-13
 2.49E-13 3.91E-13 5.17E-13 5.59E-13 5.04E-13 4.50E-13
 1.00E-74 1.00E-74 6.40E-45 1.74E-28 2.47E-20 1.54E-15 5.08E-14 1.50E-13
 2.49E-13 3.91E-13 5.17E-13 5.59E-13 5.04E-13 4.50E-13
 1.00E-74 1.00E-74 6.39E-45 1.74E-28 2.47E-20 1.54E-15 5.08E-14 1.50E-13
 2.49E-13 3.91E-13 5.17E-13 5.59E-13 5.04E-13 4.50E-13
 1.00E-74 1.00E-74 6.39E-45 1.74E-28 2.47E-20 1.54E-15 5.08E-14 1.50E-13
 2.49E-13 3.91E-13 5.16E-13 5.59E-13 5.04E-13 4.50E-13
 1.00E-74 1.00E-74 6.39E-45 1.74E-28 2.46E-20 1.53E-15 5.07E-14 1.50E-13
 2.48E-13 3.90E-13 5.16E-13 5.58E-13 5.04E-13 4.50E-13
 1.00E-74 1.00E-74 6.35E-45 1.72E-28 2.41E-20 1.50E-15 4.96E-14 1.47E-13
 2.44E-13 3.84E-13 5.08E-13 5.52E-13 5.00E-13 4.46E-13
  187.080    7  14 /pl=01:ss=13:pb= 1:sz=13/type=excit/ispb = t/isel =   41
 1.00E+10 1.00E+11 1.00E+12 1.00E+13 1.00E+14 1.00E+15 1.00E+16
 3.38E+00 5.07E+00 8.44E+00 1.69E+01 3.38E+01 8.44E+01 1.69E+02 2.53E+02
 3.38E+02 5.07E+02 8.44E+02 1.69E+03 3.38E+03 5.07E+03
 1.00E-74 1.00E-74 7.45E-45 1.99E-28 2.98E-20 1.90E-15 6.36E-14 1.90E-13
 3.19E-13 5.12E-13 7.08E-13 8.39E-13 8.46E-13 8.16E-13
 1.00E-74 1.00E-74 6.71E-45 1.99E-28 2.98E-20 1.90E-15 6.36E-14 1.90E-13
 3.19E-13 5.12E-13 7.08E-13 8.39E-13 8.46E-13 8.16E-13
 1.00E-74 1.00E-74 6.41E-45 1.99E-28 2.98E-20 1.90E-15 6.36E-14 1.90E-13
 3.19E-13 5.12E-13 7.08E-13 8.39E-13 8.46E-13 8.16E-13
 1.00E-74 1.00E-74 6.39E-45 1.99E-28 2.98E-20 1.90E-15 6.36E-14 1.90E-13
 3.19E-13 5.12E-13 7.08E-13 8.39E-13 8.46E-13 8.16E-13
 1.00E-74 1.00E-74 6.39E-45 1.99E-28 2.98E-20 1.90E-15 6.36E-14 1.90E-13
 3.19E-13 5.12E-13 7.08E-13 8.39E-13 8.46E-13 8.15E-13
 1.00E-74 1.00E-74 6.40E-45 2.00E-28 2.98E-20 1.90E-15 6.35E-14 1.90E-13
 3.18E-13 5.12E-13 7.08E-13 8.39E-13 8.45E-13 8.15E-13
 1.00E-74 1.00E-74 6.48E-45 2.01E-28 2.97E-20 1.88E-15 6.28E-14 1.88E-13
 3.15E-13 5.07E-13 7.02E-13 8.33E-13 8.41E-13 8.12E-13
  197.711    7  14 /pl=01:ss=13:pb= 1:sz=13/type=excit/ispb = t/isel =   42
 1.00E+10 1.00E+11 1.00E+12 1.00E+13 1.00E+14 1.00E+15 1.00E+16
 3.38E+00 5.07E+00 8.44E+00 1.69E+01 3.38E+01 8.44E+01 1.69E+02 2.53E+02
 3.38E+02 5.07E+02 8.44E+02 1.69E+03 3.38E+03 5.07E+03
 1.00E-74 1.00E-74 1.00E-74 2.00E-28 3.08E-20 1.97E-15 6.59E-14 1.96E-13
 3.26E-13 5.18E-13 6.97E-13 7.73E-13 7.16E-13 6.46E-13
 1.00E-74 1.00E-74 5.60E-45 2.00E-28 3.08E-20 1.97E-15 6.59E-14 1.96E-13
 3.26E-13 5.18E-13 6.97E-13 7.73E-13 7.16E-13 6.46E-13
 1.00E-74 1.00E-74 6.02E-45 2.00E-28 3.08E-20 1.97E-15 6.59E-14 1.96E-13
 3.26E-13 5.18E-13 6.97E-13 7.73E-13 7.16E-13 6.46E-13
 1.00E-74 1.00E-74 5.99E-45 2.00E-28 3.08E-20 1.97E-15 6.59E-14 1.96E-13
 3.26E-13 5.18E-13 6.97E-13 7.73E-13 7.16E-13 6.46E-13
 1.00E-74 1.00E-74 6.00E-45 2.00E-28 3.08E-20 1.97E-15 6.59E-14 1.96E-13
 3.26E-13 5.18E-13 6.97E-13 7.73E-13 7.16E-13 6.46E-13
 1.00E-74 1.00E-74 6.05E-45 2.01E-28 3.09E-20 1.98E-15 6.59E-14 1.96E-13
 3.26E-13 5.18E-13 6.97E-13 7.73E-13 7.16E-13 6.46E-13
 1.00E-74 1.00E-74 6.40E-45 2.09E-28 3.15E-20 1.99E-15 6.60E-14 1.96E-13
 3.26E-13 5.18E-13 6.97E-13 7.72E-13 7.15E-13 6.46E-13
  209.530    7  14 /pl=01:ss=13:pb= 1:sz=13/type=excit/ispb = t/isel =   43
 1.00E+10 1.00E+11 1.00E+12 1.00E+13 1.00E+14 1.00E+15 1.00E+16
 3.38E+00 5.07E+00 8.44E+00 1.69E+01 3.38E+01 8.44E+01 1.69E+02 2.53E+02
 3.38E+02 5.07E+02 8.44E+02 1.69E+03 3.38E+03 5.07E+03
 1.00E-74 1.00E-74 3.34E-45 8.67E-29 1.23E-20 7.65E-16 2.53E-14 7.49E-14
 1.24E-13 1.95E-13 2.57E-13 2.78E-13 2.51E-13 2.24E-13
 1.00E-74 1.00E-74 3.17E-45 8.67E-29 1.23E-20 7.65E-16 2.53E-14 7.49E-14
 1.24E-13 1.95E-13 2.57E-13 2.78E-13 2.51E-13 2.24E-13
 1.00E-74 1.00E-74 3.19E-45 8.67E-29 1.23E-20 7.65E-16 2.53E-14 7.49E-14
 1.24E-13 1.95E-13 2.57E-13 2.78E-13 2.51E-13 2.24E-13
 1.00E-74 1.00E-74 3.18E-45 8.67E-29 1.23E-20 7.65E-16 2.53E-14 7.49E-14
 1.24E-13 1.95E-13 2.57E-13 2.78E-13 2.51E-13 2.24E-13
 1.00E-74 1.00E-74 3.18E-45 8.67E-29 1.23E-20 7.65E-16 2.53E-14 7.49E-14
 1.24E-13 1.94E-13 2.57E-13 2.78E-13 2.51E-13 2.24E-13
 1.00E-74 1.00E-74 3.18E-45 8.66E-29 1.23E-20 7.63E-16 2.52E-14 7.47E-14
 1.24E-13 1.94E-13 2.57E-13 2.78E-13 2.51E-13 2.24E-13
 1.00E-74 1.00E-74 3.16E-45 8.55E-29 1.20E-20 7.45E-16 2.47E-14 7.33E-14
 1.21E-13 1.91E-13 2.53E-13 2.75E-13 2.49E-13 2.22E-13
  223.033    7  14 /pl=01:ss=13:pb= 1:sz=13/type=excit/ispb = t/isel =   44
 1.00E+10 1.00E+11 1.00E+12 1.00E+13 1.00E+14 1.00E+15 1.00E+16
 3.38E+00 5.07E+00 8.44E+00 1.69E+01 3.38E+01 8.44E+01 1.69E+02 2.53E+02
 3.38E+02 5.07E+02 8.44E+02 1.69E+03 3.38E+03 5.07E+03
 1.00E-74 1.00E-74 1.00E-74 1.34E-30 9.59E-22 1.55E-16 7.06E-15 2.34E-14
 4.11E-14 6.94E-14 9.89E-14 1.19E-13 1.22E-13 1.17E-13
 1.00E-74 1.00E-74 1.00E-74 1.34E-30 9.59E-22 1.55E-16 7.06E-15 2.34E-14
 4.11E-14 6.94E-14 9.89E-14 1.19E-13 1.22E-13 1.17E-13
 1.00E-74 1.00E-74 1.00E-74 1.34E-30 9.59E-22 1.55E-16 7.06E-15 2.34E-14
 4.11E-14 6.94E-14 9.89E-14 1.19E-13 1.22E-13 1.17E-13
 1.00E-74 1.00E-74 1.49E-48 1.34E-30 9.59E-22 1.55E-16 7.06E-15 2.34E-14
 4.11E-14 6.94E-14 9.89E-14 1.19E-13 1.22E-13 1.17E-13
 1.00E-74 1.00E-74 1.78E-48 1.34E-30 9.59E-22 1.55E-16 7.05E-15 2.34E-14
 4.11E-14 6.94E-14 9.89E-14 1.19E-13 1.22E-13 1.17E-13
 1.00E-74 1.00E-74 1.86E-48 1.34E-30 9.59E-22 1.55E-16 7.05E-15 2.33E-14
 4.11E-14 6.93E-14 9.88E-14 1.19E-13 1.22E-13 1.17E-13
 1.00E-74 1.00E-74 1.86E-48 1.34E-30 9.51E-22 1.53E-16 6.96E-15 2.31E-14
 4.06E-14 6.85E-14 9.78E-14 1.18E-13 1.20E-13 1.16E-13
  231.069    7  14 /pl=01:ss=13:pb= 1:sz=13/type=excit/ispb = t/isel =   45
 1.00E+10 1.00E+11 1.00E+12 1.00E+13 1.00E+14 1.00E+15 1.00E+16
 3.38E+00 5.07E+00 8.44E+00 1.69E+01 3.38E+01 8.44E+01 1.69E+02 2.53E+02
 3.38E+02 5.07E+02 8.44E+02 1.69E+03 3.38E+03 5.07E+03
 1.00E-74 1.00E-74 1.00E-74 1.46E-30 1.06E-21 1.72E-16 7.81E-15 2.57E-14
 4.49E-14 7.48E-14 1.04E-13 1.19E-13 1.11E-13 1.01E-13
 1.00E-74 1.00E-74 1.00E-74 1.46E-30 1.06E-21 1.72E-16 7.81E-15 2.57E-14
 4.49E-14 7.48E-14 1.04E-13 1.19E-13 1.11E-13 1.01E-13
 1.00E-74 1.00E-74 1.00E-74 1.46E-30 1.06E-21 1.72E-16 7.81E-15 2.57E-14
 4.49E-14 7.48E-14 1.04E-13 1.19E-13 1.11E-13 1.01E-13
 1.00E-74 1.00E-74 2.37E-48 1.46E-30 1.06E-21 1.72E-16 7.81E-15 2.57E-14
 4.49E-14 7.48E-14 1.04E-13 1.19E-13 1.11E-13 1.01E-13
 1.00E-74 1.00E-74 1.89E-48 1.47E-30 1.06E-21 1.72E-16 7.81E-15 2.57E-14
 4.49E-14 7.49E-14 1.04E-13 1.19E-13 1.11E-13 1.01E-13
 1.00E-74 1.00E-74 2.01E-48 1.49E-30 1.07E-21 1.73E-16 7.85E-15 2.58E-14
 4.51E-14 7.51E-14 1.05E-13 1.19E-13 1.11E-13 1.01E-13
 1.00E-74 1.00E-74 2.31E-48 1.66E-30 1.16E-21 1.83E-16 8.17E-15 2.67E-14
 4.65E-14 7.71E-14 1.07E-13 1.22E-13 1.13E-13 1.03E-13
  294.194    7  14 /pl=01:ss=13:pb= 1:sz=13/type=excit/ispb = t/isel =   46
 1.00E+10 1.00E+11 1.00E+12 1.00E+13 1.00E+14 1.00E+15 1.00E+16
 3.38E+00 5.07E+00 8.44E+00 1.69E+01 3.38E+01 8.44E+01 1.69E+02 2.53E+02
 3.38E+02 5.07E+02 8.44E+02 1.69E+03 3.38E+03 5.07E+03
 1.39E-13 7.29E-12 1.58E-10 1.38E-09 3.52E-09 5.14E-09 5.13E-09 4.87E-09
 4.63E-09 4.25E-09 3.73E-09 3.05E-09 2.43E-09 2.11E-09
 1.39E-13 7.29E-12 1.58E-10 1.38E-09 3.52E-09 5.14E-09 5.13E-09 4.87E-09
 4.63E-09 4.25E-09 3.73E-09 3.05E-09 2.43E-09 2.11E-09
 1.39E-13 7.29E-12 1.58E-10 1.38E-09 3.52E-09 5.14E-09 5.13E-09 4.87E-09
 4.63E-09 4.25E-09 3.73E-09 3.05E-09 2.43E-09 2.11E-09
 1.39E-13 7.29E-12 1.58E-10 1.38E-09 3.52E-09 5.14E-09 5.13E-09 4.87E-09
 4.63E-09 4.25E-09 3.73E-09 3.05E-09 2.43E-09 2.11E-09
 1.39E-13 7.28E-12 1.58E-10 1.38E-09 3.52E-09 5.13E-09 5.13E-09 4.87E-09
 4.63E-09 4.25E-09 3.73E-09 3.05E-09 2.43E-09 2.11E-09
 1.39E-13 7.27E-12 1.58E-10 1.38E-09 3.52E-09 5.12E-09 5.12E-09 4.86E-09
 4.62E-09 4.24E-09 3.73E-09 3.04E-09 2.43E-09 2.11E-09
 1.36E-13 7.14E-12 1.56E-10 1.36E-09 3.45E-09 5.02E-09 5.02E-09 4.77E-09
 4.54E-09 4.17E-09 3.67E-09 3.01E-09 2.40E-09 2.09E-09
  332.883    7  14 /pl=01:ss=13:pb= 1:sz=13/type=excit/ispb = t/isel =   47
 1.00E+10 1.00E+11 1.00E+12 1.00E+13 1.00E+14 1.00E+15 1.00E+16
 3.38E+00 5.07E+00 8.44E+00 1.69E+01 3.38E+01 8.44E+01 1.69E+02 2.53E+02
 3.38E+02 5.07E+02 8.44E+02 1.69E+03 3.38E+03 5.07E+03
 1.00E-74 1.00E-74 1.00E-74 5.12E-30 1.98E-21 2.20E-16 8.76E-15 2.75E-14
 4.69E-14 7.57E-14 1.02E-13 1.11E-13 9.99E-14 8.90E-14
 1.00E-74 1.00E-74 1.00E-74 5.12E-30 1.98E-21 2.20E-16 8.76E-15 2.75E-14
 4.69E-14 7.57E-14 1.02E-13 1.11E-13 9.99E-14 8.90E-14
 1.00E-74 1.00E-74 2.09E-47 5.12E-30 1.98E-21 2.20E-16 8.76E-15 2.75E-14
 4.69E-14 7.57E-14 1.02E-13 1.11E-13 9.99E-14 8.90E-14
 1.00E-74 1.00E-74 2.51E-47 5.12E-30 1.98E-21 2.20E-16 8.76E-15 2.75E-14
 4.69E-14 7.57E-14 1.02E-13 1.11E-13 9.99E-14 8.90E-14
 1.00E-74 1.00E-74 2.47E-47 5.12E-30 1.98E-21 2.20E-16 8.75E-15 2.75E-14
 4.69E-14 7.57E-14 1.02E-13 1.11E-13 9.99E-14 8.90E-14
 1.00E-74 1.00E-74 2.45E-47 5.07E-30 1.96E-21 2.18E-16 8.71E-15 2.74E-14
 4.67E-14 7.54E-14 1.02E-13 1.11E-13 9.97E-14 8.88E-14
 1.00E-74 1.00E-74 2.26E-47 4.71E-30 1.83E-21 2.05E-16 8.25E-15 2.61E-14
 4.47E-14 7.25E-14 9.85E-14 1.08E-13 9.79E-14 8.76E-14
  348.237    7  14 /pl=01:ss=13:pb= 1:sz=13/type=excit/ispb = t/isel =   48
 1.00E+10 1.00E+11 1.00E+12 1.00E+13 1.00E+14 1.00E+15 1.00E+16
 3.38E+00 5.07E+00 8.44E+00 1.69E+01 3.38E+01 8.44E+01 1.69E+02 2.53E+02
 3.38E+02 5.07E+02 8.44E+02 1.69E+03 3.38E+03 5.07E+03
 1.00E-74 1.00E-74 1.00E-74 6.94E-30 2.77E-21 3.15E-16 1.27E-14 4.07E-14
 7.00E-14 1.16E-13 1.64E-13 1.97E-13 1.99E-13 1.92E-13
 1.00E-74 1.00E-74 1.00E-74 6.94E-30 2.77E-21 3.15E-16 1.27E-14 4.07E-14
 7.00E-14 1.16E-13 1.64E-13 1.97E-13 1.99E-13 1.92E-13
 1.00E-74 1.00E-74 2.14E-47 6.94E-30 2.77E-21 3.15E-16 1.27E-14 4.07E-14
 7.00E-14 1.16E-13 1.64E-13 1.97E-13 1.99E-13 1.92E-13
 1.00E-74 1.00E-74 3.22E-47 6.94E-30 2.77E-21 3.15E-16 1.27E-14 4.07E-14
 7.00E-14 1.16E-13 1.64E-13 1.97E-13 1.99E-13 1.92E-13
 1.00E-74 1.00E-74 3.11E-47 6.94E-30 2.77E-21 3.15E-16 1.27E-14 4.07E-14
 7.00E-14 1.16E-13 1.64E-13 1.97E-13 1.99E-13 1.92E-13
 1.00E-74 1.00E-74 3.12E-47 6.94E-30 2.77E-21 3.14E-16 1.27E-14 4.06E-14
 6.99E-14 1.16E-13 1.64E-13 1.96E-13 1.99E-13 1.92E-13
 1.00E-74 1.00E-74 3.15E-47 6.98E-30 2.76E-21 3.11E-16 1.26E-14 4.02E-14
 6.92E-14 1.15E-13 1.62E-13 1.95E-13 1.98E-13 1.91E-13
  365.457    7  14 /pl=01:ss=13:pb= 1:sz=13/type=excit/ispb = t/isel =   49
 1.00E+10 1.00E+11 1.00E+12 1.00E+13 1.00E+14 1.00E+15 1.00E+16
 3.38E+00 5.07E+00 8.44E+00 1.69E+01 3.38E+01 8.44E+01 1.69E+02 2.53E+02
 3.38E+02 5.07E+02 8.44E+02 1.69E+03 3.38E+03 5.07E+03
 1.00E-74 1.00E-74 1.00E-74 7.68E-30 3.11E-21 3.57E-16 1.44E-14 4.56E-14
 7.82E-14 1.28E-13 1.76E-13 1.99E-13 1.85E-13 1.68E-13
 1.00E-74 1.00E-74 1.00E-74 7.68E-30 3.11E-21 3.57E-16 1.44E-14 4.56E-14
 7.82E-14 1.28E-13 1.76E-13 1.99E-13 1.85E-13 1.68E-13
 1.00E-74 1.00E-74 3.78E-47 7.68E-30 3.11E-21 3.57E-16 1.44E-14 4.56E-14
 7.82E-14 1.28E-13 1.76E-13 1.99E-13 1.85E-13 1.68E-13
 1.00E-74 1.00E-74 3.41E-47 7.68E-30 3.11E-21 3.57E-16 1.44E-14 4.56E-14
 7.82E-14 1.28E-13 1.76E-13 1.99E-13 1.85E-13 1.68E-13
 1.00E-74 1.00E-74 3.33E-47 7.69E-30 3.12E-21 3.57E-16 1.44E-14 4.56E-14
 7.82E-14 1.28E-13 1.76E-13 1.99E-13 1.85E-13 1.68E-13
 1.00E-74 1.00E-74 3.34E-47 7.74E-30 3.13E-21 3.57E-16 1.44E-14 4.56E-14
 7.83E-14 1.28E-13 1.76E-13 1.99E-13 1.85E-13 1.68E-13
 1.00E-74 1.00E-74 3.60E-47 8.16E-30 3.24E-21 3.64E-16 1.46E-14 4.60E-14
 7.88E-14 1.29E-13 1.77E-13 2.00E-13 1.86E-13 1.68E-13
  826.622    7  14 /pl=01:ss=13:pb= 1:sz=13/type=excit/ispb = t/isel =   50
 1.00E+10 1.00E+11 1.00E+12 1.00E+13 1.00E+14 1.00E+15 1.00E+16
 3.38E+00 5.07E+00 8.44E+00 1.69E+01 3.38E+01 8.44E+01 1.69E+02 2.53E+02
 3.38E+02 5.07E+02 8.44E+02 1.69E+03 3.38E+03 5.07E+03
 1.00E-74 1.00E-74 9.27E-33 1.31E-21 4.13E-16 6.73E-13 6.95E-12 1.43E-11
 1.98E-11 2.63E-11 3.11E-11 3.12E-11 2.76E-11 2.48E-11
 1.00E-74 1.21E-47 9.27E-33 1.31E-21 4.13E-16 6.73E-13 6.95E-12 1.43E-11
 1.98E-11 2.63E-11 3.11E-11 3.12E-11 2.76E-11 2.48E-11
 1.00E-74 1.08E-47 9.27E-33 1.31E-21 4.13E-16 6.73E-13 6.95E-12 1.43E-11
 1.98E-11 2.63E-11 3.11E-11 3.12E-11 2.76E-11 2.48E-11
 1.00E-74 1.02E-47 9.27E-33 1.31E-21 4.13E-16 6.73E-13 6.95E-12 1.43E-11
 1.98E-11 2.63E-11 3.11E-11 3.12E-11 2.76E-11 2.48E-11
 1.00E-74 1.03E-47 9.24E-33 1.30E-21 4.12E-16 6.71E-13 6.94E-12 1.42E-11
 1.98E-11 2.63E-11 3.10E-11 3.12E-11 2.76E-11 2.48E-11
 1.00E-74 9.96E-48 8.98E-33 1.27E-21 4.01E-16 6.57E-13 6.81E-12 1.40E-11
 1.94E-11 2.59E-11 3.06E-11 3.09E-11 2.73E-11 2.47E-11
 1.00E-74 7.67E-48 7.01E-33 9.96E-22 3.20E-16 5.39E-13 5.72E-12 1.19E-11
 1.68E-11 2.27E-11 2.73E-11 2.81E-11 2.54E-11 2.31E-11
c-------------------------------------------------------------------------------
 
C  root partition information
C  ==========================
C
C  nuclear charge : 18
C  ion charge+1   : 14
C
C  population calculation information
C  ----------------------------------
C
C  population processing code: adas810
C
C  adf04 source file    : adf04_copmm#18_ca_40#ar13_t3.dat
C  adf18/a17_p208 file  : NULL
C
C  meta. ion. coeff. selector  : 
 
C  options  : lnorm =T  lpsel =F  lzsel =T  liosel=F
C           : lhsel =F  lrsel =F  lisel =F  lnsel =F
 
C  energy levels
C  -------------
C
C   lv      configuration    (2S+1)L(w-1/2)      energy (cm^-1)
C  ---   ------------------- --------------      --------------
c    1   22513                  (0)0(  2.5)             0.0
c    2   12523                  (0)0( 14.5)        339911.2
c    3   22514                  (0)0(  0.5)       3423155.1
c    4   22515                  (0)0(  2.5)       3544129.4
c    5   22516                  (0)0(  4.5)       3643288.0
c    6   12513515               (0)0( 35.5)       3806796.5
c    7   12513516               (0)0( 59.5)       3905121.1
c    8   22517                  (0)0(  0.5)       4637112.5
c    9   22518                  (0)0(  2.5)       4685298.2
c   10   22519                  (0)0(  4.5)       4723596.5
c   11   2251A                  (0)0(  6.5)       4742394.5
c   12   12513518               (0)0( 35.5)       4944245.2
c   13   12513519               (0)0( 59.5)       4982148.4
c   14   2251B                  (0)0(  0.5)       5176844.3
c   15   2251C                  (0)0(  2.5)       5200854.8
c   16   2251D                  (0)0(  4.5)       5219828.4
c   17   2251E                  (0)0(  6.5)       5229386.5
c   18   2251G                  (0)0(  0.5)       5463576.8
c   19   2251H                  (0)0(  2.5)       5477250.0
c   20   2251I                  (0)0(  4.5)       5488015.2
c   21   2251J                  (0)0(  6.5)       5493458.2
c   22   2251M                  (0)0(  0.5)       5633998.7
c   23   2251N                  (0)0(  2.5)       5642514.3
c   24   2251O                  (0)0(  4.5)       5649219.3
c   25   2251P                  (0)0(  6.5)       5652599.2
c   26   11522523               (0)0( 14.5)      24667739.9
c   27   11522513515            (0)0( 35.5)      28367004.9
c   28   11522513516            (0)0( 59.5)      28493970.9
 
 
 
c-------------------------------------------------------------------------------
 
C  superstage partition information
C  ================================
C
C  element symbol   : Ar
C  parent template  : 
C  partition level  :  1
C  superstage label : 13
C
C  tabulation       : photon emissivity coefft (te,ne)
C  units            : ph. emis coef(cm^3 s^-1); te (ev); ne (cm^-3)
C
C  photon emissivity atomic transitions
C  ------------------------------------
C  
C   isel  wvlen(A)            transition                type  ispb nspb
C                                                             ispp nspp sz    tg pr wr
C  ----- ---------- ----------------------------------- ----- ---- ---- --    -- -- --
C      1   3.52522   27(0)0( 35.5)-  1(0)0(  2.5)       excit   1    1  13    21 21  1
C      2   4.05388   26(0)0( 14.5)-  1(0)0(  2.5)       excit   1    1  13    20 11  2
C      3   17.7016   24(0)0(  4.5)-  1(0)0(  2.5)       excit   1    1  13    18 20  3
C      4   18.2215   20(0)0(  4.5)-  1(0)0(  2.5)       excit   1    1  13    14 17  4
C      5   19.1577   16(0)0(  4.5)-  1(0)0(  2.5)       excit   1    1  13    10 12  5
C      6   19.3168   14(0)0(  0.5)-  1(0)0(  2.5)       excit   1    1  13     8 40  6
C      7   20.2255   12(0)0( 35.5)-  1(0)0(  2.5)       excit   1    1  13    26  8  7
C      8   21.1703   10(0)0(  4.5)-  1(0)0(  2.5)       excit   1    1  13     6  7  8
C      9   21.5413   13(0)0( 59.5)-  2(0)0( 14.5)       excit   1    1  13   186  9  9
C     10   21.5651    8(0)0(  0.5)-  1(0)0(  2.5)       excit   1    1  13     4 25 10
C     11   26.2688    6(0)0( 35.5)-  1(0)0(  2.5)       excit   1    1  13    24  4 11
C     12   27.4477    5(0)0(  4.5)-  1(0)0(  2.5)       excit   1    1  13     3  2 12
C     13   28.0488    7(0)0( 59.5)-  2(0)0( 14.5)       excit   1    1  13   184  3 13
C     14   28.2157    4(0)0(  2.5)-  1(0)0(  2.5)       excit   1    1  13     2 10 14
C     15   29.2128    3(0)0(  0.5)-  1(0)0(  2.5)       excit   1    1  13     1  5 15
C     16   45.0581   23(0)0(  2.5)-  3(0)0(  0.5)       excit   1    1  13    40 38 16
C     17   47.5039   24(0)0(  4.5)-  4(0)0(  2.5)       excit   1    1  13    57 31 17
C     18   48.6832   19(0)0(  2.5)-  3(0)0(  0.5)       excit   1    1  13    37 33 18
C     19   49.7683   25(0)0(  6.5)-  5(0)0(  4.5)       excit   1    1  13    74 36 19
C     20   51.4434   20(0)0(  4.5)-  4(0)0(  2.5)       excit   1    1  13    53 26 20
C     21   54.0491   21(0)0(  6.5)-  5(0)0(  4.5)       excit   1    1  13    70 29 21
C     22   56.2525   15(0)0(  2.5)-  3(0)0(  0.5)       excit   1    1  13    34 23 22
C     23   59.6766   16(0)0(  4.5)-  4(0)0(  2.5)       excit   1    1  13    49 18 23
C     24   61.2477   14(0)0(  0.5)-  4(0)0(  2.5)       excit   1    1  13    47 46 24
C     25   63.0478   17(0)0(  6.5)-  5(0)0(  4.5)       excit   1    1  13    66 22 25
C     26   64.2027   15(0)0(  2.5)-  5(0)0(  4.5)       excit   1    1  13    64 42 26
C     27   79.2303    9(0)0(  2.5)-  3(0)0(  0.5)       excit   1    1  13    31 14 27
C     28   84.7841   10(0)0(  4.5)-  4(0)0(  2.5)       excit   1    1  13    45 13 28
C     29   85.0809   13(0)0( 59.5)-  6(0)0( 35.5)       excit   1    1  13   190 15 29
C     30   90.9830   11(0)0(  6.5)-  5(0)0(  4.5)       excit   1    1  13    62 16 30
C     31   91.4927    8(0)0(  0.5)-  4(0)0(  2.5)       excit   1    1  13    43 30 31
C     32   95.9684    9(0)0(  2.5)-  5(0)0(  4.5)       excit   1    1  13    60 24 32
C     33   96.2349   12(0)0( 35.5)-  7(0)0( 59.5)       excit   1    1  13   192 19 33
C     34   99.4627   23(0)0(  2.5)-  8(0)0(  0.5)       excit   1    1  13    84 49 34
C     35   103.743   24(0)0(  4.5)-  9(0)0(  2.5)       excit   1    1  13    98 39 35
C     36   107.642   25(0)0(  6.5)- 10(0)0(  4.5)       excit   1    1  13   112 43 36
C     37   119.028   19(0)0(  2.5)-  8(0)0(  0.5)       excit   1    1  13    81 41 37
C     38   124.577   20(0)0(  4.5)-  9(0)0(  2.5)       excit   1    1  13    94 34 38
C     39   129.893   21(0)0(  6.5)- 10(0)0(  4.5)       excit   1    1  13   108 35 39
C     40   177.386   15(0)0(  2.5)-  8(0)0(  0.5)       excit   1    1  13    78 32 40
C     41   187.080   16(0)0(  4.5)-  9(0)0(  2.5)       excit   1    1  13    90 27 41
C     42   197.711   17(0)0(  6.5)- 10(0)0(  4.5)       excit   1    1  13   104 28 42
C     43   209.530   15(0)0(  2.5)- 10(0)0(  4.5)       excit   1    1  13   102 37 43
C     44   223.033   24(0)0(  4.5)- 15(0)0(  2.5)       excit   1    1  13   138 47 44
C     45   231.069   25(0)0(  6.5)- 16(0)0(  4.5)       excit   1    1  13   148 48 45
C     46   294.194    2(0)0( 14.5)-  1(0)0(  2.5)       excit   1    1  13    23  1 46
C     47   332.883   19(0)0(  2.5)- 14(0)0(  0.5)       excit   1    1  13   125 50 47
C     48   348.237   20(0)0(  4.5)- 15(0)0(  2.5)       excit   1    1  13   134 44 48
C     49   365.457   21(0)0(  6.5)- 16(0)0(  4.5)       excit   1    1  13   144 45 49
C     50   826.622    4(0)0(  2.5)-  3(0)0(  0.5)       excit   1    1  13    28  6 50
c-------------------------------------------------------------------------------
                                                                                
C  code     : adas810
C  producer : Adam Foster
C  date     : 13/05/09
                                                                                
c-------------------------------------------------------------------------------
