   50    /AR: 6 photon emissivity coefficients/
--------------------------------------------------------------------------------
    1    1    1    1    1    1    1    1    1    1    1    1    1    1
    1    1    1    1    1
--------------------------------------------------------------------------------
//#01/p00/ 00/p01/ 01/p02/ 02/p03/ 03/p04/ 04/p05/ 05/p06/ 06/p07/ 07/p08/ 08/  
      p09/ 09/p10/ 10/p11/ 11/p12/ 12/p13/ 13/p14/ 14/p15/ 15/p16/ 16/p17/ 17/  
      p18/ 18/                                                                  
--------------------------------------------------------------------------------
  31.5429    7  14 /pl=01:ss= 6:pb= 1:sz= 6/type=excit/ispb = t/isel =    1
 1.00E+10 1.00E+11 1.00E+12 1.00E+13 1.00E+14 1.00E+15 1.00E+16
 8.44E-01 1.27E+00 2.11E+00 4.22E+00 8.44E+00 2.11E+01 4.22E+01 6.33E+01
 8.44E+01 1.27E+02 2.11E+02 4.22E+02 8.44E+02 1.27E+03
 1.00E-74 1.00E-74 1.00E-74 1.00E-74 8.56E-31 7.91E-19 6.47E-15 1.21E-13
 5.02E-13 2.00E-12 5.68E-12 1.16E-11 1.62E-11 1.79E-11
 1.00E-74 1.00E-74 1.00E-74 1.00E-74 8.56E-31 7.91E-19 6.47E-15 1.21E-13
 5.02E-13 2.00E-12 5.68E-12 1.16E-11 1.62E-11 1.79E-11
 1.00E-74 1.00E-74 1.00E-74 1.00E-74 8.56E-31 7.91E-19 6.47E-15 1.21E-13
 5.02E-13 2.00E-12 5.68E-12 1.16E-11 1.61E-11 1.79E-11
 1.00E-74 1.00E-74 1.00E-74 1.00E-74 8.56E-31 7.91E-19 6.46E-15 1.20E-13
 5.01E-13 1.99E-12 5.67E-12 1.16E-11 1.61E-11 1.78E-11
 1.00E-74 1.00E-74 1.00E-74 1.00E-74 8.52E-31 7.82E-19 6.38E-15 1.19E-13
 4.94E-13 1.96E-12 5.55E-12 1.13E-11 1.58E-11 1.74E-11
 1.00E-74 1.00E-74 1.00E-74 1.00E-74 8.20E-31 7.13E-19 5.69E-15 1.05E-13
 4.32E-13 1.69E-12 4.68E-12 9.43E-12 1.31E-11 1.46E-11
 1.00E-74 1.00E-74 1.00E-74 1.00E-74 6.86E-31 4.55E-19 3.24E-15 5.72E-14
 2.32E-13 9.02E-13 2.56E-12 5.29E-12 7.41E-12 8.26E-12
  37.1431    7  14 /pl=01:ss= 6:pb= 1:sz= 6/type=excit/ispb = t/isel =    2
 1.00E+10 1.00E+11 1.00E+12 1.00E+13 1.00E+14 1.00E+15 1.00E+16
 8.44E-01 1.27E+00 2.11E+00 4.22E+00 8.44E+00 2.11E+01 4.22E+01 6.33E+01
 8.44E+01 1.27E+02 2.11E+02 4.22E+02 8.44E+02 1.27E+03
 1.00E-74 1.00E-74 1.00E-74 4.13E-44 2.48E-27 5.67E-17 1.68E-13 2.31E-12
 8.32E-12 2.85E-11 7.10E-11 1.26E-10 1.51E-10 1.53E-10
 1.00E-74 1.00E-74 1.00E-74 2.07E-44 2.48E-27 5.67E-17 1.68E-13 2.31E-12
 8.32E-12 2.85E-11 7.10E-11 1.26E-10 1.51E-10 1.53E-10
 1.00E-74 1.00E-74 1.00E-74 2.11E-44 2.48E-27 5.67E-17 1.68E-13 2.31E-12
 8.31E-12 2.85E-11 7.10E-11 1.26E-10 1.51E-10 1.53E-10
 1.00E-74 1.00E-74 1.00E-74 2.09E-44 2.48E-27 5.66E-17 1.68E-13 2.31E-12
 8.30E-12 2.84E-11 7.09E-11 1.26E-10 1.51E-10 1.52E-10
 1.00E-74 1.00E-74 1.00E-74 2.10E-44 2.47E-27 5.60E-17 1.66E-13 2.28E-12
 8.17E-12 2.79E-11 6.94E-11 1.23E-10 1.47E-10 1.49E-10
 1.00E-74 1.00E-74 1.00E-74 2.16E-44 2.40E-27 5.08E-17 1.47E-13 1.99E-12
 7.08E-12 2.38E-11 5.80E-11 1.01E-10 1.22E-10 1.25E-10
 1.00E-74 1.00E-74 1.00E-74 2.71E-44 2.15E-27 3.09E-17 7.70E-14 9.97E-13
 3.49E-12 1.18E-11 2.95E-11 5.37E-11 6.63E-11 6.84E-11
  38.1565    7  14 /pl=01:ss= 6:pb= 1:sz= 6/type=excit/ispb = t/isel =    3
 1.00E+10 1.00E+11 1.00E+12 1.00E+13 1.00E+14 1.00E+15 1.00E+16
 8.44E-01 1.27E+00 2.11E+00 4.22E+00 8.44E+00 2.11E+01 4.22E+01 6.33E+01
 8.44E+01 1.27E+02 2.11E+02 4.22E+02 8.44E+02 1.27E+03
 1.00E-74 1.00E-74 1.00E-74 1.04E-42 3.84E-26 2.60E-16 4.10E-13 4.41E-12
 1.40E-11 4.23E-11 9.63E-11 1.66E-10 2.06E-10 2.17E-10
 1.00E-74 1.00E-74 1.00E-74 1.06E-42 3.84E-26 2.60E-16 4.10E-13 4.41E-12
 1.40E-11 4.23E-11 9.63E-11 1.66E-10 2.06E-10 2.17E-10
 1.00E-74 1.00E-74 1.00E-74 1.06E-42 3.84E-26 2.60E-16 4.10E-13 4.41E-12
 1.40E-11 4.23E-11 9.63E-11 1.66E-10 2.06E-10 2.17E-10
 1.00E-74 1.00E-74 1.00E-74 1.06E-42 3.84E-26 2.60E-16 4.10E-13 4.41E-12
 1.39E-11 4.22E-11 9.61E-11 1.65E-10 2.06E-10 2.17E-10
 1.00E-74 1.00E-74 1.00E-74 1.05E-42 3.81E-26 2.57E-16 4.04E-13 4.34E-12
 1.37E-11 4.14E-11 9.41E-11 1.62E-10 2.01E-10 2.12E-10
 1.00E-74 1.00E-74 1.00E-74 1.04E-42 3.61E-26 2.31E-16 3.56E-13 3.79E-12
 1.19E-11 3.53E-11 7.86E-11 1.33E-10 1.67E-10 1.77E-10
 1.00E-74 1.00E-74 1.00E-74 9.93E-43 2.65E-26 1.30E-16 1.81E-13 1.86E-12
 5.77E-12 1.73E-11 3.98E-11 7.05E-11 9.04E-11 9.69E-11
  38.3702    7  14 /pl=01:ss= 6:pb= 1:sz= 6/type=excit/ispb = t/isel =    4
 1.00E+10 1.00E+11 1.00E+12 1.00E+13 1.00E+14 1.00E+15 1.00E+16
 8.44E-01 1.27E+00 2.11E+00 4.22E+00 8.44E+00 2.11E+01 4.22E+01 6.33E+01
 8.44E+01 1.27E+02 2.11E+02 4.22E+02 8.44E+02 1.27E+03
 1.00E-74 1.00E-74 1.00E-74 8.91E-43 2.61E-26 1.56E-16 2.35E-13 2.50E-12
 7.84E-12 2.36E-11 5.34E-11 9.15E-11 1.14E-10 1.20E-10
 1.00E-74 1.00E-74 1.00E-74 8.91E-43 2.61E-26 1.56E-16 2.35E-13 2.50E-12
 7.84E-12 2.35E-11 5.34E-11 9.15E-11 1.14E-10 1.20E-10
 1.00E-74 1.00E-74 1.00E-74 8.91E-43 2.61E-26 1.56E-16 2.35E-13 2.50E-12
 7.84E-12 2.35E-11 5.34E-11 9.15E-11 1.14E-10 1.20E-10
 1.00E-74 1.00E-74 1.00E-74 8.91E-43 2.61E-26 1.56E-16 2.35E-13 2.49E-12
 7.83E-12 2.35E-11 5.33E-11 9.12E-11 1.13E-10 1.19E-10
 1.00E-74 1.00E-74 1.00E-74 8.90E-43 2.60E-26 1.54E-16 2.32E-13 2.46E-12
 7.70E-12 2.31E-11 5.22E-11 8.91E-11 1.11E-10 1.17E-10
 1.00E-74 1.00E-74 1.00E-74 8.81E-43 2.46E-26 1.38E-16 2.04E-13 2.14E-12
 6.66E-12 1.97E-11 4.36E-11 7.36E-11 9.19E-11 9.78E-11
 1.00E-74 1.00E-74 1.00E-74 8.82E-43 1.84E-26 7.81E-17 1.04E-13 1.05E-12
 3.24E-12 9.62E-12 2.21E-11 3.89E-11 4.98E-11 5.34E-11
  41.6896    7  14 /pl=01:ss= 6:pb= 1:sz= 6/type=excit/ispb = t/isel =    5
 1.00E+10 1.00E+11 1.00E+12 1.00E+13 1.00E+14 1.00E+15 1.00E+16
 8.44E-01 1.27E+00 2.11E+00 4.22E+00 8.44E+00 2.11E+01 4.22E+01 6.33E+01
 8.44E+01 1.27E+02 2.11E+02 4.22E+02 8.44E+02 1.27E+03
 1.00E-74 1.00E-74 1.00E-74 1.84E-42 2.79E-26 1.12E-16 1.46E-13 1.47E-12
 4.46E-12 1.29E-11 2.75E-11 4.25E-11 4.53E-11 4.29E-11
 1.00E-74 1.00E-74 1.00E-74 1.84E-42 2.79E-26 1.12E-16 1.46E-13 1.47E-12
 4.46E-12 1.29E-11 2.75E-11 4.25E-11 4.53E-11 4.29E-11
 1.00E-74 1.00E-74 1.00E-74 1.84E-42 2.79E-26 1.12E-16 1.46E-13 1.47E-12
 4.46E-12 1.29E-11 2.75E-11 4.25E-11 4.53E-11 4.29E-11
 1.00E-74 1.00E-74 1.00E-74 1.84E-42 2.79E-26 1.12E-16 1.46E-13 1.47E-12
 4.45E-12 1.29E-11 2.75E-11 4.23E-11 4.52E-11 4.28E-11
 1.00E-74 1.00E-74 1.00E-74 1.84E-42 2.77E-26 1.10E-16 1.43E-13 1.44E-12
 4.38E-12 1.26E-11 2.69E-11 4.13E-11 4.42E-11 4.19E-11
 1.00E-74 1.00E-74 1.00E-74 1.80E-42 2.61E-26 9.82E-17 1.25E-13 1.25E-12
 3.76E-12 1.07E-11 2.23E-11 3.40E-11 3.65E-11 3.50E-11
 1.00E-74 1.00E-74 1.00E-74 1.59E-42 1.77E-26 5.12E-17 5.94E-14 5.75E-13
 1.72E-12 4.94E-12 1.07E-11 1.72E-11 1.92E-11 1.86E-11
  43.5599    7  14 /pl=01:ss= 6:pb= 1:sz= 6/type=excit/ispb = t/isel =    6
 1.00E+10 1.00E+11 1.00E+12 1.00E+13 1.00E+14 1.00E+15 1.00E+16
 8.44E-01 1.27E+00 2.11E+00 4.22E+00 8.44E+00 2.11E+01 4.22E+01 6.33E+01
 8.44E+01 1.27E+02 2.11E+02 4.22E+02 8.44E+02 1.27E+03
 1.00E-74 1.00E-74 1.00E-74 5.96E-38 1.83E-23 7.11E-15 4.35E-12 3.42E-11
 9.27E-11 2.40E-10 4.89E-10 7.77E-10 9.39E-10 9.80E-10
 1.00E-74 1.00E-74 1.00E-74 5.96E-38 1.83E-23 7.11E-15 4.35E-12 3.42E-11
 9.27E-11 2.40E-10 4.89E-10 7.77E-10 9.39E-10 9.80E-10
 1.00E-74 1.00E-74 1.00E-74 5.96E-38 1.83E-23 7.11E-15 4.35E-12 3.42E-11
 9.27E-11 2.40E-10 4.89E-10 7.77E-10 9.39E-10 9.80E-10
 1.00E-74 1.00E-74 1.00E-74 5.96E-38 1.83E-23 7.10E-15 4.34E-12 3.41E-11
 9.26E-11 2.40E-10 4.87E-10 7.75E-10 9.37E-10 9.78E-10
 1.00E-74 1.00E-74 1.00E-74 5.95E-38 1.82E-23 7.02E-15 4.28E-12 3.36E-11
 9.11E-11 2.36E-10 4.77E-10 7.57E-10 9.16E-10 9.57E-10
 1.00E-74 1.00E-74 1.00E-74 5.88E-38 1.72E-23 6.30E-15 3.76E-12 2.93E-11
 7.87E-11 2.01E-10 3.99E-10 6.24E-10 7.60E-10 8.01E-10
 1.00E-74 1.00E-74 1.00E-74 5.47E-38 1.24E-23 3.50E-15 1.90E-12 1.43E-11
 3.79E-11 9.75E-11 2.00E-10 3.29E-10 4.10E-10 4.36E-10
  44.0162    7  14 /pl=01:ss= 6:pb= 1:sz= 6/type=excit/ispb = t/isel =    7
 1.00E+10 1.00E+11 1.00E+12 1.00E+13 1.00E+14 1.00E+15 1.00E+16
 8.44E-01 1.27E+00 2.11E+00 4.22E+00 8.44E+00 2.11E+01 4.22E+01 6.33E+01
 8.44E+01 1.27E+02 2.11E+02 4.22E+02 8.44E+02 1.27E+03
 1.00E-74 1.00E-74 1.00E-74 1.56E-38 3.39E-24 1.09E-15 6.44E-13 5.03E-12
 1.36E-11 3.54E-11 7.16E-11 1.13E-10 1.35E-10 1.40E-10
 1.00E-74 1.00E-74 1.00E-74 1.56E-38 3.39E-24 1.09E-15 6.44E-13 5.03E-12
 1.36E-11 3.53E-11 7.16E-11 1.13E-10 1.35E-10 1.40E-10
 1.00E-74 1.00E-74 1.00E-74 1.56E-38 3.39E-24 1.09E-15 6.44E-13 5.03E-12
 1.36E-11 3.53E-11 7.16E-11 1.13E-10 1.35E-10 1.40E-10
 1.00E-74 1.00E-74 1.00E-74 1.56E-38 3.39E-24 1.09E-15 6.43E-13 5.03E-12
 1.36E-11 3.53E-11 7.15E-11 1.13E-10 1.35E-10 1.40E-10
 1.00E-74 1.00E-74 1.00E-74 1.58E-38 3.41E-24 1.09E-15 6.39E-13 4.99E-12
 1.35E-11 3.49E-11 7.04E-11 1.11E-10 1.32E-10 1.37E-10
 1.00E-74 1.00E-74 1.00E-74 1.79E-38 3.56E-24 1.05E-15 5.97E-13 4.60E-12
 1.23E-11 3.12E-11 6.15E-11 9.52E-11 1.13E-10 1.18E-10
 1.00E-74 1.00E-74 1.00E-74 3.57E-38 4.60E-24 8.31E-16 3.95E-13 2.88E-12
 7.56E-12 1.91E-11 3.84E-11 6.07E-11 7.21E-11 7.47E-11
  48.4358    7  14 /pl=01:ss= 6:pb= 1:sz= 6/type=excit/ispb = t/isel =    8
 1.00E+10 1.00E+11 1.00E+12 1.00E+13 1.00E+14 1.00E+15 1.00E+16
 8.44E-01 1.27E+00 2.11E+00 4.22E+00 8.44E+00 2.11E+01 4.22E+01 6.33E+01
 8.44E+01 1.27E+02 2.11E+02 4.22E+02 8.44E+02 1.27E+03
 1.00E-74 1.00E-74 1.00E-74 9.76E-37 1.01E-23 5.18E-16 1.64E-13 1.05E-12
 2.58E-12 6.01E-12 1.10E-11 1.55E-11 1.60E-11 1.52E-11
 1.00E-74 1.00E-74 1.00E-74 9.76E-37 1.01E-23 5.18E-16 1.64E-13 1.05E-12
 2.58E-12 6.01E-12 1.10E-11 1.55E-11 1.60E-11 1.52E-11
 1.00E-74 1.00E-74 1.00E-74 9.75E-37 1.01E-23 5.18E-16 1.64E-13 1.05E-12
 2.58E-12 6.01E-12 1.10E-11 1.55E-11 1.60E-11 1.52E-11
 1.00E-74 1.00E-74 1.00E-74 9.75E-37 1.01E-23 5.17E-16 1.64E-13 1.05E-12
 2.57E-12 5.99E-12 1.10E-11 1.54E-11 1.59E-11 1.51E-11
 1.00E-74 1.00E-74 1.00E-74 9.69E-37 9.95E-24 5.07E-16 1.60E-13 1.02E-12
 2.51E-12 5.83E-12 1.07E-11 1.49E-11 1.55E-11 1.47E-11
 1.00E-74 1.00E-74 1.00E-74 9.19E-37 8.94E-24 4.21E-16 1.28E-13 8.12E-13
 1.97E-12 4.53E-12 8.20E-12 1.15E-11 1.21E-11 1.17E-11
 1.00E-74 1.00E-74 1.00E-74 6.20E-37 4.40E-24 1.36E-16 3.53E-14 2.15E-13
 5.19E-13 1.22E-12 2.36E-12 3.67E-12 4.24E-12 4.29E-12
  51.1240    7  14 /pl=01:ss= 6:pb= 1:sz= 6/type=excit/ispb = t/isel =    9
 1.00E+10 1.00E+11 1.00E+12 1.00E+13 1.00E+14 1.00E+15 1.00E+16
 8.44E-01 1.27E+00 2.11E+00 4.22E+00 8.44E+00 2.11E+01 4.22E+01 6.33E+01
 8.44E+01 1.27E+02 2.11E+02 4.22E+02 8.44E+02 1.27E+03
 1.00E-74 1.00E-74 1.00E-74 7.12E-37 7.35E-24 3.78E-16 1.20E-13 7.68E-13
 1.89E-12 4.39E-12 8.05E-12 1.13E-11 1.17E-11 1.11E-11
 1.00E-74 1.00E-74 1.00E-74 7.12E-37 7.35E-24 3.78E-16 1.20E-13 7.68E-13
 1.89E-12 4.39E-12 8.05E-12 1.13E-11 1.17E-11 1.11E-11
 1.00E-74 1.00E-74 1.00E-74 7.12E-37 7.35E-24 3.78E-16 1.20E-13 7.68E-13
 1.88E-12 4.39E-12 8.05E-12 1.13E-11 1.17E-11 1.11E-11
 1.00E-74 1.00E-74 1.00E-74 7.12E-37 7.34E-24 3.77E-16 1.19E-13 7.66E-13
 1.88E-12 4.37E-12 8.03E-12 1.13E-11 1.16E-11 1.10E-11
 1.00E-74 1.00E-74 1.00E-74 7.08E-37 7.26E-24 3.70E-16 1.17E-13 7.47E-13
 1.83E-12 4.25E-12 7.79E-12 1.09E-11 1.13E-11 1.07E-11
 1.00E-74 1.00E-74 1.00E-74 6.71E-37 6.53E-24 3.07E-16 9.36E-14 5.93E-13
 1.44E-12 3.31E-12 5.99E-12 8.38E-12 8.84E-12 8.53E-12
 1.00E-74 1.00E-74 1.00E-74 4.52E-37 3.21E-24 9.95E-17 2.58E-14 1.57E-13
 3.79E-13 8.93E-13 1.73E-12 2.68E-12 3.09E-12 3.13E-12
  51.1305    7  14 /pl=01:ss= 6:pb= 1:sz= 6/type=excit/ispb = t/isel =   10
 1.00E+10 1.00E+11 1.00E+12 1.00E+13 1.00E+14 1.00E+15 1.00E+16
 8.44E-01 1.27E+00 2.11E+00 4.22E+00 8.44E+00 2.11E+01 4.22E+01 6.33E+01
 8.44E+01 1.27E+02 2.11E+02 4.22E+02 8.44E+02 1.27E+03
 1.00E-74 1.00E-74 1.00E-74 4.38E-36 9.96E-23 8.03E-15 2.86E-12 1.88E-11
 4.63E-11 1.08E-10 1.94E-10 2.64E-10 2.65E-10 2.46E-10
 1.00E-74 1.00E-74 1.00E-74 4.38E-36 9.96E-23 8.03E-15 2.86E-12 1.88E-11
 4.63E-11 1.08E-10 1.94E-10 2.64E-10 2.65E-10 2.46E-10
 1.00E-74 1.00E-74 1.00E-74 4.38E-36 9.96E-23 8.03E-15 2.86E-12 1.88E-11
 4.63E-11 1.08E-10 1.94E-10 2.64E-10 2.65E-10 2.46E-10
 1.00E-74 1.00E-74 1.00E-74 4.38E-36 9.96E-23 8.02E-15 2.86E-12 1.87E-11
 4.62E-11 1.07E-10 1.94E-10 2.64E-10 2.65E-10 2.45E-10
 1.00E-74 1.00E-74 1.00E-74 4.37E-36 9.90E-23 7.93E-15 2.82E-12 1.85E-11
 4.54E-11 1.05E-10 1.90E-10 2.57E-10 2.59E-10 2.40E-10
 1.00E-74 1.00E-74 1.00E-74 4.31E-36 9.35E-23 7.11E-15 2.48E-12 1.61E-11
 3.92E-11 8.96E-11 1.58E-10 2.12E-10 2.14E-10 2.01E-10
 1.00E-74 1.00E-74 1.00E-74 3.93E-36 6.66E-23 3.90E-15 1.23E-12 7.73E-12
 1.87E-11 4.31E-11 7.88E-11 1.11E-10 1.15E-10 1.09E-10
  51.5908    7  14 /pl=01:ss= 6:pb= 1:sz= 6/type=excit/ispb = t/isel =   11
 1.00E+10 1.00E+11 1.00E+12 1.00E+13 1.00E+14 1.00E+15 1.00E+16
 8.44E-01 1.27E+00 2.11E+00 4.22E+00 8.44E+00 2.11E+01 4.22E+01 6.33E+01
 8.44E+01 1.27E+02 2.11E+02 4.22E+02 8.44E+02 1.27E+03
 1.00E-74 1.00E-74 1.00E-74 8.64E-37 6.93E-24 3.17E-16 1.04E-13 6.85E-13
 1.72E-12 4.13E-12 7.80E-12 1.13E-11 1.21E-11 1.17E-11
 1.00E-74 1.00E-74 1.00E-74 8.64E-37 6.93E-24 3.17E-16 1.04E-13 6.85E-13
 1.72E-12 4.13E-12 7.80E-12 1.13E-11 1.21E-11 1.17E-11
 1.00E-74 1.00E-74 1.00E-74 8.64E-37 6.93E-24 3.17E-16 1.04E-13 6.85E-13
 1.72E-12 4.13E-12 7.80E-12 1.13E-11 1.21E-11 1.17E-11
 1.00E-74 1.00E-74 1.00E-74 8.64E-37 6.93E-24 3.17E-16 1.04E-13 6.85E-13
 1.72E-12 4.12E-12 7.79E-12 1.13E-11 1.21E-11 1.17E-11
 1.00E-74 1.00E-74 1.00E-74 8.63E-37 6.89E-24 3.14E-16 1.02E-13 6.77E-13
 1.69E-12 4.06E-12 7.65E-12 1.10E-11 1.18E-11 1.14E-11
 1.00E-74 1.00E-74 1.00E-74 8.56E-37 6.59E-24 2.88E-16 9.22E-14 6.04E-13
 1.50E-12 3.55E-12 6.55E-12 9.32E-12 1.00E-11 9.76E-12
 1.00E-74 1.00E-74 1.00E-74 8.07E-37 4.86E-24 1.52E-16 4.27E-14 2.70E-13
 6.68E-13 1.61E-12 3.12E-12 4.75E-12 5.35E-12 5.33E-12
  52.7905    7  14 /pl=01:ss= 6:pb= 1:sz= 6/type=excit/ispb = t/isel =   12
 1.00E+10 1.00E+11 1.00E+12 1.00E+13 1.00E+14 1.00E+15 1.00E+16
 8.44E-01 1.27E+00 2.11E+00 4.22E+00 8.44E+00 2.11E+01 4.22E+01 6.33E+01
 8.44E+01 1.27E+02 2.11E+02 4.22E+02 8.44E+02 1.27E+03
 1.00E-74 1.00E-74 1.00E-74 1.57E-36 1.48E-23 8.00E-16 2.83E-13 1.93E-12
 4.90E-12 1.19E-11 2.30E-11 3.41E-11 3.80E-11 3.77E-11
 1.00E-74 1.00E-74 1.00E-74 1.57E-36 1.48E-23 8.00E-16 2.83E-13 1.93E-12
 4.90E-12 1.19E-11 2.30E-11 3.41E-11 3.80E-11 3.77E-11
 1.00E-74 1.00E-74 1.00E-74 1.57E-36 1.48E-23 8.00E-16 2.82E-13 1.92E-12
 4.90E-12 1.19E-11 2.30E-11 3.41E-11 3.80E-11 3.77E-11
 1.00E-74 1.00E-74 1.00E-74 1.57E-36 1.48E-23 7.99E-16 2.82E-13 1.92E-12
 4.88E-12 1.19E-11 2.29E-11 3.39E-11 3.78E-11 3.76E-11
 1.00E-74 1.00E-74 1.00E-74 1.57E-36 1.47E-23 7.84E-16 2.75E-13 1.87E-12
 4.75E-12 1.15E-11 2.21E-11 3.28E-11 3.67E-11 3.65E-11
 1.00E-74 1.00E-74 1.00E-74 1.54E-36 1.37E-23 6.57E-16 2.19E-13 1.46E-12
 3.67E-12 8.81E-12 1.67E-11 2.47E-11 2.81E-11 2.84E-11
 1.00E-74 1.00E-74 1.00E-74 1.37E-36 8.56E-24 2.31E-16 6.06E-14 3.78E-13
 9.33E-13 2.26E-12 4.50E-12 7.28E-12 8.95E-12 9.45E-12
  53.0735    7  14 /pl=01:ss= 6:pb= 1:sz= 6/type=excit/ispb = t/isel =   13
 1.00E+10 1.00E+11 1.00E+12 1.00E+13 1.00E+14 1.00E+15 1.00E+16
 8.44E-01 1.27E+00 2.11E+00 4.22E+00 8.44E+00 2.11E+01 4.22E+01 6.33E+01
 8.44E+01 1.27E+02 2.11E+02 4.22E+02 8.44E+02 1.27E+03
 1.00E-74 1.00E-74 1.00E-74 6.96E-37 5.58E-24 2.56E-16 8.35E-14 5.52E-13
 1.38E-12 3.33E-12 6.28E-12 9.08E-12 9.74E-12 9.41E-12
 1.00E-74 1.00E-74 1.00E-74 6.96E-37 5.58E-24 2.56E-16 8.35E-14 5.52E-13
 1.38E-12 3.33E-12 6.28E-12 9.08E-12 9.73E-12 9.41E-12
 1.00E-74 1.00E-74 1.00E-74 6.96E-37 5.58E-24 2.56E-16 8.35E-14 5.52E-13
 1.38E-12 3.33E-12 6.28E-12 9.08E-12 9.73E-12 9.41E-12
 1.00E-74 1.00E-74 1.00E-74 6.96E-37 5.58E-24 2.55E-16 8.34E-14 5.51E-13
 1.38E-12 3.32E-12 6.27E-12 9.06E-12 9.71E-12 9.39E-12
 1.00E-74 1.00E-74 1.00E-74 6.95E-37 5.55E-24 2.53E-16 8.25E-14 5.45E-13
 1.36E-12 3.27E-12 6.16E-12 8.88E-12 9.52E-12 9.21E-12
 1.00E-74 1.00E-74 1.00E-74 6.89E-37 5.31E-24 2.32E-16 7.43E-14 4.87E-13
 1.21E-12 2.86E-12 5.28E-12 7.50E-12 8.06E-12 7.86E-12
 1.00E-74 1.00E-74 1.00E-74 6.50E-37 3.92E-24 1.22E-16 3.44E-14 2.18E-13
 5.38E-13 1.30E-12 2.51E-12 3.82E-12 4.31E-12 4.29E-12
  82.1578    7  14 /pl=01:ss= 6:pb= 1:sz= 6/type=excit/ispb = t/isel =   14
 1.00E+10 1.00E+11 1.00E+12 1.00E+13 1.00E+14 1.00E+15 1.00E+16
 8.44E-01 1.27E+00 2.11E+00 4.22E+00 8.44E+00 2.11E+01 4.22E+01 6.33E+01
 8.44E+01 1.27E+02 2.11E+02 4.22E+02 8.44E+02 1.27E+03
 1.00E-74 1.00E-74 1.00E-74 1.92E-37 4.37E-24 3.52E-16 1.26E-13 8.23E-13
 2.03E-12 4.72E-12 8.52E-12 1.16E-11 1.16E-11 1.08E-11
 1.00E-74 1.00E-74 1.00E-74 1.92E-37 4.37E-24 3.52E-16 1.26E-13 8.23E-13
 2.03E-12 4.72E-12 8.52E-12 1.16E-11 1.16E-11 1.08E-11
 1.00E-74 1.00E-74 1.00E-74 1.92E-37 4.37E-24 3.52E-16 1.26E-13 8.23E-13
 2.03E-12 4.71E-12 8.52E-12 1.16E-11 1.16E-11 1.08E-11
 1.00E-74 1.00E-74 1.00E-74 1.92E-37 4.37E-24 3.52E-16 1.25E-13 8.22E-13
 2.02E-12 4.71E-12 8.50E-12 1.16E-11 1.16E-11 1.08E-11
 1.00E-74 1.00E-74 1.00E-74 1.92E-37 4.34E-24 3.48E-16 1.24E-13 8.09E-13
 1.99E-12 4.62E-12 8.32E-12 1.13E-11 1.13E-11 1.05E-11
 1.00E-74 1.00E-74 1.00E-74 1.89E-37 4.10E-24 3.12E-16 1.09E-13 7.05E-13
 1.72E-12 3.93E-12 6.94E-12 9.31E-12 9.40E-12 8.81E-12
 1.00E-74 1.00E-74 1.00E-74 1.72E-37 2.92E-24 1.71E-16 5.40E-14 3.39E-13
 8.19E-13 1.89E-12 3.45E-12 4.86E-12 5.04E-12 4.77E-12
  110.949    7  14 /pl=01:ss= 6:pb= 1:sz= 6/type=excit/ispb = t/isel =   15
 1.00E+10 1.00E+11 1.00E+12 1.00E+13 1.00E+14 1.00E+15 1.00E+16
 8.44E-01 1.27E+00 2.11E+00 4.22E+00 8.44E+00 2.11E+01 4.22E+01 6.33E+01
 8.44E+01 1.27E+02 2.11E+02 4.22E+02 8.44E+02 1.27E+03
 1.00E-74 1.00E-74 1.07E-33 2.37E-22 9.42E-17 1.70E-13 1.83E-12 4.09E-12
 6.28E-12 9.85E-12 1.42E-11 1.78E-11 1.86E-11 1.82E-11
 1.00E-74 1.00E-74 1.07E-33 2.37E-22 9.43E-17 1.70E-13 1.83E-12 4.09E-12
 6.28E-12 9.85E-12 1.42E-11 1.78E-11 1.86E-11 1.82E-11
 1.00E-74 1.00E-74 1.08E-33 2.38E-22 9.46E-17 1.71E-13 1.83E-12 4.10E-12
 6.29E-12 9.86E-12 1.42E-11 1.78E-11 1.86E-11 1.82E-11
 1.00E-74 7.85E-49 1.13E-33 2.48E-22 9.79E-17 1.76E-13 1.87E-12 4.16E-12
 6.36E-12 9.91E-12 1.42E-11 1.78E-11 1.86E-11 1.81E-11
 1.00E-74 9.42E-49 1.48E-33 3.15E-22 1.21E-16 2.10E-13 2.15E-12 4.62E-12
 6.86E-12 1.03E-11 1.43E-11 1.74E-11 1.80E-11 1.76E-11
 1.00E-74 1.44E-48 2.16E-33 4.35E-22 1.57E-16 2.58E-13 2.54E-12 5.20E-12
 7.32E-12 1.01E-11 1.27E-11 1.42E-11 1.42E-11 1.37E-11
 1.00E-74 2.99E-48 3.91E-33 6.17E-22 1.58E-16 1.86E-13 1.61E-12 3.08E-12
 4.18E-12 5.57E-12 6.82E-12 7.49E-12 7.24E-12 6.86E-12
  114.895    7  14 /pl=01:ss= 6:pb= 1:sz= 6/type=excit/ispb = t/isel =   16
 1.00E+10 1.00E+11 1.00E+12 1.00E+13 1.00E+14 1.00E+15 1.00E+16
 8.44E-01 1.27E+00 2.11E+00 4.22E+00 8.44E+00 2.11E+01 4.22E+01 6.33E+01
 8.44E+01 1.27E+02 2.11E+02 4.22E+02 8.44E+02 1.27E+03
 1.00E-74 1.00E-74 1.12E-32 1.03E-21 2.65E-16 3.72E-13 3.54E-12 7.14E-12
 1.00E-11 1.38E-11 1.76E-11 2.07E-11 2.16E-11 2.15E-11
 1.00E-74 1.00E-74 1.12E-32 1.03E-21 2.66E-16 3.72E-13 3.54E-12 7.14E-12
 1.00E-11 1.38E-11 1.76E-11 2.07E-11 2.16E-11 2.15E-11
 1.00E-74 2.48E-47 1.12E-32 1.03E-21 2.66E-16 3.72E-13 3.55E-12 7.14E-12
 1.00E-11 1.38E-11 1.76E-11 2.07E-11 2.16E-11 2.15E-11
 1.00E-74 2.33E-47 1.14E-32 1.05E-21 2.69E-16 3.75E-13 3.57E-12 7.18E-12
 1.00E-11 1.39E-11 1.76E-11 2.07E-11 2.16E-11 2.14E-11
 1.00E-74 2.77E-47 1.33E-32 1.18E-21 2.95E-16 4.02E-13 3.76E-12 7.49E-12
 1.04E-11 1.42E-11 1.78E-11 2.05E-11 2.12E-11 2.10E-11
 1.00E-74 4.63E-47 2.06E-32 1.67E-21 3.84E-16 4.79E-13 4.28E-12 8.27E-12
 1.12E-11 1.45E-11 1.71E-11 1.83E-11 1.81E-11 1.77E-11
 1.00E-74 9.27E-47 3.63E-32 2.31E-21 3.76E-16 3.39E-13 2.69E-12 4.97E-12
 6.59E-12 8.51E-12 1.01E-11 1.08E-11 1.03E-11 9.82E-12
  121.785    7  14 /pl=01:ss= 6:pb= 1:sz= 6/type=excit/ispb = t/isel =   17
 1.00E+10 1.00E+11 1.00E+12 1.00E+13 1.00E+14 1.00E+15 1.00E+16
 8.44E-01 1.27E+00 2.11E+00 4.22E+00 8.44E+00 2.11E+01 4.22E+01 6.33E+01
 8.44E+01 1.27E+02 2.11E+02 4.22E+02 8.44E+02 1.27E+03
 1.00E-74 5.19E-45 3.85E-31 8.44E-21 1.09E-15 1.03E-12 8.61E-12 1.64E-11
 2.22E-11 2.94E-11 3.60E-11 4.08E-11 4.20E-11 4.15E-11
 1.00E-74 5.34E-45 3.85E-31 8.44E-21 1.09E-15 1.03E-12 8.61E-12 1.64E-11
 2.22E-11 2.94E-11 3.60E-11 4.08E-11 4.20E-11 4.15E-11
 1.00E-74 5.35E-45 3.85E-31 8.44E-21 1.09E-15 1.03E-12 8.61E-12 1.64E-11
 2.22E-11 2.94E-11 3.60E-11 4.08E-11 4.20E-11 4.15E-11
 1.00E-74 5.40E-45 3.88E-31 8.49E-21 1.09E-15 1.03E-12 8.62E-12 1.64E-11
 2.21E-11 2.94E-11 3.60E-11 4.07E-11 4.19E-11 4.14E-11
 1.00E-74 5.89E-45 4.17E-31 8.93E-21 1.13E-15 1.04E-12 8.64E-12 1.64E-11
 2.21E-11 2.92E-11 3.55E-11 3.99E-11 4.10E-11 4.05E-11
 1.00E-74 9.44E-45 6.16E-31 1.19E-20 1.35E-15 1.12E-12 8.76E-12 1.62E-11
 2.13E-11 2.72E-11 3.17E-11 3.41E-11 3.45E-11 3.40E-11
 1.00E-74 2.19E-44 1.26E-30 1.91E-20 1.51E-15 8.86E-13 6.07E-12 1.07E-11
 1.37E-11 1.72E-11 1.99E-11 2.09E-11 2.01E-11 1.93E-11
  134.160    7  14 /pl=01:ss= 6:pb= 1:sz= 6/type=excit/ispb = t/isel =   18
 1.00E+10 1.00E+11 1.00E+12 1.00E+13 1.00E+14 1.00E+15 1.00E+16
 8.44E-01 1.27E+00 2.11E+00 4.22E+00 8.44E+00 2.11E+01 4.22E+01 6.33E+01
 8.44E+01 1.27E+02 2.11E+02 4.22E+02 8.44E+02 1.27E+03
 1.00E-74 1.00E-74 1.32E-33 3.55E-22 1.56E-16 2.97E-13 3.09E-12 6.28E-12
 8.67E-12 1.15E-11 1.36E-11 1.38E-11 1.22E-11 1.09E-11
 1.00E-74 1.00E-74 1.32E-33 3.55E-22 1.56E-16 2.97E-13 3.09E-12 6.28E-12
 8.67E-12 1.15E-11 1.36E-11 1.38E-11 1.22E-11 1.09E-11
 1.00E-74 1.00E-74 1.32E-33 3.55E-22 1.55E-16 2.97E-13 3.09E-12 6.28E-12
 8.67E-12 1.15E-11 1.36E-11 1.38E-11 1.22E-11 1.09E-11
 1.00E-74 6.70E-49 1.32E-33 3.56E-22 1.56E-16 2.96E-13 3.08E-12 6.27E-12
 8.67E-12 1.15E-11 1.36E-11 1.38E-11 1.22E-11 1.09E-11
 1.00E-74 6.70E-49 1.38E-33 3.66E-22 1.58E-16 2.97E-13 3.07E-12 6.26E-12
 8.68E-12 1.16E-11 1.37E-11 1.40E-11 1.24E-11 1.11E-11
 1.00E-74 9.58E-49 1.87E-33 4.63E-22 1.85E-16 3.19E-13 3.18E-12 6.42E-12
 8.86E-12 1.18E-11 1.39E-11 1.42E-11 1.28E-11 1.17E-11
 1.00E-74 2.17E-48 3.70E-33 7.11E-22 2.00E-16 2.49E-13 2.19E-12 4.22E-12
 5.71E-12 7.57E-12 9.20E-12 9.94E-12 9.38E-12 8.74E-12
  135.938    7  14 /pl=01:ss= 6:pb= 1:sz= 6/type=excit/ispb = t/isel =   19
 1.00E+10 1.00E+11 1.00E+12 1.00E+13 1.00E+14 1.00E+15 1.00E+16
 8.44E-01 1.27E+00 2.11E+00 4.22E+00 8.44E+00 2.11E+01 4.22E+01 6.33E+01
 8.44E+01 1.27E+02 2.11E+02 4.22E+02 8.44E+02 1.27E+03
 1.00E-74 5.58E-41 1.40E-28 2.48E-19 9.29E-15 4.35E-12 2.92E-11 5.19E-11
 6.76E-11 8.57E-11 1.01E-10 1.10E-10 1.11E-10 1.08E-10
 1.00E-74 5.58E-41 1.40E-28 2.48E-19 9.29E-15 4.35E-12 2.92E-11 5.19E-11
 6.76E-11 8.57E-11 1.01E-10 1.10E-10 1.11E-10 1.08E-10
 1.00E-74 5.58E-41 1.40E-28 2.48E-19 9.29E-15 4.35E-12 2.92E-11 5.19E-11
 6.76E-11 8.57E-11 1.01E-10 1.10E-10 1.11E-10 1.08E-10
 1.00E-74 5.61E-41 1.41E-28 2.48E-19 9.30E-15 4.34E-12 2.92E-11 5.18E-11
 6.75E-11 8.55E-11 1.01E-10 1.10E-10 1.11E-10 1.08E-10
 1.00E-74 5.84E-41 1.45E-28 2.54E-19 9.38E-15 4.32E-12 2.88E-11 5.11E-11
 6.65E-11 8.41E-11 9.87E-11 1.07E-10 1.08E-10 1.06E-10
 1.00E-74 7.98E-41 1.87E-28 3.02E-19 1.01E-14 4.18E-12 2.67E-11 4.63E-11
 5.94E-11 7.34E-11 8.38E-11 8.95E-11 9.00E-11 8.87E-11
 1.00E-74 2.19E-40 4.53E-28 5.61E-19 1.27E-14 3.50E-12 1.88E-11 3.03E-11
 3.75E-11 4.51E-11 5.07E-11 5.31E-11 5.18E-11 5.02E-11
  136.279    7  14 /pl=01:ss= 6:pb= 1:sz= 6/type=excit/ispb = t/isel =   20
 1.00E+10 1.00E+11 1.00E+12 1.00E+13 1.00E+14 1.00E+15 1.00E+16
 8.44E-01 1.27E+00 2.11E+00 4.22E+00 8.44E+00 2.11E+01 4.22E+01 6.33E+01
 8.44E+01 1.27E+02 2.11E+02 4.22E+02 8.44E+02 1.27E+03
 1.00E-74 1.00E-74 2.29E-33 4.39E-22 1.62E-16 2.77E-13 2.76E-12 5.47E-12
 7.42E-12 9.58E-12 1.08E-11 1.04E-11 8.69E-12 7.56E-12
 1.00E-74 1.00E-74 2.29E-33 4.39E-22 1.62E-16 2.77E-13 2.76E-12 5.47E-12
 7.42E-12 9.58E-12 1.08E-11 1.04E-11 8.69E-12 7.56E-12
 1.00E-74 3.34E-48 2.29E-33 4.38E-22 1.61E-16 2.77E-13 2.75E-12 5.46E-12
 7.41E-12 9.57E-12 1.08E-11 1.04E-11 8.69E-12 7.55E-12
 1.00E-74 1.67E-48 2.24E-33 4.30E-22 1.59E-16 2.72E-13 2.71E-12 5.40E-12
 7.33E-12 9.48E-12 1.07E-11 1.03E-11 8.64E-12 7.52E-12
 1.00E-74 1.43E-48 1.93E-33 3.69E-22 1.37E-16 2.38E-13 2.41E-12 4.84E-12
 6.62E-12 8.66E-12 9.93E-12 9.69E-12 8.25E-12 7.24E-12
 1.00E-74 9.64E-49 1.22E-33 2.23E-22 7.84E-17 1.31E-13 1.34E-12 2.74E-12
 3.82E-12 5.13E-12 6.10E-12 6.32E-12 5.78E-12 5.30E-12
 1.00E-74 1.40E-48 1.53E-33 2.11E-22 5.09E-17 5.85E-14 5.07E-13 9.75E-13
 1.32E-12 1.76E-12 2.16E-12 2.37E-12 2.28E-12 2.16E-12
  139.280    7  14 /pl=01:ss= 6:pb= 1:sz= 6/type=excit/ispb = t/isel =   21
 1.00E+10 1.00E+11 1.00E+12 1.00E+13 1.00E+14 1.00E+15 1.00E+16
 8.44E-01 1.27E+00 2.11E+00 4.22E+00 8.44E+00 2.11E+01 4.22E+01 6.33E+01
 8.44E+01 1.27E+02 2.11E+02 4.22E+02 8.44E+02 1.27E+03
 1.00E-74 1.00E-74 1.05E-32 1.27E-21 3.74E-16 5.64E-13 5.42E-12 1.08E-11
 1.47E-11 1.93E-11 2.25E-11 2.27E-11 2.00E-11 1.80E-11
 1.00E-74 1.00E-74 1.05E-32 1.27E-21 3.74E-16 5.64E-13 5.42E-12 1.08E-11
 1.47E-11 1.93E-11 2.25E-11 2.27E-11 2.00E-11 1.80E-11
 1.00E-74 1.61E-47 1.05E-32 1.27E-21 3.74E-16 5.64E-13 5.42E-12 1.08E-11
 1.47E-11 1.93E-11 2.25E-11 2.27E-11 2.00E-11 1.80E-11
 1.00E-74 1.45E-47 1.05E-32 1.28E-21 3.75E-16 5.63E-13 5.42E-12 1.07E-11
 1.47E-11 1.93E-11 2.25E-11 2.27E-11 2.00E-11 1.80E-11
 1.00E-74 1.48E-47 1.08E-32 1.29E-21 3.77E-16 5.62E-13 5.38E-12 1.07E-11
 1.45E-11 1.90E-11 2.21E-11 2.23E-11 1.97E-11 1.78E-11
 1.00E-74 1.99E-47 1.35E-32 1.51E-21 4.08E-16 5.59E-13 5.16E-12 1.00E-11
 1.35E-11 1.74E-11 1.99E-11 1.99E-11 1.78E-11 1.62E-11
 1.00E-74 4.46E-47 2.60E-32 2.24E-21 4.22E-16 4.14E-13 3.36E-12 6.25E-12
 8.30E-12 1.07E-11 1.27E-11 1.33E-11 1.24E-11 1.15E-11
  142.810    7  14 /pl=01:ss= 6:pb= 1:sz= 6/type=excit/ispb = t/isel =   22
 1.00E+10 1.00E+11 1.00E+12 1.00E+13 1.00E+14 1.00E+15 1.00E+16
 8.44E-01 1.27E+00 2.11E+00 4.22E+00 8.44E+00 2.11E+01 4.22E+01 6.33E+01
 8.44E+01 1.27E+02 2.11E+02 4.22E+02 8.44E+02 1.27E+03
 1.00E-74 1.00E-74 2.84E-32 2.03E-21 4.56E-16 5.83E-13 5.28E-12 1.01E-11
 1.35E-11 1.71E-11 1.92E-11 1.82E-11 1.52E-11 1.32E-11
 1.00E-74 9.44E-47 2.84E-32 2.03E-21 4.56E-16 5.83E-13 5.28E-12 1.01E-11
 1.35E-11 1.71E-11 1.92E-11 1.82E-11 1.52E-11 1.32E-11
 1.00E-74 8.03E-47 2.84E-32 2.03E-21 4.56E-16 5.82E-13 5.28E-12 1.01E-11
 1.35E-11 1.71E-11 1.92E-11 1.82E-11 1.52E-11 1.32E-11
 1.00E-74 7.74E-47 2.82E-32 2.01E-21 4.53E-16 5.79E-13 5.25E-12 1.01E-11
 1.34E-11 1.70E-11 1.91E-11 1.81E-11 1.52E-11 1.31E-11
 1.00E-74 7.37E-47 2.66E-32 1.89E-21 4.24E-16 5.43E-13 4.95E-12 9.52E-12
 1.27E-11 1.62E-11 1.82E-11 1.74E-11 1.46E-11 1.27E-11
 1.00E-74 5.72E-47 1.97E-32 1.34E-21 2.88E-16 3.57E-13 3.28E-12 6.39E-12
 8.60E-12 1.10E-11 1.26E-11 1.24E-11 1.09E-11 9.76E-12
 1.00E-74 6.55E-47 1.94E-32 1.02E-21 1.52E-16 1.33E-13 1.06E-12 1.98E-12
 2.64E-12 3.44E-12 4.12E-12 4.42E-12 4.22E-12 3.96E-12
  148.071    7  14 /pl=01:ss= 6:pb= 1:sz= 6/type=excit/ispb = t/isel =   23
 1.00E+10 1.00E+11 1.00E+12 1.00E+13 1.00E+14 1.00E+15 1.00E+16
 8.44E-01 1.27E+00 2.11E+00 4.22E+00 8.44E+00 2.11E+01 4.22E+01 6.33E+01
 8.44E+01 1.27E+02 2.11E+02 4.22E+02 8.44E+02 1.27E+03
 1.00E-74 1.73E-45 2.23E-31 7.75E-21 1.23E-15 1.29E-12 1.10E-11 2.09E-11
 2.81E-11 3.63E-11 4.19E-11 4.20E-11 3.73E-11 3.35E-11
 1.00E-74 1.61E-45 2.23E-31 7.75E-21 1.23E-15 1.29E-12 1.10E-11 2.09E-11
 2.81E-11 3.63E-11 4.19E-11 4.20E-11 3.73E-11 3.35E-11
 1.00E-74 1.62E-45 2.23E-31 7.75E-21 1.23E-15 1.29E-12 1.10E-11 2.09E-11
 2.81E-11 3.63E-11 4.19E-11 4.20E-11 3.73E-11 3.35E-11
 1.00E-74 1.62E-45 2.23E-31 7.75E-21 1.23E-15 1.29E-12 1.10E-11 2.09E-11
 2.80E-11 3.62E-11 4.18E-11 4.19E-11 3.72E-11 3.34E-11
 1.00E-74 1.64E-45 2.26E-31 7.82E-21 1.24E-15 1.28E-12 1.09E-11 2.07E-11
 2.77E-11 3.58E-11 4.11E-11 4.11E-11 3.65E-11 3.28E-11
 1.00E-74 2.00E-45 2.62E-31 8.60E-21 1.27E-15 1.23E-12 1.01E-11 1.90E-11
 2.51E-11 3.17E-11 3.56E-11 3.52E-11 3.14E-11 2.85E-11
 1.00E-74 5.04E-45 5.61E-31 1.39E-20 1.40E-15 9.47E-13 6.77E-12 1.20E-11
 1.55E-11 1.95E-11 2.24E-11 2.29E-11 2.10E-11 1.94E-11
  154.763    7  14 /pl=01:ss= 6:pb= 1:sz= 6/type=excit/ispb = t/isel =   24
 1.00E+10 1.00E+11 1.00E+12 1.00E+13 1.00E+14 1.00E+15 1.00E+16
 8.44E-01 1.27E+00 2.11E+00 4.22E+00 8.44E+00 2.11E+01 4.22E+01 6.33E+01
 8.44E+01 1.27E+02 2.11E+02 4.22E+02 8.44E+02 1.27E+03
 1.00E-74 3.29E-44 1.45E-30 2.12E-20 2.16E-15 1.72E-12 1.33E-11 2.42E-11
 3.16E-11 3.90E-11 4.28E-11 4.01E-11 3.33E-11 2.89E-11
 1.00E-74 3.32E-44 1.45E-30 2.12E-20 2.16E-15 1.72E-12 1.33E-11 2.42E-11
 3.16E-11 3.90E-11 4.28E-11 4.01E-11 3.33E-11 2.89E-11
 1.00E-74 3.32E-44 1.45E-30 2.12E-20 2.16E-15 1.72E-12 1.33E-11 2.42E-11
 3.16E-11 3.90E-11 4.28E-11 4.01E-11 3.33E-11 2.89E-11
 1.00E-74 3.32E-44 1.45E-30 2.12E-20 2.16E-15 1.71E-12 1.32E-11 2.41E-11
 3.15E-11 3.89E-11 4.27E-11 4.00E-11 3.32E-11 2.88E-11
 1.00E-74 3.28E-44 1.43E-30 2.08E-20 2.10E-15 1.67E-12 1.28E-11 2.35E-11
 3.06E-11 3.78E-11 4.14E-11 3.88E-11 3.23E-11 2.81E-11
 1.00E-74 3.01E-44 1.27E-30 1.77E-20 1.71E-15 1.30E-12 1.00E-11 1.83E-11
 2.39E-11 2.94E-11 3.20E-11 3.02E-11 2.57E-11 2.28E-11
 1.00E-74 3.05E-44 1.12E-30 1.24E-20 8.61E-16 4.82E-13 3.35E-12 5.96E-12
 7.76E-12 9.83E-12 1.14E-11 1.19E-11 1.11E-11 1.03E-11
  165.653    7  14 /pl=01:ss= 6:pb= 1:sz= 6/type=excit/ispb = t/isel =   25
 1.00E+10 1.00E+11 1.00E+12 1.00E+13 1.00E+14 1.00E+15 1.00E+16
 8.44E-01 1.27E+00 2.11E+00 4.22E+00 8.44E+00 2.11E+01 4.22E+01 6.33E+01
 8.44E+01 1.27E+02 2.11E+02 4.22E+02 8.44E+02 1.27E+03
 1.00E-74 3.58E-42 2.98E-29 1.27E-19 7.05E-15 3.98E-12 2.79E-11 4.98E-11
 6.48E-11 8.12E-11 9.16E-11 9.10E-11 8.04E-11 7.22E-11
 1.00E-74 3.58E-42 2.98E-29 1.27E-19 7.05E-15 3.98E-12 2.79E-11 4.98E-11
 6.48E-11 8.12E-11 9.16E-11 9.10E-11 8.04E-11 7.22E-11
 1.00E-74 3.58E-42 2.98E-29 1.27E-19 7.05E-15 3.98E-12 2.79E-11 4.97E-11
 6.48E-11 8.12E-11 9.16E-11 9.10E-11 8.04E-11 7.22E-11
 1.00E-74 3.59E-42 2.98E-29 1.27E-19 7.05E-15 3.98E-12 2.79E-11 4.97E-11
 6.47E-11 8.11E-11 9.14E-11 9.08E-11 8.02E-11 7.21E-11
 1.00E-74 3.62E-42 3.00E-29 1.27E-19 7.05E-15 3.95E-12 2.76E-11 4.92E-11
 6.39E-11 7.99E-11 8.98E-11 8.89E-11 7.86E-11 7.07E-11
 1.00E-74 4.11E-42 3.31E-29 1.34E-19 7.04E-15 3.71E-12 2.53E-11 4.45E-11
 5.72E-11 7.01E-11 7.70E-11 7.51E-11 6.65E-11 6.03E-11
 1.00E-74 1.10E-41 7.45E-29 2.25E-19 7.95E-15 2.87E-12 1.67E-11 2.76E-11
 3.46E-11 4.19E-11 4.68E-11 4.69E-11 4.24E-11 3.87E-11
  176.688    7  14 /pl=01:ss= 6:pb= 1:sz= 6/type=excit/ispb = t/isel =   26
 1.00E+10 1.00E+11 1.00E+12 1.00E+13 1.00E+14 1.00E+15 1.00E+16
 8.44E-01 1.27E+00 2.11E+00 4.22E+00 8.44E+00 2.11E+01 4.22E+01 6.33E+01
 8.44E+01 1.27E+02 2.11E+02 4.22E+02 8.44E+02 1.27E+03
 3.78E-45 3.84E-33 1.25E-23 1.48E-16 4.51E-13 4.85E-11 2.06E-10 3.16E-10
 3.83E-10 4.51E-10 5.01E-10 5.20E-10 5.06E-10 4.88E-10
 4.35E-45 3.84E-33 1.25E-23 1.48E-16 4.51E-13 4.85E-11 2.06E-10 3.16E-10
 3.83E-10 4.51E-10 5.01E-10 5.20E-10 5.06E-10 4.88E-10
 4.39E-45 3.84E-33 1.25E-23 1.48E-16 4.51E-13 4.85E-11 2.06E-10 3.16E-10
 3.83E-10 4.51E-10 5.01E-10 5.20E-10 5.06E-10 4.87E-10
 4.40E-45 3.85E-33 1.25E-23 1.49E-16 4.51E-13 4.84E-11 2.06E-10 3.16E-10
 3.83E-10 4.50E-10 5.00E-10 5.18E-10 5.05E-10 4.86E-10
 4.54E-45 3.95E-33 1.28E-23 1.50E-16 4.53E-13 4.81E-11 2.03E-10 3.12E-10
 3.77E-10 4.43E-10 4.90E-10 5.07E-10 4.94E-10 4.76E-10
 5.88E-45 4.92E-33 1.52E-23 1.69E-16 4.69E-13 4.56E-11 1.85E-10 2.79E-10
 3.33E-10 3.84E-10 4.15E-10 4.22E-10 4.12E-10 4.01E-10
 1.67E-44 1.30E-32 3.62E-23 3.15E-16 5.94E-13 3.77E-11 1.26E-10 1.76E-10
 2.03E-10 2.27E-10 2.44E-10 2.48E-10 2.39E-10 2.31E-10
  181.653    7  14 /pl=01:ss= 6:pb= 1:sz= 6/type=excit/ispb = t/isel =   27
 1.00E+10 1.00E+11 1.00E+12 1.00E+13 1.00E+14 1.00E+15 1.00E+16
 8.44E-01 1.27E+00 2.11E+00 4.22E+00 8.44E+00 2.11E+01 4.22E+01 6.33E+01
 8.44E+01 1.27E+02 2.11E+02 4.22E+02 8.44E+02 1.27E+03
 1.00E-74 1.19E-39 1.23E-27 1.08E-18 2.72E-14 9.34E-12 5.46E-11 9.11E-11
 1.13E-10 1.35E-10 1.43E-10 1.31E-10 1.08E-10 9.33E-11
 1.00E-74 1.19E-39 1.23E-27 1.08E-18 2.72E-14 9.34E-12 5.46E-11 9.11E-11
 1.13E-10 1.35E-10 1.43E-10 1.31E-10 1.08E-10 9.33E-11
 1.00E-74 1.19E-39 1.23E-27 1.08E-18 2.72E-14 9.33E-12 5.46E-11 9.10E-11
 1.13E-10 1.35E-10 1.43E-10 1.31E-10 1.08E-10 9.33E-11
 1.00E-74 1.19E-39 1.23E-27 1.08E-18 2.72E-14 9.32E-12 5.45E-11 9.09E-11
 1.13E-10 1.34E-10 1.42E-10 1.30E-10 1.07E-10 9.31E-11
 1.00E-74 1.19E-39 1.23E-27 1.08E-18 2.69E-14 9.17E-12 5.36E-11 8.93E-11
 1.11E-10 1.31E-10 1.39E-10 1.27E-10 1.05E-10 9.10E-11
 1.00E-74 1.18E-39 1.20E-27 1.03E-18 2.44E-14 7.93E-12 4.56E-11 7.55E-11
 9.35E-11 1.09E-10 1.14E-10 1.03E-10 8.61E-11 7.55E-11
 1.00E-74 1.27E-39 1.18E-27 8.22E-19 1.44E-14 3.52E-12 1.85E-11 3.00E-11
 3.71E-11 4.45E-11 4.91E-11 4.83E-11 4.27E-11 3.85E-11
  182.083    7  14 /pl=01:ss= 6:pb= 1:sz= 6/type=excit/ispb = t/isel =   28
 1.00E+10 1.00E+11 1.00E+12 1.00E+13 1.00E+14 1.00E+15 1.00E+16
 8.44E-01 1.27E+00 2.11E+00 4.22E+00 8.44E+00 2.11E+01 4.22E+01 6.33E+01
 8.44E+01 1.27E+02 2.11E+02 4.22E+02 8.44E+02 1.27E+03
 1.00E-74 1.00E-74 1.00E-74 7.88E-44 2.31E-27 1.38E-17 2.08E-14 2.21E-13
 6.94E-13 2.08E-12 4.72E-12 8.09E-12 1.00E-11 1.06E-11
 1.00E-74 1.00E-74 1.00E-74 7.88E-44 2.31E-27 1.38E-17 2.08E-14 2.21E-13
 6.94E-13 2.08E-12 4.72E-12 8.09E-12 1.00E-11 1.06E-11
 1.00E-74 1.00E-74 1.00E-74 7.88E-44 2.31E-27 1.38E-17 2.08E-14 2.21E-13
 6.93E-13 2.08E-12 4.72E-12 8.09E-12 1.00E-11 1.06E-11
 1.00E-74 1.00E-74 1.00E-74 7.88E-44 2.31E-27 1.38E-17 2.08E-14 2.21E-13
 6.92E-13 2.08E-12 4.71E-12 8.07E-12 1.00E-11 1.06E-11
 1.00E-74 1.00E-74 1.00E-74 7.87E-44 2.30E-27 1.36E-17 2.05E-14 2.17E-13
 6.81E-13 2.04E-12 4.61E-12 7.88E-12 9.80E-12 1.03E-11
 1.00E-74 1.00E-74 1.00E-74 7.79E-44 2.18E-27 1.22E-17 1.80E-14 1.90E-13
 5.89E-13 1.74E-12 3.86E-12 6.51E-12 8.13E-12 8.65E-12
 1.00E-74 1.00E-74 1.00E-74 7.80E-44 1.63E-27 6.91E-18 9.17E-15 9.31E-14
 2.86E-13 8.51E-13 1.95E-12 3.44E-12 4.41E-12 4.73E-12
  183.016    7  14 /pl=01:ss= 6:pb= 1:sz= 6/type=excit/ispb = t/isel =   29
 1.00E+10 1.00E+11 1.00E+12 1.00E+13 1.00E+14 1.00E+15 1.00E+16
 8.44E-01 1.27E+00 2.11E+00 4.22E+00 8.44E+00 2.11E+01 4.22E+01 6.33E+01
 8.44E+01 1.27E+02 2.11E+02 4.22E+02 8.44E+02 1.27E+03
 1.00E-74 1.00E-74 1.00E-74 1.00E-74 6.54E-31 1.02E-18 9.76E-15 1.90E-13
 8.07E-13 3.22E-12 9.02E-12 1.69E-11 2.01E-11 1.97E-11
 1.00E-74 1.00E-74 1.00E-74 1.00E-74 6.54E-31 1.02E-18 9.76E-15 1.90E-13
 8.07E-13 3.22E-12 9.02E-12 1.69E-11 2.01E-11 1.97E-11
 1.00E-74 1.00E-74 1.00E-74 1.00E-74 6.54E-31 1.02E-18 9.76E-15 1.90E-13
 8.07E-13 3.22E-12 9.02E-12 1.69E-11 2.01E-11 1.97E-11
 1.00E-74 1.00E-74 1.00E-74 1.00E-74 6.54E-31 1.02E-18 9.75E-15 1.89E-13
 8.06E-13 3.21E-12 9.00E-12 1.69E-11 2.01E-11 1.96E-11
 1.00E-74 1.00E-74 1.00E-74 1.00E-74 6.49E-31 1.00E-18 9.61E-15 1.86E-13
 7.92E-13 3.15E-12 8.81E-12 1.65E-11 1.96E-11 1.92E-11
 1.00E-74 1.00E-74 1.00E-74 1.00E-74 6.09E-31 8.94E-19 8.40E-15 1.62E-13
 6.82E-13 2.67E-12 7.33E-12 1.36E-11 1.62E-11 1.60E-11
 1.00E-74 1.00E-74 1.00E-74 1.46E-51 4.04E-31 4.68E-19 4.02E-15 7.52E-14
 3.14E-13 1.25E-12 3.56E-12 6.93E-12 8.55E-12 8.56E-12
  213.347    7  14 /pl=01:ss= 6:pb= 1:sz= 6/type=excit/ispb = t/isel =   30
 1.00E+10 1.00E+11 1.00E+12 1.00E+13 1.00E+14 1.00E+15 1.00E+16
 8.44E-01 1.27E+00 2.11E+00 4.22E+00 8.44E+00 2.11E+01 4.22E+01 6.33E+01
 8.44E+01 1.27E+02 2.11E+02 4.22E+02 8.44E+02 1.27E+03
 1.00E-74 4.38E-36 1.85E-25 1.48E-17 1.14E-13 1.99E-11 9.58E-11 1.52E-10
 1.86E-10 2.20E-10 2.38E-10 2.29E-10 2.01E-10 1.81E-10
 1.00E-74 4.38E-36 1.85E-25 1.48E-17 1.14E-13 1.99E-11 9.58E-11 1.52E-10
 1.86E-10 2.20E-10 2.38E-10 2.29E-10 2.01E-10 1.81E-10
 1.00E-74 4.38E-36 1.85E-25 1.48E-17 1.14E-13 1.99E-11 9.58E-11 1.52E-10
 1.86E-10 2.20E-10 2.38E-10 2.29E-10 2.01E-10 1.81E-10
 1.00E-74 4.39E-36 1.85E-25 1.48E-17 1.14E-13 1.99E-11 9.57E-11 1.52E-10
 1.86E-10 2.20E-10 2.37E-10 2.29E-10 2.01E-10 1.80E-10
 2.16E-49 4.45E-36 1.87E-25 1.49E-17 1.14E-13 1.97E-11 9.48E-11 1.50E-10
 1.83E-10 2.16E-10 2.33E-10 2.24E-10 1.96E-10 1.77E-10
 2.49E-49 5.12E-36 2.09E-25 1.59E-17 1.14E-13 1.85E-11 8.64E-11 1.35E-10
 1.63E-10 1.89E-10 1.99E-10 1.88E-10 1.66E-10 1.50E-10
 7.84E-49 1.45E-35 5.02E-25 2.86E-17 1.37E-13 1.49E-11 5.88E-11 8.60E-11
 1.01E-10 1.15E-10 1.22E-10 1.18E-10 1.04E-10 9.42E-11
  233.536    7  14 /pl=01:ss= 6:pb= 1:sz= 6/type=excit/ispb = t/isel =   31
 1.00E+10 1.00E+11 1.00E+12 1.00E+13 1.00E+14 1.00E+15 1.00E+16
 8.44E-01 1.27E+00 2.11E+00 4.22E+00 8.44E+00 2.11E+01 4.22E+01 6.33E+01
 8.44E+01 1.27E+02 2.11E+02 4.22E+02 8.44E+02 1.27E+03
 1.00E-74 1.00E-74 1.00E-74 1.00E-74 1.84E-30 1.01E-18 6.84E-15 1.19E-13
 4.75E-13 1.80E-12 4.79E-12 8.69E-12 1.01E-11 9.82E-12
 1.00E-74 1.00E-74 1.00E-74 1.00E-74 1.84E-30 1.01E-18 6.84E-15 1.19E-13
 4.75E-13 1.80E-12 4.79E-12 8.69E-12 1.01E-11 9.82E-12
 1.00E-74 1.00E-74 1.00E-74 1.00E-74 1.84E-30 1.01E-18 6.84E-15 1.19E-13
 4.75E-13 1.80E-12 4.78E-12 8.69E-12 1.01E-11 9.81E-12
 1.00E-74 1.00E-74 1.00E-74 1.00E-74 1.84E-30 1.01E-18 6.83E-15 1.19E-13
 4.75E-13 1.80E-12 4.77E-12 8.67E-12 1.00E-11 9.79E-12
 1.00E-74 1.00E-74 1.00E-74 1.00E-74 1.83E-30 9.99E-19 6.73E-15 1.17E-13
 4.67E-13 1.76E-12 4.67E-12 8.46E-12 9.82E-12 9.58E-12
 1.00E-74 1.00E-74 1.00E-74 4.82E-50 1.72E-30 8.91E-19 5.89E-15 1.01E-13
 4.02E-13 1.49E-12 3.89E-12 6.96E-12 8.12E-12 8.00E-12
 1.00E-74 1.00E-74 1.00E-74 3.05E-50 1.17E-30 4.69E-19 2.82E-15 4.70E-14
 1.85E-13 6.96E-13 1.88E-12 3.55E-12 4.28E-12 4.27E-12
  252.634    7  14 /pl=01:ss= 6:pb= 1:sz= 6/type=excit/ispb = t/isel =   32
 1.00E+10 1.00E+11 1.00E+12 1.00E+13 1.00E+14 1.00E+15 1.00E+16
 8.44E-01 1.27E+00 2.11E+00 4.22E+00 8.44E+00 2.11E+01 4.22E+01 6.33E+01
 8.44E+01 1.27E+02 2.11E+02 4.22E+02 8.44E+02 1.27E+03
 1.00E-74 1.14E-41 2.87E-29 5.07E-20 1.90E-15 8.89E-13 5.97E-12 1.06E-11
 1.38E-11 1.75E-11 2.07E-11 2.26E-11 2.27E-11 2.22E-11
 1.00E-74 1.14E-41 2.87E-29 5.07E-20 1.90E-15 8.89E-13 5.97E-12 1.06E-11
 1.38E-11 1.75E-11 2.07E-11 2.26E-11 2.27E-11 2.22E-11
 1.00E-74 1.14E-41 2.87E-29 5.07E-20 1.90E-15 8.89E-13 5.97E-12 1.06E-11
 1.38E-11 1.75E-11 2.07E-11 2.26E-11 2.27E-11 2.22E-11
 1.00E-74 1.15E-41 2.88E-29 5.08E-20 1.90E-15 8.89E-13 5.97E-12 1.06E-11
 1.38E-11 1.75E-11 2.06E-11 2.25E-11 2.26E-11 2.21E-11
 1.00E-74 1.19E-41 2.97E-29 5.19E-20 1.92E-15 8.84E-13 5.90E-12 1.05E-11
 1.36E-11 1.72E-11 2.02E-11 2.20E-11 2.21E-11 2.17E-11
 1.00E-74 1.63E-41 3.84E-29 6.18E-20 2.07E-15 8.56E-13 5.46E-12 9.48E-12
 1.21E-11 1.50E-11 1.72E-11 1.83E-11 1.84E-11 1.82E-11
 1.00E-74 4.48E-41 9.28E-29 1.15E-19 2.59E-15 7.17E-13 3.84E-12 6.21E-12
 7.68E-12 9.24E-12 1.04E-11 1.09E-11 1.06E-11 1.03E-11
  281.017    7  14 /pl=01:ss= 6:pb= 1:sz= 6/type=excit/ispb = t/isel =   33
 1.00E+10 1.00E+11 1.00E+12 1.00E+13 1.00E+14 1.00E+15 1.00E+16
 8.44E-01 1.27E+00 2.11E+00 4.22E+00 8.44E+00 2.11E+01 4.22E+01 6.33E+01
 8.44E+01 1.27E+02 2.11E+02 4.22E+02 8.44E+02 1.27E+03
 2.01E-41 1.74E-30 8.82E-22 2.56E-15 3.70E-12 2.30E-10 7.70E-10 1.07E-09
 1.22E-09 1.33E-09 1.32E-09 1.17E-09 9.43E-10 8.13E-10
 2.01E-41 1.74E-30 8.82E-22 2.56E-15 3.70E-12 2.30E-10 7.70E-10 1.07E-09
 1.22E-09 1.33E-09 1.32E-09 1.17E-09 9.43E-10 8.13E-10
 2.01E-41 1.74E-30 8.82E-22 2.56E-15 3.70E-12 2.30E-10 7.70E-10 1.07E-09
 1.22E-09 1.33E-09 1.32E-09 1.17E-09 9.43E-10 8.13E-10
 2.01E-41 1.74E-30 8.82E-22 2.56E-15 3.70E-12 2.30E-10 7.69E-10 1.07E-09
 1.22E-09 1.33E-09 1.32E-09 1.16E-09 9.41E-10 8.11E-10
 2.02E-41 1.74E-30 8.83E-22 2.56E-15 3.68E-12 2.27E-10 7.58E-10 1.05E-09
 1.20E-09 1.30E-09 1.29E-09 1.14E-09 9.20E-10 7.94E-10
 2.04E-41 1.76E-30 8.88E-22 2.52E-15 3.46E-12 2.03E-10 6.63E-10 9.13E-10
 1.03E-09 1.11E-09 1.08E-09 9.35E-10 7.63E-10 6.64E-10
 2.30E-41 1.94E-30 9.47E-22 2.33E-15 2.41E-12 1.07E-10 3.18E-10 4.25E-10
 4.79E-10 5.20E-10 5.29E-10 4.86E-10 4.11E-10 3.63E-10
  336.734    7  14 /pl=01:ss= 6:pb= 1:sz= 6/type=excit/ispb = t/isel =   34
 1.00E+10 1.00E+11 1.00E+12 1.00E+13 1.00E+14 1.00E+15 1.00E+16
 8.44E-01 1.27E+00 2.11E+00 4.22E+00 8.44E+00 2.11E+01 4.22E+01 6.33E+01
 8.44E+01 1.27E+02 2.11E+02 4.22E+02 8.44E+02 1.27E+03
 1.00E-74 1.00E-74 1.59E-32 1.14E-21 2.56E-16 3.27E-13 2.96E-12 5.68E-12
 7.57E-12 9.59E-12 1.08E-11 1.02E-11 8.53E-12 7.39E-12
 1.00E-74 5.30E-47 1.59E-32 1.14E-21 2.56E-16 3.27E-13 2.96E-12 5.68E-12
 7.57E-12 9.59E-12 1.08E-11 1.02E-11 8.53E-12 7.39E-12
 1.00E-74 4.50E-47 1.59E-32 1.14E-21 2.56E-16 3.27E-13 2.96E-12 5.68E-12
 7.56E-12 9.59E-12 1.08E-11 1.02E-11 8.53E-12 7.38E-12
 1.00E-74 4.34E-47 1.58E-32 1.13E-21 2.54E-16 3.24E-13 2.94E-12 5.64E-12
 7.52E-12 9.54E-12 1.07E-11 1.02E-11 8.50E-12 7.36E-12
 1.00E-74 4.13E-47 1.49E-32 1.06E-21 2.38E-16 3.04E-13 2.78E-12 5.34E-12
 7.14E-12 9.07E-12 1.02E-11 9.74E-12 8.20E-12 7.13E-12
 1.00E-74 3.21E-47 1.11E-32 7.52E-22 1.61E-16 2.00E-13 1.84E-12 3.58E-12
 4.82E-12 6.19E-12 7.05E-12 6.94E-12 6.11E-12 5.48E-12
 1.00E-74 3.67E-47 1.09E-32 5.71E-22 8.53E-17 7.46E-14 5.96E-13 1.11E-12
 1.48E-12 1.93E-12 2.31E-12 2.48E-12 2.36E-12 2.22E-12
  375.235    7  14 /pl=01:ss= 6:pb= 1:sz= 6/type=excit/ispb = t/isel =   35
 1.00E+10 1.00E+11 1.00E+12 1.00E+13 1.00E+14 1.00E+15 1.00E+16
 8.44E-01 1.27E+00 2.11E+00 4.22E+00 8.44E+00 2.11E+01 4.22E+01 6.33E+01
 8.44E+01 1.27E+02 2.11E+02 4.22E+02 8.44E+02 1.27E+03
 1.00E-74 1.00E-74 1.00E-74 8.62E-43 9.50E-27 3.17E-17 3.92E-14 3.87E-13
 1.17E-12 3.35E-12 7.14E-12 1.11E-11 1.20E-11 1.15E-11
 1.00E-74 1.00E-74 1.00E-74 8.62E-43 9.50E-27 3.17E-17 3.92E-14 3.87E-13
 1.17E-12 3.35E-12 7.14E-12 1.11E-11 1.20E-11 1.15E-11
 1.00E-74 1.00E-74 1.00E-74 8.62E-43 9.50E-27 3.16E-17 3.92E-14 3.87E-13
 1.17E-12 3.34E-12 7.14E-12 1.11E-11 1.20E-11 1.15E-11
 1.00E-74 1.00E-74 1.00E-74 8.63E-43 9.49E-27 3.16E-17 3.92E-14 3.87E-13
 1.17E-12 3.34E-12 7.12E-12 1.10E-11 1.20E-11 1.15E-11
 1.00E-74 1.00E-74 1.00E-74 8.66E-43 9.47E-27 3.13E-17 3.87E-14 3.81E-13
 1.15E-12 3.28E-12 6.98E-12 1.08E-11 1.17E-11 1.12E-11
 1.00E-74 1.00E-74 1.00E-74 9.00E-43 9.21E-27 2.84E-17 3.43E-14 3.35E-13
 1.00E-12 2.81E-12 5.86E-12 8.94E-12 9.75E-12 9.45E-12
 1.00E-74 1.00E-74 1.00E-74 1.20E-42 7.91E-27 1.60E-17 1.67E-14 1.57E-13
 4.66E-13 1.32E-12 2.87E-12 4.63E-12 5.24E-12 5.16E-12
  376.364    7  14 /pl=01:ss= 6:pb= 1:sz= 6/type=excit/ispb = t/isel =   36
 1.00E+10 1.00E+11 1.00E+12 1.00E+13 1.00E+14 1.00E+15 1.00E+16
 8.44E-01 1.27E+00 2.11E+00 4.22E+00 8.44E+00 2.11E+01 4.22E+01 6.33E+01
 8.44E+01 1.27E+02 2.11E+02 4.22E+02 8.44E+02 1.27E+03
 1.00E-74 1.00E-74 1.00E-74 6.80E-43 1.03E-26 4.12E-17 5.38E-14 5.43E-13
 1.65E-12 4.75E-12 1.02E-11 1.57E-11 1.67E-11 1.58E-11
 1.00E-74 1.00E-74 1.00E-74 6.79E-43 1.03E-26 4.12E-17 5.38E-14 5.43E-13
 1.65E-12 4.75E-12 1.02E-11 1.57E-11 1.67E-11 1.58E-11
 1.00E-74 1.00E-74 1.00E-74 6.79E-43 1.03E-26 4.12E-17 5.38E-14 5.43E-13
 1.65E-12 4.75E-12 1.02E-11 1.57E-11 1.67E-11 1.58E-11
 1.00E-74 1.00E-74 1.00E-74 6.79E-43 1.03E-26 4.12E-17 5.37E-14 5.42E-13
 1.64E-12 4.74E-12 1.01E-11 1.56E-11 1.67E-11 1.58E-11
 1.00E-74 1.00E-74 1.00E-74 6.78E-43 1.02E-26 4.06E-17 5.30E-14 5.33E-13
 1.62E-12 4.65E-12 9.92E-12 1.53E-11 1.63E-11 1.55E-11
 1.00E-74 1.00E-74 1.00E-74 6.65E-43 9.62E-27 3.62E-17 4.63E-14 4.62E-13
 1.39E-12 3.94E-12 8.25E-12 1.25E-11 1.35E-11 1.29E-11
 1.00E-74 1.00E-74 1.00E-74 5.88E-43 6.53E-27 1.89E-17 2.19E-14 2.12E-13
 6.34E-13 1.82E-12 3.97E-12 6.36E-12 7.07E-12 6.85E-12
  411.709    7  14 /pl=01:ss= 6:pb= 1:sz= 6/type=excit/ispb = t/isel =   37
 1.00E+10 1.00E+11 1.00E+12 1.00E+13 1.00E+14 1.00E+15 1.00E+16
 8.44E-01 1.27E+00 2.11E+00 4.22E+00 8.44E+00 2.11E+01 4.22E+01 6.33E+01
 8.44E+01 1.27E+02 2.11E+02 4.22E+02 8.44E+02 1.27E+03
 1.00E-74 1.93E-44 8.55E-31 1.25E-20 1.27E-15 1.01E-12 7.79E-12 1.42E-11
 1.86E-11 2.29E-11 2.52E-11 2.36E-11 1.96E-11 1.70E-11
 1.00E-74 1.95E-44 8.55E-31 1.25E-20 1.27E-15 1.01E-12 7.79E-12 1.42E-11
 1.86E-11 2.29E-11 2.52E-11 2.36E-11 1.96E-11 1.70E-11
 1.00E-74 1.95E-44 8.54E-31 1.25E-20 1.27E-15 1.01E-12 7.79E-12 1.42E-11
 1.86E-11 2.29E-11 2.52E-11 2.36E-11 1.96E-11 1.70E-11
 1.00E-74 1.95E-44 8.53E-31 1.25E-20 1.27E-15 1.01E-12 7.77E-12 1.42E-11
 1.85E-11 2.29E-11 2.51E-11 2.35E-11 1.95E-11 1.70E-11
 1.00E-74 1.93E-44 8.40E-31 1.22E-20 1.24E-15 9.79E-13 7.55E-12 1.38E-11
 1.80E-11 2.22E-11 2.43E-11 2.28E-11 1.90E-11 1.65E-11
 1.00E-74 1.77E-44 7.46E-31 1.04E-20 1.01E-15 7.67E-13 5.89E-12 1.08E-11
 1.40E-11 1.73E-11 1.88E-11 1.77E-11 1.51E-11 1.34E-11
 1.00E-74 1.79E-44 6.60E-31 7.30E-21 5.06E-16 2.84E-13 1.97E-12 3.50E-12
 4.56E-12 5.78E-12 6.73E-12 7.01E-12 6.51E-12 6.03E-12
  442.145    7  14 /pl=01:ss= 6:pb= 1:sz= 6/type=excit/ispb = t/isel =   38
 1.00E+10 1.00E+11 1.00E+12 1.00E+13 1.00E+14 1.00E+15 1.00E+16
 8.44E-01 1.27E+00 2.11E+00 4.22E+00 8.44E+00 2.11E+01 4.22E+01 6.33E+01
 8.44E+01 1.27E+02 2.11E+02 4.22E+02 8.44E+02 1.27E+03
 1.36E-45 1.38E-33 4.48E-24 5.32E-17 1.62E-13 1.74E-11 7.38E-11 1.13E-10
 1.37E-10 1.62E-10 1.80E-10 1.86E-10 1.82E-10 1.75E-10
 1.56E-45 1.38E-33 4.48E-24 5.32E-17 1.62E-13 1.74E-11 7.38E-11 1.13E-10
 1.37E-10 1.62E-10 1.80E-10 1.86E-10 1.82E-10 1.75E-10
 1.57E-45 1.38E-33 4.48E-24 5.32E-17 1.62E-13 1.74E-11 7.38E-11 1.13E-10
 1.37E-10 1.62E-10 1.80E-10 1.86E-10 1.81E-10 1.75E-10
 1.58E-45 1.38E-33 4.49E-24 5.33E-17 1.62E-13 1.74E-11 7.37E-11 1.13E-10
 1.37E-10 1.62E-10 1.79E-10 1.86E-10 1.81E-10 1.74E-10
 1.63E-45 1.42E-33 4.58E-24 5.39E-17 1.62E-13 1.73E-11 7.29E-11 1.12E-10
 1.35E-10 1.59E-10 1.76E-10 1.82E-10 1.77E-10 1.71E-10
 2.11E-45 1.76E-33 5.46E-24 6.05E-17 1.68E-13 1.63E-11 6.64E-11 1.00E-10
 1.20E-10 1.38E-10 1.49E-10 1.51E-10 1.48E-10 1.44E-10
 5.98E-45 4.66E-33 1.30E-23 1.13E-16 2.13E-13 1.35E-11 4.52E-11 6.31E-11
 7.26E-11 8.15E-11 8.75E-11 8.88E-11 8.58E-11 8.27E-11
  460.681    7  14 /pl=01:ss= 6:pb= 1:sz= 6/type=excit/ispb = t/isel =   39
 1.00E+10 1.00E+11 1.00E+12 1.00E+13 1.00E+14 1.00E+15 1.00E+16
 8.44E-01 1.27E+00 2.11E+00 4.22E+00 8.44E+00 2.11E+01 4.22E+01 6.33E+01
 8.44E+01 1.27E+02 2.11E+02 4.22E+02 8.44E+02 1.27E+03
 1.00E-74 6.66E-42 1.67E-29 2.95E-20 1.11E-15 5.18E-13 3.48E-12 6.19E-12
 8.06E-12 1.02E-11 1.20E-11 1.31E-11 1.32E-11 1.29E-11
 1.00E-74 6.66E-42 1.67E-29 2.95E-20 1.11E-15 5.18E-13 3.48E-12 6.19E-12
 8.06E-12 1.02E-11 1.20E-11 1.31E-11 1.32E-11 1.29E-11
 1.00E-74 6.66E-42 1.67E-29 2.96E-20 1.11E-15 5.18E-13 3.48E-12 6.19E-12
 8.06E-12 1.02E-11 1.20E-11 1.31E-11 1.32E-11 1.29E-11
 1.00E-74 6.69E-42 1.68E-29 2.96E-20 1.11E-15 5.18E-13 3.48E-12 6.18E-12
 8.05E-12 1.02E-11 1.20E-11 1.31E-11 1.32E-11 1.29E-11
 1.00E-74 6.96E-42 1.73E-29 3.03E-20 1.12E-15 5.15E-13 3.44E-12 6.10E-12
 7.93E-12 1.00E-11 1.18E-11 1.28E-11 1.29E-11 1.26E-11
 1.00E-74 9.52E-42 2.24E-29 3.60E-20 1.21E-15 4.99E-13 3.18E-12 5.52E-12
 7.08E-12 8.76E-12 1.00E-11 1.07E-11 1.07E-11 1.06E-11
 1.00E-74 2.61E-41 5.41E-29 6.69E-20 1.51E-15 4.18E-13 2.24E-12 3.62E-12
 4.48E-12 5.38E-12 6.05E-12 6.33E-12 6.18E-12 5.99E-12
  465.333    7  14 /pl=01:ss= 6:pb= 1:sz= 6/type=excit/ispb = t/isel =   40
 1.00E+10 1.00E+11 1.00E+12 1.00E+13 1.00E+14 1.00E+15 1.00E+16
 8.44E-01 1.27E+00 2.11E+00 4.22E+00 8.44E+00 2.11E+01 4.22E+01 6.33E+01
 8.44E+01 1.27E+02 2.11E+02 4.22E+02 8.44E+02 1.27E+03
 1.00E-74 1.00E-74 1.00E-74 1.95E-39 4.25E-25 1.37E-16 8.06E-14 6.30E-13
 1.71E-12 4.43E-12 8.97E-12 1.42E-11 1.69E-11 1.75E-11
 1.00E-74 1.00E-74 1.00E-74 1.95E-39 4.25E-25 1.37E-16 8.06E-14 6.30E-13
 1.71E-12 4.43E-12 8.97E-12 1.42E-11 1.69E-11 1.75E-11
 1.00E-74 1.00E-74 1.00E-74 1.95E-39 4.25E-25 1.37E-16 8.06E-14 6.30E-13
 1.71E-12 4.42E-12 8.97E-12 1.42E-11 1.69E-11 1.75E-11
 1.00E-74 1.00E-74 1.00E-74 1.96E-39 4.25E-25 1.37E-16 8.05E-14 6.30E-13
 1.70E-12 4.42E-12 8.95E-12 1.42E-11 1.69E-11 1.75E-11
 1.00E-74 1.00E-74 1.00E-74 1.98E-39 4.27E-25 1.36E-16 8.00E-14 6.24E-13
 1.69E-12 4.36E-12 8.81E-12 1.39E-11 1.65E-11 1.72E-11
 1.00E-74 1.00E-74 1.00E-74 2.24E-39 4.46E-25 1.31E-16 7.47E-14 5.76E-13
 1.54E-12 3.91E-12 7.70E-12 1.19E-11 1.42E-11 1.48E-11
 1.00E-74 1.00E-74 1.00E-74 4.47E-39 5.76E-25 1.04E-16 4.95E-14 3.61E-13
 9.46E-13 2.39E-12 4.81E-12 7.60E-12 9.03E-12 9.35E-12
  467.508    7  14 /pl=01:ss= 6:pb= 1:sz= 6/type=excit/ispb = t/isel =   41
 1.00E+10 1.00E+11 1.00E+12 1.00E+13 1.00E+14 1.00E+15 1.00E+16
 8.44E-01 1.27E+00 2.11E+00 4.22E+00 8.44E+00 2.11E+01 4.22E+01 6.33E+01
 8.44E+01 1.27E+02 2.11E+02 4.22E+02 8.44E+02 1.27E+03
 1.00E-74 1.00E-74 1.00E-74 1.00E-74 3.29E-28 2.74E-17 9.87E-14 1.39E-12
 5.02E-12 1.71E-11 4.20E-11 7.22E-11 8.19E-11 7.96E-11
 1.00E-74 1.00E-74 1.00E-74 1.47E-46 3.29E-28 2.74E-17 9.87E-14 1.39E-12
 5.02E-12 1.71E-11 4.20E-11 7.22E-11 8.19E-11 7.96E-11
 1.00E-74 1.00E-74 1.00E-74 1.32E-46 3.29E-28 2.74E-17 9.86E-14 1.39E-12
 5.02E-12 1.71E-11 4.20E-11 7.22E-11 8.19E-11 7.96E-11
 1.00E-74 1.00E-74 1.00E-74 1.37E-46 3.28E-28 2.73E-17 9.85E-14 1.39E-12
 5.01E-12 1.71E-11 4.19E-11 7.20E-11 8.17E-11 7.94E-11
 1.00E-74 1.00E-74 1.00E-74 1.37E-46 3.26E-28 2.70E-17 9.71E-14 1.37E-12
 4.93E-12 1.68E-11 4.10E-11 7.03E-11 7.99E-11 7.77E-11
 1.00E-74 1.00E-74 1.00E-74 1.34E-46 3.07E-28 2.42E-17 8.52E-14 1.19E-12
 4.25E-12 1.43E-11 3.42E-11 5.79E-11 6.62E-11 6.49E-11
 1.00E-74 1.00E-74 1.00E-74 1.17E-46 2.12E-28 1.31E-17 4.20E-14 5.68E-13
 2.01E-12 6.82E-12 1.70E-11 3.01E-11 3.54E-11 3.51E-11
  498.977    7  14 /pl=01:ss= 6:pb= 1:sz= 6/type=excit/ispb = t/isel =   42
 1.00E+10 1.00E+11 1.00E+12 1.00E+13 1.00E+14 1.00E+15 1.00E+16
 8.44E-01 1.27E+00 2.11E+00 4.22E+00 8.44E+00 2.11E+01 4.22E+01 6.33E+01
 8.44E+01 1.27E+02 2.11E+02 4.22E+02 8.44E+02 1.27E+03
 1.00E-74 4.82E-43 4.01E-30 1.70E-20 9.49E-16 5.36E-13 3.75E-12 6.70E-12
 8.72E-12 1.09E-11 1.23E-11 1.23E-11 1.08E-11 9.72E-12
 1.00E-74 4.82E-43 4.01E-30 1.70E-20 9.49E-16 5.36E-13 3.75E-12 6.70E-12
 8.72E-12 1.09E-11 1.23E-11 1.23E-11 1.08E-11 9.72E-12
 1.00E-74 4.82E-43 4.01E-30 1.70E-20 9.49E-16 5.36E-13 3.75E-12 6.70E-12
 8.72E-12 1.09E-11 1.23E-11 1.22E-11 1.08E-11 9.72E-12
 1.00E-74 4.83E-43 4.01E-30 1.70E-20 9.49E-16 5.35E-13 3.75E-12 6.69E-12
 8.71E-12 1.09E-11 1.23E-11 1.22E-11 1.08E-11 9.70E-12
 1.00E-74 4.88E-43 4.05E-30 1.71E-20 9.49E-16 5.32E-13 3.72E-12 6.62E-12
 8.61E-12 1.08E-11 1.21E-11 1.20E-11 1.06E-11 9.51E-12
 1.00E-74 5.54E-43 4.45E-30 1.81E-20 9.48E-16 5.00E-13 3.40E-12 5.99E-12
 7.70E-12 9.44E-12 1.04E-11 1.01E-11 8.96E-12 8.11E-12
 1.00E-74 1.47E-42 1.00E-29 3.03E-20 1.07E-15 3.86E-13 2.24E-12 3.72E-12
 4.65E-12 5.64E-12 6.30E-12 6.32E-12 5.71E-12 5.21E-12
  564.685    7  14 /pl=01:ss= 6:pb= 1:sz= 6/type=excit/ispb = t/isel =   43
 1.00E+10 1.00E+11 1.00E+12 1.00E+13 1.00E+14 1.00E+15 1.00E+16
 8.44E-01 1.27E+00 2.11E+00 4.22E+00 8.44E+00 2.11E+01 4.22E+01 6.33E+01
 8.44E+01 1.27E+02 2.11E+02 4.22E+02 8.44E+02 1.27E+03
 2.25E-29 3.07E-22 1.43E-16 2.17E-12 2.27E-10 2.91E-09 5.67E-09 6.59E-09
 6.82E-09 6.66E-09 6.08E-09 4.91E-09 3.76E-09 3.17E-09
 2.25E-29 3.07E-22 1.43E-16 2.17E-12 2.27E-10 2.91E-09 5.67E-09 6.59E-09
 6.82E-09 6.66E-09 6.08E-09 4.91E-09 3.76E-09 3.17E-09
 2.25E-29 3.07E-22 1.43E-16 2.17E-12 2.27E-10 2.91E-09 5.67E-09 6.59E-09
 6.82E-09 6.66E-09 6.08E-09 4.91E-09 3.75E-09 3.17E-09
 2.26E-29 3.08E-22 1.43E-16 2.17E-12 2.27E-10 2.91E-09 5.66E-09 6.58E-09
 6.81E-09 6.65E-09 6.06E-09 4.90E-09 3.75E-09 3.16E-09
 2.29E-29 3.11E-22 1.44E-16 2.18E-12 2.27E-10 2.88E-09 5.60E-09 6.50E-09
 6.72E-09 6.55E-09 5.95E-09 4.80E-09 3.67E-09 3.10E-09
 2.57E-29 3.43E-22 1.55E-16 2.27E-12 2.24E-10 2.67E-09 5.07E-09 5.82E-09
 5.96E-09 5.72E-09 5.09E-09 4.05E-09 3.11E-09 2.65E-09
 4.31E-29 5.56E-22 2.39E-16 2.97E-12 2.15E-10 1.89E-09 3.20E-09 3.52E-09
 3.55E-09 3.43E-09 3.14E-09 2.59E-09 2.02E-09 1.72E-09
  614.596    7  14 /pl=01:ss= 6:pb= 1:sz= 6/type=excit/ispb = t/isel =   44
 1.00E+10 1.00E+11 1.00E+12 1.00E+13 1.00E+14 1.00E+15 1.00E+16
 8.44E-01 1.27E+00 2.11E+00 4.22E+00 8.44E+00 2.11E+01 4.22E+01 6.33E+01
 8.44E+01 1.27E+02 2.11E+02 4.22E+02 8.44E+02 1.27E+03
 2.92E-17 6.85E-14 3.11E-11 2.64E-09 2.10E-08 6.22E-08 8.04E-08 8.34E-08
 8.34E-08 8.09E-08 7.49E-08 6.43E-08 5.35E-08 4.75E-08
 2.92E-17 6.85E-14 3.11E-11 2.64E-09 2.10E-08 6.22E-08 8.04E-08 8.34E-08
 8.34E-08 8.09E-08 7.49E-08 6.43E-08 5.35E-08 4.75E-08
 2.92E-17 6.85E-14 3.11E-11 2.64E-09 2.10E-08 6.22E-08 8.03E-08 8.34E-08
 8.34E-08 8.09E-08 7.49E-08 6.42E-08 5.35E-08 4.75E-08
 2.92E-17 6.85E-14 3.11E-11 2.64E-09 2.10E-08 6.21E-08 8.02E-08 8.33E-08
 8.32E-08 8.08E-08 7.47E-08 6.41E-08 5.34E-08 4.74E-08
 2.91E-17 6.84E-14 3.11E-11 2.63E-09 2.09E-08 6.13E-08 7.91E-08 8.20E-08
 8.19E-08 7.93E-08 7.31E-08 6.26E-08 5.21E-08 4.64E-08
 2.84E-17 6.71E-14 3.06E-11 2.57E-09 1.95E-08 5.47E-08 6.92E-08 7.11E-08
 7.05E-08 6.72E-08 6.09E-08 5.15E-08 4.31E-08 3.87E-08
 2.30E-17 5.62E-14 2.64E-11 2.09E-09 1.28E-08 2.85E-08 3.31E-08 3.31E-08
 3.25E-08 3.14E-08 2.96E-08 2.64E-08 2.28E-08 2.07E-08
  679.163    7  14 /pl=01:ss= 6:pb= 1:sz= 6/type=excit/ispb = t/isel =   45
 1.00E+10 1.00E+11 1.00E+12 1.00E+13 1.00E+14 1.00E+15 1.00E+16
 8.44E-01 1.27E+00 2.11E+00 4.22E+00 8.44E+00 2.11E+01 4.22E+01 6.33E+01
 8.44E+01 1.27E+02 2.11E+02 4.22E+02 8.44E+02 1.27E+03
 1.00E-74 7.78E-40 8.06E-28 7.11E-19 1.78E-14 6.12E-12 3.58E-11 5.97E-11
 7.44E-11 8.82E-11 9.35E-11 8.58E-11 7.07E-11 6.12E-11
 1.00E-74 7.78E-40 8.06E-28 7.11E-19 1.78E-14 6.12E-12 3.58E-11 5.97E-11
 7.44E-11 8.82E-11 9.35E-11 8.58E-11 7.07E-11 6.12E-11
 1.00E-74 7.78E-40 8.06E-28 7.11E-19 1.78E-14 6.12E-12 3.58E-11 5.97E-11
 7.44E-11 8.82E-11 9.35E-11 8.58E-11 7.06E-11 6.12E-11
 1.00E-74 7.78E-40 8.05E-28 7.11E-19 1.78E-14 6.11E-12 3.58E-11 5.96E-11
 7.43E-11 8.80E-11 9.33E-11 8.56E-11 7.05E-11 6.10E-11
 1.00E-74 7.78E-40 8.04E-28 7.07E-19 1.76E-14 6.02E-12 3.51E-11 5.85E-11
 7.29E-11 8.62E-11 9.11E-11 8.34E-11 6.88E-11 5.97E-11
 1.00E-74 7.76E-40 7.90E-28 6.74E-19 1.60E-14 5.20E-12 2.99E-11 4.95E-11
 6.13E-11 7.17E-11 7.46E-11 6.78E-11 5.64E-11 4.95E-11
 1.00E-74 8.35E-40 7.72E-28 5.39E-19 9.42E-15 2.31E-12 1.21E-11 1.97E-11
 2.43E-11 2.92E-11 3.22E-11 3.17E-11 2.80E-11 2.52E-11
  921.163    7  14 /pl=01:ss= 6:pb= 1:sz= 6/type=excit/ispb = t/isel =   46
 1.00E+10 1.00E+11 1.00E+12 1.00E+13 1.00E+14 1.00E+15 1.00E+16
 8.44E-01 1.27E+00 2.11E+00 4.22E+00 8.44E+00 2.11E+01 4.22E+01 6.33E+01
 8.44E+01 1.27E+02 2.11E+02 4.22E+02 8.44E+02 1.27E+03
 3.37E-17 5.60E-15 3.06E-13 5.31E-12 1.92E-11 3.62E-11 4.27E-11 4.59E-11
 4.93E-11 5.63E-11 6.63E-11 7.38E-11 7.20E-11 6.80E-11
 3.37E-17 5.60E-15 3.06E-13 5.31E-12 1.92E-11 3.62E-11 4.27E-11 4.59E-11
 4.93E-11 5.63E-11 6.63E-11 7.38E-11 7.20E-11 6.80E-11
 3.37E-17 5.60E-15 3.06E-13 5.31E-12 1.92E-11 3.62E-11 4.27E-11 4.59E-11
 4.93E-11 5.63E-11 6.63E-11 7.38E-11 7.19E-11 6.79E-11
 3.37E-17 5.60E-15 3.06E-13 5.31E-12 1.91E-11 3.61E-11 4.26E-11 4.59E-11
 4.92E-11 5.61E-11 6.61E-11 7.36E-11 7.17E-11 6.77E-11
 3.33E-17 5.55E-15 3.04E-13 5.27E-12 1.90E-11 3.56E-11 4.19E-11 4.51E-11
 4.83E-11 5.49E-11 6.42E-11 7.12E-11 6.95E-11 6.57E-11
 3.04E-17 5.14E-15 2.86E-13 4.96E-12 1.73E-11 3.11E-11 3.60E-11 3.84E-11
 4.07E-11 4.48E-11 5.03E-11 5.39E-11 5.28E-11 5.06E-11
 1.61E-17 2.95E-15 1.79E-13 3.11E-12 9.14E-12 1.35E-11 1.47E-11 1.52E-11
 1.54E-11 1.55E-11 1.54E-11 1.51E-11 1.49E-11 1.48E-11
  959.693    7  14 /pl=01:ss= 6:pb= 1:sz= 6/type=excit/ispb = t/isel =   47
 1.00E+10 1.00E+11 1.00E+12 1.00E+13 1.00E+14 1.00E+15 1.00E+16
 8.44E-01 1.27E+00 2.11E+00 4.22E+00 8.44E+00 2.11E+01 4.22E+01 6.33E+01
 8.44E+01 1.27E+02 2.11E+02 4.22E+02 8.44E+02 1.27E+03
 1.00E-74 1.50E-41 3.77E-29 6.66E-20 2.50E-15 1.17E-12 7.85E-12 1.40E-11
 1.82E-11 2.31E-11 2.72E-11 2.96E-11 2.98E-11 2.92E-11
 1.00E-74 1.50E-41 3.77E-29 6.66E-20 2.50E-15 1.17E-12 7.85E-12 1.40E-11
 1.82E-11 2.31E-11 2.72E-11 2.96E-11 2.98E-11 2.92E-11
 1.00E-74 1.50E-41 3.77E-29 6.66E-20 2.50E-15 1.17E-12 7.85E-12 1.39E-11
 1.82E-11 2.30E-11 2.72E-11 2.96E-11 2.98E-11 2.91E-11
 1.00E-74 1.51E-41 3.79E-29 6.68E-20 2.50E-15 1.17E-12 7.84E-12 1.39E-11
 1.81E-11 2.30E-11 2.71E-11 2.96E-11 2.97E-11 2.91E-11
 1.00E-74 1.57E-41 3.91E-29 6.82E-20 2.52E-15 1.16E-12 7.76E-12 1.37E-11
 1.79E-11 2.26E-11 2.65E-11 2.89E-11 2.91E-11 2.85E-11
 1.00E-74 2.15E-41 5.04E-29 8.12E-20 2.72E-15 1.13E-12 7.17E-12 1.25E-11
 1.60E-11 1.97E-11 2.26E-11 2.41E-11 2.42E-11 2.39E-11
 1.00E-74 5.89E-41 1.22E-28 1.51E-19 3.41E-15 9.43E-13 5.05E-12 8.16E-12
 1.01E-11 1.21E-11 1.36E-11 1.43E-11 1.39E-11 1.35E-11
  1365.56    7  14 /pl=01:ss= 6:pb= 1:sz= 6/type=excit/ispb = t/isel =   48
 1.00E+10 1.00E+11 1.00E+12 1.00E+13 1.00E+14 1.00E+15 1.00E+16
 8.44E-01 1.27E+00 2.11E+00 4.22E+00 8.44E+00 2.11E+01 4.22E+01 6.33E+01
 8.44E+01 1.27E+02 2.11E+02 4.22E+02 8.44E+02 1.27E+03
 1.00E-74 1.44E-44 6.36E-31 9.30E-21 9.46E-16 7.52E-13 5.80E-12 1.06E-11
 1.38E-11 1.71E-11 1.87E-11 1.76E-11 1.46E-11 1.27E-11
 1.00E-74 1.45E-44 6.36E-31 9.30E-21 9.46E-16 7.52E-13 5.80E-12 1.06E-11
 1.38E-11 1.71E-11 1.87E-11 1.75E-11 1.46E-11 1.27E-11
 1.00E-74 1.45E-44 6.36E-31 9.30E-21 9.46E-16 7.52E-13 5.80E-12 1.06E-11
 1.38E-11 1.71E-11 1.87E-11 1.75E-11 1.46E-11 1.27E-11
 1.00E-74 1.45E-44 6.35E-31 9.28E-21 9.44E-16 7.50E-13 5.78E-12 1.06E-11
 1.38E-11 1.70E-11 1.87E-11 1.75E-11 1.45E-11 1.26E-11
 1.00E-74 1.43E-44 6.25E-31 9.09E-21 9.21E-16 7.29E-13 5.62E-12 1.03E-11
 1.34E-11 1.66E-11 1.81E-11 1.70E-11 1.42E-11 1.23E-11
 1.00E-74 1.32E-44 5.56E-31 7.76E-21 7.50E-16 5.71E-13 4.39E-12 8.02E-12
 1.05E-11 1.29E-11 1.40E-11 1.32E-11 1.13E-11 9.97E-12
 1.00E-74 1.33E-44 4.91E-31 5.43E-21 3.77E-16 2.11E-13 1.46E-12 2.61E-12
 3.40E-12 4.30E-12 5.01E-12 5.22E-12 4.85E-12 4.49E-12
  1527.65    7  14 /pl=01:ss= 6:pb= 1:sz= 6/type=excit/ispb = t/isel =   49
 1.00E+10 1.00E+11 1.00E+12 1.00E+13 1.00E+14 1.00E+15 1.00E+16
 8.44E-01 1.27E+00 2.11E+00 4.22E+00 8.44E+00 2.11E+01 4.22E+01 6.33E+01
 8.44E+01 1.27E+02 2.11E+02 4.22E+02 8.44E+02 1.27E+03
 1.00E-74 8.74E-37 3.69E-26 2.96E-18 2.27E-14 3.97E-12 1.91E-11 3.03E-11
 3.71E-11 4.39E-11 4.74E-11 4.58E-11 4.01E-11 3.61E-11
 1.00E-74 8.74E-37 3.69E-26 2.96E-18 2.27E-14 3.97E-12 1.91E-11 3.03E-11
 3.71E-11 4.39E-11 4.74E-11 4.58E-11 4.01E-11 3.61E-11
 1.00E-74 8.74E-37 3.69E-26 2.96E-18 2.27E-14 3.97E-12 1.91E-11 3.03E-11
 3.71E-11 4.39E-11 4.74E-11 4.58E-11 4.01E-11 3.60E-11
 1.00E-74 8.76E-37 3.69E-26 2.96E-18 2.27E-14 3.96E-12 1.91E-11 3.03E-11
 3.71E-11 4.38E-11 4.73E-11 4.57E-11 4.00E-11 3.60E-11
 4.32E-50 8.88E-37 3.73E-26 2.98E-18 2.27E-14 3.94E-12 1.89E-11 2.99E-11
 3.66E-11 4.31E-11 4.64E-11 4.47E-11 3.92E-11 3.53E-11
 4.96E-50 1.02E-36 4.16E-26 3.17E-18 2.27E-14 3.69E-12 1.72E-11 2.69E-11
 3.26E-11 3.77E-11 3.97E-11 3.76E-11 3.30E-11 2.99E-11
 1.56E-49 2.89E-36 1.00E-25 5.71E-18 2.74E-14 2.98E-12 1.17E-11 1.72E-11
 2.01E-11 2.29E-11 2.44E-11 2.35E-11 2.08E-11 1.88E-11
  2109.26    7  14 /pl=01:ss= 6:pb= 1:sz= 6/type=excit/ispb = t/isel =   50
 1.00E+10 1.00E+11 1.00E+12 1.00E+13 1.00E+14 1.00E+15 1.00E+16
 8.44E-01 1.27E+00 2.11E+00 4.22E+00 8.44E+00 2.11E+01 4.22E+01 6.33E+01
 8.44E+01 1.27E+02 2.11E+02 4.22E+02 8.44E+02 1.27E+03
 1.24E-46 1.26E-34 4.11E-25 4.88E-18 1.48E-14 1.59E-12 6.77E-12 1.04E-11
 1.26E-11 1.48E-11 1.65E-11 1.71E-11 1.67E-11 1.60E-11
 1.43E-46 1.26E-34 4.11E-25 4.88E-18 1.48E-14 1.59E-12 6.77E-12 1.04E-11
 1.26E-11 1.48E-11 1.65E-11 1.71E-11 1.67E-11 1.60E-11
 1.44E-46 1.26E-34 4.11E-25 4.88E-18 1.48E-14 1.59E-12 6.77E-12 1.04E-11
 1.26E-11 1.48E-11 1.65E-11 1.71E-11 1.66E-11 1.60E-11
 1.45E-46 1.27E-34 4.12E-25 4.89E-18 1.48E-14 1.59E-12 6.76E-12 1.04E-11
 1.26E-11 1.48E-11 1.64E-11 1.70E-11 1.66E-11 1.60E-11
 1.49E-46 1.30E-34 4.20E-25 4.95E-18 1.49E-14 1.58E-12 6.69E-12 1.03E-11
 1.24E-11 1.46E-11 1.61E-11 1.67E-11 1.62E-11 1.57E-11
 1.93E-46 1.62E-34 5.01E-25 5.55E-18 1.54E-14 1.50E-12 6.09E-12 9.18E-12
 1.10E-11 1.26E-11 1.36E-11 1.39E-11 1.36E-11 1.32E-11
 5.49E-46 4.27E-34 1.19E-24 1.04E-17 1.95E-14 1.24E-12 4.15E-12 5.79E-12
 6.66E-12 7.48E-12 8.03E-12 8.15E-12 7.87E-12 7.59E-12
c-------------------------------------------------------------------------------
 
C  root partition information
C  ==========================
C
C  nuclear charge : 18
C  ion charge+1   :  7
C
C  population calculation information
C  ----------------------------------
C
C  population processing code: adas810
C
C  adf04 source file    : adf04_copmm#18_ls_40#ar6.dat
C  adf18/a17_p208 file  : NULL
C
C  meta. ion. coeff. selector  : 
 
C  options  : lnorm =T  lpsel =F  lzsel =T  liosel=F
C           : lhsel =F  lrsel =F  lisel =F  lnsel =F
 
C  energy levels
C  -------------
C
C   lv      configuration    (2S+1)L(w-1/2)      energy (cm^-1)
C  ---   ------------------- --------------      --------------
c    1   24                     (1)0(  0.0)             0.0
c    2   14515                  (3)1(  4.0)        108558.4
c    3   14515                  (1)1(  1.0)        162708.4
c    4   14516                  (3)2(  7.0)        317008.4
c    5   14516                  (1)2(  2.0)        339798.4
c    6   14517                  (3)0(  1.0)        507188.4
c    7   14517                  (1)0(  0.0)        518558.4
c    8   14518                  (3)1(  4.0)        560758.4
c    9   14518                  (1)1(  1.0)        565968.4
c   10   14519                  (3)2(  7.0)        628718.4
c   11   14519                  (1)2(  2.0)        631428.4
c   12   1451B                  (3)0(  1.0)        709318.4
c   13   1451B                  (1)0(  0.0)        713208.4
c   14   1451C                  (3)1(  4.0)        733778.4
c   15   1451C                  (1)1(  1.0)        735628.4
c   16   1451D                  (3)2(  7.0)        765398.4
c   17   1451D                  (1)2(  2.0)        766378.4
c   18   1451G                  (3)0(  1.0)        806998.4
c   19   1451G                  (1)0(  0.0)        808858.4
c   20   1451H                  (3)1(  4.0)        820218.4
c   21   1451H                  (1)1(  1.0)        821118.4
c   22   1451I                  (3)2(  7.0)        837568.4
c   23   1451I                  (1)2(  2.0)        838058.4
c   24   1451M                  (3)0(  1.0)        861888.4
c   25   1451M                  (1)0(  0.0)        862938.4
c   26   1451N                  (3)1(  4.0)        869838.4
c   27   1451N                  (1)1(  1.0)        870358.4
c   28   1451O                  (3)2(  7.0)        880408.4
c   29   1451O                  (1)2(  2.0)        880688.4
c   30   1451T                  (3)0(  1.0)        895838.4
c   31   1451T                  (1)0(  0.0)        896498.4
c   32   1451U                  (3)1(  4.0)        900998.4
c   33   1451U                  (1)1(  1.0)        901318.4
c   34   1451V                  (3)2(  7.0)        907908.4
c   35   1451V                  (1)2(  2.0)        908088.4
c   36   22553524515            (3)0(  1.0)       2033088.4
c   37   22553524515            (3)2(  7.0)       2046888.4
c   38   22553524515            (1)1(  1.0)       2048288.4
c   39   22553524515            (3)1(  4.0)       2056988.4
c   40   22553524515            (1)2(  2.0)       2064588.4
c   41   22553524515            (1)0(  0.0)       2118488.4
c   42   22553524516            (3)1(  4.0)       2254988.4
c   43   22553524516            (3)3( 10.0)       2263488.4
c   44   22553524516            (1)2(  2.0)       2263788.4
c   45   22553524516            (3)2(  7.0)       2271888.4
c   46   22553524516            (1)3(  3.0)       2279588.4
c   47   22553524516            (1)1(  1.0)       2295688.4
c   48   22553524518            (3)0(  1.0)       2527588.4
c   49   22553524518            (1)1(  1.0)       2531688.4
c   50   22553524518            (3)2(  7.0)       2533488.4
c   51   22553524518            (3)1(  4.0)       2538388.4
c   52   22553524518            (1)2(  2.0)       2548088.4
c   53   22553524518            (1)0(  0.0)       2561388.4
c   54   22553524519            (3)1(  4.0)       2597088.4
c   55   22553524519            (1)2(  2.0)       2599788.4
c   56   22553524519            (3)3( 10.0)       2602088.4
c   57   22553524519            (3)2(  7.0)       2606188.4
c   58   22553524519            (1)3(  3.0)       2615988.4
c   59   22553524519            (1)1(  1.0)       2620788.4
c   60   2255352451A            (1)4(  4.0)       2630488.4
c   61   2255352451A            (3)3( 10.0)       2630988.4
c   62   2255352451A            (1)3(  3.0)       2631188.4
c   63   2255352451A            (3)2(  7.0)       2638088.4
c   64   2255352451A            (3)4( 13.0)       2640688.4
c   65   2255352451A            (1)2(  2.0)       2647588.4
c   66   12563524515            (3)1(  4.0)       2684588.4
c   67   12563524515            (1)1(  1.0)       2692288.4
c   68   12563524516            (3)2(  7.0)       2897088.4
c   69   12563524516            (1)2(  2.0)       2906188.4
c   70   12563524517            (3)0(  1.0)       3114788.4
c   71   12563524517            (1)0(  0.0)       3120488.4
c   72   12563524518            (3)1(  4.0)       3168188.4
c   73   12563524518            (1)1(  1.0)       3170288.4
c   74   12563524519            (3)2(  7.0)       3235288.4
c   75   12563524519            (1)2(  2.0)       3238688.4
 
 
 
c-------------------------------------------------------------------------------
 
C  superstage partition information
C  ================================
C
C  element symbol   : AR
C  parent template  : 
C  partition level  :  1
C  superstage label :  6
C
C  tabulation       : photon emissivity coefft (te,ne)
C  units            : ph. emis coef(cm^3 s^-1); te (ev); ne (cm^-3)
C
C  photon emissivity atomic transitions
C  ------------------------------------
C  
C   isel  wvlen(A)            transition                type  ispb nspb
C                                                             ispp nspp sz    tg pr wr
C  ----- ---------- ----------------------------------- ----- ---- ---- --    -- -- --
C      1   31.5429   73(1)1(  1.0)-  1(1)0(  0.0)       excit   1    1   6    53 34  1
C      2   37.1431   67(1)1(  1.0)-  1(1)0(  0.0)       excit   1    1   6    48 10  2
C      3   38.1565   59(1)1(  1.0)-  1(1)0(  0.0)       excit   1    1   6    43  8  3
C      4   38.3702   57(3)2(  7.0)-  1(1)0(  0.0)       excit   1    1   6    42 13  4
C      5   41.6896   53(1)0(  0.0)-  3(1)1(  1.0)       excit   1    1   6   177 20  5
C      6   43.5599   47(1)1(  1.0)-  1(1)0(  0.0)       excit   1    1   6    36  4  6
C      7   44.0162   45(3)2(  7.0)-  1(1)0(  0.0)       excit   1    1   6    35 12  7
C      8   48.4358   40(1)2(  2.0)-  1(1)0(  0.0)       excit   1    1   6    32 38  8
C      9   51.1240   40(1)2(  2.0)-  2(3)1(  4.0)       excit   1    1   6    93 44  9
C     10   51.1305   41(1)0(  0.0)-  3(1)1(  1.0)       excit   1    1   6   165  6 10
C     11   51.5908   37(3)2(  7.0)-  2(3)1(  4.0)       excit   1    1   6    90 42 11
C     12   52.7905   39(3)1(  4.0)-  3(1)1(  1.0)       excit   1    1   6   163 24 12
C     13   53.0735   37(3)2(  7.0)-  3(1)1(  1.0)       excit   1    1   6   161 50 13
C     14   82.1578   41(1)0(  0.0)- 33(1)1(  1.0)       excit   1    1   6  1715 45 14
C     15   110.949   33(1)1(  1.0)-  1(1)0(  0.0)       excit   1    1   6    27 33 15
C     16   114.895   27(1)1(  1.0)-  1(1)0(  0.0)       excit   1    1   6    22 29 16
C     17   121.785   21(1)1(  1.0)-  1(1)0(  0.0)       excit   1    1   6    17 22 17
C     18   134.160   35(1)2(  2.0)-  3(1)1(  1.0)       excit   1    1   6   159 39 18
C     19   135.938   15(1)1(  1.0)-  1(1)0(  0.0)       excit   1    1   6    12 14 19
C     20   136.279   31(1)0(  0.0)-  3(1)1(  1.0)       excit   1    1   6   155 46 20
C     21   139.280   29(1)2(  2.0)-  3(1)1(  1.0)       excit   1    1   6   153 27 21
C     22   142.810   25(1)0(  0.0)-  3(1)1(  1.0)       excit   1    1   6   149 31 22
C     23   148.071   23(1)2(  2.0)-  3(1)1(  1.0)       excit   1    1   6   147 23 23
C     24   154.763   19(1)0(  0.0)-  3(1)1(  1.0)       excit   1    1   6   143 21 24
C     25   165.653   17(1)2(  2.0)-  3(1)1(  1.0)       excit   1    1   6   141 16 25
C     26   176.688    9(1)1(  1.0)-  1(1)0(  0.0)       excit   1    1   6     7  5 26
C     27   181.653   13(1)0(  0.0)-  3(1)1(  1.0)       excit   1    1   6   137 11 27
C     28   182.083   57(3)2(  7.0)- 39(3)1(  4.0)       excit   1    1   6  1947 48 28
C     29   183.016   75(1)2(  2.0)- 67(1)1(  1.0)       excit   1    1   6  2505 30 29
C     30   213.347   11(1)2(  2.0)-  3(1)1(  1.0)       excit   1    1   6   135  7 30
C     31   233.536   71(1)0(  0.0)- 67(1)1(  1.0)       excit   1    1   6  2501 49 31
C     32   252.634   15(1)1(  1.0)-  5(1)2(  2.0)       excit   1    1   6   277 28 32
C     33   281.017    7(1)0(  0.0)-  3(1)1(  1.0)       excit   1    1   6   131  3 33
C     34   336.734   25(1)0(  0.0)-  9(1)1(  1.0)       excit   1    1   6   527 47 34
C     35   375.235   51(3)1(  4.0)- 45(3)2(  7.0)       excit   1    1   6  2118 43 35
C     36   376.364   53(1)0(  0.0)- 47(1)1(  1.0)       excit   1    1   6  2172 37 36
C     37   411.709   19(1)0(  0.0)-  9(1)1(  1.0)       excit   1    1   6   521 26 37
C     38   442.145    9(1)1(  1.0)-  5(1)2(  2.0)       excit   1    1   6   271  9 38
C     39   460.681   15(1)1(  1.0)-  7(1)0(  0.0)       excit   1    1   6   402 40 39
C     40   465.333   45(3)2(  7.0)- 39(3)1(  4.0)       excit   1    1   6  1935 35 40
C     41   467.508   69(1)2(  2.0)- 67(1)1(  1.0)       excit   1    1   6  2499 17 41
C     42   498.977   17(1)2(  2.0)-  9(1)1(  1.0)       excit   1    1   6   519 41 42
C     43   564.685    5(1)2(  2.0)-  3(1)1(  1.0)       excit   1    1   6   129  2 43
C     44   614.596    3(1)1(  1.0)-  1(1)0(  0.0)       excit   1    1   6     2  1 44
C     45   679.163   13(1)0(  0.0)-  9(1)1(  1.0)       excit   1    1   6   515 15 45
C     46   921.163    2(3)1(  4.0)-  1(1)0(  0.0)       excit   1    1   6     1 18 46
C     47   959.693   15(1)1(  1.0)- 11(1)2(  2.0)       excit   1    1   6   643 25 47
C     48   1365.56   19(1)0(  0.0)- 15(1)1(  1.0)       excit   1    1   6   865 32 48
C     49   1527.65   11(1)2(  2.0)-  9(1)1(  1.0)       excit   1    1   6   513 19 49
C     50   2109.26    9(1)1(  1.0)-  7(1)0(  0.0)       excit   1    1   6   397 36 50
c-------------------------------------------------------------------------------
                                                                                
C  code     : adas810
C  producer : Adam Foster
C  date     : 13/05/09
                                                                                
c-------------------------------------------------------------------------------
