   27    /AR: 0 photon emissivity coefficients/
--------------------------------------------------------------------------------
    1    1    1    1    1    1    1    1    1    1    1    1    1    1
    1    1    1    1    1
--------------------------------------------------------------------------------
//#01/p00/ 00/p01/ 01/p02/ 02/p03/ 03/p04/ 04/p05/ 05/p06/ 06/p07/ 07/p08/ 08/  
      p09/ 09/p10/ 10/p11/ 11/p12/ 12/p13/ 13/p14/ 14/p15/ 15/p16/ 16/p17/ 17/  
      p18/ 18/                                                                  
--------------------------------------------------------------------------------
  370.790    7  14 /pl=01:ss= 0:pb= 1:sz= 0/type=excit/ispb = t/isel =    1
 1.00E+10 1.00E+11 1.00E+12 1.00E+13 1.00E+14 1.00E+15 1.00E+16
 1.72E-02 2.59E-02 4.31E-02 8.62E-02 1.72E-01 4.31E-01 8.62E-01 1.29E+00
 1.72E+00 2.59E+00 4.31E+00 8.62E+00 1.72E+01 2.59E+01
 1.00E-74 1.00E-74 1.00E-74 1.00E-74 1.00E-74 1.00E-74 1.44E-64 5.95E-59
 3.88E-56 2.58E-53 4.78E-51 2.42E-49 1.67E-48 3.06E-48
 1.00E-74 1.00E-74 1.00E-74 1.00E-74 1.00E-74 1.00E-74 1.44E-64 5.95E-59
 3.88E-56 2.57E-53 4.78E-51 2.42E-49 1.67E-48 3.06E-48
 1.00E-74 1.00E-74 1.00E-74 1.00E-74 1.00E-74 1.00E-74 1.42E-64 5.88E-59
 3.84E-56 2.55E-53 4.74E-51 2.40E-49 1.66E-48 3.05E-48
 1.00E-74 1.00E-74 1.00E-74 1.00E-74 1.00E-74 1.00E-74 1.31E-64 5.43E-59
 3.56E-56 2.38E-53 4.45E-51 2.28E-49 1.59E-48 2.94E-48
 1.00E-74 1.00E-74 1.00E-74 1.00E-74 1.00E-74 1.00E-74 9.97E-65 4.19E-59
 2.77E-56 1.87E-53 3.55E-51 1.86E-49 1.32E-48 2.46E-48
 1.00E-74 1.00E-74 1.00E-74 1.00E-74 1.00E-74 1.00E-74 4.15E-65 1.78E-59
 1.19E-56 8.35E-54 1.66E-51 9.25E-50 6.95E-49 1.34E-48
 1.00E-74 1.00E-74 1.00E-74 1.00E-74 1.00E-74 1.00E-74 9.13E-66 4.04E-60
 2.78E-57 2.00E-54 4.00E-52 2.02E-50 1.32E-49 2.39E-49
  379.026    7  14 /pl=01:ss= 0:pb= 1:sz= 0/type=excit/ispb = t/isel =    2
 1.00E+10 1.00E+11 1.00E+12 1.00E+13 1.00E+14 1.00E+15 1.00E+16
 1.72E-02 2.59E-02 4.31E-02 8.62E-02 1.72E-01 4.31E-01 8.62E-01 1.29E+00
 1.72E+00 2.59E+00 4.31E+00 8.62E+00 1.72E+01 2.59E+01
 1.00E-74 1.00E-74 1.00E-74 1.00E-74 1.00E-74 1.00E-74 2.45E-64 7.68E-59
 4.35E-56 2.51E-53 4.16E-51 1.93E-49 1.27E-48 2.30E-48
 1.00E-74 1.00E-74 1.00E-74 1.00E-74 1.00E-74 1.00E-74 2.45E-64 7.68E-59
 4.35E-56 2.51E-53 4.16E-51 1.93E-49 1.27E-48 2.30E-48
 1.00E-74 1.00E-74 1.00E-74 1.00E-74 1.00E-74 1.00E-74 2.45E-64 7.69E-59
 4.35E-56 2.51E-53 4.17E-51 1.93E-49 1.27E-48 2.30E-48
 1.00E-74 1.00E-74 1.00E-74 1.00E-74 1.00E-74 1.00E-74 2.45E-64 7.70E-59
 4.37E-56 2.53E-53 4.20E-51 1.95E-49 1.28E-48 2.32E-48
 1.00E-74 1.00E-74 1.00E-74 1.00E-74 1.00E-74 1.00E-74 2.16E-64 6.86E-59
 3.93E-56 2.30E-53 3.88E-51 1.84E-49 1.23E-48 2.25E-48
 1.00E-74 1.00E-74 1.00E-74 1.00E-74 1.00E-74 1.00E-74 9.38E-65 3.04E-59
 1.78E-56 1.08E-53 1.92E-51 9.77E-50 7.01E-49 1.33E-48
 1.00E-74 1.00E-74 1.00E-74 1.00E-74 1.00E-74 1.00E-74 2.09E-65 6.99E-60
 4.18E-57 2.62E-54 4.67E-52 2.17E-50 1.35E-49 2.42E-49
  408.279    7  14 /pl=01:ss= 0:pb= 1:sz= 0/type=excit/ispb = t/isel =    3
 1.00E+10 1.00E+11 1.00E+12 1.00E+13 1.00E+14 1.00E+15 1.00E+16
 1.72E-02 2.59E-02 4.31E-02 8.62E-02 1.72E-01 4.31E-01 8.62E-01 1.29E+00
 1.72E+00 2.59E+00 4.31E+00 8.62E+00 1.72E+01 2.59E+01
 1.00E-74 1.00E-74 1.00E-74 1.00E-74 1.00E-74 1.00E-74 5.57E-65 7.06E-60
 2.54E-57 9.33E-55 1.08E-52 3.79E-51 2.17E-50 3.73E-50
 1.00E-74 1.00E-74 1.00E-74 1.00E-74 1.00E-74 1.00E-74 5.57E-65 7.06E-60
 2.54E-57 9.33E-55 1.08E-52 3.79E-51 2.17E-50 3.73E-50
 1.00E-74 1.00E-74 1.00E-74 1.00E-74 1.00E-74 1.00E-74 5.57E-65 7.06E-60
 2.54E-57 9.33E-55 1.08E-52 3.79E-51 2.17E-50 3.73E-50
 1.00E-74 1.00E-74 1.00E-74 1.00E-74 1.00E-74 1.00E-74 5.58E-65 7.08E-60
 2.55E-57 9.36E-55 1.08E-52 3.81E-51 2.18E-50 3.75E-50
 1.00E-74 1.00E-74 1.00E-74 1.00E-74 1.00E-74 1.00E-74 5.65E-65 7.21E-60
 2.61E-57 9.66E-55 1.12E-52 3.98E-51 2.28E-50 3.91E-50
 1.00E-74 1.00E-74 1.00E-74 1.00E-74 1.00E-74 1.00E-74 6.30E-65 8.27E-60
 3.07E-57 1.18E-54 1.43E-52 5.22E-51 3.00E-50 5.15E-50
 1.00E-74 1.00E-74 1.00E-74 1.00E-74 1.00E-74 1.00E-74 1.19E-64 1.66E-59
 6.46E-57 2.62E-54 3.28E-52 1.13E-50 5.75E-50 9.35E-50
  562.502    7  14 /pl=01:ss= 0:pb= 1:sz= 0/type=excit/ispb = t/isel =    4
 1.00E+10 1.00E+11 1.00E+12 1.00E+13 1.00E+14 1.00E+15 1.00E+16
 1.72E-02 2.59E-02 4.31E-02 8.62E-02 1.72E-01 4.31E-01 8.62E-01 1.29E+00
 1.72E+00 2.59E+00 4.31E+00 8.62E+00 1.72E+01 2.59E+01
 1.00E-74 1.00E-74 1.00E-74 1.00E-74 1.00E-74 1.00E-74 1.97E-36 9.46E-31
 6.89E-28 5.35E-25 1.19E-22 7.54E-21 6.30E-20 1.28E-19
 1.00E-74 1.00E-74 1.00E-74 1.00E-74 1.00E-74 1.00E-74 1.99E-35 9.56E-30
 6.96E-27 5.40E-24 1.20E-21 7.59E-20 6.33E-19 1.29E-18
 1.00E-74 1.00E-74 1.00E-74 1.00E-74 1.00E-74 2.52E-51 2.13E-34 1.02E-28
 7.43E-26 5.75E-23 1.27E-20 7.95E-19 6.57E-18 1.33E-17
 1.00E-74 1.00E-74 1.00E-74 1.00E-74 1.00E-74 3.03E-50 2.54E-33 1.22E-27
 8.86E-25 6.82E-22 1.49E-19 9.21E-18 7.47E-17 1.50E-16
 1.00E-74 1.00E-74 1.00E-74 1.00E-74 1.00E-74 4.12E-49 3.47E-32 1.67E-26
 1.22E-23 9.36E-21 2.04E-18 1.24E-16 9.87E-16 1.94E-15
 1.00E-74 1.00E-74 1.00E-74 1.00E-74 1.00E-74 4.66E-48 3.93E-31 1.89E-25
 1.38E-22 1.07E-19 2.33E-17 1.41E-15 1.10E-14 2.15E-14
 1.00E-74 1.00E-74 1.00E-74 1.00E-74 1.00E-74 4.43E-47 3.70E-30 1.77E-24
 1.29E-21 9.78E-19 2.04E-16 1.05E-14 6.64E-14 1.17E-13
  563.289    7  14 /pl=01:ss= 0:pb= 1:sz= 0/type=excit/ispb = t/isel =    5
 1.00E+10 1.00E+11 1.00E+12 1.00E+13 1.00E+14 1.00E+15 1.00E+16
 1.72E-02 2.59E-02 4.31E-02 8.62E-02 1.72E-01 4.31E-01 8.62E-01 1.29E+00
 1.72E+00 2.59E+00 4.31E+00 8.62E+00 1.72E+01 2.59E+01
 1.00E-74 1.00E-74 1.00E-74 1.00E-74 1.00E-74 8.96E-45 6.30E-28 2.61E-22
 1.70E-19 1.13E-16 2.09E-14 1.06E-12 7.31E-12 1.34E-11
 1.00E-74 1.00E-74 1.00E-74 1.00E-74 1.00E-74 8.95E-45 6.30E-28 2.60E-22
 1.70E-19 1.13E-16 2.09E-14 1.06E-12 7.30E-12 1.34E-11
 1.00E-74 1.00E-74 1.00E-74 1.00E-74 1.00E-74 8.84E-45 6.22E-28 2.58E-22
 1.68E-19 1.12E-16 2.08E-14 1.05E-12 7.27E-12 1.34E-11
 1.00E-74 1.00E-74 1.00E-74 1.00E-74 1.00E-74 8.09E-45 5.72E-28 2.38E-22
 1.56E-19 1.04E-16 1.95E-14 9.98E-13 6.96E-12 1.29E-11
 1.00E-74 1.00E-74 1.00E-74 1.00E-74 1.00E-74 6.08E-45 4.37E-28 1.84E-22
 1.21E-19 8.19E-17 1.56E-14 8.13E-13 5.77E-12 1.08E-11
 1.00E-74 1.00E-74 1.00E-74 1.00E-74 1.00E-74 2.50E-45 1.82E-28 7.79E-23
 5.23E-20 3.66E-17 7.29E-15 4.05E-13 3.04E-12 5.88E-12
 1.00E-74 1.00E-74 1.00E-74 1.00E-74 1.00E-74 5.31E-46 4.00E-29 1.77E-23
 1.22E-20 8.77E-18 1.75E-15 8.85E-14 5.76E-13 1.05E-12
  564.110    7  14 /pl=01:ss= 0:pb= 1:sz= 0/type=excit/ispb = t/isel =    6
 1.00E+10 1.00E+11 1.00E+12 1.00E+13 1.00E+14 1.00E+15 1.00E+16
 1.72E-02 2.59E-02 4.31E-02 8.62E-02 1.72E-01 4.31E-01 8.62E-01 1.29E+00
 1.72E+00 2.59E+00 4.31E+00 8.62E+00 1.72E+01 2.59E+01
 1.00E-74 1.00E-74 1.00E-74 1.00E-74 1.00E-74 1.00E-74 8.89E-37 4.26E-31
 3.11E-28 2.41E-25 5.36E-23 3.40E-21 2.84E-20 5.77E-20
 1.00E-74 1.00E-74 1.00E-74 1.00E-74 1.00E-74 1.00E-74 8.98E-36 4.31E-30
 3.14E-27 2.43E-24 5.40E-22 3.42E-20 2.85E-19 5.79E-19
 1.00E-74 1.00E-74 1.00E-74 1.00E-74 1.00E-74 1.14E-51 9.61E-35 4.60E-29
 3.35E-26 2.59E-23 5.71E-21 3.58E-19 2.96E-18 5.99E-18
 1.00E-74 1.00E-74 1.00E-74 1.00E-74 1.00E-74 1.37E-50 1.15E-33 5.49E-28
 3.99E-25 3.07E-22 6.73E-20 4.15E-18 3.37E-17 6.74E-17
 1.00E-74 1.00E-74 1.00E-74 1.00E-74 1.00E-74 1.86E-49 1.57E-32 7.53E-27
 5.49E-24 4.22E-21 9.20E-19 5.60E-17 4.45E-16 8.76E-16
 1.00E-74 1.00E-74 1.00E-74 1.00E-74 1.00E-74 2.10E-48 1.77E-31 8.53E-26
 6.23E-23 4.80E-20 1.05E-17 6.34E-16 4.96E-15 9.68E-15
 1.00E-74 1.00E-74 1.00E-74 1.00E-74 1.00E-74 2.00E-47 1.67E-30 7.99E-25
 5.80E-22 4.41E-19 9.18E-17 4.71E-15 2.99E-14 5.27E-14
  566.536    7  14 /pl=01:ss= 0:pb= 1:sz= 0/type=excit/ispb = t/isel =    7
 1.00E+10 1.00E+11 1.00E+12 1.00E+13 1.00E+14 1.00E+15 1.00E+16
 1.72E-02 2.59E-02 4.31E-02 8.62E-02 1.72E-01 4.31E-01 8.62E-01 1.29E+00
 1.72E+00 2.59E+00 4.31E+00 8.62E+00 1.72E+01 2.59E+01
 1.00E-74 1.00E-74 1.00E-74 1.00E-74 1.00E-74 1.00E-74 3.85E-37 1.85E-31
 1.35E-28 1.05E-25 2.32E-23 1.47E-21 1.23E-20 2.50E-20
 1.00E-74 1.00E-74 1.00E-74 1.00E-74 1.00E-74 1.00E-74 3.89E-36 1.87E-30
 1.36E-27 1.05E-24 2.34E-22 1.48E-20 1.24E-19 2.51E-19
 1.00E-74 1.00E-74 1.00E-74 1.00E-74 1.00E-74 4.92E-52 4.16E-35 1.99E-29
 1.45E-26 1.12E-23 2.48E-21 1.55E-19 1.28E-18 2.59E-18
 1.00E-74 1.00E-74 1.00E-74 1.00E-74 1.00E-74 5.92E-51 4.96E-34 2.38E-28
 1.73E-25 1.33E-22 2.92E-20 1.80E-18 1.46E-17 2.92E-17
 1.00E-74 1.00E-74 1.00E-74 1.00E-74 1.00E-74 8.04E-50 6.78E-33 3.26E-27
 2.38E-24 1.83E-21 3.99E-19 2.43E-17 1.93E-16 3.79E-16
 1.00E-74 1.00E-74 1.00E-74 1.00E-74 1.00E-74 9.10E-49 7.67E-32 3.70E-26
 2.70E-23 2.08E-20 4.55E-18 2.75E-16 2.15E-15 4.20E-15
 1.00E-74 1.00E-74 1.00E-74 1.00E-74 1.00E-74 8.65E-48 7.23E-31 3.46E-25
 2.51E-22 1.91E-19 3.98E-17 2.04E-15 1.30E-14 2.28E-14
  567.747    7  14 /pl=01:ss= 0:pb= 1:sz= 0/type=excit/ispb = t/isel =    8
 1.00E+10 1.00E+11 1.00E+12 1.00E+13 1.00E+14 1.00E+15 1.00E+16
 1.72E-02 2.59E-02 4.31E-02 8.62E-02 1.72E-01 4.31E-01 8.62E-01 1.29E+00
 1.72E+00 2.59E+00 4.31E+00 8.62E+00 1.72E+01 2.59E+01
 1.00E-74 1.00E-74 1.00E-74 1.00E-74 1.00E-74 2.74E-44 1.93E-27 7.98E-22
 5.20E-19 3.45E-16 6.41E-14 3.24E-12 2.24E-11 4.10E-11
 1.00E-74 1.00E-74 1.00E-74 1.00E-74 1.00E-74 2.74E-44 1.93E-27 7.97E-22
 5.20E-19 3.45E-16 6.40E-14 3.24E-12 2.23E-11 4.10E-11
 1.00E-74 1.00E-74 1.00E-74 1.00E-74 1.00E-74 2.70E-44 1.90E-27 7.88E-22
 5.14E-19 3.42E-16 6.35E-14 3.22E-12 2.22E-11 4.08E-11
 1.00E-74 1.00E-74 1.00E-74 1.00E-74 1.00E-74 2.48E-44 1.75E-27 7.28E-22
 4.77E-19 3.18E-16 5.96E-14 3.05E-12 2.13E-11 3.93E-11
 1.00E-74 1.00E-74 1.00E-74 1.00E-74 1.00E-74 1.86E-44 1.34E-27 5.62E-22
 3.71E-19 2.50E-16 4.76E-14 2.49E-12 1.76E-11 3.30E-11
 1.00E-74 1.00E-74 1.00E-74 1.00E-74 1.00E-74 7.63E-45 5.56E-28 2.38E-22
 1.60E-19 1.12E-16 2.23E-14 1.24E-12 9.31E-12 1.80E-11
 1.00E-74 1.00E-74 1.00E-74 1.00E-74 1.00E-74 1.62E-45 1.22E-28 5.41E-23
 3.73E-20 2.68E-17 5.36E-15 2.71E-13 1.76E-12 3.20E-12
  568.581    7  14 /pl=01:ss= 0:pb= 1:sz= 0/type=excit/ispb = t/isel =    9
 1.00E+10 1.00E+11 1.00E+12 1.00E+13 1.00E+14 1.00E+15 1.00E+16
 1.72E-02 2.59E-02 4.31E-02 8.62E-02 1.72E-01 4.31E-01 8.62E-01 1.29E+00
 1.72E+00 2.59E+00 4.31E+00 8.62E+00 1.72E+01 2.59E+01
 1.00E-74 1.00E-74 1.00E-74 1.00E-74 1.00E-74 1.00E-74 2.77E-37 1.33E-31
 9.68E-29 7.51E-26 1.67E-23 1.06E-21 8.85E-21 1.80E-20
 1.00E-74 1.00E-74 1.00E-74 1.00E-74 1.00E-74 1.00E-74 2.80E-36 1.34E-30
 9.77E-28 7.58E-25 1.68E-22 1.07E-20 8.89E-20 1.80E-19
 1.00E-74 1.00E-74 1.00E-74 1.00E-74 1.00E-74 3.54E-52 2.99E-35 1.43E-29
 1.04E-26 8.07E-24 1.78E-21 1.12E-19 9.23E-19 1.86E-18
 1.00E-74 1.00E-74 1.00E-74 1.00E-74 1.00E-74 4.25E-51 3.57E-34 1.71E-28
 1.24E-25 9.57E-23 2.10E-20 1.29E-18 1.05E-17 2.10E-17
 1.00E-74 1.00E-74 1.00E-74 1.00E-74 1.00E-74 5.78E-50 4.88E-33 2.34E-27
 1.71E-24 1.31E-21 2.87E-19 1.74E-17 1.39E-16 2.73E-16
 1.00E-74 1.00E-74 1.00E-74 1.00E-74 1.00E-74 6.54E-49 5.51E-32 2.66E-26
 1.94E-23 1.50E-20 3.27E-18 1.98E-16 1.55E-15 3.02E-15
 1.00E-74 1.00E-74 1.00E-74 1.00E-74 1.00E-74 6.22E-48 5.20E-31 2.49E-25
 1.81E-22 1.37E-19 2.86E-17 1.47E-15 9.32E-15 1.64E-14
  582.518    7  14 /pl=01:ss= 0:pb= 1:sz= 0/type=excit/ispb = t/isel =   10
 1.00E+10 1.00E+11 1.00E+12 1.00E+13 1.00E+14 1.00E+15 1.00E+16
 1.72E-02 2.59E-02 4.31E-02 8.62E-02 1.72E-01 4.31E-01 8.62E-01 1.29E+00
 1.72E+00 2.59E+00 4.31E+00 8.62E+00 1.72E+01 2.59E+01
 1.00E-74 1.00E-74 1.00E-74 1.00E-74 1.00E-74 1.06E-43 3.21E-27 1.01E-21
 5.70E-19 3.29E-16 5.45E-14 2.53E-12 1.66E-11 3.02E-11
 1.00E-74 1.00E-74 1.00E-74 1.00E-74 1.00E-74 1.06E-43 3.21E-27 1.01E-21
 5.70E-19 3.29E-16 5.45E-14 2.53E-12 1.66E-11 3.02E-11
 1.00E-74 1.00E-74 1.00E-74 1.00E-74 1.00E-74 1.06E-43 3.21E-27 1.01E-21
 5.70E-19 3.29E-16 5.46E-14 2.53E-12 1.66E-11 3.02E-11
 1.00E-74 1.00E-74 1.00E-74 1.00E-74 1.00E-74 1.05E-43 3.20E-27 1.01E-21
 5.72E-19 3.31E-16 5.50E-14 2.55E-12 1.68E-11 3.04E-11
 1.00E-74 1.00E-74 1.00E-74 1.00E-74 1.00E-74 9.11E-44 2.83E-27 8.99E-22
 5.14E-19 3.01E-16 5.09E-14 2.41E-12 1.61E-11 2.94E-11
 1.00E-74 1.00E-74 1.00E-74 1.00E-74 1.00E-74 3.92E-44 1.23E-27 3.98E-22
 2.33E-19 1.41E-16 2.51E-14 1.28E-12 9.18E-12 1.74E-11
 1.00E-74 1.00E-74 1.00E-74 1.00E-74 1.00E-74 8.44E-45 2.74E-28 9.16E-23
 5.48E-20 3.43E-17 6.12E-15 2.84E-13 1.77E-12 3.17E-12
  582.867    7  14 /pl=01:ss= 0:pb= 1:sz= 0/type=excit/ispb = t/isel =   11
 1.00E+10 1.00E+11 1.00E+12 1.00E+13 1.00E+14 1.00E+15 1.00E+16
 1.72E-02 2.59E-02 4.31E-02 8.62E-02 1.72E-01 4.31E-01 8.62E-01 1.29E+00
 1.72E+00 2.59E+00 4.31E+00 8.62E+00 1.72E+01 2.59E+01
 1.00E-74 1.00E-74 1.00E-74 1.00E-74 1.00E-74 1.00E-74 2.29E-35 8.17E-30
 5.14E-27 3.44E-24 6.77E-22 3.91E-20 3.10E-19 6.20E-19
 1.00E-74 1.00E-74 1.00E-74 1.00E-74 1.00E-74 1.00E-74 2.29E-34 8.17E-29
 5.14E-26 3.44E-23 6.77E-21 3.90E-19 3.10E-18 6.20E-18
 1.00E-74 1.00E-74 1.00E-74 1.00E-74 1.00E-74 6.84E-50 2.31E-33 8.24E-28
 5.18E-25 3.46E-22 6.80E-20 3.92E-18 3.10E-17 6.21E-17
 1.00E-74 1.00E-74 1.00E-74 1.00E-74 1.00E-74 7.52E-49 2.58E-32 9.17E-27
 5.75E-24 3.82E-21 7.44E-19 4.21E-17 3.28E-16 6.49E-16
 1.00E-74 1.00E-74 1.00E-74 1.00E-74 1.00E-74 1.00E-47 3.47E-31 1.24E-25
 7.77E-23 5.15E-20 9.97E-18 5.55E-16 4.22E-15 8.19E-15
 1.00E-74 1.00E-74 1.00E-74 1.00E-74 1.00E-74 1.13E-46 3.91E-30 1.40E-24
 8.81E-22 5.85E-19 1.13E-16 6.27E-15 4.69E-14 9.02E-14
 1.00E-74 1.00E-74 1.00E-74 1.00E-74 1.00E-74 1.08E-45 3.69E-29 1.31E-23
 8.20E-21 5.37E-18 9.93E-16 4.66E-14 2.83E-13 4.91E-13
  584.594    7  14 /pl=01:ss= 0:pb= 1:sz= 0/type=excit/ispb = t/isel =   12
 1.00E+10 1.00E+11 1.00E+12 1.00E+13 1.00E+14 1.00E+15 1.00E+16
 1.72E-02 2.59E-02 4.31E-02 8.62E-02 1.72E-01 4.31E-01 8.62E-01 1.29E+00
 1.72E+00 2.59E+00 4.31E+00 8.62E+00 1.72E+01 2.59E+01
 1.00E-74 1.00E-74 1.00E-74 1.00E-74 1.00E-74 1.00E-74 1.03E-35 3.69E-30
 2.32E-27 1.55E-24 3.05E-22 1.76E-20 1.40E-19 2.80E-19
 1.00E-74 1.00E-74 1.00E-74 1.00E-74 1.00E-74 1.00E-74 1.03E-34 3.68E-29
 2.32E-26 1.55E-23 3.05E-21 1.76E-19 1.40E-18 2.80E-18
 1.00E-74 1.00E-74 1.00E-74 1.00E-74 1.00E-74 3.08E-50 1.04E-33 3.72E-28
 2.33E-25 1.56E-22 3.07E-20 1.77E-18 1.40E-17 2.80E-17
 1.00E-74 1.00E-74 1.00E-74 1.00E-74 1.00E-74 3.39E-49 1.16E-32 4.14E-27
 2.59E-24 1.72E-21 3.35E-19 1.90E-17 1.48E-16 2.93E-16
 1.00E-74 1.00E-74 1.00E-74 1.00E-74 1.00E-74 4.53E-48 1.56E-31 5.58E-26
 3.50E-23 2.32E-20 4.50E-18 2.50E-16 1.90E-15 3.69E-15
 1.00E-74 1.00E-74 1.00E-74 1.00E-74 1.00E-74 5.11E-47 1.76E-30 6.31E-25
 3.97E-22 2.64E-19 5.12E-17 2.83E-15 2.12E-14 4.07E-14
 1.00E-74 1.00E-74 1.00E-74 1.00E-74 1.00E-74 4.86E-46 1.66E-29 5.91E-24
 3.70E-21 2.42E-18 4.47E-16 2.10E-14 1.28E-13 2.21E-13
  587.200    7  14 /pl=01:ss= 0:pb= 1:sz= 0/type=excit/ispb = t/isel =   13
 1.00E+10 1.00E+11 1.00E+12 1.00E+13 1.00E+14 1.00E+15 1.00E+16
 1.72E-02 2.59E-02 4.31E-02 8.62E-02 1.72E-01 4.31E-01 8.62E-01 1.29E+00
 1.72E+00 2.59E+00 4.31E+00 8.62E+00 1.72E+01 2.59E+01
 1.00E-74 1.00E-74 1.00E-74 1.00E-74 1.00E-74 1.00E-74 4.48E-36 1.60E-30
 1.00E-27 6.72E-25 1.32E-22 7.63E-21 6.06E-20 1.21E-19
 1.00E-74 1.00E-74 1.00E-74 1.00E-74 1.00E-74 1.00E-74 4.48E-35 1.60E-29
 1.00E-26 6.72E-24 1.32E-21 7.63E-20 6.06E-19 1.21E-18
 1.00E-74 1.00E-74 1.00E-74 1.00E-74 1.00E-74 1.34E-50 4.52E-34 1.61E-28
 1.01E-25 6.76E-23 1.33E-20 7.65E-19 6.07E-18 1.21E-17
 1.00E-74 1.00E-74 1.00E-74 1.00E-74 1.00E-74 1.47E-49 5.04E-33 1.79E-27
 1.12E-24 7.47E-22 1.45E-19 8.23E-18 6.41E-17 1.27E-16
 1.00E-74 1.00E-74 1.00E-74 1.00E-74 1.00E-74 1.96E-48 6.78E-32 2.42E-26
 1.52E-23 1.01E-20 1.95E-18 1.09E-16 8.25E-16 1.60E-15
 1.00E-74 1.00E-74 1.00E-74 1.00E-74 1.00E-74 2.22E-47 7.65E-31 2.73E-25
 1.72E-22 1.14E-19 2.22E-17 1.23E-15 9.18E-15 1.76E-14
 1.00E-74 1.00E-74 1.00E-74 1.00E-74 1.00E-74 2.11E-46 7.21E-30 2.56E-24
 1.60E-21 1.05E-18 1.94E-16 9.11E-15 5.53E-14 9.60E-14
  587.287    7  14 /pl=01:ss= 0:pb= 1:sz= 0/type=excit/ispb = t/isel =   14
 1.00E+10 1.00E+11 1.00E+12 1.00E+13 1.00E+14 1.00E+15 1.00E+16
 1.72E-02 2.59E-02 4.31E-02 8.62E-02 1.72E-01 4.31E-01 8.62E-01 1.29E+00
 1.72E+00 2.59E+00 4.31E+00 8.62E+00 1.72E+01 2.59E+01
 1.00E-74 1.00E-74 1.00E-74 1.00E-74 1.00E-74 3.25E-43 9.86E-27 3.09E-21
 1.75E-18 1.01E-15 1.67E-13 7.77E-12 5.10E-11 9.25E-11
 1.00E-74 1.00E-74 1.00E-74 1.00E-74 1.00E-74 3.25E-43 9.86E-27 3.09E-21
 1.75E-18 1.01E-15 1.67E-13 7.77E-12 5.10E-11 9.25E-11
 1.00E-74 1.00E-74 1.00E-74 1.00E-74 1.00E-74 3.24E-43 9.87E-27 3.09E-21
 1.75E-18 1.01E-15 1.68E-13 7.78E-12 5.11E-11 9.26E-11
 1.00E-74 1.00E-74 1.00E-74 1.00E-74 1.00E-74 3.21E-43 9.83E-27 3.09E-21
 1.76E-18 1.02E-15 1.69E-13 7.83E-12 5.14E-11 9.31E-11
 1.00E-74 1.00E-74 1.00E-74 1.00E-74 1.00E-74 2.80E-43 8.68E-27 2.76E-21
 1.58E-18 9.25E-16 1.56E-13 7.41E-12 4.95E-11 9.04E-11
 1.00E-74 1.00E-74 1.00E-74 1.00E-74 1.00E-74 1.20E-43 3.77E-27 1.22E-21
 7.14E-19 4.33E-16 7.70E-14 3.93E-12 2.82E-11 5.35E-11
 1.00E-74 1.00E-74 1.00E-74 1.00E-74 1.00E-74 2.59E-44 8.41E-28 2.81E-22
 1.68E-19 1.05E-16 1.88E-14 8.71E-13 5.43E-12 9.72E-12
  589.398    7  14 /pl=01:ss= 0:pb= 1:sz= 0/type=excit/ispb = t/isel =   15
 1.00E+10 1.00E+11 1.00E+12 1.00E+13 1.00E+14 1.00E+15 1.00E+16
 1.72E-02 2.59E-02 4.31E-02 8.62E-02 1.72E-01 4.31E-01 8.62E-01 1.29E+00
 1.72E+00 2.59E+00 4.31E+00 8.62E+00 1.72E+01 2.59E+01
 1.00E-74 1.00E-74 1.00E-74 1.00E-74 1.00E-74 1.00E-74 3.21E-36 1.15E-30
 7.20E-28 4.82E-25 9.49E-23 5.47E-21 4.34E-20 8.70E-20
 1.00E-74 1.00E-74 1.00E-74 1.00E-74 1.00E-74 1.00E-74 3.21E-35 1.15E-29
 7.20E-27 4.82E-24 9.49E-22 5.47E-20 4.34E-19 8.69E-19
 1.00E-74 1.00E-74 1.00E-74 1.00E-74 1.00E-74 9.58E-51 3.24E-34 1.16E-28
 7.25E-26 4.85E-23 9.53E-21 5.49E-19 4.35E-18 8.70E-18
 1.00E-74 1.00E-74 1.00E-74 1.00E-74 1.00E-74 1.05E-49 3.61E-33 1.29E-27
 8.06E-25 5.35E-22 1.04E-19 5.90E-18 4.60E-17 9.10E-17
 1.00E-74 1.00E-74 1.00E-74 1.00E-74 1.00E-74 1.41E-48 4.86E-32 1.73E-26
 1.09E-23 7.21E-21 1.40E-18 7.78E-17 5.92E-16 1.15E-15
 1.00E-74 1.00E-74 1.00E-74 1.00E-74 1.00E-74 1.59E-47 5.48E-31 1.96E-25
 1.23E-22 8.19E-20 1.59E-17 8.79E-16 6.58E-15 1.26E-14
 1.00E-74 1.00E-74 1.00E-74 1.00E-74 1.00E-74 1.51E-46 5.17E-30 1.84E-24
 1.15E-21 7.52E-19 1.39E-16 6.53E-15 3.97E-14 6.88E-14
  654.600    7  14 /pl=01:ss= 0:pb= 1:sz= 0/type=excit/ispb = t/isel =   16
 1.00E+10 1.00E+11 1.00E+12 1.00E+13 1.00E+14 1.00E+15 1.00E+16
 1.72E-02 2.59E-02 4.31E-02 8.62E-02 1.72E-01 4.31E-01 8.62E-01 1.29E+00
 1.72E+00 2.59E+00 4.31E+00 8.62E+00 1.72E+01 2.59E+01
 1.00E-74 1.00E-74 1.00E-74 1.00E-74 1.00E-74 1.02E-40 2.03E-25 2.58E-20
 9.27E-18 3.40E-15 3.93E-13 1.38E-11 7.91E-11 1.36E-10
 1.00E-74 1.00E-74 1.00E-74 1.00E-74 1.00E-74 1.02E-40 2.03E-25 2.58E-20
 9.27E-18 3.41E-15 3.93E-13 1.38E-11 7.91E-11 1.36E-10
 1.00E-74 1.00E-74 1.00E-74 1.00E-74 1.00E-74 1.02E-40 2.03E-25 2.58E-20
 9.28E-18 3.41E-15 3.93E-13 1.38E-11 7.91E-11 1.36E-10
 1.00E-74 1.00E-74 1.00E-74 1.00E-74 1.00E-74 1.02E-40 2.04E-25 2.58E-20
 9.30E-18 3.42E-15 3.94E-13 1.39E-11 7.95E-11 1.37E-10
 1.00E-74 1.00E-74 1.00E-74 1.00E-74 1.00E-74 1.03E-40 2.06E-25 2.63E-20
 9.53E-18 3.53E-15 4.10E-13 1.45E-11 8.31E-11 1.43E-10
 1.00E-74 1.00E-74 1.00E-74 1.00E-74 1.00E-74 1.11E-40 2.30E-25 3.02E-20
 1.12E-17 4.30E-15 5.21E-13 1.90E-11 1.09E-10 1.88E-10
 1.00E-74 1.00E-74 1.00E-74 1.00E-74 1.00E-74 1.93E-40 4.34E-25 6.06E-20
 2.36E-17 9.57E-15 1.20E-12 4.11E-11 2.10E-10 3.41E-10
  660.629    7  14 /pl=01:ss= 0:pb= 1:sz= 0/type=excit/ispb = t/isel =   17
 1.00E+10 1.00E+11 1.00E+12 1.00E+13 1.00E+14 1.00E+15 1.00E+16
 1.72E-02 2.59E-02 4.31E-02 8.62E-02 1.72E-01 4.31E-01 8.62E-01 1.29E+00
 1.72E+00 2.59E+00 4.31E+00 8.62E+00 1.72E+01 2.59E+01
 1.00E-74 1.00E-74 1.00E-74 1.00E-74 1.00E-74 3.09E-40 6.18E-25 7.84E-20
 2.82E-17 1.04E-14 1.19E-12 4.21E-11 2.41E-10 4.14E-10
 1.00E-74 1.00E-74 1.00E-74 1.00E-74 1.00E-74 3.09E-40 6.18E-25 7.84E-20
 2.82E-17 1.04E-14 1.19E-12 4.21E-11 2.41E-10 4.14E-10
 1.00E-74 1.00E-74 1.00E-74 1.00E-74 1.00E-74 3.09E-40 6.18E-25 7.84E-20
 2.82E-17 1.04E-14 1.19E-12 4.21E-11 2.41E-10 4.14E-10
 1.00E-74 1.00E-74 1.00E-74 1.00E-74 1.00E-74 3.09E-40 6.19E-25 7.85E-20
 2.83E-17 1.04E-14 1.20E-12 4.23E-11 2.42E-10 4.16E-10
 1.00E-74 1.00E-74 1.00E-74 1.00E-74 1.00E-74 3.12E-40 6.27E-25 8.00E-20
 2.90E-17 1.07E-14 1.25E-12 4.42E-11 2.53E-10 4.34E-10
 1.00E-74 1.00E-74 1.00E-74 1.00E-74 1.00E-74 3.38E-40 6.99E-25 9.18E-20
 3.41E-17 1.31E-14 1.58E-12 5.79E-11 3.33E-10 5.71E-10
 1.00E-74 1.00E-74 1.00E-74 1.00E-74 1.00E-74 5.86E-40 1.32E-24 1.84E-19
 7.17E-17 2.91E-14 3.64E-12 1.25E-10 6.38E-10 1.04E-09
  662.925    7  14 /pl=01:ss= 0:pb= 1:sz= 0/type=excit/ispb = t/isel =   18
 1.00E+10 1.00E+11 1.00E+12 1.00E+13 1.00E+14 1.00E+15 1.00E+16
 1.72E-02 2.59E-02 4.31E-02 8.62E-02 1.72E-01 4.31E-01 8.62E-01 1.29E+00
 1.72E+00 2.59E+00 4.31E+00 8.62E+00 1.72E+01 2.59E+01
 1.00E-74 1.00E-74 1.00E-74 1.00E-74 1.00E-74 1.11E-45 2.59E-30 3.43E-25
 1.31E-22 5.32E-20 7.00E-18 2.95E-16 1.99E-15 3.73E-15
 1.00E-74 1.00E-74 1.00E-74 1.00E-74 1.00E-74 1.47E-44 2.58E-29 3.43E-24
 1.31E-21 5.32E-19 7.00E-17 2.95E-15 1.98E-14 3.73E-14
 1.00E-74 1.00E-74 1.00E-74 1.00E-74 1.00E-74 1.48E-43 2.58E-28 3.43E-23
 1.31E-20 5.32E-18 7.00E-16 2.95E-14 1.98E-13 3.73E-13
 1.00E-74 1.00E-74 1.00E-74 1.00E-74 1.00E-74 1.48E-42 2.58E-27 3.42E-22
 1.31E-19 5.32E-17 7.00E-15 2.95E-13 1.98E-12 3.72E-12
 1.00E-74 1.00E-74 1.00E-74 1.00E-74 1.00E-74 1.47E-41 2.58E-26 3.42E-21
 1.31E-18 5.31E-16 6.98E-14 2.93E-12 1.97E-11 3.69E-11
 1.00E-74 1.00E-74 1.00E-74 1.00E-74 1.00E-74 1.46E-40 2.56E-25 3.39E-20
 1.30E-17 5.26E-15 6.87E-13 2.83E-11 1.83E-10 3.37E-10
 1.00E-74 1.00E-74 1.00E-74 1.00E-74 1.00E-74 1.37E-39 2.37E-24 3.12E-19
 1.19E-16 4.74E-14 5.88E-12 2.05E-10 1.07E-09 1.77E-09
  665.160    7  14 /pl=01:ss= 0:pb= 1:sz= 0/type=excit/ispb = t/isel =   19
 1.00E+10 1.00E+11 1.00E+12 1.00E+13 1.00E+14 1.00E+15 1.00E+16
 1.72E-02 2.59E-02 4.31E-02 8.62E-02 1.72E-01 4.31E-01 8.62E-01 1.29E+00
 1.72E+00 2.59E+00 4.31E+00 8.62E+00 1.72E+01 2.59E+01
 1.00E-74 1.00E-74 1.00E-74 1.00E-74 1.00E-74 5.02E-46 1.16E-30 1.54E-25
 5.92E-23 2.40E-20 3.15E-18 1.33E-16 8.94E-16 1.68E-15
 1.00E-74 1.00E-74 1.00E-74 1.00E-74 1.00E-74 6.62E-45 1.16E-29 1.54E-24
 5.92E-22 2.40E-19 3.15E-17 1.33E-15 8.94E-15 1.68E-14
 1.00E-74 1.00E-74 1.00E-74 1.00E-74 1.00E-74 6.65E-44 1.16E-28 1.54E-23
 5.92E-21 2.40E-18 3.15E-16 1.33E-14 8.94E-14 1.68E-13
 1.00E-74 1.00E-74 1.00E-74 1.00E-74 1.00E-74 6.65E-43 1.16E-27 1.54E-22
 5.92E-20 2.40E-17 3.15E-15 1.33E-13 8.93E-13 1.68E-12
 1.00E-74 1.00E-74 1.00E-74 1.00E-74 1.00E-74 6.64E-42 1.16E-26 1.54E-21
 5.91E-19 2.39E-16 3.14E-14 1.32E-12 8.86E-12 1.66E-11
 1.00E-74 1.00E-74 1.00E-74 1.00E-74 1.00E-74 6.59E-41 1.15E-25 1.53E-20
 5.85E-18 2.37E-15 3.09E-13 1.27E-11 8.25E-11 1.52E-10
 1.00E-74 1.00E-74 1.00E-74 1.00E-74 1.00E-74 6.15E-40 1.07E-24 1.41E-19
 5.35E-17 2.13E-14 2.65E-12 9.23E-11 4.83E-10 7.99E-10
  668.536    7  14 /pl=01:ss= 0:pb= 1:sz= 0/type=excit/ispb = t/isel =   20
 1.00E+10 1.00E+11 1.00E+12 1.00E+13 1.00E+14 1.00E+15 1.00E+16
 1.72E-02 2.59E-02 4.31E-02 8.62E-02 1.72E-01 4.31E-01 8.62E-01 1.29E+00
 1.72E+00 2.59E+00 4.31E+00 8.62E+00 1.72E+01 2.59E+01
 1.00E-74 1.00E-74 1.00E-74 1.00E-74 1.00E-74 2.17E-46 5.04E-31 6.68E-26
 2.56E-23 1.04E-20 1.36E-18 5.75E-17 3.87E-16 7.27E-16
 1.00E-74 1.00E-74 1.00E-74 1.00E-74 1.00E-74 2.87E-45 5.04E-30 6.68E-25
 2.56E-22 1.04E-19 1.36E-17 5.75E-16 3.87E-15 7.27E-15
 1.00E-74 1.00E-74 1.00E-74 1.00E-74 1.00E-74 2.88E-44 5.04E-29 6.68E-24
 2.56E-21 1.04E-18 1.36E-16 5.75E-15 3.87E-14 7.27E-14
 1.00E-74 1.00E-74 1.00E-74 1.00E-74 1.00E-74 2.88E-43 5.04E-28 6.68E-23
 2.56E-20 1.04E-17 1.36E-15 5.74E-14 3.87E-13 7.26E-13
 1.00E-74 1.00E-74 1.00E-74 1.00E-74 1.00E-74 2.88E-42 5.03E-27 6.67E-22
 2.56E-19 1.04E-16 1.36E-14 5.72E-13 3.84E-12 7.19E-12
 1.00E-74 1.00E-74 1.00E-74 1.00E-74 1.00E-74 2.85E-41 4.99E-26 6.61E-21
 2.53E-18 1.02E-15 1.34E-13 5.51E-12 3.57E-11 6.56E-11
 1.00E-74 1.00E-74 1.00E-74 1.00E-74 1.00E-74 2.66E-40 4.62E-25 6.09E-20
 2.32E-17 9.23E-15 1.15E-12 4.00E-11 2.09E-10 3.46E-10
  671.386    7  14 /pl=01:ss= 0:pb= 1:sz= 0/type=excit/ispb = t/isel =   21
 1.00E+10 1.00E+11 1.00E+12 1.00E+13 1.00E+14 1.00E+15 1.00E+16
 1.72E-02 2.59E-02 4.31E-02 8.62E-02 1.72E-01 4.31E-01 8.62E-01 1.29E+00
 1.72E+00 2.59E+00 4.31E+00 8.62E+00 1.72E+01 2.59E+01
 1.00E-74 1.00E-74 1.00E-74 1.00E-74 1.00E-74 1.56E-46 3.61E-31 4.78E-26
 1.84E-23 7.43E-21 9.77E-19 4.12E-17 2.77E-16 5.20E-16
 1.00E-74 1.00E-74 1.00E-74 1.00E-74 1.00E-74 2.05E-45 3.61E-30 4.78E-25
 1.83E-22 7.43E-20 9.77E-18 4.12E-16 2.77E-15 5.20E-15
 1.00E-74 1.00E-74 1.00E-74 1.00E-74 1.00E-74 2.06E-44 3.61E-29 4.78E-24
 1.83E-21 7.43E-19 9.77E-17 4.11E-15 2.77E-14 5.20E-14
 1.00E-74 1.00E-74 1.00E-74 1.00E-74 1.00E-74 2.06E-43 3.61E-28 4.78E-23
 1.83E-20 7.43E-18 9.77E-16 4.11E-14 2.77E-13 5.20E-13
 1.00E-74 1.00E-74 1.00E-74 1.00E-74 1.00E-74 2.06E-42 3.60E-27 4.78E-22
 1.83E-19 7.42E-17 9.75E-15 4.10E-13 2.75E-12 5.15E-12
 1.00E-74 1.00E-74 1.00E-74 1.00E-74 1.00E-74 2.04E-41 3.58E-26 4.74E-21
 1.82E-18 7.34E-16 9.59E-14 3.95E-12 2.56E-11 4.70E-11
 1.00E-74 1.00E-74 1.00E-74 1.00E-74 1.00E-74 1.91E-40 3.31E-25 4.36E-20
 1.66E-17 6.61E-15 8.22E-13 2.86E-11 1.50E-10 2.48E-10
  1068.84    7  14 /pl=01:ss= 0:pb= 1:sz= 0/type=excit/ispb = t/isel =   22
 1.00E+10 1.00E+11 1.00E+12 1.00E+13 1.00E+14 1.00E+15 1.00E+16
 1.72E-02 2.59E-02 4.31E-02 8.62E-02 1.72E-01 4.31E-01 8.62E-01 1.29E+00
 1.72E+00 2.59E+00 4.31E+00 8.62E+00 1.72E+01 2.59E+01
 1.00E-74 1.00E-74 1.00E-74 1.00E-74 1.84E-38 7.88E-21 6.87E-15 7.07E-13
 7.43E-12 8.19E-11 6.00E-10 2.93E-09 6.95E-09 9.40E-09
 1.00E-74 1.00E-74 1.00E-74 1.00E-74 1.84E-38 7.88E-21 6.87E-15 7.07E-13
 7.43E-12 8.19E-11 6.00E-10 2.93E-09 6.95E-09 9.40E-09
 1.00E-74 1.00E-74 1.00E-74 1.00E-74 1.84E-38 7.88E-21 6.87E-15 7.07E-13
 7.43E-12 8.19E-11 6.00E-10 2.93E-09 6.95E-09 9.40E-09
 1.00E-74 1.00E-74 1.00E-74 1.00E-74 1.84E-38 7.88E-21 6.87E-15 7.07E-13
 7.43E-12 8.19E-11 6.00E-10 2.93E-09 6.94E-09 9.39E-09
 1.00E-74 1.00E-74 1.00E-74 1.00E-74 1.84E-38 7.88E-21 6.87E-15 7.07E-13
 7.43E-12 8.18E-11 5.99E-10 2.92E-09 6.90E-09 9.30E-09
 1.00E-74 1.00E-74 1.00E-74 1.00E-74 1.84E-38 7.86E-21 6.85E-15 7.05E-13
 7.40E-12 8.14E-11 5.93E-10 2.83E-09 6.47E-09 8.55E-09
 1.00E-74 1.00E-74 1.00E-74 1.00E-74 1.81E-38 7.70E-21 6.67E-15 6.83E-13
 7.14E-12 7.76E-11 5.38E-10 2.17E-09 4.00E-09 4.75E-09
  1085.00    7  14 /pl=01:ss= 0:pb= 1:sz= 0/type=excit/ispb = t/isel =   23
 1.00E+10 1.00E+11 1.00E+12 1.00E+13 1.00E+14 1.00E+15 1.00E+16
 1.72E-02 2.59E-02 4.31E-02 8.62E-02 1.72E-01 4.31E-01 8.62E-01 1.29E+00
 1.72E+00 2.59E+00 4.31E+00 8.62E+00 1.72E+01 2.59E+01
 1.00E-74 1.00E-74 1.00E-74 1.00E-74 1.70E-38 3.96E-21 2.81E-15 2.69E-13
 2.74E-12 2.91E-11 2.06E-10 9.81E-10 2.29E-09 3.09E-09
 1.00E-74 1.00E-74 1.00E-74 1.00E-74 1.70E-38 3.96E-21 2.81E-15 2.69E-13
 2.74E-12 2.91E-11 2.06E-10 9.81E-10 2.29E-09 3.09E-09
 1.00E-74 1.00E-74 1.00E-74 1.00E-74 1.70E-38 3.96E-21 2.81E-15 2.69E-13
 2.74E-12 2.91E-11 2.06E-10 9.81E-10 2.29E-09 3.09E-09
 1.00E-74 1.00E-74 1.00E-74 1.00E-74 1.70E-38 3.96E-21 2.81E-15 2.69E-13
 2.74E-12 2.91E-11 2.06E-10 9.81E-10 2.29E-09 3.08E-09
 1.00E-74 1.00E-74 1.00E-74 1.00E-74 1.70E-38 3.96E-21 2.81E-15 2.69E-13
 2.74E-12 2.90E-11 2.05E-10 9.77E-10 2.27E-09 3.05E-09
 1.00E-74 1.00E-74 1.00E-74 1.00E-74 1.69E-38 3.94E-21 2.79E-15 2.68E-13
 2.72E-12 2.88E-11 2.03E-10 9.45E-10 2.12E-09 2.80E-09
 1.00E-74 1.00E-74 1.00E-74 1.00E-74 1.65E-38 3.80E-21 2.67E-15 2.54E-13
 2.57E-12 2.69E-11 1.80E-10 7.10E-10 1.29E-09 1.53E-09
  3713.25    7  14 /pl=01:ss= 0:pb= 1:sz= 0/type=excit/ispb = t/isel =   24
 1.00E+10 1.00E+11 1.00E+12 1.00E+13 1.00E+14 1.00E+15 1.00E+16
 1.72E-02 2.59E-02 4.31E-02 8.62E-02 1.72E-01 4.31E-01 8.62E-01 1.29E+00
 1.72E+00 2.59E+00 4.31E+00 8.62E+00 1.72E+01 2.59E+01
 1.00E-74 1.00E-74 1.00E-74 1.00E-74 1.00E-74 1.00E-74 9.05E-72 4.34E-66
 3.16E-63 2.46E-60 5.45E-58 3.46E-56 2.89E-55 5.88E-55
 1.00E-74 1.00E-74 1.00E-74 1.00E-74 1.00E-74 1.00E-74 9.15E-71 4.39E-65
 3.20E-62 2.48E-59 5.50E-57 3.48E-55 2.91E-54 5.90E-54
 1.00E-74 1.00E-74 1.00E-74 1.00E-74 1.00E-74 1.00E-74 9.79E-70 4.69E-64
 3.41E-61 2.64E-58 5.82E-56 3.65E-54 3.02E-53 6.10E-53
 1.00E-74 1.00E-74 1.00E-74 1.00E-74 1.00E-74 1.00E-74 1.17E-68 5.59E-63
 4.07E-60 3.13E-57 6.85E-55 4.23E-53 3.43E-52 6.87E-52
 1.00E-74 1.00E-74 1.00E-74 1.00E-74 1.00E-74 1.00E-74 1.59E-67 7.67E-62
 5.59E-59 4.30E-56 9.37E-54 5.70E-52 4.53E-51 8.92E-51
 1.00E-74 1.00E-74 1.00E-74 1.00E-74 1.00E-74 1.00E-74 1.80E-66 8.69E-61
 6.35E-58 4.89E-55 1.07E-52 6.46E-51 5.06E-50 9.86E-50
 1.00E-74 1.00E-74 1.00E-74 1.00E-74 1.00E-74 1.00E-74 1.70E-65 8.14E-60
 5.91E-57 4.49E-54 9.36E-52 4.80E-50 3.05E-49 5.37E-49
  4038.17    7  14 /pl=01:ss= 0:pb= 1:sz= 0/type=excit/ispb = t/isel =   25
 1.00E+10 1.00E+11 1.00E+12 1.00E+13 1.00E+14 1.00E+15 1.00E+16
 1.72E-02 2.59E-02 4.31E-02 8.62E-02 1.72E-01 4.31E-01 8.62E-01 1.29E+00
 1.72E+00 2.59E+00 4.31E+00 8.62E+00 1.72E+01 2.59E+01
 1.00E-74 1.00E-74 1.00E-74 1.00E-74 1.00E-74 1.00E-74 1.44E-64 5.95E-59
 3.88E-56 2.58E-53 4.78E-51 2.42E-49 1.67E-48 3.06E-48
 1.00E-74 1.00E-74 1.00E-74 1.00E-74 1.00E-74 1.00E-74 1.44E-64 5.95E-59
 3.88E-56 2.57E-53 4.78E-51 2.42E-49 1.67E-48 3.06E-48
 1.00E-74 1.00E-74 1.00E-74 1.00E-74 1.00E-74 1.00E-74 1.42E-64 5.88E-59
 3.84E-56 2.55E-53 4.74E-51 2.40E-49 1.66E-48 3.05E-48
 1.00E-74 1.00E-74 1.00E-74 1.00E-74 1.00E-74 1.00E-74 1.31E-64 5.43E-59
 3.56E-56 2.38E-53 4.45E-51 2.28E-49 1.59E-48 2.94E-48
 1.00E-74 1.00E-74 1.00E-74 1.00E-74 1.00E-74 1.00E-74 9.97E-65 4.19E-59
 2.77E-56 1.87E-53 3.55E-51 1.86E-49 1.32E-48 2.46E-48
 1.00E-74 1.00E-74 1.00E-74 1.00E-74 1.00E-74 1.00E-74 4.15E-65 1.78E-59
 1.19E-56 8.35E-54 1.66E-51 9.25E-50 6.95E-49 1.34E-48
 1.00E-74 1.00E-74 1.00E-74 1.00E-74 1.00E-74 1.00E-74 9.13E-66 4.04E-60
 2.78E-57 2.00E-54 4.00E-52 2.02E-50 1.32E-49 2.39E-49
  4826.49    7  14 /pl=01:ss= 0:pb= 1:sz= 0/type=excit/ispb = t/isel =   26
 1.00E+10 1.00E+11 1.00E+12 1.00E+13 1.00E+14 1.00E+15 1.00E+16
 1.72E-02 2.59E-02 4.31E-02 8.62E-02 1.72E-01 4.31E-01 8.62E-01 1.29E+00
 1.72E+00 2.59E+00 4.31E+00 8.62E+00 1.72E+01 2.59E+01
 1.00E-74 1.00E-74 1.00E-74 1.00E-74 1.00E-74 1.00E-74 1.90E-69 6.77E-64
 4.25E-61 2.85E-58 5.61E-56 3.23E-54 2.56E-53 5.14E-53
 1.00E-74 1.00E-74 1.00E-74 1.00E-74 1.00E-74 1.00E-74 1.90E-68 6.77E-63
 4.25E-60 2.85E-57 5.60E-55 3.23E-53 2.56E-52 5.14E-52
 1.00E-74 1.00E-74 1.00E-74 1.00E-74 1.00E-74 1.00E-74 1.92E-67 6.83E-62
 4.29E-59 2.86E-56 5.63E-54 3.24E-52 2.57E-51 5.14E-51
 1.00E-74 1.00E-74 1.00E-74 1.00E-74 1.00E-74 1.00E-74 2.13E-66 7.60E-61
 4.76E-58 3.16E-55 6.16E-53 3.49E-51 2.72E-50 5.38E-50
 1.00E-74 1.00E-74 1.00E-74 1.00E-74 1.00E-74 1.00E-74 2.87E-65 1.02E-59
 6.43E-57 4.26E-54 8.25E-52 4.60E-50 3.49E-49 6.78E-49
 1.00E-74 1.00E-74 1.00E-74 1.00E-74 1.00E-74 1.00E-74 3.24E-64 1.16E-58
 7.29E-56 4.84E-53 9.39E-51 5.19E-49 3.89E-48 7.47E-48
 1.00E-74 1.00E-74 1.00E-74 1.00E-74 1.00E-74 1.00E-74 3.05E-63 1.08E-57
 6.79E-55 4.44E-52 8.22E-50 3.86E-48 2.34E-47 4.06E-47
  5290.03    7  14 /pl=01:ss= 0:pb= 1:sz= 0/type=excit/ispb = t/isel =   27
 1.00E+10 1.00E+11 1.00E+12 1.00E+13 1.00E+14 1.00E+15 1.00E+16
 1.72E-02 2.59E-02 4.31E-02 8.62E-02 1.72E-01 4.31E-01 8.62E-01 1.29E+00
 1.72E+00 2.59E+00 4.31E+00 8.62E+00 1.72E+01 2.59E+01
 1.00E-74 1.00E-74 1.00E-74 1.00E-74 1.00E-74 1.00E-74 2.45E-64 7.68E-59
 4.35E-56 2.51E-53 4.16E-51 1.93E-49 1.27E-48 2.30E-48
 1.00E-74 1.00E-74 1.00E-74 1.00E-74 1.00E-74 1.00E-74 2.45E-64 7.68E-59
 4.35E-56 2.51E-53 4.16E-51 1.93E-49 1.27E-48 2.30E-48
 1.00E-74 1.00E-74 1.00E-74 1.00E-74 1.00E-74 1.00E-74 2.45E-64 7.69E-59
 4.35E-56 2.51E-53 4.17E-51 1.93E-49 1.27E-48 2.30E-48
 1.00E-74 1.00E-74 1.00E-74 1.00E-74 1.00E-74 1.00E-74 2.45E-64 7.70E-59
 4.37E-56 2.53E-53 4.20E-51 1.95E-49 1.28E-48 2.32E-48
 1.00E-74 1.00E-74 1.00E-74 1.00E-74 1.00E-74 1.00E-74 2.16E-64 6.86E-59
 3.93E-56 2.30E-53 3.88E-51 1.84E-49 1.23E-48 2.25E-48
 1.00E-74 1.00E-74 1.00E-74 1.00E-74 1.00E-74 1.00E-74 9.38E-65 3.04E-59
 1.78E-56 1.08E-53 1.92E-51 9.77E-50 7.01E-49 1.33E-48
 1.00E-74 1.00E-74 1.00E-74 1.00E-74 1.00E-74 1.00E-74 2.09E-65 6.99E-60
 4.18E-57 2.62E-54 4.67E-52 2.17E-50 1.35E-49 2.42E-49
c-------------------------------------------------------------------------------
 
C  root partition information
C  ==========================
C
C  nuclear charge : 18
C  ion charge+1   :  1
C
C  population calculation information
C  ----------------------------------
C
C  population processing code: adas810
C
C  adf04 source file    : adf04_copmm#18_ic_40#ar0.dat
C  adf18/a17_p208 file  : NULL
C
C  meta. ion. coeff. selector  : 
 
C  options  : lnorm =T  lpsel =F  lzsel =T  liosel=F
C           : lhsel =F  lrsel =F  lisel =F  lnsel =F
 
C  energy levels
C  -------------
C
C   lv      configuration    (2S+1)L(w-1/2)      energy (cm^-1)
C  ---   ------------------- --------------      --------------
c    1   24565                  (1)0(  0.0)             0.0
c    2   24555517               (3)1(  2.0)         91658.9
c    3   24555517               (3)1(  1.0)         92165.7
c    4   24555517               (3)1(  0.0)         92924.9
c    5   24555517               (1)1(  1.0)         93559.8
c    6   14565517               (3)0(  1.0)        242505.5
c    7   14565517               (1)0(  0.0)        244930.8
c    8   1456551B               (3)0(  1.0)        263224.5
c    9   1456551B               (1)0(  0.0)        263834.3
c   10   1456551G               (3)0(  1.0)        269436.1
c   11   1456551G               (1)0(  0.0)        269694.5
 
 
 
c-------------------------------------------------------------------------------
 
C  superstage partition information
C  ================================
C
C  element symbol   : AR
C  parent template  : 
C  partition level  :  1
C  superstage label :  0
C
C  tabulation       : photon emissivity coefft (te,ne)
C  units            : ph. emis coef(cm^3 s^-1); te (ev); ne (cm^-3)
C
C  photon emissivity atomic transitions
C  ------------------------------------
C  
C   isel  wvlen(A)            transition                type  ispb nspb
C                                                             ispp nspp sz    tg pr wr
C  ----- ---------- ----------------------------------- ----- ---- ---- --    -- -- --
C      1   370.790   11(1)0(  0.0)-  1(1)0(  0.0)       excit   1    1   0     5 22  1
C      2   379.026    9(1)0(  0.0)-  1(1)0(  0.0)       excit   1    1   0     4 24  2
C      3   408.279    7(1)0(  0.0)-  1(1)0(  0.0)       excit   1    1   0     3 25  3
C      4   562.502   10(3)0(  1.0)-  2(3)1(  2.0)       excit   1    1   0    11 15  4
C      5   563.289   11(1)0(  0.0)-  3(3)1(  1.0)       excit   1    1   0    18  8  5
C      6   564.110   10(3)0(  1.0)-  3(3)1(  1.0)       excit   1    1   0    17 18  6
C      7   566.536   10(3)0(  1.0)-  4(3)1(  0.0)       excit   1    1   0    21 19  7
C      8   567.747   11(1)0(  0.0)-  5(1)1(  1.0)       excit   1    1   0    27  6  8
C      9   568.581   10(3)0(  1.0)-  5(1)1(  1.0)       excit   1    1   0    26 20  9
C     10   582.518    9(1)0(  0.0)-  3(3)1(  1.0)       excit   1    1   0    16  7 10
C     11   582.867    8(3)0(  1.0)-  2(3)1(  2.0)       excit   1    1   0    10 13 11
C     12   584.594    8(3)0(  1.0)-  3(3)1(  1.0)       excit   1    1   0    15 14 12
C     13   587.200    8(3)0(  1.0)-  4(3)1(  0.0)       excit   1    1   0    20 16 13
C     14   587.287    9(1)0(  0.0)-  5(1)1(  1.0)       excit   1    1   0    25  5 14
C     15   589.398    8(3)0(  1.0)-  5(1)1(  1.0)       excit   1    1   0    24 17 15
C     16   654.600    7(1)0(  0.0)-  3(3)1(  1.0)       excit   1    1   0    14  4 16
C     17   660.629    7(1)0(  0.0)-  5(1)1(  1.0)       excit   1    1   0    23  3 17
C     18   662.925    6(3)0(  1.0)-  2(3)1(  2.0)       excit   1    1   0     9  9 18
C     19   665.160    6(3)0(  1.0)-  3(3)1(  1.0)       excit   1    1   0    13 10 19
C     20   668.536    6(3)0(  1.0)-  4(3)1(  0.0)       excit   1    1   0    19 11 20
C     21   671.386    6(3)0(  1.0)-  5(1)1(  1.0)       excit   1    1   0    22 12 21
C     22   1068.84    5(1)1(  1.0)-  1(1)0(  0.0)       excit   1    1   0     2  1 22
C     23   1085.00    3(3)1(  1.0)-  1(1)0(  0.0)       excit   1    1   0     1  2 23
C     24   3713.25   10(3)0(  1.0)-  6(3)0(  1.0)       excit   1    1   0    29 27 24
C     25   4038.17   11(1)0(  0.0)-  7(1)0(  0.0)       excit   1    1   0    31 21 25
C     26   4826.49    8(3)0(  1.0)-  6(3)0(  1.0)       excit   1    1   0    28 26 26
C     27   5290.03    9(1)0(  0.0)-  7(1)0(  0.0)       excit   1    1   0    30 23 27
c-------------------------------------------------------------------------------
                                                                                
C  code     : adas810
C  producer : Adam Foster
C  date     : 13/05/09
                                                                                
c-------------------------------------------------------------------------------
