   50    /AR:13 photon emissivity coefficients/
--------------------------------------------------------------------------------
    1    1    1    1    1    1    1    1    1    1    1    1    1    1
    1    1    1    1    1
--------------------------------------------------------------------------------
//#01/p00/ 00/p01/ 01/p02/ 02/p03/ 03/p04/ 04/p05/ 05/p06/ 06/p07/ 07/p08/ 08/  
      p09/ 09/p10/ 10/p11/ 11/p12/ 12/p13/ 13/p14/ 14/p15/ 15/p16/ 16/p17/ 17/  
      p18/ 18/                                                                  
--------------------------------------------------------------------------------
  4.04386    7  14 /pl=01:ss=13:pb= 1:sz=13/type=excit/ispb = t/isel =    1
 1.00E+10 1.00E+11 1.00E+12 1.00E+13 1.00E+14 1.00E+15 1.00E+16
 3.38E+00 5.07E+00 8.44E+00 1.69E+01 3.38E+01 8.44E+01 1.69E+02 2.53E+02
 3.38E+02 5.07E+02 8.44E+02 1.69E+03 3.38E+03 5.07E+03
 1.00E-74 1.00E-74 1.00E-74 1.00E-74 1.00E-74 1.00E-26 5.44E-19 1.89E-16
 3.39E-15 5.75E-14 5.10E-13 2.33E-12 4.46E-12 5.33E-12
 1.00E-74 1.00E-74 1.00E-74 1.00E-74 1.00E-74 1.00E-26 5.44E-19 1.89E-16
 3.39E-15 5.75E-14 5.10E-13 2.33E-12 4.46E-12 5.33E-12
 1.00E-74 1.00E-74 1.00E-74 1.00E-74 1.00E-74 1.00E-26 5.44E-19 1.89E-16
 3.39E-15 5.75E-14 5.10E-13 2.33E-12 4.46E-12 5.33E-12
 1.00E-74 1.00E-74 1.00E-74 1.00E-74 1.00E-74 1.00E-26 5.44E-19 1.89E-16
 3.39E-15 5.75E-14 5.10E-13 2.33E-12 4.46E-12 5.33E-12
 1.00E-74 1.00E-74 1.00E-74 1.00E-74 1.00E-74 9.99E-27 5.44E-19 1.89E-16
 3.39E-15 5.75E-14 5.10E-13 2.32E-12 4.45E-12 5.32E-12
 1.00E-74 1.00E-74 1.00E-74 1.00E-74 1.00E-74 9.95E-27 5.41E-19 1.88E-16
 3.36E-15 5.70E-14 5.05E-13 2.30E-12 4.42E-12 5.29E-12
 1.00E-74 1.00E-74 1.00E-74 1.00E-74 1.00E-74 9.59E-27 5.18E-19 1.78E-16
 3.18E-15 5.37E-14 4.76E-13 2.18E-12 4.21E-12 5.06E-12
  4.04861    7  14 /pl=01:ss=13:pb= 1:sz=13/type=excit/ispb = t/isel =    2
 1.00E+10 1.00E+11 1.00E+12 1.00E+13 1.00E+14 1.00E+15 1.00E+16
 3.38E+00 5.07E+00 8.44E+00 1.69E+01 3.38E+01 8.44E+01 1.69E+02 2.53E+02
 3.38E+02 5.07E+02 8.44E+02 1.69E+03 3.38E+03 5.07E+03
 1.00E-74 1.00E-74 1.00E-74 1.00E-74 1.00E-74 6.44E-27 3.43E-19 1.19E-16
 2.12E-15 3.60E-14 3.18E-13 1.45E-12 2.78E-12 3.32E-12
 1.00E-74 1.00E-74 1.00E-74 1.00E-74 1.00E-74 6.44E-27 3.43E-19 1.19E-16
 2.12E-15 3.60E-14 3.18E-13 1.45E-12 2.78E-12 3.32E-12
 1.00E-74 1.00E-74 1.00E-74 1.00E-74 1.00E-74 6.44E-27 3.43E-19 1.19E-16
 2.12E-15 3.60E-14 3.18E-13 1.45E-12 2.78E-12 3.32E-12
 1.00E-74 1.00E-74 1.00E-74 1.00E-74 1.00E-74 6.44E-27 3.43E-19 1.19E-16
 2.12E-15 3.60E-14 3.18E-13 1.45E-12 2.78E-12 3.32E-12
 1.00E-74 1.00E-74 1.00E-74 1.00E-74 1.00E-74 6.44E-27 3.43E-19 1.19E-16
 2.12E-15 3.59E-14 3.18E-13 1.45E-12 2.78E-12 3.32E-12
 1.00E-74 1.00E-74 1.00E-74 1.00E-74 1.00E-74 6.42E-27 3.41E-19 1.18E-16
 2.11E-15 3.56E-14 3.15E-13 1.44E-12 2.76E-12 3.30E-12
 1.00E-74 1.00E-74 1.00E-74 1.00E-74 1.00E-74 6.19E-27 3.27E-19 1.12E-16
 1.99E-15 3.36E-14 2.97E-13 1.36E-12 2.63E-12 3.16E-12
  17.6990    7  14 /pl=01:ss=13:pb= 1:sz=13/type=excit/ispb = t/isel =    3
 1.00E+10 1.00E+11 1.00E+12 1.00E+13 1.00E+14 1.00E+15 1.00E+16
 3.38E+00 5.07E+00 8.44E+00 1.69E+01 3.38E+01 8.44E+01 1.69E+02 2.53E+02
 3.38E+02 5.07E+02 8.44E+02 1.69E+03 3.38E+03 5.07E+03
 1.00E-74 1.00E-74 1.00E-74 2.31E-29 1.66E-20 2.68E-15 1.21E-13 4.01E-13
 7.06E-13 1.19E-12 1.71E-12 2.07E-12 2.10E-12 2.04E-12
 1.00E-74 1.00E-74 1.00E-74 2.31E-29 1.66E-20 2.68E-15 1.21E-13 4.01E-13
 7.06E-13 1.19E-12 1.71E-12 2.07E-12 2.10E-12 2.04E-12
 1.00E-74 1.00E-74 1.00E-74 2.31E-29 1.66E-20 2.68E-15 1.21E-13 4.01E-13
 7.06E-13 1.19E-12 1.71E-12 2.07E-12 2.10E-12 2.04E-12
 1.00E-74 1.00E-74 2.58E-47 2.31E-29 1.66E-20 2.68E-15 1.21E-13 4.01E-13
 7.06E-13 1.19E-12 1.71E-12 2.07E-12 2.10E-12 2.04E-12
 1.00E-74 1.00E-74 3.09E-47 2.31E-29 1.66E-20 2.68E-15 1.21E-13 4.01E-13
 7.05E-13 1.19E-12 1.71E-12 2.07E-12 2.10E-12 2.03E-12
 1.00E-74 1.00E-74 3.14E-47 2.31E-29 1.65E-20 2.67E-15 1.20E-13 3.98E-13
 7.00E-13 1.18E-12 1.69E-12 2.05E-12 2.09E-12 2.02E-12
 1.00E-74 1.00E-74 3.10E-47 2.25E-29 1.59E-20 2.56E-15 1.15E-13 3.78E-13
 6.61E-13 1.11E-12 1.59E-12 1.93E-12 1.98E-12 1.93E-12
  18.2188    7  14 /pl=01:ss=13:pb= 1:sz=13/type=excit/ispb = t/isel =    4
 1.00E+10 1.00E+11 1.00E+12 1.00E+13 1.00E+14 1.00E+15 1.00E+16
 3.38E+00 5.07E+00 8.44E+00 1.69E+01 3.38E+01 8.44E+01 1.69E+02 2.53E+02
 3.38E+02 5.07E+02 8.44E+02 1.69E+03 3.38E+03 5.07E+03
 1.00E-74 1.00E-74 1.00E-74 1.35E-28 5.41E-20 6.15E-15 2.50E-13 7.94E-13
 1.37E-12 2.27E-12 3.21E-12 3.85E-12 3.90E-12 3.77E-12
 1.00E-74 1.00E-74 1.00E-74 1.35E-28 5.41E-20 6.15E-15 2.50E-13 7.94E-13
 1.37E-12 2.27E-12 3.21E-12 3.85E-12 3.90E-12 3.77E-12
 1.00E-74 1.00E-74 4.20E-46 1.35E-28 5.41E-20 6.15E-15 2.50E-13 7.94E-13
 1.37E-12 2.27E-12 3.21E-12 3.85E-12 3.90E-12 3.77E-12
 1.00E-74 1.00E-74 5.89E-46 1.35E-28 5.41E-20 6.15E-15 2.50E-13 7.94E-13
 1.37E-12 2.27E-12 3.21E-12 3.85E-12 3.90E-12 3.77E-12
 1.00E-74 1.00E-74 6.01E-46 1.35E-28 5.41E-20 6.14E-15 2.50E-13 7.94E-13
 1.37E-12 2.27E-12 3.21E-12 3.85E-12 3.89E-12 3.77E-12
 1.00E-74 1.00E-74 6.02E-46 1.35E-28 5.40E-20 6.12E-15 2.49E-13 7.89E-13
 1.36E-12 2.25E-12 3.18E-12 3.82E-12 3.87E-12 3.74E-12
 1.00E-74 1.00E-74 6.02E-46 1.33E-28 5.25E-20 5.91E-15 2.38E-13 7.51E-13
 1.29E-12 2.12E-12 3.00E-12 3.61E-12 3.68E-12 3.58E-12
  19.1544    7  14 /pl=01:ss=13:pb= 1:sz=13/type=excit/ispb = t/isel =    5
 1.00E+10 1.00E+11 1.00E+12 1.00E+13 1.00E+14 1.00E+15 1.00E+16
 3.38E+00 5.07E+00 8.44E+00 1.69E+01 3.38E+01 8.44E+01 1.69E+02 2.53E+02
 3.38E+02 5.07E+02 8.44E+02 1.69E+03 3.38E+03 5.07E+03
 1.00E-74 1.00E-74 7.54E-44 2.01E-27 3.01E-19 1.92E-14 6.44E-13 1.92E-12
 3.23E-12 5.18E-12 7.17E-12 8.48E-12 8.56E-12 8.25E-12
 1.00E-74 1.00E-74 6.03E-44 2.01E-27 3.01E-19 1.92E-14 6.44E-13 1.92E-12
 3.23E-12 5.18E-12 7.17E-12 8.48E-12 8.56E-12 8.25E-12
 1.00E-74 1.00E-74 6.41E-44 2.01E-27 3.01E-19 1.92E-14 6.44E-13 1.92E-12
 3.23E-12 5.18E-12 7.17E-12 8.48E-12 8.56E-12 8.25E-12
 1.00E-74 1.00E-74 6.41E-44 2.01E-27 3.01E-19 1.92E-14 6.44E-13 1.92E-12
 3.23E-12 5.18E-12 7.17E-12 8.48E-12 8.56E-12 8.25E-12
 1.00E-74 1.00E-74 6.41E-44 2.01E-27 3.01E-19 1.92E-14 6.43E-13 1.92E-12
 3.22E-12 5.18E-12 7.17E-12 8.47E-12 8.55E-12 8.25E-12
 1.00E-74 1.00E-74 6.41E-44 2.00E-27 3.00E-19 1.91E-14 6.40E-13 1.91E-12
 3.20E-12 5.13E-12 7.10E-12 8.41E-12 8.49E-12 8.20E-12
 1.00E-74 1.00E-74 6.40E-44 1.97E-27 2.92E-19 1.85E-14 6.14E-13 1.82E-12
 3.03E-12 4.84E-12 6.69E-12 7.95E-12 8.09E-12 7.84E-12
  19.6574    7  14 /pl=01:ss=13:pb= 1:sz=13/type=excit/ispb = t/isel =    6
 1.00E+10 1.00E+11 1.00E+12 1.00E+13 1.00E+14 1.00E+15 1.00E+16
 3.38E+00 5.07E+00 8.44E+00 1.69E+01 3.38E+01 8.44E+01 1.69E+02 2.53E+02
 3.38E+02 5.07E+02 8.44E+02 1.69E+03 3.38E+03 5.07E+03
 1.00E-74 1.00E-74 6.87E-44 8.30E-28 7.59E-20 3.58E-15 1.10E-13 3.22E-13
 5.39E-13 8.80E-13 1.27E-12 1.65E-12 1.84E-12 1.87E-12
 1.00E-74 1.00E-74 7.21E-44 8.30E-28 7.59E-20 3.58E-15 1.10E-13 3.22E-13
 5.39E-13 8.80E-13 1.27E-12 1.65E-12 1.84E-12 1.87E-12
 1.00E-74 1.00E-74 7.07E-44 8.30E-28 7.59E-20 3.58E-15 1.10E-13 3.22E-13
 5.39E-13 8.80E-13 1.27E-12 1.65E-12 1.84E-12 1.87E-12
 1.00E-74 1.00E-74 7.08E-44 8.30E-28 7.59E-20 3.58E-15 1.10E-13 3.22E-13
 5.39E-13 8.80E-13 1.27E-12 1.65E-12 1.84E-12 1.87E-12
 1.00E-74 1.00E-74 7.08E-44 8.30E-28 7.59E-20 3.58E-15 1.10E-13 3.22E-13
 5.38E-13 8.79E-13 1.27E-12 1.65E-12 1.84E-12 1.87E-12
 1.00E-74 1.00E-74 7.10E-44 8.31E-28 7.58E-20 3.57E-15 1.09E-13 3.20E-13
 5.35E-13 8.73E-13 1.26E-12 1.64E-12 1.83E-12 1.86E-12
 1.00E-74 1.00E-74 7.28E-44 8.33E-28 7.45E-20 3.47E-15 1.05E-13 3.06E-13
 5.08E-13 8.25E-13 1.19E-12 1.55E-12 1.74E-12 1.78E-12
  19.6659    7  14 /pl=01:ss=13:pb= 1:sz=13/type=excit/ispb = t/isel =    7
 1.00E+10 1.00E+11 1.00E+12 1.00E+13 1.00E+14 1.00E+15 1.00E+16
 3.38E+00 5.07E+00 8.44E+00 1.69E+01 3.38E+01 8.44E+01 1.69E+02 2.53E+02
 3.38E+02 5.07E+02 8.44E+02 1.69E+03 3.38E+03 5.07E+03
 1.00E-74 1.00E-74 7.90E-44 9.38E-28 8.50E-20 3.99E-15 1.22E-13 3.58E-13
 5.99E-13 9.80E-13 1.42E-12 1.85E-12 2.08E-12 2.15E-12
 1.00E-74 1.00E-74 8.17E-44 9.38E-28 8.50E-20 3.99E-15 1.22E-13 3.58E-13
 5.99E-13 9.80E-13 1.42E-12 1.85E-12 2.08E-12 2.15E-12
 1.00E-74 1.00E-74 8.14E-44 9.38E-28 8.50E-20 3.99E-15 1.22E-13 3.58E-13
 5.99E-13 9.80E-13 1.42E-12 1.85E-12 2.08E-12 2.15E-12
 1.00E-74 1.00E-74 8.13E-44 9.38E-28 8.50E-20 3.99E-15 1.22E-13 3.58E-13
 5.99E-13 9.80E-13 1.42E-12 1.85E-12 2.08E-12 2.15E-12
 1.00E-74 1.00E-74 8.13E-44 9.38E-28 8.50E-20 3.99E-15 1.22E-13 3.58E-13
 5.99E-13 9.79E-13 1.42E-12 1.85E-12 2.08E-12 2.15E-12
 1.00E-74 1.00E-74 8.16E-44 9.39E-28 8.49E-20 3.98E-15 1.21E-13 3.56E-13
 5.95E-13 9.71E-13 1.41E-12 1.83E-12 2.07E-12 2.13E-12
 1.00E-74 1.00E-74 8.47E-44 9.49E-28 8.40E-20 3.89E-15 1.17E-13 3.41E-13
 5.67E-13 9.21E-13 1.33E-12 1.74E-12 1.97E-12 2.04E-12
  20.3143    7  14 /pl=01:ss=13:pb= 1:sz=13/type=excit/ispb = t/isel =    8
 1.00E+10 1.00E+11 1.00E+12 1.00E+13 1.00E+14 1.00E+15 1.00E+16
 3.38E+00 5.07E+00 8.44E+00 1.69E+01 3.38E+01 8.44E+01 1.69E+02 2.53E+02
 3.38E+02 5.07E+02 8.44E+02 1.69E+03 3.38E+03 5.07E+03
 1.00E-74 1.00E-74 7.89E-43 2.73E-27 1.36E-19 4.48E-15 1.22E-13 3.43E-13
 5.64E-13 9.04E-13 1.29E-12 1.65E-12 1.83E-12 1.87E-12
 1.00E-74 1.00E-74 7.81E-43 2.73E-27 1.36E-19 4.48E-15 1.22E-13 3.43E-13
 5.64E-13 9.04E-13 1.29E-12 1.65E-12 1.83E-12 1.87E-12
 1.00E-74 1.00E-74 7.79E-43 2.73E-27 1.36E-19 4.48E-15 1.22E-13 3.43E-13
 5.64E-13 9.04E-13 1.29E-12 1.65E-12 1.83E-12 1.87E-12
 1.00E-74 1.00E-74 7.79E-43 2.73E-27 1.36E-19 4.48E-15 1.22E-13 3.43E-13
 5.64E-13 9.04E-13 1.29E-12 1.65E-12 1.83E-12 1.87E-12
 1.00E-74 1.00E-74 7.79E-43 2.73E-27 1.36E-19 4.48E-15 1.22E-13 3.43E-13
 5.63E-13 9.03E-13 1.29E-12 1.65E-12 1.83E-12 1.87E-12
 1.00E-74 1.00E-74 7.80E-43 2.73E-27 1.36E-19 4.47E-15 1.21E-13 3.41E-13
 5.60E-13 8.96E-13 1.28E-12 1.63E-12 1.82E-12 1.86E-12
 1.00E-74 1.00E-74 7.91E-43 2.72E-27 1.33E-19 4.33E-15 1.16E-13 3.26E-13
 5.32E-13 8.48E-13 1.20E-12 1.55E-12 1.73E-12 1.78E-12
  20.3594    7  14 /pl=01:ss=13:pb= 1:sz=13/type=excit/ispb = t/isel =    9
 1.00E+10 1.00E+11 1.00E+12 1.00E+13 1.00E+14 1.00E+15 1.00E+16
 3.38E+00 5.07E+00 8.44E+00 1.69E+01 3.38E+01 8.44E+01 1.69E+02 2.53E+02
 3.38E+02 5.07E+02 8.44E+02 1.69E+03 3.38E+03 5.07E+03
 1.00E-74 1.00E-74 3.99E-42 1.29E-26 6.18E-19 1.98E-14 5.34E-13 1.50E-12
 2.46E-12 3.94E-12 5.62E-12 7.22E-12 8.04E-12 8.20E-12
 1.00E-74 1.00E-74 3.97E-42 1.29E-26 6.18E-19 1.98E-14 5.34E-13 1.50E-12
 2.46E-12 3.94E-12 5.62E-12 7.22E-12 8.04E-12 8.20E-12
 1.00E-74 1.00E-74 3.97E-42 1.29E-26 6.18E-19 1.98E-14 5.34E-13 1.50E-12
 2.46E-12 3.94E-12 5.62E-12 7.22E-12 8.04E-12 8.20E-12
 1.00E-74 1.00E-74 3.97E-42 1.29E-26 6.18E-19 1.98E-14 5.34E-13 1.50E-12
 2.46E-12 3.94E-12 5.62E-12 7.22E-12 8.04E-12 8.20E-12
 1.00E-74 1.00E-74 3.97E-42 1.29E-26 6.18E-19 1.98E-14 5.34E-13 1.50E-12
 2.46E-12 3.94E-12 5.62E-12 7.21E-12 8.04E-12 8.19E-12
 1.00E-74 1.00E-74 3.99E-42 1.29E-26 6.18E-19 1.98E-14 5.32E-13 1.49E-12
 2.45E-12 3.91E-12 5.57E-12 7.16E-12 7.98E-12 8.15E-12
 1.00E-74 1.00E-74 4.11E-42 1.30E-26 6.10E-19 1.93E-14 5.15E-13 1.43E-12
 2.34E-12 3.72E-12 5.29E-12 6.80E-12 7.63E-12 7.81E-12
  20.4355    7  14 /pl=01:ss=13:pb= 1:sz=13/type=excit/ispb = t/isel =   10
 1.00E+10 1.00E+11 1.00E+12 1.00E+13 1.00E+14 1.00E+15 1.00E+16
 3.38E+00 5.07E+00 8.44E+00 1.69E+01 3.38E+01 8.44E+01 1.69E+02 2.53E+02
 3.38E+02 5.07E+02 8.44E+02 1.69E+03 3.38E+03 5.07E+03
 1.00E-74 1.00E-74 2.67E-42 7.60E-27 3.41E-19 1.05E-14 2.80E-13 7.80E-13
 1.29E-12 2.05E-12 2.90E-12 3.74E-12 4.17E-12 4.25E-12
 1.00E-74 1.00E-74 2.69E-42 7.60E-27 3.41E-19 1.05E-14 2.80E-13 7.80E-13
 1.29E-12 2.05E-12 2.90E-12 3.74E-12 4.17E-12 4.25E-12
 1.00E-74 1.00E-74 2.69E-42 7.60E-27 3.41E-19 1.05E-14 2.80E-13 7.80E-13
 1.29E-12 2.05E-12 2.90E-12 3.74E-12 4.17E-12 4.25E-12
 1.00E-74 1.00E-74 2.69E-42 7.60E-27 3.41E-19 1.05E-14 2.80E-13 7.80E-13
 1.29E-12 2.05E-12 2.90E-12 3.74E-12 4.17E-12 4.25E-12
 1.00E-74 1.00E-74 2.69E-42 7.60E-27 3.41E-19 1.05E-14 2.80E-13 7.79E-13
 1.29E-12 2.05E-12 2.90E-12 3.74E-12 4.17E-12 4.25E-12
 1.00E-74 1.00E-74 2.70E-42 7.61E-27 3.41E-19 1.05E-14 2.79E-13 7.76E-13
 1.28E-12 2.03E-12 2.88E-12 3.71E-12 4.14E-12 4.22E-12
 1.00E-74 1.00E-74 2.78E-42 7.68E-27 3.37E-19 1.02E-14 2.71E-13 7.47E-13
 1.23E-12 1.94E-12 2.74E-12 3.53E-12 3.96E-12 4.05E-12
  21.0444    7  14 /pl=01:ss=13:pb= 1:sz=13/type=excit/ispb = t/isel =   11
 1.00E+10 1.00E+11 1.00E+12 1.00E+13 1.00E+14 1.00E+15 1.00E+16
 3.38E+00 5.07E+00 8.44E+00 1.69E+01 3.38E+01 8.44E+01 1.69E+02 2.53E+02
 3.38E+02 5.07E+02 8.44E+02 1.69E+03 3.38E+03 5.07E+03
 1.00E-74 1.00E-74 9.44E-44 1.16E-27 1.20E-19 6.02E-15 1.85E-13 5.28E-13
 8.64E-13 1.33E-12 1.72E-12 1.82E-12 1.59E-12 1.41E-12
 1.00E-74 1.00E-74 7.56E-44 1.16E-27 1.20E-19 6.02E-15 1.85E-13 5.28E-13
 8.64E-13 1.33E-12 1.72E-12 1.82E-12 1.59E-12 1.41E-12
 1.00E-74 1.00E-74 7.65E-44 1.16E-27 1.20E-19 6.02E-15 1.85E-13 5.28E-13
 8.64E-13 1.33E-12 1.72E-12 1.82E-12 1.59E-12 1.41E-12
 1.00E-74 1.00E-74 7.65E-44 1.16E-27 1.20E-19 6.02E-15 1.85E-13 5.28E-13
 8.63E-13 1.33E-12 1.72E-12 1.82E-12 1.59E-12 1.41E-12
 1.00E-74 1.00E-74 7.65E-44 1.16E-27 1.20E-19 6.02E-15 1.85E-13 5.28E-13
 8.63E-13 1.33E-12 1.72E-12 1.82E-12 1.59E-12 1.41E-12
 1.00E-74 1.00E-74 7.71E-44 1.16E-27 1.20E-19 6.01E-15 1.84E-13 5.26E-13
 8.58E-13 1.32E-12 1.70E-12 1.80E-12 1.58E-12 1.40E-12
 1.00E-74 1.00E-74 8.24E-44 1.21E-27 1.21E-19 5.95E-15 1.80E-13 5.09E-13
 8.27E-13 1.27E-12 1.63E-12 1.73E-12 1.52E-12 1.36E-12
  21.1670    7  14 /pl=01:ss=13:pb= 1:sz=13/type=excit/ispb = t/isel =   12
 1.00E+10 1.00E+11 1.00E+12 1.00E+13 1.00E+14 1.00E+15 1.00E+16
 3.38E+00 5.07E+00 8.44E+00 1.69E+01 3.38E+01 8.44E+01 1.69E+02 2.53E+02
 3.38E+02 5.07E+02 8.44E+02 1.69E+03 3.38E+03 5.07E+03
 1.00E-74 1.00E-74 2.69E-40 2.20E-25 5.32E-18 1.14E-13 2.69E-12 7.19E-12
 1.14E-11 1.74E-11 2.31E-11 2.70E-11 2.70E-11 2.61E-11
 1.00E-74 1.00E-74 2.69E-40 2.20E-25 5.32E-18 1.14E-13 2.69E-12 7.19E-12
 1.14E-11 1.74E-11 2.31E-11 2.70E-11 2.70E-11 2.61E-11
 1.00E-74 1.00E-74 2.69E-40 2.20E-25 5.32E-18 1.14E-13 2.69E-12 7.19E-12
 1.14E-11 1.74E-11 2.31E-11 2.70E-11 2.70E-11 2.61E-11
 1.00E-74 1.00E-74 2.69E-40 2.20E-25 5.32E-18 1.14E-13 2.69E-12 7.19E-12
 1.13E-11 1.74E-11 2.31E-11 2.70E-11 2.70E-11 2.61E-11
 1.00E-74 1.00E-74 2.69E-40 2.20E-25 5.32E-18 1.14E-13 2.69E-12 7.18E-12
 1.13E-11 1.73E-11 2.31E-11 2.70E-11 2.70E-11 2.61E-11
 1.00E-74 1.00E-74 2.69E-40 2.20E-25 5.31E-18 1.14E-13 2.68E-12 7.14E-12
 1.13E-11 1.72E-11 2.29E-11 2.68E-11 2.68E-11 2.60E-11
 1.00E-74 1.00E-74 2.69E-40 2.16E-25 5.16E-18 1.10E-13 2.57E-12 6.80E-12
 1.07E-11 1.62E-11 2.16E-11 2.53E-11 2.56E-11 2.49E-11
  21.6174    7  14 /pl=01:ss=13:pb= 1:sz=13/type=excit/ispb = t/isel =   13
 1.00E+10 1.00E+11 1.00E+12 1.00E+13 1.00E+14 1.00E+15 1.00E+16
 3.38E+00 5.07E+00 8.44E+00 1.69E+01 3.38E+01 8.44E+01 1.69E+02 2.53E+02
 3.38E+02 5.07E+02 8.44E+02 1.69E+03 3.38E+03 5.07E+03
 1.00E-74 1.00E-74 1.00E-74 1.04E-27 1.08E-19 5.43E-15 1.66E-13 4.76E-13
 7.75E-13 1.19E-12 1.54E-12 1.63E-12 1.42E-12 1.25E-12
 1.00E-74 1.00E-74 6.84E-44 1.04E-27 1.08E-19 5.43E-15 1.66E-13 4.76E-13
 7.75E-13 1.19E-12 1.54E-12 1.63E-12 1.42E-12 1.25E-12
 1.00E-74 1.00E-74 6.84E-44 1.04E-27 1.08E-19 5.43E-15 1.66E-13 4.76E-13
 7.75E-13 1.19E-12 1.54E-12 1.63E-12 1.42E-12 1.25E-12
 1.00E-74 1.00E-74 6.82E-44 1.04E-27 1.08E-19 5.43E-15 1.66E-13 4.76E-13
 7.75E-13 1.19E-12 1.54E-12 1.63E-12 1.42E-12 1.25E-12
 1.00E-74 1.00E-74 6.83E-44 1.04E-27 1.08E-19 5.43E-15 1.66E-13 4.75E-13
 7.75E-13 1.19E-12 1.54E-12 1.62E-12 1.42E-12 1.24E-12
 1.00E-74 1.00E-74 6.87E-44 1.04E-27 1.08E-19 5.42E-15 1.65E-13 4.73E-13
 7.70E-13 1.18E-12 1.53E-12 1.61E-12 1.41E-12 1.24E-12
 1.00E-74 1.00E-74 7.28E-44 1.07E-27 1.08E-19 5.34E-15 1.61E-13 4.57E-13
 7.40E-13 1.13E-12 1.46E-12 1.54E-12 1.36E-12 1.20E-12
  21.8147    7  14 /pl=01:ss=13:pb= 1:sz=13/type=excit/ispb = t/isel =   14
 1.00E+10 1.00E+11 1.00E+12 1.00E+13 1.00E+14 1.00E+15 1.00E+16
 3.38E+00 5.07E+00 8.44E+00 1.69E+01 3.38E+01 8.44E+01 1.69E+02 2.53E+02
 3.38E+02 5.07E+02 8.44E+02 1.69E+03 3.38E+03 5.07E+03
 1.00E-74 1.00E-74 3.25E-42 1.48E-26 8.25E-19 2.87E-14 7.75E-13 2.13E-12
 3.40E-12 5.14E-12 6.54E-12 6.80E-12 5.91E-12 5.18E-12
 1.00E-74 1.00E-74 3.33E-42 1.48E-26 8.25E-19 2.87E-14 7.75E-13 2.13E-12
 3.40E-12 5.14E-12 6.54E-12 6.80E-12 5.91E-12 5.18E-12
 1.00E-74 1.00E-74 3.34E-42 1.48E-26 8.25E-19 2.87E-14 7.75E-13 2.13E-12
 3.40E-12 5.14E-12 6.54E-12 6.80E-12 5.91E-12 5.18E-12
 1.00E-74 1.00E-74 3.34E-42 1.48E-26 8.25E-19 2.87E-14 7.75E-13 2.13E-12
 3.40E-12 5.14E-12 6.54E-12 6.80E-12 5.91E-12 5.18E-12
 1.00E-74 1.00E-74 3.34E-42 1.48E-26 8.25E-19 2.87E-14 7.74E-13 2.13E-12
 3.40E-12 5.14E-12 6.53E-12 6.79E-12 5.90E-12 5.18E-12
 1.00E-74 1.00E-74 3.36E-42 1.48E-26 8.25E-19 2.86E-14 7.72E-13 2.12E-12
 3.38E-12 5.10E-12 6.49E-12 6.75E-12 5.87E-12 5.15E-12
 1.00E-74 1.00E-74 3.54E-42 1.52E-26 8.25E-19 2.82E-14 7.52E-13 2.05E-12
 3.25E-12 4.88E-12 6.19E-12 6.46E-12 5.65E-12 4.98E-12
  21.9146    7  14 /pl=01:ss=13:pb= 1:sz=13/type=excit/ispb = t/isel =   15
 1.00E+10 1.00E+11 1.00E+12 1.00E+13 1.00E+14 1.00E+15 1.00E+16
 3.38E+00 5.07E+00 8.44E+00 1.69E+01 3.38E+01 8.44E+01 1.69E+02 2.53E+02
 3.38E+02 5.07E+02 8.44E+02 1.69E+03 3.38E+03 5.07E+03
 1.00E-74 1.00E-74 1.41E-42 5.44E-27 2.81E-19 9.36E-15 2.49E-13 6.83E-13
 1.09E-12 1.64E-12 2.07E-12 2.15E-12 1.87E-12 1.64E-12
 1.00E-74 1.00E-74 1.43E-42 5.44E-27 2.81E-19 9.36E-15 2.49E-13 6.83E-13
 1.09E-12 1.64E-12 2.07E-12 2.15E-12 1.87E-12 1.64E-12
 1.00E-74 1.00E-74 1.43E-42 5.44E-27 2.81E-19 9.36E-15 2.49E-13 6.83E-13
 1.09E-12 1.64E-12 2.07E-12 2.15E-12 1.87E-12 1.64E-12
 1.00E-74 1.00E-74 1.43E-42 5.44E-27 2.81E-19 9.36E-15 2.49E-13 6.82E-13
 1.09E-12 1.64E-12 2.07E-12 2.15E-12 1.87E-12 1.64E-12
 1.00E-74 1.00E-74 1.43E-42 5.44E-27 2.81E-19 9.36E-15 2.49E-13 6.82E-13
 1.09E-12 1.64E-12 2.07E-12 2.15E-12 1.87E-12 1.64E-12
 1.00E-74 1.00E-74 1.44E-42 5.46E-27 2.82E-19 9.35E-15 2.48E-13 6.80E-13
 1.08E-12 1.63E-12 2.06E-12 2.14E-12 1.87E-12 1.64E-12
 1.00E-74 1.00E-74 1.53E-42 5.62E-27 2.83E-19 9.24E-15 2.43E-13 6.63E-13
 1.05E-12 1.58E-12 2.00E-12 2.09E-12 1.83E-12 1.62E-12
  25.2823    7  14 /pl=01:ss=13:pb= 1:sz=13/type=excit/ispb = t/isel =   16
 1.00E+10 1.00E+11 1.00E+12 1.00E+13 1.00E+14 1.00E+15 1.00E+16
 3.38E+00 5.07E+00 8.44E+00 1.69E+01 3.38E+01 8.44E+01 1.69E+02 2.53E+02
 3.38E+02 5.07E+02 8.44E+02 1.69E+03 3.38E+03 5.07E+03
 1.00E-74 1.00E-74 5.48E-36 1.58E-23 2.28E-17 9.08E-14 1.25E-12 2.86E-12
 4.27E-12 6.26E-12 8.44E-12 1.06E-11 1.19E-11 1.22E-11
 1.00E-74 1.00E-74 5.48E-36 1.58E-23 2.28E-17 9.08E-14 1.25E-12 2.86E-12
 4.27E-12 6.26E-12 8.44E-12 1.06E-11 1.19E-11 1.22E-11
 1.00E-74 1.00E-74 5.48E-36 1.58E-23 2.28E-17 9.08E-14 1.25E-12 2.86E-12
 4.27E-12 6.26E-12 8.44E-12 1.06E-11 1.19E-11 1.22E-11
 1.00E-74 1.00E-74 5.48E-36 1.58E-23 2.28E-17 9.08E-14 1.25E-12 2.86E-12
 4.27E-12 6.26E-12 8.44E-12 1.06E-11 1.19E-11 1.21E-11
 1.00E-74 1.00E-74 5.48E-36 1.58E-23 2.28E-17 9.08E-14 1.25E-12 2.86E-12
 4.27E-12 6.25E-12 8.44E-12 1.06E-11 1.19E-11 1.21E-11
 1.00E-74 1.00E-74 5.50E-36 1.58E-23 2.27E-17 9.06E-14 1.25E-12 2.85E-12
 4.24E-12 6.21E-12 8.37E-12 1.05E-11 1.18E-11 1.21E-11
 1.00E-74 1.00E-74 5.68E-36 1.59E-23 2.25E-17 8.83E-14 1.20E-12 2.73E-12
 4.04E-12 5.88E-12 7.91E-12 9.98E-12 1.12E-11 1.16E-11
  25.3406    7  14 /pl=01:ss=13:pb= 1:sz=13/type=excit/ispb = t/isel =   17
 1.00E+10 1.00E+11 1.00E+12 1.00E+13 1.00E+14 1.00E+15 1.00E+16
 3.38E+00 5.07E+00 8.44E+00 1.69E+01 3.38E+01 8.44E+01 1.69E+02 2.53E+02
 3.38E+02 5.07E+02 8.44E+02 1.69E+03 3.38E+03 5.07E+03
 1.00E-74 1.00E-74 2.98E-36 8.05E-24 1.12E-17 4.61E-14 6.71E-13 1.56E-12
 2.35E-12 3.47E-12 4.67E-12 5.79E-12 6.33E-12 6.43E-12
 1.00E-74 1.00E-74 2.98E-36 8.05E-24 1.12E-17 4.61E-14 6.71E-13 1.56E-12
 2.35E-12 3.47E-12 4.67E-12 5.79E-12 6.33E-12 6.43E-12
 1.00E-74 1.00E-74 2.98E-36 8.05E-24 1.12E-17 4.61E-14 6.71E-13 1.56E-12
 2.35E-12 3.47E-12 4.67E-12 5.79E-12 6.33E-12 6.43E-12
 1.00E-74 1.00E-74 2.98E-36 8.05E-24 1.12E-17 4.61E-14 6.71E-13 1.56E-12
 2.35E-12 3.47E-12 4.67E-12 5.79E-12 6.33E-12 6.43E-12
 1.00E-74 1.00E-74 2.98E-36 8.06E-24 1.13E-17 4.61E-14 6.71E-13 1.56E-12
 2.35E-12 3.47E-12 4.67E-12 5.78E-12 6.33E-12 6.43E-12
 1.00E-74 1.00E-74 3.02E-36 8.13E-24 1.13E-17 4.61E-14 6.70E-13 1.56E-12
 2.34E-12 3.45E-12 4.63E-12 5.74E-12 6.29E-12 6.39E-12
 1.00E-74 1.00E-74 3.43E-36 8.80E-24 1.18E-17 4.66E-14 6.64E-13 1.52E-12
 2.27E-12 3.32E-12 4.43E-12 5.49E-12 6.02E-12 6.14E-12
  26.1942    7  14 /pl=01:ss=13:pb= 1:sz=13/type=excit/ispb = t/isel =   18
 1.00E+10 1.00E+11 1.00E+12 1.00E+13 1.00E+14 1.00E+15 1.00E+16
 3.38E+00 5.07E+00 8.44E+00 1.69E+01 3.38E+01 8.44E+01 1.69E+02 2.53E+02
 3.38E+02 5.07E+02 8.44E+02 1.69E+03 3.38E+03 5.07E+03
 1.00E-74 1.00E-74 3.62E-35 3.79E-23 3.31E-17 9.72E-14 1.22E-12 2.69E-12
 3.94E-12 5.71E-12 7.59E-12 9.43E-12 1.04E-11 1.06E-11
 1.00E-74 1.00E-74 3.62E-35 3.79E-23 3.31E-17 9.72E-14 1.22E-12 2.69E-12
 3.94E-12 5.71E-12 7.59E-12 9.43E-12 1.04E-11 1.06E-11
 1.00E-74 1.00E-74 3.62E-35 3.79E-23 3.31E-17 9.72E-14 1.22E-12 2.69E-12
 3.94E-12 5.71E-12 7.59E-12 9.43E-12 1.04E-11 1.06E-11
 1.00E-74 1.00E-74 3.62E-35 3.79E-23 3.31E-17 9.72E-14 1.22E-12 2.69E-12
 3.94E-12 5.71E-12 7.59E-12 9.43E-12 1.04E-11 1.06E-11
 1.00E-74 1.00E-74 3.62E-35 3.79E-23 3.30E-17 9.72E-14 1.22E-12 2.69E-12
 3.94E-12 5.70E-12 7.58E-12 9.42E-12 1.04E-11 1.06E-11
 1.00E-74 1.00E-74 3.62E-35 3.79E-23 3.30E-17 9.69E-14 1.21E-12 2.67E-12
 3.91E-12 5.66E-12 7.52E-12 9.34E-12 1.03E-11 1.05E-11
 1.00E-74 1.00E-74 3.65E-35 3.76E-23 3.22E-17 9.38E-14 1.17E-12 2.55E-12
 3.71E-12 5.34E-12 7.09E-12 8.84E-12 9.83E-12 1.01E-11
  26.3815    7  14 /pl=01:ss=13:pb= 1:sz=13/type=excit/ispb = t/isel =   19
 1.00E+10 1.00E+11 1.00E+12 1.00E+13 1.00E+14 1.00E+15 1.00E+16
 3.38E+00 5.07E+00 8.44E+00 1.69E+01 3.38E+01 8.44E+01 1.69E+02 2.53E+02
 3.38E+02 5.07E+02 8.44E+02 1.69E+03 3.38E+03 5.07E+03
 1.00E-74 1.00E-74 2.55E-34 2.20E-22 1.73E-16 4.79E-13 5.86E-12 1.29E-11
 1.88E-11 2.70E-11 3.60E-11 4.46E-11 4.91E-11 5.00E-11
 1.00E-74 1.00E-74 2.55E-34 2.20E-22 1.73E-16 4.79E-13 5.86E-12 1.29E-11
 1.88E-11 2.70E-11 3.60E-11 4.46E-11 4.91E-11 5.00E-11
 1.00E-74 1.00E-74 2.55E-34 2.20E-22 1.73E-16 4.79E-13 5.86E-12 1.29E-11
 1.88E-11 2.70E-11 3.60E-11 4.46E-11 4.91E-11 5.00E-11
 1.00E-74 1.00E-74 2.55E-34 2.20E-22 1.73E-16 4.79E-13 5.86E-12 1.29E-11
 1.88E-11 2.69E-11 3.60E-11 4.45E-11 4.91E-11 5.00E-11
 1.00E-74 1.00E-74 2.55E-34 2.20E-22 1.72E-16 4.79E-13 5.85E-12 1.29E-11
 1.87E-11 2.69E-11 3.59E-11 4.45E-11 4.90E-11 5.00E-11
 1.00E-74 1.00E-74 2.55E-34 2.20E-22 1.72E-16 4.77E-13 5.83E-12 1.28E-11
 1.86E-11 2.67E-11 3.56E-11 4.42E-11 4.87E-11 4.97E-11
 1.00E-74 1.00E-74 2.62E-34 2.21E-22 1.70E-16 4.65E-13 5.63E-12 1.23E-11
 1.78E-11 2.53E-11 3.37E-11 4.19E-11 4.65E-11 4.76E-11
  26.5067    7  14 /pl=01:ss=13:pb= 1:sz=13/type=excit/ispb = t/isel =   20
 1.00E+10 1.00E+11 1.00E+12 1.00E+13 1.00E+14 1.00E+15 1.00E+16
 3.38E+00 5.07E+00 8.44E+00 1.69E+01 3.38E+01 8.44E+01 1.69E+02 2.53E+02
 3.38E+02 5.07E+02 8.44E+02 1.69E+03 3.38E+03 5.07E+03
 1.00E-74 1.00E-74 1.13E-35 8.58E-24 6.33E-18 1.75E-14 2.21E-13 4.92E-13
 7.22E-13 1.04E-12 1.37E-12 1.67E-12 1.80E-12 1.82E-12
 1.00E-74 1.00E-74 1.13E-35 8.58E-24 6.33E-18 1.75E-14 2.21E-13 4.92E-13
 7.22E-13 1.04E-12 1.37E-12 1.67E-12 1.80E-12 1.82E-12
 1.00E-74 1.00E-74 1.13E-35 8.59E-24 6.33E-18 1.75E-14 2.21E-13 4.92E-13
 7.23E-13 1.04E-12 1.37E-12 1.67E-12 1.80E-12 1.82E-12
 1.00E-74 1.00E-74 1.14E-35 8.64E-24 6.36E-18 1.76E-14 2.21E-13 4.94E-13
 7.25E-13 1.05E-12 1.38E-12 1.67E-12 1.81E-12 1.82E-12
 1.00E-74 1.00E-74 1.23E-35 9.13E-24 6.63E-18 1.81E-14 2.28E-13 5.11E-13
 7.52E-13 1.09E-12 1.43E-12 1.72E-12 1.84E-12 1.84E-12
 1.00E-74 1.00E-74 2.13E-35 1.41E-23 9.30E-18 2.32E-14 2.92E-13 6.75E-13
 1.01E-12 1.48E-12 1.91E-12 2.16E-12 2.16E-12 2.09E-12
 1.00E-74 1.80E-50 1.05E-34 5.99E-23 3.41E-17 7.01E-14 8.41E-13 1.96E-12
 2.94E-12 4.18E-12 5.05E-12 5.03E-12 4.30E-12 3.79E-12
  26.6302    7  14 /pl=01:ss=13:pb= 1:sz=13/type=excit/ispb = t/isel =   21
 1.00E+10 1.00E+11 1.00E+12 1.00E+13 1.00E+14 1.00E+15 1.00E+16
 3.38E+00 5.07E+00 8.44E+00 1.69E+01 3.38E+01 8.44E+01 1.69E+02 2.53E+02
 3.38E+02 5.07E+02 8.44E+02 1.69E+03 3.38E+03 5.07E+03
 1.00E-74 1.00E-74 6.91E-35 4.58E-23 3.19E-17 8.27E-14 1.00E-12 2.21E-12
 3.23E-12 4.64E-12 6.13E-12 7.50E-12 8.18E-12 8.27E-12
 1.00E-74 1.00E-74 6.91E-35 4.58E-23 3.19E-17 8.27E-14 1.00E-12 2.21E-12
 3.23E-12 4.64E-12 6.13E-12 7.50E-12 8.18E-12 8.27E-12
 1.00E-74 1.00E-74 6.91E-35 4.58E-23 3.19E-17 8.27E-14 1.00E-12 2.21E-12
 3.23E-12 4.64E-12 6.13E-12 7.50E-12 8.18E-12 8.27E-12
 1.00E-74 1.00E-74 6.91E-35 4.58E-23 3.19E-17 8.27E-14 1.00E-12 2.21E-12
 3.23E-12 4.64E-12 6.13E-12 7.49E-12 8.18E-12 8.27E-12
 1.00E-74 1.00E-74 6.91E-35 4.58E-23 3.19E-17 8.27E-14 1.00E-12 2.21E-12
 3.23E-12 4.64E-12 6.12E-12 7.49E-12 8.17E-12 8.26E-12
 1.00E-74 1.00E-74 6.92E-35 4.58E-23 3.18E-17 8.25E-14 1.00E-12 2.20E-12
 3.21E-12 4.61E-12 6.08E-12 7.44E-12 8.12E-12 8.22E-12
 1.00E-74 1.00E-74 7.07E-35 4.59E-23 3.13E-17 8.03E-14 9.69E-13 2.11E-12
 3.08E-12 4.40E-12 5.80E-12 7.10E-12 7.79E-12 7.91E-12
  26.7184    7  14 /pl=01:ss=13:pb= 1:sz=13/type=excit/ispb = t/isel =   22
 1.00E+10 1.00E+11 1.00E+12 1.00E+13 1.00E+14 1.00E+15 1.00E+16
 3.38E+00 5.07E+00 8.44E+00 1.69E+01 3.38E+01 8.44E+01 1.69E+02 2.53E+02
 3.38E+02 5.07E+02 8.44E+02 1.69E+03 3.38E+03 5.07E+03
 1.00E-74 1.00E-74 1.69E-34 1.03E-22 6.79E-17 1.70E-13 2.01E-12 4.37E-12
 6.34E-12 9.07E-12 1.20E-11 1.48E-11 1.62E-11 1.65E-11
 1.00E-74 1.00E-74 1.69E-34 1.03E-22 6.79E-17 1.70E-13 2.01E-12 4.37E-12
 6.34E-12 9.07E-12 1.20E-11 1.48E-11 1.62E-11 1.65E-11
 1.00E-74 1.00E-74 1.69E-34 1.03E-22 6.79E-17 1.70E-13 2.01E-12 4.37E-12
 6.34E-12 9.07E-12 1.20E-11 1.48E-11 1.62E-11 1.65E-11
 1.00E-74 1.00E-74 1.69E-34 1.03E-22 6.79E-17 1.70E-13 2.01E-12 4.37E-12
 6.34E-12 9.07E-12 1.20E-11 1.48E-11 1.62E-11 1.65E-11
 1.00E-74 1.00E-74 1.69E-34 1.03E-22 6.79E-17 1.70E-13 2.01E-12 4.37E-12
 6.33E-12 9.07E-12 1.20E-11 1.47E-11 1.62E-11 1.65E-11
 1.00E-74 1.00E-74 1.70E-34 1.03E-22 6.77E-17 1.70E-13 2.00E-12 4.35E-12
 6.30E-12 9.01E-12 1.19E-11 1.47E-11 1.61E-11 1.64E-11
 1.00E-74 1.00E-74 1.73E-34 1.03E-22 6.66E-17 1.65E-13 1.94E-12 4.19E-12
 6.04E-12 8.61E-12 1.13E-11 1.40E-11 1.54E-11 1.58E-11
  26.7628    7  14 /pl=01:ss=13:pb= 1:sz=13/type=excit/ispb = t/isel =   23
 1.00E+10 1.00E+11 1.00E+12 1.00E+13 1.00E+14 1.00E+15 1.00E+16
 3.38E+00 5.07E+00 8.44E+00 1.69E+01 3.38E+01 8.44E+01 1.69E+02 2.53E+02
 3.38E+02 5.07E+02 8.44E+02 1.69E+03 3.38E+03 5.07E+03
 1.00E-74 1.00E-74 1.67E-35 9.72E-24 6.29E-18 1.63E-14 2.03E-13 4.53E-13
 6.65E-13 9.55E-13 1.25E-12 1.51E-12 1.61E-12 1.61E-12
 1.00E-74 1.00E-74 1.67E-35 9.72E-24 6.29E-18 1.63E-14 2.03E-13 4.53E-13
 6.65E-13 9.55E-13 1.25E-12 1.51E-12 1.61E-12 1.61E-12
 1.00E-74 1.00E-74 1.67E-35 9.72E-24 6.29E-18 1.63E-14 2.03E-13 4.53E-13
 6.65E-13 9.55E-13 1.25E-12 1.51E-12 1.61E-12 1.61E-12
 1.00E-74 1.00E-74 1.67E-35 9.73E-24 6.30E-18 1.63E-14 2.03E-13 4.53E-13
 6.65E-13 9.56E-13 1.26E-12 1.51E-12 1.61E-12 1.62E-12
 1.00E-74 1.00E-74 1.70E-35 9.82E-24 6.34E-18 1.64E-14 2.04E-13 4.56E-13
 6.70E-13 9.64E-13 1.27E-12 1.52E-12 1.62E-12 1.62E-12
 1.00E-74 1.00E-74 1.91E-35 1.07E-23 6.76E-18 1.72E-14 2.15E-13 4.85E-13
 7.18E-13 1.04E-12 1.36E-12 1.61E-12 1.69E-12 1.68E-12
 1.00E-74 8.95E-51 3.93E-35 1.91E-23 1.06E-17 2.44E-14 3.07E-13 7.14E-13
 1.07E-12 1.56E-12 2.00E-12 2.23E-12 2.18E-12 2.08E-12
  27.2312    7  14 /pl=01:ss=13:pb= 1:sz=13/type=excit/ispb = t/isel =   24
 1.00E+10 1.00E+11 1.00E+12 1.00E+13 1.00E+14 1.00E+15 1.00E+16
 3.38E+00 5.07E+00 8.44E+00 1.69E+01 3.38E+01 8.44E+01 1.69E+02 2.53E+02
 3.38E+02 5.07E+02 8.44E+02 1.69E+03 3.38E+03 5.07E+03
 1.00E-74 1.00E-74 3.12E-36 1.71E-23 3.37E-17 1.58E-13 2.20E-12 4.90E-12
 7.03E-12 9.61E-12 1.14E-11 1.14E-11 9.79E-12 8.64E-12
 1.00E-74 1.00E-74 3.12E-36 1.71E-23 3.37E-17 1.58E-13 2.20E-12 4.90E-12
 7.03E-12 9.61E-12 1.14E-11 1.14E-11 9.79E-12 8.64E-12
 1.00E-74 1.00E-74 3.12E-36 1.71E-23 3.37E-17 1.58E-13 2.20E-12 4.90E-12
 7.03E-12 9.61E-12 1.14E-11 1.14E-11 9.79E-12 8.64E-12
 1.00E-74 1.00E-74 3.12E-36 1.71E-23 3.37E-17 1.58E-13 2.20E-12 4.90E-12
 7.03E-12 9.61E-12 1.14E-11 1.14E-11 9.79E-12 8.64E-12
 1.00E-74 1.00E-74 3.12E-36 1.71E-23 3.37E-17 1.58E-13 2.20E-12 4.90E-12
 7.03E-12 9.61E-12 1.14E-11 1.13E-11 9.79E-12 8.64E-12
 1.00E-74 1.00E-74 3.16E-36 1.72E-23 3.38E-17 1.58E-13 2.20E-12 4.88E-12
 7.00E-12 9.55E-12 1.13E-11 1.13E-11 9.74E-12 8.60E-12
 1.00E-74 1.00E-74 3.48E-36 1.82E-23 3.47E-17 1.58E-13 2.17E-12 4.77E-12
 6.80E-12 9.23E-12 1.09E-11 1.09E-11 9.46E-12 8.39E-12
  27.4239    7  14 /pl=01:ss=13:pb= 1:sz=13/type=excit/ispb = t/isel =   25
 1.00E+10 1.00E+11 1.00E+12 1.00E+13 1.00E+14 1.00E+15 1.00E+16
 3.38E+00 5.07E+00 8.44E+00 1.69E+01 3.38E+01 8.44E+01 1.69E+02 2.53E+02
 3.38E+02 5.07E+02 8.44E+02 1.69E+03 3.38E+03 5.07E+03
 1.00E-74 1.00E-74 1.14E-35 1.68E-23 1.71E-17 5.45E-14 6.69E-13 1.43E-12
 2.01E-12 2.69E-12 3.14E-12 3.13E-12 2.70E-12 2.39E-12
 1.00E-74 1.00E-74 1.14E-35 1.68E-23 1.71E-17 5.45E-14 6.69E-13 1.43E-12
 2.01E-12 2.69E-12 3.14E-12 3.13E-12 2.70E-12 2.39E-12
 1.00E-74 1.00E-74 1.14E-35 1.68E-23 1.71E-17 5.45E-14 6.69E-13 1.43E-12
 2.01E-12 2.69E-12 3.14E-12 3.13E-12 2.70E-12 2.39E-12
 1.00E-74 1.00E-74 1.14E-35 1.68E-23 1.71E-17 5.45E-14 6.70E-13 1.43E-12
 2.01E-12 2.70E-12 3.15E-12 3.14E-12 2.70E-12 2.39E-12
 1.00E-74 1.00E-74 1.17E-35 1.71E-23 1.73E-17 5.50E-14 6.77E-13 1.45E-12
 2.04E-12 2.75E-12 3.22E-12 3.21E-12 2.76E-12 2.44E-12
 1.00E-74 1.00E-74 1.45E-35 2.01E-23 1.96E-17 6.02E-14 7.47E-13 1.63E-12
 2.34E-12 3.22E-12 3.85E-12 3.89E-12 3.35E-12 2.95E-12
 1.00E-74 1.00E-74 4.06E-35 4.79E-23 4.05E-17 1.08E-13 1.34E-12 3.08E-12
 4.57E-12 6.51E-12 8.02E-12 8.33E-12 7.31E-12 6.48E-12
  27.4489    7  14 /pl=01:ss=13:pb= 1:sz=13/type=excit/ispb = t/isel =   26
 1.00E+10 1.00E+11 1.00E+12 1.00E+13 1.00E+14 1.00E+15 1.00E+16
 3.38E+00 5.07E+00 8.44E+00 1.69E+01 3.38E+01 8.44E+01 1.69E+02 2.53E+02
 3.38E+02 5.07E+02 8.44E+02 1.69E+03 3.38E+03 5.07E+03
 1.00E-74 1.00E-74 1.22E-32 3.55E-21 1.62E-15 3.22E-12 3.45E-11 7.19E-11
 1.01E-10 1.39E-10 1.72E-10 1.93E-10 1.95E-10 1.88E-10
 1.00E-74 1.00E-74 1.22E-32 3.55E-21 1.62E-15 3.22E-12 3.45E-11 7.19E-11
 1.01E-10 1.39E-10 1.72E-10 1.93E-10 1.95E-10 1.88E-10
 1.00E-74 1.00E-74 1.22E-32 3.55E-21 1.62E-15 3.22E-12 3.45E-11 7.19E-11
 1.01E-10 1.39E-10 1.72E-10 1.93E-10 1.95E-10 1.88E-10
 1.00E-74 1.00E-74 1.22E-32 3.55E-21 1.62E-15 3.22E-12 3.45E-11 7.19E-11
 1.01E-10 1.39E-10 1.72E-10 1.93E-10 1.95E-10 1.88E-10
 1.00E-74 1.00E-74 1.22E-32 3.55E-21 1.62E-15 3.21E-12 3.45E-11 7.19E-11
 1.01E-10 1.38E-10 1.72E-10 1.93E-10 1.94E-10 1.88E-10
 1.00E-74 4.97E-48 1.22E-32 3.55E-21 1.62E-15 3.20E-12 3.44E-11 7.15E-11
 1.00E-10 1.37E-10 1.70E-10 1.91E-10 1.93E-10 1.87E-10
 1.00E-74 4.97E-48 1.23E-32 3.52E-21 1.58E-15 3.10E-12 3.30E-11 6.82E-11
 9.53E-11 1.30E-10 1.61E-10 1.81E-10 1.84E-10 1.79E-10
  27.4850    7  14 /pl=01:ss=13:pb= 1:sz=13/type=excit/ispb = t/isel =   27
 1.00E+10 1.00E+11 1.00E+12 1.00E+13 1.00E+14 1.00E+15 1.00E+16
 3.38E+00 5.07E+00 8.44E+00 1.69E+01 3.38E+01 8.44E+01 1.69E+02 2.53E+02
 3.38E+02 5.07E+02 8.44E+02 1.69E+03 3.38E+03 5.07E+03
 1.00E-74 1.00E-74 4.71E-35 6.54E-23 6.48E-17 2.01E-13 2.44E-12 5.16E-12
 7.23E-12 9.64E-12 1.12E-11 1.10E-11 9.32E-12 8.17E-12
 1.00E-74 1.00E-74 4.71E-35 6.54E-23 6.48E-17 2.01E-13 2.44E-12 5.16E-12
 7.23E-12 9.64E-12 1.12E-11 1.10E-11 9.32E-12 8.17E-12
 1.00E-74 1.00E-74 4.71E-35 6.54E-23 6.48E-17 2.01E-13 2.44E-12 5.16E-12
 7.23E-12 9.64E-12 1.12E-11 1.10E-11 9.32E-12 8.17E-12
 1.00E-74 1.00E-74 4.71E-35 6.54E-23 6.48E-17 2.01E-13 2.44E-12 5.16E-12
 7.23E-12 9.64E-12 1.12E-11 1.10E-11 9.32E-12 8.17E-12
 1.00E-74 1.00E-74 4.72E-35 6.55E-23 6.48E-17 2.01E-13 2.44E-12 5.16E-12
 7.23E-12 9.64E-12 1.12E-11 1.10E-11 9.33E-12 8.18E-12
 1.00E-74 1.00E-74 4.78E-35 6.60E-23 6.51E-17 2.01E-13 2.44E-12 5.16E-12
 7.24E-12 9.65E-12 1.12E-11 1.10E-11 9.37E-12 8.22E-12
 1.00E-74 1.00E-74 5.36E-35 7.10E-23 6.76E-17 2.04E-13 2.46E-12 5.20E-12
 7.30E-12 9.74E-12 1.14E-11 1.13E-11 9.67E-12 8.53E-12
  27.5251    7  14 /pl=01:ss=13:pb= 1:sz=13/type=excit/ispb = t/isel =   28
 1.00E+10 1.00E+11 1.00E+12 1.00E+13 1.00E+14 1.00E+15 1.00E+16
 3.38E+00 5.07E+00 8.44E+00 1.69E+01 3.38E+01 8.44E+01 1.69E+02 2.53E+02
 3.38E+02 5.07E+02 8.44E+02 1.69E+03 3.38E+03 5.07E+03
 1.00E-74 1.00E-74 1.89E-35 2.52E-23 2.45E-17 7.57E-14 9.21E-13 1.97E-12
 2.76E-12 3.70E-12 4.32E-12 4.29E-12 3.71E-12 3.29E-12
 1.00E-74 1.00E-74 1.89E-35 2.52E-23 2.45E-17 7.57E-14 9.21E-13 1.97E-12
 2.76E-12 3.70E-12 4.32E-12 4.29E-12 3.71E-12 3.29E-12
 1.00E-74 1.00E-74 1.89E-35 2.52E-23 2.45E-17 7.57E-14 9.21E-13 1.97E-12
 2.76E-12 3.70E-12 4.33E-12 4.29E-12 3.71E-12 3.29E-12
 1.00E-74 1.00E-74 1.90E-35 2.53E-23 2.45E-17 7.59E-14 9.23E-13 1.97E-12
 2.77E-12 3.72E-12 4.34E-12 4.31E-12 3.73E-12 3.30E-12
 1.00E-74 1.00E-74 1.98E-35 2.61E-23 2.51E-17 7.71E-14 9.40E-13 2.02E-12
 2.84E-12 3.84E-12 4.50E-12 4.48E-12 3.87E-12 3.43E-12
 1.00E-74 1.00E-74 2.79E-35 3.40E-23 3.08E-17 8.98E-14 1.11E-12 2.47E-12
 3.58E-12 5.00E-12 6.05E-12 6.13E-12 5.29E-12 4.65E-12
 1.00E-74 1.00E-74 1.03E-34 1.08E-22 8.35E-17 2.07E-13 2.58E-12 6.02E-12
 9.01E-12 1.30E-11 1.62E-11 1.69E-11 1.49E-11 1.32E-11
  27.7231    7  14 /pl=01:ss=13:pb= 1:sz=13/type=excit/ispb = t/isel =   29
 1.00E+10 1.00E+11 1.00E+12 1.00E+13 1.00E+14 1.00E+15 1.00E+16
 3.38E+00 5.07E+00 8.44E+00 1.69E+01 3.38E+01 8.44E+01 1.69E+02 2.53E+02
 3.38E+02 5.07E+02 8.44E+02 1.69E+03 3.38E+03 5.07E+03
 1.00E-74 1.00E-74 3.86E-37 2.49E-24 5.30E-18 2.62E-14 3.71E-13 8.27E-13
 1.19E-12 1.63E-12 1.93E-12 1.93E-12 1.66E-12 1.46E-12
 1.00E-74 1.00E-74 3.86E-37 2.49E-24 5.30E-18 2.62E-14 3.71E-13 8.27E-13
 1.19E-12 1.63E-12 1.93E-12 1.93E-12 1.66E-12 1.46E-12
 1.00E-74 1.00E-74 3.86E-37 2.49E-24 5.30E-18 2.62E-14 3.71E-13 8.27E-13
 1.19E-12 1.63E-12 1.93E-12 1.93E-12 1.66E-12 1.46E-12
 1.00E-74 1.00E-74 3.86E-37 2.49E-24 5.30E-18 2.62E-14 3.71E-13 8.27E-13
 1.19E-12 1.63E-12 1.93E-12 1.93E-12 1.66E-12 1.46E-12
 1.00E-74 1.00E-74 3.86E-37 2.49E-24 5.30E-18 2.62E-14 3.71E-13 8.26E-13
 1.19E-12 1.62E-12 1.93E-12 1.92E-12 1.66E-12 1.46E-12
 1.00E-74 1.00E-74 3.88E-37 2.49E-24 5.30E-18 2.61E-14 3.69E-13 8.22E-13
 1.18E-12 1.61E-12 1.92E-12 1.91E-12 1.65E-12 1.45E-12
 1.00E-74 1.00E-74 4.06E-37 2.54E-24 5.28E-18 2.56E-14 3.58E-13 7.92E-13
 1.13E-12 1.54E-12 1.82E-12 1.82E-12 1.58E-12 1.40E-12
  28.0284    7  14 /pl=01:ss=13:pb= 1:sz=13/type=excit/ispb = t/isel =   30
 1.00E+10 1.00E+11 1.00E+12 1.00E+13 1.00E+14 1.00E+15 1.00E+16
 3.38E+00 5.07E+00 8.44E+00 1.69E+01 3.38E+01 8.44E+01 1.69E+02 2.53E+02
 3.38E+02 5.07E+02 8.44E+02 1.69E+03 3.38E+03 5.07E+03
 1.00E-74 1.00E-74 8.38E-37 5.40E-24 1.15E-17 5.69E-14 8.05E-13 1.80E-12
 2.58E-12 3.53E-12 4.20E-12 4.18E-12 3.60E-12 3.17E-12
 1.00E-74 1.00E-74 8.38E-37 5.40E-24 1.15E-17 5.69E-14 8.05E-13 1.80E-12
 2.58E-12 3.53E-12 4.20E-12 4.18E-12 3.60E-12 3.17E-12
 1.00E-74 1.00E-74 8.38E-37 5.40E-24 1.15E-17 5.69E-14 8.05E-13 1.80E-12
 2.58E-12 3.53E-12 4.20E-12 4.18E-12 3.60E-12 3.17E-12
 1.00E-74 1.00E-74 8.38E-37 5.40E-24 1.15E-17 5.69E-14 8.05E-13 1.80E-12
 2.58E-12 3.53E-12 4.20E-12 4.18E-12 3.60E-12 3.17E-12
 1.00E-74 1.00E-74 8.38E-37 5.40E-24 1.15E-17 5.69E-14 8.04E-13 1.79E-12
 2.58E-12 3.53E-12 4.20E-12 4.18E-12 3.59E-12 3.17E-12
 1.00E-74 1.00E-74 8.42E-37 5.41E-24 1.15E-17 5.68E-14 8.02E-13 1.79E-12
 2.56E-12 3.50E-12 4.16E-12 4.15E-12 3.57E-12 3.15E-12
 1.00E-74 1.00E-74 8.81E-37 5.51E-24 1.15E-17 5.57E-14 7.78E-13 1.72E-12
 2.46E-12 3.34E-12 3.96E-12 3.96E-12 3.43E-12 3.04E-12
  28.1777    7  14 /pl=01:ss=13:pb= 1:sz=13/type=excit/ispb = t/isel =   31
 1.00E+10 1.00E+11 1.00E+12 1.00E+13 1.00E+14 1.00E+15 1.00E+16
 3.38E+00 5.07E+00 8.44E+00 1.69E+01 3.38E+01 8.44E+01 1.69E+02 2.53E+02
 3.38E+02 5.07E+02 8.44E+02 1.69E+03 3.38E+03 5.07E+03
 1.00E-74 1.00E-74 3.92E-36 2.20E-23 4.38E-17 2.06E-13 2.88E-12 6.40E-12
 9.18E-12 1.25E-11 1.48E-11 1.48E-11 1.27E-11 1.12E-11
 1.00E-74 1.00E-74 3.92E-36 2.20E-23 4.38E-17 2.06E-13 2.88E-12 6.40E-12
 9.18E-12 1.25E-11 1.48E-11 1.48E-11 1.27E-11 1.12E-11
 1.00E-74 1.00E-74 3.92E-36 2.20E-23 4.38E-17 2.06E-13 2.88E-12 6.40E-12
 9.18E-12 1.25E-11 1.48E-11 1.48E-11 1.27E-11 1.12E-11
 1.00E-74 1.00E-74 3.92E-36 2.20E-23 4.38E-17 2.06E-13 2.88E-12 6.40E-12
 9.18E-12 1.25E-11 1.48E-11 1.48E-11 1.27E-11 1.12E-11
 1.00E-74 1.00E-74 3.92E-36 2.20E-23 4.38E-17 2.06E-13 2.88E-12 6.39E-12
 9.18E-12 1.25E-11 1.48E-11 1.48E-11 1.27E-11 1.12E-11
 1.00E-74 1.00E-74 3.93E-36 2.20E-23 4.37E-17 2.06E-13 2.87E-12 6.36E-12
 9.12E-12 1.24E-11 1.47E-11 1.46E-11 1.26E-11 1.11E-11
 1.00E-74 1.00E-74 4.09E-36 2.23E-23 4.34E-17 2.02E-13 2.78E-12 6.11E-12
 8.72E-12 1.18E-11 1.40E-11 1.40E-11 1.21E-11 1.07E-11
  28.2196    7  14 /pl=01:ss=13:pb= 1:sz=13/type=excit/ispb = t/isel =   32
 1.00E+10 1.00E+11 1.00E+12 1.00E+13 1.00E+14 1.00E+15 1.00E+16
 3.38E+00 5.07E+00 8.44E+00 1.69E+01 3.38E+01 8.44E+01 1.69E+02 2.53E+02
 3.38E+02 5.07E+02 8.44E+02 1.69E+03 3.38E+03 5.07E+03
 1.00E-74 1.00E-74 6.15E-34 8.64E-23 2.73E-17 4.43E-14 4.57E-13 9.35E-13
 1.31E-12 1.74E-12 2.03E-12 2.04E-12 1.81E-12 1.62E-12
 1.00E-74 1.00E-74 6.15E-34 8.64E-23 2.73E-17 4.43E-14 4.57E-13 9.35E-13
 1.31E-12 1.74E-12 2.03E-12 2.04E-12 1.81E-12 1.62E-12
 1.00E-74 8.63E-49 6.15E-34 8.64E-23 2.73E-17 4.43E-14 4.57E-13 9.35E-13
 1.31E-12 1.74E-12 2.03E-12 2.04E-12 1.81E-12 1.62E-12
 1.00E-74 6.91E-49 6.15E-34 8.64E-23 2.73E-17 4.43E-14 4.57E-13 9.35E-13
 1.31E-12 1.74E-12 2.03E-12 2.04E-12 1.81E-12 1.62E-12
 1.00E-74 6.86E-49 6.15E-34 8.63E-23 2.72E-17 4.43E-14 4.56E-13 9.34E-13
 1.31E-12 1.73E-12 2.03E-12 2.04E-12 1.81E-12 1.62E-12
 1.00E-74 6.83E-49 6.12E-34 8.57E-23 2.70E-17 4.40E-14 4.53E-13 9.26E-13
 1.29E-12 1.72E-12 2.01E-12 2.02E-12 1.79E-12 1.61E-12
 1.00E-74 6.47E-49 5.79E-34 8.03E-23 2.51E-17 4.08E-14 4.20E-13 8.56E-13
 1.19E-12 1.58E-12 1.85E-12 1.88E-12 1.68E-12 1.52E-12
  28.2945    7  14 /pl=01:ss=13:pb= 1:sz=13/type=excit/ispb = t/isel =   33
 1.00E+10 1.00E+11 1.00E+12 1.00E+13 1.00E+14 1.00E+15 1.00E+16
 3.38E+00 5.07E+00 8.44E+00 1.69E+01 3.38E+01 8.44E+01 1.69E+02 2.53E+02
 3.38E+02 5.07E+02 8.44E+02 1.69E+03 3.38E+03 5.07E+03
 1.00E-74 1.00E-74 1.13E-34 2.24E-22 2.67E-16 9.24E-13 1.16E-11 2.49E-11
 3.51E-11 4.70E-11 5.49E-11 5.40E-11 4.59E-11 4.02E-11
 1.00E-74 1.00E-74 1.13E-34 2.24E-22 2.67E-16 9.24E-13 1.16E-11 2.49E-11
 3.51E-11 4.70E-11 5.49E-11 5.40E-11 4.59E-11 4.02E-11
 1.00E-74 1.00E-74 1.13E-34 2.24E-22 2.67E-16 9.24E-13 1.16E-11 2.49E-11
 3.51E-11 4.70E-11 5.49E-11 5.40E-11 4.59E-11 4.02E-11
 1.00E-74 1.00E-74 1.13E-34 2.24E-22 2.67E-16 9.24E-13 1.16E-11 2.49E-11
 3.51E-11 4.70E-11 5.49E-11 5.40E-11 4.59E-11 4.02E-11
 1.00E-74 1.00E-74 1.13E-34 2.24E-22 2.67E-16 9.23E-13 1.16E-11 2.49E-11
 3.51E-11 4.69E-11 5.49E-11 5.39E-11 4.59E-11 4.02E-11
 1.00E-74 1.00E-74 1.13E-34 2.25E-22 2.67E-16 9.21E-13 1.16E-11 2.48E-11
 3.49E-11 4.66E-11 5.44E-11 5.35E-11 4.56E-11 4.00E-11
 1.00E-74 1.00E-74 1.17E-34 2.27E-22 2.65E-16 9.01E-13 1.12E-11 2.38E-11
 3.34E-11 4.43E-11 5.17E-11 5.10E-11 4.38E-11 3.85E-11
  28.6947    7  14 /pl=01:ss=13:pb= 1:sz=13/type=excit/ispb = t/isel =   34
 1.00E+10 1.00E+11 1.00E+12 1.00E+13 1.00E+14 1.00E+15 1.00E+16
 3.38E+00 5.07E+00 8.44E+00 1.69E+01 3.38E+01 8.44E+01 1.69E+02 2.53E+02
 3.38E+02 5.07E+02 8.44E+02 1.69E+03 3.38E+03 5.07E+03
 1.00E-74 1.00E-74 3.48E-35 4.83E-23 4.78E-17 1.48E-13 1.80E-12 3.81E-12
 5.34E-12 7.11E-12 8.26E-12 8.09E-12 6.88E-12 6.03E-12
 1.00E-74 1.00E-74 3.48E-35 4.83E-23 4.78E-17 1.48E-13 1.80E-12 3.81E-12
 5.34E-12 7.11E-12 8.26E-12 8.09E-12 6.88E-12 6.03E-12
 1.00E-74 1.00E-74 3.48E-35 4.83E-23 4.78E-17 1.48E-13 1.80E-12 3.81E-12
 5.34E-12 7.11E-12 8.26E-12 8.09E-12 6.88E-12 6.03E-12
 1.00E-74 1.00E-74 3.48E-35 4.83E-23 4.78E-17 1.48E-13 1.80E-12 3.81E-12
 5.34E-12 7.11E-12 8.26E-12 8.09E-12 6.88E-12 6.03E-12
 1.00E-74 1.00E-74 3.48E-35 4.83E-23 4.78E-17 1.48E-13 1.80E-12 3.81E-12
 5.34E-12 7.12E-12 8.26E-12 8.09E-12 6.88E-12 6.03E-12
 1.00E-74 1.00E-74 3.53E-35 4.87E-23 4.80E-17 1.49E-13 1.80E-12 3.81E-12
 5.35E-12 7.13E-12 8.28E-12 8.12E-12 6.92E-12 6.07E-12
 1.00E-74 1.00E-74 3.96E-35 5.24E-23 4.99E-17 1.51E-13 1.81E-12 3.84E-12
 5.39E-12 7.19E-12 8.39E-12 8.31E-12 7.14E-12 6.29E-12
  28.9486    7  14 /pl=01:ss=13:pb= 1:sz=13/type=excit/ispb = t/isel =   35
 1.00E+10 1.00E+11 1.00E+12 1.00E+13 1.00E+14 1.00E+15 1.00E+16
 3.38E+00 5.07E+00 8.44E+00 1.69E+01 3.38E+01 8.44E+01 1.69E+02 2.53E+02
 3.38E+02 5.07E+02 8.44E+02 1.69E+03 3.38E+03 5.07E+03
 1.00E-74 1.00E-74 2.58E-35 5.42E-23 6.61E-17 2.32E-13 2.93E-12 6.30E-12
 8.89E-12 1.19E-11 1.39E-11 1.37E-11 1.17E-11 1.02E-11
 1.00E-74 1.00E-74 2.58E-35 5.42E-23 6.61E-17 2.32E-13 2.93E-12 6.30E-12
 8.89E-12 1.19E-11 1.39E-11 1.37E-11 1.17E-11 1.02E-11
 1.00E-74 1.00E-74 2.58E-35 5.42E-23 6.61E-17 2.32E-13 2.93E-12 6.30E-12
 8.89E-12 1.19E-11 1.39E-11 1.37E-11 1.17E-11 1.02E-11
 1.00E-74 1.00E-74 2.58E-35 5.42E-23 6.61E-17 2.32E-13 2.93E-12 6.30E-12
 8.89E-12 1.19E-11 1.39E-11 1.37E-11 1.17E-11 1.02E-11
 1.00E-74 1.00E-74 2.58E-35 5.42E-23 6.61E-17 2.32E-13 2.93E-12 6.30E-12
 8.88E-12 1.19E-11 1.39E-11 1.37E-11 1.17E-11 1.02E-11
 1.00E-74 1.00E-74 2.59E-35 5.42E-23 6.59E-17 2.31E-13 2.92E-12 6.26E-12
 8.83E-12 1.18E-11 1.38E-11 1.36E-11 1.16E-11 1.02E-11
 1.00E-74 1.00E-74 2.62E-35 5.40E-23 6.46E-17 2.24E-13 2.81E-12 5.98E-12
 8.39E-12 1.12E-11 1.30E-11 1.29E-11 1.11E-11 9.77E-12
  29.2386    7  14 /pl=01:ss=13:pb= 1:sz=13/type=excit/ispb = t/isel =   36
 1.00E+10 1.00E+11 1.00E+12 1.00E+13 1.00E+14 1.00E+15 1.00E+16
 3.38E+00 5.07E+00 8.44E+00 1.69E+01 3.38E+01 8.44E+01 1.69E+02 2.53E+02
 3.38E+02 5.07E+02 8.44E+02 1.69E+03 3.38E+03 5.07E+03
 1.00E-74 1.00E-74 9.55E-33 6.98E-22 1.71E-16 2.73E-13 3.21E-12 7.08E-12
 1.03E-11 1.45E-11 1.79E-11 1.92E-11 1.80E-11 1.68E-11
 1.00E-74 1.00E-74 9.55E-33 6.98E-22 1.71E-16 2.73E-13 3.21E-12 7.08E-12
 1.03E-11 1.45E-11 1.79E-11 1.92E-11 1.80E-11 1.68E-11
 1.00E-74 1.00E-74 9.55E-33 6.98E-22 1.71E-16 2.73E-13 3.21E-12 7.08E-12
 1.03E-11 1.45E-11 1.79E-11 1.92E-11 1.80E-11 1.68E-11
 1.00E-74 1.00E-74 9.55E-33 6.98E-22 1.71E-16 2.73E-13 3.21E-12 7.08E-12
 1.03E-11 1.45E-11 1.79E-11 1.92E-11 1.80E-11 1.68E-11
 1.00E-74 3.36E-47 9.56E-33 6.98E-22 1.71E-16 2.73E-13 3.21E-12 7.08E-12
 1.03E-11 1.45E-11 1.79E-11 1.92E-11 1.80E-11 1.68E-11
 1.00E-74 3.11E-47 9.59E-33 7.01E-22 1.71E-16 2.73E-13 3.20E-12 7.05E-12
 1.03E-11 1.44E-11 1.77E-11 1.90E-11 1.79E-11 1.67E-11
 1.00E-74 3.15E-47 9.90E-33 7.22E-22 1.73E-16 2.71E-13 3.12E-12 6.80E-12
 9.83E-12 1.37E-11 1.68E-11 1.81E-11 1.71E-11 1.60E-11
  29.2816    7  14 /pl=01:ss=13:pb= 1:sz=13/type=excit/ispb = t/isel =   37
 1.00E+10 1.00E+11 1.00E+12 1.00E+13 1.00E+14 1.00E+15 1.00E+16
 3.38E+00 5.07E+00 8.44E+00 1.69E+01 3.38E+01 8.44E+01 1.69E+02 2.53E+02
 3.38E+02 5.07E+02 8.44E+02 1.69E+03 3.38E+03 5.07E+03
 1.00E-74 1.00E-74 1.13E-35 2.38E-23 2.91E-17 1.02E-13 1.29E-12 2.77E-12
 3.91E-12 5.24E-12 6.12E-12 6.02E-12 5.14E-12 4.50E-12
 1.00E-74 1.00E-74 1.13E-35 2.38E-23 2.91E-17 1.02E-13 1.29E-12 2.77E-12
 3.91E-12 5.24E-12 6.12E-12 6.02E-12 5.14E-12 4.50E-12
 1.00E-74 1.00E-74 1.13E-35 2.38E-23 2.91E-17 1.02E-13 1.29E-12 2.77E-12
 3.91E-12 5.24E-12 6.12E-12 6.02E-12 5.14E-12 4.50E-12
 1.00E-74 1.00E-74 1.13E-35 2.38E-23 2.91E-17 1.02E-13 1.29E-12 2.77E-12
 3.91E-12 5.24E-12 6.12E-12 6.02E-12 5.14E-12 4.50E-12
 1.00E-74 1.00E-74 1.13E-35 2.38E-23 2.90E-17 1.02E-13 1.29E-12 2.77E-12
 3.90E-12 5.23E-12 6.12E-12 6.01E-12 5.13E-12 4.50E-12
 1.00E-74 1.00E-74 1.14E-35 2.38E-23 2.90E-17 1.02E-13 1.28E-12 2.75E-12
 3.88E-12 5.19E-12 6.07E-12 5.97E-12 5.10E-12 4.47E-12
 1.00E-74 1.00E-74 1.15E-35 2.37E-23 2.84E-17 9.86E-14 1.24E-12 2.63E-12
 3.69E-12 4.92E-12 5.73E-12 5.66E-12 4.87E-12 4.29E-12
  29.7751    7  14 /pl=01:ss=13:pb= 1:sz=13/type=excit/ispb = t/isel =   38
 1.00E+10 1.00E+11 1.00E+12 1.00E+13 1.00E+14 1.00E+15 1.00E+16
 3.38E+00 5.07E+00 8.44E+00 1.69E+01 3.38E+01 8.44E+01 1.69E+02 2.53E+02
 3.38E+02 5.07E+02 8.44E+02 1.69E+03 3.38E+03 5.07E+03
 1.00E-74 1.00E-74 1.39E-35 1.93E-23 1.91E-17 5.93E-14 7.19E-13 1.52E-12
 2.13E-12 2.84E-12 3.30E-12 3.23E-12 2.75E-12 2.41E-12
 1.00E-74 1.00E-74 1.39E-35 1.93E-23 1.91E-17 5.93E-14 7.19E-13 1.52E-12
 2.13E-12 2.84E-12 3.30E-12 3.23E-12 2.75E-12 2.41E-12
 1.00E-74 1.00E-74 1.39E-35 1.93E-23 1.91E-17 5.93E-14 7.19E-13 1.52E-12
 2.13E-12 2.84E-12 3.30E-12 3.23E-12 2.75E-12 2.41E-12
 1.00E-74 1.00E-74 1.39E-35 1.93E-23 1.91E-17 5.93E-14 7.19E-13 1.52E-12
 2.13E-12 2.84E-12 3.30E-12 3.23E-12 2.75E-12 2.41E-12
 1.00E-74 1.00E-74 1.39E-35 1.93E-23 1.91E-17 5.93E-14 7.19E-13 1.52E-12
 2.13E-12 2.84E-12 3.30E-12 3.24E-12 2.75E-12 2.41E-12
 1.00E-74 1.00E-74 1.41E-35 1.95E-23 1.92E-17 5.94E-14 7.19E-13 1.52E-12
 2.14E-12 2.85E-12 3.31E-12 3.25E-12 2.77E-12 2.43E-12
 1.00E-74 1.00E-74 1.58E-35 2.09E-23 1.99E-17 6.02E-14 7.25E-13 1.54E-12
 2.15E-12 2.88E-12 3.35E-12 3.32E-12 2.85E-12 2.52E-12
  31.5163    7  14 /pl=01:ss=13:pb= 1:sz=13/type=excit/ispb = t/isel =   39
 1.00E+10 1.00E+11 1.00E+12 1.00E+13 1.00E+14 1.00E+15 1.00E+16
 3.38E+00 5.07E+00 8.44E+00 1.69E+01 3.38E+01 8.44E+01 1.69E+02 2.53E+02
 3.38E+02 5.07E+02 8.44E+02 1.69E+03 3.38E+03 5.07E+03
 1.00E-74 1.00E-74 2.74E-33 3.84E-22 1.21E-16 1.97E-13 2.03E-12 4.16E-12
 5.81E-12 7.72E-12 9.03E-12 9.08E-12 8.04E-12 7.20E-12
 1.00E-74 1.00E-74 2.74E-33 3.84E-22 1.21E-16 1.97E-13 2.03E-12 4.16E-12
 5.81E-12 7.72E-12 9.03E-12 9.08E-12 8.04E-12 7.20E-12
 1.00E-74 3.84E-48 2.74E-33 3.84E-22 1.21E-16 1.97E-13 2.03E-12 4.16E-12
 5.81E-12 7.72E-12 9.03E-12 9.08E-12 8.04E-12 7.20E-12
 1.00E-74 3.07E-48 2.74E-33 3.84E-22 1.21E-16 1.97E-13 2.03E-12 4.16E-12
 5.81E-12 7.72E-12 9.03E-12 9.08E-12 8.04E-12 7.20E-12
 1.00E-74 3.05E-48 2.74E-33 3.84E-22 1.21E-16 1.97E-13 2.03E-12 4.16E-12
 5.81E-12 7.71E-12 9.02E-12 9.07E-12 8.04E-12 7.20E-12
 1.00E-74 3.04E-48 2.72E-33 3.81E-22 1.20E-16 1.96E-13 2.01E-12 4.12E-12
 5.75E-12 7.63E-12 8.92E-12 8.98E-12 7.97E-12 7.14E-12
 1.00E-74 2.88E-48 2.58E-33 3.57E-22 1.12E-16 1.82E-13 1.87E-12 3.81E-12
 5.30E-12 7.03E-12 8.24E-12 8.35E-12 7.49E-12 6.76E-12
  32.4065    7  14 /pl=01:ss=13:pb= 1:sz=13/type=excit/ispb = t/isel =   40
 1.00E+10 1.00E+11 1.00E+12 1.00E+13 1.00E+14 1.00E+15 1.00E+16
 3.38E+00 5.07E+00 8.44E+00 1.69E+01 3.38E+01 8.44E+01 1.69E+02 2.53E+02
 3.38E+02 5.07E+02 8.44E+02 1.69E+03 3.38E+03 5.07E+03
 1.00E-74 1.00E-74 8.11E-34 1.14E-22 3.59E-17 5.84E-14 6.02E-13 1.23E-12
 1.72E-12 2.29E-12 2.68E-12 2.69E-12 2.38E-12 2.13E-12
 1.00E-74 1.00E-74 8.11E-34 1.14E-22 3.59E-17 5.84E-14 6.02E-13 1.23E-12
 1.72E-12 2.29E-12 2.68E-12 2.69E-12 2.38E-12 2.13E-12
 1.00E-74 1.14E-48 8.11E-34 1.14E-22 3.59E-17 5.84E-14 6.02E-13 1.23E-12
 1.72E-12 2.29E-12 2.68E-12 2.69E-12 2.38E-12 2.13E-12
 1.00E-74 9.10E-49 8.11E-34 1.14E-22 3.59E-17 5.84E-14 6.02E-13 1.23E-12
 1.72E-12 2.29E-12 2.68E-12 2.69E-12 2.38E-12 2.13E-12
 1.00E-74 9.05E-49 8.11E-34 1.14E-22 3.59E-17 5.84E-14 6.02E-13 1.23E-12
 1.72E-12 2.29E-12 2.67E-12 2.69E-12 2.38E-12 2.13E-12
 1.00E-74 9.00E-49 8.06E-34 1.13E-22 3.56E-17 5.79E-14 5.97E-13 1.22E-12
 1.70E-12 2.26E-12 2.64E-12 2.66E-12 2.36E-12 2.12E-12
 1.00E-74 8.53E-49 7.63E-34 1.06E-22 3.31E-17 5.38E-14 5.54E-13 1.13E-12
 1.57E-12 2.08E-12 2.44E-12 2.47E-12 2.22E-12 2.00E-12
  32.8244    7  14 /pl=01:ss=13:pb= 1:sz=13/type=excit/ispb = t/isel =   41
 1.00E+10 1.00E+11 1.00E+12 1.00E+13 1.00E+14 1.00E+15 1.00E+16
 3.38E+00 5.07E+00 8.44E+00 1.69E+01 3.38E+01 8.44E+01 1.69E+02 2.53E+02
 3.38E+02 5.07E+02 8.44E+02 1.69E+03 3.38E+03 5.07E+03
 1.00E-74 1.00E-74 6.57E-33 9.23E-22 2.91E-16 4.74E-13 4.88E-12 9.99E-12
 1.40E-11 1.85E-11 2.17E-11 2.18E-11 1.93E-11 1.73E-11
 1.00E-74 1.00E-74 6.57E-33 9.23E-22 2.91E-16 4.74E-13 4.88E-12 9.99E-12
 1.40E-11 1.85E-11 2.17E-11 2.18E-11 1.93E-11 1.73E-11
 1.00E-74 9.22E-48 6.57E-33 9.23E-22 2.91E-16 4.74E-13 4.88E-12 9.99E-12
 1.40E-11 1.85E-11 2.17E-11 2.18E-11 1.93E-11 1.73E-11
 1.00E-74 7.38E-48 6.57E-33 9.23E-22 2.91E-16 4.74E-13 4.88E-12 9.99E-12
 1.40E-11 1.85E-11 2.17E-11 2.18E-11 1.93E-11 1.73E-11
 1.00E-74 7.33E-48 6.57E-33 9.22E-22 2.91E-16 4.73E-13 4.87E-12 9.98E-12
 1.39E-11 1.85E-11 2.17E-11 2.18E-11 1.93E-11 1.73E-11
 1.00E-74 7.29E-48 6.53E-33 9.16E-22 2.89E-16 4.70E-13 4.84E-12 9.89E-12
 1.38E-11 1.83E-11 2.14E-11 2.16E-11 1.91E-11 1.72E-11
 1.00E-74 6.91E-48 6.18E-33 8.58E-22 2.68E-16 4.36E-13 4.49E-12 9.15E-12
 1.27E-11 1.69E-11 1.98E-11 2.01E-11 1.80E-11 1.62E-11
  59.6267    7  14 /pl=01:ss=13:pb= 1:sz=13/type=excit/ispb = t/isel =   42
 1.00E+10 1.00E+11 1.00E+12 1.00E+13 1.00E+14 1.00E+15 1.00E+16
 3.38E+00 5.07E+00 8.44E+00 1.69E+01 3.38E+01 8.44E+01 1.69E+02 2.53E+02
 3.38E+02 5.07E+02 8.44E+02 1.69E+03 3.38E+03 5.07E+03
 1.00E-74 1.00E-74 2.00E-44 5.33E-28 8.01E-20 5.11E-15 1.71E-13 5.12E-13
 8.57E-13 1.38E-12 1.91E-12 2.25E-12 2.27E-12 2.19E-12
 1.00E-74 1.00E-74 1.60E-44 5.33E-28 8.01E-20 5.11E-15 1.71E-13 5.12E-13
 8.57E-13 1.38E-12 1.91E-12 2.25E-12 2.27E-12 2.19E-12
 1.00E-74 1.00E-74 1.70E-44 5.33E-28 8.01E-20 5.11E-15 1.71E-13 5.12E-13
 8.57E-13 1.38E-12 1.91E-12 2.25E-12 2.27E-12 2.19E-12
 1.00E-74 1.00E-74 1.70E-44 5.33E-28 8.01E-20 5.11E-15 1.71E-13 5.12E-13
 8.57E-13 1.38E-12 1.91E-12 2.25E-12 2.27E-12 2.19E-12
 1.00E-74 1.00E-74 1.70E-44 5.33E-28 8.00E-20 5.11E-15 1.71E-13 5.11E-13
 8.57E-13 1.38E-12 1.90E-12 2.25E-12 2.27E-12 2.19E-12
 1.00E-74 1.00E-74 1.70E-44 5.32E-28 7.98E-20 5.09E-15 1.70E-13 5.08E-13
 8.51E-13 1.36E-12 1.89E-12 2.23E-12 2.26E-12 2.18E-12
 1.00E-74 1.00E-74 1.70E-44 5.25E-28 7.76E-20 4.91E-15 1.63E-13 4.84E-13
 8.06E-13 1.29E-12 1.78E-12 2.11E-12 2.15E-12 2.08E-12
  78.9952    7  14 /pl=01:ss=13:pb= 1:sz=13/type=excit/ispb = t/isel =   43
 1.00E+10 1.00E+11 1.00E+12 1.00E+13 1.00E+14 1.00E+15 1.00E+16
 3.38E+00 5.07E+00 8.44E+00 1.69E+01 3.38E+01 8.44E+01 1.69E+02 2.53E+02
 3.38E+02 5.07E+02 8.44E+02 1.69E+03 3.38E+03 5.07E+03
 1.00E-74 1.00E-74 1.13E-40 6.99E-26 1.49E-18 3.06E-14 7.16E-13 1.90E-12
 2.98E-12 4.44E-12 5.67E-12 6.02E-12 5.41E-12 4.88E-12
 1.00E-74 1.00E-74 1.13E-40 6.99E-26 1.49E-18 3.06E-14 7.16E-13 1.90E-12
 2.98E-12 4.44E-12 5.67E-12 6.02E-12 5.41E-12 4.88E-12
 1.00E-74 1.00E-74 1.13E-40 6.99E-26 1.49E-18 3.06E-14 7.16E-13 1.90E-12
 2.98E-12 4.44E-12 5.67E-12 6.02E-12 5.41E-12 4.88E-12
 1.00E-74 1.00E-74 1.13E-40 6.99E-26 1.49E-18 3.06E-14 7.16E-13 1.90E-12
 2.98E-12 4.44E-12 5.67E-12 6.02E-12 5.41E-12 4.88E-12
 1.00E-74 1.00E-74 1.13E-40 6.99E-26 1.49E-18 3.05E-14 7.16E-13 1.89E-12
 2.98E-12 4.43E-12 5.67E-12 6.02E-12 5.40E-12 4.87E-12
 1.00E-74 1.00E-74 1.13E-40 6.97E-26 1.48E-18 3.04E-14 7.12E-13 1.88E-12
 2.96E-12 4.40E-12 5.62E-12 5.97E-12 5.36E-12 4.84E-12
 1.00E-74 1.00E-74 1.13E-40 6.85E-26 1.43E-18 2.93E-14 6.81E-13 1.79E-12
 2.80E-12 4.14E-12 5.28E-12 5.63E-12 5.10E-12 4.63E-12
  84.6955    7  14 /pl=01:ss=13:pb= 1:sz=13/type=excit/ispb = t/isel =   44
 1.00E+10 1.00E+11 1.00E+12 1.00E+13 1.00E+14 1.00E+15 1.00E+16
 3.38E+00 5.07E+00 8.44E+00 1.69E+01 3.38E+01 8.44E+01 1.69E+02 2.53E+02
 3.38E+02 5.07E+02 8.44E+02 1.69E+03 3.38E+03 5.07E+03
 1.00E-74 1.00E-74 6.27E-41 5.13E-26 1.24E-18 2.67E-14 6.27E-13 1.68E-12
 2.65E-12 4.05E-12 5.39E-12 6.29E-12 6.30E-12 6.09E-12
 1.00E-74 1.00E-74 6.27E-41 5.13E-26 1.24E-18 2.67E-14 6.27E-13 1.68E-12
 2.65E-12 4.05E-12 5.39E-12 6.29E-12 6.30E-12 6.09E-12
 1.00E-74 1.00E-74 6.27E-41 5.13E-26 1.24E-18 2.67E-14 6.27E-13 1.68E-12
 2.65E-12 4.05E-12 5.39E-12 6.29E-12 6.30E-12 6.09E-12
 1.00E-74 1.00E-74 6.27E-41 5.13E-26 1.24E-18 2.67E-14 6.27E-13 1.68E-12
 2.65E-12 4.05E-12 5.39E-12 6.29E-12 6.30E-12 6.09E-12
 1.00E-74 1.00E-74 6.27E-41 5.13E-26 1.24E-18 2.67E-14 6.27E-13 1.67E-12
 2.64E-12 4.04E-12 5.39E-12 6.29E-12 6.30E-12 6.09E-12
 1.00E-74 1.00E-74 6.27E-41 5.12E-26 1.24E-18 2.66E-14 6.24E-13 1.66E-12
 2.62E-12 4.01E-12 5.34E-12 6.24E-12 6.25E-12 6.05E-12
 1.00E-74 1.00E-74 6.27E-41 5.04E-26 1.20E-18 2.56E-14 5.98E-13 1.58E-12
 2.49E-12 3.78E-12 5.03E-12 5.90E-12 5.96E-12 5.79E-12
  90.8595    7  14 /pl=01:ss=13:pb= 1:sz=13/type=excit/ispb = t/isel =   45
 1.00E+10 1.00E+11 1.00E+12 1.00E+13 1.00E+14 1.00E+15 1.00E+16
 3.38E+00 5.07E+00 8.44E+00 1.69E+01 3.38E+01 8.44E+01 1.69E+02 2.53E+02
 3.38E+02 5.07E+02 8.44E+02 1.69E+03 3.38E+03 5.07E+03
 1.00E-74 1.00E-74 3.57E-41 3.36E-26 8.66E-19 1.91E-14 4.50E-13 1.19E-12
 1.87E-12 2.81E-12 3.65E-12 3.96E-12 3.62E-12 3.28E-12
 1.00E-74 1.00E-74 3.57E-41 3.36E-26 8.66E-19 1.91E-14 4.50E-13 1.19E-12
 1.87E-12 2.81E-12 3.65E-12 3.96E-12 3.62E-12 3.28E-12
 1.00E-74 1.00E-74 3.57E-41 3.36E-26 8.66E-19 1.91E-14 4.50E-13 1.19E-12
 1.87E-12 2.81E-12 3.65E-12 3.96E-12 3.62E-12 3.28E-12
 1.00E-74 1.00E-74 3.57E-41 3.36E-26 8.66E-19 1.91E-14 4.50E-13 1.19E-12
 1.87E-12 2.81E-12 3.65E-12 3.96E-12 3.62E-12 3.28E-12
 1.00E-74 1.00E-74 3.57E-41 3.36E-26 8.66E-19 1.91E-14 4.50E-13 1.19E-12
 1.87E-12 2.81E-12 3.65E-12 3.96E-12 3.61E-12 3.28E-12
 1.00E-74 1.00E-74 3.59E-41 3.36E-26 8.66E-19 1.91E-14 4.49E-13 1.19E-12
 1.86E-12 2.79E-12 3.62E-12 3.93E-12 3.59E-12 3.26E-12
 1.00E-74 1.00E-74 3.75E-41 3.42E-26 8.61E-19 1.87E-14 4.35E-13 1.14E-12
 1.78E-12 2.65E-12 3.43E-12 3.74E-12 3.43E-12 3.13E-12
  201.157    7  14 /pl=01:ss=13:pb= 1:sz=13/type=excit/ispb = t/isel =   46
 1.00E+10 1.00E+11 1.00E+12 1.00E+13 1.00E+14 1.00E+15 1.00E+16
 3.38E+00 5.07E+00 8.44E+00 1.69E+01 3.38E+01 8.44E+01 1.69E+02 2.53E+02
 3.38E+02 5.07E+02 8.44E+02 1.69E+03 3.38E+03 5.07E+03
 2.30E-16 8.25E-14 8.33E-12 2.29E-10 1.03E-09 2.07E-09 2.30E-09 2.25E-09
 2.18E-09 2.03E-09 1.81E-09 1.50E-09 1.21E-09 1.06E-09
 2.30E-16 8.25E-14 8.33E-12 2.29E-10 1.03E-09 2.07E-09 2.30E-09 2.25E-09
 2.18E-09 2.03E-09 1.81E-09 1.50E-09 1.21E-09 1.06E-09
 2.30E-16 8.25E-14 8.33E-12 2.29E-10 1.03E-09 2.07E-09 2.30E-09 2.25E-09
 2.18E-09 2.03E-09 1.81E-09 1.50E-09 1.21E-09 1.06E-09
 2.30E-16 8.25E-14 8.33E-12 2.29E-10 1.03E-09 2.07E-09 2.30E-09 2.25E-09
 2.18E-09 2.03E-09 1.81E-09 1.50E-09 1.21E-09 1.06E-09
 2.30E-16 8.25E-14 8.33E-12 2.29E-10 1.03E-09 2.07E-09 2.30E-09 2.25E-09
 2.17E-09 2.03E-09 1.81E-09 1.50E-09 1.21E-09 1.05E-09
 2.30E-16 8.25E-14 8.32E-12 2.28E-10 1.02E-09 2.06E-09 2.29E-09 2.24E-09
 2.16E-09 2.01E-09 1.79E-09 1.48E-09 1.20E-09 1.05E-09
 2.28E-16 8.20E-14 8.25E-12 2.24E-10 9.89E-10 1.98E-09 2.19E-09 2.12E-09
 2.04E-09 1.89E-09 1.69E-09 1.40E-09 1.14E-09 1.00E-09
  218.419    7  14 /pl=01:ss=13:pb= 1:sz=13/type=excit/ispb = t/isel =   47
 1.00E+10 1.00E+11 1.00E+12 1.00E+13 1.00E+14 1.00E+15 1.00E+16
 3.38E+00 5.07E+00 8.44E+00 1.69E+01 3.38E+01 8.44E+01 1.69E+02 2.53E+02
 3.38E+02 5.07E+02 8.44E+02 1.69E+03 3.38E+03 5.07E+03
 1.45E-16 3.22E-14 2.21E-12 4.57E-11 1.78E-10 3.30E-10 3.58E-10 3.52E-10
 3.41E-10 3.20E-10 2.88E-10 2.40E-10 1.93E-10 1.69E-10
 1.45E-16 3.22E-14 2.21E-12 4.57E-11 1.78E-10 3.30E-10 3.58E-10 3.52E-10
 3.41E-10 3.20E-10 2.88E-10 2.40E-10 1.93E-10 1.69E-10
 1.45E-16 3.22E-14 2.21E-12 4.57E-11 1.78E-10 3.30E-10 3.58E-10 3.52E-10
 3.41E-10 3.20E-10 2.88E-10 2.40E-10 1.93E-10 1.69E-10
 1.45E-16 3.22E-14 2.21E-12 4.57E-11 1.78E-10 3.30E-10 3.58E-10 3.52E-10
 3.41E-10 3.20E-10 2.88E-10 2.39E-10 1.93E-10 1.69E-10
 1.45E-16 3.22E-14 2.21E-12 4.56E-11 1.78E-10 3.30E-10 3.58E-10 3.51E-10
 3.41E-10 3.20E-10 2.87E-10 2.39E-10 1.93E-10 1.69E-10
 1.45E-16 3.22E-14 2.21E-12 4.55E-11 1.77E-10 3.28E-10 3.56E-10 3.49E-10
 3.38E-10 3.17E-10 2.85E-10 2.37E-10 1.92E-10 1.68E-10
 1.44E-16 3.19E-14 2.19E-12 4.46E-11 1.71E-10 3.16E-10 3.40E-10 3.31E-10
 3.20E-10 2.98E-10 2.68E-10 2.24E-10 1.83E-10 1.60E-10
  269.778    7  14 /pl=01:ss=13:pb= 1:sz=13/type=excit/ispb = t/isel =   48
 1.00E+10 1.00E+11 1.00E+12 1.00E+13 1.00E+14 1.00E+15 1.00E+16
 3.38E+00 5.07E+00 8.44E+00 1.69E+01 3.38E+01 8.44E+01 1.69E+02 2.53E+02
 3.38E+02 5.07E+02 8.44E+02 1.69E+03 3.38E+03 5.07E+03
 1.43E-14 1.10E-12 3.22E-11 3.51E-10 1.00E-09 1.55E-09 1.59E-09 1.53E-09
 1.47E-09 1.37E-09 1.22E-09 1.00E-09 8.05E-10 6.99E-10
 1.43E-14 1.10E-12 3.22E-11 3.51E-10 1.00E-09 1.55E-09 1.59E-09 1.53E-09
 1.47E-09 1.37E-09 1.22E-09 1.00E-09 8.05E-10 6.99E-10
 1.43E-14 1.10E-12 3.22E-11 3.51E-10 1.00E-09 1.55E-09 1.59E-09 1.53E-09
 1.47E-09 1.37E-09 1.22E-09 1.00E-09 8.05E-10 6.99E-10
 1.43E-14 1.10E-12 3.22E-11 3.51E-10 1.00E-09 1.55E-09 1.59E-09 1.53E-09
 1.47E-09 1.37E-09 1.22E-09 1.00E-09 8.05E-10 6.99E-10
 1.43E-14 1.10E-12 3.22E-11 3.50E-10 1.00E-09 1.55E-09 1.59E-09 1.53E-09
 1.47E-09 1.37E-09 1.22E-09 1.00E-09 8.05E-10 6.99E-10
 1.43E-14 1.10E-12 3.22E-11 3.50E-10 9.97E-10 1.55E-09 1.58E-09 1.52E-09
 1.46E-09 1.36E-09 1.21E-09 9.94E-10 7.99E-10 6.94E-10
 1.41E-14 1.08E-12 3.17E-11 3.41E-10 9.62E-10 1.48E-09 1.51E-09 1.44E-09
 1.38E-09 1.28E-09 1.14E-09 9.39E-10 7.61E-10 6.64E-10
  460.224    7  14 /pl=01:ss=13:pb= 1:sz=13/type=excit/ispb = t/isel =   49
 1.00E+10 1.00E+11 1.00E+12 1.00E+13 1.00E+14 1.00E+15 1.00E+16
 3.38E+00 5.07E+00 8.44E+00 1.69E+01 3.38E+01 8.44E+01 1.69E+02 2.53E+02
 3.38E+02 5.07E+02 8.44E+02 1.69E+03 3.38E+03 5.07E+03
 2.02E-14 2.37E-13 1.56E-12 5.60E-12 9.27E-12 1.09E-11 1.41E-11 1.83E-11
 2.16E-11 2.53E-11 2.74E-11 2.59E-11 2.19E-11 1.92E-11
 2.02E-14 2.37E-13 1.56E-12 5.60E-12 9.27E-12 1.09E-11 1.41E-11 1.83E-11
 2.16E-11 2.53E-11 2.74E-11 2.59E-11 2.19E-11 1.92E-11
 2.02E-14 2.37E-13 1.56E-12 5.60E-12 9.27E-12 1.09E-11 1.41E-11 1.83E-11
 2.16E-11 2.53E-11 2.73E-11 2.59E-11 2.19E-11 1.92E-11
 2.02E-14 2.37E-13 1.56E-12 5.60E-12 9.27E-12 1.09E-11 1.41E-11 1.83E-11
 2.16E-11 2.53E-11 2.73E-11 2.59E-11 2.19E-11 1.92E-11
 2.02E-14 2.37E-13 1.56E-12 5.59E-12 9.26E-12 1.09E-11 1.41E-11 1.83E-11
 2.15E-11 2.52E-11 2.72E-11 2.58E-11 2.18E-11 1.91E-11
 2.00E-14 2.35E-13 1.55E-12 5.56E-12 9.20E-12 1.08E-11 1.39E-11 1.78E-11
 2.08E-11 2.42E-11 2.60E-11 2.46E-11 2.09E-11 1.84E-11
 1.83E-14 2.18E-13 1.45E-12 5.22E-12 8.62E-12 1.01E-11 1.21E-11 1.43E-11
 1.59E-11 1.73E-11 1.79E-11 1.69E-11 1.48E-11 1.34E-11
  809.717    7  14 /pl=01:ss=13:pb= 1:sz=13/type=excit/ispb = t/isel =   50
 1.00E+10 1.00E+11 1.00E+12 1.00E+13 1.00E+14 1.00E+15 1.00E+16
 3.38E+00 5.07E+00 8.44E+00 1.69E+01 3.38E+01 8.44E+01 1.69E+02 2.53E+02
 3.38E+02 5.07E+02 8.44E+02 1.69E+03 3.38E+03 5.07E+03
 1.00E-74 1.00E-74 1.82E-33 2.56E-22 8.07E-17 1.31E-13 1.35E-12 2.77E-12
 3.87E-12 5.14E-12 6.01E-12 6.04E-12 5.35E-12 4.79E-12
 1.00E-74 1.00E-74 1.82E-33 2.56E-22 8.07E-17 1.31E-13 1.35E-12 2.77E-12
 3.87E-12 5.14E-12 6.01E-12 6.04E-12 5.35E-12 4.79E-12
 1.00E-74 2.56E-48 1.82E-33 2.56E-22 8.07E-17 1.31E-13 1.35E-12 2.77E-12
 3.87E-12 5.14E-12 6.01E-12 6.04E-12 5.35E-12 4.79E-12
 1.00E-74 2.04E-48 1.82E-33 2.56E-22 8.07E-17 1.31E-13 1.35E-12 2.77E-12
 3.87E-12 5.14E-12 6.01E-12 6.04E-12 5.35E-12 4.79E-12
 1.00E-74 2.03E-48 1.82E-33 2.56E-22 8.06E-17 1.31E-13 1.35E-12 2.77E-12
 3.87E-12 5.13E-12 6.00E-12 6.04E-12 5.35E-12 4.79E-12
 1.00E-74 2.02E-48 1.81E-33 2.54E-22 8.00E-17 1.30E-13 1.34E-12 2.74E-12
 3.83E-12 5.08E-12 5.94E-12 5.98E-12 5.31E-12 4.76E-12
 1.00E-74 1.92E-48 1.71E-33 2.38E-22 7.43E-17 1.21E-13 1.24E-12 2.54E-12
 3.53E-12 4.68E-12 5.48E-12 5.56E-12 4.99E-12 4.50E-12
c-------------------------------------------------------------------------------
 
C  root partition information
C  ==========================
C
C  nuclear charge : 18
C  ion charge+1   : 14
C
C  population calculation information
C  ----------------------------------
C
C  population processing code: adas810
C
C  adf04 source file    : adf04_copmm#18_ls_40#ar13.dat
C  adf18/a17_p208 file  : NULL
C
C  meta. ion. coeff. selector  : 
 
C  options  : lnorm =T  lpsel =F  lzsel =T  liosel=F
C           : lhsel =F  lrsel =F  lisel =F  lnsel =F
 
C  energy levels
C  -------------
C
C   lv      configuration    (2S+1)L(w-1/2)      energy (cm^-1)
C  ---   ------------------- --------------      --------------
c    1   22513                  (2)1(  2.5)             0.0
c    2   12523                  (4)1(  5.5)        217285.3
c    3   12523                  (2)2(  4.5)        370675.3
c    4   12523                  (2)0(  0.5)        457835.3
c    5   12523                  (2)1(  2.5)        497125.3
c    6   22514                  (2)0(  0.5)       3420135.3
c    7   22515                  (2)1(  2.5)       3543635.3
c    8   22516                  (2)2(  4.5)       3643135.3
c    9   12513515               (4)2(  9.5)       3736535.3
c   10   12513515               (2)1(  2.5)       3742735.3
c   11   12513515               (4)0(  1.5)       3755135.3
c   12   12513515               (4)1(  5.5)       3772635.3
c   13   12513515               (2)2(  4.5)       3790535.3
c   14   12513515               (2)0(  0.5)       3817635.3
c   15   12513516               (4)3( 13.5)       3827535.3
c   16   12513516               (4)2(  9.5)       3850335.3
c   17   12513516               (2)2(  4.5)       3855635.3
c   18   12513516               (4)1(  5.5)       3863735.3
c   19   12513516               (2)3(  6.5)       3904935.3
c   20   12513516               (2)1(  2.5)       3912235.3
c   21   12513515               (2)2(  4.5)       3946235.3
c   22   12513515               (2)1(  2.5)       3955335.3
c   23   12513515               (2)0(  0.5)       3971435.3
c   24   12513516               (2)3(  6.5)       4042935.3
c   25   12513516               (2)2(  4.5)       4046035.3
c   26   12513516               (2)1(  2.5)       4064935.3
c   27   22517                  (2)0(  0.5)       4637435.3
c   28   22518                  (2)1(  2.5)       4686035.3
c   29   22519                  (2)2(  4.5)       4724335.3
c   30   2251A                  (2)3(  6.5)       4743735.3
c   31   12513518               (4)0(  1.5)       4885835.3
c   32   12513518               (4)2(  9.5)       4889335.3
c   33   12513518               (2)1(  2.5)       4893435.3
c   34   12513518               (4)1(  5.5)       4903435.3
c   35   12513518               (2)2(  4.5)       4911735.3
c   36   12513518               (2)0(  0.5)       4922635.3
c   37   12513519               (4)3( 13.5)       4923735.3
c   38   12513519               (4)1(  5.5)       4933435.3
c   39   12513519               (2)2(  4.5)       4933835.3
c   40   12513519               (4)2(  9.5)       4936335.3
c   41   12513519               (2)3(  6.5)       4954735.3
c   42   12513519               (2)1(  2.5)       4957335.3
c   43   12513518               (2)2(  4.5)       5084935.3
c   44   12513518               (2)1(  2.5)       5087135.3
c   45   12513518               (2)0(  0.5)       5092435.3
c   46   12513519               (2)3(  6.5)       5122535.3
c   47   12513519               (2)2(  4.5)       5123035.3
c   48   12513519               (2)1(  2.5)       5129935.3
c   49   2251B                  (2)0(  0.5)       5178835.3
c   50   2251C                  (2)1(  2.5)       5202135.3
c   51   2251D                  (2)2(  4.5)       5220735.3
c   52   2251E                  (2)3(  6.5)       5230535.3
c   53   2251G                  (2)0(  0.5)       5464535.3
c   54   2251H                  (2)1(  2.5)       5478135.3
c   55   2251I                  (2)2(  4.5)       5488835.3
c   56   2251J                  (2)3(  6.5)       5494435.3
c   57   2251M                  (2)0(  0.5)       5634935.3
c   58   2251N                  (2)1(  2.5)       5643335.3
c   59   2251O                  (2)2(  4.5)       5650035.3
c   60   2251P                  (2)3(  6.5)       5653535.3
c   61   11522523               (4)1(  5.5)      24590835.3
c   62   11522523               (2)2(  4.5)      24699835.3
c   63   11522523               (2)1(  2.5)      24728835.3
c   64   11522523               (2)0(  0.5)      24798835.3
c   65   11522513515            (4)2(  9.5)      28317835.3
c   66   11522513515            (4)0(  1.5)      28321835.3
c   67   11522513515            (2)1(  2.5)      28334835.3
c   68   11522513515            (4)1(  5.5)      28354835.3
c   69   11522513515            (2)2(  4.5)      28375835.3
c   70   11522513515            (2)0(  0.5)      28398835.3
c   71   11522513515            (2)2(  4.5)      28438835.3
c   72   11522513516            (4)3( 13.5)      28446835.3
c   73   11522513516            (2)2(  4.5)      28450835.3
c   74   11522513515            (2)1(  2.5)      28450835.3
c   75   11522513515            (2)0(  0.5)      28466835.3
c   76   11522513516            (4)2(  9.5)      28470835.3
c   77   11522513516            (4)1(  5.5)      28484835.3
c   78   11522513516            (2)3(  6.5)      28490835.3
c   79   11522513516            (2)1(  2.5)      28505835.3
c   80   11522513516            (2)2(  4.5)      28563835.3
c   81   11522513516            (2)3(  6.5)      28574835.3
c   82   11522513516            (2)1(  2.5)      28586835.3
 
 
 
c-------------------------------------------------------------------------------
 
C  superstage partition information
C  ================================
C
C  element symbol   : AR
C  parent template  : 
C  partition level  :  1
C  superstage label : 13
C
C  tabulation       : photon emissivity coefft (te,ne)
C  units            : ph. emis coef(cm^3 s^-1); te (ev); ne (cm^-3)
C
C  photon emissivity atomic transitions
C  ------------------------------------
C  
C   isel  wvlen(A)            transition                type  ispb nspb
C                                                             ispp nspp sz    tg pr wr
C  ----- ---------- ----------------------------------- ----- ---- ---- --    -- -- --
C      1   4.04386   63(2)1(  2.5)-  1(2)1(  2.5)       excit   1    1  13    62 29  1
C      2   4.04861   62(2)2(  4.5)-  1(2)1(  2.5)       excit   1    1  13    61 35  2
C      3   17.6990   59(2)2(  4.5)-  1(2)1(  2.5)       excit   1    1  13    58 42  3
C      4   18.2188   55(2)2(  4.5)-  1(2)1(  2.5)       excit   1    1  13    54 34  4
C      5   19.1544   51(2)2(  4.5)-  1(2)1(  2.5)       excit   1    1  13    50 19  5
C      6   19.6574   44(2)1(  2.5)-  1(2)1(  2.5)       excit   1    1  13    43 45  6
C      7   19.6659   43(2)2(  4.5)-  1(2)1(  2.5)       excit   1    1  13    42 41  7
C      8   20.3143   36(2)0(  0.5)-  1(2)1(  2.5)       excit   1    1  13    35 46  8
C      9   20.3594   35(2)2(  4.5)-  1(2)1(  2.5)       excit   1    1  13    34 22  9
C     10   20.4355   33(2)1(  2.5)-  1(2)1(  2.5)       excit   1    1  13    32 31 10
C     11   21.0444   46(2)3(  6.5)-  3(2)2(  4.5)       excit   1    1  13   204 47 11
C     12   21.1670   29(2)2(  4.5)-  1(2)1(  2.5)       excit   1    1  13    28  8 12
C     13   21.6174   47(2)2(  4.5)-  5(2)1(  2.5)       excit   1    1  13   350 49 13
C     14   21.8147   41(2)3(  6.5)-  3(2)2(  4.5)       excit   1    1  13   199 23 14
C     15   21.9146   39(2)2(  4.5)-  3(2)2(  4.5)       excit   1    1  13   197 40 15
C     16   25.2823   22(2)1(  2.5)-  1(2)1(  2.5)       excit   1    1  13    21 14 16
C     17   25.3406   21(2)2(  4.5)-  1(2)1(  2.5)       excit   1    1  13    20 24 17
C     18   26.1942   14(2)0(  0.5)-  1(2)1(  2.5)       excit   1    1  13    13 17 18
C     19   26.3815   13(2)2(  4.5)-  1(2)1(  2.5)       excit   1    1  13    12  6 19
C     20   26.5067   12(4)1(  5.5)-  1(2)1(  2.5)       excit   1    1  13    11 48 20
C     21   26.6302   11(4)0(  1.5)-  1(2)1(  2.5)       excit   1    1  13    10 20 21
C     22   26.7184   10(2)1(  2.5)-  1(2)1(  2.5)       excit   1    1  13     9 11 22
C     23   26.7628    9(4)2(  9.5)-  1(2)1(  2.5)       excit   1    1  13     8 50 23
C     24   27.2312   24(2)3(  6.5)-  3(2)2(  4.5)       excit   1    1  13   182 15 24
C     25   27.4239   18(4)1(  5.5)-  2(4)1(  5.5)       excit   1    1  13    97 37 25
C     26   27.4489    8(2)2(  4.5)-  1(2)1(  2.5)       excit   1    1  13     7  4 26
C     27   27.4850   17(2)2(  4.5)-  2(4)1(  5.5)       excit   1    1  13    96 16 27
C     28   27.5251   16(4)2(  9.5)-  2(4)1(  5.5)       excit   1    1  13    95 30 28
C     29   27.7231   26(2)1(  2.5)-  4(2)0(  0.5)       excit   1    1  13   260 44 29
C     30   28.0284   26(2)1(  2.5)-  5(2)1(  2.5)       excit   1    1  13   329 32 30
C     31   28.1777   25(2)2(  4.5)-  5(2)1(  2.5)       excit   1    1  13   328 12 31
C     32   28.2196    7(2)1(  2.5)-  1(2)1(  2.5)       excit   1    1  13     6 43 32
C     33   28.2945   19(2)3(  6.5)-  3(2)2(  4.5)       excit   1    1  13   177  5 33
C     34   28.6947   17(2)2(  4.5)-  3(2)2(  4.5)       excit   1    1  13   175 21 34
C     35   28.9486   20(2)1(  2.5)-  4(2)0(  0.5)       excit   1    1  13   255 13 35
C     36   29.2386    6(2)0(  0.5)-  1(2)1(  2.5)       excit   1    1  13     5 10 36
C     37   29.2816   20(2)1(  2.5)-  5(2)1(  2.5)       excit   1    1  13   323 26 37
C     38   29.7751   17(2)2(  4.5)-  5(2)1(  2.5)       excit   1    1  13   320 36 38
C     39   31.5163    7(2)1(  2.5)-  3(2)2(  4.5)       excit   1    1  13   165 18 39
C     40   32.4065    7(2)1(  2.5)-  4(2)0(  0.5)       excit   1    1  13   243 38 40
C     41   32.8244    7(2)1(  2.5)-  5(2)1(  2.5)       excit   1    1  13   310  9 41
C     42   59.6267   51(2)2(  4.5)-  7(2)1(  2.5)       excit   1    1  13   495 39 42
C     43   78.9952   28(2)1(  2.5)-  6(2)0(  0.5)       excit   1    1  13   405 28 43
C     44   84.6955   29(2)2(  4.5)-  7(2)1(  2.5)       excit   1    1  13   473 25 44
C     45   90.8595   30(2)3(  6.5)-  8(2)2(  4.5)       excit   1    1  13   548 33 45
C     46   201.157    5(2)1(  2.5)-  1(2)1(  2.5)       excit   1    1  13     4  1 46
C     47   218.419    4(2)0(  0.5)-  1(2)1(  2.5)       excit   1    1  13     3  3 47
C     48   269.778    3(2)2(  4.5)-  1(2)1(  2.5)       excit   1    1  13     2  2 48
C     49   460.224    2(4)1(  5.5)-  1(2)1(  2.5)       excit   1    1  13     1  7 49
C     50   809.717    7(2)1(  2.5)-  6(2)0(  0.5)       excit   1    1  13   386 27 50
c-------------------------------------------------------------------------------
                                                                                
C  code     : adas810
C  producer : Adam Foster
C  date     : 13/05/09
                                                                                
c-------------------------------------------------------------------------------
