   50    /AR: 4 photon emissivity coefficients/
--------------------------------------------------------------------------------
    1    1    1    1    1    1    1    1    1    1    1    1    1    1
    1    1    1    1    1
--------------------------------------------------------------------------------
//#01/p00/ 00/p01/ 01/p02/ 02/p03/ 03/p04/ 04/p05/ 05/p06/ 06/p07/ 07/p08/ 08/  
      p09/ 09/p10/ 10/p11/ 11/p12/ 12/p13/ 13/p14/ 14/p15/ 15/p16/ 16/p17/ 17/  
      p18/ 18/                                                                  
--------------------------------------------------------------------------------
  331.942    7  14 /pl=01:ss= 4:pb= 1:sz= 4/type=excit/ispb = t/isel =    1
 1.00E+10 1.00E+11 1.00E+12 1.00E+13 1.00E+14 1.00E+15 1.00E+16
 4.31E-01 6.46E-01 1.08E+00 2.15E+00 4.31E+00 1.08E+01 2.15E+01 3.23E+01
 4.31E+01 6.46E+01 1.08E+02 2.15E+02 4.31E+02 6.46E+02
 1.80E-46 3.36E-34 2.86E-24 6.72E-17 2.86E-13 3.86E-11 1.83E-10 2.90E-10
 3.56E-10 4.24E-10 4.72E-10 4.89E-10 4.77E-10 4.57E-10
 1.08E-46 3.34E-34 2.79E-24 6.36E-17 2.76E-13 3.85E-11 1.83E-10 2.90E-10
 3.56E-10 4.23E-10 4.70E-10 4.85E-10 4.71E-10 4.50E-10
 1.11E-46 3.33E-34 2.78E-24 6.31E-17 2.74E-13 3.85E-11 1.83E-10 2.90E-10
 3.55E-10 4.23E-10 4.69E-10 4.84E-10 4.70E-10 4.49E-10
 1.11E-46 3.34E-34 2.78E-24 6.31E-17 2.74E-13 3.85E-11 1.83E-10 2.90E-10
 3.55E-10 4.22E-10 4.68E-10 4.83E-10 4.69E-10 4.48E-10
 1.13E-46 3.37E-34 2.80E-24 6.34E-17 2.75E-13 3.86E-11 1.82E-10 2.87E-10
 3.51E-10 4.16E-10 4.61E-10 4.76E-10 4.63E-10 4.43E-10
 1.25E-46 3.67E-34 2.98E-24 6.61E-17 2.86E-13 3.94E-11 1.79E-10 2.75E-10
 3.30E-10 3.86E-10 4.23E-10 4.36E-10 4.26E-10 4.10E-10
 2.10E-46 5.90E-34 4.46E-24 9.14E-17 3.79E-13 4.55E-11 1.77E-10 2.50E-10
 2.87E-10 3.19E-10 3.36E-10 3.38E-10 3.29E-10 3.18E-10
  333.548    7  14 /pl=01:ss= 4:pb= 1:sz= 4/type=excit/ispb = t/isel =    2
 1.00E+10 1.00E+11 1.00E+12 1.00E+13 1.00E+14 1.00E+15 1.00E+16
 4.31E-01 6.46E-01 1.08E+00 2.15E+00 4.31E+00 1.08E+01 2.15E+01 3.23E+01
 4.31E+01 6.46E+01 1.08E+02 2.15E+02 4.31E+02 6.46E+02
 9.96E-47 1.50E-34 1.14E-24 2.46E-17 1.01E-13 1.36E-11 6.42E-11 1.02E-10
 1.25E-10 1.48E-10 1.65E-10 1.70E-10 1.64E-10 1.58E-10
 5.97E-47 1.50E-34 1.12E-24 2.36E-17 9.83E-14 1.35E-11 6.41E-11 1.02E-10
 1.24E-10 1.48E-10 1.64E-10 1.69E-10 1.62E-10 1.55E-10
 5.77E-47 1.51E-34 1.12E-24 2.35E-17 9.80E-14 1.35E-11 6.40E-11 1.02E-10
 1.24E-10 1.48E-10 1.64E-10 1.68E-10 1.62E-10 1.55E-10
 5.75E-47 1.51E-34 1.12E-24 2.35E-17 9.80E-14 1.35E-11 6.40E-11 1.01E-10
 1.24E-10 1.48E-10 1.63E-10 1.68E-10 1.62E-10 1.54E-10
 5.78E-47 1.51E-34 1.13E-24 2.36E-17 9.83E-14 1.36E-11 6.39E-11 1.01E-10
 1.23E-10 1.46E-10 1.61E-10 1.66E-10 1.60E-10 1.53E-10
 6.17E-47 1.59E-34 1.17E-24 2.44E-17 1.02E-13 1.39E-11 6.36E-11 9.79E-11
 1.18E-10 1.37E-10 1.49E-10 1.53E-10 1.48E-10 1.42E-10
 9.85E-47 2.43E-34 1.68E-24 3.29E-17 1.33E-13 1.59E-11 6.16E-11 8.70E-11
 9.97E-11 1.11E-10 1.17E-10 1.18E-10 1.14E-10 1.10E-10
  342.717    7  14 /pl=01:ss= 4:pb= 1:sz= 4/type=excit/ispb = t/isel =    3
 1.00E+10 1.00E+11 1.00E+12 1.00E+13 1.00E+14 1.00E+15 1.00E+16
 4.31E-01 6.46E-01 1.08E+00 2.15E+00 4.31E+00 1.08E+01 2.15E+01 3.23E+01
 4.31E+01 6.46E+01 1.08E+02 2.15E+02 4.31E+02 6.46E+02
 1.00E-74 2.18E-34 2.30E-24 6.25E-17 2.93E-13 3.84E-11 1.61E-10 2.43E-10
 2.93E-10 3.43E-10 3.79E-10 3.94E-10 3.87E-10 3.75E-10
 7.73E-47 2.73E-34 2.95E-24 8.12E-17 3.35E-13 3.90E-11 1.62E-10 2.44E-10
 2.94E-10 3.43E-10 3.79E-10 3.93E-10 3.84E-10 3.71E-10
 6.57E-47 2.80E-34 3.03E-24 8.38E-17 3.39E-13 3.91E-11 1.62E-10 2.44E-10
 2.94E-10 3.43E-10 3.79E-10 3.92E-10 3.83E-10 3.70E-10
 6.76E-47 2.81E-34 3.04E-24 8.40E-17 3.40E-13 3.91E-11 1.62E-10 2.44E-10
 2.93E-10 3.42E-10 3.78E-10 3.91E-10 3.82E-10 3.69E-10
 6.76E-47 2.82E-34 3.05E-24 8.42E-17 3.41E-13 3.91E-11 1.60E-10 2.40E-10
 2.88E-10 3.35E-10 3.69E-10 3.83E-10 3.76E-10 3.64E-10
 6.92E-47 2.87E-34 3.10E-24 8.58E-17 3.50E-13 3.94E-11 1.55E-10 2.26E-10
 2.66E-10 3.06E-10 3.34E-10 3.47E-10 3.43E-10 3.34E-10
 8.17E-47 3.32E-34 3.51E-24 9.77E-17 4.09E-13 4.27E-11 1.51E-10 2.09E-10
 2.39E-10 2.67E-10 2.85E-10 2.92E-10 2.87E-10 2.79E-10
  427.849    7  14 /pl=01:ss= 4:pb= 1:sz= 4/type=excit/ispb = t/isel =    4
 1.00E+10 1.00E+11 1.00E+12 1.00E+13 1.00E+14 1.00E+15 1.00E+16
 4.31E-01 6.46E-01 1.08E+00 2.15E+00 4.31E+00 1.08E+01 2.15E+01 3.23E+01
 4.31E+01 6.46E+01 1.08E+02 2.15E+02 4.31E+02 6.46E+02
 2.57E-38 3.96E-28 4.86E-20 4.52E-14 3.61E-11 1.48E-09 4.07E-09 5.33E-09
 5.93E-09 6.39E-09 6.50E-09 6.21E-09 5.69E-09 5.32E-09
 3.13E-38 4.96E-28 6.23E-20 5.85E-14 4.10E-11 1.49E-09 4.07E-09 5.33E-09
 5.92E-09 6.37E-09 6.46E-09 6.15E-09 5.61E-09 5.23E-09
 3.20E-38 5.08E-28 6.40E-20 6.03E-14 4.16E-11 1.49E-09 4.07E-09 5.33E-09
 5.92E-09 6.36E-09 6.46E-09 6.14E-09 5.60E-09 5.22E-09
 3.21E-38 5.10E-28 6.42E-20 6.05E-14 4.16E-11 1.49E-09 4.06E-09 5.32E-09
 5.91E-09 6.35E-09 6.44E-09 6.13E-09 5.59E-09 5.21E-09
 3.21E-38 5.09E-28 6.42E-20 6.05E-14 4.16E-11 1.49E-09 4.04E-09 5.26E-09
 5.82E-09 6.24E-09 6.32E-09 6.02E-09 5.50E-09 5.14E-09
 3.18E-38 5.06E-28 6.39E-20 6.03E-14 4.14E-11 1.46E-09 3.82E-09 4.87E-09
 5.32E-09 5.65E-09 5.70E-09 5.45E-09 5.03E-09 4.73E-09
 2.97E-38 4.78E-28 6.11E-20 5.83E-14 4.00E-11 1.33E-09 3.24E-09 4.00E-09
 4.32E-09 4.54E-09 4.58E-09 4.42E-09 4.13E-09 3.91E-09
  436.951    7  14 /pl=01:ss= 4:pb= 1:sz= 4/type=excit/ispb = t/isel =    5
 1.00E+10 1.00E+11 1.00E+12 1.00E+13 1.00E+14 1.00E+15 1.00E+16
 4.31E-01 6.46E-01 1.08E+00 2.15E+00 4.31E+00 1.08E+01 2.15E+01 3.23E+01
 4.31E+01 6.46E+01 1.08E+02 2.15E+02 4.31E+02 6.46E+02
 1.99E-36 4.89E-27 1.40E-19 4.48E-14 2.08E-11 6.77E-10 1.91E-09 2.53E-09
 2.81E-09 2.99E-09 2.98E-09 2.74E-09 2.41E-09 2.20E-09
 1.98E-36 4.85E-27 1.36E-19 4.23E-14 2.00E-11 6.74E-10 1.91E-09 2.52E-09
 2.80E-09 2.98E-09 2.96E-09 2.71E-09 2.37E-09 2.16E-09
 1.98E-36 4.84E-27 1.36E-19 4.20E-14 1.99E-11 6.74E-10 1.91E-09 2.52E-09
 2.80E-09 2.98E-09 2.96E-09 2.71E-09 2.37E-09 2.16E-09
 1.98E-36 4.84E-27 1.36E-19 4.19E-14 1.98E-11 6.74E-10 1.91E-09 2.52E-09
 2.80E-09 2.97E-09 2.95E-09 2.70E-09 2.36E-09 2.15E-09
 1.98E-36 4.84E-27 1.36E-19 4.19E-14 1.98E-11 6.72E-10 1.89E-09 2.49E-09
 2.76E-09 2.92E-09 2.90E-09 2.66E-09 2.33E-09 2.13E-09
 1.99E-36 4.86E-27 1.36E-19 4.20E-14 1.98E-11 6.59E-10 1.79E-09 2.30E-09
 2.52E-09 2.65E-09 2.62E-09 2.42E-09 2.15E-09 1.97E-09
 1.94E-36 4.78E-27 1.35E-19 4.19E-14 1.94E-11 5.83E-10 1.40E-09 1.70E-09
 1.80E-09 1.86E-09 1.84E-09 1.74E-09 1.60E-09 1.50E-09
  437.669    7  14 /pl=01:ss= 4:pb= 1:sz= 4/type=excit/ispb = t/isel =    6
 1.00E+10 1.00E+11 1.00E+12 1.00E+13 1.00E+14 1.00E+15 1.00E+16
 4.31E-01 6.46E-01 1.08E+00 2.15E+00 4.31E+00 1.08E+01 2.15E+01 3.23E+01
 4.31E+01 6.46E+01 1.08E+02 2.15E+02 4.31E+02 6.46E+02
 4.18E-36 1.06E-26 3.09E-19 1.00E-13 4.69E-11 1.52E-09 4.27E-09 5.61E-09
 6.21E-09 6.63E-09 6.57E-09 6.05E-09 5.32E-09 4.87E-09
 4.17E-36 1.05E-26 3.01E-19 9.48E-14 4.50E-11 1.51E-09 4.26E-09 5.60E-09
 6.19E-09 6.60E-09 6.53E-09 5.99E-09 5.24E-09 4.78E-09
 4.17E-36 1.05E-26 3.00E-19 9.41E-14 4.48E-11 1.51E-09 4.26E-09 5.59E-09
 6.19E-09 6.59E-09 6.52E-09 5.98E-09 5.23E-09 4.77E-09
 4.17E-36 1.05E-26 3.00E-19 9.40E-14 4.48E-11 1.51E-09 4.25E-09 5.59E-09
 6.18E-09 6.58E-09 6.51E-09 5.97E-09 5.22E-09 4.77E-09
 4.17E-36 1.05E-26 3.00E-19 9.40E-14 4.48E-11 1.51E-09 4.22E-09 5.52E-09
 6.09E-09 6.47E-09 6.39E-09 5.87E-09 5.15E-09 4.71E-09
 4.19E-36 1.05E-26 3.01E-19 9.41E-14 4.47E-11 1.48E-09 4.00E-09 5.12E-09
 5.58E-09 5.87E-09 5.79E-09 5.35E-09 4.75E-09 4.37E-09
 4.09E-36 1.04E-26 2.99E-19 9.39E-14 4.38E-11 1.31E-09 3.15E-09 3.79E-09
 4.03E-09 4.16E-09 4.10E-09 3.89E-09 3.56E-09 3.35E-09
  437.947    7  14 /pl=01:ss= 4:pb= 1:sz= 4/type=excit/ispb = t/isel =    7
 1.00E+10 1.00E+11 1.00E+12 1.00E+13 1.00E+14 1.00E+15 1.00E+16
 4.31E-01 6.46E-01 1.08E+00 2.15E+00 4.31E+00 1.08E+01 2.15E+01 3.23E+01
 4.31E+01 6.46E+01 1.08E+02 2.15E+02 4.31E+02 6.46E+02
 1.00E-74 3.62E-38 1.85E-26 9.11E-18 1.64E-13 4.64E-11 2.56E-10 4.11E-10
 4.95E-10 5.59E-10 5.58E-10 4.78E-10 3.77E-10 3.21E-10
 1.00E-74 3.65E-38 1.84E-26 8.78E-18 1.59E-13 4.62E-11 2.56E-10 4.10E-10
 4.93E-10 5.56E-10 5.54E-10 4.73E-10 3.71E-10 3.15E-10
 1.00E-74 3.65E-38 1.84E-26 8.74E-18 1.59E-13 4.62E-11 2.56E-10 4.10E-10
 4.93E-10 5.56E-10 5.54E-10 4.73E-10 3.71E-10 3.15E-10
 1.00E-74 3.68E-38 1.84E-26 8.76E-18 1.59E-13 4.63E-11 2.56E-10 4.11E-10
 4.94E-10 5.56E-10 5.54E-10 4.73E-10 3.71E-10 3.15E-10
 1.00E-74 3.88E-38 1.93E-26 9.03E-18 1.63E-13 4.70E-11 2.59E-10 4.15E-10
 4.97E-10 5.59E-10 5.56E-10 4.75E-10 3.73E-10 3.17E-10
 1.00E-74 5.79E-38 2.68E-26 1.17E-17 1.97E-13 5.44E-11 2.92E-10 4.61E-10
 5.49E-10 6.13E-10 6.08E-10 5.20E-10 4.09E-10 3.47E-10
 3.80E-52 1.59E-37 7.20E-26 2.92E-17 4.42E-13 1.01E-10 4.86E-10 7.32E-10
 8.57E-10 9.50E-10 9.56E-10 8.50E-10 6.93E-10 5.97E-10
  438.197    7  14 /pl=01:ss= 4:pb= 1:sz= 4/type=excit/ispb = t/isel =    8
 1.00E+10 1.00E+11 1.00E+12 1.00E+13 1.00E+14 1.00E+15 1.00E+16
 4.31E-01 6.46E-01 1.08E+00 2.15E+00 4.31E+00 1.08E+01 2.15E+01 3.23E+01
 4.31E+01 6.46E+01 1.08E+02 2.15E+02 4.31E+02 6.46E+02
 1.85E-36 4.54E-27 1.30E-19 4.16E-14 1.93E-11 6.28E-10 1.78E-09 2.35E-09
 2.61E-09 2.78E-09 2.77E-09 2.54E-09 2.23E-09 2.04E-09
 1.84E-36 4.50E-27 1.27E-19 3.93E-14 1.85E-11 6.26E-10 1.77E-09 2.34E-09
 2.60E-09 2.77E-09 2.75E-09 2.52E-09 2.20E-09 2.01E-09
 1.84E-36 4.50E-27 1.26E-19 3.90E-14 1.84E-11 6.25E-10 1.77E-09 2.34E-09
 2.60E-09 2.77E-09 2.75E-09 2.52E-09 2.20E-09 2.00E-09
 1.84E-36 4.50E-27 1.26E-19 3.89E-14 1.84E-11 6.25E-10 1.77E-09 2.34E-09
 2.60E-09 2.76E-09 2.74E-09 2.51E-09 2.19E-09 2.00E-09
 1.84E-36 4.50E-27 1.26E-19 3.89E-14 1.84E-11 6.24E-10 1.76E-09 2.31E-09
 2.56E-09 2.71E-09 2.69E-09 2.47E-09 2.16E-09 1.97E-09
 1.85E-36 4.51E-27 1.26E-19 3.90E-14 1.84E-11 6.12E-10 1.66E-09 2.14E-09
 2.34E-09 2.46E-09 2.43E-09 2.25E-09 1.99E-09 1.83E-09
 1.80E-36 4.44E-27 1.26E-19 3.89E-14 1.80E-11 5.42E-10 1.30E-09 1.57E-09
 1.68E-09 1.73E-09 1.71E-09 1.62E-09 1.48E-09 1.39E-09
  439.103    7  14 /pl=01:ss= 4:pb= 1:sz= 4/type=excit/ispb = t/isel =    9
 1.00E+10 1.00E+11 1.00E+12 1.00E+13 1.00E+14 1.00E+15 1.00E+16
 4.31E-01 6.46E-01 1.08E+00 2.15E+00 4.31E+00 1.08E+01 2.15E+01 3.23E+01
 4.31E+01 6.46E+01 1.08E+02 2.15E+02 4.31E+02 6.46E+02
 1.00E-74 2.89E-38 1.40E-26 6.65E-18 1.18E-13 3.31E-11 1.84E-10 2.96E-10
 3.56E-10 4.02E-10 4.00E-10 3.43E-10 2.70E-10 2.30E-10
 1.00E-74 2.86E-38 1.37E-26 6.28E-18 1.13E-13 3.30E-11 1.83E-10 2.95E-10
 3.55E-10 4.00E-10 3.98E-10 3.40E-10 2.66E-10 2.26E-10
 1.00E-74 2.86E-38 1.36E-26 6.24E-18 1.13E-13 3.30E-11 1.83E-10 2.95E-10
 3.55E-10 4.00E-10 3.98E-10 3.39E-10 2.66E-10 2.25E-10
 1.00E-74 2.88E-38 1.37E-26 6.25E-18 1.13E-13 3.30E-11 1.84E-10 2.95E-10
 3.55E-10 4.00E-10 3.98E-10 3.39E-10 2.66E-10 2.25E-10
 1.00E-74 3.03E-38 1.43E-26 6.44E-18 1.15E-13 3.35E-11 1.86E-10 2.97E-10
 3.57E-10 4.01E-10 3.98E-10 3.40E-10 2.67E-10 2.26E-10
 1.00E-74 4.47E-38 1.97E-26 8.23E-18 1.39E-13 3.82E-11 2.06E-10 3.24E-10
 3.86E-10 4.31E-10 4.27E-10 3.65E-10 2.87E-10 2.44E-10
 3.24E-52 1.21E-37 5.20E-26 2.03E-17 3.04E-13 6.86E-11 3.26E-10 4.89E-10
 5.71E-10 6.33E-10 6.35E-10 5.64E-10 4.59E-10 3.96E-10
  439.372    7  14 /pl=01:ss= 4:pb= 1:sz= 4/type=excit/ispb = t/isel =   10
 1.00E+10 1.00E+11 1.00E+12 1.00E+13 1.00E+14 1.00E+15 1.00E+16
 4.31E-01 6.46E-01 1.08E+00 2.15E+00 4.31E+00 1.08E+01 2.15E+01 3.23E+01
 4.31E+01 6.46E+01 1.08E+02 2.15E+02 4.31E+02 6.46E+02
 8.09E-36 2.09E-26 6.24E-19 2.05E-13 9.61E-11 3.13E-09 8.77E-09 1.16E-08
 1.29E-08 1.37E-08 1.36E-08 1.25E-08 1.10E-08 1.01E-08
 8.08E-36 2.07E-26 6.09E-19 1.94E-13 9.24E-11 3.11E-09 8.75E-09 1.16E-08
 1.28E-08 1.36E-08 1.35E-08 1.24E-08 1.08E-08 9.89E-09
 8.08E-36 2.07E-26 6.07E-19 1.93E-13 9.20E-11 3.11E-09 8.75E-09 1.16E-08
 1.28E-08 1.36E-08 1.35E-08 1.24E-08 1.08E-08 9.87E-09
 8.08E-36 2.07E-26 6.07E-19 1.93E-13 9.19E-11 3.11E-09 8.74E-09 1.15E-08
 1.28E-08 1.36E-08 1.35E-08 1.24E-08 1.08E-08 9.85E-09
 8.09E-36 2.07E-26 6.07E-19 1.93E-13 9.19E-11 3.10E-09 8.68E-09 1.14E-08
 1.26E-08 1.33E-08 1.32E-08 1.22E-08 1.07E-08 9.73E-09
 8.12E-36 2.08E-26 6.09E-19 1.93E-13 9.17E-11 3.04E-09 8.21E-09 1.06E-08
 1.15E-08 1.21E-08 1.20E-08 1.11E-08 9.81E-09 9.02E-09
 7.92E-36 2.05E-26 6.05E-19 1.93E-13 8.99E-11 2.70E-09 6.47E-09 7.85E-09
 8.35E-09 8.59E-09 8.51E-09 8.05E-09 7.38E-09 6.92E-09
  439.825    7  14 /pl=01:ss= 4:pb= 1:sz= 4/type=excit/ispb = t/isel =   11
 1.00E+10 1.00E+11 1.00E+12 1.00E+13 1.00E+14 1.00E+15 1.00E+16
 4.31E-01 6.46E-01 1.08E+00 2.15E+00 4.31E+00 1.08E+01 2.15E+01 3.23E+01
 4.31E+01 6.46E+01 1.08E+02 2.15E+02 4.31E+02 6.46E+02
 1.99E-36 5.03E-27 1.47E-19 4.78E-14 2.23E-11 7.22E-10 2.03E-09 2.67E-09
 2.95E-09 3.15E-09 3.12E-09 2.88E-09 2.53E-09 2.32E-09
 1.99E-36 4.99E-27 1.43E-19 4.51E-14 2.14E-11 7.19E-10 2.03E-09 2.66E-09
 2.95E-09 3.14E-09 3.10E-09 2.85E-09 2.49E-09 2.28E-09
 1.98E-36 4.98E-27 1.43E-19 4.47E-14 2.13E-11 7.18E-10 2.03E-09 2.66E-09
 2.94E-09 3.14E-09 3.10E-09 2.84E-09 2.49E-09 2.27E-09
 1.98E-36 4.98E-27 1.43E-19 4.47E-14 2.13E-11 7.18E-10 2.02E-09 2.66E-09
 2.94E-09 3.13E-09 3.09E-09 2.84E-09 2.48E-09 2.27E-09
 1.99E-36 4.98E-27 1.43E-19 4.47E-14 2.13E-11 7.16E-10 2.01E-09 2.63E-09
 2.90E-09 3.08E-09 3.04E-09 2.79E-09 2.45E-09 2.24E-09
 1.99E-36 5.00E-27 1.43E-19 4.48E-14 2.13E-11 7.03E-10 1.90E-09 2.43E-09
 2.65E-09 2.79E-09 2.75E-09 2.55E-09 2.26E-09 2.08E-09
 1.94E-36 4.92E-27 1.42E-19 4.47E-14 2.08E-11 6.24E-10 1.50E-09 1.80E-09
 1.92E-09 1.98E-09 1.95E-09 1.85E-09 1.70E-09 1.59E-09
  440.070    7  14 /pl=01:ss= 4:pb= 1:sz= 4/type=excit/ispb = t/isel =   12
 1.00E+10 1.00E+11 1.00E+12 1.00E+13 1.00E+14 1.00E+15 1.00E+16
 4.31E-01 6.46E-01 1.08E+00 2.15E+00 4.31E+00 1.08E+01 2.15E+01 3.23E+01
 4.31E+01 6.46E+01 1.08E+02 2.15E+02 4.31E+02 6.46E+02
 1.00E-74 2.20E-38 1.03E-26 4.72E-18 8.26E-14 2.32E-11 1.29E-10 2.07E-10
 2.49E-10 2.81E-10 2.80E-10 2.41E-10 1.90E-10 1.61E-10
 1.00E-74 2.21E-38 1.01E-26 4.52E-18 8.00E-14 2.31E-11 1.28E-10 2.06E-10
 2.49E-10 2.80E-10 2.79E-10 2.38E-10 1.87E-10 1.59E-10
 1.00E-74 2.21E-38 1.01E-26 4.49E-18 7.97E-14 2.31E-11 1.28E-10 2.06E-10
 2.48E-10 2.80E-10 2.78E-10 2.38E-10 1.87E-10 1.58E-10
 1.00E-74 2.22E-38 1.01E-26 4.50E-18 7.98E-14 2.31E-11 1.28E-10 2.06E-10
 2.49E-10 2.80E-10 2.78E-10 2.38E-10 1.87E-10 1.58E-10
 1.00E-74 2.33E-38 1.05E-26 4.62E-18 8.14E-14 2.35E-11 1.30E-10 2.07E-10
 2.49E-10 2.80E-10 2.78E-10 2.38E-10 1.87E-10 1.59E-10
 1.00E-74 3.31E-38 1.41E-26 5.78E-18 9.62E-14 2.64E-11 1.42E-10 2.23E-10
 2.66E-10 2.97E-10 2.94E-10 2.53E-10 1.99E-10 1.69E-10
 2.86E-52 8.58E-38 3.55E-26 1.35E-17 2.01E-13 4.54E-11 2.15E-10 3.21E-10
 3.74E-10 4.14E-10 4.16E-10 3.70E-10 3.02E-10 2.61E-10
  440.359    7  14 /pl=01:ss= 4:pb= 1:sz= 4/type=excit/ispb = t/isel =   13
 1.00E+10 1.00E+11 1.00E+12 1.00E+13 1.00E+14 1.00E+15 1.00E+16
 4.31E-01 6.46E-01 1.08E+00 2.15E+00 4.31E+00 1.08E+01 2.15E+01 3.23E+01
 4.31E+01 6.46E+01 1.08E+02 2.15E+02 4.31E+02 6.46E+02
 1.79E-37 4.40E-28 1.26E-20 4.03E-15 1.87E-12 6.09E-11 1.72E-10 2.28E-10
 2.53E-10 2.70E-10 2.68E-10 2.47E-10 2.17E-10 1.98E-10
 1.79E-37 4.37E-28 1.23E-20 3.81E-15 1.80E-12 6.07E-11 1.72E-10 2.27E-10
 2.52E-10 2.69E-10 2.67E-10 2.44E-10 2.14E-10 1.95E-10
 1.79E-37 4.36E-28 1.22E-20 3.78E-15 1.79E-12 6.07E-11 1.72E-10 2.27E-10
 2.52E-10 2.68E-10 2.67E-10 2.44E-10 2.13E-10 1.94E-10
 1.79E-37 4.36E-28 1.22E-20 3.78E-15 1.79E-12 6.07E-11 1.72E-10 2.27E-10
 2.52E-10 2.68E-10 2.66E-10 2.44E-10 2.13E-10 1.94E-10
 1.79E-37 4.36E-28 1.22E-20 3.78E-15 1.79E-12 6.05E-11 1.70E-10 2.24E-10
 2.48E-10 2.63E-10 2.61E-10 2.40E-10 2.10E-10 1.92E-10
 1.79E-37 4.37E-28 1.23E-20 3.78E-15 1.78E-12 5.93E-11 1.61E-10 2.08E-10
 2.27E-10 2.39E-10 2.36E-10 2.18E-10 1.93E-10 1.78E-10
 1.75E-37 4.31E-28 1.22E-20 3.77E-15 1.75E-12 5.25E-11 1.26E-10 1.53E-10
 1.63E-10 1.68E-10 1.66E-10 1.57E-10 1.44E-10 1.35E-10
  446.499    7  14 /pl=01:ss= 4:pb= 1:sz= 4/type=excit/ispb = t/isel =   14
 1.00E+10 1.00E+11 1.00E+12 1.00E+13 1.00E+14 1.00E+15 1.00E+16
 4.31E-01 6.46E-01 1.08E+00 2.15E+00 4.31E+00 1.08E+01 2.15E+01 3.23E+01
 4.31E+01 6.46E+01 1.08E+02 2.15E+02 4.31E+02 6.46E+02
 1.00E-74 1.13E-37 3.96E-26 1.45E-17 2.26E-13 5.38E-11 2.55E-10 3.86E-10
 4.56E-10 5.06E-10 5.05E-10 4.42E-10 3.58E-10 3.10E-10
 1.00E-74 1.40E-37 5.03E-26 1.85E-17 2.55E-13 5.42E-11 2.55E-10 3.86E-10
 4.55E-10 5.05E-10 5.02E-10 4.38E-10 3.53E-10 3.05E-10
 1.00E-74 1.44E-37 5.17E-26 1.90E-17 2.58E-13 5.43E-11 2.55E-10 3.86E-10
 4.55E-10 5.04E-10 5.01E-10 4.37E-10 3.53E-10 3.04E-10
 1.00E-74 1.44E-37 5.18E-26 1.91E-17 2.59E-13 5.43E-11 2.54E-10 3.85E-10
 4.54E-10 5.03E-10 5.00E-10 4.36E-10 3.52E-10 3.04E-10
 7.49E-52 1.43E-37 5.15E-26 1.90E-17 2.58E-13 5.40E-11 2.52E-10 3.80E-10
 4.47E-10 4.93E-10 4.90E-10 4.28E-10 3.46E-10 2.99E-10
 3.75E-52 1.33E-37 4.88E-26 1.83E-17 2.50E-13 5.18E-11 2.34E-10 3.44E-10
 4.00E-10 4.38E-10 4.34E-10 3.82E-10 3.13E-10 2.73E-10
 2.17E-52 8.02E-38 3.19E-26 1.31E-17 1.91E-13 3.82E-11 1.59E-10 2.27E-10
 2.60E-10 2.85E-10 2.87E-10 2.63E-10 2.24E-10 2.00E-10
  448.300    7  14 /pl=01:ss= 4:pb= 1:sz= 4/type=excit/ispb = t/isel =   15
 1.00E+10 1.00E+11 1.00E+12 1.00E+13 1.00E+14 1.00E+15 1.00E+16
 4.31E-01 6.46E-01 1.08E+00 2.15E+00 4.31E+00 1.08E+01 2.15E+01 3.23E+01
 4.31E+01 6.46E+01 1.08E+02 2.15E+02 4.31E+02 6.46E+02
 5.71E-36 8.05E-27 1.48E-19 3.38E-14 1.33E-11 3.93E-10 1.08E-09 1.42E-09
 1.58E-09 1.68E-09 1.67E-09 1.53E-09 1.34E-09 1.22E-09
 5.70E-36 7.99E-27 1.44E-19 3.20E-14 1.28E-11 3.91E-10 1.08E-09 1.42E-09
 1.58E-09 1.67E-09 1.66E-09 1.51E-09 1.32E-09 1.20E-09
 5.70E-36 7.98E-27 1.44E-19 3.17E-14 1.27E-11 3.91E-10 1.08E-09 1.42E-09
 1.58E-09 1.67E-09 1.66E-09 1.51E-09 1.31E-09 1.19E-09
 5.70E-36 7.98E-27 1.44E-19 3.17E-14 1.27E-11 3.91E-10 1.08E-09 1.42E-09
 1.57E-09 1.67E-09 1.65E-09 1.51E-09 1.31E-09 1.19E-09
 5.70E-36 7.98E-27 1.44E-19 3.17E-14 1.27E-11 3.90E-10 1.07E-09 1.40E-09
 1.55E-09 1.64E-09 1.62E-09 1.48E-09 1.29E-09 1.18E-09
 5.71E-36 7.99E-27 1.44E-19 3.17E-14 1.27E-11 3.82E-10 1.01E-09 1.29E-09
 1.41E-09 1.48E-09 1.46E-09 1.35E-09 1.19E-09 1.09E-09
 5.55E-36 7.85E-27 1.43E-19 3.16E-14 1.24E-11 3.38E-10 7.91E-10 9.51E-10
 1.01E-09 1.04E-09 1.03E-09 9.69E-10 8.85E-10 8.29E-10
  449.021    7  14 /pl=01:ss= 4:pb= 1:sz= 4/type=excit/ispb = t/isel =   16
 1.00E+10 1.00E+11 1.00E+12 1.00E+13 1.00E+14 1.00E+15 1.00E+16
 4.31E-01 6.46E-01 1.08E+00 2.15E+00 4.31E+00 1.08E+01 2.15E+01 3.23E+01
 4.31E+01 6.46E+01 1.08E+02 2.15E+02 4.31E+02 6.46E+02
 3.96E-36 5.74E-27 1.08E-19 2.51E-14 9.96E-12 2.94E-10 8.09E-10 1.06E-09
 1.17E-09 1.24E-09 1.24E-09 1.13E-09 9.91E-10 9.04E-10
 3.95E-36 5.69E-27 1.05E-19 2.37E-14 9.56E-12 2.92E-10 8.07E-10 1.06E-09
 1.17E-09 1.24E-09 1.23E-09 1.12E-09 9.77E-10 8.88E-10
 3.94E-36 5.68E-27 1.05E-19 2.35E-14 9.52E-12 2.92E-10 8.07E-10 1.06E-09
 1.17E-09 1.24E-09 1.23E-09 1.12E-09 9.75E-10 8.86E-10
 3.94E-36 5.68E-27 1.05E-19 2.35E-14 9.51E-12 2.92E-10 8.06E-10 1.06E-09
 1.17E-09 1.23E-09 1.23E-09 1.12E-09 9.74E-10 8.85E-10
 3.94E-36 5.68E-27 1.05E-19 2.35E-14 9.51E-12 2.91E-10 8.00E-10 1.04E-09
 1.15E-09 1.21E-09 1.20E-09 1.10E-09 9.60E-10 8.74E-10
 3.95E-36 5.69E-27 1.05E-19 2.35E-14 9.48E-12 2.86E-10 7.56E-10 9.65E-10
 1.05E-09 1.10E-09 1.09E-09 1.00E-09 8.84E-10 8.10E-10
 3.84E-36 5.59E-27 1.04E-19 2.34E-14 9.28E-12 2.53E-10 5.93E-10 7.13E-10
 7.55E-10 7.76E-10 7.69E-10 7.24E-10 6.61E-10 6.19E-10
  449.613    7  14 /pl=01:ss= 4:pb= 1:sz= 4/type=excit/ispb = t/isel =   17
 1.00E+10 1.00E+11 1.00E+12 1.00E+13 1.00E+14 1.00E+15 1.00E+16
 4.31E-01 6.46E-01 1.08E+00 2.15E+00 4.31E+00 1.08E+01 2.15E+01 3.23E+01
 4.31E+01 6.46E+01 1.08E+02 2.15E+02 4.31E+02 6.46E+02
 2.22E-36 3.13E-27 5.75E-20 1.31E-14 5.16E-12 1.53E-10 4.21E-10 5.53E-10
 6.14E-10 6.53E-10 6.48E-10 5.93E-10 5.19E-10 4.73E-10
 2.21E-36 3.10E-27 5.61E-20 1.24E-14 4.97E-12 1.52E-10 4.20E-10 5.52E-10
 6.13E-10 6.50E-10 6.44E-10 5.88E-10 5.12E-10 4.65E-10
 2.21E-36 3.10E-27 5.60E-20 1.23E-14 4.94E-12 1.52E-10 4.20E-10 5.52E-10
 6.12E-10 6.50E-10 6.43E-10 5.87E-10 5.11E-10 4.64E-10
 2.21E-36 3.10E-27 5.59E-20 1.23E-14 4.94E-12 1.52E-10 4.20E-10 5.51E-10
 6.11E-10 6.48E-10 6.42E-10 5.86E-10 5.10E-10 4.63E-10
 2.21E-36 3.10E-27 5.59E-20 1.23E-14 4.94E-12 1.52E-10 4.17E-10 5.44E-10
 6.02E-10 6.37E-10 6.30E-10 5.76E-10 5.03E-10 4.58E-10
 2.22E-36 3.10E-27 5.60E-20 1.23E-14 4.92E-12 1.48E-10 3.93E-10 5.03E-10
 5.49E-10 5.76E-10 5.68E-10 5.23E-10 4.61E-10 4.23E-10
 2.16E-36 3.05E-27 5.55E-20 1.23E-14 4.82E-12 1.31E-10 3.07E-10 3.70E-10
 3.93E-10 4.04E-10 3.99E-10 3.76E-10 3.44E-10 3.22E-10
  450.836    7  14 /pl=01:ss= 4:pb= 1:sz= 4/type=excit/ispb = t/isel =   18
 1.00E+10 1.00E+11 1.00E+12 1.00E+13 1.00E+14 1.00E+15 1.00E+16
 4.31E-01 6.46E-01 1.08E+00 2.15E+00 4.31E+00 1.08E+01 2.15E+01 3.23E+01
 4.31E+01 6.46E+01 1.08E+02 2.15E+02 4.31E+02 6.46E+02
 9.74E-36 1.30E-26 2.27E-19 5.01E-14 1.93E-11 5.59E-10 1.52E-09 1.99E-09
 2.20E-09 2.33E-09 2.31E-09 2.12E-09 1.85E-09 1.69E-09
 9.77E-36 1.29E-26 2.23E-19 4.78E-14 1.86E-11 5.57E-10 1.52E-09 1.98E-09
 2.19E-09 2.32E-09 2.30E-09 2.10E-09 1.82E-09 1.66E-09
 9.78E-36 1.29E-26 2.22E-19 4.74E-14 1.85E-11 5.56E-10 1.52E-09 1.98E-09
 2.19E-09 2.32E-09 2.29E-09 2.09E-09 1.82E-09 1.66E-09
 9.78E-36 1.29E-26 2.22E-19 4.74E-14 1.85E-11 5.56E-10 1.52E-09 1.98E-09
 2.19E-09 2.31E-09 2.29E-09 2.09E-09 1.82E-09 1.66E-09
 9.78E-36 1.29E-26 2.22E-19 4.74E-14 1.85E-11 5.55E-10 1.50E-09 1.96E-09
 2.15E-09 2.28E-09 2.25E-09 2.05E-09 1.79E-09 1.64E-09
 9.79E-36 1.30E-26 2.23E-19 4.74E-14 1.85E-11 5.44E-10 1.42E-09 1.81E-09
 1.97E-09 2.06E-09 2.03E-09 1.86E-09 1.65E-09 1.51E-09
 9.50E-36 1.27E-26 2.20E-19 4.72E-14 1.81E-11 4.82E-10 1.12E-09 1.34E-09
 1.42E-09 1.46E-09 1.44E-09 1.35E-09 1.24E-09 1.16E-09
  451.889    7  14 /pl=01:ss= 4:pb= 1:sz= 4/type=excit/ispb = t/isel =   19
 1.00E+10 1.00E+11 1.00E+12 1.00E+13 1.00E+14 1.00E+15 1.00E+16
 4.31E-01 6.46E-01 1.08E+00 2.15E+00 4.31E+00 1.08E+01 2.15E+01 3.23E+01
 4.31E+01 6.46E+01 1.08E+02 2.15E+02 4.31E+02 6.46E+02
 5.05E-36 7.13E-27 1.31E-19 2.99E-14 1.18E-11 3.48E-10 9.60E-10 1.26E-09
 1.40E-09 1.49E-09 1.48E-09 1.35E-09 1.18E-09 1.08E-09
 5.05E-36 7.08E-27 1.28E-19 2.83E-14 1.13E-11 3.47E-10 9.58E-10 1.26E-09
 1.40E-09 1.48E-09 1.47E-09 1.34E-09 1.17E-09 1.06E-09
 5.05E-36 7.07E-27 1.28E-19 2.81E-14 1.13E-11 3.47E-10 9.57E-10 1.26E-09
 1.40E-09 1.48E-09 1.47E-09 1.34E-09 1.16E-09 1.06E-09
 5.05E-36 7.07E-27 1.28E-19 2.81E-14 1.13E-11 3.46E-10 9.57E-10 1.26E-09
 1.39E-09 1.48E-09 1.46E-09 1.33E-09 1.16E-09 1.06E-09
 5.05E-36 7.07E-27 1.28E-19 2.81E-14 1.13E-11 3.46E-10 9.49E-10 1.24E-09
 1.37E-09 1.45E-09 1.44E-09 1.31E-09 1.15E-09 1.04E-09
 5.05E-36 7.08E-27 1.28E-19 2.81E-14 1.12E-11 3.38E-10 8.96E-10 1.15E-09
 1.25E-09 1.31E-09 1.29E-09 1.19E-09 1.05E-09 9.65E-10
 4.91E-36 6.95E-27 1.26E-19 2.80E-14 1.10E-11 2.99E-10 7.00E-10 8.43E-10
 8.97E-10 9.22E-10 9.10E-10 8.58E-10 7.84E-10 7.34E-10
  453.125    7  14 /pl=01:ss= 4:pb= 1:sz= 4/type=excit/ispb = t/isel =   20
 1.00E+10 1.00E+11 1.00E+12 1.00E+13 1.00E+14 1.00E+15 1.00E+16
 4.31E-01 6.46E-01 1.08E+00 2.15E+00 4.31E+00 1.08E+01 2.15E+01 3.23E+01
 4.31E+01 6.46E+01 1.08E+02 2.15E+02 4.31E+02 6.46E+02
 1.61E-35 2.14E-26 3.74E-19 8.27E-14 3.18E-11 9.22E-10 2.51E-09 3.28E-09
 3.62E-09 3.84E-09 3.81E-09 3.49E-09 3.05E-09 2.79E-09
 1.61E-35 2.13E-26 3.68E-19 7.88E-14 3.07E-11 9.18E-10 2.50E-09 3.27E-09
 3.61E-09 3.83E-09 3.79E-09 3.45E-09 3.01E-09 2.74E-09
 1.61E-35 2.13E-26 3.67E-19 7.82E-14 3.06E-11 9.17E-10 2.50E-09 3.27E-09
 3.61E-09 3.82E-09 3.78E-09 3.45E-09 3.00E-09 2.74E-09
 1.61E-35 2.13E-26 3.67E-19 7.82E-14 3.06E-11 9.17E-10 2.50E-09 3.26E-09
 3.61E-09 3.82E-09 3.77E-09 3.44E-09 3.00E-09 2.73E-09
 1.61E-35 2.13E-26 3.67E-19 7.82E-14 3.06E-11 9.15E-10 2.48E-09 3.23E-09
 3.55E-09 3.75E-09 3.71E-09 3.38E-09 2.95E-09 2.70E-09
 1.61E-35 2.14E-26 3.67E-19 7.82E-14 3.05E-11 8.97E-10 2.34E-09 2.98E-09
 3.24E-09 3.39E-09 3.34E-09 3.07E-09 2.71E-09 2.50E-09
 1.57E-35 2.09E-26 3.63E-19 7.78E-14 2.98E-11 7.94E-10 1.84E-09 2.21E-09
 2.34E-09 2.41E-09 2.37E-09 2.23E-09 2.04E-09 1.91E-09
  453.179    7  14 /pl=01:ss= 4:pb= 1:sz= 4/type=excit/ispb = t/isel =   21
 1.00E+10 1.00E+11 1.00E+12 1.00E+13 1.00E+14 1.00E+15 1.00E+16
 4.31E-01 6.46E-01 1.08E+00 2.15E+00 4.31E+00 1.08E+01 2.15E+01 3.23E+01
 4.31E+01 6.46E+01 1.08E+02 2.15E+02 4.31E+02 6.46E+02
 1.00E-74 2.92E-39 2.97E-27 2.46E-18 5.74E-14 1.90E-11 1.11E-10 1.82E-10
 2.22E-10 2.53E-10 2.54E-10 2.20E-10 1.74E-10 1.48E-10
 1.00E-74 2.90E-39 2.90E-27 2.32E-18 5.52E-14 1.89E-11 1.11E-10 1.82E-10
 2.21E-10 2.52E-10 2.52E-10 2.17E-10 1.71E-10 1.45E-10
 1.00E-74 2.90E-39 2.89E-27 2.31E-18 5.49E-14 1.89E-11 1.11E-10 1.82E-10
 2.21E-10 2.51E-10 2.52E-10 2.17E-10 1.71E-10 1.45E-10
 1.00E-74 2.91E-39 2.90E-27 2.31E-18 5.50E-14 1.89E-11 1.11E-10 1.82E-10
 2.21E-10 2.51E-10 2.52E-10 2.17E-10 1.71E-10 1.45E-10
 1.00E-74 3.02E-39 2.99E-27 2.36E-18 5.58E-14 1.91E-11 1.12E-10 1.82E-10
 2.21E-10 2.50E-10 2.51E-10 2.16E-10 1.70E-10 1.45E-10
 1.00E-74 4.15E-39 3.87E-27 2.87E-18 6.44E-14 2.10E-11 1.18E-10 1.88E-10
 2.26E-10 2.54E-10 2.53E-10 2.19E-10 1.74E-10 1.48E-10
 1.00E-74 1.14E-38 1.02E-26 6.85E-18 1.35E-13 3.54E-11 1.73E-10 2.60E-10
 3.03E-10 3.35E-10 3.35E-10 2.96E-10 2.41E-10 2.07E-10
  472.660    7  14 /pl=01:ss= 4:pb= 1:sz= 4/type=excit/ispb = t/isel =   22
 1.00E+10 1.00E+11 1.00E+12 1.00E+13 1.00E+14 1.00E+15 1.00E+16
 4.31E-01 6.46E-01 1.08E+00 2.15E+00 4.31E+00 1.08E+01 2.15E+01 3.23E+01
 4.31E+01 6.46E+01 1.08E+02 2.15E+02 4.31E+02 6.46E+02
 1.29E-35 2.38E-26 5.32E-19 1.39E-13 5.84E-11 1.64E-09 3.94E-09 4.91E-09
 5.35E-09 5.60E-09 5.57E-09 5.17E-09 4.63E-09 4.29E-09
 1.58E-35 2.98E-26 6.80E-19 1.80E-13 6.63E-11 1.65E-09 3.94E-09 4.90E-09
 5.34E-09 5.58E-09 5.54E-09 5.13E-09 4.57E-09 4.22E-09
 1.61E-35 3.06E-26 6.99E-19 1.85E-13 6.72E-11 1.65E-09 3.94E-09 4.90E-09
 5.34E-09 5.58E-09 5.53E-09 5.12E-09 4.56E-09 4.22E-09
 1.62E-35 3.06E-26 7.01E-19 1.86E-13 6.73E-11 1.65E-09 3.94E-09 4.90E-09
 5.33E-09 5.57E-09 5.52E-09 5.11E-09 4.55E-09 4.21E-09
 1.62E-35 3.06E-26 7.02E-19 1.86E-13 6.73E-11 1.65E-09 3.91E-09 4.84E-09
 5.25E-09 5.47E-09 5.42E-09 5.02E-09 4.48E-09 4.15E-09
 1.61E-35 3.06E-26 7.01E-19 1.85E-13 6.71E-11 1.62E-09 3.72E-09 4.50E-09
 4.82E-09 4.97E-09 4.90E-09 4.56E-09 4.11E-09 3.83E-09
 1.53E-35 2.94E-26 6.82E-19 1.82E-13 6.57E-11 1.49E-09 3.20E-09 3.77E-09
 3.98E-09 4.07E-09 4.01E-09 3.75E-09 3.41E-09 3.19E-09
  473.044    7  14 /pl=01:ss= 4:pb= 1:sz= 4/type=excit/ispb = t/isel =   23
 1.00E+10 1.00E+11 1.00E+12 1.00E+13 1.00E+14 1.00E+15 1.00E+16
 4.31E-01 6.46E-01 1.08E+00 2.15E+00 4.31E+00 1.08E+01 2.15E+01 3.23E+01
 4.31E+01 6.46E+01 1.08E+02 2.15E+02 4.31E+02 6.46E+02
 2.08E-39 5.64E-29 1.08E-20 1.40E-14 1.30E-11 5.25E-10 1.28E-09 1.56E-09
 1.67E-09 1.73E-09 1.69E-09 1.55E-09 1.39E-09 1.28E-09
 2.57E-39 7.16E-29 1.41E-20 1.86E-14 1.53E-11 5.48E-10 1.32E-09 1.60E-09
 1.72E-09 1.77E-09 1.72E-09 1.59E-09 1.42E-09 1.32E-09
 2.63E-39 7.36E-29 1.45E-20 1.93E-14 1.55E-11 5.50E-10 1.33E-09 1.61E-09
 1.72E-09 1.77E-09 1.73E-09 1.59E-09 1.43E-09 1.32E-09
 2.64E-39 7.38E-29 1.46E-20 1.93E-14 1.56E-11 5.51E-10 1.33E-09 1.61E-09
 1.72E-09 1.77E-09 1.73E-09 1.59E-09 1.42E-09 1.32E-09
 2.64E-39 7.37E-29 1.46E-20 1.93E-14 1.56E-11 5.50E-10 1.32E-09 1.59E-09
 1.70E-09 1.74E-09 1.70E-09 1.56E-09 1.41E-09 1.30E-09
 2.61E-39 7.32E-29 1.45E-20 1.92E-14 1.55E-11 5.40E-10 1.26E-09 1.48E-09
 1.57E-09 1.60E-09 1.55E-09 1.44E-09 1.30E-09 1.21E-09
 2.39E-39 6.81E-29 1.37E-20 1.85E-14 1.49E-11 4.96E-10 1.10E-09 1.28E-09
 1.34E-09 1.36E-09 1.33E-09 1.24E-09 1.13E-09 1.05E-09
  484.020    7  14 /pl=01:ss= 4:pb= 1:sz= 4/type=excit/ispb = t/isel =   24
 1.00E+10 1.00E+11 1.00E+12 1.00E+13 1.00E+14 1.00E+15 1.00E+16
 4.31E-01 6.46E-01 1.08E+00 2.15E+00 4.31E+00 1.08E+01 2.15E+01 3.23E+01
 4.31E+01 6.46E+01 1.08E+02 2.15E+02 4.31E+02 6.46E+02
 1.00E-74 1.15E-36 1.12E-25 1.58E-17 1.53E-13 3.01E-11 1.50E-10 2.33E-10
 2.77E-10 3.07E-10 3.04E-10 2.59E-10 2.04E-10 1.74E-10
 1.00E-74 1.15E-36 1.09E-25 1.49E-17 1.47E-13 3.00E-11 1.50E-10 2.33E-10
 2.76E-10 3.06E-10 3.02E-10 2.57E-10 2.01E-10 1.71E-10
 1.00E-74 1.15E-36 1.09E-25 1.48E-17 1.46E-13 3.00E-11 1.50E-10 2.33E-10
 2.76E-10 3.06E-10 3.02E-10 2.56E-10 2.01E-10 1.71E-10
 1.00E-74 1.15E-36 1.09E-25 1.49E-17 1.47E-13 3.00E-11 1.50E-10 2.33E-10
 2.76E-10 3.06E-10 3.02E-10 2.56E-10 2.01E-10 1.71E-10
 1.49E-50 1.21E-36 1.14E-25 1.53E-17 1.50E-13 3.05E-11 1.51E-10 2.35E-10
 2.77E-10 3.07E-10 3.02E-10 2.57E-10 2.02E-10 1.72E-10
 2.98E-50 1.76E-36 1.55E-25 1.94E-17 1.78E-13 3.46E-11 1.67E-10 2.55E-10
 2.99E-10 3.29E-10 3.23E-10 2.74E-10 2.15E-10 1.83E-10
 7.56E-50 4.47E-36 3.87E-25 4.55E-17 3.75E-13 6.01E-11 2.58E-10 3.75E-10
 4.31E-10 4.70E-10 4.66E-10 4.09E-10 3.31E-10 2.85E-10
  511.790    7  14 /pl=01:ss= 4:pb= 1:sz= 4/type=excit/ispb = t/isel =   25
 1.00E+10 1.00E+11 1.00E+12 1.00E+13 1.00E+14 1.00E+15 1.00E+16
 4.31E-01 6.46E-01 1.08E+00 2.15E+00 4.31E+00 1.08E+01 2.15E+01 3.23E+01
 4.31E+01 6.46E+01 1.08E+02 2.15E+02 4.31E+02 6.46E+02
 9.42E-33 9.33E-25 2.04E-18 9.49E-14 1.67E-11 3.00E-10 6.88E-10 8.47E-10
 9.06E-10 9.28E-10 8.91E-10 7.90E-10 6.77E-10 6.11E-10
 9.55E-33 9.42E-25 2.03E-18 9.17E-14 1.63E-11 2.99E-10 6.87E-10 8.45E-10
 9.03E-10 9.24E-10 8.85E-10 7.82E-10 6.67E-10 6.01E-10
 9.57E-33 9.43E-25 2.03E-18 9.13E-14 1.62E-11 2.99E-10 6.87E-10 8.45E-10
 9.03E-10 9.23E-10 8.84E-10 7.81E-10 6.66E-10 5.99E-10
 9.57E-33 9.43E-25 2.03E-18 9.12E-14 1.62E-11 2.99E-10 6.86E-10 8.44E-10
 9.01E-10 9.22E-10 8.82E-10 7.80E-10 6.65E-10 5.98E-10
 9.55E-33 9.42E-25 2.03E-18 9.11E-14 1.62E-11 2.98E-10 6.81E-10 8.34E-10
 8.88E-10 9.05E-10 8.66E-10 7.66E-10 6.55E-10 5.91E-10
 9.39E-33 9.29E-25 2.01E-18 9.04E-14 1.60E-11 2.91E-10 6.41E-10 7.67E-10
 8.07E-10 8.16E-10 7.79E-10 6.94E-10 6.01E-10 5.45E-10
 8.03E-33 8.16E-25 1.81E-18 8.39E-14 1.49E-11 2.48E-10 4.86E-10 5.50E-10
 5.64E-10 5.61E-10 5.38E-10 4.93E-10 4.43E-10 4.12E-10
  513.501    7  14 /pl=01:ss= 4:pb= 1:sz= 4/type=excit/ispb = t/isel =   26
 1.00E+10 1.00E+11 1.00E+12 1.00E+13 1.00E+14 1.00E+15 1.00E+16
 4.31E-01 6.46E-01 1.08E+00 2.15E+00 4.31E+00 1.08E+01 2.15E+01 3.23E+01
 4.31E+01 6.46E+01 1.08E+02 2.15E+02 4.31E+02 6.46E+02
 2.83E-32 2.80E-24 6.12E-18 2.85E-13 5.02E-11 9.01E-10 2.06E-09 2.54E-09
 2.72E-09 2.78E-09 2.67E-09 2.37E-09 2.03E-09 1.83E-09
 2.87E-32 2.83E-24 6.09E-18 2.75E-13 4.88E-11 8.98E-10 2.06E-09 2.54E-09
 2.71E-09 2.77E-09 2.66E-09 2.35E-09 2.00E-09 1.80E-09
 2.87E-32 2.83E-24 6.09E-18 2.74E-13 4.86E-11 8.97E-10 2.06E-09 2.53E-09
 2.71E-09 2.77E-09 2.65E-09 2.34E-09 2.00E-09 1.80E-09
 2.87E-32 2.83E-24 6.09E-18 2.74E-13 4.86E-11 8.97E-10 2.06E-09 2.53E-09
 2.70E-09 2.76E-09 2.65E-09 2.34E-09 2.00E-09 1.80E-09
 2.87E-32 2.83E-24 6.08E-18 2.73E-13 4.86E-11 8.95E-10 2.04E-09 2.50E-09
 2.66E-09 2.72E-09 2.60E-09 2.30E-09 1.97E-09 1.77E-09
 2.82E-32 2.79E-24 6.02E-18 2.71E-13 4.81E-11 8.73E-10 1.92E-09 2.30E-09
 2.42E-09 2.45E-09 2.34E-09 2.08E-09 1.80E-09 1.64E-09
 2.41E-32 2.45E-24 5.43E-18 2.52E-13 4.47E-11 7.45E-10 1.46E-09 1.65E-09
 1.69E-09 1.68E-09 1.61E-09 1.48E-09 1.33E-09 1.24E-09
  515.068    7  14 /pl=01:ss= 4:pb= 1:sz= 4/type=excit/ispb = t/isel =   27
 1.00E+10 1.00E+11 1.00E+12 1.00E+13 1.00E+14 1.00E+15 1.00E+16
 4.31E-01 6.46E-01 1.08E+00 2.15E+00 4.31E+00 1.08E+01 2.15E+01 3.23E+01
 4.31E+01 6.46E+01 1.08E+02 2.15E+02 4.31E+02 6.46E+02
 3.94E-35 4.07E-27 9.20E-21 4.38E-16 9.35E-14 1.03E-11 7.91E-11 1.49E-10
 1.96E-10 2.44E-10 2.67E-10 2.52E-10 2.13E-10 1.87E-10
 4.15E-35 4.31E-27 9.65E-21 4.49E-16 9.38E-14 1.04E-11 7.93E-11 1.49E-10
 1.96E-10 2.44E-10 2.66E-10 2.50E-10 2.11E-10 1.85E-10
 4.18E-35 4.34E-27 9.72E-21 4.51E-16 9.38E-14 1.04E-11 7.92E-11 1.49E-10
 1.95E-10 2.43E-10 2.66E-10 2.50E-10 2.10E-10 1.84E-10
 4.20E-35 4.36E-27 9.75E-21 4.52E-16 9.39E-14 1.03E-11 7.85E-11 1.47E-10
 1.93E-10 2.40E-10 2.62E-10 2.46E-10 2.07E-10 1.82E-10
 4.38E-35 4.52E-27 1.01E-20 4.61E-16 9.46E-14 9.96E-12 7.23E-11 1.32E-10
 1.71E-10 2.10E-10 2.28E-10 2.16E-10 1.84E-10 1.63E-10
 5.76E-35 5.81E-27 1.25E-20 5.28E-16 9.91E-14 7.74E-12 4.25E-11 6.88E-11
 8.39E-11 9.75E-11 1.03E-10 9.88E-11 8.80E-11 8.08E-11
 7.23E-35 7.77E-27 1.70E-20 6.41E-16 9.58E-14 3.46E-12 1.16E-11 1.57E-11
 1.76E-11 1.90E-11 1.93E-11 1.83E-11 1.67E-11 1.57E-11
  516.472    7  14 /pl=01:ss= 4:pb= 1:sz= 4/type=excit/ispb = t/isel =   28
 1.00E+10 1.00E+11 1.00E+12 1.00E+13 1.00E+14 1.00E+15 1.00E+16
 4.31E-01 6.46E-01 1.08E+00 2.15E+00 4.31E+00 1.08E+01 2.15E+01 3.23E+01
 4.31E+01 6.46E+01 1.08E+02 2.15E+02 4.31E+02 6.46E+02
 4.40E-32 4.35E-24 9.52E-18 4.42E-13 7.80E-11 1.40E-09 3.21E-09 3.95E-09
 4.22E-09 4.33E-09 4.15E-09 3.68E-09 3.16E-09 2.85E-09
 4.46E-32 4.39E-24 9.47E-18 4.28E-13 7.59E-11 1.40E-09 3.20E-09 3.94E-09
 4.21E-09 4.31E-09 4.13E-09 3.65E-09 3.11E-09 2.80E-09
 4.46E-32 4.40E-24 9.47E-18 4.26E-13 7.56E-11 1.40E-09 3.20E-09 3.94E-09
 4.21E-09 4.31E-09 4.13E-09 3.64E-09 3.11E-09 2.80E-09
 4.46E-32 4.40E-24 9.46E-18 4.25E-13 7.56E-11 1.39E-09 3.20E-09 3.94E-09
 4.20E-09 4.30E-09 4.12E-09 3.64E-09 3.10E-09 2.79E-09
 4.46E-32 4.39E-24 9.45E-18 4.25E-13 7.55E-11 1.39E-09 3.18E-09 3.89E-09
 4.14E-09 4.22E-09 4.04E-09 3.57E-09 3.06E-09 2.76E-09
 4.38E-32 4.33E-24 9.35E-18 4.22E-13 7.48E-11 1.36E-09 2.99E-09 3.58E-09
 3.77E-09 3.81E-09 3.63E-09 3.24E-09 2.80E-09 2.54E-09
 3.75E-32 3.81E-24 8.44E-18 3.91E-13 6.95E-11 1.16E-09 2.27E-09 2.56E-09
 2.63E-09 2.62E-09 2.51E-09 2.30E-09 2.07E-09 1.92E-09
  520.682    7  14 /pl=01:ss= 4:pb= 1:sz= 4/type=excit/ispb = t/isel =   29
 1.00E+10 1.00E+11 1.00E+12 1.00E+13 1.00E+14 1.00E+15 1.00E+16
 4.31E-01 6.46E-01 1.08E+00 2.15E+00 4.31E+00 1.08E+01 2.15E+01 3.23E+01
 4.31E+01 6.46E+01 1.08E+02 2.15E+02 4.31E+02 6.46E+02
 9.40E-33 7.02E-25 1.22E-18 4.68E-14 7.55E-12 1.21E-10 2.53E-10 3.02E-10
 3.20E-10 3.25E-10 3.11E-10 2.78E-10 2.40E-10 2.18E-10
 1.08E-32 8.21E-25 1.44E-18 5.51E-14 8.15E-12 1.22E-10 2.54E-10 3.02E-10
 3.20E-10 3.25E-10 3.10E-10 2.76E-10 2.38E-10 2.16E-10
 1.10E-32 8.37E-25 1.47E-18 5.62E-14 8.22E-12 1.22E-10 2.54E-10 3.02E-10
 3.20E-10 3.25E-10 3.10E-10 2.76E-10 2.37E-10 2.15E-10
 1.10E-32 8.38E-25 1.47E-18 5.63E-14 8.23E-12 1.22E-10 2.54E-10 3.02E-10
 3.19E-10 3.24E-10 3.09E-10 2.75E-10 2.37E-10 2.15E-10
 1.10E-32 8.37E-25 1.47E-18 5.63E-14 8.22E-12 1.22E-10 2.52E-10 2.98E-10
 3.15E-10 3.18E-10 3.04E-10 2.70E-10 2.33E-10 2.12E-10
 1.08E-32 8.24E-25 1.45E-18 5.58E-14 8.15E-12 1.19E-10 2.38E-10 2.75E-10
 2.87E-10 2.88E-10 2.73E-10 2.45E-10 2.14E-10 1.95E-10
 8.94E-33 7.06E-25 1.28E-18 5.11E-14 7.52E-12 1.04E-10 1.90E-10 2.11E-10
 2.16E-10 2.14E-10 2.05E-10 1.87E-10 1.67E-10 1.55E-10
  523.737    7  14 /pl=01:ss= 4:pb= 1:sz= 4/type=excit/ispb = t/isel =   30
 1.00E+10 1.00E+11 1.00E+12 1.00E+13 1.00E+14 1.00E+15 1.00E+16
 4.31E-01 6.46E-01 1.08E+00 2.15E+00 4.31E+00 1.08E+01 2.15E+01 3.23E+01
 4.31E+01 6.46E+01 1.08E+02 2.15E+02 4.31E+02 6.46E+02
 2.00E-32 1.50E-24 2.59E-18 9.97E-14 1.61E-11 2.58E-10 5.40E-10 6.43E-10
 6.82E-10 6.93E-10 6.63E-10 5.92E-10 5.12E-10 4.66E-10
 2.31E-32 1.75E-24 3.06E-18 1.17E-13 1.74E-11 2.61E-10 5.41E-10 6.44E-10
 6.82E-10 6.93E-10 6.61E-10 5.89E-10 5.07E-10 4.60E-10
 2.34E-32 1.78E-24 3.12E-18 1.20E-13 1.75E-11 2.61E-10 5.41E-10 6.44E-10
 6.82E-10 6.92E-10 6.61E-10 5.88E-10 5.06E-10 4.59E-10
 2.35E-32 1.79E-24 3.13E-18 1.20E-13 1.75E-11 2.61E-10 5.41E-10 6.43E-10
 6.81E-10 6.91E-10 6.60E-10 5.87E-10 5.05E-10 4.58E-10
 2.34E-32 1.78E-24 3.13E-18 1.20E-13 1.75E-11 2.60E-10 5.37E-10 6.35E-10
 6.71E-10 6.79E-10 6.47E-10 5.77E-10 4.97E-10 4.52E-10
 2.30E-32 1.76E-24 3.09E-18 1.19E-13 1.74E-11 2.54E-10 5.06E-10 5.86E-10
 6.11E-10 6.13E-10 5.83E-10 5.22E-10 4.55E-10 4.16E-10
 1.91E-32 1.50E-24 2.74E-18 1.09E-13 1.60E-11 2.21E-10 4.04E-10 4.49E-10
 4.60E-10 4.57E-10 4.36E-10 3.99E-10 3.56E-10 3.30E-10
  553.291    7  14 /pl=01:ss= 4:pb= 1:sz= 4/type=excit/ispb = t/isel =   31
 1.00E+10 1.00E+11 1.00E+12 1.00E+13 1.00E+14 1.00E+15 1.00E+16
 4.31E-01 6.46E-01 1.08E+00 2.15E+00 4.31E+00 1.08E+01 2.15E+01 3.23E+01
 4.31E+01 6.46E+01 1.08E+02 2.15E+02 4.31E+02 6.46E+02
 4.90E-33 4.85E-25 1.06E-18 4.93E-14 8.69E-12 1.56E-10 3.57E-10 4.40E-10
 4.70E-10 4.82E-10 4.63E-10 4.10E-10 3.52E-10 3.17E-10
 4.96E-33 4.89E-25 1.05E-18 4.76E-14 8.45E-12 1.55E-10 3.57E-10 4.39E-10
 4.69E-10 4.80E-10 4.60E-10 4.06E-10 3.47E-10 3.12E-10
 4.97E-33 4.90E-25 1.05E-18 4.74E-14 8.42E-12 1.55E-10 3.57E-10 4.39E-10
 4.69E-10 4.80E-10 4.59E-10 4.06E-10 3.46E-10 3.11E-10
 4.97E-33 4.90E-25 1.05E-18 4.74E-14 8.42E-12 1.55E-10 3.56E-10 4.38E-10
 4.68E-10 4.79E-10 4.58E-10 4.05E-10 3.45E-10 3.11E-10
 4.96E-33 4.89E-25 1.05E-18 4.73E-14 8.41E-12 1.55E-10 3.54E-10 4.33E-10
 4.61E-10 4.70E-10 4.50E-10 3.98E-10 3.40E-10 3.07E-10
 4.88E-33 4.83E-25 1.04E-18 4.70E-14 8.33E-12 1.51E-10 3.33E-10 3.98E-10
 4.19E-10 4.24E-10 4.05E-10 3.61E-10 3.12E-10 2.83E-10
 4.17E-33 4.24E-25 9.40E-19 4.36E-14 7.74E-12 1.29E-10 2.53E-10 2.85E-10
 2.93E-10 2.91E-10 2.79E-10 2.56E-10 2.30E-10 2.14E-10
  556.280    7  14 /pl=01:ss= 4:pb= 1:sz= 4/type=excit/ispb = t/isel =   32
 1.00E+10 1.00E+11 1.00E+12 1.00E+13 1.00E+14 1.00E+15 1.00E+16
 4.31E-01 6.46E-01 1.08E+00 2.15E+00 4.31E+00 1.08E+01 2.15E+01 3.23E+01
 4.31E+01 6.46E+01 1.08E+02 2.15E+02 4.31E+02 6.46E+02
 5.23E-47 2.43E-34 2.99E-24 9.03E-17 4.03E-13 5.01E-11 2.16E-10 3.21E-10
 3.72E-10 4.05E-10 3.91E-10 3.28E-10 2.55E-10 2.17E-10
 5.03E-47 2.41E-34 2.92E-24 8.54E-17 3.88E-13 4.99E-11 2.15E-10 3.20E-10
 3.71E-10 4.03E-10 3.89E-10 3.25E-10 2.52E-10 2.13E-10
 5.02E-47 2.41E-34 2.91E-24 8.48E-17 3.86E-13 4.98E-11 2.15E-10 3.20E-10
 3.71E-10 4.03E-10 3.88E-10 3.24E-10 2.51E-10 2.13E-10
 5.02E-47 2.41E-34 2.91E-24 8.47E-17 3.86E-13 4.98E-11 2.15E-10 3.20E-10
 3.70E-10 4.02E-10 3.88E-10 3.24E-10 2.51E-10 2.13E-10
 5.02E-47 2.41E-34 2.91E-24 8.47E-17 3.85E-13 4.97E-11 2.13E-10 3.16E-10
 3.65E-10 3.95E-10 3.81E-10 3.18E-10 2.48E-10 2.10E-10
 4.96E-47 2.38E-34 2.89E-24 8.40E-17 3.81E-13 4.83E-11 2.00E-10 2.91E-10
 3.33E-10 3.58E-10 3.45E-10 2.91E-10 2.29E-10 1.96E-10
 3.98E-47 2.00E-34 2.53E-24 7.58E-17 3.39E-13 3.85E-11 1.42E-10 1.95E-10
 2.19E-10 2.34E-10 2.31E-10 2.06E-10 1.71E-10 1.51E-10
  557.913    7  14 /pl=01:ss= 4:pb= 1:sz= 4/type=excit/ispb = t/isel =   33
 1.00E+10 1.00E+11 1.00E+12 1.00E+13 1.00E+14 1.00E+15 1.00E+16
 4.31E-01 6.46E-01 1.08E+00 2.15E+00 4.31E+00 1.08E+01 2.15E+01 3.23E+01
 4.31E+01 6.46E+01 1.08E+02 2.15E+02 4.31E+02 6.46E+02
 4.28E-47 1.89E-34 2.22E-24 6.45E-17 2.84E-13 3.50E-11 1.50E-10 2.24E-10
 2.60E-10 2.82E-10 2.73E-10 2.29E-10 1.78E-10 1.51E-10
 4.15E-47 1.87E-34 2.16E-24 6.09E-17 2.72E-13 3.48E-11 1.50E-10 2.23E-10
 2.59E-10 2.81E-10 2.72E-10 2.27E-10 1.76E-10 1.49E-10
 4.13E-47 1.87E-34 2.16E-24 6.04E-17 2.71E-13 3.48E-11 1.50E-10 2.23E-10
 2.59E-10 2.81E-10 2.71E-10 2.26E-10 1.76E-10 1.49E-10
 4.14E-47 1.87E-34 2.15E-24 6.04E-17 2.71E-13 3.48E-11 1.50E-10 2.23E-10
 2.58E-10 2.80E-10 2.71E-10 2.26E-10 1.75E-10 1.48E-10
 4.13E-47 1.87E-34 2.15E-24 6.04E-17 2.71E-13 3.47E-11 1.49E-10 2.20E-10
 2.55E-10 2.76E-10 2.66E-10 2.22E-10 1.73E-10 1.47E-10
 4.10E-47 1.86E-34 2.14E-24 6.00E-17 2.68E-13 3.37E-11 1.40E-10 2.03E-10
 2.33E-10 2.50E-10 2.41E-10 2.04E-10 1.60E-10 1.37E-10
 3.36E-47 1.59E-34 1.91E-24 5.49E-17 2.41E-13 2.72E-11 9.97E-11 1.37E-10
 1.54E-10 1.64E-10 1.62E-10 1.44E-10 1.20E-10 1.06E-10
  559.282    7  14 /pl=01:ss= 4:pb= 1:sz= 4/type=excit/ispb = t/isel =   34
 1.00E+10 1.00E+11 1.00E+12 1.00E+13 1.00E+14 1.00E+15 1.00E+16
 4.31E-01 6.46E-01 1.08E+00 2.15E+00 4.31E+00 1.08E+01 2.15E+01 3.23E+01
 4.31E+01 6.46E+01 1.08E+02 2.15E+02 4.31E+02 6.46E+02
 3.03E-47 1.39E-34 1.59E-24 4.49E-17 1.95E-13 2.41E-11 1.04E-10 1.54E-10
 1.79E-10 1.95E-10 1.88E-10 1.58E-10 1.23E-10 1.04E-10
 3.20E-47 1.38E-34 1.55E-24 4.24E-17 1.88E-13 2.40E-11 1.04E-10 1.54E-10
 1.79E-10 1.94E-10 1.87E-10 1.56E-10 1.21E-10 1.02E-10
 3.19E-47 1.38E-34 1.54E-24 4.21E-17 1.87E-13 2.40E-11 1.03E-10 1.54E-10
 1.78E-10 1.94E-10 1.87E-10 1.56E-10 1.21E-10 1.02E-10
 3.19E-47 1.38E-34 1.54E-24 4.21E-17 1.87E-13 2.40E-11 1.03E-10 1.54E-10
 1.78E-10 1.93E-10 1.87E-10 1.56E-10 1.20E-10 1.02E-10
 3.19E-47 1.38E-34 1.54E-24 4.20E-17 1.87E-13 2.39E-11 1.03E-10 1.52E-10
 1.76E-10 1.90E-10 1.83E-10 1.53E-10 1.19E-10 1.01E-10
 3.17E-47 1.37E-34 1.53E-24 4.19E-17 1.85E-13 2.33E-11 9.67E-11 1.40E-10
 1.61E-10 1.73E-10 1.67E-10 1.41E-10 1.10E-10 9.43E-11
 2.64E-47 1.19E-34 1.38E-24 3.87E-17 1.68E-13 1.89E-11 6.92E-11 9.50E-11
 1.06E-10 1.14E-10 1.12E-10 9.94E-11 8.28E-11 7.30E-11
  561.637    7  14 /pl=01:ss= 4:pb= 1:sz= 4/type=excit/ispb = t/isel =   35
 1.00E+10 1.00E+11 1.00E+12 1.00E+13 1.00E+14 1.00E+15 1.00E+16
 4.31E-01 6.46E-01 1.08E+00 2.15E+00 4.31E+00 1.08E+01 2.15E+01 3.23E+01
 4.31E+01 6.46E+01 1.08E+02 2.15E+02 4.31E+02 6.46E+02
 5.32E-32 3.98E-24 6.89E-18 2.65E-13 4.28E-11 6.87E-10 1.43E-09 1.71E-09
 1.81E-09 1.84E-09 1.76E-09 1.57E-09 1.36E-09 1.24E-09
 6.13E-32 4.65E-24 8.14E-18 3.12E-13 4.62E-11 6.93E-10 1.44E-09 1.71E-09
 1.81E-09 1.84E-09 1.76E-09 1.57E-09 1.35E-09 1.22E-09
 6.23E-32 4.74E-24 8.30E-18 3.18E-13 4.66E-11 6.93E-10 1.44E-09 1.71E-09
 1.81E-09 1.84E-09 1.76E-09 1.56E-09 1.35E-09 1.22E-09
 6.24E-32 4.75E-24 8.32E-18 3.19E-13 4.66E-11 6.93E-10 1.44E-09 1.71E-09
 1.81E-09 1.84E-09 1.75E-09 1.56E-09 1.34E-09 1.22E-09
 6.23E-32 4.74E-24 8.31E-18 3.19E-13 4.66E-11 6.92E-10 1.43E-09 1.69E-09
 1.78E-09 1.80E-09 1.72E-09 1.53E-09 1.32E-09 1.20E-09
 6.11E-32 4.67E-24 8.21E-18 3.16E-13 4.62E-11 6.76E-10 1.35E-09 1.56E-09
 1.63E-09 1.63E-09 1.55E-09 1.39E-09 1.21E-09 1.11E-09
 5.06E-32 4.00E-24 7.27E-18 2.89E-13 4.26E-11 5.87E-10 1.07E-09 1.19E-09
 1.22E-09 1.21E-09 1.16E-09 1.06E-09 9.46E-10 8.78E-10
  667.434    7  14 /pl=01:ss= 4:pb= 1:sz= 4/type=excit/ispb = t/isel =   36
 1.00E+10 1.00E+11 1.00E+12 1.00E+13 1.00E+14 1.00E+15 1.00E+16
 4.31E-01 6.46E-01 1.08E+00 2.15E+00 4.31E+00 1.08E+01 2.15E+01 3.23E+01
 4.31E+01 6.46E+01 1.08E+02 2.15E+02 4.31E+02 6.46E+02
 7.78E-33 5.82E-25 1.01E-18 3.88E-14 6.26E-12 1.00E-10 2.10E-10 2.50E-10
 2.65E-10 2.69E-10 2.58E-10 2.30E-10 1.99E-10 1.81E-10
 8.96E-33 6.80E-25 1.19E-18 4.56E-14 6.75E-12 1.01E-10 2.10E-10 2.50E-10
 2.65E-10 2.69E-10 2.57E-10 2.29E-10 1.97E-10 1.79E-10
 9.10E-33 6.93E-25 1.21E-18 4.65E-14 6.81E-12 1.01E-10 2.10E-10 2.50E-10
 2.65E-10 2.69E-10 2.57E-10 2.28E-10 1.97E-10 1.78E-10
 9.12E-33 6.94E-25 1.22E-18 4.66E-14 6.81E-12 1.01E-10 2.10E-10 2.50E-10
 2.64E-10 2.68E-10 2.56E-10 2.28E-10 1.96E-10 1.78E-10
 9.10E-33 6.93E-25 1.21E-18 4.66E-14 6.81E-12 1.01E-10 2.09E-10 2.47E-10
 2.60E-10 2.64E-10 2.51E-10 2.24E-10 1.93E-10 1.76E-10
 8.92E-33 6.82E-25 1.20E-18 4.62E-14 6.75E-12 9.87E-11 1.97E-10 2.28E-10
 2.38E-10 2.38E-10 2.26E-10 2.03E-10 1.77E-10 1.62E-10
 7.40E-33 5.84E-25 1.06E-18 4.23E-14 6.23E-12 8.57E-11 1.57E-10 1.75E-10
 1.79E-10 1.78E-10 1.69E-10 1.55E-10 1.38E-10 1.28E-10
  673.571    7  14 /pl=01:ss= 4:pb= 1:sz= 4/type=excit/ispb = t/isel =   37
 1.00E+10 1.00E+11 1.00E+12 1.00E+13 1.00E+14 1.00E+15 1.00E+16
 4.31E-01 6.46E-01 1.08E+00 2.15E+00 4.31E+00 1.08E+01 2.15E+01 3.23E+01
 4.31E+01 6.46E+01 1.08E+02 2.15E+02 4.31E+02 6.46E+02
 2.33E-28 1.01E-21 1.78E-16 1.23E-12 8.45E-11 8.32E-10 1.55E-09 1.81E-09
 1.91E-09 1.94E-09 1.85E-09 1.63E-09 1.38E-09 1.24E-09
 2.84E-28 1.26E-21 2.28E-16 1.59E-12 9.59E-11 8.39E-10 1.55E-09 1.81E-09
 1.91E-09 1.94E-09 1.84E-09 1.62E-09 1.37E-09 1.22E-09
 2.91E-28 1.29E-21 2.34E-16 1.64E-12 9.72E-11 8.40E-10 1.55E-09 1.81E-09
 1.91E-09 1.94E-09 1.84E-09 1.61E-09 1.36E-09 1.22E-09
 2.91E-28 1.30E-21 2.35E-16 1.64E-12 9.73E-11 8.40E-10 1.55E-09 1.81E-09
 1.91E-09 1.93E-09 1.84E-09 1.61E-09 1.36E-09 1.22E-09
 2.90E-28 1.29E-21 2.34E-16 1.64E-12 9.72E-11 8.37E-10 1.53E-09 1.78E-09
 1.88E-09 1.90E-09 1.80E-09 1.58E-09 1.34E-09 1.20E-09
 2.77E-28 1.25E-21 2.28E-16 1.60E-12 9.52E-11 8.08E-10 1.43E-09 1.63E-09
 1.69E-09 1.70E-09 1.61E-09 1.42E-09 1.22E-09 1.10E-09
 1.92E-28 9.13E-22 1.77E-16 1.32E-12 7.97E-11 6.42E-10 1.06E-09 1.18E-09
 1.21E-09 1.21E-09 1.16E-09 1.05E-09 9.33E-10 8.57E-10
  690.608    7  14 /pl=01:ss= 4:pb= 1:sz= 4/type=excit/ispb = t/isel =   38
 1.00E+10 1.00E+11 1.00E+12 1.00E+13 1.00E+14 1.00E+15 1.00E+16
 4.31E-01 6.46E-01 1.08E+00 2.15E+00 4.31E+00 1.08E+01 2.15E+01 3.23E+01
 4.31E+01 6.46E+01 1.08E+02 2.15E+02 4.31E+02 6.46E+02
 5.17E-27 4.00E-21 1.81E-16 4.59E-13 1.91E-11 1.62E-10 3.48E-10 4.37E-10
 4.75E-10 4.93E-10 4.72E-10 4.05E-10 3.31E-10 2.90E-10
 5.16E-27 3.97E-21 1.77E-16 4.34E-13 1.83E-11 1.62E-10 3.48E-10 4.37E-10
 4.74E-10 4.92E-10 4.69E-10 4.02E-10 3.27E-10 2.85E-10
 5.16E-27 3.97E-21 1.76E-16 4.31E-13 1.82E-11 1.62E-10 3.48E-10 4.37E-10
 4.74E-10 4.91E-10 4.69E-10 4.01E-10 3.26E-10 2.85E-10
 5.16E-27 3.97E-21 1.76E-16 4.30E-13 1.82E-11 1.62E-10 3.47E-10 4.36E-10
 4.73E-10 4.90E-10 4.68E-10 4.01E-10 3.25E-10 2.84E-10
 5.15E-27 3.96E-21 1.76E-16 4.30E-13 1.82E-11 1.61E-10 3.45E-10 4.31E-10
 4.67E-10 4.82E-10 4.59E-10 3.94E-10 3.21E-10 2.81E-10
 5.03E-27 3.89E-21 1.74E-16 4.27E-13 1.81E-11 1.57E-10 3.24E-10 3.96E-10
 4.24E-10 4.34E-10 4.13E-10 3.57E-10 2.95E-10 2.60E-10
 3.60E-27 2.96E-21 1.41E-16 3.70E-13 1.59E-11 1.26E-10 2.25E-10 2.56E-10
 2.65E-10 2.67E-10 2.57E-10 2.33E-10 2.04E-10 1.86E-10
  693.722    7  14 /pl=01:ss= 4:pb= 1:sz= 4/type=excit/ispb = t/isel =   39
 1.00E+10 1.00E+11 1.00E+12 1.00E+13 1.00E+14 1.00E+15 1.00E+16
 4.31E-01 6.46E-01 1.08E+00 2.15E+00 4.31E+00 1.08E+01 2.15E+01 3.23E+01
 4.31E+01 6.46E+01 1.08E+02 2.15E+02 4.31E+02 6.46E+02
 5.32E-27 4.13E-21 1.86E-16 4.74E-13 1.96E-11 1.65E-10 3.45E-10 4.31E-10
 4.66E-10 4.82E-10 4.59E-10 3.94E-10 3.21E-10 2.81E-10
 5.30E-27 4.09E-21 1.82E-16 4.47E-13 1.89E-11 1.64E-10 3.45E-10 4.30E-10
 4.65E-10 4.80E-10 4.57E-10 3.90E-10 3.17E-10 2.77E-10
 5.30E-27 4.09E-21 1.81E-16 4.43E-13 1.88E-11 1.64E-10 3.44E-10 4.30E-10
 4.65E-10 4.80E-10 4.56E-10 3.90E-10 3.16E-10 2.76E-10
 5.30E-27 4.09E-21 1.81E-16 4.43E-13 1.88E-11 1.64E-10 3.44E-10 4.29E-10
 4.64E-10 4.79E-10 4.55E-10 3.89E-10 3.16E-10 2.76E-10
 5.29E-27 4.08E-21 1.81E-16 4.43E-13 1.87E-11 1.64E-10 3.42E-10 4.24E-10
 4.58E-10 4.71E-10 4.47E-10 3.83E-10 3.12E-10 2.72E-10
 5.17E-27 4.01E-21 1.78E-16 4.39E-13 1.86E-11 1.60E-10 3.22E-10 3.92E-10
 4.18E-10 4.27E-10 4.05E-10 3.49E-10 2.88E-10 2.54E-10
 3.71E-27 3.06E-21 1.45E-16 3.81E-13 1.64E-11 1.28E-10 2.27E-10 2.58E-10
 2.68E-10 2.69E-10 2.59E-10 2.34E-10 2.04E-10 1.86E-10
  693.728    7  14 /pl=01:ss= 4:pb= 1:sz= 4/type=excit/ispb = t/isel =   40
 1.00E+10 1.00E+11 1.00E+12 1.00E+13 1.00E+14 1.00E+15 1.00E+16
 4.31E-01 6.46E-01 1.08E+00 2.15E+00 4.31E+00 1.08E+01 2.15E+01 3.23E+01
 4.31E+01 6.46E+01 1.08E+02 2.15E+02 4.31E+02 6.46E+02
 4.88E-27 3.78E-21 1.71E-16 4.34E-13 1.80E-11 1.53E-10 3.29E-10 4.13E-10
 4.49E-10 4.66E-10 4.45E-10 3.83E-10 3.12E-10 2.74E-10
 4.87E-27 3.75E-21 1.67E-16 4.10E-13 1.73E-11 1.53E-10 3.29E-10 4.13E-10
 4.48E-10 4.64E-10 4.43E-10 3.80E-10 3.08E-10 2.69E-10
 4.87E-27 3.75E-21 1.66E-16 4.07E-13 1.72E-11 1.53E-10 3.28E-10 4.12E-10
 4.48E-10 4.64E-10 4.43E-10 3.79E-10 3.08E-10 2.69E-10
 4.87E-27 3.75E-21 1.66E-16 4.07E-13 1.72E-11 1.53E-10 3.28E-10 4.12E-10
 4.47E-10 4.63E-10 4.42E-10 3.78E-10 3.07E-10 2.68E-10
 4.86E-27 3.74E-21 1.66E-16 4.06E-13 1.72E-11 1.52E-10 3.26E-10 4.07E-10
 4.41E-10 4.55E-10 4.34E-10 3.72E-10 3.03E-10 2.65E-10
 4.75E-27 3.68E-21 1.64E-16 4.03E-13 1.71E-11 1.48E-10 3.06E-10 3.74E-10
 4.00E-10 4.10E-10 3.90E-10 3.37E-10 2.78E-10 2.45E-10
 3.40E-27 2.80E-21 1.33E-16 3.49E-13 1.50E-11 1.19E-10 2.12E-10 2.42E-10
 2.51E-10 2.52E-10 2.43E-10 2.20E-10 1.92E-10 1.75E-10
  693.831    7  14 /pl=01:ss= 4:pb= 1:sz= 4/type=excit/ispb = t/isel =   41
 1.00E+10 1.00E+11 1.00E+12 1.00E+13 1.00E+14 1.00E+15 1.00E+16
 4.31E-01 6.46E-01 1.08E+00 2.15E+00 4.31E+00 1.08E+01 2.15E+01 3.23E+01
 4.31E+01 6.46E+01 1.08E+02 2.15E+02 4.31E+02 6.46E+02
 5.57E-27 4.30E-21 1.94E-16 4.92E-13 2.04E-11 1.70E-10 3.60E-10 4.48E-10
 4.87E-10 5.04E-10 4.80E-10 4.13E-10 3.37E-10 2.96E-10
 5.56E-27 4.27E-21 1.89E-16 4.65E-13 1.96E-11 1.70E-10 3.59E-10 4.47E-10
 4.85E-10 5.02E-10 4.78E-10 4.09E-10 3.33E-10 2.91E-10
 5.56E-27 4.26E-21 1.89E-16 4.62E-13 1.95E-11 1.70E-10 3.59E-10 4.47E-10
 4.85E-10 5.02E-10 4.77E-10 4.09E-10 3.32E-10 2.90E-10
 5.56E-27 4.26E-21 1.89E-16 4.61E-13 1.95E-11 1.69E-10 3.58E-10 4.47E-10
 4.84E-10 5.01E-10 4.76E-10 4.08E-10 3.31E-10 2.90E-10
 5.54E-27 4.26E-21 1.88E-16 4.61E-13 1.95E-11 1.69E-10 3.56E-10 4.41E-10
 4.77E-10 4.92E-10 4.68E-10 4.01E-10 3.27E-10 2.86E-10
 5.41E-27 4.18E-21 1.86E-16 4.57E-13 1.93E-11 1.65E-10 3.35E-10 4.06E-10
 4.34E-10 4.44E-10 4.21E-10 3.64E-10 3.00E-10 2.65E-10
 3.85E-27 3.16E-21 1.50E-16 3.95E-13 1.70E-11 1.32E-10 2.34E-10 2.66E-10
 2.76E-10 2.77E-10 2.66E-10 2.41E-10 2.10E-10 1.92E-10
  699.161    7  14 /pl=01:ss= 4:pb= 1:sz= 4/type=excit/ispb = t/isel =   42
 1.00E+10 1.00E+11 1.00E+12 1.00E+13 1.00E+14 1.00E+15 1.00E+16
 4.31E-01 6.46E-01 1.08E+00 2.15E+00 4.31E+00 1.08E+01 2.15E+01 3.23E+01
 4.31E+01 6.46E+01 1.08E+02 2.15E+02 4.31E+02 6.46E+02
 5.84E-27 4.53E-21 2.05E-16 5.19E-13 2.15E-11 1.84E-10 3.94E-10 4.94E-10
 5.37E-10 5.57E-10 5.33E-10 4.58E-10 3.74E-10 3.27E-10
 5.83E-27 4.49E-21 2.00E-16 4.91E-13 2.07E-11 1.83E-10 3.93E-10 4.94E-10
 5.36E-10 5.56E-10 5.30E-10 4.54E-10 3.69E-10 3.22E-10
 5.83E-27 4.49E-21 1.99E-16 4.87E-13 2.06E-11 1.83E-10 3.93E-10 4.93E-10
 5.36E-10 5.55E-10 5.30E-10 4.54E-10 3.69E-10 3.22E-10
 5.83E-27 4.49E-21 1.99E-16 4.87E-13 2.06E-11 1.83E-10 3.93E-10 4.93E-10
 5.35E-10 5.54E-10 5.29E-10 4.53E-10 3.68E-10 3.21E-10
 5.82E-27 4.48E-21 1.99E-16 4.86E-13 2.06E-11 1.82E-10 3.90E-10 4.87E-10
 5.27E-10 5.45E-10 5.19E-10 4.45E-10 3.63E-10 3.17E-10
 5.68E-27 4.40E-21 1.96E-16 4.82E-13 2.04E-11 1.78E-10 3.66E-10 4.47E-10
 4.79E-10 4.90E-10 4.67E-10 4.04E-10 3.33E-10 2.94E-10
 4.07E-27 3.35E-21 1.59E-16 4.18E-13 1.80E-11 1.42E-10 2.54E-10 2.89E-10
 3.00E-10 3.02E-10 2.90E-10 2.63E-10 2.30E-10 2.10E-10
  699.266    7  14 /pl=01:ss= 4:pb= 1:sz= 4/type=excit/ispb = t/isel =   43
 1.00E+10 1.00E+11 1.00E+12 1.00E+13 1.00E+14 1.00E+15 1.00E+16
 4.31E-01 6.46E-01 1.08E+00 2.15E+00 4.31E+00 1.08E+01 2.15E+01 3.23E+01
 4.31E+01 6.46E+01 1.08E+02 2.15E+02 4.31E+02 6.46E+02
 2.09E-26 1.61E-20 7.27E-16 1.85E-12 7.66E-11 6.39E-10 1.35E-09 1.68E-09
 1.82E-09 1.89E-09 1.80E-09 1.55E-09 1.26E-09 1.11E-09
 2.08E-26 1.60E-20 7.10E-16 1.74E-12 7.36E-11 6.36E-10 1.35E-09 1.68E-09
 1.82E-09 1.88E-09 1.79E-09 1.53E-09 1.25E-09 1.09E-09
 2.08E-26 1.60E-20 7.07E-16 1.73E-12 7.32E-11 6.36E-10 1.35E-09 1.68E-09
 1.82E-09 1.88E-09 1.79E-09 1.53E-09 1.25E-09 1.09E-09
 2.08E-26 1.60E-20 7.07E-16 1.73E-12 7.32E-11 6.36E-10 1.34E-09 1.67E-09
 1.82E-09 1.88E-09 1.79E-09 1.53E-09 1.24E-09 1.09E-09
 2.08E-26 1.60E-20 7.06E-16 1.73E-12 7.31E-11 6.34E-10 1.33E-09 1.65E-09
 1.79E-09 1.85E-09 1.75E-09 1.50E-09 1.23E-09 1.07E-09
 2.03E-26 1.57E-20 6.97E-16 1.71E-12 7.25E-11 6.18E-10 1.26E-09 1.52E-09
 1.63E-09 1.66E-09 1.58E-09 1.37E-09 1.13E-09 9.93E-10
 1.44E-26 1.19E-20 5.64E-16 1.48E-12 6.37E-11 4.95E-10 8.78E-10 9.96E-10
 1.03E-09 1.04E-09 9.97E-10 9.03E-10 7.89E-10 7.19E-10
  781.002    7  14 /pl=01:ss= 4:pb= 1:sz= 4/type=excit/ispb = t/isel =   44
 1.00E+10 1.00E+11 1.00E+12 1.00E+13 1.00E+14 1.00E+15 1.00E+16
 4.31E-01 6.46E-01 1.08E+00 2.15E+00 4.31E+00 1.08E+01 2.15E+01 3.23E+01
 4.31E+01 6.46E+01 1.08E+02 2.15E+02 4.31E+02 6.46E+02
 1.12E-24 1.74E-19 2.17E-15 2.10E-12 5.40E-11 3.63E-10 7.66E-10 9.68E-10
 1.06E-09 1.10E-09 1.05E-09 8.94E-10 7.20E-10 6.26E-10
 1.12E-24 1.72E-19 2.12E-15 1.98E-12 5.19E-11 3.62E-10 7.65E-10 9.66E-10
 1.05E-09 1.09E-09 1.04E-09 8.86E-10 7.10E-10 6.16E-10
 1.12E-24 1.72E-19 2.11E-15 1.97E-12 5.17E-11 3.61E-10 7.65E-10 9.66E-10
 1.05E-09 1.09E-09 1.04E-09 8.85E-10 7.09E-10 6.15E-10
 1.12E-24 1.72E-19 2.11E-15 1.97E-12 5.17E-11 3.61E-10 7.64E-10 9.64E-10
 1.05E-09 1.09E-09 1.04E-09 8.83E-10 7.08E-10 6.14E-10
 1.11E-24 1.71E-19 2.10E-15 1.96E-12 5.15E-11 3.59E-10 7.55E-10 9.49E-10
 1.03E-09 1.07E-09 1.02E-09 8.67E-10 6.97E-10 6.05E-10
 1.03E-24 1.61E-19 2.00E-15 1.89E-12 4.97E-11 3.41E-10 6.88E-10 8.45E-10
 9.09E-10 9.34E-10 8.91E-10 7.68E-10 6.29E-10 5.52E-10
 5.99E-25 1.01E-19 1.35E-15 1.39E-12 3.77E-11 2.32E-10 3.98E-10 4.52E-10
 4.70E-10 4.76E-10 4.62E-10 4.26E-10 3.78E-10 3.48E-10
  784.897    7  14 /pl=01:ss= 4:pb= 1:sz= 4/type=excit/ispb = t/isel =   45
 1.00E+10 1.00E+11 1.00E+12 1.00E+13 1.00E+14 1.00E+15 1.00E+16
 4.31E-01 6.46E-01 1.08E+00 2.15E+00 4.31E+00 1.08E+01 2.15E+01 3.23E+01
 4.31E+01 6.46E+01 1.08E+02 2.15E+02 4.31E+02 6.46E+02
 2.51E-24 3.90E-19 4.88E-15 4.73E-12 1.22E-10 8.06E-10 1.69E-09 2.14E-09
 2.33E-09 2.42E-09 2.31E-09 1.96E-09 1.58E-09 1.37E-09
 2.51E-24 3.87E-19 4.76E-15 4.47E-12 1.17E-10 8.02E-10 1.69E-09 2.13E-09
 2.32E-09 2.41E-09 2.29E-09 1.94E-09 1.56E-09 1.35E-09
 2.51E-24 3.86E-19 4.74E-15 4.43E-12 1.16E-10 8.02E-10 1.69E-09 2.13E-09
 2.32E-09 2.40E-09 2.29E-09 1.94E-09 1.55E-09 1.35E-09
 2.50E-24 3.86E-19 4.73E-15 4.43E-12 1.16E-10 8.02E-10 1.69E-09 2.13E-09
 2.31E-09 2.40E-09 2.28E-09 1.93E-09 1.55E-09 1.34E-09
 2.48E-24 3.84E-19 4.71E-15 4.41E-12 1.16E-10 7.97E-10 1.67E-09 2.10E-09
 2.28E-09 2.35E-09 2.24E-09 1.90E-09 1.53E-09 1.33E-09
 2.30E-24 3.60E-19 4.48E-15 4.24E-12 1.12E-10 7.57E-10 1.53E-09 1.87E-09
 2.01E-09 2.06E-09 1.97E-09 1.69E-09 1.39E-09 1.22E-09
 1.33E-24 2.25E-19 3.02E-15 3.11E-12 8.44E-11 5.16E-10 8.87E-10 1.01E-09
 1.05E-09 1.06E-09 1.03E-09 9.50E-10 8.43E-10 7.75E-10
  784.993    7  14 /pl=01:ss= 4:pb= 1:sz= 4/type=excit/ispb = t/isel =   46
 1.00E+10 1.00E+11 1.00E+12 1.00E+13 1.00E+14 1.00E+15 1.00E+16
 4.31E-01 6.46E-01 1.08E+00 2.15E+00 4.31E+00 1.08E+01 2.15E+01 3.23E+01
 4.31E+01 6.46E+01 1.08E+02 2.15E+02 4.31E+02 6.46E+02
 7.05E-25 1.10E-19 1.37E-15 1.32E-12 3.40E-11 2.29E-10 4.83E-10 6.10E-10
 6.66E-10 6.93E-10 6.61E-10 5.64E-10 4.54E-10 3.95E-10
 7.04E-25 1.09E-19 1.34E-15 1.25E-12 3.27E-11 2.28E-10 4.82E-10 6.09E-10
 6.65E-10 6.90E-10 6.57E-10 5.59E-10 4.48E-10 3.88E-10
 7.04E-25 1.09E-19 1.33E-15 1.24E-12 3.26E-11 2.28E-10 4.82E-10 6.09E-10
 6.64E-10 6.90E-10 6.57E-10 5.58E-10 4.47E-10 3.87E-10
 7.03E-25 1.08E-19 1.33E-15 1.24E-12 3.26E-11 2.28E-10 4.81E-10 6.08E-10
 6.63E-10 6.88E-10 6.55E-10 5.57E-10 4.46E-10 3.87E-10
 6.98E-25 1.08E-19 1.32E-15 1.23E-12 3.24E-11 2.26E-10 4.76E-10 5.98E-10
 6.51E-10 6.74E-10 6.41E-10 5.46E-10 4.39E-10 3.82E-10
 6.48E-25 1.01E-19 1.26E-15 1.19E-12 3.13E-11 2.15E-10 4.34E-10 5.33E-10
 5.73E-10 5.89E-10 5.61E-10 4.84E-10 3.96E-10 3.48E-10
 3.77E-25 6.35E-20 8.53E-16 8.74E-13 2.38E-11 1.46E-10 2.51E-10 2.85E-10
 2.96E-10 3.00E-10 2.91E-10 2.68E-10 2.38E-10 2.19E-10
  791.253    7  14 /pl=01:ss= 4:pb= 1:sz= 4/type=excit/ispb = t/isel =   47
 1.00E+10 1.00E+11 1.00E+12 1.00E+13 1.00E+14 1.00E+15 1.00E+16
 4.31E-01 6.46E-01 1.08E+00 2.15E+00 4.31E+00 1.08E+01 2.15E+01 3.23E+01
 4.31E+01 6.46E+01 1.08E+02 2.15E+02 4.31E+02 6.46E+02
 4.24E-24 6.65E-19 8.39E-15 8.16E-12 2.10E-10 1.42E-09 3.05E-09 3.87E-09
 4.23E-09 4.41E-09 4.20E-09 3.59E-09 2.89E-09 2.51E-09
 4.24E-24 6.60E-19 8.20E-15 7.73E-12 2.02E-10 1.42E-09 3.04E-09 3.86E-09
 4.21E-09 4.39E-09 4.18E-09 3.55E-09 2.85E-09 2.47E-09
 4.24E-24 6.60E-19 8.18E-15 7.67E-12 2.01E-10 1.42E-09 3.04E-09 3.86E-09
 4.21E-09 4.38E-09 4.17E-09 3.54E-09 2.84E-09 2.46E-09
 4.23E-24 6.59E-19 8.17E-15 7.66E-12 2.01E-10 1.41E-09 3.03E-09 3.85E-09
 4.20E-09 4.37E-09 4.16E-09 3.53E-09 2.83E-09 2.46E-09
 4.20E-24 6.55E-19 8.13E-15 7.63E-12 2.00E-10 1.41E-09 3.00E-09 3.79E-09
 4.13E-09 4.28E-09 4.07E-09 3.47E-09 2.79E-09 2.42E-09
 3.89E-24 6.14E-19 7.72E-15 7.33E-12 1.93E-10 1.33E-09 2.73E-09 3.37E-09
 3.63E-09 3.73E-09 3.56E-09 3.07E-09 2.51E-09 2.20E-09
 2.23E-24 3.80E-19 5.17E-15 5.33E-12 1.45E-10 9.02E-10 1.58E-09 1.81E-09
 1.88E-09 1.91E-09 1.86E-09 1.71E-09 1.52E-09 1.40E-09
  791.859    7  14 /pl=01:ss= 4:pb= 1:sz= 4/type=excit/ispb = t/isel =   48
 1.00E+10 1.00E+11 1.00E+12 1.00E+13 1.00E+14 1.00E+15 1.00E+16
 4.31E-01 6.46E-01 1.08E+00 2.15E+00 4.31E+00 1.08E+01 2.15E+01 3.23E+01
 4.31E+01 6.46E+01 1.08E+02 2.15E+02 4.31E+02 6.46E+02
 5.92E-25 9.20E-20 1.15E-15 1.12E-12 2.87E-11 1.90E-10 3.99E-10 5.04E-10
 5.49E-10 5.70E-10 5.44E-10 4.62E-10 3.72E-10 3.24E-10
 5.91E-25 9.12E-20 1.12E-15 1.05E-12 2.76E-11 1.89E-10 3.98E-10 5.02E-10
 5.47E-10 5.67E-10 5.40E-10 4.58E-10 3.67E-10 3.18E-10
 5.90E-25 9.11E-20 1.12E-15 1.04E-12 2.74E-11 1.89E-10 3.98E-10 5.02E-10
 5.47E-10 5.67E-10 5.40E-10 4.57E-10 3.66E-10 3.17E-10
 5.90E-25 9.10E-20 1.12E-15 1.04E-12 2.74E-11 1.89E-10 3.98E-10 5.01E-10
 5.46E-10 5.66E-10 5.38E-10 4.56E-10 3.66E-10 3.17E-10
 5.85E-25 9.04E-20 1.11E-15 1.04E-12 2.73E-11 1.88E-10 3.94E-10 4.94E-10
 5.36E-10 5.55E-10 5.28E-10 4.48E-10 3.60E-10 3.13E-10
 5.43E-25 8.50E-20 1.06E-15 1.00E-12 2.64E-11 1.78E-10 3.59E-10 4.41E-10
 4.74E-10 4.87E-10 4.64E-10 3.99E-10 3.27E-10 2.87E-10
 3.14E-25 5.30E-20 7.13E-16 7.32E-13 1.99E-11 1.22E-10 2.09E-10 2.38E-10
 2.47E-10 2.50E-10 2.43E-10 2.24E-10 1.99E-10 1.83E-10
  829.714    7  14 /pl=01:ss= 4:pb= 1:sz= 4/type=excit/ispb = t/isel =   49
 1.00E+10 1.00E+11 1.00E+12 1.00E+13 1.00E+14 1.00E+15 1.00E+16
 4.31E-01 6.46E-01 1.08E+00 2.15E+00 4.31E+00 1.08E+01 2.15E+01 3.23E+01
 4.31E+01 6.46E+01 1.08E+02 2.15E+02 4.31E+02 6.46E+02
 1.00E-74 4.81E-38 1.49E-26 5.06E-18 7.68E-14 2.03E-11 1.13E-10 1.84E-10
 2.23E-10 2.54E-10 2.59E-10 2.28E-10 1.84E-10 1.58E-10
 1.00E-74 4.78E-38 1.45E-26 4.79E-18 7.38E-14 2.02E-11 1.13E-10 1.83E-10
 2.22E-10 2.53E-10 2.57E-10 2.26E-10 1.81E-10 1.56E-10
 1.00E-74 4.77E-38 1.45E-26 4.76E-18 7.35E-14 2.02E-11 1.13E-10 1.83E-10
 2.22E-10 2.53E-10 2.57E-10 2.25E-10 1.81E-10 1.55E-10
 1.00E-74 4.77E-38 1.44E-26 4.75E-18 7.34E-14 2.02E-11 1.13E-10 1.83E-10
 2.21E-10 2.52E-10 2.56E-10 2.25E-10 1.81E-10 1.55E-10
 1.00E-74 4.72E-38 1.43E-26 4.71E-18 7.29E-14 2.00E-11 1.11E-10 1.80E-10
 2.17E-10 2.47E-10 2.51E-10 2.20E-10 1.78E-10 1.53E-10
 2.60E-52 4.28E-38 1.32E-26 4.42E-18 6.84E-14 1.84E-11 9.91E-11 1.57E-10
 1.88E-10 2.13E-10 2.17E-10 1.94E-10 1.59E-10 1.39E-10
 1.04E-52 2.87E-38 9.09E-27 3.14E-18 4.78E-14 1.13E-11 5.38E-11 8.10E-11
 9.53E-11 1.08E-10 1.13E-10 1.08E-10 9.64E-11 8.79E-11
  938.410    7  14 /pl=01:ss= 4:pb= 1:sz= 4/type=excit/ispb = t/isel =   50
 1.00E+10 1.00E+11 1.00E+12 1.00E+13 1.00E+14 1.00E+15 1.00E+16
 4.31E-01 6.46E-01 1.08E+00 2.15E+00 4.31E+00 1.08E+01 2.15E+01 3.23E+01
 4.31E+01 6.46E+01 1.08E+02 2.15E+02 4.31E+02 6.46E+02
 1.00E-74 2.25E-38 9.80E-27 4.24E-18 7.55E-14 2.08E-11 1.07E-10 1.69E-10
 2.05E-10 2.34E-10 2.41E-10 2.18E-10 1.82E-10 1.60E-10
 1.00E-74 2.81E-38 1.25E-26 5.47E-18 8.57E-14 2.10E-11 1.07E-10 1.69E-10
 2.04E-10 2.33E-10 2.40E-10 2.16E-10 1.79E-10 1.57E-10
 1.00E-74 2.88E-38 1.29E-26 5.63E-18 8.68E-14 2.10E-11 1.07E-10 1.69E-10
 2.04E-10 2.33E-10 2.39E-10 2.16E-10 1.79E-10 1.57E-10
 1.00E-74 2.88E-38 1.29E-26 5.64E-18 8.69E-14 2.10E-11 1.07E-10 1.69E-10
 2.04E-10 2.32E-10 2.39E-10 2.15E-10 1.79E-10 1.56E-10
 1.00E-74 2.83E-38 1.27E-26 5.58E-18 8.60E-14 2.07E-11 1.05E-10 1.65E-10
 1.98E-10 2.26E-10 2.32E-10 2.10E-10 1.75E-10 1.53E-10
 1.00E-74 2.41E-38 1.11E-26 5.04E-18 7.83E-14 1.84E-11 8.99E-11 1.38E-10
 1.65E-10 1.87E-10 1.92E-10 1.77E-10 1.51E-10 1.34E-10
 2.73E-53 1.20E-38 5.91E-27 2.91E-18 4.63E-14 9.89E-12 4.42E-11 6.58E-11
 7.79E-11 8.90E-11 9.47E-11 9.30E-11 8.51E-11 7.91E-11
c-------------------------------------------------------------------------------
 
C  root partition information
C  ==========================
C
C  nuclear charge : 18
C  ion charge+1   :  5
C
C  population calculation information
C  ----------------------------------
C
C  population processing code: adas810
C
C  adf04 source file    : adf04_copmm#18_ic_40#ar4.dat
C  adf18/a17_p208 file  : NULL
C
C  meta. ion. coeff. selector  : 
 
C  options  : lnorm =T  lpsel =F  lzsel =T  liosel=F
C           : lhsel =F  lrsel =F  lisel =F  lnsel =F
 
C  energy levels
C  -------------
C
C   lv      configuration    (2S+1)L(w-1/2)      energy (cm^-1)
C  ---   ------------------- --------------      --------------
c    1   24525                  (3)1(  0.0)             0.0
c    2   24525                  (3)1(  1.0)           651.1
c    3   24525                  (3)1(  2.0)          1771.3
c    4   24525                  (1)2(  2.0)         14655.7
c    5   24525                  (1)0(  0.0)         42879.3
c    6   14535                  (5)0(  2.0)         93133.9
c    7   14535                  (3)2(  1.0)        128040.7
c    8   14535                  (3)2(  2.0)        128056.4
c    9   14535                  (3)2(  3.0)        128153.1
c   10   14535                  (3)1(  2.0)        144778.4
c   11   14535                  (3)1(  1.0)        144799.9
c   12   14535                  (3)1(  0.0)        144801.1
c   13   14535                  (1)2(  2.0)        163118.2
c   14   14535                  (1)1(  1.0)        192706.8
c   15   24515516               (3)3(  2.0)        195279.2
c   16   14535                  (3)0(  1.0)        195392.5
c   17   24515516               (3)3(  3.0)        195920.6
c   18   24515516               (3)3(  4.0)        196802.2
c   19   24515516               (3)1(  2.0)        222461.1
c   20   24515516               (3)1(  1.0)        223064.8
c   21   24515516               (3)1(  0.0)        223357.6
c   22   24515516               (1)2(  2.0)        226224.4
c   23   24515516               (3)2(  1.0)        228858.8
c   24   24515516               (3)2(  2.0)        229134.3
c   25   24515516               (3)2(  3.0)        229368.9
c   26   24515516               (1)3(  3.0)        248383.2
c   27   24515516               (1)1(  1.0)        254276.3
c   28   14525516               (5)3(  1.0)        280096.4
c   29   14525516               (5)3(  2.0)        280306.3
c   30   14525516               (5)3(  3.0)        280627.1
c   31   14525516               (5)3(  4.0)        281065.4
c   32   14525516               (5)3(  5.0)        281630.2
c   33   14525516               (5)2(  0.0)        286763.3
c   34   14525516               (5)2(  1.0)        286825.7
c   35   14525516               (5)2(  2.0)        286950.5
c   36   14525516               (5)2(  3.0)        287137.5
c   37   14525516               (5)2(  4.0)        287387.0
c   38   24515517               (3)1(  0.0)        301111.5
c   39   24515517               (3)1(  1.0)        301577.8
c   40   24515517               (3)1(  2.0)        303028.4
c   41   14525516               (3)1(  2.0)        304942.4
c   42   14525516               (3)1(  1.0)        305716.7
c   43   14525516               (3)1(  0.0)        306116.1
c   44   24515517               (1)1(  1.0)        306441.3
c   45   14525516               (3)3(  2.0)        306841.4
c   46   14525516               (3)3(  3.0)        307295.7
c   47   14525516               (3)3(  4.0)        307918.8
c   48   14525516               (5)1(  3.0)        309579.6
c   49   14525516               (5)1(  2.0)        309981.5
c   50   14525516               (5)1(  1.0)        310239.4
c   51   14525516               (3)4(  3.0)        330373.1
c   52   14525516               (3)4(  4.0)        330442.3
c   53   14525516               (3)4(  5.0)        330524.7
c   54   14525516               (3)2(  1.0)        334219.5
c   55   14525516               (3)2(  2.0)        334448.6
c   56   14525516               (3)2(  3.0)        334756.2
c   57   24515518               (1)1(  1.0)        341631.8
c   58   14525516               (1)3(  3.0)        342467.0
c   59   24515518               (3)2(  1.0)        343073.3
c   60   24515518               (3)2(  2.0)        343332.6
c   61   24515518               (3)2(  3.0)        344341.1
c   62   24515518               (3)0(  1.0)        348449.4
c   63   24515518               (3)1(  0.0)        348732.1
c   64   24515518               (3)1(  1.0)        349551.7
c   65   24515518               (3)1(  2.0)        349892.3
c   66   14525516               (3)2(  1.0)        350192.0
c   67   14525516               (3)2(  2.0)        350454.3
c   68   14525516               (3)2(  3.0)        350818.7
c   69   14525516               (1)4(  4.0)        352117.9
c   70   24515518               (1)2(  2.0)        354946.4
c   71   14525516               (3)3(  2.0)        355277.2
c   72   14525516               (3)3(  3.0)        355793.5
c   73   14525516               (3)3(  4.0)        356491.3
c   74   14525516               (1)1(  1.0)        357175.9
c   75   14525516               (3)0(  1.0)        359564.8
c   76   24515518               (1)0(  0.0)        363439.2
c   77   14525516               (1)2(  2.0)        364567.2
c   78   14525516               (3)2(  1.0)        364714.7
c   79   14525516               (3)2(  2.0)        365037.9
c   80   14525516               (3)1(  0.0)        365428.7
c   81   14525516               (3)2(  3.0)        365441.8
c   82   14525516               (3)1(  1.0)        365476.9
c   83   14525516               (3)1(  2.0)        365750.3
c   84   14525516               (3)3(  2.0)        372759.5
c   85   14525516               (3)3(  3.0)        372830.5
c   86   14525516               (3)3(  4.0)        372972.6
c   87   14525516               (1)2(  2.0)        377376.1
c   88   14525516               (1)0(  0.0)        379070.6
c   89   14525516               (3)2(  3.0)        380162.4
c   90   14525516               (3)2(  2.0)        380498.2
c   91   14525516               (3)2(  1.0)        380694.5
c   92   14525516               (1)1(  1.0)        393416.5
c   93   14525516               (3)1(  2.0)        397191.9
c   94   14525516               (3)1(  1.0)        397386.5
c   95   14525516               (3)1(  0.0)        397405.0
c   96   24515519               (1)2(  2.0)        403247.4
c   97   24515519               (3)2(  2.0)        404567.9
c   98   24515519               (3)2(  1.0)        404888.1
c   99   24515519               (3)3(  3.0)        404902.5
c  100   24515519               (3)3(  2.0)        405743.4
c  101   24515519               (3)2(  3.0)        406199.7
c  102   24515519               (3)3(  4.0)        406462.1
c  103   14525516               (1)3(  3.0)        408047.8
c  104   24515519               (3)1(  2.0)        408702.4
c  105   24515519               (3)1(  1.0)        409145.2
c  106   24515519               (3)1(  0.0)        409411.8
c  107   24515519               (1)3(  3.0)        412576.7
c  108   24515519               (1)1(  1.0)        413362.2
c  109   14525516               (1)2(  2.0)        423241.7
c  110   2451551A               (3)4(  3.0)        432129.9
c  111   2451551A               (3)4(  4.0)        432395.7
c  112   2451551A               (3)3(  2.0)        432984.1
c  113   2451551A               (3)3(  3.0)        433316.4
c  114   2451551A               (3)4(  5.0)        433913.3
c  115   2451551A               (3)3(  4.0)        433949.8
c  116   2451551A               (1)4(  4.0)        435890.7
c  117   2451551A               (3)2(  3.0)        436151.0
c  118   2451551A               (3)2(  2.0)        437086.6
c  119   2451551A               (1)3(  3.0)        437233.1
c  120   2451551A               (3)2(  1.0)        437435.4
c  121   14525518               (5)2(  0.0)        437569.9
c  122   14525518               (5)2(  1.0)        437760.4
c  123   14525518               (5)2(  2.0)        438164.4
c  124   14525518               (3)0(  1.0)        438450.4
c  125   2451551B               (3)1(  0.0)        438714.9
c  126   14525518               (5)2(  3.0)        438772.6
c  127   2451551B               (3)1(  1.0)        439039.0
c  128   14525518               (5)2(  4.0)        439599.8
c  129   2451551B               (3)1(  2.0)        440650.5
c  130   14525518               (5)1(  1.0)        441145.6
c  131   14525518               (5)1(  2.0)        441399.4
c  132   2451551B               (1)1(  1.0)        441891.4
c  133   14525518               (5)1(  3.0)        442041.5
c  134   2451551A               (1)2(  2.0)        443184.3
c  135   14525518               (5)0(  2.0)        445901.6
c  136   14525518               (3)2(  1.0)        447600.3
c  137   14525518               (3)2(  2.0)        448103.1
c  138   14525518               (3)2(  3.0)        448906.8
c  139   14525518               (3)1(  0.0)        452317.9
c  140   14525518               (3)1(  1.0)        452578.5
c  141   14525518               (3)1(  2.0)        452968.7
c  142   2451551C               (1)1(  1.0)        456839.4
c  143   2451551C               (3)2(  1.0)        457864.6
c  144   2451551C               (3)2(  2.0)        457961.3
c  145   2451551C               (3)1(  0.0)        459142.4
c  146   2451551C               (3)2(  3.0)        459298.0
c  147   2451551C               (3)1(  1.0)        459611.5
c  148   2451551C               (3)1(  2.0)        460429.8
c  149   2451551C               (3)0(  1.0)        460817.9
c  150   2451551C               (1)2(  2.0)        462463.9
c  151   2451551C               (1)0(  0.0)        465948.7
c  152   14525518               (3)3(  2.0)        478999.8
c  153   14525518               (3)3(  3.0)        479382.5
c  154   14525518               (3)3(  4.0)        479907.7
c  155   14525518               (3)2(  1.0)        481597.6
c  156   14525518               (3)2(  2.0)        481668.8
c  157   14525518               (3)2(  3.0)        481904.0
c  158   2451551D               (1)2(  2.0)        482556.6
c  159   14525518               (1)3(  3.0)        485026.3
c  160   2451551D               (3)1(  2.0)        485177.0
c  161   2451551D               (3)2(  1.0)        485215.3
c  162   2451551D               (3)2(  2.0)        486280.4
c  163   2451551D               (3)2(  3.0)        486290.2
c  164   2451551D               (3)1(  1.0)        486309.8
c  165   2451551D               (3)1(  0.0)        486312.5
c  166   14525518               (1)2(  2.0)        487003.4
c  167   2451551D               (1)1(  1.0)        487911.9
c  168   2451551D               (3)3(  2.0)        488523.3
c  169   2451551D               (3)3(  3.0)        488682.7
c  170   14525518               (3)1(  1.0)        489189.9
c  171   14525518               (3)1(  2.0)        489199.9
c  172   14525518               (3)1(  0.0)        489208.2
c  173   2451551D               (1)3(  3.0)        489489.8
c  174   2451551D               (3)3(  4.0)        489511.9
c  175   14525518               (1)1(  1.0)        491507.9
c  176   2451551E               (3)4(  3.0)        496303.9
c  177   2451551E               (3)4(  4.0)        496574.8
c  178   2451551E               (3)3(  3.0)        496649.0
c  179   2451551E               (3)3(  2.0)        496695.5
c  180   2451551E               (3)3(  4.0)        498110.7
c  181   2451551E               (1)3(  3.0)        498113.6
c  182   2451551E               (3)4(  5.0)        498347.5
c  183   14525519               (5)3(  1.0)        498865.9
c  184   2451551E               (3)2(  3.0)        499011.5
c  185   14525519               (5)3(  2.0)        499053.4
c  186   2451551E               (3)2(  2.0)        499247.9
c  187   14525519               (5)3(  3.0)        499364.1
c  188   2451551E               (3)2(  1.0)        499572.7
c  189   2451551E               (1)4(  4.0)        499630.1
c  190   14525519               (5)3(  4.0)        499818.5
c  191   14525519               (5)1(  3.0)        500434.4
c  192   14525519               (5)3(  5.0)        500442.0
c  193   2451551G               (3)1(  0.0)        500588.5
c  194   2451551E               (1)2(  2.0)        500646.2
c  195   2451551G               (3)1(  1.0)        500807.3
c  196   14525519               (5)1(  2.0)        500829.5
c  197   14525519               (5)1(  1.0)        501213.0
c  198   14525519               (3)1(  2.0)        502042.5
c  199   14525519               (5)2(  0.0)        502061.4
c  200   14525519               (5)2(  1.0)        502254.7
c  201   2451551G               (3)1(  2.0)        502467.9
c  202   14525519               (5)2(  2.0)        502647.9
c  203   14525519               (5)2(  3.0)        502764.0
c  204   14525519               (5)2(  4.0)        502822.4
c  205   14525519               (3)1(  1.0)        502830.0
c  206   2451551G               (1)1(  1.0)        503095.5
c  207   14525519               (3)1(  0.0)        503113.0
c  208   14525519               (3)3(  2.0)        505219.7
c  209   14525519               (3)3(  3.0)        505760.1
c  210   14525518               (3)1(  0.0)        506105.5
c  211   14525518               (3)1(  1.0)        506283.6
c  212   14525519               (3)3(  4.0)        506535.3
c  213   14525518               (3)1(  2.0)        506604.9
c  214   14525518               (1)1(  1.0)        509167.4
c  215   14525519               (3)2(  1.0)        509534.9
c  216   14525519               (3)2(  2.0)        509923.0
c  217   14525519               (3)2(  3.0)        510336.6
c  218   2451551H               (1)1(  1.0)        510393.9
c  219   2451551H               (3)2(  1.0)        510814.8
c  220   2451551H               (3)2(  2.0)        511037.1
c  221   2451551H               (3)1(  0.0)        511225.3
c  222   2451551H               (3)1(  1.0)        512159.2
c  223   2451551H               (3)2(  3.0)        512395.7
c  224   2451551H               (3)1(  2.0)        512671.3
c  225   2451551H               (3)0(  1.0)        512893.6
c  226   2451551H               (1)2(  2.0)        513630.2
c  227   14525518               (1)0(  0.0)        513754.4
c  228   2451551H               (1)0(  0.0)        515397.9
c  229   14525518               (3)2(  1.0)        519379.9
c  230   14525518               (3)2(  2.0)        519770.4
c  231   14525518               (3)2(  3.0)        520475.9
c  232   2451551I               (1)2(  2.0)        522609.4
c  233   14525518               (3)1(  0.0)        523371.8
c  234   14525518               (3)1(  1.0)        523426.1
c  235   14525518               (3)1(  2.0)        523814.3
c  236   14525518               (3)0(  1.0)        525191.8
c  237   2451551I               (3)3(  2.0)        525233.9
c  238   2451551I               (3)3(  3.0)        525346.7
c  239   2451551I               (1)1(  1.0)        526038.0
c  240   2451551I               (3)3(  4.0)        526728.0
c  241   2451551I               (1)3(  3.0)        527305.4
c  242   2451551I               (3)2(  2.0)        527456.5
c  243   2451551I               (3)2(  1.0)        527597.3
c  244   2451551I               (3)2(  3.0)        528341.8
c  245   2451551I               (3)1(  2.0)        529012.3
c  246   2451551I               (3)1(  1.0)        529161.4
c  247   2451551I               (3)1(  0.0)        529180.7
c  248   2451551J               (3)4(  3.0)        531099.1
c  249   2451551J               (3)4(  4.0)        531374.5
c  250   2451551J               (3)3(  3.0)        531429.4
c  251   2451551J               (3)3(  2.0)        531580.2
c  252   14525518               (1)2(  2.0)        531951.3
c  253   2451551J               (1)3(  3.0)        532981.0
c  254   2451551J               (3)3(  4.0)        533047.8
c  255   2451551J               (3)4(  5.0)        533093.5
c  256   2451551J               (3)2(  3.0)        533494.5
c  257   2451551J               (3)2(  2.0)        533647.5
c  258   2451551J               (3)2(  1.0)        533899.7
c  259   2451551J               (1)4(  4.0)        533905.6
c  260   14525518               (1)1(  1.0)        533946.6
c  261   2451551M               (3)1(  0.0)        534134.1
c  262   2451551J               (1)2(  2.0)        534363.5
c  263   2451551M               (3)1(  1.0)        535149.5
c  264   2451551M               (3)1(  2.0)        536080.9
c  265   2451551M               (1)1(  1.0)        537321.6
c  266   2451551N               (3)2(  1.0)        539306.4
c  267   2451551N               (3)1(  1.0)        539637.1
c  268   2451551N               (3)2(  2.0)        539696.4
c  269   2451551N               (3)1(  0.0)        539987.6
c  270   14525519               (3)3(  2.0)        540736.0
c  271   14525519               (3)3(  3.0)        540752.0
c  272   14525519               (3)3(  4.0)        540766.3
c  273   2451551N               (3)2(  3.0)        541169.3
c  274   2451551N               (1)1(  1.0)        541246.3
c  275   2451551N               (3)1(  2.0)        541433.5
c  276   2451551N               (3)0(  1.0)        541674.1
c  277   2451551N               (1)2(  2.0)        542081.6
c  278   14525519               (3)2(  1.0)        542348.7
c  279   14525519               (3)2(  2.0)        542477.4
c  280   14525519               (3)2(  3.0)        542540.3
c  281   14525519               (3)4(  3.0)        543136.2
c  282   14525519               (3)4(  4.0)        543187.7
c  283   2451551N               (1)0(  0.0)        543204.6
c  284   14525519               (3)4(  5.0)        543233.8
c  285   14525519               (1)3(  3.0)        543419.9
c  286   14525519               (1)2(  2.0)        544916.4
c  287   14525519               (1)4(  4.0)        545954.1
c  288   14525519               (3)1(  0.0)        546904.1
c  289   14525519               (3)1(  1.0)        546916.6
c  290   14525519               (3)1(  2.0)        546953.1
c  291   2451551O               (3)3(  2.0)        548110.5
c  292   2451551O               (3)3(  3.0)        548259.6
c  293   2451551O               (3)2(  2.0)        548323.2
c  294   2451551O               (3)2(  1.0)        548431.5
c  295   14525519               (3)0(  1.0)        548896.7
c  296   14525519               (1)1(  1.0)        548987.0
c  297   2451551O               (3)2(  3.0)        550039.0
c  298   2451551O               (3)3(  4.0)        550063.8
c  299   2451551O               (1)2(  2.0)        550072.6
c  300   2451551O               (3)1(  2.0)        550332.9
c  301   2451551O               (3)1(  1.0)        550408.9
c  302   2451551O               (1)3(  3.0)        550459.2
c  303   2451551O               (3)1(  0.0)        550527.5
c  304   2451551O               (1)1(  1.0)        550966.9
c  305   14525519               (1)0(  0.0)        551297.3
c  306   2451551P               (3)4(  3.0)        552083.3
c  307   1452551C               (5)2(  0.0)        552218.1
c  308   2451551P               (3)3(  3.0)        552239.1
c  309   2451551P               (3)4(  4.0)        552280.4
c  310   1452551C               (5)2(  1.0)        552351.5
c  311   2451551P               (3)3(  2.0)        552383.9
c  312   1452551C               (5)2(  2.0)        552673.5
c  313   1452551C               (3)0(  1.0)        553080.5
c  314   1452551C               (5)2(  3.0)        553219.9
c  315   2451551T               (3)1(  0.0)        553892.1
c  316   2451551P               (1)3(  3.0)        553950.4
c  317   2451551T               (3)1(  1.0)        553993.8
c  318   2451551P               (3)3(  4.0)        554031.5
c  319   1452551C               (5)2(  4.0)        554044.5
c  320   1452551C               (5)1(  2.0)        554075.1
c  321   2451551P               (3)4(  5.0)        554084.8
c  322   1452551C               (5)1(  1.0)        554089.2
c  323   2451551P               (3)2(  3.0)        554206.6
c  324   2451551P               (3)2(  2.0)        554298.5
c  325   2451551P               (3)2(  1.0)        554446.6
c  326   2451551P               (1)4(  4.0)        554543.6
c  327   2451551P               (1)2(  2.0)        554760.6
c  328   1452551C               (5)1(  3.0)        554884.9
c  329   1452551C               (5)0(  2.0)        555551.5
c  330   2451551T               (3)1(  2.0)        555842.8
c  331   2451551T               (1)1(  1.0)        556060.0
c  332   1452551C               (3)2(  1.0)        556381.0
c  333   1452551C               (3)2(  2.0)        556884.9
c  334   2451551U               (3)2(  1.0)        557364.0
c  335   2451551U               (3)2(  2.0)        557647.1
c  336   2451551U               (3)1(  1.0)        557651.6
c  337   1452551C               (3)2(  3.0)        557752.8
c  338   2451551U               (3)1(  0.0)        557942.8
c  339   1452551C               (3)1(  0.0)        558889.2
c  340   1452551C               (3)1(  1.0)        559243.8
c  341   2451551U               (1)1(  1.0)        559338.9
c  342   2451551U               (3)2(  3.0)        559379.0
c  343   2451551U               (3)1(  2.0)        559544.1
c  344   1452551C               (3)1(  2.0)        559678.2
c  345   2451551U               (3)0(  1.0)        559701.1
c  346   2451551U               (1)2(  2.0)        559850.7
c  347   2451551U               (1)0(  0.0)        560622.9
c  348   2451551V               (3)3(  2.0)        562955.1
c  349   2451551V               (3)3(  3.0)        563084.7
c  350   2451551V               (3)2(  2.0)        563113.2
c  351   2451551V               (3)2(  1.0)        563208.2
c  352   14525519               (3)2(  3.0)        564460.7
c  353   14525519               (3)2(  2.0)        564507.5
c  354   14525519               (3)2(  1.0)        564532.7
c  355   2451551V               (1)2(  2.0)        564884.5
c  356   2451551V               (3)2(  3.0)        564922.8
c  357   2451551V               (3)3(  4.0)        564926.4
c  358   2451551V               (3)1(  2.0)        565096.9
c  359   2451551V               (3)1(  1.0)        565160.1
c  360   2451551V               (1)3(  3.0)        565191.8
c  361   2451551V               (3)1(  0.0)        565248.3
c  362   2451551V               (1)1(  1.0)        565475.0
c  363   2451551W               (3)4(  3.0)        565576.4
c  364   2451551W               (3)4(  4.0)        565726.7
c  365   2451551W               (3)3(  3.0)        565823.8
c  366   2451551W               (3)3(  2.0)        565853.4
c  367   14525519               (1)2(  2.0)        567115.7
c  368   2451551W               (1)3(  3.0)        567460.1
c  369   2451551W               (3)3(  4.0)        567523.1
c  370   2451551W               (3)4(  5.0)        567573.1
c  371   2451551W               (3)2(  3.0)        567691.2
c  372   2451551W               (3)2(  2.0)        567762.2
c  373   2451551W               (1)4(  4.0)        567898.9
c  374   2451551W               (3)2(  1.0)        567916.1
c  375   2451551W               (1)2(  2.0)        568057.5
c  376   1452551D               (5)3(  1.0)        579158.3
c  377   1452551D               (5)3(  2.0)        579295.6
c  378   1452551D               (5)3(  3.0)        579480.7
c  379   1452551D               (5)1(  3.0)        579863.8
c  380   1452551D               (3)1(  2.0)        579990.2
c  381   1452551D               (5)3(  4.0)        580033.2
c  382   14525519               (3)3(  2.0)        580047.0
c  383   14525519               (1)1(  1.0)        580094.0
c  384   1452551D               (5)1(  2.0)        580315.0
c  385   14525519               (3)3(  3.0)        580386.9
c  386   1452551D               (5)1(  1.0)        580389.5
c  387   1452551D               (5)2(  0.0)        580671.5
c  388   1452551D               (5)3(  5.0)        580756.0
c  389   1452551D               (3)1(  1.0)        580817.3
c  390   14525519               (3)3(  4.0)        581049.5
c  391   1452551D               (3)1(  0.0)        581220.1
c  392   1452551D               (5)2(  1.0)        581337.6
c  393   1452551D               (5)2(  2.0)        581492.4
c  394   1452551D               (3)3(  2.0)        581538.8
c  395   1452551D               (5)2(  3.0)        581632.5
c  396   1452551D               (5)2(  4.0)        581653.2
c  397   14525519               (3)1(  2.0)        581720.0
c  398   1452551D               (3)3(  3.0)        582091.8
c  399   14525519               (3)1(  1.0)        582207.0
c  400   14525519               (3)1(  0.0)        582495.1
c  401   1452551D               (3)3(  4.0)        582921.5
c  402   14525519               (3)2(  1.0)        583561.7
c  403   14525519               (3)2(  2.0)        583782.8
c  404   14525519               (3)2(  3.0)        583840.9
c  405   14525519               (1)3(  3.0)        584361.2
c  406   1452551D               (3)2(  1.0)        584685.9
c  407   1452551D               (3)2(  2.0)        584865.0
c  408   1452551D               (3)2(  3.0)        585086.1
c  409   14525519               (1)2(  2.0)        589982.7
c  410   1452551C               (3)2(  1.0)        595067.3
c  411   1452551C               (3)2(  2.0)        595093.0
c  412   1452551C               (3)2(  3.0)        595138.5
c  413   1452551C               (3)3(  2.0)        595323.6
c  414   1452551C               (3)3(  3.0)        595417.3
c  415   1452551C               (3)3(  4.0)        595526.0
c  416   1452551C               (1)2(  2.0)        596428.6
c  417   1452551C               (1)3(  3.0)        596620.4
c  418   1452551C               (3)1(  2.0)        597870.3
c  419   1452551C               (3)1(  1.0)        597881.5
c  420   1452551C               (3)1(  0.0)        597895.7
c  421   1452551C               (1)1(  1.0)        599037.2
c  422   1452551C               (3)1(  0.0)        616859.3
c  423   1452551C               (3)1(  1.0)        616935.1
c  424   1452551C               (3)1(  2.0)        617088.7
c  425   1452551C               (1)1(  1.0)        618259.4
c  426   1452551D               (3)3(  2.0)        620673.6
c  427   1452551D               (3)3(  3.0)        620686.8
c  428   1452551D               (3)3(  4.0)        620702.7
c  429   1452551D               (3)2(  1.0)        621500.8
c  430   1452551D               (3)2(  2.0)        621512.1
c  431   1452551D               (3)2(  3.0)        621526.9
c  432   1452551D               (1)3(  3.0)        621695.0
c  433   1452551D               (3)4(  3.0)        621942.3
c  434   1452551D               (3)4(  4.0)        621960.9
c  435   1452551D               (3)4(  5.0)        621988.6
c  436   1452551D               (1)2(  2.0)        622464.3
c  437   1452551D               (1)4(  4.0)        622992.5
c  438   1452551D               (3)1(  0.0)        623342.4
c  439   1452551D               (3)1(  1.0)        623348.3
c  440   1452551D               (3)1(  2.0)        623361.2
c  441   1452551D               (1)1(  1.0)        624243.7
c  442   1452551D               (3)0(  1.0)        624417.9
c  443   1452551D               (1)0(  0.0)        625425.6
c  444   1452551C               (1)0(  0.0)        631067.1
c  445   1452551C               (3)2(  1.0)        633264.9
c  446   1452551C               (3)2(  2.0)        633648.9
c  447   1452551C               (3)2(  3.0)        634492.2
c  448   1452551C               (3)0(  1.0)        634648.4
c  449   1452551C               (3)1(  0.0)        635180.1
c  450   1452551C               (3)1(  1.0)        635564.8
c  451   1452551C               (3)1(  2.0)        635765.8
c  452   1452551C               (1)2(  2.0)        636777.3
c  453   1452551C               (1)1(  1.0)        639304.7
c  454   1452551D               (3)2(  1.0)        643088.6
c  455   1452551D               (3)2(  2.0)        643095.2
c  456   1452551D               (3)2(  3.0)        643100.7
c  457   1452551D               (1)2(  2.0)        644089.1
c  458   1452551D               (3)3(  2.0)        659462.9
c  459   1452551D               (1)1(  1.0)        659538.9
c  460   1452551D               (3)3(  3.0)        659697.3
c  461   1452551D               (3)1(  2.0)        659875.9
c  462   1452551D               (3)3(  4.0)        660521.3
c  463   1452551D               (3)1(  1.0)        660565.9
c  464   1452551D               (3)1(  0.0)        660645.5
c  465   1452551D               (1)3(  3.0)        661370.5
c  466   1452551D               (3)2(  1.0)        661664.8
c  467   1452551D               (3)2(  2.0)        661780.3
c  468   1452551D               (3)2(  3.0)        661999.4
c  469   1452551D               (1)2(  2.0)        663895.2
 
 
 
c-------------------------------------------------------------------------------
 
C  superstage partition information
C  ================================
C
C  element symbol   : AR
C  parent template  : 
C  partition level  :  1
C  superstage label :  4
C
C  tabulation       : photon emissivity coefft (te,ne)
C  units            : ph. emis coef(cm^3 s^-1); te (ev); ne (cm^-3)
C
C  photon emissivity atomic transitions
C  ------------------------------------
C  
C   isel  wvlen(A)            transition                type  ispb nspb
C                                                             ispp nspp sz    tg pr wr
C  ----- ---------- ----------------------------------- ----- ---- ---- --    -- -- --
C      1   331.942   40(3)1(  2.0)-  3(3)1(  2.0)       excit   1    1   4   547 29  1
C      2   333.548   39(3)1(  1.0)-  3(3)1(  2.0)       excit   1    1   4   546 50  2
C      3   342.717   44(1)1(  1.0)-  4(1)2(  2.0)       excit   1    1   4   970 36  3
C      4   427.849   26(1)3(  3.0)-  4(1)2(  2.0)       excit   1    1   4   954  3  4
C      5   436.951   23(3)2(  1.0)-  1(3)1(  0.0)       excit   1    1   4     9  9  5
C      6   437.669   24(3)2(  2.0)-  2(3)1(  1.0)       excit   1    1   4   183  2  6
C      7   437.947   73(3)3(  4.0)-  9(3)2(  3.0)       excit   1    1   4  2655 26  7
C      8   438.197   23(3)2(  1.0)-  2(3)1(  1.0)       excit   1    1   4   182 10  8
C      9   439.103   72(3)3(  3.0)-  8(3)2(  2.0)       excit   1    1   4  2275 37  9
C     10   439.372   25(3)2(  3.0)-  3(3)1(  2.0)       excit   1    1   4   534  1 10
C     11   439.825   24(3)2(  2.0)-  3(3)1(  2.0)       excit   1    1   4   533  8 11
C     12   440.070   71(3)3(  2.0)-  7(3)2(  1.0)       excit   1    1   4  1949 41 12
C     13   440.359   23(3)2(  1.0)-  3(3)1(  2.0)       excit   1    1   4   532 43 13
C     14   446.499   69(1)4(  4.0)-  9(3)2(  3.0)       excit   1    1   4  2651 30 14
C     15   448.300   20(3)1(  1.0)-  1(3)1(  0.0)       excit   1    1   4     8 18 15
C     16   449.021   21(3)1(  0.0)-  2(3)1(  1.0)       excit   1    1   4   180 20 16
C     17   449.613   20(3)1(  1.0)-  2(3)1(  1.0)       excit   1    1   4   179 25 17
C     18   450.836   19(3)1(  2.0)-  2(3)1(  1.0)       excit   1    1   4   178 13 18
C     19   451.889   20(3)1(  1.0)-  3(3)1(  2.0)       excit   1    1   4   530 19 19
C     20   453.125   19(3)1(  2.0)-  3(3)1(  2.0)       excit   1    1   4   529  7 20
C     21   453.179   81(3)2(  3.0)- 10(3)1(  2.0)       excit   1    1   4  3000 47 21
C     22   472.660   22(1)2(  2.0)-  4(1)2(  2.0)       excit   1    1   4   950  4 22
C     23   473.044   27(1)1(  1.0)-  5(1)0(  0.0)       excit   1    1   4  1361 17 23
C     24   484.020   56(3)2(  3.0)-  9(3)2(  3.0)       excit   1    1   4  2644 40 24
C     25   511.790   16(3)0(  1.0)-  1(3)1(  0.0)       excit   1    1   4     7 22 25
C     26   513.501   16(3)0(  1.0)-  2(3)1(  1.0)       excit   1    1   4   177 11 26
C     27   515.068   17(3)3(  3.0)-  3(3)1(  2.0)       excit   1    1   4   528 44 27
C     28   516.472   16(3)0(  1.0)-  3(3)1(  2.0)       excit   1    1   4   527  6 28
C     29   520.682   14(1)1(  1.0)-  2(3)1(  1.0)       excit   1    1   4   175 39 29
C     30   523.737   14(1)1(  1.0)-  3(3)1(  2.0)       excit   1    1   4   525 23 30
C     31   553.291   16(3)0(  1.0)-  4(1)2(  2.0)       excit   1    1   4   946 33 31
C     32   556.280   47(3)3(  4.0)-  9(3)2(  3.0)       excit   1    1   4  2638 38 32
C     33   557.913   46(3)3(  3.0)-  8(3)2(  2.0)       excit   1    1   4  2254 42 33
C     34   559.282   45(3)3(  2.0)-  7(3)2(  1.0)       excit   1    1   4  1934 49 34
C     35   561.637   14(1)1(  1.0)-  4(1)2(  2.0)       excit   1    1   4   944 16 35
C     36   667.434   14(1)1(  1.0)-  5(1)0(  0.0)       excit   1    1   4  1357 46 36
C     37   673.571   13(1)2(  2.0)-  4(1)2(  2.0)       excit   1    1   4   943 14 37
C     38   690.608   11(3)1(  1.0)-  1(3)1(  0.0)       excit   1    1   4     5 32 38
C     39   693.722   12(3)1(  0.0)-  2(3)1(  1.0)       excit   1    1   4   173 34 39
C     40   693.728   11(3)1(  1.0)-  2(3)1(  1.0)       excit   1    1   4   172 35 40
C     41   693.831   10(3)1(  2.0)-  2(3)1(  1.0)       excit   1    1   4   171 31 41
C     42   699.161   11(3)1(  1.0)-  3(3)1(  2.0)       excit   1    1   4   523 28 42
C     43   699.266   10(3)1(  2.0)-  3(3)1(  2.0)       excit   1    1   4   522 15 43
C     44   781.002    7(3)2(  1.0)-  1(3)1(  0.0)       excit   1    1   4     4 21 44
C     45   784.897    8(3)2(  2.0)-  2(3)1(  1.0)       excit   1    1   4   170 12 45
C     46   784.993    7(3)2(  1.0)-  2(3)1(  1.0)       excit   1    1   4   169 24 46
C     47   791.253    9(3)2(  3.0)-  3(3)1(  2.0)       excit   1    1   4   521  5 47
C     48   791.859    8(3)2(  2.0)-  3(3)1(  2.0)       excit   1    1   4   520 27 48
C     49   829.714   65(3)1(  2.0)- 25(3)2(  3.0)       excit   1    1   4  7593 45 49
C     50   938.410   70(1)2(  2.0)- 26(1)3(  3.0)       excit   1    1   4  7917 48 50
c-------------------------------------------------------------------------------
                                                                                
C  code     : adas810
C  producer : Adam Foster
C  date     : 13/05/09
                                                                                
c-------------------------------------------------------------------------------
