   50    /AR:17 photon emissivity coefficients/
--------------------------------------------------------------------------------
    1    1    1    1    1    1    1    1    1    1    1    1    1    1
    1    1    1    1    1
--------------------------------------------------------------------------------
//#01/p00/ 00/p01/ 01/p02/ 02/p03/ 03/p04/ 04/p05/ 05/p06/ 06/p07/ 07/p08/ 08/  
      p09/ 09/p10/ 10/p11/ 11/p12/ 12/p13/ 13/p14/ 14/p15/ 15/p16/ 16/p17/ 17/  
      p18/ 18/                                                                  
--------------------------------------------------------------------------------
  2.88022    7  14 /pl=01:ss=17:pb= 1:sz=17/type=excit/ispb = t/isel =    1
 1.00E+10 1.00E+11 1.00E+12 1.00E+13 1.00E+14 1.00E+15 1.00E+16
 5.58E+00 8.38E+00 1.40E+01 2.79E+01 5.58E+01 1.40E+02 2.79E+02 4.19E+02
 5.58E+02 8.38E+02 1.40E+03 2.79E+03 5.58E+03 8.38E+03
 1.00E-74 1.00E-74 1.00E-74 1.00E-74 1.00E-74 2.21E-26 7.81E-20 1.09E-17
 1.24E-16 1.33E-15 8.18E-15 2.84E-14 4.70E-14 5.33E-14
 1.00E-74 1.00E-74 1.00E-74 1.00E-74 1.00E-74 2.21E-26 7.81E-20 1.09E-17
 1.24E-16 1.33E-15 8.18E-15 2.84E-14 4.70E-14 5.33E-14
 1.00E-74 1.00E-74 1.00E-74 1.00E-74 1.00E-74 2.21E-26 7.81E-20 1.09E-17
 1.24E-16 1.33E-15 8.18E-15 2.84E-14 4.70E-14 5.33E-14
 1.00E-74 1.00E-74 1.00E-74 1.00E-74 2.89E-46 2.21E-26 7.81E-20 1.09E-17
 1.24E-16 1.33E-15 8.18E-15 2.84E-14 4.70E-14 5.33E-14
 1.00E-74 1.00E-74 1.00E-74 1.00E-74 2.89E-46 2.21E-26 7.81E-20 1.09E-17
 1.24E-16 1.33E-15 8.18E-15 2.84E-14 4.70E-14 5.33E-14
 1.00E-74 1.00E-74 1.00E-74 1.00E-74 2.86E-46 2.21E-26 7.81E-20 1.09E-17
 1.24E-16 1.33E-15 8.18E-15 2.84E-14 4.70E-14 5.33E-14
 1.00E-74 1.00E-74 1.00E-74 1.00E-74 2.86E-46 2.22E-26 7.83E-20 1.09E-17
 1.24E-16 1.33E-15 8.19E-15 2.84E-14 4.71E-14 5.33E-14
  2.88033    7  14 /pl=01:ss=17:pb= 1:sz=17/type=excit/ispb = t/isel =    2
 1.00E+10 1.00E+11 1.00E+12 1.00E+13 1.00E+14 1.00E+15 1.00E+16
 5.58E+00 8.38E+00 1.40E+01 2.79E+01 5.58E+01 1.40E+02 2.79E+02 4.19E+02
 5.58E+02 8.38E+02 1.40E+03 2.79E+03 5.58E+03 8.38E+03
 1.00E-74 1.00E-74 1.00E-74 1.00E-74 1.00E-74 1.11E-26 3.90E-20 5.44E-18
 6.22E-17 6.63E-16 4.09E-15 1.42E-14 2.35E-14 2.68E-14
 1.00E-74 1.00E-74 1.00E-74 1.00E-74 1.00E-74 1.11E-26 3.90E-20 5.44E-18
 6.22E-17 6.63E-16 4.09E-15 1.42E-14 2.35E-14 2.68E-14
 1.00E-74 1.00E-74 1.00E-74 1.00E-74 1.00E-74 1.11E-26 3.90E-20 5.44E-18
 6.22E-17 6.63E-16 4.09E-15 1.42E-14 2.35E-14 2.68E-14
 1.00E-74 1.00E-74 1.00E-74 1.00E-74 1.00E-74 1.11E-26 3.90E-20 5.44E-18
 6.22E-17 6.63E-16 4.09E-15 1.42E-14 2.35E-14 2.68E-14
 1.00E-74 1.00E-74 1.00E-74 1.00E-74 1.44E-46 1.11E-26 3.90E-20 5.44E-18
 6.22E-17 6.63E-16 4.09E-15 1.42E-14 2.35E-14 2.68E-14
 1.00E-74 1.00E-74 1.00E-74 1.00E-74 1.44E-46 1.11E-26 3.90E-20 5.44E-18
 6.22E-17 6.63E-16 4.09E-15 1.42E-14 2.35E-14 2.68E-14
 1.00E-74 1.00E-74 1.00E-74 1.00E-74 1.43E-46 1.11E-26 3.89E-20 5.44E-18
 6.21E-17 6.63E-16 4.09E-15 1.42E-14 2.35E-14 2.68E-14
  2.91678    7  14 /pl=01:ss=17:pb= 1:sz=17/type=excit/ispb = t/isel =    3
 1.00E+10 1.00E+11 1.00E+12 1.00E+13 1.00E+14 1.00E+15 1.00E+16
 5.58E+00 8.38E+00 1.40E+01 2.79E+01 5.58E+01 1.40E+02 2.79E+02 4.19E+02
 5.58E+02 8.38E+02 1.40E+03 2.79E+03 5.58E+03 8.38E+03
 1.00E-74 1.00E-74 1.00E-74 1.00E-74 1.00E-74 5.98E-26 1.74E-19 2.28E-17
 2.50E-16 2.61E-15 1.57E-14 5.33E-14 8.80E-14 9.92E-14
 1.00E-74 1.00E-74 1.00E-74 1.00E-74 1.00E-74 5.98E-26 1.74E-19 2.28E-17
 2.50E-16 2.61E-15 1.57E-14 5.33E-14 8.80E-14 9.92E-14
 1.00E-74 1.00E-74 1.00E-74 1.00E-74 1.00E-74 5.98E-26 1.74E-19 2.28E-17
 2.50E-16 2.61E-15 1.57E-14 5.33E-14 8.80E-14 9.92E-14
 1.00E-74 1.00E-74 1.00E-74 1.00E-74 1.51E-45 5.98E-26 1.74E-19 2.28E-17
 2.50E-16 2.61E-15 1.57E-14 5.33E-14 8.80E-14 9.92E-14
 1.00E-74 1.00E-74 1.00E-74 1.00E-74 1.36E-45 5.98E-26 1.74E-19 2.28E-17
 2.50E-16 2.61E-15 1.57E-14 5.33E-14 8.80E-14 9.92E-14
 1.00E-74 1.00E-74 1.00E-74 1.00E-74 1.37E-45 5.98E-26 1.74E-19 2.28E-17
 2.50E-16 2.61E-15 1.57E-14 5.33E-14 8.80E-14 9.92E-14
 1.00E-74 1.00E-74 1.00E-74 1.00E-74 1.37E-45 5.98E-26 1.74E-19 2.28E-17
 2.51E-16 2.61E-15 1.57E-14 5.33E-14 8.80E-14 9.93E-14
  2.91699    7  14 /pl=01:ss=17:pb= 1:sz=17/type=excit/ispb = t/isel =    4
 1.00E+10 1.00E+11 1.00E+12 1.00E+13 1.00E+14 1.00E+15 1.00E+16
 5.58E+00 8.38E+00 1.40E+01 2.79E+01 5.58E+01 1.40E+02 2.79E+02 4.19E+02
 5.58E+02 8.38E+02 1.40E+03 2.79E+03 5.58E+03 8.38E+03
 1.00E-74 1.00E-74 1.00E-74 1.00E-74 1.00E-74 2.99E-26 8.70E-20 1.14E-17
 1.25E-16 1.31E-15 7.85E-15 2.67E-14 4.40E-14 4.96E-14
 1.00E-74 1.00E-74 1.00E-74 1.00E-74 1.00E-74 2.99E-26 8.70E-20 1.14E-17
 1.25E-16 1.31E-15 7.85E-15 2.67E-14 4.40E-14 4.96E-14
 1.00E-74 1.00E-74 1.00E-74 1.00E-74 1.00E-74 2.99E-26 8.70E-20 1.14E-17
 1.25E-16 1.31E-15 7.85E-15 2.67E-14 4.40E-14 4.96E-14
 1.00E-74 1.00E-74 1.00E-74 1.00E-74 5.04E-46 2.99E-26 8.70E-20 1.14E-17
 1.25E-16 1.31E-15 7.85E-15 2.67E-14 4.40E-14 4.96E-14
 1.00E-74 1.00E-74 1.00E-74 1.00E-74 7.06E-46 2.99E-26 8.70E-20 1.14E-17
 1.25E-16 1.31E-15 7.85E-15 2.67E-14 4.40E-14 4.96E-14
 1.00E-74 1.00E-74 1.00E-74 1.00E-74 6.86E-46 2.99E-26 8.70E-20 1.14E-17
 1.25E-16 1.31E-15 7.85E-15 2.67E-14 4.40E-14 4.96E-14
 1.00E-74 1.00E-74 1.00E-74 1.00E-74 6.91E-46 3.00E-26 8.72E-20 1.15E-17
 1.25E-16 1.31E-15 7.86E-15 2.67E-14 4.40E-14 4.97E-14
  2.98659    7  14 /pl=01:ss=17:pb= 1:sz=17/type=excit/ispb = t/isel =    5
 1.00E+10 1.00E+11 1.00E+12 1.00E+13 1.00E+14 1.00E+15 1.00E+16
 5.58E+00 8.38E+00 1.40E+01 2.79E+01 5.58E+01 1.40E+02 2.79E+02 4.19E+02
 5.58E+02 8.38E+02 1.40E+03 2.79E+03 5.58E+03 8.38E+03
 1.00E-74 1.00E-74 1.00E-74 1.00E-74 1.00E-74 2.60E-25 5.34E-19 6.24E-17
 6.48E-16 6.37E-15 3.66E-14 1.20E-13 1.96E-13 2.20E-13
 1.00E-74 1.00E-74 1.00E-74 1.00E-74 1.00E-74 2.60E-25 5.34E-19 6.24E-17
 6.48E-16 6.37E-15 3.66E-14 1.20E-13 1.96E-13 2.20E-13
 1.00E-74 1.00E-74 1.00E-74 1.00E-74 2.00E-44 2.60E-25 5.34E-19 6.24E-17
 6.48E-16 6.37E-15 3.66E-14 1.20E-13 1.96E-13 2.20E-13
 1.00E-74 1.00E-74 1.00E-74 1.00E-74 1.70E-44 2.60E-25 5.34E-19 6.24E-17
 6.48E-16 6.37E-15 3.66E-14 1.20E-13 1.96E-13 2.20E-13
 1.00E-74 1.00E-74 1.00E-74 1.00E-74 1.72E-44 2.60E-25 5.34E-19 6.24E-17
 6.48E-16 6.37E-15 3.66E-14 1.20E-13 1.96E-13 2.20E-13
 1.00E-74 1.00E-74 1.00E-74 1.00E-74 1.73E-44 2.60E-25 5.34E-19 6.24E-17
 6.48E-16 6.37E-15 3.66E-14 1.20E-13 1.96E-13 2.20E-13
 1.00E-74 1.00E-74 1.00E-74 1.00E-74 1.73E-44 2.60E-25 5.34E-19 6.24E-17
 6.48E-16 6.37E-15 3.66E-14 1.20E-13 1.96E-13 2.20E-13
  2.98700    7  14 /pl=01:ss=17:pb= 1:sz=17/type=excit/ispb = t/isel =    6
 1.00E+10 1.00E+11 1.00E+12 1.00E+13 1.00E+14 1.00E+15 1.00E+16
 5.58E+00 8.38E+00 1.40E+01 2.79E+01 5.58E+01 1.40E+02 2.79E+02 4.19E+02
 5.58E+02 8.38E+02 1.40E+03 2.79E+03 5.58E+03 8.38E+03
 1.00E-74 1.00E-74 1.00E-74 1.00E-74 1.00E-74 1.31E-25 2.68E-19 3.12E-17
 3.24E-16 3.19E-15 1.83E-14 6.02E-14 9.78E-14 1.10E-13
 1.00E-74 1.00E-74 1.00E-74 1.00E-74 1.00E-74 1.31E-25 2.68E-19 3.12E-17
 3.24E-16 3.19E-15 1.83E-14 6.02E-14 9.78E-14 1.10E-13
 1.00E-74 1.00E-74 1.00E-74 1.00E-74 1.00E-44 1.31E-25 2.68E-19 3.12E-17
 3.24E-16 3.19E-15 1.83E-14 6.02E-14 9.78E-14 1.10E-13
 1.00E-74 1.00E-74 1.00E-74 1.00E-74 9.02E-45 1.31E-25 2.68E-19 3.12E-17
 3.24E-16 3.19E-15 1.83E-14 6.02E-14 9.78E-14 1.10E-13
 1.00E-74 1.00E-74 1.00E-74 1.00E-74 8.72E-45 1.31E-25 2.68E-19 3.12E-17
 3.24E-16 3.19E-15 1.83E-14 6.02E-14 9.78E-14 1.10E-13
 1.00E-74 1.00E-74 1.00E-74 1.00E-74 8.72E-45 1.31E-25 2.68E-19 3.12E-17
 3.24E-16 3.19E-15 1.83E-14 6.02E-14 9.78E-14 1.10E-13
 1.00E-74 1.00E-74 1.00E-74 1.00E-74 8.73E-45 1.31E-25 2.68E-19 3.12E-17
 3.25E-16 3.19E-15 1.83E-14 6.02E-14 9.79E-14 1.10E-13
  3.14942    7  14 /pl=01:ss=17:pb= 1:sz=17/type=excit/ispb = t/isel =    7
 1.00E+10 1.00E+11 1.00E+12 1.00E+13 1.00E+14 1.00E+15 1.00E+16
 5.58E+00 8.38E+00 1.40E+01 2.79E+01 5.58E+01 1.40E+02 2.79E+02 4.19E+02
 5.58E+02 8.38E+02 1.40E+03 2.79E+03 5.58E+03 8.38E+03
 1.00E-74 1.00E-74 1.00E-74 1.00E-74 2.47E-42 3.44E-24 3.30E-18 3.00E-16
 2.74E-15 2.38E-14 1.24E-13 3.83E-13 6.05E-13 6.75E-13
 1.00E-74 1.00E-74 1.00E-74 1.00E-74 2.22E-42 3.44E-24 3.30E-18 3.00E-16
 2.74E-15 2.38E-14 1.24E-13 3.83E-13 6.05E-13 6.75E-13
 1.00E-74 1.00E-74 1.00E-74 1.00E-74 2.29E-42 3.44E-24 3.30E-18 3.00E-16
 2.74E-15 2.38E-14 1.24E-13 3.83E-13 6.05E-13 6.75E-13
 1.00E-74 1.00E-74 1.00E-74 1.00E-74 2.29E-42 3.44E-24 3.30E-18 3.00E-16
 2.74E-15 2.38E-14 1.24E-13 3.83E-13 6.05E-13 6.75E-13
 1.00E-74 1.00E-74 1.00E-74 1.00E-74 2.29E-42 3.44E-24 3.30E-18 3.00E-16
 2.74E-15 2.38E-14 1.24E-13 3.83E-13 6.05E-13 6.75E-13
 1.00E-74 1.00E-74 1.00E-74 1.00E-74 2.29E-42 3.44E-24 3.30E-18 3.00E-16
 2.74E-15 2.38E-14 1.24E-13 3.83E-13 6.05E-13 6.75E-13
 1.00E-74 1.00E-74 1.00E-74 1.00E-74 2.29E-42 3.44E-24 3.30E-18 3.00E-16
 2.74E-15 2.38E-14 1.24E-13 3.83E-13 6.05E-13 6.75E-13
  3.15051    7  14 /pl=01:ss=17:pb= 1:sz=17/type=excit/ispb = t/isel =    8
 1.00E+10 1.00E+11 1.00E+12 1.00E+13 1.00E+14 1.00E+15 1.00E+16
 5.58E+00 8.38E+00 1.40E+01 2.79E+01 5.58E+01 1.40E+02 2.79E+02 4.19E+02
 5.58E+02 8.38E+02 1.40E+03 2.79E+03 5.58E+03 8.38E+03
 1.00E-74 1.00E-74 1.00E-74 1.00E-74 1.00E-74 1.74E-24 1.66E-18 1.50E-16
 1.38E-15 1.20E-14 6.26E-14 1.91E-13 3.02E-13 3.38E-13
 1.00E-74 1.00E-74 1.00E-74 1.00E-74 1.23E-42 1.74E-24 1.66E-18 1.50E-16
 1.38E-15 1.20E-14 6.26E-14 1.91E-13 3.02E-13 3.38E-13
 1.00E-74 1.00E-74 1.00E-74 1.00E-74 1.18E-42 1.74E-24 1.66E-18 1.50E-16
 1.38E-15 1.20E-14 6.26E-14 1.91E-13 3.02E-13 3.38E-13
 1.00E-74 1.00E-74 1.00E-74 1.00E-74 1.18E-42 1.74E-24 1.66E-18 1.50E-16
 1.38E-15 1.20E-14 6.26E-14 1.91E-13 3.02E-13 3.38E-13
 1.00E-74 1.00E-74 1.00E-74 1.00E-74 1.18E-42 1.74E-24 1.66E-18 1.50E-16
 1.38E-15 1.20E-14 6.26E-14 1.91E-13 3.02E-13 3.38E-13
 1.00E-74 1.00E-74 1.00E-74 1.00E-74 1.18E-42 1.74E-24 1.66E-18 1.50E-16
 1.38E-15 1.20E-14 6.26E-14 1.91E-13 3.02E-13 3.38E-13
 1.00E-74 1.00E-74 1.00E-74 1.00E-74 1.18E-42 1.74E-24 1.66E-18 1.50E-16
 1.38E-15 1.20E-14 6.26E-14 1.91E-13 3.02E-13 3.38E-13
  3.73003    7  14 /pl=01:ss=17:pb= 1:sz=17/type=excit/ispb = t/isel =    9
 1.00E+10 1.00E+11 1.00E+12 1.00E+13 1.00E+14 1.00E+15 1.00E+16
 5.58E+00 8.38E+00 1.40E+01 2.79E+01 5.58E+01 1.40E+02 2.79E+02 4.19E+02
 5.58E+02 8.38E+02 1.40E+03 2.79E+03 5.58E+03 8.38E+03
 1.00E-74 1.00E-74 1.00E-74 1.00E-74 8.48E-37 1.76E-21 1.85E-16 8.15E-15
 5.18E-14 3.14E-13 1.24E-12 3.12E-12 4.50E-12 4.90E-12
 1.00E-74 1.00E-74 1.00E-74 1.00E-74 8.48E-37 1.76E-21 1.85E-16 8.15E-15
 5.18E-14 3.14E-13 1.24E-12 3.12E-12 4.50E-12 4.90E-12
 1.00E-74 1.00E-74 1.00E-74 1.00E-74 8.48E-37 1.76E-21 1.85E-16 8.15E-15
 5.18E-14 3.14E-13 1.24E-12 3.12E-12 4.50E-12 4.90E-12
 1.00E-74 1.00E-74 1.00E-74 1.00E-74 8.48E-37 1.76E-21 1.85E-16 8.15E-15
 5.18E-14 3.14E-13 1.24E-12 3.12E-12 4.50E-12 4.90E-12
 1.00E-74 1.00E-74 1.00E-74 1.00E-74 8.48E-37 1.76E-21 1.85E-16 8.15E-15
 5.18E-14 3.14E-13 1.24E-12 3.12E-12 4.50E-12 4.90E-12
 1.00E-74 1.00E-74 1.00E-74 1.00E-74 8.48E-37 1.76E-21 1.85E-16 8.15E-15
 5.18E-14 3.14E-13 1.24E-12 3.12E-12 4.50E-12 4.90E-12
 1.00E-74 1.00E-74 1.00E-74 1.00E-74 8.48E-37 1.76E-21 1.85E-16 8.15E-15
 5.18E-14 3.14E-13 1.24E-12 3.12E-12 4.50E-12 4.90E-12
  3.73518    7  14 /pl=01:ss=17:pb= 1:sz=17/type=excit/ispb = t/isel =   10
 1.00E+10 1.00E+11 1.00E+12 1.00E+13 1.00E+14 1.00E+15 1.00E+16
 5.58E+00 8.38E+00 1.40E+01 2.79E+01 5.58E+01 1.40E+02 2.79E+02 4.19E+02
 5.58E+02 8.38E+02 1.40E+03 2.79E+03 5.58E+03 8.38E+03
 1.00E-74 1.00E-74 1.00E-74 1.00E-74 5.11E-37 9.95E-22 1.03E-16 4.51E-15
 2.87E-14 1.74E-13 6.85E-13 1.71E-12 2.45E-12 2.65E-12
 1.00E-74 1.00E-74 1.00E-74 1.00E-74 5.11E-37 9.95E-22 1.03E-16 4.51E-15
 2.87E-14 1.74E-13 6.85E-13 1.71E-12 2.45E-12 2.65E-12
 1.00E-74 1.00E-74 1.00E-74 1.00E-74 5.11E-37 9.95E-22 1.03E-16 4.51E-15
 2.87E-14 1.74E-13 6.85E-13 1.71E-12 2.45E-12 2.65E-12
 1.00E-74 1.00E-74 1.00E-74 1.00E-74 5.11E-37 9.95E-22 1.03E-16 4.51E-15
 2.87E-14 1.74E-13 6.85E-13 1.71E-12 2.45E-12 2.65E-12
 1.00E-74 1.00E-74 1.00E-74 1.00E-74 5.11E-37 9.95E-22 1.03E-16 4.51E-15
 2.87E-14 1.74E-13 6.85E-13 1.71E-12 2.45E-12 2.65E-12
 1.00E-74 1.00E-74 1.00E-74 1.00E-74 5.11E-37 9.95E-22 1.03E-16 4.51E-15
 2.87E-14 1.74E-13 6.85E-13 1.71E-12 2.45E-12 2.65E-12
 1.00E-74 1.00E-74 1.00E-74 1.00E-74 5.11E-37 9.95E-22 1.03E-16 4.51E-15
 2.87E-14 1.74E-13 6.85E-13 1.71E-12 2.45E-12 2.65E-12
  12.5817    7  14 /pl=01:ss=17:pb= 1:sz=17/type=excit/ispb = t/isel =   11
 1.00E+10 1.00E+11 1.00E+12 1.00E+13 1.00E+14 1.00E+15 1.00E+16
 5.58E+00 8.38E+00 1.40E+01 2.79E+01 5.58E+01 1.40E+02 2.79E+02 4.19E+02
 5.58E+02 8.38E+02 1.40E+03 2.79E+03 5.58E+03 8.38E+03
 1.00E-74 1.00E-74 1.00E-74 1.00E-74 1.00E-74 3.24E-27 1.14E-20 1.59E-18
 1.81E-17 1.94E-16 1.20E-15 4.16E-15 6.90E-15 7.81E-15
 1.00E-74 1.00E-74 1.00E-74 1.00E-74 1.00E-74 3.24E-27 1.14E-20 1.59E-18
 1.81E-17 1.94E-16 1.20E-15 4.16E-15 6.90E-15 7.81E-15
 1.00E-74 1.00E-74 1.00E-74 1.00E-74 1.00E-74 3.24E-27 1.14E-20 1.59E-18
 1.81E-17 1.94E-16 1.20E-15 4.16E-15 6.90E-15 7.81E-15
 1.00E-74 1.00E-74 1.00E-74 1.00E-74 4.23E-47 3.24E-27 1.14E-20 1.59E-18
 1.81E-17 1.94E-16 1.20E-15 4.16E-15 6.90E-15 7.81E-15
 1.00E-74 1.00E-74 1.00E-74 1.00E-74 4.23E-47 3.24E-27 1.14E-20 1.59E-18
 1.81E-17 1.94E-16 1.20E-15 4.16E-15 6.90E-15 7.81E-15
 1.00E-74 1.00E-74 1.00E-74 1.00E-74 4.19E-47 3.25E-27 1.14E-20 1.59E-18
 1.81E-17 1.94E-16 1.20E-15 4.16E-15 6.90E-15 7.81E-15
 1.00E-74 1.00E-74 1.00E-74 1.00E-74 4.19E-47 3.26E-27 1.15E-20 1.60E-18
 1.82E-17 1.95E-16 1.20E-15 4.16E-15 6.90E-15 7.82E-15
  12.5832    7  14 /pl=01:ss=17:pb= 1:sz=17/type=excit/ispb = t/isel =   12
 1.00E+10 1.00E+11 1.00E+12 1.00E+13 1.00E+14 1.00E+15 1.00E+16
 5.58E+00 8.38E+00 1.40E+01 2.79E+01 5.58E+01 1.40E+02 2.79E+02 4.19E+02
 5.58E+02 8.38E+02 1.40E+03 2.79E+03 5.58E+03 8.38E+03
 1.00E-74 1.00E-74 1.00E-74 1.00E-74 1.00E-74 1.21E-27 4.24E-21 5.90E-19
 6.67E-18 7.16E-17 4.38E-16 1.48E-15 2.36E-15 2.57E-15
 1.00E-74 1.00E-74 1.00E-74 1.00E-74 1.00E-74 1.21E-27 4.24E-21 5.90E-19
 6.67E-18 7.16E-17 4.38E-16 1.48E-15 2.36E-15 2.57E-15
 1.00E-74 1.00E-74 1.00E-74 1.00E-74 1.00E-74 1.21E-27 4.24E-21 5.90E-19
 6.67E-18 7.16E-17 4.38E-16 1.48E-15 2.36E-15 2.57E-15
 1.00E-74 1.00E-74 1.00E-74 1.00E-74 1.00E-74 1.21E-27 4.24E-21 5.90E-19
 6.67E-18 7.16E-17 4.38E-16 1.48E-15 2.36E-15 2.57E-15
 1.00E-74 1.00E-74 1.00E-74 1.00E-74 1.28E-47 1.21E-27 4.24E-21 5.91E-19
 6.67E-18 7.16E-17 4.38E-16 1.48E-15 2.36E-15 2.57E-15
 1.00E-74 1.00E-74 1.00E-74 1.00E-74 1.60E-47 1.21E-27 4.25E-21 5.91E-19
 6.68E-18 7.16E-17 4.38E-16 1.48E-15 2.36E-15 2.57E-15
 1.00E-74 1.00E-74 1.00E-74 1.00E-74 1.59E-47 1.22E-27 4.28E-21 5.94E-19
 6.71E-18 7.19E-17 4.40E-16 1.48E-15 2.37E-15 2.58E-15
  12.5838    7  14 /pl=01:ss=17:pb= 1:sz=17/type=excit/ispb = t/isel =   13
 1.00E+10 1.00E+11 1.00E+12 1.00E+13 1.00E+14 1.00E+15 1.00E+16
 5.58E+00 8.38E+00 1.40E+01 2.79E+01 5.58E+01 1.40E+02 2.79E+02 4.19E+02
 5.58E+02 8.38E+02 1.40E+03 2.79E+03 5.58E+03 8.38E+03
 1.00E-74 1.00E-74 1.00E-74 1.00E-74 1.00E-74 1.62E-27 5.69E-21 7.95E-19
 9.08E-18 9.69E-17 5.98E-16 2.07E-15 3.44E-15 3.91E-15
 1.00E-74 1.00E-74 1.00E-74 1.00E-74 1.00E-74 1.62E-27 5.69E-21 7.95E-19
 9.08E-18 9.69E-17 5.98E-16 2.07E-15 3.44E-15 3.91E-15
 1.00E-74 1.00E-74 1.00E-74 1.00E-74 1.00E-74 1.62E-27 5.69E-21 7.95E-19
 9.08E-18 9.69E-17 5.98E-16 2.07E-15 3.44E-15 3.91E-15
 1.00E-74 1.00E-74 1.00E-74 1.00E-74 1.00E-74 1.62E-27 5.69E-21 7.95E-19
 9.08E-18 9.69E-17 5.98E-16 2.07E-15 3.44E-15 3.91E-15
 1.00E-74 1.00E-74 1.00E-74 1.00E-74 2.11E-47 1.62E-27 5.69E-21 7.95E-19
 9.08E-18 9.69E-17 5.98E-16 2.07E-15 3.44E-15 3.91E-15
 1.00E-74 1.00E-74 1.00E-74 1.00E-74 2.11E-47 1.62E-27 5.69E-21 7.95E-19
 9.08E-18 9.69E-17 5.98E-16 2.07E-15 3.44E-15 3.91E-15
 1.00E-74 1.00E-74 1.00E-74 1.00E-74 2.09E-47 1.62E-27 5.69E-21 7.94E-19
 9.08E-18 9.68E-17 5.98E-16 2.07E-15 3.44E-15 3.91E-15
  12.6412    7  14 /pl=01:ss=17:pb= 1:sz=17/type=excit/ispb = t/isel =   14
 1.00E+10 1.00E+11 1.00E+12 1.00E+13 1.00E+14 1.00E+15 1.00E+16
 5.58E+00 8.38E+00 1.40E+01 2.79E+01 5.58E+01 1.40E+02 2.79E+02 4.19E+02
 5.58E+02 8.38E+02 1.40E+03 2.79E+03 5.58E+03 8.38E+03
 1.00E-74 1.00E-74 1.00E-74 1.00E-74 1.00E-74 2.17E-27 7.60E-21 1.06E-18
 1.20E-17 1.29E-16 7.87E-16 2.66E-15 4.23E-15 4.61E-15
 1.00E-74 1.00E-74 1.00E-74 1.00E-74 1.00E-74 2.17E-27 7.60E-21 1.06E-18
 1.20E-17 1.29E-16 7.87E-16 2.66E-15 4.23E-15 4.61E-15
 1.00E-74 1.00E-74 1.00E-74 1.00E-74 1.00E-74 2.17E-27 7.60E-21 1.06E-18
 1.20E-17 1.29E-16 7.87E-16 2.66E-15 4.23E-15 4.61E-15
 1.00E-74 1.00E-74 1.00E-74 1.00E-74 1.00E-74 2.17E-27 7.60E-21 1.06E-18
 1.20E-17 1.29E-16 7.87E-16 2.66E-15 4.23E-15 4.61E-15
 1.00E-74 1.00E-74 1.00E-74 1.00E-74 3.02E-47 2.17E-27 7.61E-21 1.06E-18
 1.20E-17 1.29E-16 7.87E-16 2.66E-15 4.23E-15 4.61E-15
 1.00E-74 1.00E-74 1.00E-74 1.00E-74 2.79E-47 2.17E-27 7.61E-21 1.06E-18
 1.20E-17 1.29E-16 7.87E-16 2.66E-15 4.23E-15 4.61E-15
 1.00E-74 1.00E-74 1.00E-74 1.00E-74 2.87E-47 2.20E-27 7.69E-21 1.07E-18
 1.21E-17 1.29E-16 7.91E-16 2.67E-15 4.24E-15 4.62E-15
  12.6443    7  14 /pl=01:ss=17:pb= 1:sz=17/type=excit/ispb = t/isel =   15
 1.00E+10 1.00E+11 1.00E+12 1.00E+13 1.00E+14 1.00E+15 1.00E+16
 5.58E+00 8.38E+00 1.40E+01 2.79E+01 5.58E+01 1.40E+02 2.79E+02 4.19E+02
 5.58E+02 8.38E+02 1.40E+03 2.79E+03 5.58E+03 8.38E+03
 1.00E-74 1.00E-74 1.00E-74 1.00E-74 1.00E-74 1.74E-27 6.09E-21 8.48E-19
 9.61E-18 1.03E-16 6.24E-16 2.08E-15 3.24E-15 3.46E-15
 1.00E-74 1.00E-74 1.00E-74 1.00E-74 1.00E-74 1.74E-27 6.09E-21 8.48E-19
 9.61E-18 1.03E-16 6.24E-16 2.08E-15 3.24E-15 3.46E-15
 1.00E-74 1.00E-74 1.00E-74 1.00E-74 1.00E-74 1.74E-27 6.09E-21 8.48E-19
 9.61E-18 1.03E-16 6.24E-16 2.08E-15 3.24E-15 3.46E-15
 1.00E-74 1.00E-74 1.00E-74 1.00E-74 2.24E-47 1.74E-27 6.09E-21 8.48E-19
 9.61E-18 1.03E-16 6.24E-16 2.08E-15 3.24E-15 3.46E-15
 1.00E-74 1.00E-74 1.00E-74 1.00E-74 2.24E-47 1.74E-27 6.09E-21 8.48E-19
 9.61E-18 1.03E-16 6.24E-16 2.08E-15 3.24E-15 3.46E-15
 1.00E-74 1.00E-74 1.00E-74 1.00E-74 2.24E-47 1.73E-27 6.08E-21 8.46E-19
 9.59E-18 1.03E-16 6.23E-16 2.08E-15 3.23E-15 3.46E-15
 1.00E-74 1.00E-74 1.00E-74 1.00E-74 2.18E-47 1.70E-27 5.98E-21 8.35E-19
 9.48E-18 1.01E-16 6.18E-16 2.07E-15 3.22E-15 3.44E-15
  13.3105    7  14 /pl=01:ss=17:pb= 1:sz=17/type=excit/ispb = t/isel =   16
 1.00E+10 1.00E+11 1.00E+12 1.00E+13 1.00E+14 1.00E+15 1.00E+16
 5.58E+00 8.38E+00 1.40E+01 2.79E+01 5.58E+01 1.40E+02 2.79E+02 4.19E+02
 5.58E+02 8.38E+02 1.40E+03 2.79E+03 5.58E+03 8.38E+03
 1.00E-74 1.00E-74 1.00E-74 1.00E-74 1.00E-74 8.67E-27 2.52E-20 3.30E-18
 3.63E-17 3.78E-16 2.28E-15 7.73E-15 1.28E-14 1.44E-14
 1.00E-74 1.00E-74 1.00E-74 1.00E-74 1.00E-74 8.67E-27 2.52E-20 3.30E-18
 3.63E-17 3.78E-16 2.28E-15 7.73E-15 1.28E-14 1.44E-14
 1.00E-74 1.00E-74 1.00E-74 1.00E-74 1.00E-74 8.67E-27 2.52E-20 3.30E-18
 3.63E-17 3.78E-16 2.28E-15 7.73E-15 1.28E-14 1.44E-14
 1.00E-74 1.00E-74 1.00E-74 1.00E-74 2.19E-46 8.67E-27 2.52E-20 3.30E-18
 3.63E-17 3.78E-16 2.28E-15 7.73E-15 1.28E-14 1.44E-14
 1.00E-74 1.00E-74 1.00E-74 1.00E-74 1.97E-46 8.67E-27 2.52E-20 3.30E-18
 3.63E-17 3.78E-16 2.28E-15 7.73E-15 1.28E-14 1.44E-14
 1.00E-74 1.00E-74 1.00E-74 1.00E-74 1.98E-46 8.67E-27 2.52E-20 3.30E-18
 3.63E-17 3.78E-16 2.28E-15 7.73E-15 1.28E-14 1.44E-14
 1.00E-74 1.00E-74 1.00E-74 1.00E-74 1.99E-46 8.67E-27 2.52E-20 3.31E-18
 3.63E-17 3.79E-16 2.28E-15 7.73E-15 1.28E-14 1.44E-14
  13.3122    7  14 /pl=01:ss=17:pb= 1:sz=17/type=excit/ispb = t/isel =   17
 1.00E+10 1.00E+11 1.00E+12 1.00E+13 1.00E+14 1.00E+15 1.00E+16
 5.58E+00 8.38E+00 1.40E+01 2.79E+01 5.58E+01 1.40E+02 2.79E+02 4.19E+02
 5.58E+02 8.38E+02 1.40E+03 2.79E+03 5.58E+03 8.38E+03
 1.00E-74 1.00E-74 1.00E-74 1.00E-74 1.00E-74 3.30E-27 9.53E-21 1.25E-18
 1.37E-17 1.42E-16 8.47E-16 2.82E-15 4.44E-15 4.82E-15
 1.00E-74 1.00E-74 1.00E-74 1.00E-74 1.00E-74 3.30E-27 9.53E-21 1.25E-18
 1.37E-17 1.42E-16 8.47E-16 2.82E-15 4.44E-15 4.82E-15
 1.00E-74 1.00E-74 1.00E-74 1.00E-74 1.00E-74 3.30E-27 9.53E-21 1.25E-18
 1.37E-17 1.42E-16 8.47E-16 2.82E-15 4.44E-15 4.82E-15
 1.00E-74 1.00E-74 1.00E-74 1.00E-74 1.17E-46 3.30E-27 9.53E-21 1.25E-18
 1.37E-17 1.42E-16 8.47E-16 2.82E-15 4.44E-15 4.82E-15
 1.00E-74 1.00E-74 1.00E-74 1.00E-74 8.19E-47 3.30E-27 9.53E-21 1.25E-18
 1.37E-17 1.42E-16 8.47E-16 2.82E-15 4.44E-15 4.82E-15
 1.00E-74 1.00E-74 1.00E-74 1.00E-74 7.61E-47 3.30E-27 9.53E-21 1.25E-18
 1.37E-17 1.42E-16 8.47E-16 2.82E-15 4.44E-15 4.82E-15
 1.00E-74 1.00E-74 1.00E-74 1.00E-74 7.66E-47 3.31E-27 9.56E-21 1.25E-18
 1.37E-17 1.42E-16 8.48E-16 2.82E-15 4.44E-15 4.82E-15
  13.3147    7  14 /pl=01:ss=17:pb= 1:sz=17/type=excit/ispb = t/isel =   18
 1.00E+10 1.00E+11 1.00E+12 1.00E+13 1.00E+14 1.00E+15 1.00E+16
 5.58E+00 8.38E+00 1.40E+01 2.79E+01 5.58E+01 1.40E+02 2.79E+02 4.19E+02
 5.58E+02 8.38E+02 1.40E+03 2.79E+03 5.58E+03 8.38E+03
 1.00E-74 1.00E-74 1.00E-74 1.00E-74 1.00E-74 4.33E-27 1.26E-20 1.66E-18
 1.82E-17 1.90E-16 1.14E-15 3.87E-15 6.38E-15 7.20E-15
 1.00E-74 1.00E-74 1.00E-74 1.00E-74 1.00E-74 4.33E-27 1.26E-20 1.66E-18
 1.82E-17 1.90E-16 1.14E-15 3.87E-15 6.38E-15 7.20E-15
 1.00E-74 1.00E-74 1.00E-74 1.00E-74 1.00E-74 4.33E-27 1.26E-20 1.66E-18
 1.82E-17 1.90E-16 1.14E-15 3.87E-15 6.38E-15 7.20E-15
 1.00E-74 1.00E-74 1.00E-74 1.00E-74 7.31E-47 4.33E-27 1.26E-20 1.66E-18
 1.82E-17 1.90E-16 1.14E-15 3.87E-15 6.38E-15 7.20E-15
 1.00E-74 1.00E-74 1.00E-74 1.00E-74 1.02E-46 4.33E-27 1.26E-20 1.66E-18
 1.82E-17 1.90E-16 1.14E-15 3.87E-15 6.38E-15 7.20E-15
 1.00E-74 1.00E-74 1.00E-74 1.00E-74 9.95E-47 4.33E-27 1.26E-20 1.66E-18
 1.82E-17 1.90E-16 1.14E-15 3.87E-15 6.38E-15 7.20E-15
 1.00E-74 1.00E-74 1.00E-74 1.00E-74 1.00E-46 4.34E-27 1.26E-20 1.66E-18
 1.82E-17 1.90E-16 1.14E-15 3.88E-15 6.39E-15 7.20E-15
  13.3166    7  14 /pl=01:ss=17:pb= 1:sz=17/type=excit/ispb = t/isel =   19
 1.00E+10 1.00E+11 1.00E+12 1.00E+13 1.00E+14 1.00E+15 1.00E+16
 5.58E+00 8.38E+00 1.40E+01 2.79E+01 5.58E+01 1.40E+02 2.79E+02 4.19E+02
 5.58E+02 8.38E+02 1.40E+03 2.79E+03 5.58E+03 8.38E+03
 1.00E-74 1.00E-74 1.00E-74 1.00E-74 1.00E-74 2.73E-27 7.92E-21 1.04E-18
 1.14E-17 1.18E-16 6.99E-16 2.29E-15 3.54E-15 3.78E-15
 1.00E-74 1.00E-74 1.00E-74 1.00E-74 1.00E-74 2.73E-27 7.92E-21 1.04E-18
 1.14E-17 1.18E-16 6.99E-16 2.29E-15 3.54E-15 3.78E-15
 1.00E-74 1.00E-74 1.00E-74 1.00E-74 6.64E-47 2.73E-27 7.92E-21 1.04E-18
 1.14E-17 1.18E-16 6.99E-16 2.29E-15 3.54E-15 3.78E-15
 1.00E-74 1.00E-74 1.00E-74 1.00E-74 5.98E-47 2.73E-27 7.92E-21 1.04E-18
 1.14E-17 1.18E-16 6.99E-16 2.29E-15 3.54E-15 3.78E-15
 1.00E-74 1.00E-74 1.00E-74 1.00E-74 6.24E-47 2.73E-27 7.92E-21 1.04E-18
 1.14E-17 1.18E-16 6.99E-16 2.29E-15 3.54E-15 3.78E-15
 1.00E-74 1.00E-74 1.00E-74 1.00E-74 6.25E-47 2.72E-27 7.91E-21 1.03E-18
 1.14E-17 1.18E-16 6.98E-16 2.29E-15 3.54E-15 3.78E-15
 1.00E-74 1.00E-74 1.00E-74 1.00E-74 6.14E-47 2.69E-27 7.84E-21 1.03E-18
 1.13E-17 1.17E-16 6.95E-16 2.28E-15 3.53E-15 3.77E-15
  13.3766    7  14 /pl=01:ss=17:pb= 1:sz=17/type=excit/ispb = t/isel =   20
 1.00E+10 1.00E+11 1.00E+12 1.00E+13 1.00E+14 1.00E+15 1.00E+16
 5.58E+00 8.38E+00 1.40E+01 2.79E+01 5.58E+01 1.40E+02 2.79E+02 4.19E+02
 5.58E+02 8.38E+02 1.40E+03 2.79E+03 5.58E+03 8.38E+03
 1.00E-74 1.00E-74 1.00E-74 1.00E-74 1.00E-74 5.91E-27 1.71E-20 2.24E-18
 2.46E-17 2.55E-16 1.52E-15 5.05E-15 7.98E-15 8.67E-15
 1.00E-74 1.00E-74 1.00E-74 1.00E-74 1.00E-74 5.91E-27 1.71E-20 2.24E-18
 2.46E-17 2.55E-16 1.52E-15 5.05E-15 7.98E-15 8.67E-15
 1.00E-74 1.00E-74 1.00E-74 1.00E-74 1.00E-74 5.91E-27 1.71E-20 2.24E-18
 2.46E-17 2.55E-16 1.52E-15 5.05E-15 7.98E-15 8.67E-15
 1.00E-74 1.00E-74 1.00E-74 1.00E-74 1.38E-46 5.91E-27 1.71E-20 2.24E-18
 2.46E-17 2.55E-16 1.52E-15 5.05E-15 7.98E-15 8.67E-15
 1.00E-74 1.00E-74 1.00E-74 1.00E-74 1.38E-46 5.91E-27 1.71E-20 2.24E-18
 2.46E-17 2.55E-16 1.52E-15 5.05E-15 7.98E-15 8.67E-15
 1.00E-74 1.00E-74 1.00E-74 1.00E-74 1.37E-46 5.91E-27 1.71E-20 2.24E-18
 2.46E-17 2.55E-16 1.52E-15 5.05E-15 7.98E-15 8.67E-15
 1.00E-74 1.00E-74 1.00E-74 1.00E-74 1.37E-46 5.93E-27 1.72E-20 2.24E-18
 2.46E-17 2.55E-16 1.52E-15 5.05E-15 7.99E-15 8.67E-15
  13.3824    7  14 /pl=01:ss=17:pb= 1:sz=17/type=excit/ispb = t/isel =   21
 1.00E+10 1.00E+11 1.00E+12 1.00E+13 1.00E+14 1.00E+15 1.00E+16
 5.58E+00 8.38E+00 1.40E+01 2.79E+01 5.58E+01 1.40E+02 2.79E+02 4.19E+02
 5.58E+02 8.38E+02 1.40E+03 2.79E+03 5.58E+03 8.38E+03
 1.00E-74 1.00E-74 1.00E-74 1.00E-74 1.00E-74 5.38E-27 1.56E-20 2.04E-18
 2.24E-17 2.32E-16 1.38E-15 4.52E-15 6.98E-15 7.46E-15
 1.00E-74 1.00E-74 1.00E-74 1.00E-74 1.00E-74 5.38E-27 1.56E-20 2.04E-18
 2.24E-17 2.32E-16 1.38E-15 4.52E-15 6.98E-15 7.46E-15
 1.00E-74 1.00E-74 1.00E-74 1.00E-74 1.31E-46 5.38E-27 1.56E-20 2.04E-18
 2.24E-17 2.32E-16 1.38E-15 4.52E-15 6.98E-15 7.46E-15
 1.00E-74 1.00E-74 1.00E-74 1.00E-74 1.18E-46 5.38E-27 1.56E-20 2.04E-18
 2.24E-17 2.32E-16 1.38E-15 4.52E-15 6.98E-15 7.46E-15
 1.00E-74 1.00E-74 1.00E-74 1.00E-74 1.23E-46 5.38E-27 1.56E-20 2.04E-18
 2.24E-17 2.32E-16 1.38E-15 4.52E-15 6.98E-15 7.46E-15
 1.00E-74 1.00E-74 1.00E-74 1.00E-74 1.23E-46 5.37E-27 1.56E-20 2.04E-18
 2.24E-17 2.32E-16 1.38E-15 4.52E-15 6.98E-15 7.46E-15
 1.00E-74 1.00E-74 1.00E-74 1.00E-74 1.21E-46 5.30E-27 1.55E-20 2.02E-18
 2.22E-17 2.31E-16 1.37E-15 4.50E-15 6.96E-15 7.44E-15
  14.8997    7  14 /pl=01:ss=17:pb= 1:sz=17/type=excit/ispb = t/isel =   22
 1.00E+10 1.00E+11 1.00E+12 1.00E+13 1.00E+14 1.00E+15 1.00E+16
 5.58E+00 8.38E+00 1.40E+01 2.79E+01 5.58E+01 1.40E+02 2.79E+02 4.19E+02
 5.58E+02 8.38E+02 1.40E+03 2.79E+03 5.58E+03 8.38E+03
 1.00E-74 1.00E-74 1.00E-74 1.00E-74 1.00E-74 3.71E-26 7.61E-20 8.90E-18
 9.24E-17 9.09E-16 5.22E-15 1.72E-14 2.79E-14 3.14E-14
 1.00E-74 1.00E-74 1.00E-74 1.00E-74 1.00E-74 3.71E-26 7.61E-20 8.90E-18
 9.24E-17 9.09E-16 5.22E-15 1.72E-14 2.79E-14 3.14E-14
 1.00E-74 1.00E-74 1.00E-74 1.00E-74 2.86E-45 3.71E-26 7.61E-20 8.90E-18
 9.24E-17 9.09E-16 5.22E-15 1.72E-14 2.79E-14 3.14E-14
 1.00E-74 1.00E-74 1.00E-74 1.00E-74 2.43E-45 3.71E-26 7.61E-20 8.90E-18
 9.24E-17 9.09E-16 5.22E-15 1.72E-14 2.79E-14 3.14E-14
 1.00E-74 1.00E-74 1.00E-74 1.00E-74 2.46E-45 3.71E-26 7.61E-20 8.90E-18
 9.24E-17 9.09E-16 5.22E-15 1.72E-14 2.79E-14 3.14E-14
 1.00E-74 1.00E-74 1.00E-74 1.00E-74 2.46E-45 3.71E-26 7.61E-20 8.90E-18
 9.24E-17 9.09E-16 5.22E-15 1.72E-14 2.79E-14 3.14E-14
 1.00E-74 1.00E-74 1.00E-74 1.00E-74 2.46E-45 3.71E-26 7.62E-20 8.90E-18
 9.24E-17 9.09E-16 5.22E-15 1.72E-14 2.79E-14 3.14E-14
  14.9016    7  14 /pl=01:ss=17:pb= 1:sz=17/type=excit/ispb = t/isel =   23
 1.00E+10 1.00E+11 1.00E+12 1.00E+13 1.00E+14 1.00E+15 1.00E+16
 5.58E+00 8.38E+00 1.40E+01 2.79E+01 5.58E+01 1.40E+02 2.79E+02 4.19E+02
 5.58E+02 8.38E+02 1.40E+03 2.79E+03 5.58E+03 8.38E+03
 1.00E-74 1.00E-74 1.00E-74 1.00E-74 1.00E-74 1.47E-26 2.98E-20 3.47E-18
 3.59E-17 3.52E-16 2.00E-15 6.43E-15 9.98E-15 1.08E-14
 1.00E-74 1.00E-74 1.00E-74 1.00E-74 1.00E-74 1.47E-26 2.98E-20 3.47E-18
 3.59E-17 3.52E-16 2.00E-15 6.43E-15 9.98E-15 1.08E-14
 1.00E-74 1.00E-74 1.00E-74 1.00E-74 1.00E-74 1.47E-26 2.98E-20 3.47E-18
 3.59E-17 3.52E-16 2.00E-15 6.43E-15 9.98E-15 1.08E-14
 1.00E-74 1.00E-74 1.00E-74 1.00E-74 1.03E-45 1.47E-26 2.98E-20 3.47E-18
 3.59E-17 3.52E-16 2.00E-15 6.43E-15 9.98E-15 1.08E-14
 1.00E-74 1.00E-74 1.00E-74 1.00E-74 1.00E-45 1.47E-26 2.98E-20 3.47E-18
 3.59E-17 3.52E-16 2.00E-15 6.43E-15 9.98E-15 1.08E-14
 1.00E-74 1.00E-74 1.00E-74 1.00E-74 9.90E-46 1.47E-26 2.98E-20 3.47E-18
 3.59E-17 3.52E-16 2.00E-15 6.43E-15 9.98E-15 1.08E-14
 1.00E-74 1.00E-74 1.00E-74 1.00E-74 9.92E-46 1.47E-26 2.99E-20 3.47E-18
 3.59E-17 3.52E-16 2.00E-15 6.43E-15 9.98E-15 1.08E-14
  14.9100    7  14 /pl=01:ss=17:pb= 1:sz=17/type=excit/ispb = t/isel =   24
 1.00E+10 1.00E+11 1.00E+12 1.00E+13 1.00E+14 1.00E+15 1.00E+16
 5.58E+00 8.38E+00 1.40E+01 2.79E+01 5.58E+01 1.40E+02 2.79E+02 4.19E+02
 5.58E+02 8.38E+02 1.40E+03 2.79E+03 5.58E+03 8.38E+03
 1.00E-74 1.00E-74 1.00E-74 1.00E-74 1.00E-74 1.87E-26 3.82E-20 4.45E-18
 4.63E-17 4.55E-16 2.61E-15 8.59E-15 1.40E-14 1.57E-14
 1.00E-74 1.00E-74 1.00E-74 1.00E-74 1.00E-74 1.87E-26 3.82E-20 4.45E-18
 4.63E-17 4.55E-16 2.61E-15 8.59E-15 1.40E-14 1.57E-14
 1.00E-74 1.00E-74 1.00E-74 1.00E-74 1.43E-45 1.87E-26 3.82E-20 4.45E-18
 4.63E-17 4.55E-16 2.61E-15 8.59E-15 1.40E-14 1.57E-14
 1.00E-74 1.00E-74 1.00E-74 1.00E-74 1.29E-45 1.87E-26 3.82E-20 4.45E-18
 4.63E-17 4.55E-16 2.61E-15 8.59E-15 1.40E-14 1.57E-14
 1.00E-74 1.00E-74 1.00E-74 1.00E-74 1.24E-45 1.87E-26 3.82E-20 4.45E-18
 4.63E-17 4.55E-16 2.61E-15 8.59E-15 1.40E-14 1.57E-14
 1.00E-74 1.00E-74 1.00E-74 1.00E-74 1.24E-45 1.87E-26 3.82E-20 4.45E-18
 4.63E-17 4.55E-16 2.61E-15 8.59E-15 1.40E-14 1.57E-14
 1.00E-74 1.00E-74 1.00E-74 1.00E-74 1.25E-45 1.87E-26 3.82E-20 4.45E-18
 4.63E-17 4.55E-16 2.61E-15 8.59E-15 1.40E-14 1.57E-14
  14.9124    7  14 /pl=01:ss=17:pb= 1:sz=17/type=excit/ispb = t/isel =   25
 1.00E+10 1.00E+11 1.00E+12 1.00E+13 1.00E+14 1.00E+15 1.00E+16
 5.58E+00 8.38E+00 1.40E+01 2.79E+01 5.58E+01 1.40E+02 2.79E+02 4.19E+02
 5.58E+02 8.38E+02 1.40E+03 2.79E+03 5.58E+03 8.38E+03
 1.00E-74 1.00E-74 1.00E-74 1.00E-74 1.00E-74 1.50E-26 3.10E-20 3.62E-18
 3.75E-17 3.67E-16 2.09E-15 6.64E-15 1.01E-14 1.08E-14
 1.00E-74 1.00E-74 1.00E-74 1.00E-74 1.33E-45 1.50E-26 3.10E-20 3.62E-18
 3.75E-17 3.67E-16 2.09E-15 6.64E-15 1.01E-14 1.08E-14
 1.00E-74 1.00E-74 1.00E-74 1.00E-74 9.32E-46 1.50E-26 3.10E-20 3.62E-18
 3.75E-17 3.67E-16 2.09E-15 6.64E-15 1.01E-14 1.08E-14
 1.00E-74 1.00E-74 1.00E-74 1.00E-74 9.85E-46 1.50E-26 3.10E-20 3.62E-18
 3.75E-17 3.67E-16 2.09E-15 6.64E-15 1.01E-14 1.08E-14
 1.00E-74 1.00E-74 1.00E-74 1.00E-74 9.90E-46 1.50E-26 3.10E-20 3.62E-18
 3.75E-17 3.67E-16 2.09E-15 6.64E-15 1.01E-14 1.08E-14
 1.00E-74 1.00E-74 1.00E-74 1.00E-74 9.90E-46 1.50E-26 3.10E-20 3.62E-18
 3.75E-17 3.67E-16 2.08E-15 6.64E-15 1.01E-14 1.08E-14
 1.00E-74 1.00E-74 1.00E-74 1.00E-74 9.86E-46 1.49E-26 3.09E-20 3.61E-18
 3.74E-17 3.66E-16 2.08E-15 6.63E-15 1.01E-14 1.08E-14
  14.9807    7  14 /pl=01:ss=17:pb= 1:sz=17/type=excit/ispb = t/isel =   26
 1.00E+10 1.00E+11 1.00E+12 1.00E+13 1.00E+14 1.00E+15 1.00E+16
 5.58E+00 8.38E+00 1.40E+01 2.79E+01 5.58E+01 1.40E+02 2.79E+02 4.19E+02
 5.58E+02 8.38E+02 1.40E+03 2.79E+03 5.58E+03 8.38E+03
 1.00E-74 1.00E-74 1.00E-74 1.00E-74 1.00E-74 2.63E-26 5.35E-20 6.22E-18
 6.44E-17 6.31E-16 3.59E-15 1.15E-14 1.79E-14 1.94E-14
 1.00E-74 1.00E-74 1.00E-74 1.00E-74 1.00E-74 2.63E-26 5.35E-20 6.22E-18
 6.44E-17 6.31E-16 3.59E-15 1.15E-14 1.79E-14 1.94E-14
 1.00E-74 1.00E-74 1.00E-74 1.00E-74 3.03E-45 2.63E-26 5.35E-20 6.22E-18
 6.44E-17 6.31E-16 3.59E-15 1.15E-14 1.79E-14 1.94E-14
 1.00E-74 1.00E-74 1.00E-74 1.00E-74 1.82E-45 2.63E-26 5.35E-20 6.22E-18
 6.44E-17 6.31E-16 3.59E-15 1.15E-14 1.79E-14 1.94E-14
 1.00E-74 1.00E-74 1.00E-74 1.00E-74 1.79E-45 2.63E-26 5.35E-20 6.22E-18
 6.44E-17 6.31E-16 3.59E-15 1.15E-14 1.79E-14 1.94E-14
 1.00E-74 1.00E-74 1.00E-74 1.00E-74 1.77E-45 2.63E-26 5.35E-20 6.22E-18
 6.44E-17 6.31E-16 3.59E-15 1.15E-14 1.79E-14 1.94E-14
 1.00E-74 1.00E-74 1.00E-74 1.00E-74 1.77E-45 2.64E-26 5.35E-20 6.23E-18
 6.44E-17 6.31E-16 3.59E-15 1.15E-14 1.79E-14 1.94E-14
  14.9841    7  14 /pl=01:ss=17:pb= 1:sz=17/type=excit/ispb = t/isel =   27
 1.00E+10 1.00E+11 1.00E+12 1.00E+13 1.00E+14 1.00E+15 1.00E+16
 5.58E+00 8.38E+00 1.40E+01 2.79E+01 5.58E+01 1.40E+02 2.79E+02 4.19E+02
 5.58E+02 8.38E+02 1.40E+03 2.79E+03 5.58E+03 8.38E+03
 1.00E-74 1.00E-74 1.00E-74 1.00E-74 1.00E-74 2.89E-27 5.87E-21 6.83E-19
 7.06E-18 6.92E-17 3.94E-16 1.26E-15 1.96E-15 2.12E-15
 1.00E-74 1.00E-74 1.00E-74 1.00E-74 1.00E-74 2.89E-27 5.87E-21 6.83E-19
 7.06E-18 6.92E-17 3.94E-16 1.26E-15 1.96E-15 2.12E-15
 1.00E-74 1.00E-74 1.00E-74 1.00E-74 1.00E-74 2.89E-27 5.87E-21 6.83E-19
 7.06E-18 6.92E-17 3.94E-16 1.26E-15 1.96E-15 2.12E-15
 1.00E-74 1.00E-74 1.00E-74 1.00E-74 2.02E-46 2.89E-27 5.87E-21 6.83E-19
 7.06E-18 6.92E-17 3.94E-16 1.26E-15 1.96E-15 2.12E-15
 1.00E-74 1.00E-74 1.00E-74 1.00E-74 1.97E-46 2.89E-27 5.87E-21 6.83E-19
 7.06E-18 6.92E-17 3.94E-16 1.26E-15 1.96E-15 2.12E-15
 1.00E-74 1.00E-74 1.00E-74 1.00E-74 1.95E-46 2.89E-27 5.87E-21 6.83E-19
 7.06E-18 6.92E-17 3.94E-16 1.26E-15 1.96E-15 2.12E-15
 1.00E-74 1.00E-74 1.00E-74 1.00E-74 1.95E-46 2.89E-27 5.88E-21 6.83E-19
 7.07E-18 6.92E-17 3.94E-16 1.26E-15 1.96E-15 2.12E-15
  14.9951    7  14 /pl=01:ss=17:pb= 1:sz=17/type=excit/ispb = t/isel =   28
 1.00E+10 1.00E+11 1.00E+12 1.00E+13 1.00E+14 1.00E+15 1.00E+16
 5.58E+00 8.38E+00 1.40E+01 2.79E+01 5.58E+01 1.40E+02 2.79E+02 4.19E+02
 5.58E+02 8.38E+02 1.40E+03 2.79E+03 5.58E+03 8.38E+03
 1.00E-74 1.00E-74 1.00E-74 1.00E-74 1.00E-74 2.95E-26 6.10E-20 7.12E-18
 7.38E-17 7.22E-16 4.10E-15 1.31E-14 1.99E-14 2.13E-14
 1.00E-74 1.00E-74 1.00E-74 1.00E-74 2.62E-45 2.95E-26 6.10E-20 7.12E-18
 7.38E-17 7.22E-16 4.10E-15 1.31E-14 1.99E-14 2.13E-14
 1.00E-74 1.00E-74 1.00E-74 1.00E-74 1.83E-45 2.95E-26 6.10E-20 7.12E-18
 7.38E-17 7.22E-16 4.10E-15 1.31E-14 1.99E-14 2.13E-14
 1.00E-74 1.00E-74 1.00E-74 1.00E-74 1.94E-45 2.95E-26 6.10E-20 7.12E-18
 7.38E-17 7.22E-16 4.10E-15 1.31E-14 1.99E-14 2.13E-14
 1.00E-74 1.00E-74 1.00E-74 1.00E-74 1.95E-45 2.95E-26 6.10E-20 7.12E-18
 7.38E-17 7.22E-16 4.10E-15 1.31E-14 1.99E-14 2.13E-14
 1.00E-74 1.00E-74 1.00E-74 1.00E-74 1.95E-45 2.95E-26 6.10E-20 7.12E-18
 7.38E-17 7.22E-16 4.10E-15 1.31E-14 1.99E-14 2.13E-14
 1.00E-74 1.00E-74 1.00E-74 1.00E-74 1.94E-45 2.94E-26 6.08E-20 7.11E-18
 7.37E-17 7.21E-16 4.10E-15 1.30E-14 1.99E-14 2.13E-14
  20.0787    7  14 /pl=01:ss=17:pb= 1:sz=17/type=excit/ispb = t/isel =   29
 1.00E+10 1.00E+11 1.00E+12 1.00E+13 1.00E+14 1.00E+15 1.00E+16
 5.58E+00 8.38E+00 1.40E+01 2.79E+01 5.58E+01 1.40E+02 2.79E+02 4.19E+02
 5.58E+02 8.38E+02 1.40E+03 2.79E+03 5.58E+03 8.38E+03
 1.00E-74 1.00E-74 1.00E-74 1.00E-74 3.32E-43 4.63E-25 4.44E-19 4.04E-17
 3.69E-16 3.21E-15 1.67E-14 5.16E-14 8.15E-14 9.09E-14
 1.00E-74 1.00E-74 1.00E-74 1.00E-74 2.99E-43 4.63E-25 4.44E-19 4.04E-17
 3.69E-16 3.21E-15 1.67E-14 5.16E-14 8.15E-14 9.09E-14
 1.00E-74 1.00E-74 1.00E-74 1.00E-74 3.09E-43 4.63E-25 4.44E-19 4.04E-17
 3.69E-16 3.21E-15 1.67E-14 5.16E-14 8.15E-14 9.09E-14
 1.00E-74 1.00E-74 1.00E-74 1.00E-74 3.08E-43 4.63E-25 4.44E-19 4.04E-17
 3.69E-16 3.21E-15 1.67E-14 5.16E-14 8.15E-14 9.09E-14
 1.00E-74 1.00E-74 1.00E-74 1.00E-74 3.08E-43 4.63E-25 4.44E-19 4.04E-17
 3.69E-16 3.21E-15 1.67E-14 5.16E-14 8.15E-14 9.09E-14
 1.00E-74 1.00E-74 1.00E-74 1.00E-74 3.08E-43 4.63E-25 4.44E-19 4.04E-17
 3.69E-16 3.21E-15 1.67E-14 5.16E-14 8.15E-14 9.09E-14
 1.00E-74 1.00E-74 1.00E-74 1.00E-74 3.08E-43 4.63E-25 4.44E-19 4.04E-17
 3.69E-16 3.21E-15 1.67E-14 5.16E-14 8.15E-14 9.09E-14
  20.0816    7  14 /pl=01:ss=17:pb= 1:sz=17/type=excit/ispb = t/isel =   30
 1.00E+10 1.00E+11 1.00E+12 1.00E+13 1.00E+14 1.00E+15 1.00E+16
 5.58E+00 8.38E+00 1.40E+01 2.79E+01 5.58E+01 1.40E+02 2.79E+02 4.19E+02
 5.58E+02 8.38E+02 1.40E+03 2.79E+03 5.58E+03 8.38E+03
 1.00E-74 1.00E-74 1.00E-74 1.00E-74 1.00E-74 2.23E-25 2.08E-19 1.87E-17
 1.70E-16 1.47E-15 7.56E-15 2.27E-14 3.38E-14 3.62E-14
 1.00E-74 1.00E-74 1.00E-74 1.00E-74 1.61E-43 2.23E-25 2.08E-19 1.87E-17
 1.70E-16 1.47E-15 7.56E-15 2.27E-14 3.38E-14 3.62E-14
 1.00E-74 1.00E-74 1.00E-74 1.00E-74 1.53E-43 2.23E-25 2.08E-19 1.87E-17
 1.70E-16 1.47E-15 7.56E-15 2.27E-14 3.38E-14 3.62E-14
 1.00E-74 1.00E-74 1.00E-74 1.00E-74 1.55E-43 2.23E-25 2.08E-19 1.87E-17
 1.70E-16 1.47E-15 7.56E-15 2.27E-14 3.38E-14 3.62E-14
 1.00E-74 1.00E-74 1.00E-74 1.00E-74 1.55E-43 2.23E-25 2.08E-19 1.87E-17
 1.70E-16 1.47E-15 7.56E-15 2.27E-14 3.38E-14 3.62E-14
 1.00E-74 1.00E-74 1.00E-74 1.00E-74 1.55E-43 2.23E-25 2.08E-19 1.87E-17
 1.70E-16 1.47E-15 7.56E-15 2.27E-14 3.38E-14 3.62E-14
 1.00E-74 1.00E-74 1.00E-74 1.00E-74 1.55E-43 2.23E-25 2.08E-19 1.87E-17
 1.70E-16 1.47E-15 7.56E-15 2.27E-14 3.38E-14 3.62E-14
  20.1230    7  14 /pl=01:ss=17:pb= 1:sz=17/type=excit/ispb = t/isel =   31
 1.00E+10 1.00E+11 1.00E+12 1.00E+13 1.00E+14 1.00E+15 1.00E+16
 5.58E+00 8.38E+00 1.40E+01 2.79E+01 5.58E+01 1.40E+02 2.79E+02 4.19E+02
 5.58E+02 8.38E+02 1.40E+03 2.79E+03 5.58E+03 8.38E+03
 1.00E-74 1.00E-74 1.00E-74 1.00E-74 1.00E-74 2.33E-25 2.22E-19 2.01E-17
 1.85E-16 1.61E-15 8.39E-15 2.56E-14 4.05E-14 4.53E-14
 1.00E-74 1.00E-74 1.00E-74 1.00E-74 1.65E-43 2.33E-25 2.22E-19 2.01E-17
 1.85E-16 1.61E-15 8.39E-15 2.56E-14 4.05E-14 4.53E-14
 1.00E-74 1.00E-74 1.00E-74 1.00E-74 1.59E-43 2.33E-25 2.22E-19 2.01E-17
 1.85E-16 1.61E-15 8.39E-15 2.56E-14 4.05E-14 4.53E-14
 1.00E-74 1.00E-74 1.00E-74 1.00E-74 1.58E-43 2.33E-25 2.22E-19 2.01E-17
 1.85E-16 1.61E-15 8.39E-15 2.56E-14 4.05E-14 4.53E-14
 1.00E-74 1.00E-74 1.00E-74 1.00E-74 1.58E-43 2.33E-25 2.22E-19 2.01E-17
 1.85E-16 1.61E-15 8.39E-15 2.56E-14 4.05E-14 4.53E-14
 1.00E-74 1.00E-74 1.00E-74 1.00E-74 1.58E-43 2.33E-25 2.22E-19 2.01E-17
 1.85E-16 1.61E-15 8.39E-15 2.56E-14 4.05E-14 4.53E-14
 1.00E-74 1.00E-74 1.00E-74 1.00E-74 1.58E-43 2.33E-25 2.22E-19 2.01E-17
 1.85E-16 1.61E-15 8.39E-15 2.56E-14 4.05E-14 4.53E-14
  20.1281    7  14 /pl=01:ss=17:pb= 1:sz=17/type=excit/ispb = t/isel =   32
 1.00E+10 1.00E+11 1.00E+12 1.00E+13 1.00E+14 1.00E+15 1.00E+16
 5.58E+00 8.38E+00 1.40E+01 2.79E+01 5.58E+01 1.40E+02 2.79E+02 4.19E+02
 5.58E+02 8.38E+02 1.40E+03 2.79E+03 5.58E+03 8.38E+03
 1.00E-74 1.00E-74 1.00E-74 1.00E-74 2.30E-43 3.25E-25 3.14E-19 2.88E-17
 2.65E-16 2.31E-15 1.20E-14 3.57E-14 5.29E-14 5.60E-14
 1.00E-74 1.00E-74 1.00E-74 1.00E-74 2.20E-43 3.25E-25 3.14E-19 2.88E-17
 2.65E-16 2.31E-15 1.20E-14 3.57E-14 5.29E-14 5.60E-14
 1.00E-74 1.00E-74 1.00E-74 1.00E-74 2.19E-43 3.25E-25 3.14E-19 2.88E-17
 2.65E-16 2.31E-15 1.20E-14 3.57E-14 5.29E-14 5.60E-14
 1.00E-74 1.00E-74 1.00E-74 1.00E-74 2.19E-43 3.25E-25 3.14E-19 2.88E-17
 2.65E-16 2.31E-15 1.20E-14 3.57E-14 5.29E-14 5.60E-14
 1.00E-74 1.00E-74 1.00E-74 1.00E-74 2.19E-43 3.25E-25 3.14E-19 2.88E-17
 2.65E-16 2.31E-15 1.20E-14 3.57E-14 5.29E-14 5.60E-14
 1.00E-74 1.00E-74 1.00E-74 1.00E-74 2.19E-43 3.25E-25 3.14E-19 2.88E-17
 2.65E-16 2.31E-15 1.20E-14 3.57E-14 5.29E-14 5.60E-14
 1.00E-74 1.00E-74 1.00E-74 1.00E-74 2.19E-43 3.25E-25 3.14E-19 2.88E-17
 2.65E-16 2.31E-15 1.20E-14 3.57E-14 5.29E-14 5.60E-14
  20.2169    7  14 /pl=01:ss=17:pb= 1:sz=17/type=excit/ispb = t/isel =   33
 1.00E+10 1.00E+11 1.00E+12 1.00E+13 1.00E+14 1.00E+15 1.00E+16
 5.58E+00 8.38E+00 1.40E+01 2.79E+01 5.58E+01 1.40E+02 2.79E+02 4.19E+02
 5.58E+02 8.38E+02 1.40E+03 2.79E+03 5.58E+03 8.38E+03
 1.00E-74 1.00E-74 1.00E-74 1.00E-74 1.00E-74 3.99E-25 3.73E-19 3.36E-17
 3.05E-16 2.63E-15 1.36E-14 4.07E-14 6.08E-14 6.50E-14
 1.00E-74 1.00E-74 1.00E-74 1.00E-74 2.85E-43 3.99E-25 3.73E-19 3.36E-17
 3.05E-16 2.63E-15 1.36E-14 4.07E-14 6.08E-14 6.50E-14
 1.00E-74 1.00E-74 1.00E-74 1.00E-74 2.76E-43 3.99E-25 3.73E-19 3.36E-17
 3.05E-16 2.63E-15 1.36E-14 4.07E-14 6.08E-14 6.50E-14
 1.00E-74 1.00E-74 1.00E-74 1.00E-74 2.76E-43 3.99E-25 3.73E-19 3.36E-17
 3.05E-16 2.63E-15 1.36E-14 4.07E-14 6.08E-14 6.50E-14
 1.00E-74 1.00E-74 1.00E-74 1.00E-74 2.77E-43 3.99E-25 3.73E-19 3.36E-17
 3.05E-16 2.63E-15 1.36E-14 4.07E-14 6.08E-14 6.50E-14
 1.00E-74 1.00E-74 1.00E-74 1.00E-74 2.77E-43 3.99E-25 3.73E-19 3.36E-17
 3.05E-16 2.63E-15 1.36E-14 4.07E-14 6.08E-14 6.50E-14
 1.00E-74 1.00E-74 1.00E-74 1.00E-74 2.77E-43 3.99E-25 3.73E-19 3.36E-17
 3.05E-16 2.63E-15 1.36E-14 4.07E-14 6.08E-14 6.50E-14
  20.2317    7  14 /pl=01:ss=17:pb= 1:sz=17/type=excit/ispb = t/isel =   34
 1.00E+10 1.00E+11 1.00E+12 1.00E+13 1.00E+14 1.00E+15 1.00E+16
 5.58E+00 8.38E+00 1.40E+01 2.79E+01 5.58E+01 1.40E+02 2.79E+02 4.19E+02
 5.58E+02 8.38E+02 1.40E+03 2.79E+03 5.58E+03 8.38E+03
 1.00E-74 1.00E-74 1.00E-74 1.00E-74 1.00E-74 4.37E-26 4.09E-20 3.67E-18
 3.34E-17 2.89E-16 1.48E-15 4.45E-15 6.63E-15 7.11E-15
 1.00E-74 1.00E-74 1.00E-74 1.00E-74 3.17E-44 4.37E-26 4.09E-20 3.67E-18
 3.34E-17 2.89E-16 1.48E-15 4.45E-15 6.63E-15 7.11E-15
 1.00E-74 1.00E-74 1.00E-74 1.00E-74 3.01E-44 4.37E-26 4.09E-20 3.67E-18
 3.34E-17 2.89E-16 1.48E-15 4.45E-15 6.63E-15 7.11E-15
 1.00E-74 1.00E-74 1.00E-74 1.00E-74 3.04E-44 4.37E-26 4.09E-20 3.67E-18
 3.34E-17 2.89E-16 1.48E-15 4.45E-15 6.63E-15 7.11E-15
 1.00E-74 1.00E-74 1.00E-74 1.00E-74 3.05E-44 4.37E-26 4.09E-20 3.67E-18
 3.34E-17 2.89E-16 1.48E-15 4.45E-15 6.63E-15 7.11E-15
 1.00E-74 1.00E-74 1.00E-74 1.00E-74 3.04E-44 4.37E-26 4.09E-20 3.67E-18
 3.34E-17 2.89E-16 1.48E-15 4.45E-15 6.63E-15 7.11E-15
 1.00E-74 1.00E-74 1.00E-74 1.00E-74 3.05E-44 4.37E-26 4.09E-20 3.67E-18
 3.34E-17 2.89E-16 1.48E-15 4.45E-15 6.63E-15 7.11E-15
  20.2790    7  14 /pl=01:ss=17:pb= 1:sz=17/type=excit/ispb = t/isel =   35
 1.00E+10 1.00E+11 1.00E+12 1.00E+13 1.00E+14 1.00E+15 1.00E+16
 5.58E+00 8.38E+00 1.40E+01 2.79E+01 5.58E+01 1.40E+02 2.79E+02 4.19E+02
 5.58E+02 8.38E+02 1.40E+03 2.79E+03 5.58E+03 8.38E+03
 1.00E-74 1.00E-74 1.00E-74 1.00E-74 4.49E-43 6.36E-25 6.15E-19 5.63E-17
 5.19E-16 4.52E-15 2.34E-14 6.98E-14 1.03E-13 1.10E-13
 1.00E-74 1.00E-74 1.00E-74 1.00E-74 4.30E-43 6.36E-25 6.15E-19 5.63E-17
 5.19E-16 4.52E-15 2.34E-14 6.98E-14 1.03E-13 1.10E-13
 1.00E-74 1.00E-74 1.00E-74 1.00E-74 4.28E-43 6.36E-25 6.15E-19 5.63E-17
 5.19E-16 4.52E-15 2.34E-14 6.98E-14 1.03E-13 1.10E-13
 1.00E-74 1.00E-74 1.00E-74 1.00E-74 4.28E-43 6.36E-25 6.15E-19 5.63E-17
 5.19E-16 4.52E-15 2.34E-14 6.98E-14 1.03E-13 1.10E-13
 1.00E-74 1.00E-74 1.00E-74 1.00E-74 4.28E-43 6.36E-25 6.15E-19 5.63E-17
 5.19E-16 4.52E-15 2.34E-14 6.98E-14 1.03E-13 1.10E-13
 1.00E-74 1.00E-74 1.00E-74 1.00E-74 4.28E-43 6.36E-25 6.15E-19 5.63E-17
 5.19E-16 4.52E-15 2.34E-14 6.98E-14 1.03E-13 1.10E-13
 1.00E-74 1.00E-74 1.00E-74 1.00E-74 4.28E-43 6.35E-25 6.15E-19 5.63E-17
 5.18E-16 4.52E-15 2.34E-14 6.98E-14 1.03E-13 1.10E-13
  33.5691    7  14 /pl=01:ss=17:pb= 1:sz=17/type=excit/ispb = t/isel =   36
 1.00E+10 1.00E+11 1.00E+12 1.00E+13 1.00E+14 1.00E+15 1.00E+16
 5.58E+00 8.38E+00 1.40E+01 2.79E+01 5.58E+01 1.40E+02 2.79E+02 4.19E+02
 5.58E+02 8.38E+02 1.40E+03 2.79E+03 5.58E+03 8.38E+03
 1.00E-74 1.00E-74 1.00E-74 1.00E-74 1.00E-74 1.07E-27 3.79E-21 5.28E-19
 6.00E-18 6.43E-17 3.97E-16 1.38E-15 2.28E-15 2.59E-15
 1.00E-74 1.00E-74 1.00E-74 1.00E-74 1.00E-74 1.07E-27 3.79E-21 5.28E-19
 6.00E-18 6.43E-17 3.97E-16 1.38E-15 2.28E-15 2.59E-15
 1.00E-74 1.00E-74 1.00E-74 1.00E-74 1.00E-74 1.07E-27 3.79E-21 5.28E-19
 6.00E-18 6.43E-17 3.97E-16 1.38E-15 2.28E-15 2.59E-15
 1.00E-74 1.00E-74 1.00E-74 1.00E-74 1.40E-47 1.07E-27 3.79E-21 5.28E-19
 6.00E-18 6.43E-17 3.97E-16 1.38E-15 2.28E-15 2.59E-15
 1.00E-74 1.00E-74 1.00E-74 1.00E-74 1.40E-47 1.07E-27 3.79E-21 5.28E-19
 6.00E-18 6.43E-17 3.97E-16 1.38E-15 2.28E-15 2.59E-15
 1.00E-74 1.00E-74 1.00E-74 1.00E-74 1.39E-47 1.07E-27 3.79E-21 5.28E-19
 6.00E-18 6.43E-17 3.97E-16 1.38E-15 2.28E-15 2.59E-15
 1.00E-74 1.00E-74 1.00E-74 1.00E-74 1.39E-47 1.08E-27 3.80E-21 5.29E-19
 6.01E-18 6.45E-17 3.98E-16 1.38E-15 2.29E-15 2.59E-15
  33.7124    7  14 /pl=01:ss=17:pb= 1:sz=17/type=excit/ispb = t/isel =   37
 1.00E+10 1.00E+11 1.00E+12 1.00E+13 1.00E+14 1.00E+15 1.00E+16
 5.58E+00 8.38E+00 1.40E+01 2.79E+01 5.58E+01 1.40E+02 2.79E+02 4.19E+02
 5.58E+02 8.38E+02 1.40E+03 2.79E+03 5.58E+03 8.38E+03
 1.00E-74 1.00E-74 1.00E-74 1.00E-74 1.00E-74 1.19E-27 4.17E-21 5.81E-19
 6.58E-18 7.03E-17 4.27E-16 1.43E-15 2.22E-15 2.37E-15
 1.00E-74 1.00E-74 1.00E-74 1.00E-74 1.00E-74 1.19E-27 4.17E-21 5.81E-19
 6.58E-18 7.03E-17 4.27E-16 1.43E-15 2.22E-15 2.37E-15
 1.00E-74 1.00E-74 1.00E-74 1.00E-74 1.00E-74 1.19E-27 4.17E-21 5.81E-19
 6.58E-18 7.03E-17 4.27E-16 1.43E-15 2.22E-15 2.37E-15
 1.00E-74 1.00E-74 1.00E-74 1.00E-74 1.53E-47 1.19E-27 4.17E-21 5.81E-19
 6.58E-18 7.03E-17 4.27E-16 1.43E-15 2.22E-15 2.37E-15
 1.00E-74 1.00E-74 1.00E-74 1.00E-74 1.53E-47 1.19E-27 4.17E-21 5.80E-19
 6.58E-18 7.03E-17 4.27E-16 1.43E-15 2.22E-15 2.37E-15
 1.00E-74 1.00E-74 1.00E-74 1.00E-74 1.53E-47 1.19E-27 4.16E-21 5.80E-19
 6.57E-18 7.02E-17 4.27E-16 1.43E-15 2.21E-15 2.37E-15
 1.00E-74 1.00E-74 1.00E-74 1.00E-74 1.49E-47 1.16E-27 4.10E-21 5.72E-19
 6.49E-18 6.95E-17 4.23E-16 1.42E-15 2.20E-15 2.36E-15
  39.3128    7  14 /pl=01:ss=17:pb= 1:sz=17/type=excit/ispb = t/isel =   38
 1.00E+10 1.00E+11 1.00E+12 1.00E+13 1.00E+14 1.00E+15 1.00E+16
 5.58E+00 8.38E+00 1.40E+01 2.79E+01 5.58E+01 1.40E+02 2.79E+02 4.19E+02
 5.58E+02 8.38E+02 1.40E+03 2.79E+03 5.58E+03 8.38E+03
 1.00E-74 1.00E-74 1.00E-74 1.00E-74 1.00E-74 2.86E-27 8.30E-21 1.09E-18
 1.20E-17 1.25E-16 7.50E-16 2.55E-15 4.21E-15 4.74E-15
 1.00E-74 1.00E-74 1.00E-74 1.00E-74 1.00E-74 2.86E-27 8.30E-21 1.09E-18
 1.20E-17 1.25E-16 7.50E-16 2.55E-15 4.21E-15 4.74E-15
 1.00E-74 1.00E-74 1.00E-74 1.00E-74 1.00E-74 2.86E-27 8.30E-21 1.09E-18
 1.20E-17 1.25E-16 7.50E-16 2.55E-15 4.21E-15 4.74E-15
 1.00E-74 1.00E-74 1.00E-74 1.00E-74 7.23E-47 2.86E-27 8.30E-21 1.09E-18
 1.20E-17 1.25E-16 7.50E-16 2.55E-15 4.21E-15 4.74E-15
 1.00E-74 1.00E-74 1.00E-74 1.00E-74 6.51E-47 2.86E-27 8.30E-21 1.09E-18
 1.20E-17 1.25E-16 7.50E-16 2.55E-15 4.21E-15 4.74E-15
 1.00E-74 1.00E-74 1.00E-74 1.00E-74 6.53E-47 2.86E-27 8.30E-21 1.09E-18
 1.20E-17 1.25E-16 7.50E-16 2.55E-15 4.21E-15 4.74E-15
 1.00E-74 1.00E-74 1.00E-74 1.00E-74 6.55E-47 2.86E-27 8.31E-21 1.09E-18
 1.20E-17 1.25E-16 7.50E-16 2.55E-15 4.21E-15 4.74E-15
  39.3494    7  14 /pl=01:ss=17:pb= 1:sz=17/type=excit/ispb = t/isel =   39
 1.00E+10 1.00E+11 1.00E+12 1.00E+13 1.00E+14 1.00E+15 1.00E+16
 5.58E+00 8.38E+00 1.40E+01 2.79E+01 5.58E+01 1.40E+02 2.79E+02 4.19E+02
 5.58E+02 8.38E+02 1.40E+03 2.79E+03 5.58E+03 8.38E+03
 1.00E-74 1.00E-74 1.00E-74 1.00E-74 1.00E-74 1.43E-27 4.16E-21 5.46E-19
 5.99E-18 6.25E-17 3.75E-16 1.28E-15 2.10E-15 2.37E-15
 1.00E-74 1.00E-74 1.00E-74 1.00E-74 1.00E-74 1.43E-27 4.16E-21 5.46E-19
 5.99E-18 6.25E-17 3.75E-16 1.28E-15 2.10E-15 2.37E-15
 1.00E-74 1.00E-74 1.00E-74 1.00E-74 1.00E-74 1.43E-27 4.16E-21 5.46E-19
 5.99E-18 6.25E-17 3.75E-16 1.28E-15 2.10E-15 2.37E-15
 1.00E-74 1.00E-74 1.00E-74 1.00E-74 2.41E-47 1.43E-27 4.16E-21 5.46E-19
 5.99E-18 6.25E-17 3.75E-16 1.28E-15 2.10E-15 2.37E-15
 1.00E-74 1.00E-74 1.00E-74 1.00E-74 3.37E-47 1.43E-27 4.16E-21 5.46E-19
 5.99E-18 6.25E-17 3.75E-16 1.28E-15 2.10E-15 2.37E-15
 1.00E-74 1.00E-74 1.00E-74 1.00E-74 3.28E-47 1.43E-27 4.16E-21 5.46E-19
 5.99E-18 6.26E-17 3.75E-16 1.28E-15 2.10E-15 2.37E-15
 1.00E-74 1.00E-74 1.00E-74 1.00E-74 3.30E-47 1.43E-27 4.17E-21 5.47E-19
 6.00E-18 6.26E-17 3.76E-16 1.28E-15 2.10E-15 2.37E-15
  39.3550    7  14 /pl=01:ss=17:pb= 1:sz=17/type=excit/ispb = t/isel =   40
 1.00E+10 1.00E+11 1.00E+12 1.00E+13 1.00E+14 1.00E+15 1.00E+16
 5.58E+00 8.38E+00 1.40E+01 2.79E+01 5.58E+01 1.40E+02 2.79E+02 4.19E+02
 5.58E+02 8.38E+02 1.40E+03 2.79E+03 5.58E+03 8.38E+03
 1.00E-74 1.00E-74 1.00E-74 1.00E-74 1.00E-74 1.90E-27 5.51E-21 7.21E-19
 7.91E-18 8.20E-17 4.86E-16 1.60E-15 2.46E-15 2.63E-15
 1.00E-74 1.00E-74 1.00E-74 1.00E-74 1.00E-74 1.90E-27 5.51E-21 7.21E-19
 7.91E-18 8.20E-17 4.86E-16 1.60E-15 2.46E-15 2.63E-15
 1.00E-74 1.00E-74 1.00E-74 1.00E-74 4.62E-47 1.90E-27 5.51E-21 7.21E-19
 7.91E-18 8.20E-17 4.86E-16 1.60E-15 2.46E-15 2.63E-15
 1.00E-74 1.00E-74 1.00E-74 1.00E-74 4.16E-47 1.90E-27 5.51E-21 7.21E-19
 7.91E-18 8.20E-17 4.86E-16 1.60E-15 2.46E-15 2.63E-15
 1.00E-74 1.00E-74 1.00E-74 1.00E-74 4.35E-47 1.90E-27 5.51E-21 7.21E-19
 7.91E-18 8.20E-17 4.86E-16 1.60E-15 2.46E-15 2.63E-15
 1.00E-74 1.00E-74 1.00E-74 1.00E-74 4.35E-47 1.90E-27 5.51E-21 7.20E-19
 7.91E-18 8.19E-17 4.86E-16 1.60E-15 2.46E-15 2.63E-15
 1.00E-74 1.00E-74 1.00E-74 1.00E-74 4.27E-47 1.87E-27 5.46E-21 7.15E-19
 7.85E-18 8.14E-17 4.84E-16 1.59E-15 2.46E-15 2.63E-15
  39.4745    7  14 /pl=01:ss=17:pb= 1:sz=17/type=excit/ispb = t/isel =   41
 1.00E+10 1.00E+11 1.00E+12 1.00E+13 1.00E+14 1.00E+15 1.00E+16
 5.58E+00 8.38E+00 1.40E+01 2.79E+01 5.58E+01 1.40E+02 2.79E+02 4.19E+02
 5.58E+02 8.38E+02 1.40E+03 2.79E+03 5.58E+03 8.38E+03
 1.00E-74 1.00E-74 1.00E-74 1.00E-74 1.00E-74 2.13E-27 6.16E-21 8.07E-19
 8.85E-18 9.18E-17 5.48E-16 1.82E-15 2.87E-15 3.12E-15
 1.00E-74 1.00E-74 1.00E-74 1.00E-74 1.00E-74 2.13E-27 6.16E-21 8.07E-19
 8.85E-18 9.18E-17 5.48E-16 1.82E-15 2.87E-15 3.12E-15
 1.00E-74 1.00E-74 1.00E-74 1.00E-74 1.00E-74 2.13E-27 6.16E-21 8.07E-19
 8.85E-18 9.18E-17 5.48E-16 1.82E-15 2.87E-15 3.12E-15
 1.00E-74 1.00E-74 1.00E-74 1.00E-74 4.99E-47 2.13E-27 6.16E-21 8.07E-19
 8.85E-18 9.18E-17 5.48E-16 1.82E-15 2.87E-15 3.12E-15
 1.00E-74 1.00E-74 1.00E-74 1.00E-74 4.99E-47 2.13E-27 6.16E-21 8.07E-19
 8.85E-18 9.18E-17 5.48E-16 1.82E-15 2.87E-15 3.12E-15
 1.00E-74 1.00E-74 1.00E-74 1.00E-74 4.94E-47 2.13E-27 6.16E-21 8.07E-19
 8.85E-18 9.19E-17 5.48E-16 1.82E-15 2.88E-15 3.12E-15
 1.00E-74 1.00E-74 1.00E-74 1.00E-74 4.95E-47 2.14E-27 6.18E-21 8.09E-19
 8.87E-18 9.20E-17 5.49E-16 1.82E-15 2.88E-15 3.13E-15
  39.5255    7  14 /pl=01:ss=17:pb= 1:sz=17/type=excit/ispb = t/isel =   42
 1.00E+10 1.00E+11 1.00E+12 1.00E+13 1.00E+14 1.00E+15 1.00E+16
 5.58E+00 8.38E+00 1.40E+01 2.79E+01 5.58E+01 1.40E+02 2.79E+02 4.19E+02
 5.58E+02 8.38E+02 1.40E+03 2.79E+03 5.58E+03 8.38E+03
 1.00E-74 1.00E-74 1.00E-74 1.00E-74 1.00E-74 3.75E-27 1.09E-20 1.42E-18
 1.56E-17 1.62E-16 9.59E-16 3.15E-15 4.86E-15 5.19E-15
 1.00E-74 1.00E-74 1.00E-74 1.00E-74 1.00E-74 3.75E-27 1.09E-20 1.42E-18
 1.56E-17 1.62E-16 9.59E-16 3.15E-15 4.86E-15 5.19E-15
 1.00E-74 1.00E-74 1.00E-74 1.00E-74 9.12E-47 3.75E-27 1.09E-20 1.42E-18
 1.56E-17 1.62E-16 9.59E-16 3.15E-15 4.86E-15 5.19E-15
 1.00E-74 1.00E-74 1.00E-74 1.00E-74 8.21E-47 3.75E-27 1.09E-20 1.42E-18
 1.56E-17 1.62E-16 9.59E-16 3.15E-15 4.86E-15 5.19E-15
 1.00E-74 1.00E-74 1.00E-74 1.00E-74 8.58E-47 3.75E-27 1.09E-20 1.42E-18
 1.56E-17 1.62E-16 9.59E-16 3.15E-15 4.86E-15 5.19E-15
 1.00E-74 1.00E-74 1.00E-74 1.00E-74 8.58E-47 3.74E-27 1.09E-20 1.42E-18
 1.56E-17 1.62E-16 9.59E-16 3.15E-15 4.86E-15 5.19E-15
 1.00E-74 1.00E-74 1.00E-74 1.00E-74 8.43E-47 3.69E-27 1.08E-20 1.41E-18
 1.55E-17 1.61E-16 9.54E-16 3.14E-15 4.85E-15 5.18E-15
  57.3921    7  14 /pl=01:ss=17:pb= 1:sz=17/type=excit/ispb = t/isel =   43
 1.00E+10 1.00E+11 1.00E+12 1.00E+13 1.00E+14 1.00E+15 1.00E+16
 5.58E+00 8.38E+00 1.40E+01 2.79E+01 5.58E+01 1.40E+02 2.79E+02 4.19E+02
 5.58E+02 8.38E+02 1.40E+03 2.79E+03 5.58E+03 8.38E+03
 1.00E-74 1.00E-74 1.00E-74 1.00E-74 1.00E-74 1.18E-26 2.41E-20 2.82E-18
 2.93E-17 2.88E-16 1.65E-15 5.44E-15 8.83E-15 9.93E-15
 1.00E-74 1.00E-74 1.00E-74 1.00E-74 1.00E-74 1.18E-26 2.41E-20 2.82E-18
 2.93E-17 2.88E-16 1.65E-15 5.44E-15 8.83E-15 9.93E-15
 1.00E-74 1.00E-74 1.00E-74 1.00E-74 9.05E-46 1.18E-26 2.41E-20 2.82E-18
 2.93E-17 2.88E-16 1.65E-15 5.44E-15 8.83E-15 9.93E-15
 1.00E-74 1.00E-74 1.00E-74 1.00E-74 7.69E-46 1.18E-26 2.41E-20 2.82E-18
 2.93E-17 2.88E-16 1.65E-15 5.44E-15 8.83E-15 9.93E-15
 1.00E-74 1.00E-74 1.00E-74 1.00E-74 7.79E-46 1.18E-26 2.41E-20 2.82E-18
 2.93E-17 2.88E-16 1.65E-15 5.44E-15 8.83E-15 9.93E-15
 1.00E-74 1.00E-74 1.00E-74 1.00E-74 7.79E-46 1.18E-26 2.41E-20 2.82E-18
 2.93E-17 2.88E-16 1.65E-15 5.44E-15 8.83E-15 9.93E-15
 1.00E-74 1.00E-74 1.00E-74 1.00E-74 7.80E-46 1.18E-26 2.41E-20 2.82E-18
 2.93E-17 2.88E-16 1.65E-15 5.44E-15 8.83E-15 9.93E-15
  57.3981    7  14 /pl=01:ss=17:pb= 1:sz=17/type=excit/ispb = t/isel =   44
 1.00E+10 1.00E+11 1.00E+12 1.00E+13 1.00E+14 1.00E+15 1.00E+16
 5.58E+00 8.38E+00 1.40E+01 2.79E+01 5.58E+01 1.40E+02 2.79E+02 4.19E+02
 5.58E+02 8.38E+02 1.40E+03 2.79E+03 5.58E+03 8.38E+03
 1.00E-74 1.00E-74 1.00E-74 1.00E-74 1.00E-74 5.01E-27 1.02E-20 1.18E-18
 1.22E-17 1.20E-16 6.82E-16 2.19E-15 3.40E-15 3.68E-15
 1.00E-74 1.00E-74 1.00E-74 1.00E-74 1.00E-74 5.01E-27 1.02E-20 1.18E-18
 1.22E-17 1.20E-16 6.82E-16 2.19E-15 3.40E-15 3.68E-15
 1.00E-74 1.00E-74 1.00E-74 1.00E-74 1.00E-74 5.01E-27 1.02E-20 1.18E-18
 1.22E-17 1.20E-16 6.82E-16 2.19E-15 3.40E-15 3.68E-15
 1.00E-74 1.00E-74 1.00E-74 1.00E-74 3.50E-46 5.01E-27 1.02E-20 1.18E-18
 1.22E-17 1.20E-16 6.82E-16 2.19E-15 3.40E-15 3.68E-15
 1.00E-74 1.00E-74 1.00E-74 1.00E-74 3.41E-46 5.01E-27 1.02E-20 1.18E-18
 1.22E-17 1.20E-16 6.82E-16 2.19E-15 3.40E-15 3.68E-15
 1.00E-74 1.00E-74 1.00E-74 1.00E-74 3.38E-46 5.01E-27 1.02E-20 1.18E-18
 1.22E-17 1.20E-16 6.82E-16 2.19E-15 3.40E-15 3.68E-15
 1.00E-74 1.00E-74 1.00E-74 1.00E-74 3.38E-46 5.01E-27 1.02E-20 1.18E-18
 1.22E-17 1.20E-16 6.82E-16 2.19E-15 3.40E-15 3.68E-15
  57.5447    7  14 /pl=01:ss=17:pb= 1:sz=17/type=excit/ispb = t/isel =   45
 1.00E+10 1.00E+11 1.00E+12 1.00E+13 1.00E+14 1.00E+15 1.00E+16
 5.58E+00 8.38E+00 1.40E+01 2.79E+01 5.58E+01 1.40E+02 2.79E+02 4.19E+02
 5.58E+02 8.38E+02 1.40E+03 2.79E+03 5.58E+03 8.38E+03
 1.00E-74 1.00E-74 1.00E-74 1.00E-74 1.00E-74 5.86E-27 1.20E-20 1.40E-18
 1.45E-17 1.43E-16 8.20E-16 2.70E-15 4.38E-15 4.92E-15
 1.00E-74 1.00E-74 1.00E-74 1.00E-74 1.00E-74 5.86E-27 1.20E-20 1.40E-18
 1.45E-17 1.43E-16 8.20E-16 2.70E-15 4.38E-15 4.92E-15
 1.00E-74 1.00E-74 1.00E-74 1.00E-74 4.48E-46 5.86E-27 1.20E-20 1.40E-18
 1.45E-17 1.43E-16 8.20E-16 2.70E-15 4.38E-15 4.92E-15
 1.00E-74 1.00E-74 1.00E-74 1.00E-74 4.04E-46 5.86E-27 1.20E-20 1.40E-18
 1.45E-17 1.43E-16 8.20E-16 2.70E-15 4.38E-15 4.92E-15
 1.00E-74 1.00E-74 1.00E-74 1.00E-74 3.90E-46 5.86E-27 1.20E-20 1.40E-18
 1.45E-17 1.43E-16 8.20E-16 2.70E-15 4.38E-15 4.92E-15
 1.00E-74 1.00E-74 1.00E-74 1.00E-74 3.90E-46 5.86E-27 1.20E-20 1.40E-18
 1.45E-17 1.43E-16 8.20E-16 2.70E-15 4.38E-15 4.92E-15
 1.00E-74 1.00E-74 1.00E-74 1.00E-74 3.91E-46 5.86E-27 1.20E-20 1.40E-18
 1.45E-17 1.43E-16 8.20E-16 2.70E-15 4.38E-15 4.92E-15
  57.5588    7  14 /pl=01:ss=17:pb= 1:sz=17/type=excit/ispb = t/isel =   46
 1.00E+10 1.00E+11 1.00E+12 1.00E+13 1.00E+14 1.00E+15 1.00E+16
 5.58E+00 8.38E+00 1.40E+01 2.79E+01 5.58E+01 1.40E+02 2.79E+02 4.19E+02
 5.58E+02 8.38E+02 1.40E+03 2.79E+03 5.58E+03 8.38E+03
 1.00E-74 1.00E-74 1.00E-74 1.00E-74 1.00E-74 1.06E-26 2.19E-20 2.56E-18
 2.66E-17 2.60E-16 1.48E-15 4.70E-15 7.16E-15 7.66E-15
 1.00E-74 1.00E-74 1.00E-74 1.00E-74 9.43E-46 1.06E-26 2.19E-20 2.56E-18
 2.66E-17 2.60E-16 1.48E-15 4.70E-15 7.16E-15 7.66E-15
 1.00E-74 1.00E-74 1.00E-74 1.00E-74 6.60E-46 1.06E-26 2.19E-20 2.56E-18
 2.66E-17 2.60E-16 1.48E-15 4.70E-15 7.16E-15 7.66E-15
 1.00E-74 1.00E-74 1.00E-74 1.00E-74 6.98E-46 1.06E-26 2.19E-20 2.56E-18
 2.66E-17 2.60E-16 1.48E-15 4.70E-15 7.16E-15 7.66E-15
 1.00E-74 1.00E-74 1.00E-74 1.00E-74 7.02E-46 1.06E-26 2.19E-20 2.56E-18
 2.66E-17 2.60E-16 1.48E-15 4.70E-15 7.16E-15 7.66E-15
 1.00E-74 1.00E-74 1.00E-74 1.00E-74 7.02E-46 1.06E-26 2.19E-20 2.56E-18
 2.66E-17 2.60E-16 1.48E-15 4.70E-15 7.16E-15 7.66E-15
 1.00E-74 1.00E-74 1.00E-74 1.00E-74 6.98E-46 1.06E-26 2.19E-20 2.56E-18
 2.65E-17 2.59E-16 1.48E-15 4.70E-15 7.16E-15 7.65E-15
  57.7106    7  14 /pl=01:ss=17:pb= 1:sz=17/type=excit/ispb = t/isel =   47
 1.00E+10 1.00E+11 1.00E+12 1.00E+13 1.00E+14 1.00E+15 1.00E+16
 5.58E+00 8.38E+00 1.40E+01 2.79E+01 5.58E+01 1.40E+02 2.79E+02 4.19E+02
 5.58E+02 8.38E+02 1.40E+03 2.79E+03 5.58E+03 8.38E+03
 1.00E-74 1.00E-74 1.00E-74 1.00E-74 1.00E-74 8.99E-27 1.82E-20 2.12E-18
 2.20E-17 2.15E-16 1.22E-15 3.93E-15 6.11E-15 6.61E-15
 1.00E-74 1.00E-74 1.00E-74 1.00E-74 1.00E-74 8.99E-27 1.82E-20 2.12E-18
 2.20E-17 2.15E-16 1.22E-15 3.93E-15 6.11E-15 6.61E-15
 1.00E-74 1.00E-74 1.00E-74 1.00E-74 1.03E-45 8.99E-27 1.82E-20 2.12E-18
 2.20E-17 2.15E-16 1.22E-15 3.93E-15 6.11E-15 6.61E-15
 1.00E-74 1.00E-74 1.00E-74 1.00E-74 6.20E-46 8.99E-27 1.82E-20 2.12E-18
 2.20E-17 2.15E-16 1.22E-15 3.93E-15 6.11E-15 6.61E-15
 1.00E-74 1.00E-74 1.00E-74 1.00E-74 6.09E-46 8.99E-27 1.82E-20 2.12E-18
 2.20E-17 2.15E-16 1.22E-15 3.93E-15 6.11E-15 6.61E-15
 1.00E-74 1.00E-74 1.00E-74 1.00E-74 6.04E-46 8.99E-27 1.82E-20 2.12E-18
 2.20E-17 2.15E-16 1.22E-15 3.93E-15 6.11E-15 6.61E-15
 1.00E-74 1.00E-74 1.00E-74 1.00E-74 6.05E-46 8.99E-27 1.83E-20 2.12E-18
 2.20E-17 2.15E-16 1.22E-15 3.94E-15 6.11E-15 6.61E-15
  57.9242    7  14 /pl=01:ss=17:pb= 1:sz=17/type=excit/ispb = t/isel =   48
 1.00E+10 1.00E+11 1.00E+12 1.00E+13 1.00E+14 1.00E+15 1.00E+16
 5.58E+00 8.38E+00 1.40E+01 2.79E+01 5.58E+01 1.40E+02 2.79E+02 4.19E+02
 5.58E+02 8.38E+02 1.40E+03 2.79E+03 5.58E+03 8.38E+03
 1.00E-74 1.00E-74 1.00E-74 1.00E-74 1.00E-74 2.08E-26 4.30E-20 5.03E-18
 5.21E-17 5.10E-16 2.90E-15 9.22E-15 1.40E-14 1.50E-14
 1.00E-74 1.00E-74 1.00E-74 1.00E-74 1.85E-45 2.08E-26 4.30E-20 5.03E-18
 5.21E-17 5.10E-16 2.90E-15 9.22E-15 1.40E-14 1.50E-14
 1.00E-74 1.00E-74 1.00E-74 1.00E-74 1.29E-45 2.08E-26 4.30E-20 5.03E-18
 5.21E-17 5.10E-16 2.90E-15 9.22E-15 1.40E-14 1.50E-14
 1.00E-74 1.00E-74 1.00E-74 1.00E-74 1.37E-45 2.08E-26 4.30E-20 5.03E-18
 5.21E-17 5.10E-16 2.90E-15 9.22E-15 1.40E-14 1.50E-14
 1.00E-74 1.00E-74 1.00E-74 1.00E-74 1.38E-45 2.08E-26 4.30E-20 5.03E-18
 5.21E-17 5.10E-16 2.90E-15 9.22E-15 1.40E-14 1.50E-14
 1.00E-74 1.00E-74 1.00E-74 1.00E-74 1.38E-45 2.08E-26 4.30E-20 5.03E-18
 5.21E-17 5.10E-16 2.90E-15 9.22E-15 1.40E-14 1.50E-14
 1.00E-74 1.00E-74 1.00E-74 1.00E-74 1.37E-45 2.07E-26 4.29E-20 5.02E-18
 5.20E-17 5.09E-16 2.89E-15 9.21E-15 1.40E-14 1.50E-14
  124.062    7  14 /pl=01:ss=17:pb= 1:sz=17/type=excit/ispb = t/isel =   49
 1.00E+10 1.00E+11 1.00E+12 1.00E+13 1.00E+14 1.00E+15 1.00E+16
 5.58E+00 8.38E+00 1.40E+01 2.79E+01 5.58E+01 1.40E+02 2.79E+02 4.19E+02
 5.58E+02 8.38E+02 1.40E+03 2.79E+03 5.58E+03 8.38E+03
 1.00E-74 1.00E-74 1.00E-74 1.00E-74 1.00E-74 1.28E-27 3.74E-21 4.90E-19
 5.38E-18 5.61E-17 3.38E-16 1.15E-15 1.89E-15 2.13E-15
 1.00E-74 1.00E-74 1.00E-74 1.00E-74 1.00E-74 1.28E-27 3.74E-21 4.90E-19
 5.38E-18 5.61E-17 3.38E-16 1.15E-15 1.89E-15 2.13E-15
 1.00E-74 1.00E-74 1.00E-74 1.00E-74 1.00E-74 1.28E-27 3.74E-21 4.90E-19
 5.38E-18 5.61E-17 3.38E-16 1.15E-15 1.89E-15 2.13E-15
 1.00E-74 1.00E-74 1.00E-74 1.00E-74 3.25E-47 1.28E-27 3.74E-21 4.90E-19
 5.38E-18 5.61E-17 3.38E-16 1.15E-15 1.89E-15 2.13E-15
 1.00E-74 1.00E-74 1.00E-74 1.00E-74 2.93E-47 1.28E-27 3.74E-21 4.90E-19
 5.38E-18 5.61E-17 3.38E-16 1.15E-15 1.89E-15 2.13E-15
 1.00E-74 1.00E-74 1.00E-74 1.00E-74 2.94E-47 1.28E-27 3.74E-21 4.90E-19
 5.38E-18 5.61E-17 3.38E-16 1.15E-15 1.89E-15 2.13E-15
 1.00E-74 1.00E-74 1.00E-74 1.00E-74 2.95E-47 1.29E-27 3.74E-21 4.90E-19
 5.39E-18 5.61E-17 3.38E-16 1.15E-15 1.89E-15 2.13E-15
  125.177    7  14 /pl=01:ss=17:pb= 1:sz=17/type=excit/ispb = t/isel =   50
 1.00E+10 1.00E+11 1.00E+12 1.00E+13 1.00E+14 1.00E+15 1.00E+16
 5.58E+00 8.38E+00 1.40E+01 2.79E+01 5.58E+01 1.40E+02 2.79E+02 4.19E+02
 5.58E+02 8.38E+02 1.40E+03 2.79E+03 5.58E+03 8.38E+03
 1.00E-74 1.00E-74 1.00E-74 1.00E-74 1.00E-74 2.66E-27 7.74E-21 1.01E-18
 1.11E-17 1.15E-16 6.82E-16 2.24E-15 3.46E-15 3.69E-15
 1.00E-74 1.00E-74 1.00E-74 1.00E-74 1.00E-74 2.66E-27 7.74E-21 1.01E-18
 1.11E-17 1.15E-16 6.82E-16 2.24E-15 3.46E-15 3.69E-15
 1.00E-74 1.00E-74 1.00E-74 1.00E-74 6.49E-47 2.66E-27 7.74E-21 1.01E-18
 1.11E-17 1.15E-16 6.82E-16 2.24E-15 3.46E-15 3.69E-15
 1.00E-74 1.00E-74 1.00E-74 1.00E-74 5.84E-47 2.66E-27 7.74E-21 1.01E-18
 1.11E-17 1.15E-16 6.82E-16 2.24E-15 3.46E-15 3.69E-15
 1.00E-74 1.00E-74 1.00E-74 1.00E-74 6.10E-47 2.66E-27 7.74E-21 1.01E-18
 1.11E-17 1.15E-16 6.82E-16 2.24E-15 3.46E-15 3.69E-15
 1.00E-74 1.00E-74 1.00E-74 1.00E-74 6.11E-47 2.66E-27 7.73E-21 1.01E-18
 1.11E-17 1.15E-16 6.82E-16 2.24E-15 3.46E-15 3.69E-15
 1.00E-74 1.00E-74 1.00E-74 1.00E-74 5.99E-47 2.63E-27 7.65E-21 1.00E-18
 1.10E-17 1.14E-16 6.79E-16 2.23E-15 3.45E-15 3.68E-15
c-------------------------------------------------------------------------------
 
C  root partition information
C  ==========================
C
C  nuclear charge : 18
C  ion charge+1   : 18
C
C  population calculation information
C  ----------------------------------
C
C  population processing code: adas810
C
C  adf04 source file    : adf04_copmm#18_ic_40#ar17.dat
C  adf18/a17_p208 file  : NULL
C
C  meta. ion. coeff. selector  : 
 
C  options  : lnorm =T  lpsel =F  lzsel =T  liosel=F
C           : lhsel =F  lrsel =F  lisel =F  lnsel =F
 
C  energy levels
C  -------------
C
C   lv      configuration    (2S+1)L(w-1/2)      energy (cm^-1)
C  ---   ------------------- --------------      --------------
c    1   11                     (2)0(  0.5)             0.0
c    2   12                     (2)0(  0.5)      26771481.9
c    3   13                     (2)1(  0.5)      26772459.2
c    4   13                     (2)1(  1.5)      26809420.9
c    5   14                     (2)0(  0.5)      31740628.4
c    6   15                     (2)1(  0.5)      31740924.7
c    7   15                     (2)1(  1.5)      31751884.2
c    8   16                     (2)2(  1.5)      31752154.2
c    9   16                     (2)2(  2.5)      31755768.9
c   10   17                     (2)0(  0.5)      33478279.4
c   11   18                     (2)1(  0.5)      33478406.8
c   12   18                     (2)1(  1.5)      33483029.5
c   13   19                     (2)2(  1.5)      33483143.5
c   14   19                     (2)2(  2.5)      33484669.0
c   15   1B                     (2)0(  0.5)      34281897.9
c   16   1C                     (2)1(  0.5)      34281962.0
c   17   1C                     (2)1(  1.5)      34284328.1
c   18   1D                     (2)2(  1.5)      34284386.5
c   19   1D                     (2)2(  2.5)      34285167.5
c   20   1G                     (2)0(  0.5)      34718150.6
c   21   1H                     (2)1(  0.5)      34718187.3
c   22   1H                     (2)1(  1.5)      34719556.2
c   23   1I                     (2)2(  1.5)      34719590.0
c   24   1I                     (2)2(  2.5)      34720042.0
 
 
 
c-------------------------------------------------------------------------------
 
C  superstage partition information
C  ================================
C
C  element symbol   : AR
C  parent template  : 
C  partition level  :  1
C  superstage label : 17
C
C  tabulation       : photon emissivity coefft (te,ne)
C  units            : ph. emis coef(cm^3 s^-1); te (ev); ne (cm^-3)
C
C  photon emissivity atomic transitions
C  ------------------------------------
C  
C   isel  wvlen(A)            transition                type  ispb nspb
C                                                             ispp nspp sz    tg pr wr
C  ----- ---------- ----------------------------------- ----- ---- ---- --    -- -- --
C      1   2.88022   22(2)1(  1.5)-  1(2)0(  0.5)       excit   1    1  17    21 12  1
C      2   2.88033   21(2)1(  0.5)-  1(2)0(  0.5)       excit   1    1  17    20 17  2
C      3   2.91678   17(2)1(  1.5)-  1(2)0(  0.5)       excit   1    1  17    16  8  3
C      4   2.91699   16(2)1(  0.5)-  1(2)0(  0.5)       excit   1    1  17    15 13  4
C      5   2.98659   12(2)1(  1.5)-  1(2)0(  0.5)       excit   1    1  17    11  5  5
C      6   2.98700   11(2)1(  0.5)-  1(2)0(  0.5)       excit   1    1  17    10  6  6
C      7   3.14942    7(2)1(  1.5)-  1(2)0(  0.5)       excit   1    1  17     6  3  7
C      8   3.15051    6(2)1(  0.5)-  1(2)0(  0.5)       excit   1    1  17     5  4  8
C      9   3.73003    4(2)1(  1.5)-  1(2)0(  0.5)       excit   1    1  17     3  1  9
C     10   3.73518    3(2)1(  0.5)-  1(2)0(  0.5)       excit   1    1  17     2  2 10
C     11   12.5817   22(2)1(  1.5)-  2(2)0(  0.5)       excit   1    1  17    43 27 11
C     12   12.5832   23(2)2(  1.5)-  3(2)1(  0.5)       excit   1    1  17    62 46 12
C     13   12.5838   21(2)1(  0.5)-  2(2)0(  0.5)       excit   1    1  17    42 38 13
C     14   12.6412   24(2)2(  2.5)-  4(2)1(  1.5)       excit   1    1  17    82 37 14
C     15   12.6443   20(2)0(  0.5)-  4(2)1(  1.5)       excit   1    1  17    78 42 15
C     16   13.3105   17(2)1(  1.5)-  2(2)0(  0.5)       excit   1    1  17    38 22 16
C     17   13.3122   18(2)2(  1.5)-  3(2)1(  0.5)       excit   1    1  17    58 35 17
C     18   13.3147   16(2)1(  0.5)-  2(2)0(  0.5)       excit   1    1  17    37 30 18
C     19   13.3166   15(2)0(  0.5)-  3(2)1(  0.5)       excit   1    1  17    55 39 19
C     20   13.3766   19(2)2(  2.5)-  4(2)1(  1.5)       excit   1    1  17    77 26 20
C     21   13.3824   15(2)0(  0.5)-  4(2)1(  1.5)       excit   1    1  17    73 29 21
C     22   14.8997   12(2)1(  1.5)-  2(2)0(  0.5)       excit   1    1  17    33 16 22
C     23   14.9016   13(2)2(  1.5)-  3(2)1(  0.5)       excit   1    1  17    54 24 23
C     24   14.9100   11(2)1(  0.5)-  2(2)0(  0.5)       excit   1    1  17    32 20 24
C     25   14.9124   10(2)0(  0.5)-  3(2)1(  0.5)       excit   1    1  17    51 23 25
C     26   14.9807   14(2)2(  2.5)-  4(2)1(  1.5)       excit   1    1  17    72 19 26
C     27   14.9841   13(2)2(  1.5)-  4(2)1(  1.5)       excit   1    1  17    71 50 27
C     28   14.9951   10(2)0(  0.5)-  4(2)1(  1.5)       excit   1    1  17    68 18 28
C     29   20.0787    7(2)1(  1.5)-  2(2)0(  0.5)       excit   1    1  17    28  9 29
C     30   20.0816    8(2)2(  1.5)-  3(2)1(  0.5)       excit   1    1  17    50 15 30
C     31   20.1230    6(2)1(  0.5)-  2(2)0(  0.5)       excit   1    1  17    27 14 31
C     32   20.1281    5(2)0(  0.5)-  3(2)1(  0.5)       excit   1    1  17    47 11 32
C     33   20.2169    9(2)2(  2.5)-  4(2)1(  1.5)       excit   1    1  17    67 10 33
C     34   20.2317    8(2)2(  1.5)-  4(2)1(  1.5)       excit   1    1  17    66 31 34
C     35   20.2790    5(2)0(  0.5)-  4(2)1(  1.5)       excit   1    1  17    63  7 35
C     36   33.5691   22(2)1(  1.5)-  5(2)0(  0.5)       excit   1    1  17    99 45 36
C     37   33.7124   20(2)0(  0.5)-  7(2)1(  1.5)       excit   1    1  17   128 48 37
C     38   39.3128   17(2)1(  1.5)-  5(2)0(  0.5)       excit   1    1  17    94 36 38
C     39   39.3494   16(2)1(  0.5)-  5(2)0(  0.5)       excit   1    1  17    93 47 39
C     40   39.3550   15(2)0(  0.5)-  6(2)1(  0.5)       excit   1    1  17   108 44 40
C     41   39.4745   19(2)2(  2.5)-  7(2)1(  1.5)       excit   1    1  17   127 43 41
C     42   39.5255   15(2)0(  0.5)-  7(2)1(  1.5)       excit   1    1  17   123 33 42
C     43   57.3921   12(2)1(  1.5)-  5(2)0(  0.5)       excit   1    1  17    89 25 43
C     44   57.3981   13(2)2(  1.5)-  6(2)1(  0.5)       excit   1    1  17   107 41 44
C     45   57.5447   11(2)1(  0.5)-  5(2)0(  0.5)       excit   1    1  17    88 34 45
C     46   57.5588   10(2)0(  0.5)-  6(2)1(  0.5)       excit   1    1  17   104 28 46
C     47   57.7106   14(2)2(  2.5)-  7(2)1(  1.5)       excit   1    1  17   122 32 47
C     48   57.9242   10(2)0(  0.5)-  7(2)1(  1.5)       excit   1    1  17   118 21 48
C     49   124.062   17(2)1(  1.5)- 10(2)0(  0.5)       excit   1    1  17   167 49 49
C     50   125.177   15(2)0(  0.5)- 12(2)1(  1.5)       excit   1    1  17   187 40 50
c-------------------------------------------------------------------------------
                                                                                
C  code     : adas810
C  producer : Adam Foster
C  date     : 13/05/09
                                                                                
c-------------------------------------------------------------------------------
