   50    /AR: 2 photon emissivity coefficients/
--------------------------------------------------------------------------------
    1    1    1    1    1    1    1    1    1    1    1    1    1    1
    1    1    1    1    1
--------------------------------------------------------------------------------
//#01/p00/ 00/p01/ 01/p02/ 02/p03/ 03/p04/ 04/p05/ 05/p06/ 06/p07/ 07/p08/ 08/  
      p09/ 09/p10/ 10/p11/ 11/p12/ 12/p13/ 13/p14/ 14/p15/ 15/p16/ 16/p17/ 17/  
      p18/ 18/                                                                  
--------------------------------------------------------------------------------
  326.911    7  14 /pl=01:ss= 2:pb= 1:sz= 2/type=excit/ispb = t/isel =    1
 1.00E+10 1.00E+11 1.00E+12 1.00E+13 1.00E+14 1.00E+15 1.00E+16
 1.55E-01 2.33E-01 3.88E-01 7.75E-01 1.55E+00 3.88E+00 7.75E+00 1.16E+01
 1.55E+01 2.33E+01 3.88E+01 7.75E+01 1.55E+02 2.33E+02
 1.00E-74 1.00E-74 1.00E-74 4.43E-30 1.20E-19 1.60E-13 1.40E-11 5.83E-11
 1.13E-10 2.06E-10 3.01E-10 3.51E-10 3.33E-10 3.09E-10
 1.00E-74 1.00E-74 1.00E-74 4.40E-30 1.17E-19 1.54E-13 1.40E-11 5.82E-11
 1.13E-10 2.06E-10 2.99E-10 3.47E-10 3.28E-10 3.03E-10
 1.00E-74 1.00E-74 1.00E-74 4.42E-30 1.17E-19 1.54E-13 1.40E-11 5.84E-11
 1.14E-10 2.06E-10 3.00E-10 3.48E-10 3.27E-10 3.03E-10
 1.00E-74 1.00E-74 1.00E-74 4.45E-30 1.17E-19 1.54E-13 1.41E-11 5.90E-11
 1.15E-10 2.08E-10 3.01E-10 3.48E-10 3.27E-10 3.03E-10
 1.00E-74 1.00E-74 1.00E-74 4.41E-30 1.12E-19 1.43E-13 1.32E-11 5.51E-11
 1.06E-10 1.91E-10 2.74E-10 3.15E-10 2.99E-10 2.78E-10
 1.00E-74 1.00E-74 4.53E-51 4.76E-30 1.13E-19 1.38E-13 1.23E-11 4.84E-11
 8.89E-11 1.47E-10 1.96E-10 2.15E-10 2.04E-10 1.92E-10
 1.00E-74 1.00E-74 7.10E-51 6.82E-30 1.53E-19 1.78E-13 1.40E-11 4.88E-11
 8.12E-11 1.20E-10 1.48E-10 1.58E-10 1.50E-10 1.42E-10
  337.430    7  14 /pl=01:ss= 2:pb= 1:sz= 2/type=excit/ispb = t/isel =    2
 1.00E+10 1.00E+11 1.00E+12 1.00E+13 1.00E+14 1.00E+15 1.00E+16
 1.55E-01 2.33E-01 3.88E-01 7.75E-01 1.55E+00 3.88E+00 7.75E+00 1.16E+01
 1.55E+01 2.33E+01 3.88E+01 7.75E+01 1.55E+02 2.33E+02
 1.00E-74 1.00E-74 1.00E-74 3.48E-30 1.13E-19 1.86E-13 1.83E-11 7.23E-11
 1.37E-10 2.39E-10 3.40E-10 3.89E-10 3.73E-10 3.50E-10
 1.00E-74 1.00E-74 1.00E-74 4.04E-30 1.33E-19 2.07E-13 1.85E-11 7.25E-11
 1.36E-10 2.38E-10 3.38E-10 3.85E-10 3.67E-10 3.43E-10
 1.00E-74 1.00E-74 1.00E-74 4.11E-30 1.36E-19 2.09E-13 1.85E-11 7.23E-11
 1.36E-10 2.37E-10 3.37E-10 3.83E-10 3.65E-10 3.41E-10
 1.00E-74 1.00E-74 1.00E-74 4.18E-30 1.37E-19 2.10E-13 1.83E-11 7.10E-11
 1.33E-10 2.30E-10 3.25E-10 3.70E-10 3.54E-10 3.31E-10
 1.00E-74 1.00E-74 1.00E-74 4.13E-30 1.33E-19 1.99E-13 1.68E-11 6.43E-11
 1.19E-10 2.03E-10 2.84E-10 3.22E-10 3.11E-10 2.94E-10
 1.00E-74 1.00E-74 3.88E-51 3.86E-30 1.16E-19 1.65E-13 1.39E-11 5.28E-11
 9.50E-11 1.54E-10 2.03E-10 2.22E-10 2.14E-10 2.04E-10
 1.00E-74 1.00E-74 3.49E-51 5.11E-30 1.45E-19 1.93E-13 1.57E-11 5.50E-11
 9.17E-11 1.36E-10 1.68E-10 1.77E-10 1.68E-10 1.59E-10
  345.228    7  14 /pl=01:ss= 2:pb= 1:sz= 2/type=excit/ispb = t/isel =    3
 1.00E+10 1.00E+11 1.00E+12 1.00E+13 1.00E+14 1.00E+15 1.00E+16
 1.55E-01 2.33E-01 3.88E-01 7.75E-01 1.55E+00 3.88E+00 7.75E+00 1.16E+01
 1.55E+01 2.33E+01 3.88E+01 7.75E+01 1.55E+02 2.33E+02
 1.00E-74 1.00E-74 1.00E-74 2.37E-28 1.75E-18 1.06E-12 7.19E-11 2.74E-10
 5.09E-10 8.88E-10 1.26E-09 1.44E-09 1.37E-09 1.28E-09
 1.00E-74 1.00E-74 1.00E-74 2.36E-28 1.71E-18 1.02E-12 7.15E-11 2.73E-10
 5.08E-10 8.86E-10 1.25E-09 1.43E-09 1.35E-09 1.26E-09
 1.00E-74 1.00E-74 5.07E-48 2.36E-28 1.71E-18 1.02E-12 7.17E-11 2.74E-10
 5.10E-10 8.88E-10 1.26E-09 1.43E-09 1.35E-09 1.26E-09
 1.00E-74 1.00E-74 2.54E-48 2.39E-28 1.73E-18 1.04E-12 7.33E-11 2.80E-10
 5.20E-10 9.02E-10 1.27E-09 1.44E-09 1.36E-09 1.26E-09
 1.00E-74 1.00E-74 2.79E-48 2.40E-28 1.75E-18 1.05E-12 7.54E-11 2.87E-10
 5.31E-10 9.09E-10 1.26E-09 1.41E-09 1.33E-09 1.24E-09
 1.00E-74 1.00E-74 2.86E-48 2.38E-28 1.67E-18 9.88E-13 6.96E-11 2.55E-10
 4.52E-10 7.22E-10 9.38E-10 1.02E-09 9.84E-10 9.35E-10
 1.00E-74 1.00E-74 3.80E-48 2.95E-28 1.93E-18 1.05E-12 6.52E-11 2.10E-10
 3.35E-10 4.78E-10 5.72E-10 6.00E-10 5.74E-10 5.46E-10
  359.857    7  14 /pl=01:ss= 2:pb= 1:sz= 2/type=excit/ispb = t/isel =    4
 1.00E+10 1.00E+11 1.00E+12 1.00E+13 1.00E+14 1.00E+15 1.00E+16
 1.55E-01 2.33E-01 3.88E-01 7.75E-01 1.55E+00 3.88E+00 7.75E+00 1.16E+01
 1.55E+01 2.33E+01 3.88E+01 7.75E+01 1.55E+02 2.33E+02
 1.00E-74 1.00E-74 1.00E-74 1.08E-28 8.00E-19 5.32E-13 3.88E-11 1.40E-10
 2.52E-10 4.23E-10 5.85E-10 6.64E-10 6.42E-10 6.09E-10
 1.00E-74 1.00E-74 1.00E-74 1.24E-28 9.32E-19 5.86E-13 3.92E-11 1.40E-10
 2.52E-10 4.22E-10 5.81E-10 6.57E-10 6.32E-10 5.97E-10
 1.00E-74 1.00E-74 1.00E-74 1.26E-28 9.48E-19 5.93E-13 3.92E-11 1.40E-10
 2.51E-10 4.20E-10 5.79E-10 6.54E-10 6.29E-10 5.93E-10
 1.00E-74 1.00E-74 1.37E-48 1.28E-28 9.58E-19 5.96E-13 3.89E-11 1.38E-10
 2.47E-10 4.10E-10 5.62E-10 6.34E-10 6.11E-10 5.78E-10
 1.00E-74 1.00E-74 1.51E-48 1.36E-28 1.01E-18 6.14E-13 3.88E-11 1.35E-10
 2.38E-10 3.88E-10 5.21E-10 5.81E-10 5.59E-10 5.30E-10
 1.00E-74 1.00E-74 1.69E-48 1.51E-28 1.09E-18 6.44E-13 3.98E-11 1.36E-10
 2.30E-10 3.54E-10 4.46E-10 4.77E-10 4.58E-10 4.37E-10
 1.00E-74 1.00E-74 2.00E-48 1.70E-28 1.18E-18 6.63E-13 4.01E-11 1.27E-10
 2.02E-10 2.86E-10 3.40E-10 3.54E-10 3.36E-10 3.20E-10
  361.515    7  14 /pl=01:ss= 2:pb= 1:sz= 2/type=excit/ispb = t/isel =    5
 1.00E+10 1.00E+11 1.00E+12 1.00E+13 1.00E+14 1.00E+15 1.00E+16
 1.55E-01 2.33E-01 3.88E-01 7.75E-01 1.55E+00 3.88E+00 7.75E+00 1.16E+01
 1.55E+01 2.33E+01 3.88E+01 7.75E+01 1.55E+02 2.33E+02
 1.00E-74 1.00E-74 1.00E-74 1.53E-27 3.97E-18 1.28E-12 7.07E-11 2.52E-10
 4.54E-10 7.68E-10 1.06E-09 1.20E-09 1.15E-09 1.07E-09
 1.00E-74 1.00E-74 1.30E-46 1.52E-27 3.85E-18 1.23E-12 7.02E-11 2.51E-10
 4.53E-10 7.66E-10 1.06E-09 1.19E-09 1.13E-09 1.05E-09
 1.00E-74 1.00E-74 1.43E-46 1.52E-27 3.84E-18 1.23E-12 7.02E-11 2.51E-10
 4.53E-10 7.65E-10 1.06E-09 1.19E-09 1.13E-09 1.05E-09
 1.00E-74 1.00E-74 1.43E-46 1.53E-27 3.85E-18 1.23E-12 7.06E-11 2.53E-10
 4.55E-10 7.66E-10 1.05E-09 1.18E-09 1.12E-09 1.04E-09
 1.00E-74 1.00E-74 1.54E-46 1.60E-27 3.97E-18 1.25E-12 7.24E-11 2.58E-10
 4.61E-10 7.65E-10 1.04E-09 1.15E-09 1.08E-09 1.01E-09
 1.00E-74 1.00E-74 1.88E-46 1.86E-27 4.38E-18 1.31E-12 7.39E-11 2.52E-10
 4.31E-10 6.67E-10 8.43E-10 9.02E-10 8.61E-10 8.17E-10
 1.00E-74 1.00E-74 2.46E-46 2.19E-27 4.76E-18 1.37E-12 6.85E-11 2.06E-10
 3.20E-10 4.43E-10 5.19E-10 5.38E-10 5.14E-10 4.91E-10
  364.958    7  14 /pl=01:ss= 2:pb= 1:sz= 2/type=excit/ispb = t/isel =    6
 1.00E+10 1.00E+11 1.00E+12 1.00E+13 1.00E+14 1.00E+15 1.00E+16
 1.55E-01 2.33E-01 3.88E-01 7.75E-01 1.55E+00 3.88E+00 7.75E+00 1.16E+01
 1.55E+01 2.33E+01 3.88E+01 7.75E+01 1.55E+02 2.33E+02
 1.00E-74 1.00E-74 3.59E-46 1.68E-27 3.55E-18 1.03E-12 5.55E-11 1.96E-10
 3.54E-10 5.98E-10 8.31E-10 9.46E-10 9.11E-10 8.58E-10
 1.00E-74 1.00E-74 2.51E-46 1.66E-27 3.45E-18 9.93E-13 5.52E-11 1.96E-10
 3.53E-10 5.97E-10 8.26E-10 9.37E-10 8.97E-10 8.42E-10
 1.00E-74 1.00E-74 2.37E-46 1.66E-27 3.44E-18 9.89E-13 5.52E-11 1.96E-10
 3.54E-10 5.97E-10 8.26E-10 9.36E-10 8.94E-10 8.39E-10
 1.00E-74 1.00E-74 2.40E-46 1.68E-27 3.46E-18 9.94E-13 5.57E-11 1.98E-10
 3.56E-10 5.99E-10 8.25E-10 9.32E-10 8.89E-10 8.35E-10
 1.00E-74 1.00E-74 2.62E-46 1.80E-27 3.62E-18 1.02E-12 5.75E-11 2.03E-10
 3.63E-10 6.02E-10 8.15E-10 9.10E-10 8.66E-10 8.13E-10
 1.00E-74 1.00E-74 3.25E-46 2.10E-27 3.98E-18 1.08E-12 5.96E-11 2.02E-10
 3.46E-10 5.33E-10 6.75E-10 7.27E-10 7.00E-10 6.67E-10
 1.00E-74 1.00E-74 4.45E-46 2.63E-27 4.65E-18 1.24E-12 6.10E-11 1.82E-10
 2.80E-10 3.86E-10 4.50E-10 4.65E-10 4.45E-10 4.26E-10
  372.789    7  14 /pl=01:ss= 2:pb= 1:sz= 2/type=excit/ispb = t/isel =    7
 1.00E+10 1.00E+11 1.00E+12 1.00E+13 1.00E+14 1.00E+15 1.00E+16
 1.55E-01 2.33E-01 3.88E-01 7.75E-01 1.55E+00 3.88E+00 7.75E+00 1.16E+01
 1.55E+01 2.33E+01 3.88E+01 7.75E+01 1.55E+02 2.33E+02
 1.00E-74 1.00E-74 1.00E-74 6.24E-28 2.13E-18 9.12E-13 5.85E-11 2.03E-10
 3.59E-10 5.92E-10 8.08E-10 9.12E-10 8.83E-10 8.38E-10
 1.00E-74 1.00E-74 1.00E-74 7.22E-28 2.50E-18 1.01E-12 5.90E-11 2.03E-10
 3.59E-10 5.90E-10 8.03E-10 9.02E-10 8.68E-10 8.21E-10
 1.00E-74 1.00E-74 3.41E-47 7.34E-28 2.54E-18 1.02E-12 5.89E-11 2.02E-10
 3.57E-10 5.87E-10 7.98E-10 8.96E-10 8.63E-10 8.15E-10
 1.00E-74 1.00E-74 3.75E-47 7.40E-28 2.56E-18 1.02E-12 5.79E-11 1.97E-10
 3.46E-10 5.65E-10 7.65E-10 8.59E-10 8.30E-10 7.87E-10
 1.00E-74 1.00E-74 3.92E-47 7.69E-28 2.64E-18 1.03E-12 5.61E-11 1.86E-10
 3.21E-10 5.12E-10 6.80E-10 7.56E-10 7.34E-10 7.00E-10
 1.00E-74 1.00E-74 4.39E-47 8.41E-28 2.83E-18 1.07E-12 5.63E-11 1.81E-10
 3.01E-10 4.52E-10 5.61E-10 5.98E-10 5.77E-10 5.54E-10
 1.00E-74 1.00E-74 5.26E-47 9.48E-28 3.08E-18 1.11E-12 5.79E-11 1.75E-10
 2.71E-10 3.74E-10 4.37E-10 4.51E-10 4.29E-10 4.10E-10
  377.875    7  14 /pl=01:ss= 2:pb= 1:sz= 2/type=excit/ispb = t/isel =    8
 1.00E+10 1.00E+11 1.00E+12 1.00E+13 1.00E+14 1.00E+15 1.00E+16
 1.55E-01 2.33E-01 3.88E-01 7.75E-01 1.55E+00 3.88E+00 7.75E+00 1.16E+01
 1.55E+01 2.33E+01 3.88E+01 7.75E+01 1.55E+02 2.33E+02
 1.00E-74 1.00E-74 1.00E-74 4.87E-28 1.31E-18 5.03E-13 3.13E-11 1.07E-10
 1.88E-10 3.10E-10 4.22E-10 4.74E-10 4.58E-10 4.34E-10
 1.00E-74 1.00E-74 6.56E-47 5.62E-28 1.53E-18 5.57E-13 3.16E-11 1.08E-10
 1.88E-10 3.09E-10 4.19E-10 4.69E-10 4.51E-10 4.25E-10
 1.00E-74 1.00E-74 5.24E-47 5.72E-28 1.56E-18 5.62E-13 3.15E-11 1.07E-10
 1.87E-10 3.07E-10 4.17E-10 4.66E-10 4.48E-10 4.22E-10
 1.00E-74 1.00E-74 5.11E-47 5.78E-28 1.57E-18 5.60E-13 3.09E-11 1.04E-10
 1.81E-10 2.96E-10 4.00E-10 4.47E-10 4.31E-10 4.08E-10
 1.00E-74 1.00E-74 5.67E-47 6.22E-28 1.64E-18 5.63E-13 2.98E-11 9.84E-11
 1.69E-10 2.70E-10 3.58E-10 3.96E-10 3.83E-10 3.64E-10
 1.00E-74 1.00E-74 7.27E-47 7.59E-28 1.89E-18 6.04E-13 3.10E-11 9.99E-11
 1.66E-10 2.50E-10 3.11E-10 3.30E-10 3.17E-10 3.02E-10
 1.00E-74 1.00E-74 9.87E-47 9.64E-28 2.27E-18 6.84E-13 3.38E-11 1.00E-10
 1.55E-10 2.13E-10 2.47E-10 2.54E-10 2.41E-10 2.29E-10
  379.222    7  14 /pl=01:ss= 2:pb= 1:sz= 2/type=excit/ispb = t/isel =    9
 1.00E+10 1.00E+11 1.00E+12 1.00E+13 1.00E+14 1.00E+15 1.00E+16
 1.55E-01 2.33E-01 3.88E-01 7.75E-01 1.55E+00 3.88E+00 7.75E+00 1.16E+01
 1.55E+01 2.33E+01 3.88E+01 7.75E+01 1.55E+02 2.33E+02
 1.00E-74 1.00E-74 1.00E-74 4.88E-28 1.15E-18 3.89E-13 2.26E-11 7.50E-11
 1.29E-10 2.07E-10 2.77E-10 3.04E-10 2.90E-10 2.72E-10
 1.00E-74 1.00E-74 5.81E-47 5.64E-28 1.35E-18 4.31E-13 2.28E-11 7.53E-11
 1.29E-10 2.07E-10 2.76E-10 3.02E-10 2.85E-10 2.67E-10
 1.00E-74 1.00E-74 5.81E-47 5.73E-28 1.37E-18 4.35E-13 2.28E-11 7.50E-11
 1.28E-10 2.06E-10 2.74E-10 3.00E-10 2.84E-10 2.65E-10
 1.00E-74 1.00E-74 6.04E-47 5.75E-28 1.38E-18 4.34E-13 2.24E-11 7.33E-11
 1.25E-10 1.99E-10 2.64E-10 2.88E-10 2.74E-10 2.57E-10
 1.00E-74 1.00E-74 6.27E-47 5.89E-28 1.39E-18 4.31E-13 2.15E-11 6.90E-11
 1.16E-10 1.82E-10 2.37E-10 2.57E-10 2.45E-10 2.31E-10
 1.00E-74 1.00E-74 7.20E-47 6.47E-28 1.45E-18 4.25E-13 2.07E-11 6.50E-11
 1.06E-10 1.57E-10 1.93E-10 2.02E-10 1.93E-10 1.83E-10
 1.00E-74 1.00E-74 8.42E-47 7.30E-28 1.56E-18 4.26E-13 2.01E-11 5.89E-11
 9.02E-11 1.23E-10 1.43E-10 1.47E-10 1.40E-10 1.33E-10
  386.482    7  14 /pl=01:ss= 2:pb= 1:sz= 2/type=excit/ispb = t/isel =   10
 1.00E+10 1.00E+11 1.00E+12 1.00E+13 1.00E+14 1.00E+15 1.00E+16
 1.55E-01 2.33E-01 3.88E-01 7.75E-01 1.55E+00 3.88E+00 7.75E+00 1.16E+01
 1.55E+01 2.33E+01 3.88E+01 7.75E+01 1.55E+02 2.33E+02
 1.00E-74 1.00E-74 6.92E-44 4.27E-26 2.68E-17 3.72E-12 1.56E-10 5.10E-10
 8.83E-10 1.44E-09 1.94E-09 2.18E-09 2.09E-09 1.98E-09
 1.00E-74 1.00E-74 6.88E-44 4.23E-26 2.59E-17 3.57E-12 1.55E-10 5.08E-10
 8.81E-10 1.43E-09 1.93E-09 2.16E-09 2.06E-09 1.94E-09
 1.00E-74 1.00E-74 6.89E-44 4.23E-26 2.58E-17 3.56E-12 1.55E-10 5.09E-10
 8.82E-10 1.43E-09 1.93E-09 2.15E-09 2.06E-09 1.93E-09
 1.00E-74 1.00E-74 6.92E-44 4.24E-26 2.59E-17 3.57E-12 1.57E-10 5.14E-10
 8.89E-10 1.44E-09 1.93E-09 2.15E-09 2.05E-09 1.92E-09
 1.00E-74 1.00E-74 7.10E-44 4.32E-26 2.62E-17 3.61E-12 1.60E-10 5.25E-10
 9.02E-10 1.44E-09 1.90E-09 2.09E-09 1.99E-09 1.87E-09
 1.00E-74 1.00E-74 7.43E-44 4.45E-26 2.66E-17 3.62E-12 1.59E-10 5.00E-10
 8.20E-10 1.22E-09 1.50E-09 1.60E-09 1.55E-09 1.48E-09
 1.00E-74 1.00E-74 8.16E-44 4.82E-26 2.86E-17 3.82E-12 1.51E-10 4.17E-10
 6.19E-10 8.20E-10 9.30E-10 9.47E-10 9.09E-10 8.74E-10
  386.692    7  14 /pl=01:ss= 2:pb= 1:sz= 2/type=excit/ispb = t/isel =   11
 1.00E+10 1.00E+11 1.00E+12 1.00E+13 1.00E+14 1.00E+15 1.00E+16
 1.55E-01 2.33E-01 3.88E-01 7.75E-01 1.55E+00 3.88E+00 7.75E+00 1.16E+01
 1.55E+01 2.33E+01 3.88E+01 7.75E+01 1.55E+02 2.33E+02
 1.00E-74 1.00E-74 4.35E-45 2.95E-27 2.08E-18 3.41E-13 1.57E-11 5.32E-11
 9.45E-11 1.58E-10 2.21E-10 2.60E-10 2.61E-10 2.53E-10
 1.00E-74 1.00E-74 4.51E-45 2.92E-27 2.02E-18 3.27E-13 1.56E-11 5.31E-11
 9.43E-11 1.58E-10 2.20E-10 2.57E-10 2.57E-10 2.48E-10
 1.00E-74 1.00E-74 4.51E-45 2.93E-27 2.02E-18 3.26E-13 1.56E-11 5.31E-11
 9.42E-11 1.57E-10 2.20E-10 2.56E-10 2.56E-10 2.47E-10
 1.00E-74 1.00E-74 4.63E-45 3.01E-27 2.07E-18 3.31E-13 1.57E-11 5.34E-11
 9.43E-11 1.57E-10 2.17E-10 2.53E-10 2.52E-10 2.43E-10
 1.00E-74 1.00E-74 5.46E-45 3.50E-27 2.37E-18 3.65E-13 1.70E-11 5.66E-11
 9.83E-11 1.59E-10 2.15E-10 2.44E-10 2.42E-10 2.33E-10
 1.00E-74 1.00E-74 8.23E-45 5.12E-27 3.30E-18 4.73E-13 2.09E-11 6.58E-11
 1.08E-10 1.60E-10 1.98E-10 2.11E-10 2.07E-10 2.00E-10
 1.00E-74 1.00E-74 1.30E-44 7.53E-27 4.50E-18 5.97E-13 2.32E-11 6.38E-11
 9.44E-11 1.25E-10 1.41E-10 1.42E-10 1.36E-10 1.30E-10
  387.060    7  14 /pl=01:ss= 2:pb= 1:sz= 2/type=excit/ispb = t/isel =   12
 1.00E+10 1.00E+11 1.00E+12 1.00E+13 1.00E+14 1.00E+15 1.00E+16
 1.55E-01 2.33E-01 3.88E-01 7.75E-01 1.55E+00 3.88E+00 7.75E+00 1.16E+01
 1.55E+01 2.33E+01 3.88E+01 7.75E+01 1.55E+02 2.33E+02
 1.00E-74 1.00E-74 1.00E-74 3.77E-29 4.15E-19 3.53E-13 2.72E-11 9.55E-11
 1.65E-10 2.60E-10 3.35E-10 3.57E-10 3.31E-10 3.09E-10
 1.00E-74 1.00E-74 1.00E-74 4.42E-29 4.96E-19 3.99E-13 2.81E-11 9.78E-11
 1.69E-10 2.64E-10 3.39E-10 3.60E-10 3.32E-10 3.09E-10
 1.00E-74 1.00E-74 1.00E-74 4.50E-29 5.05E-19 4.04E-13 2.82E-11 9.77E-11
 1.68E-10 2.63E-10 3.37E-10 3.58E-10 3.31E-10 3.08E-10
 1.00E-74 1.00E-74 1.00E-74 4.52E-29 5.08E-19 4.04E-13 2.78E-11 9.57E-11
 1.64E-10 2.55E-10 3.25E-10 3.44E-10 3.19E-10 2.98E-10
 1.00E-74 1.00E-74 1.94E-49 4.62E-29 5.15E-19 4.04E-13 2.69E-11 9.13E-11
 1.55E-10 2.38E-10 3.01E-10 3.17E-10 2.94E-10 2.75E-10
 1.00E-74 1.00E-74 2.33E-49 4.76E-29 5.17E-19 3.90E-13 2.54E-11 8.52E-11
 1.42E-10 2.10E-10 2.55E-10 2.64E-10 2.46E-10 2.32E-10
 1.00E-74 1.00E-74 2.52E-49 4.98E-29 5.16E-19 3.62E-13 2.33E-11 7.49E-11
 1.20E-10 1.69E-10 2.01E-10 2.08E-10 1.96E-10 1.86E-10
  401.735    7  14 /pl=01:ss= 2:pb= 1:sz= 2/type=excit/ispb = t/isel =   13
 1.00E+10 1.00E+11 1.00E+12 1.00E+13 1.00E+14 1.00E+15 1.00E+16
 1.55E-01 2.33E-01 3.88E-01 7.75E-01 1.55E+00 3.88E+00 7.75E+00 1.16E+01
 1.55E+01 2.33E+01 3.88E+01 7.75E+01 1.55E+02 2.33E+02
 1.00E-74 1.00E-74 1.00E-74 1.30E-34 7.80E-22 2.60E-14 6.66E-12 3.92E-11
 9.08E-11 1.95E-10 3.19E-10 3.94E-10 3.70E-10 3.35E-10
 1.00E-74 1.00E-74 1.00E-74 1.28E-34 7.57E-22 2.50E-14 6.62E-12 3.91E-11
 9.06E-11 1.94E-10 3.17E-10 3.90E-10 3.64E-10 3.29E-10
 1.00E-74 1.00E-74 1.00E-74 1.28E-34 7.54E-22 2.48E-14 6.62E-12 3.91E-11
 9.07E-11 1.94E-10 3.17E-10 3.89E-10 3.63E-10 3.28E-10
 1.00E-74 1.00E-74 1.00E-74 1.29E-34 7.56E-22 2.49E-14 6.67E-12 3.94E-11
 9.12E-11 1.95E-10 3.16E-10 3.88E-10 3.61E-10 3.26E-10
 1.00E-74 1.00E-74 1.00E-74 1.33E-34 7.76E-22 2.54E-14 6.85E-12 4.03E-11
 9.28E-11 1.96E-10 3.13E-10 3.80E-10 3.55E-10 3.21E-10
 1.00E-74 1.00E-74 1.00E-74 1.73E-34 9.49E-22 2.91E-14 7.59E-12 4.30E-11
 9.48E-11 1.87E-10 2.83E-10 3.35E-10 3.19E-10 2.95E-10
 1.00E-74 1.00E-74 1.00E-74 4.09E-34 2.09E-21 5.21E-14 1.06E-11 5.23E-11
 1.05E-10 1.86E-10 2.62E-10 3.05E-10 3.01E-10 2.86E-10
  447.447    7  14 /pl=01:ss= 2:pb= 1:sz= 2/type=excit/ispb = t/isel =   14
 1.00E+10 1.00E+11 1.00E+12 1.00E+13 1.00E+14 1.00E+15 1.00E+16
 1.55E-01 2.33E-01 3.88E-01 7.75E-01 1.55E+00 3.88E+00 7.75E+00 1.16E+01
 1.55E+01 2.33E+01 3.88E+01 7.75E+01 1.55E+02 2.33E+02
 1.00E-74 1.00E-74 1.00E-74 7.05E-33 5.56E-21 5.47E-14 9.36E-12 4.80E-11
 1.04E-10 2.09E-10 3.26E-10 3.89E-10 3.59E-10 3.24E-10
 1.00E-74 1.00E-74 1.00E-74 7.00E-33 5.41E-21 5.27E-14 9.31E-12 4.79E-11
 1.04E-10 2.08E-10 3.25E-10 3.85E-10 3.54E-10 3.18E-10
 1.00E-74 1.00E-74 1.00E-74 7.00E-33 5.40E-21 5.25E-14 9.32E-12 4.80E-11
 1.04E-10 2.08E-10 3.25E-10 3.85E-10 3.53E-10 3.17E-10
 1.00E-74 1.00E-74 1.00E-74 7.13E-33 5.47E-21 5.31E-14 9.44E-12 4.86E-11
 1.05E-10 2.10E-10 3.26E-10 3.85E-10 3.53E-10 3.17E-10
 1.00E-74 1.00E-74 1.00E-74 8.23E-33 6.12E-21 5.77E-14 1.02E-11 5.25E-11
 1.13E-10 2.23E-10 3.42E-10 4.00E-10 3.66E-10 3.29E-10
 1.00E-74 1.00E-74 1.00E-74 1.56E-32 1.04E-20 8.59E-14 1.42E-11 7.00E-11
 1.46E-10 2.73E-10 3.99E-10 4.59E-10 4.31E-10 3.95E-10
 1.00E-74 1.00E-74 1.00E-74 5.45E-32 3.48E-20 2.37E-13 2.96E-11 1.25E-10
 2.34E-10 3.91E-10 5.31E-10 6.02E-10 5.89E-10 5.59E-10
  459.339    7  14 /pl=01:ss= 2:pb= 1:sz= 2/type=excit/ispb = t/isel =   15
 1.00E+10 1.00E+11 1.00E+12 1.00E+13 1.00E+14 1.00E+15 1.00E+16
 1.55E-01 2.33E-01 3.88E-01 7.75E-01 1.55E+00 3.88E+00 7.75E+00 1.16E+01
 1.55E+01 2.33E+01 3.88E+01 7.75E+01 1.55E+02 2.33E+02
 1.00E-74 1.00E-74 1.56E-37 1.37E-22 3.17E-15 6.04E-11 1.30E-09 3.42E-09
 5.32E-09 7.86E-09 9.84E-09 1.06E-08 1.01E-08 9.58E-09
 1.00E-74 1.00E-74 1.55E-37 1.35E-22 3.08E-15 5.80E-11 1.29E-09 3.41E-09
 5.31E-09 7.83E-09 9.79E-09 1.05E-08 9.97E-09 9.40E-09
 1.00E-74 1.00E-74 1.55E-37 1.35E-22 3.07E-15 5.78E-11 1.29E-09 3.41E-09
 5.31E-09 7.83E-09 9.79E-09 1.05E-08 9.95E-09 9.37E-09
 1.00E-74 1.00E-74 1.56E-37 1.35E-22 3.07E-15 5.78E-11 1.30E-09 3.43E-09
 5.34E-09 7.85E-09 9.76E-09 1.04E-08 9.88E-09 9.31E-09
 1.00E-74 1.00E-74 1.58E-37 1.36E-22 3.09E-15 5.83E-11 1.32E-09 3.49E-09
 5.39E-09 7.81E-09 9.56E-09 1.01E-08 9.55E-09 9.01E-09
 1.00E-74 1.00E-74 1.74E-37 1.47E-22 3.27E-15 6.07E-11 1.37E-09 3.47E-09
 5.13E-09 6.92E-09 7.89E-09 7.99E-09 7.60E-09 7.27E-09
 1.00E-74 1.00E-74 2.14E-37 1.83E-22 4.01E-15 6.85E-11 1.35E-09 3.04E-09
 4.10E-09 4.99E-09 5.28E-09 5.12E-09 4.80E-09 4.59E-09
  463.783    7  14 /pl=01:ss= 2:pb= 1:sz= 2/type=excit/ispb = t/isel =   16
 1.00E+10 1.00E+11 1.00E+12 1.00E+13 1.00E+14 1.00E+15 1.00E+16
 1.55E-01 2.33E-01 3.88E-01 7.75E-01 1.55E+00 3.88E+00 7.75E+00 1.16E+01
 1.55E+01 2.33E+01 3.88E+01 7.75E+01 1.55E+02 2.33E+02
 1.00E-74 1.00E-74 6.93E-39 2.95E-23 1.48E-15 4.96E-11 1.34E-09 3.53E-09
 5.44E-09 7.92E-09 9.96E-09 1.10E-08 1.09E-08 1.06E-08
 1.00E-74 1.00E-74 7.82E-39 3.42E-23 1.74E-15 5.51E-11 1.36E-09 3.53E-09
 5.43E-09 7.89E-09 9.90E-09 1.09E-08 1.07E-08 1.04E-08
 1.00E-74 1.00E-74 7.92E-39 3.48E-23 1.77E-15 5.57E-11 1.36E-09 3.52E-09
 5.41E-09 7.86E-09 9.85E-09 1.08E-08 1.07E-08 1.03E-08
 1.00E-74 1.00E-74 7.93E-39 3.48E-23 1.78E-15 5.57E-11 1.34E-09 3.45E-09
 5.27E-09 7.61E-09 9.49E-09 1.04E-08 1.03E-08 9.97E-09
 1.00E-74 1.00E-74 7.93E-39 3.48E-23 1.78E-15 5.54E-11 1.29E-09 3.25E-09
 4.89E-09 6.91E-09 8.46E-09 9.19E-09 9.15E-09 8.91E-09
 1.00E-74 1.00E-74 7.88E-39 3.47E-23 1.78E-15 5.53E-11 1.25E-09 3.04E-09
 4.39E-09 5.81E-09 6.65E-09 6.93E-09 6.90E-09 6.81E-09
 1.00E-74 1.00E-74 7.43E-39 3.31E-23 1.72E-15 5.33E-11 1.18E-09 2.68E-09
 3.61E-09 4.37E-09 4.67E-09 4.69E-09 4.61E-09 4.53E-09
  464.145    7  14 /pl=01:ss= 2:pb= 1:sz= 2/type=excit/ispb = t/isel =   17
 1.00E+10 1.00E+11 1.00E+12 1.00E+13 1.00E+14 1.00E+15 1.00E+16
 1.55E-01 2.33E-01 3.88E-01 7.75E-01 1.55E+00 3.88E+00 7.75E+00 1.16E+01
 1.55E+01 2.33E+01 3.88E+01 7.75E+01 1.55E+02 2.33E+02
 1.00E-74 1.00E-74 1.00E-74 2.68E-32 1.11E-20 7.50E-14 1.13E-11 5.58E-11
 1.17E-10 2.30E-10 3.53E-10 4.12E-10 3.82E-10 3.43E-10
 1.00E-74 1.00E-74 1.00E-74 2.71E-32 1.10E-20 7.33E-14 1.13E-11 5.57E-11
 1.17E-10 2.29E-10 3.51E-10 4.08E-10 3.76E-10 3.36E-10
 1.00E-74 1.00E-74 1.00E-74 2.72E-32 1.10E-20 7.33E-14 1.13E-11 5.58E-11
 1.17E-10 2.29E-10 3.51E-10 4.08E-10 3.75E-10 3.35E-10
 1.00E-74 1.00E-74 1.00E-74 2.78E-32 1.12E-20 7.44E-14 1.15E-11 5.66E-11
 1.19E-10 2.31E-10 3.52E-10 4.08E-10 3.75E-10 3.35E-10
 1.00E-74 1.00E-74 1.00E-74 3.43E-32 1.34E-20 8.59E-14 1.30E-11 6.32E-11
 1.31E-10 2.51E-10 3.74E-10 4.26E-10 3.89E-10 3.46E-10
 1.00E-74 1.00E-74 1.00E-74 8.38E-32 2.88E-20 1.68E-13 2.36E-11 1.08E-10
 2.11E-10 3.72E-10 5.10E-10 5.51E-10 4.96E-10 4.44E-10
 1.00E-74 1.00E-74 1.00E-74 2.26E-31 7.56E-20 4.26E-13 5.51E-11 2.25E-10
 4.04E-10 6.45E-10 8.30E-10 8.91E-10 8.27E-10 7.61E-10
  464.201    7  14 /pl=01:ss= 2:pb= 1:sz= 2/type=excit/ispb = t/isel =   18
 1.00E+10 1.00E+11 1.00E+12 1.00E+13 1.00E+14 1.00E+15 1.00E+16
 1.55E-01 2.33E-01 3.88E-01 7.75E-01 1.55E+00 3.88E+00 7.75E+00 1.16E+01
 1.55E+01 2.33E+01 3.88E+01 7.75E+01 1.55E+02 2.33E+02
 1.00E-74 1.00E-74 5.85E-38 3.51E-23 6.75E-16 1.22E-11 2.71E-10 6.99E-10
 1.08E-09 1.57E-09 1.98E-09 2.17E-09 2.14E-09 2.06E-09
 1.00E-74 1.00E-74 6.12E-38 3.68E-23 7.04E-16 1.25E-11 2.71E-10 6.99E-10
 1.08E-09 1.57E-09 1.97E-09 2.15E-09 2.10E-09 2.02E-09
 1.00E-74 1.00E-74 6.15E-38 3.71E-23 7.08E-16 1.25E-11 2.71E-10 6.98E-10
 1.07E-09 1.56E-09 1.97E-09 2.15E-09 2.10E-09 2.01E-09
 1.00E-74 1.00E-74 6.16E-38 3.71E-23 7.09E-16 1.25E-11 2.70E-10 6.94E-10
 1.07E-09 1.54E-09 1.93E-09 2.11E-09 2.06E-09 1.98E-09
 1.00E-74 1.00E-74 6.18E-38 3.72E-23 7.10E-16 1.25E-11 2.67E-10 6.80E-10
 1.03E-09 1.47E-09 1.81E-09 1.96E-09 1.92E-09 1.85E-09
 1.00E-74 1.00E-74 6.24E-38 3.75E-23 7.15E-16 1.25E-11 2.61E-10 6.36E-10
 9.23E-10 1.22E-09 1.40E-09 1.46E-09 1.44E-09 1.42E-09
 1.00E-74 1.00E-74 6.20E-38 3.76E-23 7.21E-16 1.24E-11 2.43E-10 5.33E-10
 7.07E-10 8.43E-10 8.92E-10 8.87E-10 8.68E-10 8.53E-10
  471.445    7  14 /pl=01:ss= 2:pb= 1:sz= 2/type=excit/ispb = t/isel =   19
 1.00E+10 1.00E+11 1.00E+12 1.00E+13 1.00E+14 1.00E+15 1.00E+16
 1.55E-01 2.33E-01 3.88E-01 7.75E-01 1.55E+00 3.88E+00 7.75E+00 1.16E+01
 1.55E+01 2.33E+01 3.88E+01 7.75E+01 1.55E+02 2.33E+02
 1.00E-74 1.00E-74 7.51E-37 2.68E-22 4.02E-15 5.94E-11 1.20E-09 3.10E-09
 4.79E-09 7.08E-09 9.02E-09 1.01E-08 1.00E-08 9.72E-09
 1.00E-74 1.00E-74 7.50E-37 2.66E-22 3.90E-15 5.71E-11 1.19E-09 3.09E-09
 4.78E-09 7.06E-09 8.97E-09 9.98E-09 9.87E-09 9.53E-09
 1.00E-74 1.00E-74 7.50E-37 2.65E-22 3.89E-15 5.68E-11 1.19E-09 3.09E-09
 4.78E-09 7.06E-09 8.96E-09 9.96E-09 9.85E-09 9.50E-09
 1.00E-74 1.00E-74 7.51E-37 2.65E-22 3.89E-15 5.69E-11 1.20E-09 3.11E-09
 4.80E-09 7.07E-09 8.94E-09 9.91E-09 9.78E-09 9.44E-09
 1.00E-74 1.00E-74 7.56E-37 2.67E-22 3.90E-15 5.73E-11 1.22E-09 3.16E-09
 4.85E-09 7.04E-09 8.76E-09 9.59E-09 9.45E-09 9.13E-09
 1.00E-74 1.00E-74 8.02E-37 2.78E-22 4.03E-15 5.89E-11 1.24E-09 3.10E-09
 4.54E-09 6.12E-09 7.08E-09 7.44E-09 7.38E-09 7.25E-09
 1.00E-74 1.00E-74 9.44E-37 3.24E-22 4.61E-15 6.46E-11 1.22E-09 2.69E-09
 3.58E-09 4.31E-09 4.56E-09 4.54E-09 4.42E-09 4.34E-09
  473.848    7  14 /pl=01:ss= 2:pb= 1:sz= 2/type=excit/ispb = t/isel =   20
 1.00E+10 1.00E+11 1.00E+12 1.00E+13 1.00E+14 1.00E+15 1.00E+16
 1.55E-01 2.33E-01 3.88E-01 7.75E-01 1.55E+00 3.88E+00 7.75E+00 1.16E+01
 1.55E+01 2.33E+01 3.88E+01 7.75E+01 1.55E+02 2.33E+02
 1.00E-74 1.00E-74 8.75E-39 1.78E-23 6.23E-16 1.67E-11 4.19E-10 1.07E-09
 1.62E-09 2.30E-09 2.83E-09 2.99E-09 2.82E-09 2.69E-09
 1.00E-74 1.00E-74 9.86E-39 2.07E-23 7.33E-16 1.85E-11 4.24E-10 1.07E-09
 1.62E-09 2.30E-09 2.81E-09 2.96E-09 2.78E-09 2.64E-09
 1.00E-74 1.00E-74 9.99E-39 2.10E-23 7.46E-16 1.87E-11 4.23E-10 1.07E-09
 1.61E-09 2.29E-09 2.80E-09 2.94E-09 2.76E-09 2.62E-09
 1.00E-74 1.00E-74 1.00E-38 2.11E-23 7.48E-16 1.87E-11 4.18E-10 1.04E-09
 1.57E-09 2.22E-09 2.70E-09 2.83E-09 2.67E-09 2.54E-09
 1.00E-74 1.00E-74 1.01E-38 2.12E-23 7.51E-16 1.86E-11 4.03E-10 9.85E-10
 1.46E-09 2.02E-09 2.42E-09 2.52E-09 2.38E-09 2.28E-09
 1.00E-74 1.00E-74 1.07E-38 2.21E-23 7.77E-16 1.89E-11 3.95E-10 9.33E-10
 1.33E-09 1.73E-09 1.94E-09 1.94E-09 1.83E-09 1.77E-09
 1.00E-74 1.00E-74 1.20E-38 2.52E-23 8.74E-16 1.94E-11 3.81E-10 8.34E-10
 1.11E-09 1.33E-09 1.40E-09 1.36E-09 1.27E-09 1.22E-09
  478.863    7  14 /pl=01:ss= 2:pb= 1:sz= 2/type=excit/ispb = t/isel =   21
 1.00E+10 1.00E+11 1.00E+12 1.00E+13 1.00E+14 1.00E+15 1.00E+16
 1.55E-01 2.33E-01 3.88E-01 7.75E-01 1.55E+00 3.88E+00 7.75E+00 1.16E+01
 1.55E+01 2.33E+01 3.88E+01 7.75E+01 1.55E+02 2.33E+02
 1.00E-74 1.00E-74 2.99E-38 4.28E-23 1.25E-15 3.02E-11 7.37E-10 1.86E-09
 2.81E-09 4.02E-09 4.96E-09 5.39E-09 5.26E-09 5.08E-09
 1.00E-74 1.00E-74 3.37E-38 4.96E-23 1.47E-15 3.35E-11 7.44E-10 1.86E-09
 2.80E-09 4.01E-09 4.94E-09 5.33E-09 5.18E-09 4.98E-09
 1.00E-74 1.00E-74 3.41E-38 5.04E-23 1.49E-15 3.39E-11 7.44E-10 1.86E-09
 2.80E-09 3.99E-09 4.91E-09 5.30E-09 5.15E-09 4.95E-09
 1.00E-74 1.00E-74 3.42E-38 5.04E-23 1.50E-15 3.39E-11 7.34E-10 1.82E-09
 2.73E-09 3.87E-09 4.74E-09 5.12E-09 4.98E-09 4.80E-09
 1.00E-74 1.00E-74 3.42E-38 5.04E-23 1.50E-15 3.37E-11 7.08E-10 1.72E-09
 2.54E-09 3.54E-09 4.26E-09 4.56E-09 4.46E-09 4.32E-09
 1.00E-74 1.00E-74 3.39E-38 5.01E-23 1.49E-15 3.34E-11 6.83E-10 1.61E-09
 2.29E-09 2.99E-09 3.36E-09 3.46E-09 3.39E-09 3.32E-09
 1.00E-74 1.00E-74 3.15E-38 4.74E-23 1.43E-15 3.18E-11 6.40E-10 1.41E-09
 1.87E-09 2.24E-09 2.36E-09 2.35E-09 2.27E-09 2.22E-09
  487.653    7  14 /pl=01:ss= 2:pb= 1:sz= 2/type=excit/ispb = t/isel =   22
 1.00E+10 1.00E+11 1.00E+12 1.00E+13 1.00E+14 1.00E+15 1.00E+16
 1.55E-01 2.33E-01 3.88E-01 7.75E-01 1.55E+00 3.88E+00 7.75E+00 1.16E+01
 1.55E+01 2.33E+01 3.88E+01 7.75E+01 1.55E+02 2.33E+02
 1.00E-74 1.00E-74 3.24E-36 3.76E-22 3.19E-15 3.33E-11 5.92E-10 1.46E-09
 2.22E-09 3.18E-09 3.94E-09 4.25E-09 4.10E-09 3.90E-09
 1.00E-74 1.00E-74 3.24E-36 3.72E-22 3.09E-15 3.20E-11 5.88E-10 1.46E-09
 2.21E-09 3.17E-09 3.92E-09 4.20E-09 4.03E-09 3.83E-09
 1.00E-74 1.00E-74 3.24E-36 3.72E-22 3.08E-15 3.18E-11 5.89E-10 1.46E-09
 2.21E-09 3.17E-09 3.92E-09 4.20E-09 4.02E-09 3.82E-09
 1.00E-74 1.00E-74 3.24E-36 3.71E-22 3.08E-15 3.18E-11 5.92E-10 1.47E-09
 2.22E-09 3.18E-09 3.91E-09 4.17E-09 4.00E-09 3.79E-09
 1.00E-74 1.00E-74 3.24E-36 3.71E-22 3.08E-15 3.19E-11 6.00E-10 1.49E-09
 2.23E-09 3.14E-09 3.80E-09 4.01E-09 3.84E-09 3.65E-09
 1.00E-74 1.00E-74 3.20E-36 3.68E-22 3.06E-15 3.19E-11 5.97E-10 1.42E-09
 2.03E-09 2.65E-09 2.98E-09 3.03E-09 2.94E-09 2.85E-09
 1.00E-74 1.00E-74 2.91E-36 3.42E-22 2.90E-15 3.08E-11 5.38E-10 1.14E-09
 1.49E-09 1.74E-09 1.81E-09 1.76E-09 1.70E-09 1.66E-09
  492.131    7  14 /pl=01:ss= 2:pb= 1:sz= 2/type=excit/ispb = t/isel =   23
 1.00E+10 1.00E+11 1.00E+12 1.00E+13 1.00E+14 1.00E+15 1.00E+16
 1.55E-01 2.33E-01 3.88E-01 7.75E-01 1.55E+00 3.88E+00 7.75E+00 1.16E+01
 1.55E+01 2.33E+01 3.88E+01 7.75E+01 1.55E+02 2.33E+02
 1.00E-74 1.00E-74 3.93E-38 2.36E-23 4.54E-16 8.21E-12 1.82E-10 4.70E-10
 7.24E-10 1.05E-09 1.33E-09 1.46E-09 1.44E-09 1.39E-09
 1.00E-74 1.00E-74 4.12E-38 2.48E-23 4.74E-16 8.37E-12 1.82E-10 4.70E-10
 7.23E-10 1.05E-09 1.33E-09 1.45E-09 1.41E-09 1.36E-09
 1.00E-74 1.00E-74 4.14E-38 2.49E-23 4.76E-16 8.39E-12 1.82E-10 4.70E-10
 7.22E-10 1.05E-09 1.32E-09 1.44E-09 1.41E-09 1.35E-09
 1.00E-74 1.00E-74 4.14E-38 2.49E-23 4.76E-16 8.39E-12 1.82E-10 4.67E-10
 7.16E-10 1.04E-09 1.30E-09 1.42E-09 1.38E-09 1.33E-09
 1.00E-74 1.00E-74 4.16E-38 2.50E-23 4.78E-16 8.38E-12 1.80E-10 4.57E-10
 6.94E-10 9.90E-10 1.22E-09 1.32E-09 1.29E-09 1.24E-09
 1.00E-74 1.00E-74 4.20E-38 2.52E-23 4.81E-16 8.37E-12 1.75E-10 4.28E-10
 6.20E-10 8.22E-10 9.43E-10 9.81E-10 9.70E-10 9.53E-10
 1.00E-74 1.00E-74 4.17E-38 2.53E-23 4.85E-16 8.32E-12 1.63E-10 3.58E-10
 4.75E-10 5.67E-10 6.00E-10 5.96E-10 5.83E-10 5.74E-10
  492.567    7  14 /pl=01:ss= 2:pb= 1:sz= 2/type=excit/ispb = t/isel =   24
 1.00E+10 1.00E+11 1.00E+12 1.00E+13 1.00E+14 1.00E+15 1.00E+16
 1.55E-01 2.33E-01 3.88E-01 7.75E-01 1.55E+00 3.88E+00 7.75E+00 1.16E+01
 1.55E+01 2.33E+01 3.88E+01 7.75E+01 1.55E+02 2.33E+02
 1.00E-74 1.00E-74 6.27E-41 1.80E-24 2.37E-16 1.39E-11 4.48E-10 1.18E-09
 1.78E-09 2.48E-09 2.96E-09 3.09E-09 2.94E-09 2.81E-09
 1.00E-74 1.00E-74 7.12E-41 2.11E-24 2.83E-16 1.58E-11 4.62E-10 1.21E-09
 1.82E-09 2.52E-09 3.00E-09 3.11E-09 2.95E-09 2.81E-09
 1.00E-74 1.00E-74 7.21E-41 2.15E-24 2.88E-16 1.60E-11 4.63E-10 1.20E-09
 1.81E-09 2.51E-09 2.98E-09 3.10E-09 2.94E-09 2.80E-09
 1.00E-74 1.00E-74 7.23E-41 2.15E-24 2.89E-16 1.60E-11 4.57E-10 1.18E-09
 1.77E-09 2.43E-09 2.88E-09 2.98E-09 2.84E-09 2.71E-09
 1.00E-74 1.00E-74 7.24E-41 2.15E-24 2.90E-16 1.59E-11 4.41E-10 1.12E-09
 1.65E-09 2.25E-09 2.63E-09 2.71E-09 2.58E-09 2.48E-09
 1.00E-74 1.00E-74 7.33E-41 2.18E-24 2.93E-16 1.60E-11 4.29E-10 1.06E-09
 1.52E-09 1.97E-09 2.19E-09 2.19E-09 2.09E-09 2.02E-09
 1.00E-74 1.00E-74 7.34E-41 2.21E-24 2.98E-16 1.57E-11 4.11E-10 9.62E-10
 1.31E-09 1.60E-09 1.70E-09 1.68E-09 1.61E-09 1.55E-09
  497.825    7  14 /pl=01:ss= 2:pb= 1:sz= 2/type=excit/ispb = t/isel =   25
 1.00E+10 1.00E+11 1.00E+12 1.00E+13 1.00E+14 1.00E+15 1.00E+16
 1.55E-01 2.33E-01 3.88E-01 7.75E-01 1.55E+00 3.88E+00 7.75E+00 1.16E+01
 1.55E+01 2.33E+01 3.88E+01 7.75E+01 1.55E+02 2.33E+02
 1.00E-74 1.00E-74 6.61E-36 3.94E-22 2.48E-15 2.50E-11 4.85E-10 1.26E-09
 1.98E-09 2.96E-09 3.81E-09 4.26E-09 4.21E-09 4.06E-09
 1.00E-74 1.00E-74 6.60E-36 3.90E-22 2.41E-15 2.40E-11 4.82E-10 1.26E-09
 1.97E-09 2.95E-09 3.79E-09 4.22E-09 4.14E-09 3.99E-09
 1.00E-74 1.00E-74 6.60E-36 3.89E-22 2.40E-15 2.39E-11 4.83E-10 1.27E-09
 1.98E-09 2.96E-09 3.80E-09 4.22E-09 4.14E-09 3.98E-09
 1.00E-74 1.00E-74 6.61E-36 3.89E-22 2.40E-15 2.41E-11 4.93E-10 1.30E-09
 2.03E-09 3.03E-09 3.88E-09 4.30E-09 4.19E-09 4.02E-09
 1.00E-74 1.00E-74 6.66E-36 3.91E-22 2.41E-15 2.46E-11 5.21E-10 1.38E-09
 2.16E-09 3.19E-09 4.02E-09 4.39E-09 4.25E-09 4.07E-09
 1.00E-74 1.00E-74 7.86E-36 4.20E-22 2.48E-15 2.55E-11 5.37E-10 1.36E-09
 2.03E-09 2.77E-09 3.24E-09 3.39E-09 3.32E-09 3.24E-09
 1.00E-74 1.00E-74 1.36E-35 5.78E-22 2.83E-15 2.72E-11 4.83E-10 1.04E-09
 1.37E-09 1.62E-09 1.70E-09 1.68E-09 1.64E-09 1.61E-09
  516.465    7  14 /pl=01:ss= 2:pb= 1:sz= 2/type=excit/ispb = t/isel =   26
 1.00E+10 1.00E+11 1.00E+12 1.00E+13 1.00E+14 1.00E+15 1.00E+16
 1.55E-01 2.33E-01 3.88E-01 7.75E-01 1.55E+00 3.88E+00 7.75E+00 1.16E+01
 1.55E+01 2.33E+01 3.88E+01 7.75E+01 1.55E+02 2.33E+02
 1.00E-74 1.00E-74 2.08E-36 3.87E-23 1.38E-16 1.36E-12 3.97E-11 1.29E-10
 2.27E-10 3.81E-10 5.26E-10 5.84E-10 5.36E-10 4.88E-10
 1.00E-74 1.00E-74 2.08E-36 3.84E-23 1.34E-16 1.32E-12 3.95E-11 1.29E-10
 2.27E-10 3.80E-10 5.23E-10 5.78E-10 5.28E-10 4.79E-10
 1.00E-74 1.00E-74 2.09E-36 3.84E-23 1.34E-16 1.31E-12 3.95E-11 1.29E-10
 2.27E-10 3.80E-10 5.23E-10 5.77E-10 5.27E-10 4.77E-10
 1.00E-74 1.00E-74 2.09E-36 3.85E-23 1.34E-16 1.31E-12 3.98E-11 1.30E-10
 2.28E-10 3.81E-10 5.20E-10 5.72E-10 5.22E-10 4.73E-10
 1.00E-74 1.00E-74 2.17E-36 3.94E-23 1.35E-16 1.31E-12 4.04E-11 1.31E-10
 2.29E-10 3.76E-10 5.05E-10 5.50E-10 5.02E-10 4.57E-10
 1.00E-74 1.00E-74 2.87E-36 4.67E-23 1.43E-16 1.13E-12 3.11E-11 9.37E-11
 1.54E-10 2.32E-10 2.92E-10 3.15E-10 3.03E-10 2.88E-10
 1.00E-74 1.00E-74 2.89E-36 4.71E-23 1.29E-16 6.67E-13 1.17E-11 2.78E-11
 3.93E-11 5.11E-11 5.84E-11 6.19E-11 6.23E-11 6.20E-11
  520.281    7  14 /pl=01:ss= 2:pb= 1:sz= 2/type=excit/ispb = t/isel =   27
 1.00E+10 1.00E+11 1.00E+12 1.00E+13 1.00E+14 1.00E+15 1.00E+16
 1.55E-01 2.33E-01 3.88E-01 7.75E-01 1.55E+00 3.88E+00 7.75E+00 1.16E+01
 1.55E+01 2.33E+01 3.88E+01 7.75E+01 1.55E+02 2.33E+02
 1.00E-74 1.00E-74 3.97E-35 5.92E-22 1.81E-15 1.14E-11 2.15E-10 5.97E-10
 9.76E-10 1.53E-09 2.02E-09 2.21E-09 2.05E-09 1.89E-09
 1.00E-74 1.00E-74 3.97E-35 5.87E-22 1.75E-15 1.10E-11 2.14E-10 5.95E-10
 9.75E-10 1.53E-09 2.01E-09 2.19E-09 2.02E-09 1.85E-09
 1.00E-74 1.00E-74 3.97E-35 5.86E-22 1.75E-15 1.09E-11 2.15E-10 5.97E-10
 9.77E-10 1.53E-09 2.01E-09 2.19E-09 2.02E-09 1.85E-09
 1.00E-74 1.00E-74 3.97E-35 5.86E-22 1.75E-15 1.10E-11 2.18E-10 6.08E-10
 9.96E-10 1.56E-09 2.04E-09 2.21E-09 2.03E-09 1.86E-09
 1.00E-74 1.00E-74 3.97E-35 5.86E-22 1.75E-15 1.11E-11 2.24E-10 6.28E-10
 1.02E-09 1.58E-09 2.05E-09 2.21E-09 2.04E-09 1.87E-09
 1.00E-74 1.00E-74 4.20E-35 5.93E-22 1.73E-15 1.09E-11 2.19E-10 5.86E-10
 9.12E-10 1.31E-09 1.59E-09 1.67E-09 1.58E-09 1.49E-09
 1.00E-74 1.16E-52 4.77E-35 5.98E-22 1.55E-15 9.23E-12 1.59E-10 3.62E-10
 4.99E-10 6.30E-10 7.02E-10 7.24E-10 7.11E-10 6.95E-10
  521.040    7  14 /pl=01:ss= 2:pb= 1:sz= 2/type=excit/ispb = t/isel =   28
 1.00E+10 1.00E+11 1.00E+12 1.00E+13 1.00E+14 1.00E+15 1.00E+16
 1.55E-01 2.33E-01 3.88E-01 7.75E-01 1.55E+00 3.88E+00 7.75E+00 1.16E+01
 1.55E+01 2.33E+01 3.88E+01 7.75E+01 1.55E+02 2.33E+02
 1.00E-74 1.00E-74 6.21E-34 8.82E-21 2.61E-14 1.47E-10 2.17E-09 5.03E-09
 7.38E-09 1.03E-08 1.26E-08 1.34E-08 1.29E-08 1.24E-08
 1.00E-74 1.00E-74 6.26E-34 8.83E-21 2.56E-14 1.43E-10 2.16E-09 5.02E-09
 7.37E-09 1.03E-08 1.25E-08 1.33E-08 1.27E-08 1.21E-08
 1.00E-74 1.00E-74 6.27E-34 8.83E-21 2.56E-14 1.42E-10 2.16E-09 5.02E-09
 7.37E-09 1.03E-08 1.25E-08 1.33E-08 1.27E-08 1.21E-08
 1.00E-74 1.00E-74 6.27E-34 8.83E-21 2.55E-14 1.42E-10 2.16E-09 5.04E-09
 7.39E-09 1.03E-08 1.25E-08 1.32E-08 1.26E-08 1.20E-08
 1.00E-74 1.00E-74 6.26E-34 8.82E-21 2.55E-14 1.43E-10 2.19E-09 5.07E-09
 7.38E-09 1.01E-08 1.21E-08 1.26E-08 1.21E-08 1.15E-08
 1.00E-74 1.00E-74 6.24E-34 8.80E-21 2.55E-14 1.43E-10 2.17E-09 4.84E-09
 6.72E-09 8.55E-09 9.49E-09 9.55E-09 9.25E-09 9.00E-09
 1.00E-74 1.00E-74 5.94E-34 8.48E-21 2.48E-14 1.41E-10 2.00E-09 3.97E-09
 5.02E-09 5.71E-09 5.84E-09 5.63E-09 5.42E-09 5.29E-09
  521.627    7  14 /pl=01:ss= 2:pb= 1:sz= 2/type=excit/ispb = t/isel =   29
 1.00E+10 1.00E+11 1.00E+12 1.00E+13 1.00E+14 1.00E+15 1.00E+16
 1.55E-01 2.33E-01 3.88E-01 7.75E-01 1.55E+00 3.88E+00 7.75E+00 1.16E+01
 1.55E+01 2.33E+01 3.88E+01 7.75E+01 1.55E+02 2.33E+02
 1.00E-74 1.00E-74 4.73E-38 4.47E-24 4.40E-17 1.30E-12 5.27E-11 1.72E-10
 2.98E-10 4.87E-10 6.58E-10 7.19E-10 6.58E-10 5.99E-10
 1.00E-74 1.00E-74 5.34E-38 5.19E-24 5.17E-17 1.43E-12 5.32E-11 1.72E-10
 2.98E-10 4.86E-10 6.54E-10 7.12E-10 6.47E-10 5.87E-10
 1.00E-74 1.00E-74 5.41E-38 5.27E-24 5.26E-17 1.45E-12 5.31E-11 1.71E-10
 2.96E-10 4.83E-10 6.50E-10 7.07E-10 6.44E-10 5.83E-10
 1.00E-74 1.00E-74 5.43E-38 5.28E-24 5.26E-17 1.43E-12 5.17E-11 1.66E-10
 2.86E-10 4.64E-10 6.23E-10 6.79E-10 6.21E-10 5.65E-10
 1.00E-74 1.00E-74 5.58E-38 5.35E-24 5.19E-17 1.34E-12 4.67E-11 1.47E-10
 2.51E-10 4.02E-10 5.34E-10 5.81E-10 5.37E-10 4.94E-10
 1.00E-74 1.00E-74 6.84E-38 5.92E-24 5.02E-17 9.80E-13 3.07E-11 9.27E-11
 1.52E-10 2.30E-10 2.90E-10 3.15E-10 3.05E-10 2.91E-10
 1.00E-74 1.00E-74 8.72E-38 6.98E-24 4.88E-17 5.33E-13 1.14E-11 2.82E-11
 4.06E-11 5.34E-11 6.20E-11 6.64E-11 6.73E-11 6.72E-11
  521.872    7  14 /pl=01:ss= 2:pb= 1:sz= 2/type=excit/ispb = t/isel =   30
 1.00E+10 1.00E+11 1.00E+12 1.00E+13 1.00E+14 1.00E+15 1.00E+16
 1.55E-01 2.33E-01 3.88E-01 7.75E-01 1.55E+00 3.88E+00 7.75E+00 1.16E+01
 1.55E+01 2.33E+01 3.88E+01 7.75E+01 1.55E+02 2.33E+02
 1.00E-74 1.00E-74 1.60E-36 1.47E-22 1.13E-15 1.42E-11 3.11E-10 7.79E-10
 1.19E-09 1.71E-09 2.16E-09 2.37E-09 2.35E-09 2.28E-09
 1.00E-74 1.00E-74 1.80E-36 1.70E-22 1.33E-15 1.57E-11 3.14E-10 7.80E-10
 1.18E-09 1.71E-09 2.14E-09 2.35E-09 2.31E-09 2.23E-09
 1.00E-74 1.00E-74 1.83E-36 1.73E-22 1.35E-15 1.59E-11 3.13E-10 7.78E-10
 1.18E-09 1.70E-09 2.13E-09 2.34E-09 2.30E-09 2.22E-09
 1.00E-74 1.00E-74 1.83E-36 1.73E-22 1.36E-15 1.59E-11 3.09E-10 7.63E-10
 1.15E-09 1.65E-09 2.06E-09 2.26E-09 2.23E-09 2.15E-09
 1.00E-74 1.00E-74 1.83E-36 1.73E-22 1.35E-15 1.57E-11 2.95E-10 7.13E-10
 1.06E-09 1.49E-09 1.84E-09 2.00E-09 1.99E-09 1.93E-09
 1.00E-74 1.00E-74 1.88E-36 1.74E-22 1.36E-15 1.53E-11 2.73E-10 6.32E-10
 9.02E-10 1.19E-09 1.36E-09 1.43E-09 1.44E-09 1.42E-09
 1.00E-74 1.00E-74 2.10E-36 1.82E-22 1.42E-15 1.53E-11 2.56E-10 5.37E-10
 7.00E-10 8.24E-10 8.67E-10 8.61E-10 8.48E-10 8.37E-10
  522.619    7  14 /pl=01:ss= 2:pb= 1:sz= 2/type=excit/ispb = t/isel =   31
 1.00E+10 1.00E+11 1.00E+12 1.00E+13 1.00E+14 1.00E+15 1.00E+16
 1.55E-01 2.33E-01 3.88E-01 7.75E-01 1.55E+00 3.88E+00 7.75E+00 1.16E+01
 1.55E+01 2.33E+01 3.88E+01 7.75E+01 1.55E+02 2.33E+02
 1.00E-74 1.00E-74 7.52E-37 9.68E-24 3.04E-17 4.77E-13 2.17E-11 8.09E-11
 1.52E-10 2.71E-10 3.90E-10 4.46E-10 4.13E-10 3.77E-10
 1.00E-74 1.00E-74 7.62E-37 9.76E-24 3.02E-17 4.67E-13 2.16E-11 8.09E-11
 1.52E-10 2.70E-10 3.89E-10 4.42E-10 4.07E-10 3.70E-10
 1.00E-74 1.00E-74 7.63E-37 9.77E-24 3.02E-17 4.68E-13 2.18E-11 8.18E-11
 1.54E-10 2.73E-10 3.93E-10 4.46E-10 4.10E-10 3.72E-10
 1.00E-74 1.00E-74 7.66E-37 9.79E-24 3.03E-17 4.86E-13 2.34E-11 8.83E-11
 1.66E-10 2.94E-10 4.21E-10 4.74E-10 4.34E-10 3.92E-10
 1.00E-74 1.00E-74 8.02E-37 9.98E-24 3.06E-17 5.19E-13 2.55E-11 9.45E-11
 1.74E-10 3.01E-10 4.22E-10 4.74E-10 4.40E-10 4.03E-10
 1.00E-74 1.00E-74 1.26E-36 1.20E-23 2.79E-17 3.37E-13 1.26E-11 4.05E-11
 6.81E-11 1.06E-10 1.37E-10 1.53E-10 1.54E-10 1.50E-10
 1.00E-74 2.31E-54 1.14E-36 1.09E-23 2.25E-17 1.50E-13 3.22E-12 8.01E-12
 1.15E-11 1.52E-11 1.77E-11 1.90E-11 1.94E-11 1.95E-11
  531.367    7  14 /pl=01:ss= 2:pb= 1:sz= 2/type=excit/ispb = t/isel =   32
 1.00E+10 1.00E+11 1.00E+12 1.00E+13 1.00E+14 1.00E+15 1.00E+16
 1.55E-01 2.33E-01 3.88E-01 7.75E-01 1.55E+00 3.88E+00 7.75E+00 1.16E+01
 1.55E+01 2.33E+01 3.88E+01 7.75E+01 1.55E+02 2.33E+02
 1.00E-74 1.00E-74 2.18E-33 1.70E-20 3.76E-14 1.75E-10 2.40E-09 5.50E-09
 8.05E-09 1.11E-08 1.35E-08 1.43E-08 1.37E-08 1.31E-08
 1.00E-74 1.00E-74 2.18E-33 1.68E-20 3.64E-14 1.68E-10 2.39E-09 5.49E-09
 8.03E-09 1.11E-08 1.34E-08 1.42E-08 1.35E-08 1.28E-08
 1.00E-74 1.00E-74 2.18E-33 1.68E-20 3.63E-14 1.67E-10 2.39E-09 5.49E-09
 8.03E-09 1.11E-08 1.34E-08 1.42E-08 1.35E-08 1.28E-08
 1.00E-74 1.00E-74 2.18E-33 1.68E-20 3.63E-14 1.67E-10 2.40E-09 5.53E-09
 8.07E-09 1.11E-08 1.34E-08 1.41E-08 1.34E-08 1.27E-08
 1.00E-74 1.00E-74 2.18E-33 1.68E-20 3.63E-14 1.68E-10 2.44E-09 5.59E-09
 8.11E-09 1.10E-08 1.30E-08 1.36E-08 1.29E-08 1.23E-08
 1.00E-74 1.00E-74 2.16E-33 1.67E-20 3.61E-14 1.68E-10 2.43E-09 5.35E-09
 7.40E-09 9.34E-09 1.03E-08 1.03E-08 9.94E-09 9.63E-09
 1.00E-74 1.10E-50 2.02E-33 1.59E-20 3.48E-14 1.64E-10 2.22E-09 4.36E-09
 5.49E-09 6.20E-09 6.28E-09 6.05E-09 5.80E-09 5.65E-09
  537.738    7  14 /pl=01:ss= 2:pb= 1:sz= 2/type=excit/ispb = t/isel =   33
 1.00E+10 1.00E+11 1.00E+12 1.00E+13 1.00E+14 1.00E+15 1.00E+16
 1.55E-01 2.33E-01 3.88E-01 7.75E-01 1.55E+00 3.88E+00 7.75E+00 1.16E+01
 1.55E+01 2.33E+01 3.88E+01 7.75E+01 1.55E+02 2.33E+02
 1.00E-74 1.00E-74 4.07E-34 2.24E-21 4.26E-15 2.03E-11 3.08E-10 7.49E-10
 1.14E-09 1.66E-09 2.11E-09 2.35E-09 2.33E-09 2.25E-09
 1.00E-74 1.00E-74 4.06E-34 2.22E-21 4.13E-15 1.95E-11 3.06E-10 7.46E-10
 1.14E-09 1.65E-09 2.10E-09 2.33E-09 2.29E-09 2.21E-09
 1.00E-74 1.00E-74 4.06E-34 2.21E-21 4.11E-15 1.94E-11 3.06E-10 7.46E-10
 1.13E-09 1.65E-09 2.09E-09 2.32E-09 2.28E-09 2.20E-09
 1.00E-74 1.00E-74 4.06E-34 2.21E-21 4.11E-15 1.93E-11 3.06E-10 7.44E-10
 1.13E-09 1.63E-09 2.06E-09 2.28E-09 2.25E-09 2.16E-09
 1.00E-74 1.00E-74 4.06E-34 2.21E-21 4.10E-15 1.91E-11 3.01E-10 7.25E-10
 1.09E-09 1.54E-09 1.92E-09 2.10E-09 2.09E-09 2.02E-09
 1.00E-74 1.00E-74 4.04E-34 2.20E-21 4.07E-15 1.85E-11 2.78E-10 6.28E-10
 8.85E-10 1.15E-09 1.32E-09 1.41E-09 1.44E-09 1.43E-09
 1.00E-74 3.02E-51 3.85E-34 2.15E-21 4.05E-15 1.83E-11 2.46E-10 4.81E-10
 6.05E-10 6.88E-10 7.11E-10 7.09E-10 7.12E-10 7.14E-10
  548.938    7  14 /pl=01:ss= 2:pb= 1:sz= 2/type=excit/ispb = t/isel =   34
 1.00E+10 1.00E+11 1.00E+12 1.00E+13 1.00E+14 1.00E+15 1.00E+16
 1.55E-01 2.33E-01 3.88E-01 7.75E-01 1.55E+00 3.88E+00 7.75E+00 1.16E+01
 1.55E+01 2.33E+01 3.88E+01 7.75E+01 1.55E+02 2.33E+02
 1.00E-74 1.00E-74 1.00E-74 5.15E-30 1.52E-19 2.14E-13 1.96E-11 8.33E-11
 1.64E-10 3.00E-10 4.35E-10 4.88E-10 4.37E-10 3.90E-10
 1.00E-74 1.00E-74 1.00E-74 5.09E-30 1.47E-19 2.05E-13 1.95E-11 8.31E-11
 1.64E-10 2.99E-10 4.32E-10 4.84E-10 4.31E-10 3.83E-10
 1.00E-74 1.00E-74 1.00E-74 5.09E-30 1.46E-19 2.04E-13 1.95E-11 8.31E-11
 1.64E-10 2.99E-10 4.32E-10 4.83E-10 4.29E-10 3.82E-10
 1.00E-74 1.00E-74 1.00E-74 5.08E-30 1.46E-19 2.04E-13 1.95E-11 8.32E-11
 1.64E-10 2.98E-10 4.29E-10 4.79E-10 4.26E-10 3.79E-10
 1.00E-74 1.00E-74 1.00E-74 5.05E-30 1.43E-19 1.98E-13 1.90E-11 8.05E-11
 1.57E-10 2.83E-10 4.03E-10 4.49E-10 4.03E-10 3.60E-10
 1.00E-74 1.00E-74 3.46E-51 5.00E-30 1.33E-19 1.76E-13 1.62E-11 6.55E-11
 1.22E-10 2.05E-10 2.76E-10 3.05E-10 2.87E-10 2.66E-10
 1.00E-74 1.00E-74 5.72E-51 6.67E-30 1.65E-19 2.02E-13 1.62E-11 5.69E-11
 9.53E-11 1.42E-10 1.76E-10 1.89E-10 1.81E-10 1.72E-10
  556.489    7  14 /pl=01:ss= 2:pb= 1:sz= 2/type=excit/ispb = t/isel =   35
 1.00E+10 1.00E+11 1.00E+12 1.00E+13 1.00E+14 1.00E+15 1.00E+16
 1.55E-01 2.33E-01 3.88E-01 7.75E-01 1.55E+00 3.88E+00 7.75E+00 1.16E+01
 1.55E+01 2.33E+01 3.88E+01 7.75E+01 1.55E+02 2.33E+02
 1.00E-74 1.00E-74 5.07E-35 7.20E-22 2.13E-15 1.20E-11 1.77E-10 4.10E-10
 6.02E-10 8.42E-10 1.03E-09 1.09E-09 1.05E-09 1.01E-09
 1.00E-74 1.00E-74 5.11E-35 7.20E-22 2.09E-15 1.16E-11 1.76E-10 4.09E-10
 6.01E-10 8.40E-10 1.02E-09 1.08E-09 1.04E-09 9.88E-10
 1.00E-74 1.00E-74 5.11E-35 7.20E-22 2.08E-15 1.16E-11 1.76E-10 4.09E-10
 6.01E-10 8.39E-10 1.02E-09 1.08E-09 1.03E-09 9.85E-10
 1.00E-74 1.00E-74 5.11E-35 7.20E-22 2.08E-15 1.16E-11 1.77E-10 4.11E-10
 6.03E-10 8.39E-10 1.02E-09 1.07E-09 1.03E-09 9.77E-10
 1.00E-74 1.00E-74 5.11E-35 7.20E-22 2.08E-15 1.16E-11 1.78E-10 4.14E-10
 6.02E-10 8.26E-10 9.85E-10 1.03E-09 9.84E-10 9.39E-10
 1.00E-74 1.00E-74 5.09E-35 7.18E-22 2.08E-15 1.17E-11 1.77E-10 3.95E-10
 5.48E-10 6.98E-10 7.74E-10 7.79E-10 7.55E-10 7.34E-10
 1.00E-74 1.00E-74 4.85E-35 6.91E-22 2.02E-15 1.15E-11 1.63E-10 3.24E-10
 4.09E-10 4.66E-10 4.76E-10 4.59E-10 4.42E-10 4.32E-10
  563.952    7  14 /pl=01:ss= 2:pb= 1:sz= 2/type=excit/ispb = t/isel =   36
 1.00E+10 1.00E+11 1.00E+12 1.00E+13 1.00E+14 1.00E+15 1.00E+16
 1.55E-01 2.33E-01 3.88E-01 7.75E-01 1.55E+00 3.88E+00 7.75E+00 1.16E+01
 1.55E+01 2.33E+01 3.88E+01 7.75E+01 1.55E+02 2.33E+02
 1.00E-74 1.00E-74 1.00E-74 6.45E-30 1.29E-19 1.45E-13 1.24E-11 5.14E-11
 9.99E-11 1.81E-10 2.60E-10 2.90E-10 2.61E-10 2.32E-10
 1.00E-74 1.00E-74 1.00E-74 6.39E-30 1.25E-19 1.39E-13 1.23E-11 5.13E-11
 9.96E-11 1.80E-10 2.59E-10 2.88E-10 2.57E-10 2.28E-10
 1.00E-74 1.00E-74 1.00E-74 6.35E-30 1.24E-19 1.38E-13 1.23E-11 5.11E-11
 9.93E-11 1.79E-10 2.58E-10 2.86E-10 2.55E-10 2.26E-10
 1.00E-74 1.00E-74 1.00E-74 6.07E-30 1.19E-19 1.33E-13 1.19E-11 4.96E-11
 9.64E-11 1.74E-10 2.49E-10 2.77E-10 2.48E-10 2.21E-10
 1.00E-74 1.00E-74 6.76E-51 4.25E-30 8.58E-20 9.83E-14 8.99E-12 3.76E-11
 7.31E-11 1.32E-10 1.90E-10 2.16E-10 2.00E-10 1.81E-10
 1.00E-74 1.00E-74 3.04E-51 1.86E-30 3.62E-20 4.00E-14 3.54E-12 1.41E-11
 2.63E-11 4.44E-11 6.10E-11 7.03E-11 7.03E-11 6.79E-11
 1.00E-74 1.00E-74 3.25E-51 1.81E-30 3.08E-20 2.96E-14 2.21E-12 7.55E-12
 1.25E-11 1.84E-11 2.26E-11 2.42E-11 2.33E-11 2.23E-11
  578.543    7  14 /pl=01:ss= 2:pb= 1:sz= 2/type=excit/ispb = t/isel =   37
 1.00E+10 1.00E+11 1.00E+12 1.00E+13 1.00E+14 1.00E+15 1.00E+16
 1.55E-01 2.33E-01 3.88E-01 7.75E-01 1.55E+00 3.88E+00 7.75E+00 1.16E+01
 1.55E+01 2.33E+01 3.88E+01 7.75E+01 1.55E+02 2.33E+02
 1.00E-74 1.00E-74 9.11E-35 4.14E-22 6.91E-16 3.57E-12 7.18E-11 1.92E-10
 3.06E-10 4.66E-10 6.02E-10 6.47E-10 5.96E-10 5.48E-10
 1.00E-74 1.00E-74 1.03E-34 4.80E-22 8.14E-16 3.95E-12 7.25E-11 1.92E-10
 3.06E-10 4.65E-10 6.00E-10 6.41E-10 5.87E-10 5.37E-10
 1.00E-74 1.00E-74 1.04E-34 4.88E-22 8.28E-16 3.99E-12 7.25E-11 1.92E-10
 3.05E-10 4.64E-10 5.97E-10 6.38E-10 5.84E-10 5.35E-10
 1.00E-74 1.00E-74 1.04E-34 4.89E-22 8.30E-16 3.99E-12 7.17E-11 1.89E-10
 3.00E-10 4.54E-10 5.83E-10 6.22E-10 5.70E-10 5.23E-10
 1.00E-74 1.00E-74 1.04E-34 4.89E-22 8.28E-16 3.91E-12 6.77E-11 1.75E-10
 2.75E-10 4.12E-10 5.24E-10 5.59E-10 5.18E-10 4.78E-10
 1.00E-74 1.10E-51 1.04E-34 4.86E-22 8.16E-16 3.63E-12 5.87E-11 1.47E-10
 2.22E-10 3.13E-10 3.75E-10 3.90E-10 3.68E-10 3.48E-10
 1.00E-74 8.83E-52 9.33E-35 4.37E-22 7.14E-16 2.71E-12 3.79E-11 8.25E-11
 1.13E-10 1.41E-10 1.57E-10 1.62E-10 1.59E-10 1.56E-10
  586.737    7  14 /pl=01:ss= 2:pb= 1:sz= 2/type=excit/ispb = t/isel =   38
 1.00E+10 1.00E+11 1.00E+12 1.00E+13 1.00E+14 1.00E+15 1.00E+16
 1.55E-01 2.33E-01 3.88E-01 7.75E-01 1.55E+00 3.88E+00 7.75E+00 1.16E+01
 1.55E+01 2.33E+01 3.88E+01 7.75E+01 1.55E+02 2.33E+02
 1.00E-74 1.00E-74 5.96E-35 2.70E-23 2.31E-17 5.62E-13 2.53E-11 8.98E-11
 1.64E-10 2.81E-10 3.96E-10 4.47E-10 4.18E-10 3.83E-10
 1.00E-74 1.59E-50 6.18E-35 2.80E-23 2.35E-17 5.56E-13 2.52E-11 8.95E-11
 1.63E-10 2.80E-10 3.93E-10 4.42E-10 4.10E-10 3.75E-10
 1.00E-74 1.35E-50 6.24E-35 2.83E-23 2.36E-17 5.52E-13 2.49E-11 8.79E-11
 1.60E-10 2.73E-10 3.83E-10 4.31E-10 4.00E-10 3.67E-10
 1.00E-74 1.45E-50 6.57E-35 2.93E-23 2.41E-17 5.14E-13 2.16E-11 7.35E-11
 1.31E-10 2.20E-10 3.05E-10 3.45E-10 3.26E-10 3.03E-10
 1.00E-74 2.20E-50 9.25E-35 3.62E-23 2.28E-17 2.79E-13 9.30E-12 2.91E-11
 4.95E-11 7.96E-11 1.07E-10 1.22E-10 1.21E-10 1.16E-10
 1.00E-74 4.59E-50 1.95E-34 5.50E-23 1.58E-17 7.30E-14 1.95E-12 5.57E-12
 8.87E-12 1.30E-11 1.63E-11 1.80E-11 1.82E-11 1.81E-11
 1.00E-74 2.83E-50 1.45E-34 4.29E-23 1.08E-17 2.29E-14 3.82E-13 8.74E-13
 1.21E-12 1.53E-12 1.72E-12 1.82E-12 1.85E-12 1.86E-12
  604.858    7  14 /pl=01:ss= 2:pb= 1:sz= 2/type=excit/ispb = t/isel =   39
 1.00E+10 1.00E+11 1.00E+12 1.00E+13 1.00E+14 1.00E+15 1.00E+16
 1.55E-01 2.33E-01 3.88E-01 7.75E-01 1.55E+00 3.88E+00 7.75E+00 1.16E+01
 1.55E+01 2.33E+01 3.88E+01 7.75E+01 1.55E+02 2.33E+02
 1.00E-74 1.00E-74 5.88E-36 8.30E-24 2.24E-17 6.87E-13 2.54E-11 8.46E-11
 1.50E-10 2.53E-10 3.52E-10 4.01E-10 3.79E-10 3.51E-10
 1.00E-74 1.00E-74 6.61E-36 9.55E-24 2.32E-17 6.70E-13 2.52E-11 8.42E-11
 1.49E-10 2.51E-10 3.49E-10 3.95E-10 3.72E-10 3.43E-10
 1.00E-74 5.70E-52 6.68E-36 9.66E-24 2.31E-17 6.51E-13 2.44E-11 8.10E-11
 1.43E-10 2.40E-10 3.34E-10 3.80E-10 3.58E-10 3.31E-10
 1.00E-74 3.42E-52 6.63E-36 9.46E-24 2.08E-17 5.26E-13 1.86E-11 6.03E-11
 1.05E-10 1.74E-10 2.42E-10 2.78E-10 2.69E-10 2.53E-10
 1.00E-74 4.10E-52 7.96E-36 9.63E-24 1.31E-17 2.12E-13 6.75E-12 2.09E-11
 3.54E-11 5.68E-11 7.71E-11 8.88E-11 8.90E-11 8.63E-11
 1.00E-74 9.20E-52 1.76E-35 1.40E-23 6.62E-18 4.89E-14 1.41E-12 4.08E-12
 6.53E-12 9.67E-12 1.22E-11 1.35E-11 1.37E-11 1.36E-11
 1.00E-74 5.84E-52 1.35E-35 1.13E-23 4.41E-18 1.51E-14 2.84E-13 6.64E-13
 9.26E-13 1.18E-12 1.34E-12 1.42E-12 1.45E-12 1.46E-12
  718.711    7  14 /pl=01:ss= 2:pb= 1:sz= 2/type=excit/ispb = t/isel =   40
 1.00E+10 1.00E+11 1.00E+12 1.00E+13 1.00E+14 1.00E+15 1.00E+16
 1.55E-01 2.33E-01 3.88E-01 7.75E-01 1.55E+00 3.88E+00 7.75E+00 1.16E+01
 1.55E+01 2.33E+01 3.88E+01 7.75E+01 1.55E+02 2.33E+02
 1.00E-74 1.48E-43 1.13E-29 2.36E-19 2.62E-14 2.27E-11 2.13E-10 4.49E-10
 6.56E-10 9.41E-10 1.19E-09 1.25E-09 1.13E-09 1.02E-09
 1.00E-74 1.63E-43 1.28E-29 2.74E-19 3.09E-14 2.53E-11 2.15E-10 4.50E-10
 6.58E-10 9.41E-10 1.18E-09 1.24E-09 1.11E-09 1.00E-09
 1.00E-74 1.64E-43 1.30E-29 2.78E-19 3.14E-14 2.56E-11 2.15E-10 4.48E-10
 6.54E-10 9.34E-10 1.17E-09 1.23E-09 1.10E-09 9.96E-10
 1.00E-74 1.64E-43 1.30E-29 2.78E-19 3.15E-14 2.55E-11 2.10E-10 4.33E-10
 6.27E-10 8.89E-10 1.11E-09 1.17E-09 1.05E-09 9.54E-10
 1.00E-74 1.63E-43 1.29E-29 2.77E-19 3.13E-14 2.51E-11 1.96E-10 3.90E-10
 5.52E-10 7.65E-10 9.39E-10 9.83E-10 8.96E-10 8.19E-10
 1.00E-74 1.47E-43 1.19E-29 2.61E-19 3.00E-14 2.32E-11 1.64E-10 3.02E-10
 4.02E-10 5.14E-10 5.88E-10 6.01E-10 5.64E-10 5.31E-10
 1.00E-74 7.52E-44 6.75E-30 1.68E-19 2.11E-14 1.43E-11 8.11E-11 1.28E-10
 1.52E-10 1.70E-10 1.79E-10 1.81E-10 1.79E-10 1.77E-10
  801.642    7  14 /pl=01:ss= 2:pb= 1:sz= 2/type=excit/ispb = t/isel =   41
 1.00E+10 1.00E+11 1.00E+12 1.00E+13 1.00E+14 1.00E+15 1.00E+16
 1.55E-01 2.33E-01 3.88E-01 7.75E-01 1.55E+00 3.88E+00 7.75E+00 1.16E+01
 1.55E+01 2.33E+01 3.88E+01 7.75E+01 1.55E+02 2.33E+02
 1.00E-74 4.78E-37 1.30E-25 3.97E-17 5.50E-13 1.23E-10 7.29E-10 1.54E-09
 2.35E-09 3.57E-09 4.73E-09 5.14E-09 4.63E-09 4.17E-09
 1.00E-74 4.78E-37 1.29E-25 3.93E-17 5.33E-13 1.18E-10 7.25E-10 1.54E-09
 2.34E-09 3.56E-09 4.71E-09 5.09E-09 4.56E-09 4.08E-09
 1.00E-74 4.78E-37 1.29E-25 3.93E-17 5.31E-13 1.17E-10 7.24E-10 1.54E-09
 2.34E-09 3.56E-09 4.69E-09 5.08E-09 4.55E-09 4.07E-09
 1.00E-74 4.77E-37 1.29E-25 3.92E-17 5.30E-13 1.17E-10 7.25E-10 1.53E-09
 2.32E-09 3.51E-09 4.61E-09 4.98E-09 4.46E-09 4.00E-09
 2.97E-51 4.70E-37 1.28E-25 3.89E-17 5.27E-13 1.17E-10 7.15E-10 1.48E-09
 2.21E-09 3.27E-09 4.22E-09 4.52E-09 4.08E-09 3.68E-09
 1.78E-51 4.10E-37 1.15E-25 3.60E-17 4.98E-13 1.08E-10 6.11E-10 1.16E-09
 1.61E-09 2.16E-09 2.54E-09 2.64E-09 2.49E-09 2.33E-09
 7.13E-52 1.79E-37 5.64E-26 2.05E-17 3.20E-13 6.55E-11 2.77E-10 4.36E-10
 5.28E-10 6.04E-10 6.38E-10 6.45E-10 6.38E-10 6.29E-10
  899.200    7  14 /pl=01:ss= 2:pb= 1:sz= 2/type=excit/ispb = t/isel =   42
 1.00E+10 1.00E+11 1.00E+12 1.00E+13 1.00E+14 1.00E+15 1.00E+16
 1.55E-01 2.33E-01 3.88E-01 7.75E-01 1.55E+00 3.88E+00 7.75E+00 1.16E+01
 1.55E+01 2.33E+01 3.88E+01 7.75E+01 1.55E+02 2.33E+02
 1.00E-74 1.00E-74 1.45E-41 2.34E-25 2.36E-17 1.12E-12 3.39E-11 9.98E-11
 1.64E-10 2.52E-10 3.22E-10 3.36E-10 2.97E-10 2.66E-10
 1.00E-74 1.00E-74 1.45E-41 2.32E-25 2.29E-17 1.08E-12 3.37E-11 9.95E-11
 1.63E-10 2.52E-10 3.20E-10 3.32E-10 2.93E-10 2.61E-10
 1.00E-74 1.00E-74 1.44E-41 2.31E-25 2.27E-17 1.07E-12 3.37E-11 9.94E-11
 1.63E-10 2.51E-10 3.20E-10 3.31E-10 2.92E-10 2.60E-10
 1.00E-74 1.00E-74 1.41E-41 2.27E-25 2.24E-17 1.06E-12 3.34E-11 9.86E-11
 1.62E-10 2.48E-10 3.14E-10 3.25E-10 2.86E-10 2.56E-10
 1.00E-74 1.00E-74 1.14E-41 1.94E-25 1.98E-17 9.54E-13 3.04E-11 8.96E-11
 1.46E-10 2.21E-10 2.78E-10 2.87E-10 2.55E-10 2.30E-10
 1.00E-74 1.00E-74 4.88E-42 8.96E-26 9.97E-18 5.08E-13 1.62E-11 4.63E-11
 7.25E-11 1.04E-10 1.25E-10 1.30E-10 1.24E-10 1.18E-10
 1.00E-74 1.00E-74 2.78E-42 3.93E-26 3.72E-18 1.82E-13 5.20E-12 1.30E-11
 1.85E-11 2.36E-11 2.62E-11 2.67E-11 2.62E-11 2.57E-11
  1988.47    7  14 /pl=01:ss= 2:pb= 1:sz= 2/type=excit/ispb = t/isel =   43
 1.00E+10 1.00E+11 1.00E+12 1.00E+13 1.00E+14 1.00E+15 1.00E+16
 1.55E-01 2.33E-01 3.88E-01 7.75E-01 1.55E+00 3.88E+00 7.75E+00 1.16E+01
 1.55E+01 2.33E+01 3.88E+01 7.75E+01 1.55E+02 2.33E+02
 1.00E-74 1.00E-74 1.93E-41 1.54E-25 1.25E-17 7.65E-13 3.08E-11 9.57E-11
 1.61E-10 2.55E-10 3.36E-10 3.60E-10 3.27E-10 2.97E-10
 1.00E-74 1.00E-74 2.17E-41 1.78E-25 1.47E-17 8.48E-13 3.11E-11 9.59E-11
 1.61E-10 2.54E-10 3.34E-10 3.56E-10 3.22E-10 2.92E-10
 1.00E-74 1.00E-74 2.20E-41 1.81E-25 1.50E-17 8.57E-13 3.11E-11 9.58E-11
 1.61E-10 2.54E-10 3.34E-10 3.56E-10 3.22E-10 2.91E-10
 1.00E-74 1.00E-74 2.17E-41 1.79E-25 1.49E-17 8.50E-13 3.07E-11 9.46E-11
 1.59E-10 2.51E-10 3.30E-10 3.53E-10 3.21E-10 2.91E-10
 1.00E-74 1.00E-74 1.98E-41 1.64E-25 1.36E-17 7.74E-13 2.77E-11 8.50E-11
 1.43E-10 2.25E-10 2.96E-10 3.22E-10 3.00E-10 2.76E-10
 1.00E-74 1.00E-74 1.66E-41 1.22E-25 9.47E-18 4.87E-13 1.64E-11 4.89E-11
 7.96E-11 1.20E-10 1.52E-10 1.68E-10 1.68E-10 1.63E-10
 1.00E-74 1.00E-74 1.52E-41 1.03E-25 7.17E-18 2.97E-13 8.08E-12 2.02E-11
 2.89E-11 3.75E-11 4.26E-11 4.46E-11 4.48E-11 4.44E-11
  2293.05    7  14 /pl=01:ss= 2:pb= 1:sz= 2/type=excit/ispb = t/isel =   44
 1.00E+10 1.00E+11 1.00E+12 1.00E+13 1.00E+14 1.00E+15 1.00E+16
 1.55E-01 2.33E-01 3.88E-01 7.75E-01 1.55E+00 3.88E+00 7.75E+00 1.16E+01
 1.55E+01 2.33E+01 3.88E+01 7.75E+01 1.55E+02 2.33E+02
 1.00E-74 1.00E-74 1.15E-44 7.10E-27 4.44E-18 6.18E-13 2.59E-11 8.46E-11
 1.47E-10 2.39E-10 3.23E-10 3.62E-10 3.48E-10 3.28E-10
 1.00E-74 1.00E-74 1.14E-44 7.02E-27 4.31E-18 5.93E-13 2.58E-11 8.44E-11
 1.46E-10 2.38E-10 3.21E-10 3.58E-10 3.42E-10 3.22E-10
 1.00E-74 1.00E-74 1.14E-44 7.02E-27 4.29E-18 5.91E-13 2.58E-11 8.45E-11
 1.46E-10 2.38E-10 3.21E-10 3.58E-10 3.42E-10 3.21E-10
 1.00E-74 1.00E-74 1.15E-44 7.04E-27 4.30E-18 5.93E-13 2.60E-11 8.53E-11
 1.48E-10 2.39E-10 3.21E-10 3.56E-10 3.40E-10 3.20E-10
 1.00E-74 1.00E-74 1.18E-44 7.18E-27 4.36E-18 6.00E-13 2.66E-11 8.72E-11
 1.50E-10 2.39E-10 3.16E-10 3.47E-10 3.31E-10 3.11E-10
 1.00E-74 1.00E-74 1.23E-44 7.39E-27 4.41E-18 6.00E-13 2.64E-11 8.30E-11
 1.36E-10 2.02E-10 2.50E-10 2.65E-10 2.57E-10 2.47E-10
 1.00E-74 1.00E-74 1.35E-44 8.01E-27 4.75E-18 6.34E-13 2.50E-11 6.93E-11
 1.03E-10 1.36E-10 1.54E-10 1.57E-10 1.51E-10 1.45E-10
  2787.84    7  14 /pl=01:ss= 2:pb= 1:sz= 2/type=excit/ispb = t/isel =   45
 1.00E+10 1.00E+11 1.00E+12 1.00E+13 1.00E+14 1.00E+15 1.00E+16
 1.55E-01 2.33E-01 3.88E-01 7.75E-01 1.55E+00 3.88E+00 7.75E+00 1.16E+01
 1.55E+01 2.33E+01 3.88E+01 7.75E+01 1.55E+02 2.33E+02
 1.00E-74 1.00E-74 7.84E-42 2.22E-25 2.91E-17 1.79E-12 6.14E-11 1.74E-10
 2.77E-10 4.13E-10 5.14E-10 5.32E-10 4.75E-10 4.28E-10
 1.00E-74 1.00E-74 8.83E-42 2.57E-25 3.42E-17 1.99E-12 6.21E-11 1.74E-10
 2.77E-10 4.12E-10 5.12E-10 5.26E-10 4.67E-10 4.20E-10
 1.00E-74 1.00E-74 8.92E-42 2.60E-25 3.47E-17 2.01E-12 6.19E-11 1.73E-10
 2.76E-10 4.09E-10 5.08E-10 5.22E-10 4.63E-10 4.17E-10
 1.00E-74 1.00E-74 8.67E-42 2.55E-25 3.42E-17 1.98E-12 6.02E-11 1.67E-10
 2.65E-10 3.91E-10 4.84E-10 4.97E-10 4.44E-10 4.00E-10
 1.00E-74 1.00E-74 6.76E-42 2.11E-25 2.96E-17 1.73E-12 5.14E-11 1.40E-10
 2.20E-10 3.20E-10 3.92E-10 4.05E-10 3.67E-10 3.35E-10
 1.00E-74 1.00E-74 2.65E-42 9.05E-26 1.39E-17 8.59E-13 2.53E-11 6.82E-11
 1.04E-10 1.46E-10 1.73E-10 1.81E-10 1.74E-10 1.67E-10
 1.00E-74 1.00E-74 1.25E-42 3.68E-26 5.21E-18 3.00E-13 8.47E-12 2.11E-11
 3.00E-11 3.83E-11 4.28E-11 4.40E-11 4.33E-11 4.24E-11
  2850.63    7  14 /pl=01:ss= 2:pb= 1:sz= 2/type=excit/ispb = t/isel =   46
 1.00E+10 1.00E+11 1.00E+12 1.00E+13 1.00E+14 1.00E+15 1.00E+16
 1.55E-01 2.33E-01 3.88E-01 7.75E-01 1.55E+00 3.88E+00 7.75E+00 1.16E+01
 1.55E+01 2.33E+01 3.88E+01 7.75E+01 1.55E+02 2.33E+02
 1.00E-74 1.00E-74 4.90E-41 7.94E-25 7.99E-17 3.81E-12 1.15E-10 3.38E-10
 5.55E-10 8.55E-10 1.09E-09 1.14E-09 1.01E-09 9.02E-10
 1.00E-74 1.00E-74 4.90E-41 7.86E-25 7.74E-17 3.66E-12 1.14E-10 3.37E-10
 5.53E-10 8.52E-10 1.09E-09 1.13E-09 9.91E-10 8.84E-10
 1.00E-74 1.00E-74 4.88E-41 7.83E-25 7.70E-17 3.63E-12 1.14E-10 3.37E-10
 5.53E-10 8.51E-10 1.08E-09 1.12E-09 9.87E-10 8.80E-10
 1.00E-74 1.00E-74 4.77E-41 7.69E-25 7.60E-17 3.59E-12 1.13E-10 3.34E-10
 5.47E-10 8.40E-10 1.06E-09 1.10E-09 9.70E-10 8.65E-10
 1.00E-74 1.00E-74 3.86E-41 6.57E-25 6.71E-17 3.23E-12 1.03E-10 3.03E-10
 4.94E-10 7.49E-10 9.40E-10 9.72E-10 8.65E-10 7.79E-10
 1.00E-74 1.00E-74 1.65E-41 3.03E-25 3.38E-17 1.72E-12 5.49E-11 1.57E-10
 2.46E-10 3.52E-10 4.22E-10 4.42E-10 4.21E-10 4.00E-10
 1.00E-74 1.00E-74 9.40E-42 1.33E-25 1.26E-17 6.15E-13 1.76E-11 4.41E-11
 6.25E-11 7.98E-11 8.86E-11 9.05E-11 8.87E-11 8.69E-11
  2881.01    7  14 /pl=01:ss= 2:pb= 1:sz= 2/type=excit/ispb = t/isel =   47
 1.00E+10 1.00E+11 1.00E+12 1.00E+13 1.00E+14 1.00E+15 1.00E+16
 1.55E-01 2.33E-01 3.88E-01 7.75E-01 1.55E+00 3.88E+00 7.75E+00 1.16E+01
 1.55E+01 2.33E+01 3.88E+01 7.75E+01 1.55E+02 2.33E+02
 1.00E-74 1.00E-74 4.38E-43 4.02E-26 9.68E-18 8.09E-13 3.05E-11 9.79E-11
 1.68E-10 2.71E-10 3.59E-10 3.85E-10 3.46E-10 3.12E-10
 1.00E-74 1.00E-74 4.38E-43 3.98E-26 9.40E-18 7.79E-13 3.03E-11 9.77E-11
 1.67E-10 2.70E-10 3.57E-10 3.81E-10 3.41E-10 3.06E-10
 1.00E-74 1.00E-74 4.37E-43 3.97E-26 9.36E-18 7.75E-13 3.03E-11 9.77E-11
 1.67E-10 2.70E-10 3.56E-10 3.80E-10 3.40E-10 3.05E-10
 1.00E-74 1.00E-74 4.30E-43 3.93E-26 9.27E-18 7.71E-13 3.03E-11 9.78E-11
 1.67E-10 2.69E-10 3.53E-10 3.76E-10 3.36E-10 3.02E-10
 1.00E-74 1.00E-74 3.75E-43 3.54E-26 8.55E-18 7.26E-13 2.90E-11 9.34E-11
 1.59E-10 2.53E-10 3.28E-10 3.48E-10 3.13E-10 2.83E-10
 1.00E-74 1.00E-74 2.28E-43 2.22E-26 5.56E-18 4.72E-13 1.84E-11 5.68E-11
 9.26E-11 1.38E-10 1.70E-10 1.82E-10 1.74E-10 1.65E-10
 1.00E-74 1.00E-74 1.80E-43 1.60E-26 3.65E-18 2.68E-13 8.72E-12 2.30E-11
 3.34E-11 4.38E-11 4.95E-11 5.10E-11 4.98E-11 4.84E-11
  3428.18    7  14 /pl=01:ss= 2:pb= 1:sz= 2/type=excit/ispb = t/isel =   48
 1.00E+10 1.00E+11 1.00E+12 1.00E+13 1.00E+14 1.00E+15 1.00E+16
 1.55E-01 2.33E-01 3.88E-01 7.75E-01 1.55E+00 3.88E+00 7.75E+00 1.16E+01
 1.55E+01 2.33E+01 3.88E+01 7.75E+01 1.55E+02 2.33E+02
 1.00E-74 1.00E-74 1.11E-38 6.44E-24 1.25E-16 2.41E-12 5.95E-11 1.69E-10
 2.75E-10 4.24E-10 5.49E-10 5.85E-10 5.33E-10 4.87E-10
 1.00E-74 1.00E-74 1.11E-38 6.36E-24 1.21E-16 2.31E-12 5.91E-11 1.69E-10
 2.74E-10 4.22E-10 5.46E-10 5.80E-10 5.25E-10 4.78E-10
 1.00E-74 1.00E-74 1.10E-38 6.33E-24 1.20E-16 2.29E-12 5.90E-11 1.68E-10
 2.74E-10 4.21E-10 5.45E-10 5.78E-10 5.23E-10 4.76E-10
 1.00E-74 1.00E-74 1.05E-38 6.07E-24 1.16E-16 2.24E-12 5.79E-11 1.65E-10
 2.69E-10 4.12E-10 5.32E-10 5.64E-10 5.11E-10 4.66E-10
 1.00E-74 1.00E-74 7.24E-39 4.48E-24 9.04E-17 1.82E-12 4.83E-11 1.39E-10
 2.24E-10 3.42E-10 4.40E-10 4.71E-10 4.37E-10 4.04E-10
 1.00E-74 1.00E-74 3.34E-39 2.07E-24 4.22E-17 8.48E-13 2.19E-11 6.00E-11
 9.31E-11 1.34E-10 1.64E-10 1.80E-10 1.81E-10 1.78E-10
 1.00E-74 1.00E-74 2.42E-39 1.41E-24 2.69E-17 4.83E-13 1.03E-11 2.36E-11
 3.21E-11 3.95E-11 4.31E-11 4.39E-11 4.35E-11 4.31E-11
  3711.95    7  14 /pl=01:ss= 2:pb= 1:sz= 2/type=excit/ispb = t/isel =   49
 1.00E+10 1.00E+11 1.00E+12 1.00E+13 1.00E+14 1.00E+15 1.00E+16
 1.55E-01 2.33E-01 3.88E-01 7.75E-01 1.55E+00 3.88E+00 7.75E+00 1.16E+01
 1.55E+01 2.33E+01 3.88E+01 7.75E+01 1.55E+02 2.33E+02
 1.00E-74 1.00E-74 6.13E-39 3.55E-24 6.88E-17 1.33E-12 3.28E-11 9.32E-11
 1.52E-10 2.33E-10 3.03E-10 3.23E-10 2.94E-10 2.69E-10
 1.00E-74 1.00E-74 6.11E-39 3.51E-24 6.67E-17 1.27E-12 3.26E-11 9.29E-11
 1.51E-10 2.33E-10 3.01E-10 3.20E-10 2.89E-10 2.63E-10
 1.00E-74 1.00E-74 6.08E-39 3.49E-24 6.62E-17 1.26E-12 3.25E-11 9.28E-11
 1.51E-10 2.32E-10 3.00E-10 3.18E-10 2.88E-10 2.62E-10
 1.00E-74 1.00E-74 5.76E-39 3.35E-24 6.41E-17 1.23E-12 3.19E-11 9.12E-11
 1.48E-10 2.27E-10 2.93E-10 3.11E-10 2.82E-10 2.57E-10
 1.00E-74 1.00E-74 3.99E-39 2.47E-24 4.98E-17 1.00E-12 2.66E-11 7.64E-11
 1.24E-10 1.89E-10 2.43E-10 2.60E-10 2.41E-10 2.22E-10
 1.00E-74 1.00E-74 1.84E-39 1.14E-24 2.33E-17 4.67E-13 1.21E-11 3.31E-11
 5.13E-11 7.37E-11 9.06E-11 9.90E-11 9.97E-11 9.80E-11
 1.00E-74 1.00E-74 1.33E-39 7.77E-25 1.48E-17 2.66E-13 5.67E-12 1.30E-11
 1.77E-11 2.18E-11 2.37E-11 2.42E-11 2.40E-11 2.38E-11
  4308.49    7  14 /pl=01:ss= 2:pb= 1:sz= 2/type=excit/ispb = t/isel =   50
 1.00E+10 1.00E+11 1.00E+12 1.00E+13 1.00E+14 1.00E+15 1.00E+16
 1.55E-01 2.33E-01 3.88E-01 7.75E-01 1.55E+00 3.88E+00 7.75E+00 1.16E+01
 1.55E+01 2.33E+01 3.88E+01 7.75E+01 1.55E+02 2.33E+02
 1.00E-74 1.00E-74 5.32E-39 3.08E-24 5.98E-17 1.15E-12 2.85E-11 8.10E-11
 1.32E-10 2.03E-10 2.63E-10 2.80E-10 2.56E-10 2.33E-10
 1.00E-74 1.00E-74 5.31E-39 3.05E-24 5.80E-17 1.11E-12 2.83E-11 8.08E-11
 1.31E-10 2.02E-10 2.62E-10 2.78E-10 2.52E-10 2.29E-10
 1.00E-74 1.00E-74 5.28E-39 3.03E-24 5.76E-17 1.10E-12 2.82E-11 8.06E-11
 1.31E-10 2.02E-10 2.61E-10 2.77E-10 2.50E-10 2.28E-10
 1.00E-74 1.00E-74 5.01E-39 2.91E-24 5.57E-17 1.07E-12 2.77E-11 7.93E-11
 1.29E-10 1.98E-10 2.55E-10 2.70E-10 2.45E-10 2.23E-10
 1.00E-74 1.00E-74 3.47E-39 2.15E-24 4.33E-17 8.72E-13 2.32E-11 6.64E-11
 1.08E-10 1.64E-10 2.11E-10 2.26E-10 2.09E-10 1.93E-10
 1.00E-74 1.00E-74 1.60E-39 9.91E-25 2.02E-17 4.06E-13 1.05E-11 2.87E-11
 4.46E-11 6.40E-11 7.87E-11 8.61E-11 8.66E-11 8.52E-11
 1.00E-74 1.00E-74 1.16E-39 6.75E-25 1.29E-17 2.31E-13 4.93E-12 1.13E-11
 1.54E-11 1.89E-11 2.06E-11 2.10E-11 2.09E-11 2.07E-11
c-------------------------------------------------------------------------------
 
C  root partition information
C  ==========================
C
C  nuclear charge : 18
C  ion charge+1   :  3
C
C  population calculation information
C  ----------------------------------
C
C  population processing code: adas810
C
C  adf04 source file    : adf04_copmm#18_ls_40#ar2.dat
C  adf18/a17_p208 file  : NULL
C
C  meta. ion. coeff. selector  : 
 
C  options  : lnorm =T  lpsel =F  lzsel =T  liosel=F
C           : lhsel =F  lrsel =F  lisel =F  lnsel =F
 
C  energy levels
C  -------------
C
C   lv      configuration    (2S+1)L(w-1/2)      energy (cm^-1)
C  ---   ------------------- --------------      --------------
c    1   24545                  (3)1(  4.0)             0.0
c    2   24545                  (1)2(  2.0)         12226.0
c    3   24545                  (1)0(  0.0)         36826.0
c    4   14555                  (3)1(  4.0)        124744.0
c    5   14555                  (1)1(  1.0)        151364.0
c    6   24535516               (5)2( 12.0)        152884.0
c    7   24535516               (3)3( 10.0)        170434.0
c    8   24535516               (1)0(  0.0)        171704.0
c    9   24535516               (3)4( 13.0)        177554.0
c   10   24535517               (5)0(  2.0)        179944.0
c   11   24535516               (1)4(  4.0)        181374.0
c   12   24535516               (1)2(  2.0)        185074.0
c   13   24535517               (3)0(  1.0)        185964.0
c   14   24535516               (3)2(  7.0)        188194.0
c   15   24535516               (3)3( 10.0)        191344.0
c   16   24535516               (3)2(  7.0)        191924.0
c   17   24535516               (3)2(  7.0)        192204.0
c   18   24535516               (3)1(  4.0)        193624.0
c   19   24535517               (3)2(  7.0)        200874.0
c   20   24535517               (1)2(  2.0)        203844.0
c   21   24535516               (1)3(  3.0)        203934.0
c   22   24535516               (3)0(  1.0)        205064.0
c   23   24535518               (5)1(  7.0)        210654.0
c   24   24535517               (3)1(  4.0)        212114.0
c   25   24535518               (3)1(  4.0)        215134.0
c   26   24535517               (1)1(  1.0)        215424.0
c   27   24535516               (3)1(  4.0)        217704.0
c   28   24535516               (1)2(  2.0)        221054.0
c   29   24535516               (1)1(  1.0)        223264.0
c   30   24535516               (1)3(  3.0)        227844.0
c   31   24535518               (1)1(  1.0)        229384.0
c   32   24535518               (3)2(  7.0)        230134.0
c   33   24535518               (3)3( 10.0)        230814.0
c   34   24535518               (1)3(  3.0)        231664.0
c   35   24535518               (3)1(  4.0)        235954.0
c   36   24535518               (1)2(  2.0)        239714.0
c   37   24535516               (1)1(  1.0)        239844.0
c   38   24535518               (3)0(  1.0)        243404.0
c   39   24535518               (3)2(  7.0)        243964.0
c   40   24535518               (1)1(  1.0)        245534.0
c   41   24535518               (3)1(  4.0)        246824.0
c   42   24535518               (1)2(  2.0)        247994.0
c   43   24535519               (5)2( 12.0)        252384.0
c   44   24535518               (1)0(  0.0)        255944.0
c   45   2453551B               (5)0(  2.0)        256844.0
c   46   2453551B               (3)0(  1.0)        258604.0
c   47   24535519               (3)2(  7.0)        258744.0
c   48   2453551C               (5)1(  7.0)        268434.0
c   49   2453551A               (5)3( 17.0)        269194.0
c   50   2453551C               (3)1(  4.0)        270554.0
c   51   2453551A               (3)3( 10.0)        270634.0
c   52   14545516               (5)2( 12.0)        270914.0
c   53   24535519               (1)0(  0.0)        271664.0
c   54   24535519               (3)3( 10.0)        271854.0
c   55   24535519               (3)4( 13.0)        272794.0
c   56   24535519               (1)4(  4.0)        273294.0
c   57   24535519               (3)2(  7.0)        274004.0
c   58   24535519               (1)1(  1.0)        275924.0
c   59   24535519               (3)0(  1.0)        276564.0
c   60   24535519               (3)1(  4.0)        276614.0
c   61   2453551B               (3)2(  7.0)        276804.0
c   62   24535519               (1)2(  2.0)        276864.0
c   63   2453551B               (1)2(  2.0)        278484.0
c   64   24535519               (1)3(  3.0)        280474.0
c   65   14545516               (5)3( 17.0)        282194.0
c   66   2453551D               (5)2( 12.0)        285354.0
c   67   24535519               (3)3( 10.0)        285694.0
c   68   24535519               (3)1(  4.0)        286184.0
c   69   24535519               (3)2(  7.0)        286244.0
c   70   2453551G               (5)0(  2.0)        287274.0
c   71   24535519               (1)2(  2.0)        287554.0
c   72   2453551C               (3)2(  7.0)        287954.0
c   73   2453551G               (3)0(  1.0)        288104.0
c   74   2453551C               (3)3( 10.0)        288164.0
c   75   2453551C               (1)1(  1.0)        288174.0
c   76   14545516               (5)1(  7.0)        288274.0
c   77   2453551C               (1)3(  3.0)        288454.0
c   78   2453551A               (3)3( 10.0)        289304.0
c   79   2453551A               (3)4( 13.0)        289354.0
c   80   2453551C               (3)1(  4.0)        289524.0
c   81   2453551A               (3)2(  7.0)        289624.0
c   82   2453551A               (1)1(  1.0)        289624.0
c   83   2453551D               (3)2(  7.0)        289664.0
c   84   2453551A               (1)2(  2.0)        289894.0
c   85   2453551B               (3)1(  4.0)        289924.0
c   86   2453551A               (3)1(  4.0)        290004.0
c   87   2453551A               (3)5( 16.0)        290094.0
c   88   24535519               (1)3(  3.0)        290114.0
c   89   2453551A               (1)5(  5.0)        290164.0
c   90   2453551A               (1)3(  3.0)        290214.0
c   91   2453551A               (1)4(  4.0)        290354.0
c   92   2453551B               (1)1(  1.0)        290724.0
c   93   2453551C               (1)2(  2.0)        291654.0
c   94   2453551H               (5)1(  7.0)        292954.0
c   95   2453551E               (3)3( 10.0)        293454.0
c   96   2453551H               (3)1(  4.0)        294204.0
c   97   2453551E               (5)3( 17.0)        294394.0
c   98   24535519               (1)1(  1.0)        295184.0
c   99   2453551C               (3)0(  1.0)        301114.0
c  100   2453551C               (3)2(  7.0)        301234.0
c  101   14545516               (3)3( 10.0)        301344.0
c  102   2453551C               (1)1(  1.0)        301574.0
c  103   2453551I               (5)2( 12.0)        301604.0
c  104   14545516               (3)1(  4.0)        302064.0
c  105   2453551C               (3)1(  4.0)        302184.0
c  106   2453551C               (1)2(  2.0)        302624.0
c  107   2453551M               (5)0(  2.0)        302644.0
c  108   2453551A               (3)4( 13.0)        302694.0
c  109   2453551I               (3)2(  7.0)        302734.0
c  110   2453551A               (3)2(  7.0)        302774.0
c  111   2453551M               (3)0(  1.0)        303054.0
c  112   2453551A               (1)3(  3.0)        303124.0
c  113   2453551A               (1)4(  4.0)        303384.0
c  114   2453551A               (1)2(  2.0)        303464.0
c  115   2453551A               (3)3( 10.0)        303594.0
c  116   2453551D               (1)0(  0.0)        304794.0
c  117   2453551D               (3)3( 10.0)        304974.0
c  118   2453551D               (3)4( 13.0)        305284.0
c  119   2453551D               (1)4(  4.0)        305494.0
c  120   2453551N               (5)1(  7.0)        305844.0
c  121   2453551D               (3)2(  7.0)        305894.0
c  122   2453551C               (1)0(  0.0)        305974.0
c  123   2453551D               (1)1(  1.0)        306254.0
c  124   2453551J               (5)3( 17.0)        306374.0
c  125   2453551N               (3)1(  4.0)        306494.0
c  126   2453551D               (3)1(  4.0)        306504.0
c  127   2453551D               (3)0(  1.0)        306674.0
c  128   2453551J               (3)3( 10.0)        306824.0
c  129   14545516               (3)2(  7.0)        306914.0
c  130   2453551G               (3)2(  7.0)        307014.0
c  131   2453551G               (1)2(  2.0)        307064.0
c  132   2453551D               (1)2(  2.0)        307984.0
c  133   2453551D               (1)3(  3.0)        308584.0
c  134   2453551O               (5)2( 12.0)        310884.0
c  135   2453551E               (3)4( 13.0)        311794.0
c  136   2453551O               (3)2(  7.0)        311854.0
c  137   2453551H               (3)2(  7.0)        312494.0
c  138   2453551H               (3)3( 10.0)        312544.0
c  139   2453551H               (1)1(  1.0)        312624.0
c  140   2453551H               (1)3(  3.0)        312694.0
c  141   2453551E               (3)3( 10.0)        312764.0
c  142   2453551E               (1)1(  1.0)        312764.0
c  143   2453551E               (3)2(  7.0)        313084.0
c  144   2453551E               (3)1(  4.0)        313134.0
c  145   2453551E               (3)5( 16.0)        313184.0
c  146   2453551E               (1)2(  2.0)        313204.0
c  147   2453551E               (1)5(  5.0)        313254.0
c  148   2453551E               (1)3(  3.0)        313324.0
c  149   2453551E               (1)4(  4.0)        313424.0
c  150   2453551H               (3)1(  4.0)        313454.0
c  151   2453551P               (5)3( 17.0)        313754.0
c  152   2453551P               (3)3( 10.0)        313904.0
c  153   2453551H               (1)2(  2.0)        314354.0
c  154   14545516               (3)4( 13.0)        318094.0
c  155   2453551D               (3)3( 10.0)        318214.0
c  156   2453551D               (3)1(  4.0)        318374.0
c  157   2453551D               (1)2(  2.0)        318534.0
c  158   2453551D               (3)2(  7.0)        319124.0
c  159   2453551D               (1)3(  3.0)        319824.0
c  160   2453551G               (3)1(  4.0)        320094.0
c  161   2453551G               (1)1(  1.0)        320334.0
c  162   2453551I               (1)0(  0.0)        321094.0
c  163   2453551I               (3)3( 10.0)        321264.0
c  164   2453551I               (3)4( 13.0)        321354.0
c  165   2453551I               (1)1(  1.0)        321354.0
c  166   2453551I               (1)4(  4.0)        321474.0
c  167   2453551I               (3)2(  7.0)        321524.0
c  168   2453551I               (3)1(  4.0)        321954.0
c  169   2453551I               (3)0(  1.0)        322014.0
c  170   2453551M               (3)2(  7.0)        322284.0
c  171   2453551M               (1)2(  2.0)        322384.0
c  172   2453551D               (1)1(  1.0)        322754.0
c  173   2453551I               (1)2(  2.0)        322974.0
c  174   2453551I               (1)3(  3.0)        323214.0
c  175   2453551J               (3)3( 10.0)        324434.0
c  176   2453551J               (1)1(  1.0)        324944.0
c  177   2453551J               (3)2(  7.0)        325074.0
c  178   2453551J               (1)2(  2.0)        325154.0
c  179   2453551N               (1)1(  1.0)        325284.0
c  180   2453551N               (3)2(  7.0)        325344.0
c  181   2453551N               (3)3( 10.0)        325384.0
c  182   2453551N               (1)3(  3.0)        325414.0
c  183   2453551J               (3)1(  4.0)        325484.0
c  184   2453551J               (1)3(  3.0)        325574.0
c  185   2453551J               (1)4(  4.0)        325594.0
c  186   2453551H               (3)0(  1.0)        325604.0
c  187   2453551J               (3)5( 16.0)        325664.0
c  188   2453551J               (1)5(  5.0)        325734.0
c  189   2453551H               (3)2(  7.0)        325784.0
c  190   2453551N               (3)1(  4.0)        325844.0
c  191   2453551E               (3)3( 10.0)        325984.0
c  192   2453551E               (3)2(  7.0)        326104.0
c  193   2453551H               (1)2(  2.0)        326114.0
c  194   2453551H               (1)1(  1.0)        326184.0
c  195   2453551J               (3)4( 13.0)        326194.0
c  196   2453551H               (3)1(  4.0)        326324.0
c  197   2453551E               (1)3(  3.0)        326394.0
c  198   2453551E               (1)4(  4.0)        326594.0
c  199   2453551N               (1)2(  2.0)        326784.0
c  200   2453551E               (3)4( 13.0)        326864.0
c  201   2453551E               (1)2(  2.0)        326874.0
c  202   2453551H               (1)0(  0.0)        328164.0
c  203   14545516               (3)3( 10.0)        330014.0
c  204   2453551O               (1)0(  0.0)        330394.0
c  205   2453551O               (3)3( 10.0)        330434.0
c  206   2453551O               (3)4( 13.0)        330544.0
c  207   2453551O               (3)2(  7.0)        330604.0
c  208   2453551O               (1)4(  4.0)        330634.0
c  209   2453551O               (1)1(  1.0)        330764.0
c  210   2453551O               (3)1(  4.0)        330834.0
c  211   2453551O               (3)0(  1.0)        330914.0
c  212   2453551O               (1)2(  2.0)        331264.0
c  213   2453551O               (1)3(  3.0)        331704.0
c  214   2453551P               (1)1(  1.0)        332544.0
c  215   14545516               (1)4(  4.0)        332554.0
c  216   2453551P               (1)2(  2.0)        332944.0
c  217   2453551P               (3)2(  7.0)        332994.0
c  218   2453551P               (3)1(  4.0)        333124.0
c  219   2453551P               (3)5( 16.0)        333164.0
c  220   2453551P               (1)3(  3.0)        333194.0
c  221   2453551P               (1)5(  5.0)        333234.0
c  222   2453551P               (3)4( 13.0)        333384.0
c  223   2453551P               (3)3( 10.0)        333964.0
c  224   2453551P               (1)4(  4.0)        334024.0
c  225   2453551I               (3)3( 10.0)        334444.0
c  226   2453551I               (3)1(  4.0)        334454.0
c  227   14545516               (3)0(  1.0)        334584.0
c  228   2453551I               (3)2(  7.0)        334754.0
c  229   2453551I               (1)2(  2.0)        334884.0
c  230   2453551I               (1)3(  3.0)        335304.0
c  231   2453551M               (3)1(  4.0)        335424.0
c  232   2453551M               (1)1(  1.0)        335624.0
c  233   2453551I               (1)1(  1.0)        336614.0
c  234   14545516               (1)1(  1.0)        337164.0
c  235   2453551J               (3)2(  7.0)        337534.0
c  236   14545516               (1)2(  2.0)        338284.0
c  237   2453551J               (1)3(  3.0)        338494.0
c  238   2453551N               (3)0(  1.0)        338504.0
c  239   2453551N               (3)2(  7.0)        338564.0
c  240   2453551N               (1)1(  1.0)        338664.0
c  241   14545518               (5)1(  7.0)        338754.0
c  242   2453551N               (3)1(  4.0)        338834.0
c  243   2453551J               (3)3( 10.0)        338854.0
c  244   2453551N               (1)2(  2.0)        338974.0
c  245   2453551J               (3)4( 13.0)        339004.0
c  246   2453551J               (1)4(  4.0)        339074.0
c  247   2453551J               (1)2(  2.0)        339434.0
c  248   14545516               (3)2(  7.0)        340194.0
c  249   2453551N               (1)0(  0.0)        340194.0
c  250   14545518               (5)2( 12.0)        342164.0
c  251   14545516               (1)3(  3.0)        342584.0
c  252   2453551O               (3)1(  4.0)        343624.0
c  253   2453551O               (3)3( 10.0)        343634.0
c  254   2453551O               (3)2(  7.0)        343724.0
c  255   2453551O               (1)2(  2.0)        343854.0
c  256   2453551O               (1)3(  3.0)        344164.0
c  257   2453551O               (1)1(  1.0)        345084.0
c  258   14545518               (3)2(  7.0)        345694.0
c  259   14545516               (3)2(  7.0)        346234.0
c  260   2453551P               (3)3( 10.0)        346244.0
c  261   2453551P               (1)3(  3.0)        346284.0
c  262   2453551P               (3)2(  7.0)        346334.0
c  263   2453551P               (3)4( 13.0)        346424.0
c  264   2453551P               (1)2(  2.0)        346454.0
c  265   2453551P               (1)4(  4.0)        346474.0
c  266   14545518               (5)0(  2.0)        346684.0
c  267   14545518               (3)0(  1.0)        347904.0
c  268   14545516               (3)1(  4.0)        348234.0
c  269   14545518               (3)1(  4.0)        348734.0
c  270   14545516               (1)0(  0.0)        349534.0
c  271   14545516               (1)2(  2.0)        359774.0
c  272   14545516               (3)3( 10.0)        361654.0
c  273   14545516               (3)2(  7.0)        363884.0
c  274   14545516               (1)3(  3.0)        367784.0
c  275   14545516               (3)1(  4.0)        373664.0
c  276   14545518               (3)3( 10.0)        379264.0
c  277   14545518               (3)1(  4.0)        380544.0
c  278   14545519               (5)2( 12.0)        381094.0
c  279   14545518               (1)3(  3.0)        381534.0
c  280   14545518               (1)1(  1.0)        382494.0
c  281   14545518               (3)2(  7.0)        382904.0
c  282   14545519               (5)3( 17.0)        383284.0
c  283   14545519               (5)1(  7.0)        384634.0
c  284   14545518               (1)2(  2.0)        384874.0
c  285   14545519               (3)3( 10.0)        386264.0
c  286   14545519               (3)1(  4.0)        391384.0
c  287   14545519               (3)2(  7.0)        393184.0
c  288   14545516               (1)1(  1.0)        394554.0
c  289   1454551C               (5)1(  7.0)        398094.0
c  290   1454551C               (5)2( 12.0)        399224.0
c  291   14545518               (3)1(  4.0)        399994.0
c  292   1454551C               (3)2(  7.0)        400484.0
c  293   1454551C               (5)0(  2.0)        401014.0
c  294   1454551C               (3)0(  1.0)        401314.0
c  295   14545518               (1)1(  1.0)        402374.0
c  296   1454551C               (3)1(  4.0)        402804.0
c  297   14545516               (1)2(  2.0)        405974.0
c  298   1454551D               (5)2( 12.0)        415174.0
c  299   14545518               (3)1(  4.0)        415494.0
c  300   1454551D               (5)3( 17.0)        416224.0
c  301   1454551D               (5)1(  7.0)        416824.0
c  302   14545518               (3)2(  7.0)        417084.0
c  303   1454551D               (3)3( 10.0)        417324.0
c  304   1454551D               (3)1(  4.0)        417524.0
c  305   1454551D               (3)2(  7.0)        418424.0
c  306   14545518               (1)2(  2.0)        418454.0
c  307   14545518               (1)0(  0.0)        420054.0
c  308   14545519               (3)4( 13.0)        420064.0
c  309   14545518               (3)0(  1.0)        420624.0
c  310   14545519               (3)0(  1.0)        421024.0
c  311   14545519               (1)4(  4.0)        422264.0
c  312   14545519               (3)3( 10.0)        422514.0
c  313   1454551H               (5)1(  7.0)        422974.0
c  314   14545518               (1)1(  1.0)        423134.0
c  315   1454551H               (5)2( 12.0)        423724.0
c  316   14545519               (1)0(  0.0)        423804.0
c  317   1454551H               (3)2(  7.0)        424094.0
c  318   14545519               (3)2(  7.0)        424144.0
c  319   1454551H               (3)0(  1.0)        424484.0
c  320   14545519               (3)1(  4.0)        424514.0
c  321   1454551H               (5)0(  2.0)        424614.0
c  322   14545519               (1)3(  3.0)        424814.0
c  323   1454551H               (3)1(  4.0)        425354.0
c  324   14545519               (1)1(  1.0)        426404.0
c  325   14545519               (1)2(  2.0)        426854.0
c  326   1454551I               (5)2( 12.0)        431684.0
c  327   1454551I               (5)3( 17.0)        432384.0
c  328   1454551I               (5)1(  7.0)        432884.0
c  329   1454551I               (3)3( 10.0)        433064.0
c  330   1454551I               (3)2(  7.0)        434294.0
c  331   1454551I               (3)1(  4.0)        434504.0
c  332   1454551N               (5)1(  7.0)        436054.0
c  333   1454551N               (5)2( 12.0)        436604.0
c  334   1454551C               (3)3( 10.0)        436654.0
c  335   1454551N               (3)2(  7.0)        436804.0
c  336   1454551N               (3)1(  4.0)        437074.0
c  337   1454551N               (3)0(  1.0)        437344.0
c  338   1454551N               (5)0(  2.0)        437444.0
c  339   1454551C               (1)3(  3.0)        437534.0
c  340   1454551C               (3)2(  7.0)        437994.0
c  341   1454551C               (3)1(  4.0)        438034.0
c  342   1454551C               (1)2(  2.0)        438784.0
c  343   1454551C               (1)1(  1.0)        438884.0
c  344   14545519               (3)2(  7.0)        440804.0
c  345   1454551O               (5)2( 12.0)        441114.0
c  346   1454551O               (5)3( 17.0)        441744.0
c  347   1454551O               (3)3( 10.0)        441914.0
c  348   1454551O               (5)1(  7.0)        441984.0
c  349   1454551O               (3)1(  4.0)        442664.0
c  350   14545519               (1)2(  2.0)        443264.0
c  351   1454551O               (3)2(  7.0)        443384.0
c  352   1454551D               (3)4( 13.0)        453484.0
c  353   1454551D               (3)0(  1.0)        453724.0
c  354   1454551D               (1)4(  4.0)        454324.0
c  355   1454551D               (1)1(  1.0)        454464.0
c  356   1454551D               (3)3( 10.0)        454484.0
c  357   1454551D               (3)2(  7.0)        454544.0
c  358   1454551D               (3)1(  4.0)        454594.0
c  359   1454551D               (1)0(  0.0)        454804.0
c  360   1454551D               (1)2(  2.0)        455064.0
c  361   1454551D               (1)3(  3.0)        455384.0
c  362   1454551C               (3)1(  4.0)        456674.0
c  363   14545519               (3)2(  7.0)        456844.0
c  364   1454551C               (1)1(  1.0)        457504.0
c  365   14545519               (3)3( 10.0)        457844.0
c  366   14545519               (1)3(  3.0)        458874.0
c  367   14545519               (3)1(  4.0)        459644.0
c  368   1454551H               (3)3( 10.0)        461174.0
c  369   1454551H               (1)3(  3.0)        461604.0
c  370   1454551H               (3)1(  4.0)        461604.0
c  371   1454551H               (3)2(  7.0)        461794.0
c  372   1454551H               (1)1(  1.0)        461914.0
c  373   1454551H               (1)2(  2.0)        462224.0
c  374   14545519               (1)1(  1.0)        463224.0
c  375   14545519               (1)2(  2.0)        465414.0
c  376   1454551I               (3)4( 13.0)        469854.0
c  377   1454551I               (3)0(  1.0)        469954.0
c  378   1454551I               (1)4(  4.0)        470274.0
c  379   1454551I               (3)3( 10.0)        470374.0
c  380   1454551I               (3)1(  4.0)        470414.0
c  381   1454551I               (3)2(  7.0)        470464.0
c  382   1454551I               (1)0(  0.0)        470494.0
c  383   1454551I               (1)3(  3.0)        470884.0
c  384   1454551I               (1)1(  1.0)        471244.0
c  385   1454551I               (1)2(  2.0)        471544.0
c  386   1454551C               (3)1(  4.0)        472734.0
c  387   1454551C               (3)2(  7.0)        473424.0
c  388   1454551D               (3)2(  7.0)        473564.0
c  389   1454551N               (1)1(  1.0)        473794.0
c  390   1454551N               (3)3( 10.0)        474114.0
c  391   1454551C               (1)2(  2.0)        474274.0
c  392   1454551N               (1)3(  3.0)        474354.0
c  393   1454551N               (3)2(  7.0)        474474.0
c  394   1454551N               (3)1(  4.0)        474494.0
c  395   1454551D               (1)2(  2.0)        474624.0
c  396   1454551N               (1)2(  2.0)        474734.0
c  397   1454551C               (1)0(  0.0)        474774.0
c  398   1454551C               (3)0(  1.0)        474944.0
c  399   1454551C               (1)1(  1.0)        476984.0
c  400   1454551O               (3)4( 13.0)        479184.0
c  401   1454551O               (3)0(  1.0)        479234.0
c  402   1454551O               (1)4(  4.0)        479424.0
c  403   1454551O               (3)1(  4.0)        479464.0
c  404   1454551O               (3)3( 10.0)        479494.0
c  405   1454551O               (3)2(  7.0)        479544.0
c  406   1454551O               (1)0(  0.0)        479544.0
c  407   1454551O               (1)1(  1.0)        479804.0
c  408   1454551O               (1)3(  3.0)        479814.0
c  409   1454551O               (1)2(  2.0)        479954.0
c  410   1454551H               (3)1(  4.0)        480914.0
c  411   1454551H               (1)1(  1.0)        481394.0
c  412   1454551I               (3)2(  7.0)        489604.0
c  413   1454551D               (3)2(  7.0)        489664.0
c  414   1454551I               (1)2(  2.0)        489994.0
c  415   1454551D               (3)3( 10.0)        490284.0
c  416   1454551D               (3)1(  4.0)        491114.0
c  417   1454551D               (1)3(  3.0)        491164.0
c  418   1454551D               (1)1(  1.0)        492584.0
c  419   1454551D               (1)2(  2.0)        493634.0
c  420   1454551N               (3)1(  4.0)        493724.0
c  421   1454551N               (1)1(  1.0)        493964.0
c  422   1454551H               (3)1(  4.0)        497274.0
c  423   1454551H               (1)2(  2.0)        497464.0
c  424   1454551H               (3)2(  7.0)        497924.0
c  425   1454551H               (1)0(  0.0)        498564.0
c  426   1454551H               (3)0(  1.0)        498564.0
c  427   1454551O               (3)2(  7.0)        498814.0
c  428   1454551O               (1)2(  2.0)        499144.0
c  429   1454551H               (1)1(  1.0)        499344.0
c  430   1454551I               (3)2(  7.0)        505944.0
c  431   1454551I               (1)3(  3.0)        506184.0
c  432   1454551I               (3)3( 10.0)        506634.0
c  433   1454551I               (3)1(  4.0)        506934.0
c  434   1454551I               (1)1(  1.0)        507734.0
c  435   1454551I               (1)2(  2.0)        508214.0
c  436   1454551N               (3)1(  4.0)        510154.0
c  437   1454551N               (1)2(  2.0)        510244.0
c  438   1454551N               (3)0(  1.0)        510704.0
c  439   1454551N               (3)2(  7.0)        510794.0
c  440   1454551N               (1)0(  0.0)        511314.0
c  441   1454551N               (1)1(  1.0)        511734.0
c  442   1454551O               (3)2(  7.0)        515224.0
c  443   1454551O               (1)3(  3.0)        515354.0
c  444   1454551O               (3)1(  4.0)        515724.0
c  445   1454551O               (3)3( 10.0)        515924.0
c  446   1454551O               (1)1(  1.0)        516664.0
c  447   1454551O               (1)2(  2.0)        516954.0
 
 
 
c-------------------------------------------------------------------------------
 
C  superstage partition information
C  ================================
C
C  element symbol   : AR
C  parent template  : 
C  partition level  :  1
C  superstage label :  2
C
C  tabulation       : photon emissivity coefft (te,ne)
C  units            : ph. emis coef(cm^3 s^-1); te (ev); ne (cm^-3)
C
C  photon emissivity atomic transitions
C  ------------------------------------
C  
C   isel  wvlen(A)            transition                type  ispb nspb
C                                                             ispp nspp sz    tg pr wr
C  ----- ---------- ----------------------------------- ----- ---- ---- --    -- -- --
C      1   326.911  121(3)2(  7.0)-  1(3)1(  4.0)       excit   1    1   2   115 44  1
C      2   337.430  133(1)3(  3.0)-  2(1)2(  2.0)       excit   1    1   2   559 38  2
C      3   345.228   83(3)2(  7.0)-  1(3)1(  4.0)       excit   1    1   2    79 18  3
C      4   359.857   88(1)3(  3.0)-  2(1)2(  2.0)       excit   1    1   2   517 26  4
C      5   361.515   60(3)1(  4.0)-  1(3)1(  4.0)       excit   1    1   2    57 20  5
C      6   364.958   57(3)2(  7.0)-  1(3)1(  4.0)       excit   1    1   2    54 23  6
C      7   372.789   64(1)3(  3.0)-  2(1)2(  2.0)       excit   1    1   2   493 24  7
C      8   377.875   62(1)2(  2.0)-  2(1)2(  2.0)       excit   1    1   2   492 32  8
C      9   379.222   58(1)1(  1.0)-  2(1)2(  2.0)       excit   1    1   2   488 47  9
C     10   386.482   47(3)2(  7.0)-  1(3)1(  4.0)       excit   1    1   2    45 16 10
C     11   386.692   46(3)0(  1.0)-  1(3)1(  4.0)       excit   1    1   2    44 50 11
C     12   387.060   98(1)1(  1.0)-  3(1)0(  0.0)       excit   1    1   2   922 43 12
C     13   401.735  275(3)1(  4.0)-  4(3)1(  4.0)       excit   1    1   2  1394 37 13
C     14   447.447  268(3)1(  4.0)-  4(3)1(  4.0)       excit   1    1   2  1387 39 14
C     15   459.339   27(3)1(  4.0)-  1(3)1(  4.0)       excit   1    1   2    25  4 15
C     16   463.783   30(1)3(  3.0)-  2(1)2(  2.0)       excit   1    1   2   462  3 16
C     17   464.145  248(3)2(  7.0)-  4(3)1(  4.0)       excit   1    1   2  1368 35 17
C     18   464.201   26(1)1(  1.0)-  1(3)1(  4.0)       excit   1    1   2    24 14 18
C     19   471.445   24(3)1(  4.0)-  1(3)1(  4.0)       excit   1    1   2    22  5 19
C     20   473.848   29(1)1(  1.0)-  2(1)2(  2.0)       excit   1    1   2   461 11 20
C     21   478.863   28(1)2(  2.0)-  2(1)2(  2.0)       excit   1    1   2   460  6 21
C     22   487.653   22(3)0(  1.0)-  1(3)1(  4.0)       excit   1    1   2    20  9 22
C     23   492.131   26(1)1(  1.0)-  2(1)2(  2.0)       excit   1    1   2   458 17 23
C     24   492.567   37(1)1(  1.0)-  3(1)0(  0.0)       excit   1    1   2   883 10 24
C     25   497.825   19(3)2(  7.0)-  1(3)1(  4.0)       excit   1    1   2    17  8 25
C     26   516.465   18(3)1(  4.0)-  1(3)1(  4.0)       excit   1    1   2    16 29 26
C     27   520.281   17(3)2(  7.0)-  1(3)1(  4.0)       excit   1    1   2    15 15 27
C     28   521.040   16(3)2(  7.0)-  1(3)1(  4.0)       excit   1    1   2    14  2 28
C     29   521.627   21(1)3(  3.0)-  2(1)2(  2.0)       excit   1    1   2   453 25 29
C     30   521.872   20(1)2(  2.0)-  2(1)2(  2.0)       excit   1    1   2   452 12 30
C     31   522.619   15(3)3( 10.0)-  1(3)1(  4.0)       excit   1    1   2    13 34 31
C     32   531.367   14(3)2(  7.0)-  1(3)1(  4.0)       excit   1    1   2    12  1 32
C     33   537.738   13(3)0(  1.0)-  1(3)1(  4.0)       excit   1    1   2    11 13 33
C     34   548.938  129(3)2(  7.0)-  4(3)1(  4.0)       excit   1    1   2  1261 31 34
C     35   556.489   16(3)2(  7.0)-  2(1)2(  2.0)       excit   1    1   2   448 22 35
C     36   563.952  104(3)1(  4.0)-  4(3)1(  4.0)       excit   1    1   2  1237 48 36
C     37   578.543   12(1)2(  2.0)-  2(1)2(  2.0)       excit   1    1   2   444 27 37
C     38   586.737    7(3)3( 10.0)-  1(3)1(  4.0)       excit   1    1   2     6 33 38
C     39   604.858    9(3)4( 13.0)-  2(1)2(  2.0)       excit   1    1   2   442 36 39
C     40   718.711    5(1)1(  1.0)-  2(1)2(  2.0)       excit   1    1   2   439 19 40
C     41   801.642    4(3)1(  4.0)-  1(3)1(  4.0)       excit   1    1   2     3  7 41
C     42   899.200   35(3)1(  4.0)-  4(3)1(  4.0)       excit   1    1   2  1172 45 42
C     43   1988.47   34(1)3(  3.0)- 11(1)4(  4.0)       excit   1    1   2  3859 42 43
C     44   2293.05   47(3)2(  7.0)- 25(3)1(  4.0)       excit   1    1   2  9395 41 44
C     45   2787.84   36(1)2(  2.0)- 20(1)2(  2.0)       excit   1    1   2  7440 30 45
C     46   2850.63   35(3)1(  4.0)- 19(3)2(  7.0)       excit   1    1   2  7017 21 46
C     47   2881.01   41(3)1(  4.0)- 24(3)1(  4.0)       excit   1    1   2  8989 40 47
C     48   3428.18   25(3)1(  4.0)- 13(3)0(  1.0)       excit   1    1   2  4540 28 48
C     49   3711.95   25(3)1(  4.0)- 14(3)2(  7.0)       excit   1    1   2  4904 46 49
C     50   4308.49   25(3)1(  4.0)- 16(3)2(  7.0)       excit   1    1   2  5752 49 50
c-------------------------------------------------------------------------------
                                                                                
C  code     : adas810
C  producer : Adam Foster
C  date     : 13/05/09
                                                                                
c-------------------------------------------------------------------------------
