   50    /AR: 6 photon emissivity coefficients/
--------------------------------------------------------------------------------
    1    1    1    1    1    1    1    1    1    1    1    1    1    1
    1    1    1    1    1
--------------------------------------------------------------------------------
//#01/p00/ 00/p01/ 01/p02/ 02/p03/ 03/p04/ 04/p05/ 05/p06/ 06/p07/ 07/p08/ 08/  
      p09/ 09/p10/ 10/p11/ 11/p12/ 12/p13/ 13/p14/ 14/p15/ 15/p16/ 16/p17/ 17/  
      p18/ 18/                                                                  
--------------------------------------------------------------------------------
  31.5426    7  14 /pl=01:ss= 6:pb= 1:sz= 6/type=excit/ispb = t/isel =    1
 1.00E+10 1.00E+11 1.00E+12 1.00E+13 1.00E+14 1.00E+15 1.00E+16
 8.44E-01 1.27E+00 2.11E+00 4.22E+00 8.44E+00 2.11E+01 4.22E+01 6.33E+01
 8.44E+01 1.27E+02 2.11E+02 4.22E+02 8.44E+02 1.27E+03
 1.00E-74 1.00E-74 1.00E-74 1.00E-74 8.56E-31 7.91E-19 6.47E-15 1.21E-13
 5.02E-13 1.99E-12 5.66E-12 1.16E-11 1.60E-11 1.77E-11
 1.00E-74 1.00E-74 1.00E-74 1.00E-74 8.56E-31 7.91E-19 6.47E-15 1.21E-13
 5.02E-13 1.99E-12 5.66E-12 1.16E-11 1.60E-11 1.77E-11
 1.00E-74 1.00E-74 1.00E-74 1.00E-74 8.56E-31 7.91E-19 6.47E-15 1.20E-13
 5.02E-13 1.99E-12 5.66E-12 1.16E-11 1.60E-11 1.77E-11
 1.00E-74 1.00E-74 1.00E-74 1.00E-74 8.55E-31 7.90E-19 6.46E-15 1.20E-13
 5.01E-13 1.99E-12 5.64E-12 1.15E-11 1.60E-11 1.77E-11
 1.00E-74 1.00E-74 1.00E-74 1.00E-74 8.52E-31 7.82E-19 6.38E-15 1.19E-13
 4.93E-13 1.95E-12 5.53E-12 1.13E-11 1.56E-11 1.73E-11
 1.00E-74 1.00E-74 1.00E-74 1.00E-74 8.19E-31 7.14E-19 5.69E-15 1.05E-13
 4.31E-13 1.67E-12 4.62E-12 9.27E-12 1.29E-11 1.45E-11
 1.00E-74 1.00E-74 1.00E-74 1.00E-74 6.86E-31 4.55E-19 3.25E-15 5.68E-14
 2.27E-13 8.57E-13 2.33E-12 4.66E-12 6.51E-12 7.31E-12
  37.1438    7  14 /pl=01:ss= 6:pb= 1:sz= 6/type=excit/ispb = t/isel =    2
 1.00E+10 1.00E+11 1.00E+12 1.00E+13 1.00E+14 1.00E+15 1.00E+16
 8.44E-01 1.27E+00 2.11E+00 4.22E+00 8.44E+00 2.11E+01 4.22E+01 6.33E+01
 8.44E+01 1.27E+02 2.11E+02 4.22E+02 8.44E+02 1.27E+03
 1.00E-74 1.00E-74 1.00E-74 4.13E-44 2.48E-27 5.67E-17 1.68E-13 2.31E-12
 8.31E-12 2.84E-11 7.08E-11 1.25E-10 1.50E-10 1.52E-10
 1.00E-74 1.00E-74 1.00E-74 2.07E-44 2.48E-27 5.67E-17 1.68E-13 2.31E-12
 8.31E-12 2.84E-11 7.08E-11 1.25E-10 1.50E-10 1.52E-10
 1.00E-74 1.00E-74 1.00E-74 2.11E-44 2.48E-27 5.67E-17 1.68E-13 2.31E-12
 8.31E-12 2.84E-11 7.07E-11 1.25E-10 1.50E-10 1.52E-10
 1.00E-74 1.00E-74 1.00E-74 2.10E-44 2.48E-27 5.66E-17 1.68E-13 2.31E-12
 8.29E-12 2.84E-11 7.06E-11 1.25E-10 1.49E-10 1.51E-10
 1.00E-74 1.00E-74 1.00E-74 2.10E-44 2.48E-27 5.60E-17 1.66E-13 2.27E-12
 8.16E-12 2.79E-11 6.91E-11 1.22E-10 1.46E-10 1.48E-10
 1.00E-74 1.00E-74 1.00E-74 2.16E-44 2.40E-27 5.08E-17 1.47E-13 1.99E-12
 7.06E-12 2.36E-11 5.73E-11 9.98E-11 1.20E-10 1.23E-10
 1.00E-74 1.00E-74 1.00E-74 2.71E-44 2.15E-27 3.10E-17 7.71E-14 9.90E-13
 3.41E-12 1.12E-11 2.69E-11 4.74E-11 5.82E-11 6.05E-11
  38.1566    7  14 /pl=01:ss= 6:pb= 1:sz= 6/type=excit/ispb = t/isel =    3
 1.00E+10 1.00E+11 1.00E+12 1.00E+13 1.00E+14 1.00E+15 1.00E+16
 8.44E-01 1.27E+00 2.11E+00 4.22E+00 8.44E+00 2.11E+01 4.22E+01 6.33E+01
 8.44E+01 1.27E+02 2.11E+02 4.22E+02 8.44E+02 1.27E+03
 1.00E-74 1.00E-74 1.00E-74 1.04E-42 3.84E-26 2.60E-16 4.10E-13 4.41E-12
 1.40E-11 4.22E-11 9.60E-11 1.65E-10 2.05E-10 2.15E-10
 1.00E-74 1.00E-74 1.00E-74 1.06E-42 3.84E-26 2.60E-16 4.10E-13 4.41E-12
 1.39E-11 4.22E-11 9.60E-11 1.65E-10 2.05E-10 2.15E-10
 1.00E-74 1.00E-74 1.00E-74 1.06E-42 3.84E-26 2.60E-16 4.10E-13 4.41E-12
 1.39E-11 4.22E-11 9.59E-11 1.65E-10 2.05E-10 2.15E-10
 1.00E-74 1.00E-74 1.00E-74 1.06E-42 3.84E-26 2.60E-16 4.10E-13 4.40E-12
 1.39E-11 4.21E-11 9.57E-11 1.64E-10 2.04E-10 2.15E-10
 1.00E-74 1.00E-74 1.00E-74 1.06E-42 3.81E-26 2.57E-16 4.04E-13 4.34E-12
 1.37E-11 4.13E-11 9.37E-11 1.61E-10 2.00E-10 2.10E-10
 1.00E-74 1.00E-74 1.00E-74 1.04E-42 3.61E-26 2.31E-16 3.56E-13 3.78E-12
 1.18E-11 3.50E-11 7.76E-11 1.31E-10 1.64E-10 1.75E-10
 1.00E-74 1.00E-74 1.00E-74 9.91E-43 2.65E-26 1.30E-16 1.81E-13 1.85E-12
 5.65E-12 1.64E-11 3.62E-11 6.22E-11 7.93E-11 8.57E-11
  38.3911    7  14 /pl=01:ss= 6:pb= 1:sz= 6/type=excit/ispb = t/isel =    4
 1.00E+10 1.00E+11 1.00E+12 1.00E+13 1.00E+14 1.00E+15 1.00E+16
 8.44E-01 1.27E+00 2.11E+00 4.22E+00 8.44E+00 2.11E+01 4.22E+01 6.33E+01
 8.44E+01 1.27E+02 2.11E+02 4.22E+02 8.44E+02 1.27E+03
 1.00E-74 1.00E-74 1.00E-74 1.03E-42 2.95E-26 1.74E-16 2.61E-13 2.76E-12
 8.66E-12 2.60E-11 5.87E-11 1.00E-10 1.24E-10 1.31E-10
 1.00E-74 1.00E-74 1.00E-74 1.03E-42 2.95E-26 1.74E-16 2.61E-13 2.76E-12
 8.66E-12 2.60E-11 5.87E-11 1.00E-10 1.24E-10 1.31E-10
 1.00E-74 1.00E-74 1.00E-74 1.03E-42 2.95E-26 1.74E-16 2.61E-13 2.76E-12
 8.66E-12 2.60E-11 5.87E-11 1.00E-10 1.24E-10 1.31E-10
 1.00E-74 1.00E-74 1.00E-74 1.03E-42 2.95E-26 1.73E-16 2.60E-13 2.76E-12
 8.65E-12 2.59E-11 5.86E-11 1.00E-10 1.24E-10 1.31E-10
 1.00E-74 1.00E-74 1.00E-74 1.02E-42 2.93E-26 1.71E-16 2.57E-13 2.72E-12
 8.51E-12 2.54E-11 5.73E-11 9.78E-11 1.21E-10 1.28E-10
 1.00E-74 1.00E-74 1.00E-74 1.01E-42 2.77E-26 1.54E-16 2.26E-13 2.37E-12
 7.35E-12 2.16E-11 4.75E-11 7.99E-11 9.99E-11 1.07E-10
 1.00E-74 1.00E-74 1.00E-74 9.56E-43 2.02E-26 8.65E-17 1.15E-13 1.15E-12
 3.49E-12 1.01E-11 2.21E-11 3.78E-11 4.81E-11 5.20E-11
  41.6888    7  14 /pl=01:ss= 6:pb= 1:sz= 6/type=excit/ispb = t/isel =    5
 1.00E+10 1.00E+11 1.00E+12 1.00E+13 1.00E+14 1.00E+15 1.00E+16
 8.44E-01 1.27E+00 2.11E+00 4.22E+00 8.44E+00 2.11E+01 4.22E+01 6.33E+01
 8.44E+01 1.27E+02 2.11E+02 4.22E+02 8.44E+02 1.27E+03
 1.00E-74 1.00E-74 1.00E-74 1.84E-42 2.79E-26 1.12E-16 1.46E-13 1.47E-12
 4.46E-12 1.29E-11 2.74E-11 4.22E-11 4.50E-11 4.26E-11
 1.00E-74 1.00E-74 1.00E-74 1.84E-42 2.79E-26 1.12E-16 1.46E-13 1.47E-12
 4.46E-12 1.29E-11 2.74E-11 4.22E-11 4.50E-11 4.26E-11
 1.00E-74 1.00E-74 1.00E-74 1.84E-42 2.79E-26 1.12E-16 1.46E-13 1.47E-12
 4.45E-12 1.28E-11 2.74E-11 4.22E-11 4.50E-11 4.26E-11
 1.00E-74 1.00E-74 1.00E-74 1.84E-42 2.79E-26 1.11E-16 1.46E-13 1.47E-12
 4.45E-12 1.28E-11 2.74E-11 4.21E-11 4.49E-11 4.25E-11
 1.00E-74 1.00E-74 1.00E-74 1.83E-42 2.77E-26 1.10E-16 1.43E-13 1.44E-12
 4.37E-12 1.26E-11 2.68E-11 4.11E-11 4.38E-11 4.16E-11
 1.00E-74 1.00E-74 1.00E-74 1.80E-42 2.60E-26 9.82E-17 1.25E-13 1.25E-12
 3.75E-12 1.06E-11 2.21E-11 3.34E-11 3.60E-11 3.45E-11
 1.00E-74 1.00E-74 1.00E-74 1.59E-42 1.77E-26 5.13E-17 5.95E-14 5.72E-13
 1.68E-12 4.69E-12 9.79E-12 1.52E-11 1.68E-11 1.64E-11
  43.5590    7  14 /pl=01:ss= 6:pb= 1:sz= 6/type=excit/ispb = t/isel =    6
 1.00E+10 1.00E+11 1.00E+12 1.00E+13 1.00E+14 1.00E+15 1.00E+16
 8.44E-01 1.27E+00 2.11E+00 4.22E+00 8.44E+00 2.11E+01 4.22E+01 6.33E+01
 8.44E+01 1.27E+02 2.11E+02 4.22E+02 8.44E+02 1.27E+03
 1.00E-74 1.00E-74 1.00E-74 5.95E-38 1.83E-23 7.11E-15 4.34E-12 3.41E-11
 9.26E-11 2.40E-10 4.87E-10 7.72E-10 9.32E-10 9.73E-10
 1.00E-74 1.00E-74 1.00E-74 5.95E-38 1.83E-23 7.11E-15 4.34E-12 3.41E-11
 9.26E-11 2.40E-10 4.87E-10 7.72E-10 9.32E-10 9.73E-10
 1.00E-74 1.00E-74 1.00E-74 5.95E-38 1.83E-23 7.11E-15 4.34E-12 3.41E-11
 9.26E-11 2.40E-10 4.87E-10 7.72E-10 9.32E-10 9.72E-10
 1.00E-74 1.00E-74 1.00E-74 5.95E-38 1.83E-23 7.10E-15 4.34E-12 3.41E-11
 9.25E-11 2.39E-10 4.86E-10 7.70E-10 9.30E-10 9.70E-10
 1.00E-74 1.00E-74 1.00E-74 5.94E-38 1.82E-23 7.01E-15 4.28E-12 3.36E-11
 9.10E-11 2.35E-10 4.75E-10 7.52E-10 9.09E-10 9.50E-10
 1.00E-74 1.00E-74 1.00E-74 5.86E-38 1.72E-23 6.30E-15 3.76E-12 2.92E-11
 7.85E-11 1.99E-10 3.93E-10 6.14E-10 7.48E-10 7.91E-10
 1.00E-74 1.00E-74 1.00E-74 5.40E-38 1.23E-23 3.50E-15 1.90E-12 1.41E-11
 3.71E-11 9.24E-11 1.82E-10 2.89E-10 3.60E-10 3.86E-10
  43.9836    7  14 /pl=01:ss= 6:pb= 1:sz= 6/type=excit/ispb = t/isel =    7
 1.00E+10 1.00E+11 1.00E+12 1.00E+13 1.00E+14 1.00E+15 1.00E+16
 8.44E-01 1.27E+00 2.11E+00 4.22E+00 8.44E+00 2.11E+01 4.22E+01 6.33E+01
 8.44E+01 1.27E+02 2.11E+02 4.22E+02 8.44E+02 1.27E+03
 1.00E-74 1.00E-74 1.00E-74 1.68E-38 3.73E-24 1.21E-15 7.02E-13 5.45E-12
 1.47E-11 3.78E-11 7.63E-11 1.21E-10 1.44E-10 1.50E-10
 1.00E-74 1.00E-74 1.00E-74 1.68E-38 3.73E-24 1.21E-15 7.02E-13 5.45E-12
 1.47E-11 3.78E-11 7.63E-11 1.21E-10 1.44E-10 1.50E-10
 1.00E-74 1.00E-74 1.00E-74 1.68E-38 3.73E-24 1.21E-15 7.02E-13 5.45E-12
 1.47E-11 3.78E-11 7.63E-11 1.21E-10 1.44E-10 1.50E-10
 1.00E-74 1.00E-74 1.00E-74 1.68E-38 3.73E-24 1.20E-15 7.01E-13 5.44E-12
 1.47E-11 3.78E-11 7.61E-11 1.20E-10 1.44E-10 1.49E-10
 1.00E-74 1.00E-74 1.00E-74 1.67E-38 3.71E-24 1.19E-15 6.92E-13 5.36E-12
 1.44E-11 3.71E-11 7.45E-11 1.17E-10 1.40E-10 1.46E-10
 1.00E-74 1.00E-74 1.00E-74 1.67E-38 3.53E-24 1.07E-15 6.11E-13 4.69E-12
 1.25E-11 3.15E-11 6.19E-11 9.62E-11 1.16E-10 1.22E-10
 1.00E-74 1.00E-74 1.00E-74 1.74E-38 2.77E-24 6.33E-16 3.22E-13 2.37E-12
 6.15E-12 1.52E-11 2.97E-11 4.67E-11 5.70E-11 6.06E-11
  48.4347    7  14 /pl=01:ss= 6:pb= 1:sz= 6/type=excit/ispb = t/isel =    8
 1.00E+10 1.00E+11 1.00E+12 1.00E+13 1.00E+14 1.00E+15 1.00E+16
 8.44E-01 1.27E+00 2.11E+00 4.22E+00 8.44E+00 2.11E+01 4.22E+01 6.33E+01
 8.44E+01 1.27E+02 2.11E+02 4.22E+02 8.44E+02 1.27E+03
 1.00E-74 1.00E-74 1.00E-74 9.75E-37 1.01E-23 5.14E-16 1.61E-13 1.03E-12
 2.51E-12 5.81E-12 1.06E-11 1.47E-11 1.51E-11 1.42E-11
 1.00E-74 1.00E-74 1.00E-74 9.75E-37 1.01E-23 5.14E-16 1.61E-13 1.03E-12
 2.51E-12 5.81E-12 1.06E-11 1.47E-11 1.51E-11 1.42E-11
 1.00E-74 1.00E-74 1.00E-74 9.75E-37 1.01E-23 5.14E-16 1.61E-13 1.03E-12
 2.51E-12 5.81E-12 1.06E-11 1.47E-11 1.51E-11 1.42E-11
 1.00E-74 1.00E-74 1.00E-74 9.74E-37 1.01E-23 5.13E-16 1.61E-13 1.03E-12
 2.50E-12 5.79E-12 1.06E-11 1.47E-11 1.51E-11 1.42E-11
 1.00E-74 1.00E-74 1.00E-74 9.68E-37 9.94E-24 5.03E-16 1.57E-13 1.00E-12
 2.44E-12 5.64E-12 1.03E-11 1.42E-11 1.46E-11 1.38E-11
 1.00E-74 1.00E-74 1.00E-74 9.15E-37 8.92E-24 4.19E-16 1.27E-13 7.99E-13
 1.93E-12 4.40E-12 7.88E-12 1.09E-11 1.14E-11 1.10E-11
 1.00E-74 1.00E-74 1.00E-74 6.06E-37 4.36E-24 1.41E-16 3.72E-14 2.26E-13
 5.39E-13 1.23E-12 2.28E-12 3.38E-12 3.81E-12 3.84E-12
  48.7469    7  14 /pl=01:ss= 6:pb= 1:sz= 6/type=excit/ispb = t/isel =    9
 1.00E+10 1.00E+11 1.00E+12 1.00E+13 1.00E+14 1.00E+15 1.00E+16
 8.44E-01 1.27E+00 2.11E+00 4.22E+00 8.44E+00 2.11E+01 4.22E+01 6.33E+01
 8.44E+01 1.27E+02 2.11E+02 4.22E+02 8.44E+02 1.27E+03
 1.00E-74 1.00E-74 1.00E-74 1.16E-36 9.88E-24 4.47E-16 1.36E-13 8.53E-13
 2.07E-12 4.78E-12 8.66E-12 1.20E-11 1.24E-11 1.16E-11
 1.00E-74 1.00E-74 1.00E-74 1.16E-36 9.88E-24 4.47E-16 1.36E-13 8.53E-13
 2.07E-12 4.78E-12 8.66E-12 1.20E-11 1.24E-11 1.16E-11
 1.00E-74 1.00E-74 1.00E-74 1.16E-36 9.87E-24 4.47E-16 1.36E-13 8.53E-13
 2.07E-12 4.78E-12 8.66E-12 1.20E-11 1.24E-11 1.16E-11
 1.00E-74 1.00E-74 1.00E-74 1.16E-36 9.86E-24 4.46E-16 1.35E-13 8.50E-13
 2.06E-12 4.76E-12 8.62E-12 1.19E-11 1.23E-11 1.15E-11
 1.00E-74 1.00E-74 1.00E-74 1.15E-36 9.71E-24 4.33E-16 1.31E-13 8.20E-13
 1.98E-12 4.58E-12 8.29E-12 1.15E-11 1.19E-11 1.12E-11
 1.00E-74 1.00E-74 1.00E-74 1.06E-36 8.41E-24 3.37E-16 9.70E-14 6.01E-13
 1.44E-12 3.30E-12 5.91E-12 8.26E-12 8.81E-12 8.47E-12
 1.00E-74 1.00E-74 1.00E-74 6.32E-37 3.62E-24 9.55E-17 2.43E-14 1.47E-13
 3.52E-13 8.15E-13 1.52E-12 2.28E-12 2.60E-12 2.62E-12
  51.1035    7  14 /pl=01:ss= 6:pb= 1:sz= 6/type=excit/ispb = t/isel =   10
 1.00E+10 1.00E+11 1.00E+12 1.00E+13 1.00E+14 1.00E+15 1.00E+16
 8.44E-01 1.27E+00 2.11E+00 4.22E+00 8.44E+00 2.11E+01 4.22E+01 6.33E+01
 8.44E+01 1.27E+02 2.11E+02 4.22E+02 8.44E+02 1.27E+03
 1.00E-74 1.00E-74 1.00E-74 7.03E-37 7.26E-24 3.71E-16 1.16E-13 7.42E-13
 1.81E-12 4.19E-12 7.65E-12 1.06E-11 1.09E-11 1.03E-11
 1.00E-74 1.00E-74 1.00E-74 7.03E-37 7.26E-24 3.71E-16 1.16E-13 7.42E-13
 1.81E-12 4.19E-12 7.65E-12 1.06E-11 1.09E-11 1.03E-11
 1.00E-74 1.00E-74 1.00E-74 7.03E-37 7.26E-24 3.71E-16 1.16E-13 7.42E-13
 1.81E-12 4.19E-12 7.64E-12 1.06E-11 1.09E-11 1.03E-11
 1.00E-74 1.00E-74 1.00E-74 7.03E-37 7.25E-24 3.70E-16 1.16E-13 7.40E-13
 1.81E-12 4.18E-12 7.62E-12 1.06E-11 1.09E-11 1.02E-11
 1.00E-74 1.00E-74 1.00E-74 6.99E-37 7.17E-24 3.63E-16 1.13E-13 7.22E-13
 1.76E-12 4.07E-12 7.40E-12 1.03E-11 1.06E-11 9.98E-12
 1.00E-74 1.00E-74 1.00E-74 6.61E-37 6.43E-24 3.02E-16 9.15E-14 5.76E-13
 1.39E-12 3.18E-12 5.69E-12 7.88E-12 8.25E-12 7.94E-12
 1.00E-74 1.00E-74 1.00E-74 4.37E-37 3.14E-24 1.02E-16 2.68E-14 1.63E-13
 3.89E-13 8.89E-13 1.64E-12 2.44E-12 2.75E-12 2.77E-12
  51.1297    7  14 /pl=01:ss= 6:pb= 1:sz= 6/type=excit/ispb = t/isel =   11
 1.00E+10 1.00E+11 1.00E+12 1.00E+13 1.00E+14 1.00E+15 1.00E+16
 8.44E-01 1.27E+00 2.11E+00 4.22E+00 8.44E+00 2.11E+01 4.22E+01 6.33E+01
 8.44E+01 1.27E+02 2.11E+02 4.22E+02 8.44E+02 1.27E+03
 1.00E-74 1.00E-74 1.00E-74 4.37E-36 9.96E-23 8.03E-15 2.86E-12 1.88E-11
 4.62E-11 1.07E-10 1.94E-10 2.63E-10 2.63E-10 2.44E-10
 1.00E-74 1.00E-74 1.00E-74 4.37E-36 9.96E-23 8.03E-15 2.86E-12 1.88E-11
 4.62E-11 1.07E-10 1.94E-10 2.63E-10 2.63E-10 2.44E-10
 1.00E-74 1.00E-74 1.00E-74 4.37E-36 9.96E-23 8.03E-15 2.86E-12 1.88E-11
 4.62E-11 1.07E-10 1.93E-10 2.63E-10 2.63E-10 2.44E-10
 1.00E-74 1.00E-74 1.00E-74 4.37E-36 9.95E-23 8.02E-15 2.86E-12 1.87E-11
 4.61E-11 1.07E-10 1.93E-10 2.62E-10 2.63E-10 2.44E-10
 1.00E-74 1.00E-74 1.00E-74 4.37E-36 9.89E-23 7.93E-15 2.82E-12 1.84E-11
 4.54E-11 1.05E-10 1.89E-10 2.56E-10 2.57E-10 2.38E-10
 1.00E-74 1.00E-74 1.00E-74 4.31E-36 9.35E-23 7.11E-15 2.48E-12 1.61E-11
 3.91E-11 8.90E-11 1.56E-10 2.09E-10 2.11E-10 1.99E-10
 1.00E-74 1.00E-74 1.00E-74 3.95E-36 6.68E-23 3.92E-15 1.24E-12 7.69E-12
 1.83E-11 4.09E-11 7.18E-11 9.77E-11 1.01E-10 9.63E-11
  51.4898    7  14 /pl=01:ss= 6:pb= 1:sz= 6/type=excit/ispb = t/isel =   12
 1.00E+10 1.00E+11 1.00E+12 1.00E+13 1.00E+14 1.00E+15 1.00E+16
 8.44E-01 1.27E+00 2.11E+00 4.22E+00 8.44E+00 2.11E+01 4.22E+01 6.33E+01
 8.44E+01 1.27E+02 2.11E+02 4.22E+02 8.44E+02 1.27E+03
 1.00E-74 1.00E-74 1.00E-74 7.69E-37 6.55E-24 2.96E-16 9.00E-14 5.66E-13
 1.37E-12 3.17E-12 5.74E-12 7.96E-12 8.21E-12 7.68E-12
 1.00E-74 1.00E-74 1.00E-74 7.69E-37 6.55E-24 2.96E-16 9.00E-14 5.66E-13
 1.37E-12 3.17E-12 5.74E-12 7.95E-12 8.21E-12 7.68E-12
 1.00E-74 1.00E-74 1.00E-74 7.69E-37 6.55E-24 2.96E-16 9.00E-14 5.65E-13
 1.37E-12 3.17E-12 5.74E-12 7.95E-12 8.21E-12 7.68E-12
 1.00E-74 1.00E-74 1.00E-74 7.68E-37 6.54E-24 2.95E-16 8.97E-14 5.63E-13
 1.36E-12 3.15E-12 5.72E-12 7.92E-12 8.18E-12 7.66E-12
 1.00E-74 1.00E-74 1.00E-74 7.62E-37 6.44E-24 2.87E-16 8.67E-14 5.44E-13
 1.32E-12 3.04E-12 5.50E-12 7.62E-12 7.90E-12 7.42E-12
 1.00E-74 1.00E-74 1.00E-74 7.03E-37 5.58E-24 2.23E-16 6.43E-14 3.98E-13
 9.57E-13 2.19E-12 3.92E-12 5.48E-12 5.84E-12 5.61E-12
 1.00E-74 1.00E-74 1.00E-74 4.19E-37 2.40E-24 6.33E-17 1.61E-14 9.74E-14
 2.33E-13 5.41E-13 1.01E-12 1.51E-12 1.73E-12 1.74E-12
  82.1560    7  14 /pl=01:ss= 6:pb= 1:sz= 6/type=excit/ispb = t/isel =   13
 1.00E+10 1.00E+11 1.00E+12 1.00E+13 1.00E+14 1.00E+15 1.00E+16
 8.44E-01 1.27E+00 2.11E+00 4.22E+00 8.44E+00 2.11E+01 4.22E+01 6.33E+01
 8.44E+01 1.27E+02 2.11E+02 4.22E+02 8.44E+02 1.27E+03
 1.00E-74 1.00E-74 1.00E-74 1.92E-37 4.37E-24 3.52E-16 1.26E-13 8.23E-13
 2.03E-12 4.71E-12 8.49E-12 1.15E-11 1.16E-11 1.07E-11
 1.00E-74 1.00E-74 1.00E-74 1.92E-37 4.37E-24 3.52E-16 1.26E-13 8.23E-13
 2.03E-12 4.71E-12 8.49E-12 1.15E-11 1.16E-11 1.07E-11
 1.00E-74 1.00E-74 1.00E-74 1.92E-37 4.37E-24 3.52E-16 1.26E-13 8.23E-13
 2.03E-12 4.71E-12 8.48E-12 1.15E-11 1.15E-11 1.07E-11
 1.00E-74 1.00E-74 1.00E-74 1.92E-37 4.36E-24 3.52E-16 1.25E-13 8.21E-13
 2.02E-12 4.70E-12 8.46E-12 1.15E-11 1.15E-11 1.07E-11
 1.00E-74 1.00E-74 1.00E-74 1.91E-37 4.34E-24 3.48E-16 1.24E-13 8.09E-13
 1.99E-12 4.61E-12 8.28E-12 1.12E-11 1.13E-11 1.05E-11
 1.00E-74 1.00E-74 1.00E-74 1.89E-37 4.10E-24 3.12E-16 1.09E-13 7.04E-13
 1.72E-12 3.90E-12 6.85E-12 9.16E-12 9.27E-12 8.70E-12
 1.00E-74 1.00E-74 1.00E-74 1.73E-37 2.93E-24 1.72E-16 5.42E-14 3.37E-13
 8.03E-13 1.79E-12 3.15E-12 4.28E-12 4.43E-12 4.22E-12
  110.948    7  14 /pl=01:ss= 6:pb= 1:sz= 6/type=excit/ispb = t/isel =   14
 1.00E+10 1.00E+11 1.00E+12 1.00E+13 1.00E+14 1.00E+15 1.00E+16
 8.44E-01 1.27E+00 2.11E+00 4.22E+00 8.44E+00 2.11E+01 4.22E+01 6.33E+01
 8.44E+01 1.27E+02 2.11E+02 4.22E+02 8.44E+02 1.27E+03
 1.00E-74 1.00E-74 1.07E-33 2.37E-22 9.42E-17 1.70E-13 1.82E-12 4.07E-12
 6.24E-12 9.75E-12 1.40E-11 1.75E-11 1.82E-11 1.78E-11
 1.00E-74 1.00E-74 1.07E-33 2.37E-22 9.43E-17 1.70E-13 1.82E-12 4.07E-12
 6.24E-12 9.75E-12 1.40E-11 1.75E-11 1.82E-11 1.78E-11
 1.00E-74 1.00E-74 1.08E-33 2.38E-22 9.46E-17 1.71E-13 1.83E-12 4.08E-12
 6.25E-12 9.76E-12 1.40E-11 1.75E-11 1.82E-11 1.78E-11
 1.00E-74 7.85E-49 1.13E-33 2.48E-22 9.79E-17 1.76E-13 1.87E-12 4.14E-12
 6.32E-12 9.81E-12 1.40E-11 1.74E-11 1.82E-11 1.77E-11
 1.00E-74 9.42E-49 1.48E-33 3.15E-22 1.21E-16 2.10E-13 2.15E-12 4.61E-12
 6.83E-12 1.02E-11 1.41E-11 1.71E-11 1.76E-11 1.72E-11
 1.00E-74 1.44E-48 2.16E-33 4.35E-22 1.58E-16 2.58E-13 2.54E-12 5.19E-12
 7.28E-12 1.00E-11 1.25E-11 1.39E-11 1.38E-11 1.34E-11
 1.00E-74 2.99E-48 3.91E-33 6.17E-22 1.58E-16 1.86E-13 1.61E-12 3.07E-12
 4.10E-12 5.30E-12 6.24E-12 6.63E-12 6.37E-12 6.08E-12
  114.895    7  14 /pl=01:ss= 6:pb= 1:sz= 6/type=excit/ispb = t/isel =   15
 1.00E+10 1.00E+11 1.00E+12 1.00E+13 1.00E+14 1.00E+15 1.00E+16
 8.44E-01 1.27E+00 2.11E+00 4.22E+00 8.44E+00 2.11E+01 4.22E+01 6.33E+01
 8.44E+01 1.27E+02 2.11E+02 4.22E+02 8.44E+02 1.27E+03
 1.00E-74 1.00E-74 1.12E-32 1.03E-21 2.65E-16 3.72E-13 3.54E-12 7.13E-12
 9.98E-12 1.38E-11 1.75E-11 2.05E-11 2.13E-11 2.12E-11
 1.00E-74 1.00E-74 1.12E-32 1.03E-21 2.66E-16 3.72E-13 3.54E-12 7.13E-12
 9.98E-12 1.38E-11 1.75E-11 2.05E-11 2.13E-11 2.12E-11
 1.00E-74 2.48E-47 1.12E-32 1.03E-21 2.66E-16 3.72E-13 3.54E-12 7.13E-12
 9.99E-12 1.38E-11 1.75E-11 2.05E-11 2.13E-11 2.12E-11
 1.00E-74 2.33E-47 1.14E-32 1.05E-21 2.69E-16 3.75E-13 3.57E-12 7.17E-12
 1.00E-11 1.38E-11 1.75E-11 2.05E-11 2.13E-11 2.11E-11
 1.00E-74 2.77E-47 1.33E-32 1.18E-21 2.95E-16 4.02E-13 3.76E-12 7.48E-12
 1.04E-11 1.41E-11 1.76E-11 2.03E-11 2.09E-11 2.07E-11
 1.00E-74 4.63E-47 2.06E-32 1.67E-21 3.84E-16 4.79E-13 4.29E-12 8.26E-12
 1.11E-11 1.44E-11 1.68E-11 1.79E-11 1.78E-11 1.74E-11
 1.00E-74 9.27E-47 3.63E-32 2.31E-21 3.77E-16 3.40E-13 2.69E-12 4.94E-12
 6.46E-12 8.09E-12 9.22E-12 9.54E-12 9.09E-12 8.70E-12
  121.785    7  14 /pl=01:ss= 6:pb= 1:sz= 6/type=excit/ispb = t/isel =   16
 1.00E+10 1.00E+11 1.00E+12 1.00E+13 1.00E+14 1.00E+15 1.00E+16
 8.44E-01 1.27E+00 2.11E+00 4.22E+00 8.44E+00 2.11E+01 4.22E+01 6.33E+01
 8.44E+01 1.27E+02 2.11E+02 4.22E+02 8.44E+02 1.27E+03
 1.00E-74 5.19E-45 3.85E-31 8.44E-21 1.09E-15 1.03E-12 8.61E-12 1.64E-11
 2.21E-11 2.93E-11 3.58E-11 4.04E-11 4.16E-11 4.10E-11
 1.00E-74 5.34E-45 3.85E-31 8.44E-21 1.09E-15 1.03E-12 8.61E-12 1.64E-11
 2.21E-11 2.93E-11 3.58E-11 4.04E-11 4.16E-11 4.10E-11
 1.00E-74 5.35E-45 3.85E-31 8.44E-21 1.09E-15 1.03E-12 8.61E-12 1.64E-11
 2.21E-11 2.93E-11 3.58E-11 4.04E-11 4.16E-11 4.10E-11
 1.00E-74 5.40E-45 3.88E-31 8.49E-21 1.09E-15 1.03E-12 8.61E-12 1.64E-11
 2.21E-11 2.93E-11 3.57E-11 4.03E-11 4.15E-11 4.09E-11
 1.00E-74 5.89E-45 4.17E-31 8.93E-21 1.13E-15 1.04E-12 8.64E-12 1.64E-11
 2.20E-11 2.90E-11 3.52E-11 3.95E-11 4.06E-11 4.01E-11
 1.00E-74 9.44E-45 6.16E-31 1.19E-20 1.35E-15 1.12E-12 8.76E-12 1.62E-11
 2.13E-11 2.70E-11 3.12E-11 3.35E-11 3.39E-11 3.35E-11
 1.00E-74 2.19E-44 1.26E-30 1.91E-20 1.51E-15 8.88E-13 6.08E-12 1.06E-11
 1.34E-11 1.63E-11 1.81E-11 1.84E-11 1.77E-11 1.71E-11
  134.159    7  14 /pl=01:ss= 6:pb= 1:sz= 6/type=excit/ispb = t/isel =   17
 1.00E+10 1.00E+11 1.00E+12 1.00E+13 1.00E+14 1.00E+15 1.00E+16
 8.44E-01 1.27E+00 2.11E+00 4.22E+00 8.44E+00 2.11E+01 4.22E+01 6.33E+01
 8.44E+01 1.27E+02 2.11E+02 4.22E+02 8.44E+02 1.27E+03
 1.00E-74 1.00E-74 1.32E-33 3.55E-22 1.55E-16 2.97E-13 3.09E-12 6.28E-12
 8.67E-12 1.15E-11 1.35E-11 1.37E-11 1.21E-11 1.08E-11
 1.00E-74 1.00E-74 1.32E-33 3.55E-22 1.55E-16 2.97E-13 3.09E-12 6.28E-12
 8.67E-12 1.15E-11 1.35E-11 1.37E-11 1.21E-11 1.08E-11
 1.00E-74 1.00E-74 1.32E-33 3.55E-22 1.55E-16 2.97E-13 3.09E-12 6.28E-12
 8.67E-12 1.15E-11 1.35E-11 1.37E-11 1.21E-11 1.08E-11
 1.00E-74 6.70E-49 1.32E-33 3.56E-22 1.56E-16 2.96E-13 3.08E-12 6.27E-12
 8.66E-12 1.15E-11 1.35E-11 1.37E-11 1.21E-11 1.08E-11
 1.00E-74 6.70E-49 1.38E-33 3.66E-22 1.58E-16 2.97E-13 3.07E-12 6.26E-12
 8.66E-12 1.16E-11 1.37E-11 1.39E-11 1.23E-11 1.10E-11
 1.00E-74 9.58E-49 1.87E-33 4.63E-22 1.85E-16 3.20E-13 3.18E-12 6.41E-12
 8.82E-12 1.17E-11 1.37E-11 1.40E-11 1.26E-11 1.15E-11
 1.00E-74 2.17E-48 3.70E-33 7.11E-22 2.01E-16 2.50E-13 2.20E-12 4.19E-12
 5.60E-12 7.21E-12 8.41E-12 8.79E-12 8.26E-12 7.74E-12
  135.939    7  14 /pl=01:ss= 6:pb= 1:sz= 6/type=excit/ispb = t/isel =   18
 1.00E+10 1.00E+11 1.00E+12 1.00E+13 1.00E+14 1.00E+15 1.00E+16
 8.44E-01 1.27E+00 2.11E+00 4.22E+00 8.44E+00 2.11E+01 4.22E+01 6.33E+01
 8.44E+01 1.27E+02 2.11E+02 4.22E+02 8.44E+02 1.27E+03
 1.00E-74 5.58E-41 1.40E-28 2.48E-19 9.29E-15 4.35E-12 2.92E-11 5.18E-11
 6.75E-11 8.54E-11 1.00E-10 1.09E-10 1.10E-10 1.07E-10
 1.00E-74 5.58E-41 1.40E-28 2.48E-19 9.29E-15 4.35E-12 2.92E-11 5.18E-11
 6.75E-11 8.54E-11 1.00E-10 1.09E-10 1.10E-10 1.07E-10
 1.00E-74 5.59E-41 1.40E-28 2.48E-19 9.29E-15 4.34E-12 2.92E-11 5.18E-11
 6.74E-11 8.54E-11 1.00E-10 1.09E-10 1.10E-10 1.07E-10
 1.00E-74 5.61E-41 1.41E-28 2.48E-19 9.30E-15 4.34E-12 2.91E-11 5.17E-11
 6.73E-11 8.52E-11 1.00E-10 1.09E-10 1.09E-10 1.07E-10
 1.00E-74 5.84E-41 1.45E-28 2.54E-19 9.38E-15 4.32E-12 2.88E-11 5.11E-11
 6.63E-11 8.37E-11 9.80E-11 1.06E-10 1.07E-10 1.05E-10
 1.00E-74 7.98E-41 1.87E-28 3.02E-19 1.01E-14 4.19E-12 2.67E-11 4.62E-11
 5.91E-11 7.28E-11 8.26E-11 8.78E-11 8.84E-11 8.74E-11
 1.00E-74 2.19E-40 4.53E-28 5.61E-19 1.27E-14 3.51E-12 1.88E-11 3.01E-11
 3.67E-11 4.29E-11 4.62E-11 4.68E-11 4.54E-11 4.44E-11
  136.279    7  14 /pl=01:ss= 6:pb= 1:sz= 6/type=excit/ispb = t/isel =   19
 1.00E+10 1.00E+11 1.00E+12 1.00E+13 1.00E+14 1.00E+15 1.00E+16
 8.44E-01 1.27E+00 2.11E+00 4.22E+00 8.44E+00 2.11E+01 4.22E+01 6.33E+01
 8.44E+01 1.27E+02 2.11E+02 4.22E+02 8.44E+02 1.27E+03
 1.00E-74 1.00E-74 2.29E-33 4.39E-22 1.62E-16 2.77E-13 2.76E-12 5.47E-12
 7.41E-12 9.56E-12 1.08E-11 1.03E-11 8.63E-12 7.50E-12
 1.00E-74 1.00E-74 2.29E-33 4.39E-22 1.62E-16 2.77E-13 2.75E-12 5.47E-12
 7.41E-12 9.56E-12 1.08E-11 1.03E-11 8.63E-12 7.50E-12
 1.00E-74 3.34E-48 2.29E-33 4.38E-22 1.61E-16 2.77E-13 2.75E-12 5.46E-12
 7.40E-12 9.55E-12 1.08E-11 1.03E-11 8.62E-12 7.49E-12
 1.00E-74 1.67E-48 2.24E-33 4.30E-22 1.59E-16 2.72E-13 2.71E-12 5.39E-12
 7.32E-12 9.46E-12 1.07E-11 1.02E-11 8.58E-12 7.46E-12
 1.00E-74 1.43E-48 1.93E-33 3.69E-22 1.37E-16 2.38E-13 2.41E-12 4.83E-12
 6.61E-12 8.64E-12 9.89E-12 9.63E-12 8.18E-12 7.18E-12
 1.00E-74 9.64E-49 1.22E-33 2.23E-22 7.84E-17 1.31E-13 1.34E-12 2.74E-12
 3.81E-12 5.08E-12 6.01E-12 6.21E-12 5.68E-12 5.22E-12
 1.00E-74 1.40E-48 1.53E-33 2.11E-22 5.09E-17 5.86E-14 5.08E-13 9.69E-13
 1.30E-12 1.68E-12 1.98E-12 2.10E-12 2.01E-12 1.91E-12
  139.278    7  14 /pl=01:ss= 6:pb= 1:sz= 6/type=excit/ispb = t/isel =   20
 1.00E+10 1.00E+11 1.00E+12 1.00E+13 1.00E+14 1.00E+15 1.00E+16
 8.44E-01 1.27E+00 2.11E+00 4.22E+00 8.44E+00 2.11E+01 4.22E+01 6.33E+01
 8.44E+01 1.27E+02 2.11E+02 4.22E+02 8.44E+02 1.27E+03
 1.00E-74 1.00E-74 1.05E-32 1.27E-21 3.74E-16 5.64E-13 5.42E-12 1.08E-11
 1.47E-11 1.92E-11 2.24E-11 2.26E-11 1.98E-11 1.78E-11
 1.00E-74 1.00E-74 1.05E-32 1.27E-21 3.74E-16 5.64E-13 5.42E-12 1.08E-11
 1.47E-11 1.92E-11 2.24E-11 2.26E-11 1.98E-11 1.78E-11
 1.00E-74 1.61E-47 1.05E-32 1.27E-21 3.74E-16 5.64E-13 5.42E-12 1.07E-11
 1.47E-11 1.92E-11 2.24E-11 2.26E-11 1.98E-11 1.78E-11
 1.00E-74 1.45E-47 1.05E-32 1.28E-21 3.75E-16 5.63E-13 5.42E-12 1.07E-11
 1.47E-11 1.92E-11 2.24E-11 2.25E-11 1.98E-11 1.78E-11
 1.00E-74 1.48E-47 1.07E-32 1.29E-21 3.77E-16 5.62E-13 5.38E-12 1.06E-11
 1.45E-11 1.90E-11 2.20E-11 2.22E-11 1.96E-11 1.76E-11
 1.00E-74 1.99E-47 1.35E-32 1.51E-21 4.08E-16 5.59E-13 5.16E-12 1.00E-11
 1.35E-11 1.73E-11 1.96E-11 1.96E-11 1.75E-11 1.60E-11
 1.00E-74 4.45E-47 2.60E-32 2.24E-21 4.22E-16 4.15E-13 3.36E-12 6.21E-12
 8.13E-12 1.02E-11 1.16E-11 1.18E-11 1.09E-11 1.02E-11
  142.810    7  14 /pl=01:ss= 6:pb= 1:sz= 6/type=excit/ispb = t/isel =   21
 1.00E+10 1.00E+11 1.00E+12 1.00E+13 1.00E+14 1.00E+15 1.00E+16
 8.44E-01 1.27E+00 2.11E+00 4.22E+00 8.44E+00 2.11E+01 4.22E+01 6.33E+01
 8.44E+01 1.27E+02 2.11E+02 4.22E+02 8.44E+02 1.27E+03
 1.00E-74 1.00E-74 2.84E-32 2.03E-21 4.56E-16 5.83E-13 5.28E-12 1.01E-11
 1.35E-11 1.71E-11 1.91E-11 1.81E-11 1.51E-11 1.31E-11
 1.00E-74 9.44E-47 2.84E-32 2.03E-21 4.56E-16 5.83E-13 5.28E-12 1.01E-11
 1.35E-11 1.71E-11 1.91E-11 1.81E-11 1.51E-11 1.31E-11
 1.00E-74 8.03E-47 2.84E-32 2.03E-21 4.56E-16 5.82E-13 5.28E-12 1.01E-11
 1.35E-11 1.71E-11 1.91E-11 1.81E-11 1.51E-11 1.31E-11
 1.00E-74 7.74E-47 2.82E-32 2.01E-21 4.53E-16 5.78E-13 5.25E-12 1.01E-11
 1.34E-11 1.70E-11 1.90E-11 1.80E-11 1.50E-11 1.30E-11
 1.00E-74 7.37E-47 2.66E-32 1.89E-21 4.24E-16 5.43E-13 4.95E-12 9.52E-12
 1.27E-11 1.61E-11 1.81E-11 1.73E-11 1.45E-11 1.26E-11
 1.00E-74 5.73E-47 1.97E-32 1.34E-21 2.88E-16 3.58E-13 3.28E-12 6.38E-12
 8.58E-12 1.09E-11 1.24E-11 1.22E-11 1.07E-11 9.64E-12
 1.00E-74 6.55E-47 1.94E-32 1.02E-21 1.52E-16 1.33E-13 1.06E-12 1.97E-12
 2.59E-12 3.27E-12 3.76E-12 3.91E-12 3.71E-12 3.51E-12
  148.070    7  14 /pl=01:ss= 6:pb= 1:sz= 6/type=excit/ispb = t/isel =   22
 1.00E+10 1.00E+11 1.00E+12 1.00E+13 1.00E+14 1.00E+15 1.00E+16
 8.44E-01 1.27E+00 2.11E+00 4.22E+00 8.44E+00 2.11E+01 4.22E+01 6.33E+01
 8.44E+01 1.27E+02 2.11E+02 4.22E+02 8.44E+02 1.27E+03
 1.00E-74 1.73E-45 2.23E-31 7.75E-21 1.23E-15 1.29E-12 1.10E-11 2.09E-11
 2.80E-11 3.62E-11 4.17E-11 4.18E-11 3.70E-11 3.32E-11
 1.00E-74 1.61E-45 2.23E-31 7.75E-21 1.23E-15 1.29E-12 1.10E-11 2.09E-11
 2.80E-11 3.62E-11 4.17E-11 4.18E-11 3.70E-11 3.32E-11
 1.00E-74 1.62E-45 2.23E-31 7.75E-21 1.23E-15 1.29E-12 1.10E-11 2.09E-11
 2.80E-11 3.62E-11 4.17E-11 4.17E-11 3.70E-11 3.32E-11
 1.00E-74 1.62E-45 2.23E-31 7.75E-21 1.23E-15 1.29E-12 1.10E-11 2.09E-11
 2.80E-11 3.61E-11 4.16E-11 4.17E-11 3.69E-11 3.31E-11
 1.00E-74 1.64E-45 2.26E-31 7.82E-21 1.24E-15 1.28E-12 1.09E-11 2.07E-11
 2.77E-11 3.57E-11 4.09E-11 4.08E-11 3.62E-11 3.25E-11
 1.00E-74 2.00E-45 2.62E-31 8.59E-21 1.27E-15 1.23E-12 1.01E-11 1.89E-11
 2.50E-11 3.14E-11 3.52E-11 3.46E-11 3.09E-11 2.82E-11
 1.00E-74 5.04E-45 5.61E-31 1.39E-20 1.41E-15 9.49E-13 6.78E-12 1.19E-11
 1.52E-11 1.85E-11 2.04E-11 2.02E-11 1.85E-11 1.71E-11
  154.763    7  14 /pl=01:ss= 6:pb= 1:sz= 6/type=excit/ispb = t/isel =   23
 1.00E+10 1.00E+11 1.00E+12 1.00E+13 1.00E+14 1.00E+15 1.00E+16
 8.44E-01 1.27E+00 2.11E+00 4.22E+00 8.44E+00 2.11E+01 4.22E+01 6.33E+01
 8.44E+01 1.27E+02 2.11E+02 4.22E+02 8.44E+02 1.27E+03
 1.00E-74 3.29E-44 1.45E-30 2.12E-20 2.16E-15 1.72E-12 1.33E-11 2.42E-11
 3.16E-11 3.89E-11 4.26E-11 3.98E-11 3.31E-11 2.87E-11
 1.00E-74 3.32E-44 1.45E-30 2.12E-20 2.16E-15 1.72E-12 1.33E-11 2.42E-11
 3.16E-11 3.89E-11 4.26E-11 3.98E-11 3.31E-11 2.87E-11
 1.00E-74 3.32E-44 1.45E-30 2.12E-20 2.16E-15 1.72E-12 1.32E-11 2.42E-11
 3.15E-11 3.89E-11 4.26E-11 3.98E-11 3.31E-11 2.87E-11
 1.00E-74 3.32E-44 1.45E-30 2.12E-20 2.16E-15 1.71E-12 1.32E-11 2.41E-11
 3.15E-11 3.88E-11 4.25E-11 3.97E-11 3.30E-11 2.86E-11
 1.00E-74 3.28E-44 1.43E-30 2.08E-20 2.10E-15 1.67E-12 1.28E-11 2.35E-11
 3.06E-11 3.77E-11 4.12E-11 3.85E-11 3.21E-11 2.79E-11
 1.00E-74 3.02E-44 1.27E-30 1.77E-20 1.71E-15 1.31E-12 1.00E-11 1.83E-11
 2.38E-11 2.92E-11 3.16E-11 2.97E-11 2.53E-11 2.25E-11
 1.00E-74 3.05E-44 1.12E-30 1.24E-20 8.61E-16 4.83E-13 3.35E-12 5.92E-12
 7.60E-12 9.34E-12 1.04E-11 1.05E-11 9.73E-12 9.08E-12
  165.652    7  14 /pl=01:ss= 6:pb= 1:sz= 6/type=excit/ispb = t/isel =   24
 1.00E+10 1.00E+11 1.00E+12 1.00E+13 1.00E+14 1.00E+15 1.00E+16
 8.44E-01 1.27E+00 2.11E+00 4.22E+00 8.44E+00 2.11E+01 4.22E+01 6.33E+01
 8.44E+01 1.27E+02 2.11E+02 4.22E+02 8.44E+02 1.27E+03
 1.00E-74 3.58E-42 2.98E-29 1.27E-19 7.05E-15 3.98E-12 2.79E-11 4.97E-11
 6.47E-11 8.10E-11 9.12E-11 9.04E-11 7.97E-11 7.16E-11
 1.00E-74 3.58E-42 2.98E-29 1.27E-19 7.05E-15 3.98E-12 2.79E-11 4.97E-11
 6.47E-11 8.10E-11 9.12E-11 9.04E-11 7.97E-11 7.16E-11
 1.00E-74 3.58E-42 2.98E-29 1.27E-19 7.05E-15 3.98E-12 2.79E-11 4.97E-11
 6.47E-11 8.10E-11 9.12E-11 9.04E-11 7.97E-11 7.16E-11
 1.00E-74 3.59E-42 2.98E-29 1.27E-19 7.05E-15 3.97E-12 2.79E-11 4.97E-11
 6.46E-11 8.09E-11 9.10E-11 9.02E-11 7.96E-11 7.14E-11
 1.00E-74 3.62E-42 3.00E-29 1.27E-19 7.05E-15 3.95E-12 2.76E-11 4.92E-11
 6.38E-11 7.97E-11 8.94E-11 8.83E-11 7.79E-11 7.01E-11
 1.00E-74 4.11E-42 3.31E-29 1.34E-19 7.04E-15 3.71E-12 2.53E-11 4.44E-11
 5.70E-11 6.96E-11 7.60E-11 7.38E-11 6.55E-11 5.95E-11
 1.00E-74 1.09E-41 7.44E-29 2.25E-19 7.96E-15 2.87E-12 1.67E-11 2.74E-11
 3.39E-11 3.98E-11 4.26E-11 4.14E-11 3.72E-11 3.42E-11
  176.687    7  14 /pl=01:ss= 6:pb= 1:sz= 6/type=excit/ispb = t/isel =   25
 1.00E+10 1.00E+11 1.00E+12 1.00E+13 1.00E+14 1.00E+15 1.00E+16
 8.44E-01 1.27E+00 2.11E+00 4.22E+00 8.44E+00 2.11E+01 4.22E+01 6.33E+01
 8.44E+01 1.27E+02 2.11E+02 4.22E+02 8.44E+02 1.27E+03
 3.78E-45 3.84E-33 1.25E-23 1.48E-16 4.51E-13 4.85E-11 2.06E-10 3.16E-10
 3.83E-10 4.50E-10 4.98E-10 5.15E-10 5.01E-10 4.82E-10
 4.35E-45 3.84E-33 1.25E-23 1.48E-16 4.51E-13 4.85E-11 2.06E-10 3.16E-10
 3.83E-10 4.50E-10 4.98E-10 5.15E-10 5.01E-10 4.82E-10
 4.39E-45 3.84E-33 1.25E-23 1.48E-16 4.51E-13 4.85E-11 2.06E-10 3.16E-10
 3.83E-10 4.50E-10 4.98E-10 5.15E-10 5.01E-10 4.82E-10
 4.40E-45 3.85E-33 1.25E-23 1.49E-16 4.51E-13 4.84E-11 2.06E-10 3.16E-10
 3.82E-10 4.49E-10 4.97E-10 5.14E-10 5.00E-10 4.81E-10
 4.54E-45 3.95E-33 1.28E-23 1.50E-16 4.53E-13 4.81E-11 2.03E-10 3.11E-10
 3.77E-10 4.41E-10 4.87E-10 5.02E-10 4.89E-10 4.71E-10
 5.88E-45 4.92E-33 1.52E-23 1.69E-16 4.69E-13 4.56E-11 1.85E-10 2.79E-10
 3.32E-10 3.81E-10 4.09E-10 4.14E-10 4.05E-10 3.95E-10
 1.67E-44 1.30E-32 3.62E-23 3.15E-16 5.94E-13 3.78E-11 1.26E-10 1.75E-10
 1.98E-10 2.16E-10 2.22E-10 2.18E-10 2.10E-10 2.04E-10
  181.651    7  14 /pl=01:ss= 6:pb= 1:sz= 6/type=excit/ispb = t/isel =   26
 1.00E+10 1.00E+11 1.00E+12 1.00E+13 1.00E+14 1.00E+15 1.00E+16
 8.44E-01 1.27E+00 2.11E+00 4.22E+00 8.44E+00 2.11E+01 4.22E+01 6.33E+01
 8.44E+01 1.27E+02 2.11E+02 4.22E+02 8.44E+02 1.27E+03
 1.00E-74 1.19E-39 1.23E-27 1.08E-18 2.72E-14 9.34E-12 5.46E-11 9.10E-11
 1.13E-10 1.34E-10 1.42E-10 1.30E-10 1.07E-10 9.25E-11
 1.00E-74 1.19E-39 1.23E-27 1.08E-18 2.72E-14 9.33E-12 5.46E-11 9.10E-11
 1.13E-10 1.34E-10 1.42E-10 1.30E-10 1.07E-10 9.25E-11
 1.00E-74 1.19E-39 1.23E-27 1.08E-18 2.72E-14 9.33E-12 5.46E-11 9.10E-11
 1.13E-10 1.34E-10 1.42E-10 1.30E-10 1.07E-10 9.25E-11
 1.00E-74 1.19E-39 1.23E-27 1.08E-18 2.72E-14 9.32E-12 5.45E-11 9.08E-11
 1.13E-10 1.34E-10 1.42E-10 1.30E-10 1.07E-10 9.23E-11
 1.00E-74 1.19E-39 1.23E-27 1.08E-18 2.69E-14 9.17E-12 5.36E-11 8.92E-11
 1.11E-10 1.31E-10 1.38E-10 1.26E-10 1.04E-10 9.03E-11
 1.00E-74 1.18E-39 1.20E-27 1.03E-18 2.44E-14 7.93E-12 4.56E-11 7.54E-11
 9.32E-11 1.08E-10 1.12E-10 1.02E-10 8.48E-11 7.45E-11
 1.00E-74 1.27E-39 1.18E-27 8.22E-19 1.44E-14 3.53E-12 1.85E-11 2.98E-11
 3.64E-11 4.23E-11 4.47E-11 4.26E-11 3.75E-11 3.40E-11
  183.002    7  14 /pl=01:ss= 6:pb= 1:sz= 6/type=excit/ispb = t/isel =   27
 1.00E+10 1.00E+11 1.00E+12 1.00E+13 1.00E+14 1.00E+15 1.00E+16
 8.44E-01 1.27E+00 2.11E+00 4.22E+00 8.44E+00 2.11E+01 4.22E+01 6.33E+01
 8.44E+01 1.27E+02 2.11E+02 4.22E+02 8.44E+02 1.27E+03
 1.00E-74 1.00E-74 1.00E-74 1.00E-74 6.54E-31 1.02E-18 9.76E-15 1.90E-13
 8.06E-13 3.21E-12 8.99E-12 1.68E-11 2.00E-11 1.95E-11
 1.00E-74 1.00E-74 1.00E-74 1.00E-74 6.54E-31 1.02E-18 9.76E-15 1.90E-13
 8.06E-13 3.21E-12 8.99E-12 1.68E-11 2.00E-11 1.95E-11
 1.00E-74 1.00E-74 1.00E-74 1.00E-74 6.54E-31 1.02E-18 9.76E-15 1.90E-13
 8.06E-13 3.21E-12 8.99E-12 1.68E-11 1.99E-11 1.95E-11
 1.00E-74 1.00E-74 1.00E-74 1.00E-74 6.54E-31 1.02E-18 9.75E-15 1.89E-13
 8.05E-13 3.20E-12 8.97E-12 1.68E-11 1.99E-11 1.95E-11
 1.00E-74 1.00E-74 1.00E-74 1.00E-74 6.49E-31 1.00E-18 9.60E-15 1.86E-13
 7.91E-13 3.14E-12 8.77E-12 1.64E-11 1.94E-11 1.91E-11
 1.00E-74 1.00E-74 1.00E-74 1.00E-74 6.09E-31 8.95E-19 8.41E-15 1.62E-13
 6.80E-13 2.65E-12 7.24E-12 1.33E-11 1.60E-11 1.59E-11
 1.00E-74 1.00E-74 1.00E-74 1.46E-51 4.04E-31 4.69E-19 4.03E-15 7.47E-14
 3.08E-13 1.18E-12 3.24E-12 6.11E-12 7.50E-12 7.57E-12
  213.344    7  14 /pl=01:ss= 6:pb= 1:sz= 6/type=excit/ispb = t/isel =   28
 1.00E+10 1.00E+11 1.00E+12 1.00E+13 1.00E+14 1.00E+15 1.00E+16
 8.44E-01 1.27E+00 2.11E+00 4.22E+00 8.44E+00 2.11E+01 4.22E+01 6.33E+01
 8.44E+01 1.27E+02 2.11E+02 4.22E+02 8.44E+02 1.27E+03
 1.00E-74 4.38E-36 1.85E-25 1.48E-17 1.14E-13 1.99E-11 9.58E-11 1.52E-10
 1.86E-10 2.19E-10 2.37E-10 2.28E-10 1.99E-10 1.79E-10
 1.00E-74 4.38E-36 1.85E-25 1.48E-17 1.14E-13 1.99E-11 9.58E-11 1.52E-10
 1.86E-10 2.19E-10 2.37E-10 2.28E-10 1.99E-10 1.79E-10
 1.00E-74 4.38E-36 1.85E-25 1.48E-17 1.14E-13 1.99E-11 9.58E-11 1.52E-10
 1.86E-10 2.19E-10 2.37E-10 2.28E-10 1.99E-10 1.79E-10
 1.00E-74 4.39E-36 1.85E-25 1.48E-17 1.14E-13 1.99E-11 9.57E-11 1.52E-10
 1.86E-10 2.19E-10 2.36E-10 2.27E-10 1.99E-10 1.79E-10
 2.16E-49 4.45E-36 1.87E-25 1.49E-17 1.14E-13 1.97E-11 9.47E-11 1.50E-10
 1.83E-10 2.16E-10 2.32E-10 2.22E-10 1.95E-10 1.75E-10
 2.49E-49 5.12E-36 2.08E-25 1.59E-17 1.14E-13 1.85E-11 8.64E-11 1.35E-10
 1.63E-10 1.88E-10 1.96E-10 1.85E-10 1.63E-10 1.48E-10
 7.83E-49 1.45E-35 5.01E-25 2.86E-17 1.37E-13 1.50E-11 5.89E-11 8.54E-11
 9.89E-11 1.09E-10 1.11E-10 1.04E-10 9.14E-11 8.34E-11
  233.519    7  14 /pl=01:ss= 6:pb= 1:sz= 6/type=excit/ispb = t/isel =   29
 1.00E+10 1.00E+11 1.00E+12 1.00E+13 1.00E+14 1.00E+15 1.00E+16
 8.44E-01 1.27E+00 2.11E+00 4.22E+00 8.44E+00 2.11E+01 4.22E+01 6.33E+01
 8.44E+01 1.27E+02 2.11E+02 4.22E+02 8.44E+02 1.27E+03
 1.00E-74 1.00E-74 1.00E-74 1.00E-74 1.84E-30 1.01E-18 6.84E-15 1.19E-13
 4.75E-13 1.80E-12 4.77E-12 8.64E-12 1.00E-11 9.74E-12
 1.00E-74 1.00E-74 1.00E-74 1.00E-74 1.84E-30 1.01E-18 6.84E-15 1.19E-13
 4.75E-13 1.79E-12 4.77E-12 8.64E-12 1.00E-11 9.74E-12
 1.00E-74 1.00E-74 1.00E-74 1.00E-74 1.84E-30 1.01E-18 6.84E-15 1.19E-13
 4.75E-13 1.79E-12 4.77E-12 8.63E-12 1.00E-11 9.73E-12
 1.00E-74 1.00E-74 1.00E-74 1.00E-74 1.84E-30 1.01E-18 6.83E-15 1.19E-13
 4.74E-13 1.79E-12 4.75E-12 8.61E-12 9.97E-12 9.71E-12
 1.00E-74 1.00E-74 1.00E-74 1.00E-74 1.83E-30 9.99E-19 6.73E-15 1.17E-13
 4.66E-13 1.76E-12 4.65E-12 8.41E-12 9.75E-12 9.51E-12
 1.00E-74 1.00E-74 1.00E-74 4.82E-50 1.72E-30 8.92E-19 5.89E-15 1.01E-13
 4.00E-13 1.48E-12 3.84E-12 6.85E-12 8.01E-12 7.90E-12
 1.00E-74 1.00E-74 1.00E-74 3.05E-50 1.17E-30 4.70E-19 2.82E-15 4.67E-14
 1.81E-13 6.61E-13 1.72E-12 3.13E-12 3.76E-12 3.78E-12
  252.633    7  14 /pl=01:ss= 6:pb= 1:sz= 6/type=excit/ispb = t/isel =   30
 1.00E+10 1.00E+11 1.00E+12 1.00E+13 1.00E+14 1.00E+15 1.00E+16
 8.44E-01 1.27E+00 2.11E+00 4.22E+00 8.44E+00 2.11E+01 4.22E+01 6.33E+01
 8.44E+01 1.27E+02 2.11E+02 4.22E+02 8.44E+02 1.27E+03
 1.00E-74 1.14E-41 2.87E-29 5.07E-20 1.90E-15 8.89E-13 5.97E-12 1.06E-11
 1.38E-11 1.75E-11 2.05E-11 2.24E-11 2.24E-11 2.19E-11
 1.00E-74 1.14E-41 2.87E-29 5.07E-20 1.90E-15 8.89E-13 5.97E-12 1.06E-11
 1.38E-11 1.75E-11 2.05E-11 2.23E-11 2.24E-11 2.19E-11
 1.00E-74 1.14E-41 2.87E-29 5.07E-20 1.90E-15 8.89E-13 5.97E-12 1.06E-11
 1.38E-11 1.75E-11 2.05E-11 2.23E-11 2.24E-11 2.19E-11
 1.00E-74 1.15E-41 2.88E-29 5.08E-20 1.90E-15 8.89E-13 5.96E-12 1.06E-11
 1.38E-11 1.74E-11 2.05E-11 2.23E-11 2.24E-11 2.19E-11
 1.00E-74 1.20E-41 2.97E-29 5.19E-20 1.92E-15 8.84E-13 5.90E-12 1.04E-11
 1.36E-11 1.71E-11 2.01E-11 2.18E-11 2.19E-11 2.14E-11
 1.00E-74 1.63E-41 3.84E-29 6.18E-20 2.07E-15 8.57E-13 5.46E-12 9.46E-12
 1.21E-11 1.49E-11 1.69E-11 1.80E-11 1.81E-11 1.79E-11
 1.00E-74 4.48E-41 9.28E-29 1.15E-19 2.59E-15 7.19E-13 3.85E-12 6.17E-12
 7.52E-12 8.77E-12 9.46E-12 9.58E-12 9.30E-12 9.08E-12
  281.016    7  14 /pl=01:ss= 6:pb= 1:sz= 6/type=excit/ispb = t/isel =   31
 1.00E+10 1.00E+11 1.00E+12 1.00E+13 1.00E+14 1.00E+15 1.00E+16
 8.44E-01 1.27E+00 2.11E+00 4.22E+00 8.44E+00 2.11E+01 4.22E+01 6.33E+01
 8.44E+01 1.27E+02 2.11E+02 4.22E+02 8.44E+02 1.27E+03
 2.01E-41 1.74E-30 8.82E-22 2.56E-15 3.70E-12 2.30E-10 7.70E-10 1.07E-09
 1.22E-09 1.33E-09 1.32E-09 1.16E-09 9.36E-10 8.07E-10
 2.01E-41 1.74E-30 8.82E-22 2.56E-15 3.70E-12 2.30E-10 7.70E-10 1.07E-09
 1.22E-09 1.33E-09 1.32E-09 1.16E-09 9.36E-10 8.07E-10
 2.01E-41 1.74E-30 8.82E-22 2.56E-15 3.70E-12 2.30E-10 7.70E-10 1.07E-09
 1.22E-09 1.33E-09 1.32E-09 1.16E-09 9.36E-10 8.07E-10
 2.01E-41 1.74E-30 8.82E-22 2.56E-15 3.70E-12 2.30E-10 7.69E-10 1.07E-09
 1.22E-09 1.33E-09 1.32E-09 1.15E-09 9.34E-10 8.05E-10
 2.02E-41 1.74E-30 8.83E-22 2.56E-15 3.68E-12 2.27E-10 7.58E-10 1.05E-09
 1.20E-09 1.30E-09 1.29E-09 1.13E-09 9.13E-10 7.88E-10
 2.04E-41 1.76E-30 8.88E-22 2.52E-15 3.46E-12 2.03E-10 6.63E-10 9.12E-10
 1.03E-09 1.10E-09 1.06E-09 9.20E-10 7.51E-10 6.56E-10
 2.30E-41 1.94E-30 9.47E-22 2.33E-15 2.41E-12 1.07E-10 3.19E-10 4.23E-10
 4.69E-10 4.94E-10 4.81E-10 4.29E-10 3.61E-10 3.21E-10
  336.741    7  14 /pl=01:ss= 6:pb= 1:sz= 6/type=excit/ispb = t/isel =   32
 1.00E+10 1.00E+11 1.00E+12 1.00E+13 1.00E+14 1.00E+15 1.00E+16
 8.44E-01 1.27E+00 2.11E+00 4.22E+00 8.44E+00 2.11E+01 4.22E+01 6.33E+01
 8.44E+01 1.27E+02 2.11E+02 4.22E+02 8.44E+02 1.27E+03
 1.00E-74 1.00E-74 1.59E-32 1.14E-21 2.56E-16 3.27E-13 2.96E-12 5.68E-12
 7.56E-12 9.57E-12 1.07E-11 1.02E-11 8.47E-12 7.33E-12
 1.00E-74 5.30E-47 1.59E-32 1.14E-21 2.56E-16 3.27E-13 2.96E-12 5.68E-12
 7.56E-12 9.57E-12 1.07E-11 1.02E-11 8.47E-12 7.33E-12
 1.00E-74 4.50E-47 1.59E-32 1.14E-21 2.56E-16 3.27E-13 2.96E-12 5.67E-12
 7.56E-12 9.57E-12 1.07E-11 1.01E-11 8.46E-12 7.32E-12
 1.00E-74 4.34E-47 1.58E-32 1.13E-21 2.54E-16 3.24E-13 2.94E-12 5.64E-12
 7.51E-12 9.52E-12 1.07E-11 1.01E-11 8.43E-12 7.30E-12
 1.00E-74 4.13E-47 1.49E-32 1.06E-21 2.38E-16 3.04E-13 2.78E-12 5.34E-12
 7.13E-12 9.05E-12 1.02E-11 9.68E-12 8.13E-12 7.07E-12
 1.00E-74 3.21E-47 1.11E-32 7.52E-22 1.61E-16 2.01E-13 1.84E-12 3.58E-12
 4.81E-12 6.14E-12 6.96E-12 6.82E-12 6.01E-12 5.41E-12
 1.00E-74 3.68E-47 1.09E-32 5.71E-22 8.54E-17 7.47E-14 5.97E-13 1.11E-12
 1.45E-12 1.83E-12 2.11E-12 2.19E-12 2.08E-12 1.97E-12
  367.526    7  14 /pl=01:ss= 6:pb= 1:sz= 6/type=excit/ispb = t/isel =   33
 1.00E+10 1.00E+11 1.00E+12 1.00E+13 1.00E+14 1.00E+15 1.00E+16
 8.44E-01 1.27E+00 2.11E+00 4.22E+00 8.44E+00 2.11E+01 4.22E+01 6.33E+01
 8.44E+01 1.27E+02 2.11E+02 4.22E+02 8.44E+02 1.27E+03
 1.00E-74 3.74E-46 4.82E-32 1.68E-21 2.67E-16 2.79E-13 2.38E-12 4.53E-12
 6.06E-12 7.83E-12 9.02E-12 9.03E-12 8.00E-12 7.18E-12
 1.00E-74 3.49E-46 4.82E-32 1.68E-21 2.67E-16 2.79E-13 2.38E-12 4.53E-12
 6.06E-12 7.83E-12 9.02E-12 9.03E-12 8.00E-12 7.18E-12
 1.00E-74 3.50E-46 4.82E-32 1.68E-21 2.67E-16 2.79E-13 2.38E-12 4.53E-12
 6.06E-12 7.83E-12 9.02E-12 9.03E-12 7.99E-12 7.18E-12
 1.00E-74 3.50E-46 4.83E-32 1.68E-21 2.67E-16 2.79E-13 2.38E-12 4.52E-12
 6.06E-12 7.82E-12 9.01E-12 9.01E-12 7.98E-12 7.16E-12
 1.00E-74 3.55E-46 4.88E-32 1.69E-21 2.68E-16 2.78E-13 2.36E-12 4.48E-12
 5.99E-12 7.71E-12 8.85E-12 8.84E-12 7.83E-12 7.04E-12
 1.00E-74 4.34E-46 5.67E-32 1.86E-21 2.75E-16 2.66E-13 2.19E-12 4.10E-12
 5.40E-12 6.80E-12 7.61E-12 7.48E-12 6.69E-12 6.09E-12
 1.00E-74 1.09E-45 1.21E-31 3.00E-21 3.04E-16 2.05E-13 1.47E-12 2.58E-12
 3.29E-12 4.01E-12 4.41E-12 4.38E-12 4.00E-12 3.71E-12
  376.368    7  14 /pl=01:ss= 6:pb= 1:sz= 6/type=excit/ispb = t/isel =   34
 1.00E+10 1.00E+11 1.00E+12 1.00E+13 1.00E+14 1.00E+15 1.00E+16
 8.44E-01 1.27E+00 2.11E+00 4.22E+00 8.44E+00 2.11E+01 4.22E+01 6.33E+01
 8.44E+01 1.27E+02 2.11E+02 4.22E+02 8.44E+02 1.27E+03
 1.00E-74 1.00E-74 1.00E-74 6.79E-43 1.03E-26 4.12E-17 5.38E-14 5.42E-13
 1.64E-12 4.74E-12 1.01E-11 1.56E-11 1.66E-11 1.57E-11
 1.00E-74 1.00E-74 1.00E-74 6.78E-43 1.03E-26 4.12E-17 5.38E-14 5.42E-13
 1.64E-12 4.74E-12 1.01E-11 1.56E-11 1.66E-11 1.57E-11
 1.00E-74 1.00E-74 1.00E-74 6.78E-43 1.03E-26 4.12E-17 5.38E-14 5.42E-13
 1.64E-12 4.74E-12 1.01E-11 1.56E-11 1.66E-11 1.57E-11
 1.00E-74 1.00E-74 1.00E-74 6.78E-43 1.03E-26 4.11E-17 5.37E-14 5.41E-13
 1.64E-12 4.73E-12 1.01E-11 1.55E-11 1.66E-11 1.57E-11
 1.00E-74 1.00E-74 1.00E-74 6.77E-43 1.02E-26 4.06E-17 5.29E-14 5.33E-13
 1.61E-12 4.64E-12 9.88E-12 1.52E-11 1.62E-11 1.53E-11
 1.00E-74 1.00E-74 1.00E-74 6.65E-43 9.61E-27 3.62E-17 4.63E-14 4.62E-13
 1.38E-12 3.91E-12 8.14E-12 1.23E-11 1.33E-11 1.27E-11
 1.00E-74 1.00E-74 1.00E-74 5.88E-43 6.52E-27 1.89E-17 2.20E-14 2.11E-13
 6.20E-13 1.73E-12 3.61E-12 5.61E-12 6.20E-12 6.06E-12
  411.721    7  14 /pl=01:ss= 6:pb= 1:sz= 6/type=excit/ispb = t/isel =   35
 1.00E+10 1.00E+11 1.00E+12 1.00E+13 1.00E+14 1.00E+15 1.00E+16
 8.44E-01 1.27E+00 2.11E+00 4.22E+00 8.44E+00 2.11E+01 4.22E+01 6.33E+01
 8.44E+01 1.27E+02 2.11E+02 4.22E+02 8.44E+02 1.27E+03
 1.00E-74 1.93E-44 8.55E-31 1.25E-20 1.27E-15 1.01E-12 7.79E-12 1.42E-11
 1.86E-11 2.29E-11 2.51E-11 2.34E-11 1.94E-11 1.69E-11
 1.00E-74 1.95E-44 8.55E-31 1.25E-20 1.27E-15 1.01E-12 7.79E-12 1.42E-11
 1.86E-11 2.29E-11 2.51E-11 2.34E-11 1.94E-11 1.69E-11
 1.00E-74 1.95E-44 8.55E-31 1.25E-20 1.27E-15 1.01E-12 7.79E-12 1.42E-11
 1.85E-11 2.29E-11 2.51E-11 2.34E-11 1.94E-11 1.69E-11
 1.00E-74 1.95E-44 8.53E-31 1.25E-20 1.27E-15 1.01E-12 7.77E-12 1.42E-11
 1.85E-11 2.28E-11 2.50E-11 2.33E-11 1.94E-11 1.68E-11
 1.00E-74 1.93E-44 8.40E-31 1.22E-20 1.24E-15 9.79E-13 7.55E-12 1.38E-11
 1.80E-11 2.22E-11 2.42E-11 2.27E-11 1.89E-11 1.64E-11
 1.00E-74 1.77E-44 7.46E-31 1.04E-20 1.01E-15 7.67E-13 5.89E-12 1.08E-11
 1.40E-11 1.72E-11 1.86E-11 1.75E-11 1.49E-11 1.32E-11
 1.00E-74 1.79E-44 6.60E-31 7.30E-21 5.06E-16 2.84E-13 1.97E-12 3.48E-12
 4.47E-12 5.49E-12 6.13E-12 6.18E-12 5.72E-12 5.34E-12
  442.131    7  14 /pl=01:ss= 6:pb= 1:sz= 6/type=excit/ispb = t/isel =   36
 1.00E+10 1.00E+11 1.00E+12 1.00E+13 1.00E+14 1.00E+15 1.00E+16
 8.44E-01 1.27E+00 2.11E+00 4.22E+00 8.44E+00 2.11E+01 4.22E+01 6.33E+01
 8.44E+01 1.27E+02 2.11E+02 4.22E+02 8.44E+02 1.27E+03
 1.36E-45 1.38E-33 4.48E-24 5.32E-17 1.62E-13 1.74E-11 7.38E-11 1.13E-10
 1.37E-10 1.61E-10 1.79E-10 1.85E-10 1.80E-10 1.73E-10
 1.56E-45 1.38E-33 4.48E-24 5.32E-17 1.62E-13 1.74E-11 7.38E-11 1.13E-10
 1.37E-10 1.61E-10 1.79E-10 1.85E-10 1.80E-10 1.73E-10
 1.57E-45 1.38E-33 4.48E-24 5.32E-17 1.62E-13 1.74E-11 7.38E-11 1.13E-10
 1.37E-10 1.61E-10 1.79E-10 1.85E-10 1.80E-10 1.73E-10
 1.58E-45 1.38E-33 4.49E-24 5.33E-17 1.62E-13 1.74E-11 7.37E-11 1.13E-10
 1.37E-10 1.61E-10 1.78E-10 1.84E-10 1.79E-10 1.72E-10
 1.63E-45 1.42E-33 4.58E-24 5.39E-17 1.62E-13 1.73E-11 7.29E-11 1.12E-10
 1.35E-10 1.58E-10 1.75E-10 1.80E-10 1.75E-10 1.69E-10
 2.11E-45 1.76E-33 5.46E-24 6.05E-17 1.68E-13 1.63E-11 6.64E-11 9.99E-11
 1.19E-10 1.37E-10 1.47E-10 1.49E-10 1.45E-10 1.42E-10
 5.98E-45 4.66E-33 1.30E-23 1.13E-16 2.13E-13 1.35E-11 4.53E-11 6.27E-11
 7.11E-11 7.74E-11 7.97E-11 7.83E-11 7.53E-11 7.31E-11
  460.689    7  14 /pl=01:ss= 6:pb= 1:sz= 6/type=excit/ispb = t/isel =   37
 1.00E+10 1.00E+11 1.00E+12 1.00E+13 1.00E+14 1.00E+15 1.00E+16
 8.44E-01 1.27E+00 2.11E+00 4.22E+00 8.44E+00 2.11E+01 4.22E+01 6.33E+01
 8.44E+01 1.27E+02 2.11E+02 4.22E+02 8.44E+02 1.27E+03
 1.00E-74 6.66E-42 1.67E-29 2.95E-20 1.11E-15 5.18E-13 3.48E-12 6.18E-12
 8.05E-12 1.02E-11 1.20E-11 1.30E-11 1.31E-11 1.28E-11
 1.00E-74 6.66E-42 1.67E-29 2.95E-20 1.11E-15 5.18E-13 3.48E-12 6.18E-12
 8.05E-12 1.02E-11 1.20E-11 1.30E-11 1.31E-11 1.28E-11
 1.00E-74 6.66E-42 1.67E-29 2.96E-20 1.11E-15 5.18E-13 3.48E-12 6.18E-12
 8.05E-12 1.02E-11 1.20E-11 1.30E-11 1.31E-11 1.28E-11
 1.00E-74 6.69E-42 1.68E-29 2.96E-20 1.11E-15 5.18E-13 3.48E-12 6.17E-12
 8.03E-12 1.02E-11 1.19E-11 1.30E-11 1.30E-11 1.28E-11
 1.00E-74 6.97E-42 1.73E-29 3.03E-20 1.12E-15 5.15E-13 3.44E-12 6.09E-12
 7.92E-12 9.99E-12 1.17E-11 1.27E-11 1.28E-11 1.25E-11
 1.00E-74 9.52E-42 2.24E-29 3.60E-20 1.21E-15 4.99E-13 3.18E-12 5.52E-12
 7.05E-12 8.68E-12 9.85E-12 1.05E-11 1.05E-11 1.04E-11
 1.00E-74 2.61E-41 5.41E-29 6.69E-20 1.51E-15 4.19E-13 2.24E-12 3.60E-12
 4.38E-12 5.11E-12 5.51E-12 5.58E-12 5.42E-12 5.29E-12
  467.332    7  14 /pl=01:ss= 6:pb= 1:sz= 6/type=excit/ispb = t/isel =   38
 1.00E+10 1.00E+11 1.00E+12 1.00E+13 1.00E+14 1.00E+15 1.00E+16
 8.44E-01 1.27E+00 2.11E+00 4.22E+00 8.44E+00 2.11E+01 4.22E+01 6.33E+01
 8.44E+01 1.27E+02 2.11E+02 4.22E+02 8.44E+02 1.27E+03
 1.00E-74 1.00E-74 1.00E-74 1.00E-74 3.28E-28 2.74E-17 9.86E-14 1.39E-12
 5.01E-12 1.71E-11 4.19E-11 7.17E-11 8.13E-11 7.90E-11
 1.00E-74 1.00E-74 1.00E-74 1.47E-46 3.28E-28 2.74E-17 9.86E-14 1.39E-12
 5.01E-12 1.71E-11 4.19E-11 7.17E-11 8.13E-11 7.90E-11
 1.00E-74 1.00E-74 1.00E-74 1.32E-46 3.28E-28 2.74E-17 9.86E-14 1.39E-12
 5.01E-12 1.71E-11 4.19E-11 7.17E-11 8.13E-11 7.89E-11
 1.00E-74 1.00E-74 1.00E-74 1.37E-46 3.28E-28 2.73E-17 9.85E-14 1.39E-12
 5.00E-12 1.71E-11 4.18E-11 7.16E-11 8.11E-11 7.88E-11
 1.00E-74 1.00E-74 1.00E-74 1.36E-46 3.26E-28 2.70E-17 9.71E-14 1.37E-12
 4.92E-12 1.67E-11 4.09E-11 6.99E-11 7.93E-11 7.71E-11
 1.00E-74 1.00E-74 1.00E-74 1.34E-46 3.07E-28 2.42E-17 8.52E-14 1.19E-12
 4.24E-12 1.42E-11 3.38E-11 5.70E-11 6.52E-11 6.42E-11
 1.00E-74 1.00E-74 1.00E-74 1.17E-46 2.12E-28 1.31E-17 4.20E-14 5.64E-13
 1.97E-12 6.47E-12 1.54E-11 2.66E-11 3.11E-11 3.10E-11
  478.137    7  14 /pl=01:ss= 6:pb= 1:sz= 6/type=excit/ispb = t/isel =   39
 1.00E+10 1.00E+11 1.00E+12 1.00E+13 1.00E+14 1.00E+15 1.00E+16
 8.44E-01 1.27E+00 2.11E+00 4.22E+00 8.44E+00 2.11E+01 4.22E+01 6.33E+01
 8.44E+01 1.27E+02 2.11E+02 4.22E+02 8.44E+02 1.27E+03
 1.03E-32 4.37E-26 7.87E-21 5.88E-17 6.62E-15 3.24E-13 1.49E-12 2.85E-12
 4.33E-12 7.20E-12 1.11E-11 1.46E-11 1.52E-11 1.46E-11
 3.75E-32 1.43E-25 2.26E-20 1.42E-16 1.12E-14 3.62E-13 1.56E-12 2.92E-12
 4.42E-12 7.30E-12 1.13E-11 1.48E-11 1.53E-11 1.47E-11
 3.09E-31 1.14E-24 1.70E-19 9.72E-16 5.73E-14 7.33E-13 2.19E-12 3.66E-12
 5.23E-12 8.23E-12 1.23E-11 1.58E-11 1.62E-11 1.54E-11
 3.02E-30 1.11E-23 1.64E-18 9.27E-15 5.17E-13 4.44E-12 8.52E-12 1.11E-11
 1.34E-11 1.75E-11 2.27E-11 2.59E-11 2.45E-11 2.24E-11
 2.99E-29 1.10E-22 1.63E-17 9.16E-14 5.07E-12 4.09E-11 7.06E-11 8.36E-11
 9.32E-11 1.08E-10 1.24E-10 1.24E-10 1.05E-10 9.03E-11
 2.69E-28 1.01E-21 1.52E-16 8.57E-13 4.60E-11 3.53E-10 5.94E-10 6.91E-10
 7.54E-10 8.40E-10 9.09E-10 8.68E-10 7.22E-10 6.17E-10
 1.30E-27 5.36E-21 8.96E-16 5.16E-12 2.36E-10 1.50E-09 2.38E-09 2.67E-09
 2.79E-09 2.86E-09 2.78E-09 2.49E-09 2.12E-09 1.89E-09
  481.235    7  14 /pl=01:ss= 6:pb= 1:sz= 6/type=excit/ispb = t/isel =   40
 1.00E+10 1.00E+11 1.00E+12 1.00E+13 1.00E+14 1.00E+15 1.00E+16
 8.44E-01 1.27E+00 2.11E+00 4.22E+00 8.44E+00 2.11E+01 4.22E+01 6.33E+01
 8.44E+01 1.27E+02 2.11E+02 4.22E+02 8.44E+02 1.27E+03
 5.52E-33 2.03E-26 3.03E-21 2.05E-17 5.70E-15 5.36E-13 3.37E-12 8.86E-12
 1.68E-11 3.39E-11 5.90E-11 8.19E-11 8.62E-11 8.22E-11
 5.54E-32 2.04E-25 3.03E-20 1.75E-16 1.43E-14 6.05E-13 3.49E-12 9.00E-12
 1.70E-11 3.41E-11 5.92E-11 8.21E-11 8.65E-11 8.25E-11
 5.54E-31 2.04E-24 3.03E-19 1.71E-15 9.98E-14 1.29E-12 4.66E-12 1.04E-11
 1.85E-11 3.58E-11 6.11E-11 8.40E-11 8.80E-11 8.38E-11
 5.53E-30 2.03E-23 3.03E-18 1.71E-14 9.54E-13 8.13E-12 1.64E-11 2.40E-11
 3.36E-11 5.30E-11 8.03E-11 1.03E-10 1.03E-10 9.65E-11
 5.47E-29 2.02E-22 3.01E-17 1.70E-13 9.40E-12 7.54E-11 1.31E-10 1.58E-10
 1.82E-10 2.21E-10 2.67E-10 2.84E-10 2.51E-10 2.21E-10
 4.94E-28 1.85E-21 2.81E-16 1.59E-12 8.54E-11 6.52E-10 1.10E-09 1.28E-09
 1.41E-09 1.57E-09 1.71E-09 1.65E-09 1.38E-09 1.18E-09
 2.38E-27 9.86E-21 1.66E-15 9.57E-12 4.38E-10 2.77E-09 4.40E-09 4.93E-09
 5.18E-09 5.30E-09 5.16E-09 4.63E-09 3.93E-09 3.50E-09
  498.977    7  14 /pl=01:ss= 6:pb= 1:sz= 6/type=excit/ispb = t/isel =   41
 1.00E+10 1.00E+11 1.00E+12 1.00E+13 1.00E+14 1.00E+15 1.00E+16
 8.44E-01 1.27E+00 2.11E+00 4.22E+00 8.44E+00 2.11E+01 4.22E+01 6.33E+01
 8.44E+01 1.27E+02 2.11E+02 4.22E+02 8.44E+02 1.27E+03
 1.00E-74 4.82E-43 4.01E-30 1.70E-20 9.49E-16 5.36E-13 3.75E-12 6.69E-12
 8.71E-12 1.09E-11 1.23E-11 1.22E-11 1.07E-11 9.64E-12
 1.00E-74 4.82E-43 4.01E-30 1.70E-20 9.49E-16 5.36E-13 3.75E-12 6.69E-12
 8.71E-12 1.09E-11 1.23E-11 1.22E-11 1.07E-11 9.64E-12
 1.00E-74 4.82E-43 4.01E-30 1.70E-20 9.49E-16 5.35E-13 3.75E-12 6.69E-12
 8.71E-12 1.09E-11 1.23E-11 1.22E-11 1.07E-11 9.64E-12
 1.00E-74 4.83E-43 4.01E-30 1.70E-20 9.49E-16 5.35E-13 3.75E-12 6.69E-12
 8.70E-12 1.09E-11 1.23E-11 1.21E-11 1.07E-11 9.62E-12
 1.00E-74 4.88E-43 4.04E-30 1.71E-20 9.49E-16 5.32E-13 3.72E-12 6.62E-12
 8.60E-12 1.07E-11 1.20E-11 1.19E-11 1.05E-11 9.43E-12
 1.00E-74 5.53E-43 4.45E-30 1.81E-20 9.48E-16 5.00E-13 3.40E-12 5.98E-12
 7.67E-12 9.37E-12 1.02E-11 9.94E-12 8.82E-12 8.01E-12
 1.00E-74 1.47E-42 1.00E-29 3.03E-20 1.07E-15 3.87E-13 2.25E-12 3.70E-12
 4.56E-12 5.36E-12 5.74E-12 5.57E-12 5.01E-12 4.60E-12
  564.693    7  14 /pl=01:ss= 6:pb= 1:sz= 6/type=excit/ispb = t/isel =   42
 1.00E+10 1.00E+11 1.00E+12 1.00E+13 1.00E+14 1.00E+15 1.00E+16
 8.44E-01 1.27E+00 2.11E+00 4.22E+00 8.44E+00 2.11E+01 4.22E+01 6.33E+01
 8.44E+01 1.27E+02 2.11E+02 4.22E+02 8.44E+02 1.27E+03
 2.26E-29 3.08E-22 1.43E-16 2.17E-12 2.27E-10 2.91E-09 5.67E-09 6.59E-09
 6.81E-09 6.65E-09 6.05E-09 4.88E-09 3.73E-09 3.14E-09
 2.26E-29 3.08E-22 1.43E-16 2.17E-12 2.27E-10 2.91E-09 5.67E-09 6.59E-09
 6.81E-09 6.65E-09 6.05E-09 4.88E-09 3.73E-09 3.14E-09
 2.26E-29 3.08E-22 1.43E-16 2.17E-12 2.27E-10 2.91E-09 5.67E-09 6.59E-09
 6.81E-09 6.65E-09 6.05E-09 4.88E-09 3.73E-09 3.14E-09
 2.26E-29 3.08E-22 1.43E-16 2.17E-12 2.27E-10 2.91E-09 5.66E-09 6.58E-09
 6.80E-09 6.64E-09 6.04E-09 4.87E-09 3.72E-09 3.14E-09
 2.29E-29 3.11E-22 1.44E-16 2.18E-12 2.27E-10 2.88E-09 5.60E-09 6.50E-09
 6.71E-09 6.53E-09 5.92E-09 4.76E-09 3.64E-09 3.08E-09
 2.57E-29 3.43E-22 1.55E-16 2.27E-12 2.24E-10 2.67E-09 5.07E-09 5.82E-09
 5.94E-09 5.68E-09 5.03E-09 3.98E-09 3.06E-09 2.62E-09
 4.31E-29 5.57E-22 2.39E-16 2.97E-12 2.15E-10 1.90E-09 3.20E-09 3.49E-09
 3.48E-09 3.25E-09 2.86E-09 2.28E-09 1.77E-09 1.52E-09
  614.604    7  14 /pl=01:ss= 6:pb= 1:sz= 6/type=excit/ispb = t/isel =   43
 1.00E+10 1.00E+11 1.00E+12 1.00E+13 1.00E+14 1.00E+15 1.00E+16
 8.44E-01 1.27E+00 2.11E+00 4.22E+00 8.44E+00 2.11E+01 4.22E+01 6.33E+01
 8.44E+01 1.27E+02 2.11E+02 4.22E+02 8.44E+02 1.27E+03
 2.92E-17 6.86E-14 3.11E-11 2.64E-09 2.10E-08 6.22E-08 8.03E-08 8.34E-08
 8.33E-08 8.07E-08 7.46E-08 6.38E-08 5.31E-08 4.71E-08
 2.92E-17 6.86E-14 3.11E-11 2.64E-09 2.10E-08 6.22E-08 8.03E-08 8.34E-08
 8.33E-08 8.07E-08 7.46E-08 6.38E-08 5.31E-08 4.71E-08
 2.92E-17 6.86E-14 3.11E-11 2.64E-09 2.10E-08 6.22E-08 8.03E-08 8.34E-08
 8.33E-08 8.07E-08 7.46E-08 6.38E-08 5.30E-08 4.71E-08
 2.92E-17 6.85E-14 3.11E-11 2.64E-09 2.10E-08 6.21E-08 8.02E-08 8.33E-08
 8.31E-08 8.06E-08 7.44E-08 6.37E-08 5.29E-08 4.70E-08
 2.91E-17 6.84E-14 3.11E-11 2.64E-09 2.09E-08 6.13E-08 7.90E-08 8.20E-08
 8.18E-08 7.90E-08 7.28E-08 6.22E-08 5.17E-08 4.60E-08
 2.84E-17 6.71E-14 3.06E-11 2.57E-09 1.96E-08 5.47E-08 6.92E-08 7.11E-08
 7.02E-08 6.67E-08 6.01E-08 5.06E-08 4.25E-08 3.83E-08
 2.30E-17 5.63E-14 2.64E-11 2.09E-09 1.29E-08 2.86E-08 3.31E-08 3.29E-08
 3.19E-08 2.98E-08 2.70E-08 2.32E-08 2.00E-08 1.83E-08
  679.156    7  14 /pl=01:ss= 6:pb= 1:sz= 6/type=excit/ispb = t/isel =   44
 1.00E+10 1.00E+11 1.00E+12 1.00E+13 1.00E+14 1.00E+15 1.00E+16
 8.44E-01 1.27E+00 2.11E+00 4.22E+00 8.44E+00 2.11E+01 4.22E+01 6.33E+01
 8.44E+01 1.27E+02 2.11E+02 4.22E+02 8.44E+02 1.27E+03
 1.00E-74 7.78E-40 8.05E-28 7.11E-19 1.78E-14 6.12E-12 3.58E-11 5.97E-11
 7.44E-11 8.81E-11 9.31E-11 8.53E-11 7.01E-11 6.07E-11
 1.00E-74 7.78E-40 8.05E-28 7.11E-19 1.78E-14 6.12E-12 3.58E-11 5.97E-11
 7.43E-11 8.80E-11 9.31E-11 8.53E-11 7.01E-11 6.07E-11
 1.00E-74 7.78E-40 8.05E-28 7.11E-19 1.78E-14 6.12E-12 3.58E-11 5.97E-11
 7.43E-11 8.80E-11 9.31E-11 8.52E-11 7.01E-11 6.07E-11
 1.00E-74 7.78E-40 8.05E-28 7.11E-19 1.78E-14 6.11E-12 3.58E-11 5.96E-11
 7.42E-11 8.78E-11 9.29E-11 8.50E-11 6.99E-11 6.05E-11
 1.00E-74 7.77E-40 8.04E-28 7.07E-19 1.76E-14 6.02E-12 3.51E-11 5.85E-11
 7.28E-11 8.60E-11 9.07E-11 8.29E-11 6.83E-11 5.92E-11
 1.00E-74 7.76E-40 7.90E-28 6.74E-19 1.60E-14 5.20E-12 2.99E-11 4.95E-11
 6.11E-11 7.11E-11 7.36E-11 6.67E-11 5.56E-11 4.89E-11
 1.00E-74 8.34E-40 7.72E-28 5.39E-19 9.42E-15 2.31E-12 1.22E-11 1.95E-11
 2.38E-11 2.77E-11 2.93E-11 2.80E-11 2.46E-11 2.23E-11
  927.424    7  14 /pl=01:ss= 6:pb= 1:sz= 6/type=excit/ispb = t/isel =   45
 1.00E+10 1.00E+11 1.00E+12 1.00E+13 1.00E+14 1.00E+15 1.00E+16
 8.44E-01 1.27E+00 2.11E+00 4.22E+00 8.44E+00 2.11E+01 4.22E+01 6.33E+01
 8.44E+01 1.27E+02 2.11E+02 4.22E+02 8.44E+02 1.27E+03
 3.75E-17 6.02E-15 3.20E-13 5.43E-12 1.94E-11 3.63E-11 4.28E-11 4.63E-11
 5.00E-11 5.75E-11 6.79E-11 7.50E-11 7.19E-11 6.70E-11
 3.75E-17 6.02E-15 3.20E-13 5.43E-12 1.94E-11 3.63E-11 4.28E-11 4.63E-11
 5.00E-11 5.75E-11 6.79E-11 7.50E-11 7.19E-11 6.70E-11
 3.75E-17 6.02E-15 3.20E-13 5.43E-12 1.94E-11 3.63E-11 4.28E-11 4.63E-11
 5.00E-11 5.75E-11 6.79E-11 7.50E-11 7.18E-11 6.69E-11
 3.75E-17 6.01E-15 3.19E-13 5.42E-12 1.94E-11 3.63E-11 4.28E-11 4.62E-11
 4.99E-11 5.74E-11 6.77E-11 7.48E-11 7.16E-11 6.68E-11
 3.71E-17 5.97E-15 3.17E-13 5.39E-12 1.92E-11 3.58E-11 4.21E-11 4.54E-11
 4.90E-11 5.62E-11 6.60E-11 7.27E-11 6.97E-11 6.51E-11
 3.38E-17 5.52E-15 2.98E-13 5.07E-12 1.75E-11 3.12E-11 3.62E-11 3.88E-11
 4.14E-11 4.64E-11 5.27E-11 5.66E-11 5.48E-11 5.19E-11
 1.79E-17 3.17E-15 1.87E-13 3.18E-12 9.25E-12 1.36E-11 1.48E-11 1.54E-11
 1.58E-11 1.62E-11 1.66E-11 1.67E-11 1.65E-11 1.63E-11
  959.767    7  14 /pl=01:ss= 6:pb= 1:sz= 6/type=excit/ispb = t/isel =   46
 1.00E+10 1.00E+11 1.00E+12 1.00E+13 1.00E+14 1.00E+15 1.00E+16
 8.44E-01 1.27E+00 2.11E+00 4.22E+00 8.44E+00 2.11E+01 4.22E+01 6.33E+01
 8.44E+01 1.27E+02 2.11E+02 4.22E+02 8.44E+02 1.27E+03
 1.00E-74 1.50E-41 3.77E-29 6.66E-20 2.50E-15 1.17E-12 7.85E-12 1.39E-11
 1.81E-11 2.30E-11 2.70E-11 2.94E-11 2.95E-11 2.88E-11
 1.00E-74 1.50E-41 3.77E-29 6.66E-20 2.50E-15 1.17E-12 7.85E-12 1.39E-11
 1.81E-11 2.30E-11 2.70E-11 2.94E-11 2.95E-11 2.88E-11
 1.00E-74 1.50E-41 3.77E-29 6.66E-20 2.50E-15 1.17E-12 7.85E-12 1.39E-11
 1.81E-11 2.30E-11 2.70E-11 2.94E-11 2.95E-11 2.88E-11
 1.00E-74 1.51E-41 3.79E-29 6.68E-20 2.50E-15 1.17E-12 7.84E-12 1.39E-11
 1.81E-11 2.29E-11 2.69E-11 2.93E-11 2.94E-11 2.88E-11
 1.00E-74 1.57E-41 3.91E-29 6.82E-20 2.52E-15 1.16E-12 7.75E-12 1.37E-11
 1.78E-11 2.25E-11 2.64E-11 2.86E-11 2.88E-11 2.82E-11
 1.00E-74 2.15E-41 5.04E-29 8.12E-20 2.72E-15 1.13E-12 7.17E-12 1.24E-11
 1.59E-11 1.96E-11 2.22E-11 2.36E-11 2.38E-11 2.35E-11
 1.00E-74 5.89E-41 1.22E-28 1.51E-19 3.41E-15 9.45E-13 5.05E-12 8.11E-12
 9.88E-12 1.15E-11 1.24E-11 1.26E-11 1.22E-11 1.19E-11
  1365.57    7  14 /pl=01:ss= 6:pb= 1:sz= 6/type=excit/ispb = t/isel =   47
 1.00E+10 1.00E+11 1.00E+12 1.00E+13 1.00E+14 1.00E+15 1.00E+16
 8.44E-01 1.27E+00 2.11E+00 4.22E+00 8.44E+00 2.11E+01 4.22E+01 6.33E+01
 8.44E+01 1.27E+02 2.11E+02 4.22E+02 8.44E+02 1.27E+03
 1.00E-74 1.44E-44 6.36E-31 9.30E-21 9.46E-16 7.52E-13 5.80E-12 1.06E-11
 1.38E-11 1.70E-11 1.87E-11 1.74E-11 1.45E-11 1.26E-11
 1.00E-74 1.45E-44 6.36E-31 9.30E-21 9.46E-16 7.52E-13 5.80E-12 1.06E-11
 1.38E-11 1.70E-11 1.87E-11 1.74E-11 1.45E-11 1.26E-11
 1.00E-74 1.45E-44 6.36E-31 9.30E-21 9.46E-16 7.52E-13 5.80E-12 1.06E-11
 1.38E-11 1.70E-11 1.87E-11 1.74E-11 1.45E-11 1.26E-11
 1.00E-74 1.45E-44 6.35E-31 9.28E-21 9.44E-16 7.50E-13 5.78E-12 1.06E-11
 1.38E-11 1.70E-11 1.86E-11 1.74E-11 1.44E-11 1.25E-11
 1.00E-74 1.44E-44 6.25E-31 9.09E-21 9.21E-16 7.29E-13 5.62E-12 1.03E-11
 1.34E-11 1.65E-11 1.80E-11 1.69E-11 1.40E-11 1.22E-11
 1.00E-74 1.32E-44 5.56E-31 7.76E-21 7.50E-16 5.71E-13 4.39E-12 8.02E-12
 1.04E-11 1.28E-11 1.38E-11 1.30E-11 1.11E-11 9.85E-12
 1.00E-74 1.34E-44 4.91E-31 5.43E-21 3.77E-16 2.12E-13 1.47E-12 2.59E-12
 3.33E-12 4.09E-12 4.56E-12 4.60E-12 4.26E-12 3.97E-12
  1527.62    7  14 /pl=01:ss= 6:pb= 1:sz= 6/type=excit/ispb = t/isel =   48
 1.00E+10 1.00E+11 1.00E+12 1.00E+13 1.00E+14 1.00E+15 1.00E+16
 8.44E-01 1.27E+00 2.11E+00 4.22E+00 8.44E+00 2.11E+01 4.22E+01 6.33E+01
 8.44E+01 1.27E+02 2.11E+02 4.22E+02 8.44E+02 1.27E+03
 1.00E-74 8.74E-37 3.69E-26 2.96E-18 2.27E-14 3.97E-12 1.91E-11 3.03E-11
 3.71E-11 4.38E-11 4.72E-11 4.55E-11 3.98E-11 3.57E-11
 1.00E-74 8.74E-37 3.69E-26 2.96E-18 2.27E-14 3.97E-12 1.91E-11 3.03E-11
 3.71E-11 4.38E-11 4.72E-11 4.55E-11 3.98E-11 3.57E-11
 1.00E-74 8.74E-37 3.69E-26 2.96E-18 2.27E-14 3.97E-12 1.91E-11 3.03E-11
 3.71E-11 4.38E-11 4.72E-11 4.55E-11 3.98E-11 3.57E-11
 1.00E-74 8.75E-37 3.69E-26 2.96E-18 2.27E-14 3.96E-12 1.91E-11 3.02E-11
 3.70E-11 4.37E-11 4.71E-11 4.54E-11 3.97E-11 3.57E-11
 4.32E-50 8.87E-37 3.73E-26 2.98E-18 2.27E-14 3.94E-12 1.89E-11 2.99E-11
 3.65E-11 4.30E-11 4.62E-11 4.44E-11 3.89E-11 3.50E-11
 4.96E-50 1.02E-36 4.16E-26 3.17E-18 2.27E-14 3.69E-12 1.72E-11 2.69E-11
 3.25E-11 3.74E-11 3.92E-11 3.70E-11 3.25E-11 2.96E-11
 1.56E-49 2.88E-36 1.00E-25 5.70E-18 2.74E-14 2.98E-12 1.17E-11 1.70E-11
 1.97E-11 2.18E-11 2.22E-11 2.07E-11 1.82E-11 1.66E-11
  1826.94    7  14 /pl=01:ss= 6:pb= 1:sz= 6/type=excit/ispb = t/isel =   49
 1.00E+10 1.00E+11 1.00E+12 1.00E+13 1.00E+14 1.00E+15 1.00E+16
 8.44E-01 1.27E+00 2.11E+00 4.22E+00 8.44E+00 2.11E+01 4.22E+01 6.33E+01
 8.44E+01 1.27E+02 2.11E+02 4.22E+02 8.44E+02 1.27E+03
 1.00E-74 9.69E-46 7.19E-32 1.58E-21 2.03E-16 1.92E-13 1.61E-12 3.07E-12
 4.13E-12 5.48E-12 6.68E-12 7.55E-12 7.76E-12 7.66E-12
 1.00E-74 9.97E-46 7.19E-32 1.58E-21 2.03E-16 1.92E-13 1.61E-12 3.07E-12
 4.13E-12 5.48E-12 6.68E-12 7.55E-12 7.76E-12 7.66E-12
 1.00E-74 1.00E-45 7.19E-32 1.58E-21 2.03E-16 1.92E-13 1.61E-12 3.07E-12
 4.13E-12 5.48E-12 6.68E-12 7.54E-12 7.76E-12 7.65E-12
 1.00E-74 1.01E-45 7.25E-32 1.59E-21 2.04E-16 1.92E-13 1.61E-12 3.07E-12
 4.13E-12 5.47E-12 6.67E-12 7.53E-12 7.74E-12 7.64E-12
 1.00E-74 1.10E-45 7.78E-32 1.67E-21 2.10E-16 1.95E-13 1.61E-12 3.06E-12
 4.11E-12 5.42E-12 6.58E-12 7.38E-12 7.58E-12 7.48E-12
 1.00E-74 1.76E-45 1.15E-31 2.23E-21 2.52E-16 2.08E-13 1.64E-12 3.02E-12
 3.97E-12 5.04E-12 5.83E-12 6.26E-12 6.33E-12 6.26E-12
 1.00E-74 4.08E-45 2.35E-31 3.56E-21 2.82E-16 1.66E-13 1.14E-12 1.98E-12
 2.51E-12 3.05E-12 3.38E-12 3.45E-12 3.30E-12 3.19E-12
  2109.12    7  14 /pl=01:ss= 6:pb= 1:sz= 6/type=excit/ispb = t/isel =   50
 1.00E+10 1.00E+11 1.00E+12 1.00E+13 1.00E+14 1.00E+15 1.00E+16
 8.44E-01 1.27E+00 2.11E+00 4.22E+00 8.44E+00 2.11E+01 4.22E+01 6.33E+01
 8.44E+01 1.27E+02 2.11E+02 4.22E+02 8.44E+02 1.27E+03
 1.24E-46 1.26E-34 4.11E-25 4.88E-18 1.48E-14 1.59E-12 6.77E-12 1.04E-11
 1.26E-11 1.48E-11 1.64E-11 1.69E-11 1.65E-11 1.59E-11
 1.43E-46 1.26E-34 4.11E-25 4.88E-18 1.48E-14 1.59E-12 6.77E-12 1.04E-11
 1.26E-11 1.48E-11 1.64E-11 1.69E-11 1.65E-11 1.59E-11
 1.44E-46 1.26E-34 4.11E-25 4.88E-18 1.48E-14 1.59E-12 6.77E-12 1.04E-11
 1.26E-11 1.48E-11 1.64E-11 1.69E-11 1.65E-11 1.59E-11
 1.45E-46 1.27E-34 4.12E-25 4.89E-18 1.48E-14 1.59E-12 6.76E-12 1.04E-11
 1.26E-11 1.48E-11 1.63E-11 1.69E-11 1.64E-11 1.58E-11
 1.49E-46 1.30E-34 4.20E-25 4.95E-18 1.49E-14 1.58E-12 6.69E-12 1.02E-11
 1.24E-11 1.45E-11 1.60E-11 1.65E-11 1.61E-11 1.55E-11
 1.93E-46 1.62E-34 5.01E-25 5.55E-18 1.54E-14 1.50E-12 6.09E-12 9.17E-12
 1.09E-11 1.25E-11 1.34E-11 1.36E-11 1.33E-11 1.30E-11
 5.48E-46 4.27E-34 1.19E-24 1.04E-17 1.95E-14 1.24E-12 4.16E-12 5.75E-12
 6.53E-12 7.10E-12 7.31E-12 7.18E-12 6.90E-12 6.71E-12
c-------------------------------------------------------------------------------
 
C  root partition information
C  ==========================
C
C  nuclear charge : 18
C  ion charge+1   :  7
C
C  population calculation information
C  ----------------------------------
C
C  population processing code: adas810
C
C  adf04 source file    : adf04_copmm#18_ic_40#ar6.dat
C  adf18/a17_p208 file  : NULL
C
C  meta. ion. coeff. selector  : 
 
C  options  : lnorm =T  lpsel =F  lzsel =T  liosel=F
C           : lhsel =F  lrsel =F  lisel =F  lnsel =F
 
C  energy levels
C  -------------
C
C   lv      configuration    (2S+1)L(w-1/2)      energy (cm^-1)
C  ---   ------------------- --------------      --------------
c    1   24                     (1)0(  0.0)             0.0
c    2   14515                  (3)1(  0.0)        107126.2
c    3   14515                  (3)1(  1.0)        107825.6
c    4   14515                  (3)1(  2.0)        109280.8
c    5   14515                  (1)1(  1.0)        162706.5
c    6   14516                  (3)2(  1.0)        316899.1
c    7   14516                  (3)2(  2.0)        316970.8
c    8   14516                  (3)2(  3.0)        317079.3
c    9   14516                  (1)2(  2.0)        339793.9
c   10   14517                  (3)0(  1.0)        507189.1
c   11   14517                  (1)0(  0.0)        518558.2
c   12   14518                  (3)1(  0.0)        560275.8
c   13   14518                  (3)1(  1.0)        560500.2
c   14   14518                  (3)1(  2.0)        561015.8
c   15   14518                  (1)1(  1.0)        565971.3
c   16   14519                  (3)2(  1.0)        628669.2
c   17   14519                  (3)2(  2.0)        628699.1
c   18   14519                  (3)2(  3.0)        628745.2
c   19   14519                  (1)2(  2.0)        631432.6
c   20   1451B                  (3)0(  1.0)        709320.2
c   21   1451B                  (1)0(  0.0)        713212.8
c   22   1451C                  (3)1(  0.0)        733547.6
c   23   1451C                  (3)1(  1.0)        733649.9
c   24   1451C                  (3)1(  2.0)        733895.4
c   25   1451C                  (1)1(  1.0)        735624.6
c   26   1451D                  (3)2(  1.0)        765376.1
c   27   1451D                  (3)2(  2.0)        765391.1
c   28   1451D                  (3)2(  3.0)        765414.6
c   29   1451D                  (1)2(  2.0)        766381.3
c   30   1451G                  (3)0(  1.0)        806997.5
c   31   1451G                  (1)0(  0.0)        808854.0
c   32   1451H                  (3)1(  0.0)        820090.2
c   33   1451H                  (3)1(  1.0)        820145.5
c   34   1451H                  (3)1(  2.0)        820281.3
c   35   1451H                  (1)1(  1.0)        821117.5
c   36   1451I                  (3)2(  1.0)        837557.0
c   37   1451I                  (3)2(  2.0)        837565.5
c   38   1451I                  (3)2(  3.0)        837579.0
c   39   1451I                  (1)2(  2.0)        838061.2
c   40   1451M                  (3)0(  1.0)        861887.6
c   41   1451M                  (1)0(  0.0)        862935.5
c   42   1451N                  (3)1(  0.0)        869767.6
c   43   1451N                  (3)1(  1.0)        869800.9
c   44   1451N                  (3)1(  2.0)        869883.7
c   45   1451N                  (1)1(  1.0)        870359.6
c   46   1451O                  (3)2(  1.0)        880398.5
c   47   1451O                  (3)2(  2.0)        880403.8
c   48   1451O                  (3)2(  3.0)        880412.2
c   49   1451O                  (1)2(  2.0)        880693.2
c   50   1451T                  (3)0(  1.0)        895838.7
c   51   1451T                  (1)0(  0.0)        896497.9
c   52   1451U                  (3)1(  0.0)        900946.5
c   53   1451U                  (3)1(  1.0)        900968.2
c   54   1451U                  (3)1(  2.0)        901022.3
c   55   1451U                  (1)1(  1.0)        901322.4
c   56   1451V                  (3)2(  1.0)        907900.7
c   57   1451V                  (3)2(  2.0)        907904.3
c   58   1451V                  (3)2(  3.0)        907909.9
c   59   1451V                  (1)2(  2.0)        908090.0
c   60   22553524515            (3)0(  1.0)       2033119.0
c   61   22553524515            (3)2(  3.0)       2043287.2
c   62   22553524515            (3)2(  2.0)       2043881.6
c   63   22553524515            (1)1(  1.0)       2048295.7
c   64   22553524515            (3)1(  2.0)       2051412.0
c   65   22553524515            (3)2(  1.0)       2060286.1
c   66   22553524515            (3)1(  0.0)       2060792.5
c   67   22553524515            (1)2(  2.0)       2064637.0
c   68   22553524515            (3)1(  1.0)       2065117.3
c   69   22553524515            (1)0(  0.0)       2118518.7
c   70   22553524516            (3)1(  0.0)       2251730.9
c   71   22553524516            (3)1(  1.0)       2253372.5
c   72   22553524516            (3)1(  2.0)       2256618.4
c   73   22553524516            (3)3(  4.0)       2258078.9
c   74   22553524516            (3)3(  3.0)       2260134.4
c   75   22553524516            (1)2(  2.0)       2263823.3
c   76   22553524516            (3)2(  3.0)       2265754.7
c   77   22553524516            (3)2(  1.0)       2273572.2
c   78   22553524516            (3)3(  2.0)       2277822.8
c   79   22553524516            (3)2(  2.0)       2279320.9
c   80   22553524516            (1)3(  3.0)       2279633.5
c   81   22553524516            (1)1(  1.0)       2295736.0
c   82   22553524518            (3)0(  1.0)       2527572.1
c   83   22553524518            (3)2(  3.0)       2530039.3
c   84   22553524518            (3)2(  2.0)       2530282.0
c   85   22553524518            (1)1(  1.0)       2531712.3
c   86   22553524518            (3)1(  2.0)       2532433.2
c   87   22553524518            (3)1(  0.0)       2540172.2
c   88   22553524518            (3)2(  1.0)       2546664.0
c   89   22553524518            (3)1(  1.0)       2547796.8
c   90   22553524518            (1)2(  2.0)       2548098.0
c   91   22553524518            (1)0(  0.0)       2561433.5
c   92   22553524519            (3)1(  0.0)       2595627.9
c   93   22553524519            (3)1(  1.0)       2596450.9
c   94   22553524519            (3)3(  4.0)       2597666.3
c   95   22553524519            (3)1(  2.0)       2597798.8
c   96   22553524519            (3)3(  3.0)       2598499.1
c   97   22553524519            (1)2(  2.0)       2599761.1
c   98   22553524519            (3)2(  3.0)       2600259.6
c   99   22553524519            (3)2(  1.0)       2604772.3
c  100   22553524519            (3)3(  2.0)       2615211.2
c  101   22553524519            (3)2(  2.0)       2615362.1
c  102   22553524519            (1)3(  3.0)       2615967.6
c  103   22553524519            (1)1(  1.0)       2620776.2
c  104   2255352451A            (3)2(  1.0)       2629770.6
c  105   2255352451A            (3)2(  2.0)       2629901.4
c  106   2255352451A            (3)4(  5.0)       2630453.4
c  107   2255352451A            (1)4(  4.0)       2630466.5
c  108   2255352451A            (3)3(  3.0)       2630695.9
c  109   2255352451A            (3)3(  2.0)       2630785.8
c  110   2255352451A            (1)3(  3.0)       2631205.8
c  111   2255352451A            (3)3(  4.0)       2631233.0
c  112   2255352451A            (3)2(  3.0)       2647498.0
c  113   2255352451A            (1)2(  2.0)       2647575.3
c  114   2255352451A            (3)4(  3.0)       2647621.5
c  115   2255352451A            (3)4(  4.0)       2647663.0
c  116   12563524515            (3)1(  0.0)       2682965.9
c  117   12563524515            (3)1(  1.0)       2683643.3
c  118   12563524515            (3)1(  2.0)       2685420.1
c  119   12563524515            (1)1(  1.0)       2692239.2
c  120   12563524516            (3)2(  1.0)       2896934.0
c  121   12563524516            (3)2(  2.0)       2897035.0
c  122   12563524516            (3)2(  3.0)       2897190.6
c  123   12563524516            (1)2(  2.0)       2906219.8
c  124   12563524517            (3)0(  1.0)       3114791.1
c  125   12563524517            (1)0(  0.0)       3120469.3
c  126   12563524518            (3)1(  0.0)       3167680.2
c  127   12563524518            (3)1(  1.0)       3167882.9
c  128   12563524518            (3)1(  2.0)       3168455.7
c  129   12563524518            (1)1(  1.0)       3170311.7
c  130   12563524519            (3)2(  1.0)       3235217.3
c  131   12563524519            (3)2(  2.0)       3235254.3
c  132   12563524519            (3)2(  3.0)       3235311.5
c  133   12563524519            (1)2(  2.0)       3238680.9
 
 
 
c-------------------------------------------------------------------------------
 
C  superstage partition information
C  ================================
C
C  element symbol   : AR
C  parent template  : 
C  partition level  :  1
C  superstage label :  6
C
C  tabulation       : photon emissivity coefft (te,ne)
C  units            : ph. emis coef(cm^3 s^-1); te (ev); ne (cm^-3)
C
C  photon emissivity atomic transitions
C  ------------------------------------
C  
C   isel  wvlen(A)            transition                type  ispb nspb
C                                                             ispp nspp sz    tg pr wr
C  ----- ---------- ----------------------------------- ----- ---- ---- --    -- -- --
C      1   31.5426  129(1)1(  1.0)-  1(1)0(  0.0)       excit   1    1   6    55 34  1
C      2   37.1438  119(1)1(  1.0)-  1(1)0(  0.0)       excit   1    1   6    50 10  2
C      3   38.1566  103(1)1(  1.0)-  1(1)0(  0.0)       excit   1    1   6    45  8  3
C      4   38.3911   99(3)2(  1.0)-  1(1)0(  0.0)       excit   1    1   6    44 13  4
C      5   41.6888   91(1)0(  0.0)-  5(1)1(  1.0)       excit   1    1   6   392 21  5
C      6   43.5590   81(1)1(  1.0)-  1(1)0(  0.0)       excit   1    1   6    37  4  6
C      7   43.9836   77(3)2(  1.0)-  1(1)0(  0.0)       excit   1    1   6    36 11  7
C      8   48.4347   67(1)2(  2.0)-  1(1)0(  0.0)       excit   1    1   6    33 38  8
C      9   48.7469   64(3)1(  2.0)-  1(1)0(  0.0)       excit   1    1   6    31 41  9
C     10   51.1035   67(1)2(  2.0)-  3(3)1(  1.0)       excit   1    1   6   157 44 10
C     11   51.1297   69(1)0(  0.0)-  5(1)1(  1.0)       excit   1    1   6   373  6 11
C     12   51.4898   64(3)1(  2.0)-  4(3)1(  2.0)       excit   1    1   6   261 49 12
C     13   82.1560   69(1)0(  0.0)- 55(1)1(  1.0)       excit   1    1   6  4122 43 13
C     14   110.948   55(1)1(  1.0)-  1(1)0(  0.0)       excit   1    1   6    27 33 14
C     15   114.895   45(1)1(  1.0)-  1(1)0(  0.0)       excit   1    1   6    22 29 15
C     16   121.785   35(1)1(  1.0)-  1(1)0(  0.0)       excit   1    1   6    17 24 16
C     17   134.159   59(1)2(  2.0)-  5(1)1(  1.0)       excit   1    1   6   364 39 17
C     18   135.939   25(1)1(  1.0)-  1(1)0(  0.0)       excit   1    1   6    12 14 18
C     19   136.279   51(1)0(  0.0)-  5(1)1(  1.0)       excit   1    1   6   358 45 19
C     20   139.278   49(1)2(  2.0)-  5(1)1(  1.0)       excit   1    1   6   356 27 20
C     21   142.810   41(1)0(  0.0)-  5(1)1(  1.0)       excit   1    1   6   350 31 21
C     22   148.070   39(1)2(  2.0)-  5(1)1(  1.0)       excit   1    1   6   348 23 22
C     23   154.763   31(1)0(  0.0)-  5(1)1(  1.0)       excit   1    1   6   342 22 23
C     24   165.652   29(1)2(  2.0)-  5(1)1(  1.0)       excit   1    1   6   340 16 24
C     25   176.687   15(1)1(  1.0)-  1(1)0(  0.0)       excit   1    1   6     7  5 25
C     26   181.651   21(1)0(  0.0)-  5(1)1(  1.0)       excit   1    1   6   334 12 26
C     27   183.002  133(1)2(  2.0)-119(1)1(  1.0)       excit   1    1   6  6272 30 27
C     28   213.344   19(1)2(  2.0)-  5(1)1(  1.0)       excit   1    1   6   332  7 28
C     29   233.519  125(1)0(  0.0)-119(1)1(  1.0)       excit   1    1   6  6266 47 29
C     30   252.633   25(1)1(  1.0)-  9(1)2(  2.0)       excit   1    1   6   739 28 30
C     31   281.016   11(1)0(  0.0)-  5(1)1(  1.0)       excit   1    1   6   326  3 31
C     32   336.741   41(1)0(  0.0)- 15(1)1(  1.0)       excit   1    1   6  1254 46 32
C     33   367.526   39(1)2(  2.0)- 15(1)1(  1.0)       excit   1    1   6  1252 48 33
C     34   376.368   91(1)0(  0.0)- 81(1)1(  1.0)       excit   1    1   6  5381 36 34
C     35   411.721   31(1)0(  0.0)- 15(1)1(  1.0)       excit   1    1   6  1246 26 35
C     36   442.131   15(1)1(  1.0)-  9(1)2(  2.0)       excit   1    1   6   730  9 36
C     37   460.689   25(1)1(  1.0)- 11(1)0(  0.0)       excit   1    1   6   945 40 37
C     38   467.332  123(1)2(  2.0)-119(1)1(  1.0)       excit   1    1   6  6264 18 38
C     39   478.137    7(3)2(  2.0)-  3(3)1(  1.0)       excit   1    1   6   109 37 39
C     40   481.235    8(3)2(  3.0)-  4(3)1(  2.0)       excit   1    1   6   210 17 40
C     41   498.977   29(1)2(  2.0)- 15(1)1(  1.0)       excit   1    1   6  1244 42 41
C     42   564.693    9(1)2(  2.0)-  5(1)1(  1.0)       excit   1    1   6   324  2 42
C     43   614.604    5(1)1(  1.0)-  1(1)0(  0.0)       excit   1    1   6     2  1 43
C     44   679.156   21(1)0(  0.0)- 15(1)1(  1.0)       excit   1    1   6  1238 15 44
C     45   927.424    3(3)1(  1.0)-  1(1)0(  0.0)       excit   1    1   6     1 19 45
C     46   959.767   25(1)1(  1.0)- 19(1)2(  2.0)       excit   1    1   6  1608 25 46
C     47   1365.57   31(1)0(  0.0)- 25(1)1(  1.0)       excit   1    1   6  2072 32 47
C     48   1527.62   19(1)2(  2.0)- 15(1)1(  1.0)       excit   1    1   6  1236 20 48
C     49   1826.94   35(1)1(  1.0)- 29(1)2(  2.0)       excit   1    1   6  2409 50 49
C     50   2109.12   15(1)1(  1.0)- 11(1)0(  0.0)       excit   1    1   6   940 35 50
c-------------------------------------------------------------------------------
                                                                                
C  code     : adas810
C  producer : Adam Foster
C  date     : 13/05/09
                                                                                
c-------------------------------------------------------------------------------
