   21    /AR: 0 photon emissivity coefficients/
--------------------------------------------------------------------------------
    1    1    1    1    1    1    1    1    1    1    1    1    1    1
    1    1    1    1    1
--------------------------------------------------------------------------------
//#01/p00/ 00/p01/ 01/p02/ 02/p03/ 03/p04/ 04/p05/ 05/p06/ 06/p07/ 07/p08/ 08/  
      p09/ 09/p10/ 10/p11/ 11/p12/ 12/p13/ 13/p14/ 14/p15/ 15/p16/ 16/p17/ 17/  
      p18/ 18/                                                                  
--------------------------------------------------------------------------------
  370.796    7  14 /pl=01:ss= 0:pb= 1:sz= 0/type=excit/ispb = t/isel =    1
 1.00E+10 1.00E+11 1.00E+12 1.00E+13 1.00E+14 1.00E+15 1.00E+16
 1.72E-02 2.59E-02 4.31E-02 8.62E-02 1.72E-01 4.31E-01 8.62E-01 1.29E+00
 1.72E+00 2.59E+00 4.31E+00 8.62E+00 1.72E+01 2.59E+01
 1.00E-74 1.00E-74 1.00E-74 1.00E-74 1.00E-74 1.00E-74 1.44E-64 5.96E-59
 3.88E-56 2.58E-53 4.78E-51 2.42E-49 1.67E-48 3.06E-48
 1.00E-74 1.00E-74 1.00E-74 1.00E-74 1.00E-74 1.00E-74 1.44E-64 5.95E-59
 3.88E-56 2.57E-53 4.78E-51 2.42E-49 1.67E-48 3.06E-48
 1.00E-74 1.00E-74 1.00E-74 1.00E-74 1.00E-74 1.00E-74 1.42E-64 5.88E-59
 3.84E-56 2.55E-53 4.74E-51 2.40E-49 1.66E-48 3.05E-48
 1.00E-74 1.00E-74 1.00E-74 1.00E-74 1.00E-74 1.00E-74 1.31E-64 5.44E-59
 3.56E-56 2.38E-53 4.45E-51 2.28E-49 1.59E-48 2.94E-48
 1.00E-74 1.00E-74 1.00E-74 1.00E-74 1.00E-74 1.00E-74 9.98E-65 4.20E-59
 2.77E-56 1.87E-53 3.55E-51 1.86E-49 1.32E-48 2.46E-48
 1.00E-74 1.00E-74 1.00E-74 1.00E-74 1.00E-74 1.00E-74 4.15E-65 1.78E-59
 1.20E-56 8.35E-54 1.66E-51 9.25E-50 6.95E-49 1.34E-48
 1.00E-74 1.00E-74 1.00E-74 1.00E-74 1.00E-74 1.00E-74 9.13E-66 4.04E-60
 2.78E-57 2.00E-54 4.00E-52 2.02E-50 1.31E-49 2.39E-49
  379.032    7  14 /pl=01:ss= 0:pb= 1:sz= 0/type=excit/ispb = t/isel =    2
 1.00E+10 1.00E+11 1.00E+12 1.00E+13 1.00E+14 1.00E+15 1.00E+16
 1.72E-02 2.59E-02 4.31E-02 8.62E-02 1.72E-01 4.31E-01 8.62E-01 1.29E+00
 1.72E+00 2.59E+00 4.31E+00 8.62E+00 1.72E+01 2.59E+01
 1.00E-74 1.00E-74 1.00E-74 1.00E-74 1.00E-74 1.00E-74 2.45E-64 7.69E-59
 4.35E-56 2.51E-53 4.16E-51 1.93E-49 1.27E-48 2.30E-48
 1.00E-74 1.00E-74 1.00E-74 1.00E-74 1.00E-74 1.00E-74 2.45E-64 7.69E-59
 4.35E-56 2.51E-53 4.16E-51 1.93E-49 1.27E-48 2.30E-48
 1.00E-74 1.00E-74 1.00E-74 1.00E-74 1.00E-74 1.00E-74 2.46E-64 7.69E-59
 4.36E-56 2.51E-53 4.17E-51 1.93E-49 1.27E-48 2.30E-48
 1.00E-74 1.00E-74 1.00E-74 1.00E-74 1.00E-74 1.00E-74 2.45E-64 7.70E-59
 4.37E-56 2.53E-53 4.20E-51 1.95E-49 1.28E-48 2.32E-48
 1.00E-74 1.00E-74 1.00E-74 1.00E-74 1.00E-74 1.00E-74 2.16E-64 6.86E-59
 3.93E-56 2.30E-53 3.89E-51 1.84E-49 1.23E-48 2.25E-48
 1.00E-74 1.00E-74 1.00E-74 1.00E-74 1.00E-74 1.00E-74 9.39E-65 3.04E-59
 1.78E-56 1.08E-53 1.92E-51 9.77E-50 7.01E-49 1.33E-48
 1.00E-74 1.00E-74 1.00E-74 1.00E-74 1.00E-74 1.00E-74 2.09E-65 7.00E-60
 4.18E-57 2.62E-54 4.67E-52 2.17E-50 1.35E-49 2.42E-49
  408.280    7  14 /pl=01:ss= 0:pb= 1:sz= 0/type=excit/ispb = t/isel =    3
 1.00E+10 1.00E+11 1.00E+12 1.00E+13 1.00E+14 1.00E+15 1.00E+16
 1.72E-02 2.59E-02 4.31E-02 8.62E-02 1.72E-01 4.31E-01 8.62E-01 1.29E+00
 1.72E+00 2.59E+00 4.31E+00 8.62E+00 1.72E+01 2.59E+01
 1.00E-74 1.00E-74 1.00E-74 1.00E-74 1.00E-74 1.00E-74 5.57E-65 7.06E-60
 2.54E-57 9.33E-55 1.08E-52 3.79E-51 2.17E-50 3.73E-50
 1.00E-74 1.00E-74 1.00E-74 1.00E-74 1.00E-74 1.00E-74 5.57E-65 7.06E-60
 2.54E-57 9.33E-55 1.08E-52 3.79E-51 2.17E-50 3.73E-50
 1.00E-74 1.00E-74 1.00E-74 1.00E-74 1.00E-74 1.00E-74 5.57E-65 7.06E-60
 2.54E-57 9.33E-55 1.08E-52 3.79E-51 2.17E-50 3.73E-50
 1.00E-74 1.00E-74 1.00E-74 1.00E-74 1.00E-74 1.00E-74 5.58E-65 7.08E-60
 2.55E-57 9.36E-55 1.08E-52 3.81E-51 2.18E-50 3.75E-50
 1.00E-74 1.00E-74 1.00E-74 1.00E-74 1.00E-74 1.00E-74 5.65E-65 7.21E-60
 2.61E-57 9.66E-55 1.12E-52 3.98E-51 2.28E-50 3.91E-50
 1.00E-74 1.00E-74 1.00E-74 1.00E-74 1.00E-74 1.00E-74 6.30E-65 8.27E-60
 3.07E-57 1.18E-54 1.43E-52 5.21E-51 3.00E-50 5.15E-50
 1.00E-74 1.00E-74 1.00E-74 1.00E-74 1.00E-74 1.00E-74 1.19E-64 1.66E-59
 6.46E-57 2.62E-54 3.28E-52 1.13E-50 5.75E-50 9.35E-50
  562.680    7  14 /pl=01:ss= 0:pb= 1:sz= 0/type=excit/ispb = t/isel =    4
 1.00E+10 1.00E+11 1.00E+12 1.00E+13 1.00E+14 1.00E+15 1.00E+16
 1.72E-02 2.59E-02 4.31E-02 8.62E-02 1.72E-01 4.31E-01 8.62E-01 1.29E+00
 1.72E+00 2.59E+00 4.31E+00 8.62E+00 1.72E+01 2.59E+01
 1.00E-74 1.00E-74 1.00E-74 1.00E-74 1.00E-74 8.97E-45 6.31E-28 2.61E-22
 1.70E-19 1.13E-16 2.09E-14 1.06E-12 7.31E-12 1.34E-11
 1.00E-74 1.00E-74 1.00E-74 1.00E-74 1.00E-74 8.96E-45 6.30E-28 2.61E-22
 1.70E-19 1.13E-16 2.09E-14 1.06E-12 7.30E-12 1.34E-11
 1.00E-74 1.00E-74 1.00E-74 1.00E-74 1.00E-74 8.85E-45 6.23E-28 2.58E-22
 1.68E-19 1.12E-16 2.08E-14 1.05E-12 7.27E-12 1.34E-11
 1.00E-74 1.00E-74 1.00E-74 1.00E-74 1.00E-74 8.10E-45 5.73E-28 2.38E-22
 1.56E-19 1.04E-16 1.95E-14 9.98E-13 6.96E-12 1.29E-11
 1.00E-74 1.00E-74 1.00E-74 1.00E-74 1.00E-74 6.09E-45 4.37E-28 1.84E-22
 1.21E-19 8.19E-17 1.56E-14 8.13E-13 5.77E-12 1.08E-11
 1.00E-74 1.00E-74 1.00E-74 1.00E-74 1.00E-74 2.50E-45 1.82E-28 7.79E-23
 5.24E-20 3.66E-17 7.29E-15 4.05E-13 3.04E-12 5.88E-12
 1.00E-74 1.00E-74 1.00E-74 1.00E-74 1.00E-74 5.32E-46 4.00E-29 1.77E-23
 1.22E-20 8.77E-18 1.75E-15 8.84E-14 5.76E-13 1.05E-12
  563.472    7  14 /pl=01:ss= 0:pb= 1:sz= 0/type=excit/ispb = t/isel =    5
 1.00E+10 1.00E+11 1.00E+12 1.00E+13 1.00E+14 1.00E+15 1.00E+16
 1.72E-02 2.59E-02 4.31E-02 8.62E-02 1.72E-01 4.31E-01 8.62E-01 1.29E+00
 1.72E+00 2.59E+00 4.31E+00 8.62E+00 1.72E+01 2.59E+01
 1.00E-74 1.00E-74 1.00E-74 1.00E-74 1.00E-74 1.00E-74 3.28E-36 1.57E-30
 1.15E-27 8.92E-25 1.99E-22 1.25E-20 1.04E-19 2.11E-19
 1.00E-74 1.00E-74 1.00E-74 1.00E-74 1.00E-74 1.00E-74 3.32E-35 1.59E-29
 1.16E-26 9.01E-24 2.00E-21 1.26E-19 1.05E-18 2.12E-18
 1.00E-74 1.00E-74 1.00E-74 1.00E-74 1.00E-74 4.15E-51 3.55E-34 1.70E-28
 1.24E-25 9.57E-23 2.11E-20 1.32E-18 1.09E-17 2.19E-17
 1.00E-74 1.00E-74 1.00E-74 1.00E-74 1.00E-74 5.03E-50 4.24E-33 2.03E-27
 1.47E-24 1.13E-21 2.48E-19 1.53E-17 1.24E-16 2.47E-16
 1.00E-74 1.00E-74 1.00E-74 1.00E-74 1.00E-74 6.84E-49 5.79E-32 2.78E-26
 2.02E-23 1.56E-20 3.39E-18 2.06E-16 1.63E-15 3.20E-15
 1.00E-74 1.00E-74 1.00E-74 1.00E-74 1.00E-74 7.74E-48 6.55E-31 3.15E-25
 2.30E-22 1.77E-19 3.86E-17 2.33E-15 1.82E-14 3.54E-14
 1.00E-74 1.00E-74 1.00E-74 1.00E-74 1.00E-74 7.34E-47 6.16E-30 2.94E-24
 2.13E-21 1.62E-18 3.37E-16 1.73E-14 1.09E-13 1.92E-13
  567.762    7  14 /pl=01:ss= 0:pb= 1:sz= 0/type=excit/ispb = t/isel =    6
 1.00E+10 1.00E+11 1.00E+12 1.00E+13 1.00E+14 1.00E+15 1.00E+16
 1.72E-02 2.59E-02 4.31E-02 8.62E-02 1.72E-01 4.31E-01 8.62E-01 1.29E+00
 1.72E+00 2.59E+00 4.31E+00 8.62E+00 1.72E+01 2.59E+01
 1.00E-74 1.00E-74 1.00E-74 1.00E-74 1.00E-74 2.74E-44 1.93E-27 7.98E-22
 5.21E-19 3.45E-16 6.41E-14 3.24E-12 2.24E-11 4.10E-11
 1.00E-74 1.00E-74 1.00E-74 1.00E-74 1.00E-74 2.74E-44 1.93E-27 7.97E-22
 5.20E-19 3.45E-16 6.40E-14 3.24E-12 2.23E-11 4.10E-11
 1.00E-74 1.00E-74 1.00E-74 1.00E-74 1.00E-74 2.71E-44 1.91E-27 7.88E-22
 5.15E-19 3.42E-16 6.35E-14 3.22E-12 2.22E-11 4.08E-11
 1.00E-74 1.00E-74 1.00E-74 1.00E-74 1.00E-74 2.48E-44 1.75E-27 7.28E-22
 4.77E-19 3.18E-16 5.96E-14 3.05E-12 2.13E-11 3.93E-11
 1.00E-74 1.00E-74 1.00E-74 1.00E-74 1.00E-74 1.86E-44 1.34E-27 5.62E-22
 3.71E-19 2.51E-16 4.76E-14 2.49E-12 1.76E-11 3.30E-11
 1.00E-74 1.00E-74 1.00E-74 1.00E-74 1.00E-74 7.64E-45 5.56E-28 2.38E-22
 1.60E-19 1.12E-16 2.23E-14 1.24E-12 9.31E-12 1.80E-11
 1.00E-74 1.00E-74 1.00E-74 1.00E-74 1.00E-74 1.63E-45 1.22E-28 5.41E-23
 3.73E-20 2.68E-17 5.36E-15 2.70E-13 1.76E-12 3.20E-12
  568.569    7  14 /pl=01:ss= 0:pb= 1:sz= 0/type=excit/ispb = t/isel =    7
 1.00E+10 1.00E+11 1.00E+12 1.00E+13 1.00E+14 1.00E+15 1.00E+16
 1.72E-02 2.59E-02 4.31E-02 8.62E-02 1.72E-01 4.31E-01 8.62E-01 1.29E+00
 1.72E+00 2.59E+00 4.31E+00 8.62E+00 1.72E+01 2.59E+01
 1.00E-74 1.00E-74 1.00E-74 1.00E-74 1.00E-74 1.00E-74 2.80E-37 1.34E-31
 9.80E-29 7.61E-26 1.69E-23 1.07E-21 8.91E-21 1.80E-20
 1.00E-74 1.00E-74 1.00E-74 1.00E-74 1.00E-74 1.00E-74 2.83E-36 1.36E-30
 9.90E-28 7.68E-25 1.71E-22 1.08E-20 8.95E-20 1.81E-19
 1.00E-74 1.00E-74 1.00E-74 1.00E-74 1.00E-74 3.54E-52 3.03E-35 1.45E-29
 1.06E-26 8.17E-24 1.80E-21 1.13E-19 9.29E-19 1.87E-18
 1.00E-74 1.00E-74 1.00E-74 1.00E-74 1.00E-74 4.29E-51 3.62E-34 1.73E-28
 1.26E-25 9.68E-23 2.12E-20 1.30E-18 1.06E-17 2.10E-17
 1.00E-74 1.00E-74 1.00E-74 1.00E-74 1.00E-74 5.83E-50 4.94E-33 2.37E-27
 1.73E-24 1.33E-21 2.89E-19 1.76E-17 1.39E-16 2.73E-16
 1.00E-74 1.00E-74 1.00E-74 1.00E-74 1.00E-74 6.60E-49 5.59E-32 2.69E-26
 1.96E-23 1.51E-20 3.29E-18 1.99E-16 1.55E-15 3.02E-15
 1.00E-74 1.00E-74 1.00E-74 1.00E-74 1.00E-74 6.26E-48 5.25E-31 2.51E-25
 1.82E-22 1.38E-19 2.87E-17 1.47E-15 9.32E-15 1.64E-14
  581.866    7  14 /pl=01:ss= 0:pb= 1:sz= 0/type=excit/ispb = t/isel =    8
 1.00E+10 1.00E+11 1.00E+12 1.00E+13 1.00E+14 1.00E+15 1.00E+16
 1.72E-02 2.59E-02 4.31E-02 8.62E-02 1.72E-01 4.31E-01 8.62E-01 1.29E+00
 1.72E+00 2.59E+00 4.31E+00 8.62E+00 1.72E+01 2.59E+01
 1.00E-74 1.00E-74 1.00E-74 1.00E-74 1.00E-74 1.06E-43 3.22E-27 1.01E-21
 5.70E-19 3.29E-16 5.45E-14 2.53E-12 1.66E-11 3.02E-11
 1.00E-74 1.00E-74 1.00E-74 1.00E-74 1.00E-74 1.06E-43 3.22E-27 1.01E-21
 5.70E-19 3.29E-16 5.46E-14 2.53E-12 1.66E-11 3.02E-11
 1.00E-74 1.00E-74 1.00E-74 1.00E-74 1.00E-74 1.06E-43 3.22E-27 1.01E-21
 5.71E-19 3.29E-16 5.46E-14 2.53E-12 1.66E-11 3.02E-11
 1.00E-74 1.00E-74 1.00E-74 1.00E-74 1.00E-74 1.05E-43 3.21E-27 1.01E-21
 5.72E-19 3.31E-16 5.50E-14 2.55E-12 1.68E-11 3.04E-11
 1.00E-74 1.00E-74 1.00E-74 1.00E-74 1.00E-74 9.13E-44 2.83E-27 8.99E-22
 5.14E-19 3.01E-16 5.09E-14 2.41E-12 1.61E-11 2.94E-11
 1.00E-74 1.00E-74 1.00E-74 1.00E-74 1.00E-74 3.92E-44 1.23E-27 3.99E-22
 2.33E-19 1.41E-16 2.51E-14 1.28E-12 9.18E-12 1.74E-11
 1.00E-74 1.00E-74 1.00E-74 1.00E-74 1.00E-74 8.45E-45 2.74E-28 9.16E-23
 5.48E-20 3.43E-17 6.12E-15 2.84E-13 1.77E-12 3.17E-12
  583.938    7  14 /pl=01:ss= 0:pb= 1:sz= 0/type=excit/ispb = t/isel =    9
 1.00E+10 1.00E+11 1.00E+12 1.00E+13 1.00E+14 1.00E+15 1.00E+16
 1.72E-02 2.59E-02 4.31E-02 8.62E-02 1.72E-01 4.31E-01 8.62E-01 1.29E+00
 1.72E+00 2.59E+00 4.31E+00 8.62E+00 1.72E+01 2.59E+01
 1.00E-74 1.00E-74 1.00E-74 1.00E-74 1.00E-74 1.00E-74 3.83E-35 1.36E-29
 8.57E-27 5.72E-24 1.13E-21 6.49E-20 5.15E-19 1.02E-18
 1.00E-74 1.00E-74 1.00E-74 1.00E-74 1.00E-74 1.00E-74 3.83E-34 1.36E-28
 8.57E-26 5.72E-23 1.13E-20 6.49E-19 5.15E-18 1.02E-17
 1.00E-74 1.00E-74 1.00E-74 1.00E-74 1.00E-74 1.13E-49 3.87E-33 1.37E-27
 8.63E-25 5.76E-22 1.13E-19 6.51E-18 5.16E-17 1.02E-16
 1.00E-74 1.00E-74 1.00E-74 1.00E-74 1.00E-74 1.25E-48 4.31E-32 1.53E-26
 9.59E-24 6.36E-21 1.24E-18 7.00E-17 5.45E-16 1.07E-15
 1.00E-74 1.00E-74 1.00E-74 1.00E-74 1.00E-74 1.67E-47 5.79E-31 2.06E-25
 1.29E-22 8.58E-20 1.66E-17 9.21E-16 6.99E-15 1.35E-14
 1.00E-74 1.00E-74 1.00E-74 1.00E-74 1.00E-74 1.89E-46 6.54E-30 2.33E-24
 1.46E-21 9.73E-19 1.88E-16 1.04E-14 7.75E-14 1.49E-13
 1.00E-74 1.00E-74 1.00E-74 1.00E-74 1.00E-74 1.79E-45 6.14E-29 2.18E-23
 1.36E-20 8.91E-18 1.64E-15 7.69E-14 4.66E-13 8.09E-13
  587.303    7  14 /pl=01:ss= 0:pb= 1:sz= 0/type=excit/ispb = t/isel =   10
 1.00E+10 1.00E+11 1.00E+12 1.00E+13 1.00E+14 1.00E+15 1.00E+16
 1.72E-02 2.59E-02 4.31E-02 8.62E-02 1.72E-01 4.31E-01 8.62E-01 1.29E+00
 1.72E+00 2.59E+00 4.31E+00 8.62E+00 1.72E+01 2.59E+01
 1.00E-74 1.00E-74 1.00E-74 1.00E-74 1.00E-74 3.25E-43 9.87E-27 3.09E-21
 1.75E-18 1.01E-15 1.67E-13 7.77E-12 5.10E-11 9.25E-11
 1.00E-74 1.00E-74 1.00E-74 1.00E-74 1.00E-74 3.25E-43 9.87E-27 3.09E-21
 1.75E-18 1.01E-15 1.67E-13 7.77E-12 5.10E-11 9.25E-11
 1.00E-74 1.00E-74 1.00E-74 1.00E-74 1.00E-74 3.25E-43 9.87E-27 3.09E-21
 1.75E-18 1.01E-15 1.68E-13 7.78E-12 5.11E-11 9.26E-11
 1.00E-74 1.00E-74 1.00E-74 1.00E-74 1.00E-74 3.21E-43 9.84E-27 3.09E-21
 1.76E-18 1.02E-15 1.69E-13 7.83E-12 5.14E-11 9.31E-11
 1.00E-74 1.00E-74 1.00E-74 1.00E-74 1.00E-74 2.80E-43 8.69E-27 2.76E-21
 1.58E-18 9.25E-16 1.56E-13 7.41E-12 4.95E-11 9.04E-11
 1.00E-74 1.00E-74 1.00E-74 1.00E-74 1.00E-74 1.20E-43 3.78E-27 1.22E-21
 7.14E-19 4.33E-16 7.71E-14 3.93E-12 2.82E-11 5.35E-11
 1.00E-74 1.00E-74 1.00E-74 1.00E-74 1.00E-74 2.59E-44 8.41E-28 2.81E-22
 1.68E-19 1.05E-16 1.88E-14 8.71E-13 5.43E-12 9.72E-12
  589.414    7  14 /pl=01:ss= 0:pb= 1:sz= 0/type=excit/ispb = t/isel =   11
 1.00E+10 1.00E+11 1.00E+12 1.00E+13 1.00E+14 1.00E+15 1.00E+16
 1.72E-02 2.59E-02 4.31E-02 8.62E-02 1.72E-01 4.31E-01 8.62E-01 1.29E+00
 1.72E+00 2.59E+00 4.31E+00 8.62E+00 1.72E+01 2.59E+01
 1.00E-74 1.00E-74 1.00E-74 1.00E-74 1.00E-74 1.00E-74 3.26E-36 1.16E-30
 7.29E-28 4.87E-25 9.58E-23 5.52E-21 4.38E-20 8.70E-20
 1.00E-74 1.00E-74 1.00E-74 1.00E-74 1.00E-74 1.00E-74 3.26E-35 1.16E-29
 7.29E-27 4.87E-24 9.58E-22 5.52E-20 4.38E-19 8.70E-19
 1.00E-74 1.00E-74 1.00E-74 1.00E-74 1.00E-74 9.58E-51 3.29E-34 1.17E-28
 7.35E-26 4.90E-23 9.63E-21 5.54E-19 4.39E-18 8.71E-18
 1.00E-74 1.00E-74 1.00E-74 1.00E-74 1.00E-74 1.07E-49 3.67E-33 1.30E-27
 8.15E-25 5.41E-22 1.05E-19 5.95E-18 4.63E-17 9.11E-17
 1.00E-74 1.00E-74 1.00E-74 1.00E-74 1.00E-74 1.42E-48 4.93E-32 1.76E-26
 1.10E-23 7.30E-21 1.41E-18 7.84E-17 5.95E-16 1.15E-15
 1.00E-74 1.00E-74 1.00E-74 1.00E-74 1.00E-74 1.61E-47 5.56E-31 1.98E-25
 1.25E-22 8.28E-20 1.60E-17 8.84E-16 6.60E-15 1.27E-14
 1.00E-74 1.00E-74 1.00E-74 1.00E-74 1.00E-74 1.52E-46 5.23E-30 1.85E-24
 1.16E-21 7.58E-19 1.40E-16 6.55E-15 3.96E-14 6.88E-14
  653.761    7  14 /pl=01:ss= 0:pb= 1:sz= 0/type=excit/ispb = t/isel =   12
 1.00E+10 1.00E+11 1.00E+12 1.00E+13 1.00E+14 1.00E+15 1.00E+16
 1.72E-02 2.59E-02 4.31E-02 8.62E-02 1.72E-01 4.31E-01 8.62E-01 1.29E+00
 1.72E+00 2.59E+00 4.31E+00 8.62E+00 1.72E+01 2.59E+01
 1.00E-74 1.00E-74 1.00E-74 1.00E-74 1.00E-74 1.02E-40 2.03E-25 2.58E-20
 9.27E-18 3.41E-15 3.93E-13 1.38E-11 7.91E-11 1.36E-10
 1.00E-74 1.00E-74 1.00E-74 1.00E-74 1.00E-74 1.02E-40 2.03E-25 2.58E-20
 9.27E-18 3.41E-15 3.93E-13 1.38E-11 7.91E-11 1.36E-10
 1.00E-74 1.00E-74 1.00E-74 1.00E-74 1.00E-74 1.02E-40 2.03E-25 2.58E-20
 9.28E-18 3.41E-15 3.93E-13 1.38E-11 7.91E-11 1.36E-10
 1.00E-74 1.00E-74 1.00E-74 1.00E-74 1.00E-74 1.02E-40 2.04E-25 2.58E-20
 9.30E-18 3.42E-15 3.94E-13 1.39E-11 7.95E-11 1.37E-10
 1.00E-74 1.00E-74 1.00E-74 1.00E-74 1.00E-74 1.03E-40 2.06E-25 2.63E-20
 9.53E-18 3.53E-15 4.10E-13 1.45E-11 8.31E-11 1.43E-10
 1.00E-74 1.00E-74 1.00E-74 1.00E-74 1.00E-74 1.11E-40 2.30E-25 3.02E-20
 1.12E-17 4.30E-15 5.21E-13 1.90E-11 1.09E-10 1.88E-10
 1.00E-74 1.00E-74 1.00E-74 1.00E-74 1.00E-74 1.93E-40 4.34E-25 6.06E-20
 2.36E-17 9.56E-15 1.20E-12 4.11E-11 2.10E-10 3.41E-10
  660.633    7  14 /pl=01:ss= 0:pb= 1:sz= 0/type=excit/ispb = t/isel =   13
 1.00E+10 1.00E+11 1.00E+12 1.00E+13 1.00E+14 1.00E+15 1.00E+16
 1.72E-02 2.59E-02 4.31E-02 8.62E-02 1.72E-01 4.31E-01 8.62E-01 1.29E+00
 1.72E+00 2.59E+00 4.31E+00 8.62E+00 1.72E+01 2.59E+01
 1.00E-74 1.00E-74 1.00E-74 1.00E-74 1.00E-74 3.09E-40 6.18E-25 7.84E-20
 2.82E-17 1.04E-14 1.19E-12 4.21E-11 2.41E-10 4.14E-10
 1.00E-74 1.00E-74 1.00E-74 1.00E-74 1.00E-74 3.09E-40 6.18E-25 7.84E-20
 2.82E-17 1.04E-14 1.19E-12 4.21E-11 2.41E-10 4.14E-10
 1.00E-74 1.00E-74 1.00E-74 1.00E-74 1.00E-74 3.09E-40 6.18E-25 7.84E-20
 2.82E-17 1.04E-14 1.19E-12 4.21E-11 2.41E-10 4.14E-10
 1.00E-74 1.00E-74 1.00E-74 1.00E-74 1.00E-74 3.09E-40 6.19E-25 7.85E-20
 2.83E-17 1.04E-14 1.20E-12 4.23E-11 2.42E-10 4.16E-10
 1.00E-74 1.00E-74 1.00E-74 1.00E-74 1.00E-74 3.12E-40 6.27E-25 8.00E-20
 2.90E-17 1.07E-14 1.25E-12 4.42E-11 2.53E-10 4.34E-10
 1.00E-74 1.00E-74 1.00E-74 1.00E-74 1.00E-74 3.39E-40 6.99E-25 9.18E-20
 3.41E-17 1.31E-14 1.58E-12 5.79E-11 3.33E-10 5.71E-10
 1.00E-74 1.00E-74 1.00E-74 1.00E-74 1.00E-74 5.86E-40 1.32E-24 1.84E-19
 7.17E-17 2.91E-14 3.64E-12 1.25E-10 6.38E-10 1.04E-09
  664.271    7  14 /pl=01:ss= 0:pb= 1:sz= 0/type=excit/ispb = t/isel =   14
 1.00E+10 1.00E+11 1.00E+12 1.00E+13 1.00E+14 1.00E+15 1.00E+16
 1.72E-02 2.59E-02 4.31E-02 8.62E-02 1.72E-01 4.31E-01 8.62E-01 1.29E+00
 1.72E+00 2.59E+00 4.31E+00 8.62E+00 1.72E+01 2.59E+01
 1.00E-74 1.00E-74 1.00E-74 1.00E-74 1.00E-74 1.84E-45 4.32E-30 5.71E-25
 2.19E-22 8.86E-20 1.16E-17 4.89E-16 3.28E-15 6.16E-15
 1.00E-74 1.00E-74 1.00E-74 1.00E-74 1.00E-74 2.46E-44 4.32E-29 5.71E-24
 2.19E-21 8.86E-19 1.16E-16 4.89E-15 3.28E-14 6.16E-14
 1.00E-74 1.00E-74 1.00E-74 1.00E-74 1.00E-74 2.45E-43 4.32E-28 5.71E-23
 2.19E-20 8.86E-18 1.16E-15 4.89E-14 3.28E-13 6.16E-13
 1.00E-74 1.00E-74 1.00E-74 1.00E-74 1.00E-74 2.45E-42 4.32E-27 5.71E-22
 2.18E-19 8.86E-17 1.16E-14 4.89E-13 3.28E-12 6.15E-12
 1.00E-74 1.00E-74 1.00E-74 1.00E-74 1.00E-74 2.45E-41 4.31E-26 5.70E-21
 2.18E-18 8.85E-16 1.16E-13 4.87E-12 3.25E-11 6.09E-11
 1.00E-74 1.00E-74 1.00E-74 1.00E-74 1.00E-74 2.43E-40 4.28E-25 5.65E-20
 2.16E-17 8.75E-15 1.14E-12 4.69E-11 3.03E-10 5.56E-10
 1.00E-74 1.00E-74 1.00E-74 1.00E-74 1.00E-74 2.27E-39 3.95E-24 5.18E-19
 1.97E-16 7.85E-14 9.73E-12 3.39E-10 1.77E-09 2.92E-09
  671.366    7  14 /pl=01:ss= 0:pb= 1:sz= 0/type=excit/ispb = t/isel =   15
 1.00E+10 1.00E+11 1.00E+12 1.00E+13 1.00E+14 1.00E+15 1.00E+16
 1.72E-02 2.59E-02 4.31E-02 8.62E-02 1.72E-01 4.31E-01 8.62E-01 1.29E+00
 1.72E+00 2.59E+00 4.31E+00 8.62E+00 1.72E+01 2.59E+01
 1.00E-74 1.00E-74 1.00E-74 1.00E-74 1.00E-74 1.56E-46 3.66E-31 4.84E-26
 1.85E-23 7.51E-21 9.85E-19 4.14E-17 2.78E-16 5.22E-16
 1.00E-74 1.00E-74 1.00E-74 1.00E-74 1.00E-74 2.08E-45 3.66E-30 4.84E-25
 1.85E-22 7.51E-20 9.85E-18 4.14E-16 2.78E-15 5.22E-15
 1.00E-74 1.00E-74 1.00E-74 1.00E-74 1.00E-74 2.08E-44 3.66E-29 4.84E-24
 1.85E-21 7.51E-19 9.85E-17 4.14E-15 2.78E-14 5.22E-14
 1.00E-74 1.00E-74 1.00E-74 1.00E-74 1.00E-74 2.08E-43 3.66E-28 4.84E-23
 1.85E-20 7.51E-18 9.85E-16 4.14E-14 2.78E-13 5.21E-13
 1.00E-74 1.00E-74 1.00E-74 1.00E-74 1.00E-74 2.08E-42 3.65E-27 4.83E-22
 1.85E-19 7.50E-17 9.83E-15 4.12E-13 2.76E-12 5.16E-12
 1.00E-74 1.00E-74 1.00E-74 1.00E-74 1.00E-74 2.06E-41 3.62E-26 4.79E-21
 1.83E-18 7.41E-16 9.66E-14 3.97E-12 2.57E-11 4.71E-11
 1.00E-74 1.00E-74 1.00E-74 1.00E-74 1.00E-74 1.92E-40 3.35E-25 4.39E-20
 1.67E-17 6.66E-15 8.25E-13 2.87E-11 1.50E-10 2.48E-10
  1068.83    7  14 /pl=01:ss= 0:pb= 1:sz= 0/type=excit/ispb = t/isel =   16
 1.00E+10 1.00E+11 1.00E+12 1.00E+13 1.00E+14 1.00E+15 1.00E+16
 1.72E-02 2.59E-02 4.31E-02 8.62E-02 1.72E-01 4.31E-01 8.62E-01 1.29E+00
 1.72E+00 2.59E+00 4.31E+00 8.62E+00 1.72E+01 2.59E+01
 1.00E-74 1.00E-74 1.00E-74 1.00E-74 1.84E-38 7.88E-21 6.87E-15 7.07E-13
 7.43E-12 8.19E-11 6.00E-10 2.93E-09 6.95E-09 9.40E-09
 1.00E-74 1.00E-74 1.00E-74 1.00E-74 1.84E-38 7.88E-21 6.87E-15 7.07E-13
 7.43E-12 8.19E-11 6.00E-10 2.93E-09 6.95E-09 9.40E-09
 1.00E-74 1.00E-74 1.00E-74 1.00E-74 1.84E-38 7.88E-21 6.87E-15 7.07E-13
 7.43E-12 8.19E-11 6.00E-10 2.93E-09 6.95E-09 9.40E-09
 1.00E-74 1.00E-74 1.00E-74 1.00E-74 1.84E-38 7.88E-21 6.87E-15 7.07E-13
 7.43E-12 8.19E-11 6.00E-10 2.93E-09 6.94E-09 9.39E-09
 1.00E-74 1.00E-74 1.00E-74 1.00E-74 1.84E-38 7.88E-21 6.87E-15 7.07E-13
 7.43E-12 8.18E-11 5.99E-10 2.92E-09 6.90E-09 9.30E-09
 1.00E-74 1.00E-74 1.00E-74 1.00E-74 1.84E-38 7.86E-21 6.85E-15 7.05E-13
 7.40E-12 8.14E-11 5.93E-10 2.83E-09 6.46E-09 8.55E-09
 1.00E-74 1.00E-74 1.00E-74 1.00E-74 1.81E-38 7.70E-21 6.67E-15 6.83E-13
 7.14E-12 7.76E-11 5.38E-10 2.17E-09 4.00E-09 4.75E-09
  1087.32    7  14 /pl=01:ss= 0:pb= 1:sz= 0/type=excit/ispb = t/isel =   17
 1.00E+10 1.00E+11 1.00E+12 1.00E+13 1.00E+14 1.00E+15 1.00E+16
 1.72E-02 2.59E-02 4.31E-02 8.62E-02 1.72E-01 4.31E-01 8.62E-01 1.29E+00
 1.72E+00 2.59E+00 4.31E+00 8.62E+00 1.72E+01 2.59E+01
 1.00E-74 1.00E-74 1.00E-74 1.00E-74 1.96E-38 4.19E-21 2.89E-15 2.74E-13
 2.78E-12 2.93E-11 2.07E-10 9.84E-10 2.29E-09 3.09E-09
 1.00E-74 1.00E-74 1.00E-74 1.00E-74 1.96E-38 4.19E-21 2.89E-15 2.74E-13
 2.78E-12 2.93E-11 2.07E-10 9.84E-10 2.29E-09 3.09E-09
 1.00E-74 1.00E-74 1.00E-74 1.00E-74 1.96E-38 4.19E-21 2.89E-15 2.74E-13
 2.78E-12 2.93E-11 2.07E-10 9.84E-10 2.29E-09 3.09E-09
 1.00E-74 1.00E-74 1.00E-74 1.00E-74 1.96E-38 4.19E-21 2.89E-15 2.74E-13
 2.78E-12 2.93E-11 2.07E-10 9.83E-10 2.29E-09 3.09E-09
 1.00E-74 1.00E-74 1.00E-74 1.00E-74 1.95E-38 4.19E-21 2.89E-15 2.74E-13
 2.77E-12 2.93E-11 2.06E-10 9.80E-10 2.28E-09 3.06E-09
 1.00E-74 1.00E-74 1.00E-74 1.00E-74 1.95E-38 4.17E-21 2.87E-15 2.73E-13
 2.76E-12 2.91E-11 2.04E-10 9.47E-10 2.13E-09 2.80E-09
 1.00E-74 1.00E-74 1.00E-74 1.00E-74 1.90E-38 4.02E-21 2.75E-15 2.59E-13
 2.60E-12 2.71E-11 1.81E-10 7.12E-10 1.29E-09 1.53E-09
  3713.33    7  14 /pl=01:ss= 0:pb= 1:sz= 0/type=excit/ispb = t/isel =   18
 1.00E+10 1.00E+11 1.00E+12 1.00E+13 1.00E+14 1.00E+15 1.00E+16
 1.72E-02 2.59E-02 4.31E-02 8.62E-02 1.72E-01 4.31E-01 8.62E-01 1.29E+00
 1.72E+00 2.59E+00 4.31E+00 8.62E+00 1.72E+01 2.59E+01
 1.00E-74 1.00E-74 1.00E-74 1.00E-74 1.00E-74 1.00E-74 9.15E-72 4.39E-66
 3.21E-63 2.49E-60 5.54E-58 3.49E-56 2.91E-55 5.90E-55
 1.00E-74 1.00E-74 1.00E-74 1.00E-74 1.00E-74 1.00E-74 9.26E-71 4.44E-65
 3.24E-62 2.51E-59 5.58E-57 3.52E-55 2.93E-54 5.92E-54
 1.00E-74 1.00E-74 1.00E-74 1.00E-74 1.00E-74 1.00E-74 9.91E-70 4.74E-64
 3.45E-61 2.67E-58 5.90E-56 3.69E-54 3.04E-53 6.12E-53
 1.00E-74 1.00E-74 1.00E-74 1.00E-74 1.00E-74 1.00E-74 1.18E-68 5.66E-63
 4.11E-60 3.16E-57 6.93E-55 4.27E-53 3.46E-52 6.88E-52
 1.00E-74 1.00E-74 1.00E-74 1.00E-74 1.00E-74 1.00E-74 1.62E-67 7.75E-62
 5.64E-59 4.34E-56 9.45E-54 5.74E-52 4.55E-51 8.94E-51
 1.00E-74 1.00E-74 1.00E-74 1.00E-74 1.00E-74 1.00E-74 1.83E-66 8.78E-61
 6.40E-58 4.94E-55 1.08E-52 6.50E-51 5.07E-50 9.88E-50
 1.00E-74 1.00E-74 1.00E-74 1.00E-74 1.00E-74 1.00E-74 1.72E-65 8.20E-60
 5.94E-57 4.52E-54 9.39E-52 4.81E-50 3.05E-49 5.37E-49
  4038.77    7  14 /pl=01:ss= 0:pb= 1:sz= 0/type=excit/ispb = t/isel =   19
 1.00E+10 1.00E+11 1.00E+12 1.00E+13 1.00E+14 1.00E+15 1.00E+16
 1.72E-02 2.59E-02 4.31E-02 8.62E-02 1.72E-01 4.31E-01 8.62E-01 1.29E+00
 1.72E+00 2.59E+00 4.31E+00 8.62E+00 1.72E+01 2.59E+01
 1.00E-74 1.00E-74 1.00E-74 1.00E-74 1.00E-74 1.00E-74 1.44E-64 5.96E-59
 3.88E-56 2.58E-53 4.78E-51 2.42E-49 1.67E-48 3.06E-48
 1.00E-74 1.00E-74 1.00E-74 1.00E-74 1.00E-74 1.00E-74 1.44E-64 5.95E-59
 3.88E-56 2.57E-53 4.78E-51 2.42E-49 1.67E-48 3.06E-48
 1.00E-74 1.00E-74 1.00E-74 1.00E-74 1.00E-74 1.00E-74 1.42E-64 5.88E-59
 3.84E-56 2.55E-53 4.74E-51 2.40E-49 1.66E-48 3.05E-48
 1.00E-74 1.00E-74 1.00E-74 1.00E-74 1.00E-74 1.00E-74 1.31E-64 5.44E-59
 3.56E-56 2.38E-53 4.45E-51 2.28E-49 1.59E-48 2.94E-48
 1.00E-74 1.00E-74 1.00E-74 1.00E-74 1.00E-74 1.00E-74 9.98E-65 4.20E-59
 2.77E-56 1.87E-53 3.55E-51 1.86E-49 1.32E-48 2.46E-48
 1.00E-74 1.00E-74 1.00E-74 1.00E-74 1.00E-74 1.00E-74 4.15E-65 1.78E-59
 1.20E-56 8.35E-54 1.66E-51 9.25E-50 6.95E-49 1.34E-48
 1.00E-74 1.00E-74 1.00E-74 1.00E-74 1.00E-74 1.00E-74 9.13E-66 4.04E-60
 2.78E-57 2.00E-54 4.00E-52 2.02E-50 1.31E-49 2.39E-49
  4828.59    7  14 /pl=01:ss= 0:pb= 1:sz= 0/type=excit/ispb = t/isel =   20
 1.00E+10 1.00E+11 1.00E+12 1.00E+13 1.00E+14 1.00E+15 1.00E+16
 1.72E-02 2.59E-02 4.31E-02 8.62E-02 1.72E-01 4.31E-01 8.62E-01 1.29E+00
 1.72E+00 2.59E+00 4.31E+00 8.62E+00 1.72E+01 2.59E+01
 1.00E-74 1.00E-74 1.00E-74 1.00E-74 1.00E-74 1.00E-74 1.92E-69 6.85E-64
 4.30E-61 2.88E-58 5.66E-56 3.26E-54 2.59E-53 5.14E-53
 1.00E-74 1.00E-74 1.00E-74 1.00E-74 1.00E-74 1.00E-74 1.92E-68 6.85E-63
 4.31E-60 2.88E-57 5.66E-55 3.26E-53 2.59E-52 5.14E-52
 1.00E-74 1.00E-74 1.00E-74 1.00E-74 1.00E-74 1.00E-74 1.94E-67 6.91E-62
 4.34E-59 2.89E-56 5.69E-54 3.27E-52 2.59E-51 5.15E-51
 1.00E-74 1.00E-74 1.00E-74 1.00E-74 1.00E-74 1.00E-74 2.17E-66 7.69E-61
 4.82E-58 3.20E-55 6.22E-53 3.52E-51 2.74E-50 5.38E-50
 1.00E-74 1.00E-74 1.00E-74 1.00E-74 1.00E-74 1.00E-74 2.91E-65 1.04E-59
 6.50E-57 4.31E-54 8.33E-52 4.63E-50 3.51E-49 6.79E-49
 1.00E-74 1.00E-74 1.00E-74 1.00E-74 1.00E-74 1.00E-74 3.28E-64 1.17E-58
 7.36E-56 4.89E-53 9.47E-51 5.22E-49 3.90E-48 7.48E-48
 1.00E-74 1.00E-74 1.00E-74 1.00E-74 1.00E-74 1.00E-74 3.09E-63 1.09E-57
 6.83E-55 4.48E-52 8.25E-50 3.87E-48 2.34E-47 4.06E-47
  5291.01    7  14 /pl=01:ss= 0:pb= 1:sz= 0/type=excit/ispb = t/isel =   21
 1.00E+10 1.00E+11 1.00E+12 1.00E+13 1.00E+14 1.00E+15 1.00E+16
 1.72E-02 2.59E-02 4.31E-02 8.62E-02 1.72E-01 4.31E-01 8.62E-01 1.29E+00
 1.72E+00 2.59E+00 4.31E+00 8.62E+00 1.72E+01 2.59E+01
 1.00E-74 1.00E-74 1.00E-74 1.00E-74 1.00E-74 1.00E-74 2.45E-64 7.69E-59
 4.35E-56 2.51E-53 4.16E-51 1.93E-49 1.27E-48 2.30E-48
 1.00E-74 1.00E-74 1.00E-74 1.00E-74 1.00E-74 1.00E-74 2.45E-64 7.69E-59
 4.35E-56 2.51E-53 4.16E-51 1.93E-49 1.27E-48 2.30E-48
 1.00E-74 1.00E-74 1.00E-74 1.00E-74 1.00E-74 1.00E-74 2.46E-64 7.69E-59
 4.36E-56 2.51E-53 4.17E-51 1.93E-49 1.27E-48 2.30E-48
 1.00E-74 1.00E-74 1.00E-74 1.00E-74 1.00E-74 1.00E-74 2.45E-64 7.70E-59
 4.37E-56 2.53E-53 4.20E-51 1.95E-49 1.28E-48 2.32E-48
 1.00E-74 1.00E-74 1.00E-74 1.00E-74 1.00E-74 1.00E-74 2.16E-64 6.86E-59
 3.93E-56 2.30E-53 3.89E-51 1.84E-49 1.23E-48 2.25E-48
 1.00E-74 1.00E-74 1.00E-74 1.00E-74 1.00E-74 1.00E-74 9.39E-65 3.04E-59
 1.78E-56 1.08E-53 1.92E-51 9.77E-50 7.01E-49 1.33E-48
 1.00E-74 1.00E-74 1.00E-74 1.00E-74 1.00E-74 1.00E-74 2.09E-65 7.00E-60
 4.18E-57 2.62E-54 4.67E-52 2.17E-50 1.35E-49 2.42E-49
c-------------------------------------------------------------------------------
 
C  root partition information
C  ==========================
C
C  nuclear charge : 18
C  ion charge+1   :  1
C
C  population calculation information
C  ----------------------------------
C
C  population processing code: adas810
C
C  adf04 source file    : adf04_copmm#18_ls_40#ar0.dat
C  adf18/a17_p208 file  : NULL
C
C  meta. ion. coeff. selector  : 
 
C  options  : lnorm =T  lpsel =F  lzsel =T  liosel=F
C           : lhsel =F  lrsel =F  lisel =F  lnsel =F
 
C  energy levels
C  -------------
C
C   lv      configuration    (2S+1)L(w-1/2)      energy (cm^-1)
C  ---   ------------------- --------------      --------------
c    1   24565                  (1)0(  0.0)             0.0
c    2   24555517               (3)1(  4.0)         91968.9
c    3   24555517               (1)1(  1.0)         93559.9
c    4   14565517               (3)0(  1.0)        242509.9
c    5   14565517               (1)0(  0.0)        244929.9
c    6   1456551B               (3)0(  1.0)        263219.9
c    7   1456551B               (1)0(  0.0)        263829.9
c    8   1456551G               (3)0(  1.0)        269439.9
c    9   1456551G               (1)0(  0.0)        269689.9
 
 
 
c-------------------------------------------------------------------------------
 
C  superstage partition information
C  ================================
C
C  element symbol   : AR
C  parent template  : 
C  partition level  :  1
C  superstage label :  0
C
C  tabulation       : photon emissivity coefft (te,ne)
C  units            : ph. emis coef(cm^3 s^-1); te (ev); ne (cm^-3)
C
C  photon emissivity atomic transitions
C  ------------------------------------
C  
C   isel  wvlen(A)            transition                type  ispb nspb
C                                                             ispp nspp sz    tg pr wr
C  ----- ---------- ----------------------------------- ----- ---- ---- --    -- -- --
C      1   370.796    9(1)0(  0.0)-  1(1)0(  0.0)       excit   1    1   0     5 16  1
C      2   379.032    7(1)0(  0.0)-  1(1)0(  0.0)       excit   1    1   0     4 18  2
C      3   408.280    5(1)0(  0.0)-  1(1)0(  0.0)       excit   1    1   0     3 19  3
C      4   562.680    9(1)0(  0.0)-  2(3)1(  4.0)       excit   1    1   0    12  8  4
C      5   563.472    8(3)0(  1.0)-  2(3)1(  4.0)       excit   1    1   0    11 12  5
C      6   567.762    9(1)0(  0.0)-  3(1)1(  1.0)       excit   1    1   0    18  6  6
C      7   568.569    8(3)0(  1.0)-  3(1)1(  1.0)       excit   1    1   0    17 14  7
C      8   581.866    7(1)0(  0.0)-  2(3)1(  4.0)       excit   1    1   0    10  7  8
C      9   583.938    6(3)0(  1.0)-  2(3)1(  4.0)       excit   1    1   0     9 11  9
C     10   587.303    7(1)0(  0.0)-  3(1)1(  1.0)       excit   1    1   0    16  5 10
C     11   589.414    6(3)0(  1.0)-  3(1)1(  1.0)       excit   1    1   0    15 13 11
C     12   653.761    5(1)0(  0.0)-  2(3)1(  4.0)       excit   1    1   0     8  4 12
C     13   660.633    5(1)0(  0.0)-  3(1)1(  1.0)       excit   1    1   0    14  3 13
C     14   664.271    4(3)0(  1.0)-  2(3)1(  4.0)       excit   1    1   0     7  9 14
C     15   671.366    4(3)0(  1.0)-  3(1)1(  1.0)       excit   1    1   0    13 10 15
C     16   1068.83    3(1)1(  1.0)-  1(1)0(  0.0)       excit   1    1   0     2  1 16
C     17   1087.32    2(3)1(  4.0)-  1(1)0(  0.0)       excit   1    1   0     1  2 17
C     18   3713.33    8(3)0(  1.0)-  4(3)0(  1.0)       excit   1    1   0    20 21 18
C     19   4038.77    9(1)0(  0.0)-  5(1)0(  0.0)       excit   1    1   0    22 15 19
C     20   4828.59    6(3)0(  1.0)-  4(3)0(  1.0)       excit   1    1   0    19 20 20
C     21   5291.01    7(1)0(  0.0)-  5(1)0(  0.0)       excit   1    1   0    21 17 21
c-------------------------------------------------------------------------------
                                                                                
C  code     : adas810
C  producer : Adam Foster
C  date     : 13/05/09
                                                                                
c-------------------------------------------------------------------------------
