   50    /AR: 5 photon emissivity coefficients/
--------------------------------------------------------------------------------
    1    1    1    1    1    1    1    1    1    1    1    1    1    1
    1    1    1    1    1
--------------------------------------------------------------------------------
//#01/p00/ 00/p01/ 01/p02/ 02/p03/ 03/p04/ 04/p05/ 05/p06/ 06/p07/ 07/p08/ 08/  
      p09/ 09/p10/ 10/p11/ 11/p12/ 12/p13/ 13/p14/ 14/p15/ 15/p16/ 16/p17/ 17/  
      p18/ 18/                                                                  
--------------------------------------------------------------------------------
  154.744    7  14 /pl=01:ss= 5:pb= 1:sz= 5/type=excit/ispb = t/isel =    1
 1.00E+10 1.00E+11 1.00E+12 1.00E+13 1.00E+14 1.00E+15 1.00E+16
 6.20E-01 9.31E-01 1.55E+00 3.10E+00 6.20E+00 1.55E+01 3.10E+01 4.65E+01
 6.20E+01 9.31E+01 1.55E+02 3.10E+02 6.20E+02 9.31E+02
 1.00E-74 1.00E-74 1.43E-32 1.69E-21 4.92E-16 7.33E-13 7.01E-12 1.38E-11
 1.88E-11 2.47E-11 2.94E-11 3.21E-11 3.22E-11 3.18E-11
 1.00E-74 1.00E-74 1.43E-32 1.69E-21 4.92E-16 7.33E-13 7.01E-12 1.38E-11
 1.88E-11 2.47E-11 2.94E-11 3.21E-11 3.22E-11 3.18E-11
 1.00E-74 1.93E-47 1.43E-32 1.69E-21 4.92E-16 7.33E-13 7.00E-12 1.38E-11
 1.88E-11 2.47E-11 2.94E-11 3.21E-11 3.22E-11 3.17E-11
 1.00E-74 2.07E-47 1.44E-32 1.69E-21 4.92E-16 7.30E-13 6.93E-12 1.36E-11
 1.85E-11 2.43E-11 2.89E-11 3.16E-11 3.18E-11 3.15E-11
 1.00E-74 2.15E-47 1.49E-32 1.73E-21 4.99E-16 7.11E-13 6.45E-12 1.25E-11
 1.68E-11 2.20E-11 2.63E-11 2.90E-11 2.96E-11 2.94E-11
 1.00E-74 3.08E-47 1.99E-32 2.11E-21 5.60E-16 6.88E-13 5.85E-12 1.11E-11
 1.48E-11 1.92E-11 2.27E-11 2.49E-11 2.53E-11 2.51E-11
 1.00E-74 1.11E-46 6.28E-32 5.32E-21 1.09E-15 1.00E-12 7.44E-12 1.33E-11
 1.72E-11 2.13E-11 2.38E-11 2.41E-11 2.27E-11 2.17E-11
  161.031    7  14 /pl=01:ss= 5:pb= 1:sz= 5/type=excit/ispb = t/isel =    2
 1.00E+10 1.00E+11 1.00E+12 1.00E+13 1.00E+14 1.00E+15 1.00E+16
 6.20E-01 9.31E-01 1.55E+00 3.10E+00 6.20E+00 1.55E+01 3.10E+01 4.65E+01
 6.20E+01 9.31E+01 1.55E+02 3.10E+02 6.20E+02 9.31E+02
 1.00E-74 2.56E-46 5.09E-32 2.47E-21 4.94E-16 6.18E-13 5.68E-12 1.12E-11
 1.53E-11 2.03E-11 2.46E-11 2.74E-11 2.79E-11 2.73E-11
 1.00E-74 2.56E-46 5.09E-32 2.47E-21 4.94E-16 6.18E-13 5.68E-12 1.11E-11
 1.53E-11 2.03E-11 2.46E-11 2.74E-11 2.79E-11 2.73E-11
 1.00E-74 2.67E-46 5.11E-32 2.47E-21 4.94E-16 6.18E-13 5.68E-12 1.11E-11
 1.52E-11 2.02E-11 2.46E-11 2.74E-11 2.78E-11 2.73E-11
 1.00E-74 2.81E-46 5.32E-32 2.53E-21 5.00E-16 6.18E-13 5.62E-12 1.10E-11
 1.50E-11 1.99E-11 2.42E-11 2.70E-11 2.75E-11 2.70E-11
 1.00E-74 3.85E-46 6.91E-32 3.03E-21 5.58E-16 6.32E-13 5.39E-12 1.03E-11
 1.39E-11 1.82E-11 2.20E-11 2.47E-11 2.53E-11 2.50E-11
 1.00E-74 6.24E-46 1.06E-31 4.20E-21 6.94E-16 6.52E-13 5.15E-12 9.58E-12
 1.28E-11 1.65E-11 1.94E-11 2.10E-11 2.09E-11 2.03E-11
 1.00E-74 1.54E-45 2.31E-31 7.32E-21 9.06E-16 6.26E-13 4.36E-12 7.74E-12
 1.01E-11 1.27E-11 1.46E-11 1.52E-11 1.45E-11 1.38E-11
  180.349    7  14 /pl=01:ss= 5:pb= 1:sz= 5/type=excit/ispb = t/isel =    3
 1.00E+10 1.00E+11 1.00E+12 1.00E+13 1.00E+14 1.00E+15 1.00E+16
 6.20E-01 9.31E-01 1.55E+00 3.10E+00 6.20E+00 1.55E+01 3.10E+01 4.65E+01
 6.20E+01 9.31E+01 1.55E+02 3.10E+02 6.20E+02 9.31E+02
 1.00E-74 4.76E-42 2.52E-29 7.72E-20 3.79E-15 2.06E-12 1.44E-11 2.59E-11
 3.37E-11 4.27E-11 4.98E-11 5.45E-11 5.51E-11 5.44E-11
 1.00E-74 4.76E-42 2.52E-29 7.72E-20 3.79E-15 2.06E-12 1.44E-11 2.59E-11
 3.37E-11 4.27E-11 4.98E-11 5.45E-11 5.51E-11 5.44E-11
 1.00E-74 4.77E-42 2.52E-29 7.73E-20 3.79E-15 2.06E-12 1.44E-11 2.58E-11
 3.37E-11 4.26E-11 4.97E-11 5.44E-11 5.51E-11 5.43E-11
 1.00E-74 4.82E-42 2.55E-29 7.77E-20 3.81E-15 2.06E-12 1.43E-11 2.55E-11
 3.32E-11 4.19E-11 4.89E-11 5.37E-11 5.45E-11 5.38E-11
 1.00E-74 5.30E-42 2.75E-29 8.21E-20 3.95E-15 2.03E-12 1.34E-11 2.34E-11
 3.03E-11 3.80E-11 4.45E-11 4.93E-11 5.06E-11 5.04E-11
 1.00E-74 9.33E-42 4.47E-29 1.21E-19 5.20E-15 2.20E-12 1.33E-11 2.26E-11
 2.88E-11 3.54E-11 4.06E-11 4.40E-11 4.46E-11 4.42E-11
 1.00E-74 3.14E-41 1.43E-28 3.36E-19 1.13E-14 3.55E-12 1.90E-11 3.08E-11
 3.80E-11 4.51E-11 4.91E-11 4.90E-11 4.57E-11 4.34E-11
  193.073    7  14 /pl=01:ss= 5:pb= 1:sz= 5/type=excit/ispb = t/isel =    4
 1.00E+10 1.00E+11 1.00E+12 1.00E+13 1.00E+14 1.00E+15 1.00E+16
 6.20E-01 9.31E-01 1.55E+00 3.10E+00 6.20E+00 1.55E+01 3.10E+01 4.65E+01
 6.20E+01 9.31E+01 1.55E+02 3.10E+02 6.20E+02 9.31E+02
 1.00E-74 6.53E-40 4.92E-28 3.44E-19 7.83E-15 2.60E-12 1.54E-11 2.61E-11
 3.32E-11 4.12E-11 4.79E-11 5.25E-11 5.37E-11 5.33E-11
 1.00E-74 6.53E-40 4.92E-28 3.44E-19 7.83E-15 2.60E-12 1.54E-11 2.61E-11
 3.32E-11 4.12E-11 4.79E-11 5.25E-11 5.37E-11 5.33E-11
 1.00E-74 6.53E-40 4.92E-28 3.44E-19 7.83E-15 2.60E-12 1.53E-11 2.60E-11
 3.31E-11 4.12E-11 4.78E-11 5.24E-11 5.36E-11 5.32E-11
 1.00E-74 6.55E-40 4.93E-28 3.45E-19 7.84E-15 2.59E-12 1.52E-11 2.57E-11
 3.26E-11 4.05E-11 4.70E-11 5.17E-11 5.30E-11 5.28E-11
 1.00E-74 6.68E-40 5.01E-28 3.49E-19 7.89E-15 2.50E-12 1.41E-11 2.34E-11
 2.95E-11 3.65E-11 4.25E-11 4.73E-11 4.92E-11 4.93E-11
 1.00E-74 8.04E-40 5.84E-28 3.93E-19 8.46E-15 2.34E-12 1.23E-11 2.02E-11
 2.53E-11 3.10E-11 3.60E-11 4.00E-11 4.18E-11 4.21E-11
 1.00E-74 2.11E-39 1.37E-27 7.89E-19 1.35E-14 2.86E-12 1.35E-11 2.09E-11
 2.55E-11 3.01E-11 3.34E-11 3.52E-11 3.55E-11 3.52E-11
  194.951    7  14 /pl=01:ss= 5:pb= 1:sz= 5/type=excit/ispb = t/isel =    5
 1.00E+10 1.00E+11 1.00E+12 1.00E+13 1.00E+14 1.00E+15 1.00E+16
 6.20E-01 9.31E-01 1.55E+00 3.10E+00 6.20E+00 1.55E+01 3.10E+01 4.65E+01
 6.20E+01 9.31E+01 1.55E+02 3.10E+02 6.20E+02 9.31E+02
 1.00E-74 6.45E-40 3.83E-28 2.31E-19 4.99E-15 1.65E-12 9.92E-12 1.71E-11
 2.19E-11 2.74E-11 3.17E-11 3.36E-11 3.23E-11 3.06E-11
 1.00E-74 6.45E-40 3.83E-28 2.31E-19 4.99E-15 1.65E-12 9.92E-12 1.71E-11
 2.19E-11 2.74E-11 3.17E-11 3.36E-11 3.23E-11 3.06E-11
 1.00E-74 6.45E-40 3.83E-28 2.31E-19 4.99E-15 1.65E-12 9.91E-12 1.71E-11
 2.19E-11 2.74E-11 3.17E-11 3.35E-11 3.23E-11 3.06E-11
 1.00E-74 6.46E-40 3.84E-28 2.32E-19 5.00E-15 1.64E-12 9.80E-12 1.68E-11
 2.16E-11 2.69E-11 3.12E-11 3.31E-11 3.19E-11 3.03E-11
 1.00E-74 6.59E-40 3.93E-28 2.39E-19 5.13E-15 1.61E-12 9.16E-12 1.54E-11
 1.96E-11 2.44E-11 2.82E-11 3.03E-11 2.96E-11 2.84E-11
 1.00E-74 7.82E-40 4.73E-28 2.92E-19 6.08E-15 1.65E-12 8.67E-12 1.42E-11
 1.78E-11 2.18E-11 2.49E-11 2.64E-11 2.57E-11 2.46E-11
 1.00E-74 1.88E-39 1.02E-27 5.30E-19 8.55E-15 1.75E-12 8.32E-12 1.32E-11
 1.62E-11 1.95E-11 2.19E-11 2.28E-11 2.20E-11 2.10E-11
  196.148    7  14 /pl=01:ss= 5:pb= 1:sz= 5/type=excit/ispb = t/isel =    6
 1.00E+10 1.00E+11 1.00E+12 1.00E+13 1.00E+14 1.00E+15 1.00E+16
 6.20E-01 9.31E-01 1.55E+00 3.10E+00 6.20E+00 1.55E+01 3.10E+01 4.65E+01
 6.20E+01 9.31E+01 1.55E+02 3.10E+02 6.20E+02 9.31E+02
 1.00E-74 7.27E-39 3.55E-27 1.79E-18 3.44E-14 1.03E-11 5.78E-11 9.54E-11
 1.18E-10 1.41E-10 1.54E-10 1.54E-10 1.45E-10 1.38E-10
 1.00E-74 7.27E-39 3.55E-27 1.79E-18 3.44E-14 1.03E-11 5.78E-11 9.54E-11
 1.18E-10 1.41E-10 1.54E-10 1.54E-10 1.45E-10 1.38E-10
 1.00E-74 7.28E-39 3.55E-27 1.79E-18 3.44E-14 1.03E-11 5.77E-11 9.52E-11
 1.18E-10 1.41E-10 1.54E-10 1.54E-10 1.45E-10 1.38E-10
 1.00E-74 7.31E-39 3.56E-27 1.79E-18 3.45E-14 1.02E-11 5.71E-11 9.39E-11
 1.16E-10 1.39E-10 1.51E-10 1.52E-10 1.43E-10 1.36E-10
 1.00E-74 7.60E-39 3.67E-27 1.83E-18 3.49E-14 9.96E-12 5.31E-11 8.60E-11
 1.06E-10 1.26E-10 1.38E-10 1.39E-10 1.33E-10 1.28E-10
 1.00E-74 1.04E-38 4.76E-27 2.22E-18 3.93E-14 9.65E-12 4.84E-11 7.70E-11
 9.42E-11 1.11E-10 1.21E-10 1.22E-10 1.16E-10 1.11E-10
 1.00E-74 3.01E-38 1.28E-26 5.20E-18 7.33E-14 1.38E-11 6.25E-11 9.51E-11
 1.13E-10 1.29E-10 1.35E-10 1.28E-10 1.15E-10 1.07E-10
  200.252    7  14 /pl=01:ss= 5:pb= 1:sz= 5/type=excit/ispb = t/isel =    7
 1.00E+10 1.00E+11 1.00E+12 1.00E+13 1.00E+14 1.00E+15 1.00E+16
 6.20E-01 9.31E-01 1.55E+00 3.10E+00 6.20E+00 1.55E+01 3.10E+01 4.65E+01
 6.20E+01 9.31E+01 1.55E+02 3.10E+02 6.20E+02 9.31E+02
 1.00E-74 1.28E-38 3.57E-27 1.18E-18 1.85E-14 4.93E-12 2.66E-11 4.33E-11
 5.34E-11 6.33E-11 6.82E-11 6.73E-11 6.26E-11 5.93E-11
 1.00E-74 1.28E-38 3.57E-27 1.18E-18 1.85E-14 4.93E-12 2.66E-11 4.33E-11
 5.34E-11 6.33E-11 6.82E-11 6.73E-11 6.26E-11 5.93E-11
 1.00E-74 1.28E-38 3.57E-27 1.18E-18 1.85E-14 4.93E-12 2.65E-11 4.33E-11
 5.33E-11 6.32E-11 6.81E-11 6.72E-11 6.26E-11 5.93E-11
 1.00E-74 1.28E-38 3.57E-27 1.18E-18 1.85E-14 4.91E-12 2.63E-11 4.28E-11
 5.26E-11 6.24E-11 6.72E-11 6.65E-11 6.20E-11 5.88E-11
 1.00E-74 1.30E-38 3.61E-27 1.19E-18 1.86E-14 4.78E-12 2.47E-11 3.96E-11
 4.85E-11 5.73E-11 6.19E-11 6.18E-11 5.82E-11 5.55E-11
 1.00E-74 1.49E-38 4.04E-27 1.29E-18 1.93E-14 4.48E-12 2.22E-11 3.52E-11
 4.29E-11 5.04E-11 5.44E-11 5.43E-11 5.12E-11 4.89E-11
 1.00E-74 3.38E-38 8.28E-27 2.30E-18 2.90E-14 5.45E-12 2.43E-11 3.68E-11
 4.38E-11 5.01E-11 5.26E-11 5.07E-11 4.64E-11 4.36E-11
  218.193    7  14 /pl=01:ss= 5:pb= 1:sz= 5/type=excit/ispb = t/isel =    8
 1.00E+10 1.00E+11 1.00E+12 1.00E+13 1.00E+14 1.00E+15 1.00E+16
 6.20E-01 9.31E-01 1.55E+00 3.10E+00 6.20E+00 1.55E+01 3.10E+01 4.65E+01
 6.20E+01 9.31E+01 1.55E+02 3.10E+02 6.20E+02 9.31E+02
 1.00E-74 5.88E-36 1.85E-25 1.21E-17 9.12E-14 1.85E-11 9.93E-11 1.63E-10
 2.02E-10 2.40E-10 2.57E-10 2.45E-10 2.15E-10 1.96E-10
 1.00E-74 5.89E-36 1.85E-25 1.21E-17 9.12E-14 1.85E-11 9.93E-11 1.63E-10
 2.02E-10 2.40E-10 2.57E-10 2.45E-10 2.15E-10 1.96E-10
 1.00E-74 5.89E-36 1.85E-25 1.21E-17 9.12E-14 1.85E-11 9.91E-11 1.63E-10
 2.02E-10 2.39E-10 2.57E-10 2.45E-10 2.15E-10 1.95E-10
 3.88E-49 5.92E-36 1.86E-25 1.21E-17 9.13E-14 1.84E-11 9.79E-11 1.60E-10
 1.98E-10 2.35E-10 2.53E-10 2.41E-10 2.13E-10 1.94E-10
 4.27E-49 6.25E-36 1.94E-25 1.25E-17 9.25E-14 1.77E-11 8.97E-11 1.44E-10
 1.77E-10 2.10E-10 2.26E-10 2.19E-10 1.96E-10 1.80E-10
 6.60E-49 9.14E-36 2.65E-25 1.56E-17 1.03E-13 1.61E-11 7.46E-11 1.17E-10
 1.43E-10 1.69E-10 1.83E-10 1.80E-10 1.64E-10 1.52E-10
 1.46E-48 2.04E-35 5.73E-25 3.00E-17 1.53E-13 1.65E-11 6.50E-11 9.67E-11
 1.16E-10 1.34E-10 1.43E-10 1.42E-10 1.30E-10 1.21E-10
  223.944    7  14 /pl=01:ss= 5:pb= 1:sz= 5/type=excit/ispb = t/isel =    9
 1.00E+10 1.00E+11 1.00E+12 1.00E+13 1.00E+14 1.00E+15 1.00E+16
 6.20E-01 9.31E-01 1.55E+00 3.10E+00 6.20E+00 1.55E+01 3.10E+01 4.65E+01
 6.20E+01 9.31E+01 1.55E+02 3.10E+02 6.20E+02 9.31E+02
 1.00E-74 1.51E-43 2.86E-30 2.23E-20 1.66E-15 1.09E-12 7.91E-12 1.42E-11
 1.82E-11 2.24E-11 2.43E-11 2.27E-11 1.89E-11 1.64E-11
 1.00E-74 1.51E-43 2.86E-30 2.23E-20 1.66E-15 1.09E-12 7.91E-12 1.42E-11
 1.82E-11 2.24E-11 2.43E-11 2.27E-11 1.89E-11 1.64E-11
 1.00E-74 1.51E-43 2.86E-30 2.23E-20 1.66E-15 1.09E-12 7.90E-12 1.41E-11
 1.82E-11 2.23E-11 2.43E-11 2.27E-11 1.88E-11 1.64E-11
 1.00E-74 1.52E-43 2.87E-30 2.23E-20 1.66E-15 1.09E-12 7.82E-12 1.39E-11
 1.79E-11 2.20E-11 2.39E-11 2.24E-11 1.86E-11 1.62E-11
 1.00E-74 1.53E-43 2.88E-30 2.24E-20 1.67E-15 1.05E-12 7.23E-12 1.27E-11
 1.62E-11 1.98E-11 2.16E-11 2.05E-11 1.73E-11 1.52E-11
 1.00E-74 1.81E-43 3.26E-30 2.43E-20 1.73E-15 9.58E-13 6.24E-12 1.08E-11
 1.37E-11 1.68E-11 1.84E-11 1.76E-11 1.51E-11 1.33E-11
 1.00E-74 4.93E-43 7.72E-30 4.64E-20 2.52E-15 1.06E-12 6.20E-12 1.03E-11
 1.30E-11 1.56E-11 1.71E-11 1.67E-11 1.46E-11 1.30E-11
  227.801    7  14 /pl=01:ss= 5:pb= 1:sz= 5/type=excit/ispb = t/isel =   10
 1.00E+10 1.00E+11 1.00E+12 1.00E+13 1.00E+14 1.00E+15 1.00E+16
 6.20E-01 9.31E-01 1.55E+00 3.10E+00 6.20E+00 1.55E+01 3.10E+01 4.65E+01
 6.20E+01 9.31E+01 1.55E+02 3.10E+02 6.20E+02 9.31E+02
 1.00E-74 5.54E-43 7.01E-30 4.06E-20 2.65E-15 1.66E-12 1.20E-11 2.17E-11
 2.84E-11 3.51E-11 3.96E-11 3.88E-11 3.42E-11 3.08E-11
 1.00E-74 5.54E-43 7.01E-30 4.06E-20 2.65E-15 1.66E-12 1.20E-11 2.16E-11
 2.84E-11 3.51E-11 3.96E-11 3.88E-11 3.42E-11 3.08E-11
 1.00E-74 5.55E-43 7.01E-30 4.06E-20 2.65E-15 1.66E-12 1.20E-11 2.16E-11
 2.83E-11 3.50E-11 3.95E-11 3.88E-11 3.42E-11 3.08E-11
 1.00E-74 5.57E-43 7.04E-30 4.07E-20 2.66E-15 1.66E-12 1.19E-11 2.13E-11
 2.79E-11 3.45E-11 3.89E-11 3.83E-11 3.38E-11 3.05E-11
 1.00E-74 5.85E-43 7.31E-30 4.18E-20 2.70E-15 1.62E-12 1.11E-11 1.95E-11
 2.54E-11 3.12E-11 3.53E-11 3.52E-11 3.15E-11 2.86E-11
 1.00E-74 8.95E-43 1.03E-29 5.38E-20 3.19E-15 1.62E-12 1.03E-11 1.77E-11
 2.28E-11 2.78E-11 3.12E-11 3.10E-11 2.78E-11 2.54E-11
 1.00E-74 4.05E-42 4.20E-29 1.81E-19 8.12E-15 2.96E-12 1.63E-11 2.62E-11
 3.21E-11 3.73E-11 3.95E-11 3.70E-11 3.19E-11 2.85E-11
  228.817    7  14 /pl=01:ss= 5:pb= 1:sz= 5/type=excit/ispb = t/isel =   11
 1.00E+10 1.00E+11 1.00E+12 1.00E+13 1.00E+14 1.00E+15 1.00E+16
 6.20E-01 9.31E-01 1.55E+00 3.10E+00 6.20E+00 1.55E+01 3.10E+01 4.65E+01
 6.20E+01 9.31E+01 1.55E+02 3.10E+02 6.20E+02 9.31E+02
 1.00E-74 1.00E-74 9.36E-33 1.73E-21 6.28E-16 1.06E-12 1.06E-11 2.09E-11
 2.83E-11 3.66E-11 4.14E-11 4.00E-11 3.37E-11 2.96E-11
 1.00E-74 1.00E-74 9.36E-33 1.73E-21 6.28E-16 1.06E-12 1.05E-11 2.09E-11
 2.83E-11 3.66E-11 4.14E-11 4.00E-11 3.37E-11 2.96E-11
 1.00E-74 4.97E-48 9.36E-33 1.73E-21 6.28E-16 1.06E-12 1.05E-11 2.09E-11
 2.83E-11 3.65E-11 4.14E-11 3.99E-11 3.37E-11 2.95E-11
 1.00E-74 7.46E-48 9.37E-33 1.73E-21 6.28E-16 1.06E-12 1.04E-11 2.06E-11
 2.79E-11 3.59E-11 4.07E-11 3.94E-11 3.34E-11 2.93E-11
 1.00E-74 7.51E-48 9.61E-33 1.77E-21 6.35E-16 1.03E-12 9.67E-12 1.88E-11
 2.53E-11 3.25E-11 3.71E-11 3.65E-11 3.15E-11 2.79E-11
 1.00E-74 9.73E-48 1.18E-32 2.05E-21 6.96E-16 9.80E-13 8.68E-12 1.66E-11
 2.23E-11 2.87E-11 3.31E-11 3.33E-11 2.96E-11 2.67E-11
 1.00E-74 2.68E-47 2.76E-32 3.72E-21 9.60E-16 1.02E-12 8.16E-12 1.51E-11
 1.99E-11 2.54E-11 2.94E-11 3.03E-11 2.81E-11 2.61E-11
  245.369    7  14 /pl=01:ss= 5:pb= 1:sz= 5/type=excit/ispb = t/isel =   12
 1.00E+10 1.00E+11 1.00E+12 1.00E+13 1.00E+14 1.00E+15 1.00E+16
 6.20E-01 9.31E-01 1.55E+00 3.10E+00 6.20E+00 1.55E+01 3.10E+01 4.65E+01
 6.20E+01 9.31E+01 1.55E+02 3.10E+02 6.20E+02 9.31E+02
 1.00E-74 6.60E-46 1.53E-31 8.78E-21 1.76E-15 2.10E-12 1.87E-11 3.57E-11
 4.79E-11 6.10E-11 6.85E-11 6.60E-11 5.60E-11 4.91E-11
 1.00E-74 5.94E-46 1.53E-31 8.78E-21 1.76E-15 2.10E-12 1.87E-11 3.57E-11
 4.79E-11 6.10E-11 6.84E-11 6.60E-11 5.60E-11 4.90E-11
 1.00E-74 5.68E-46 1.53E-31 8.78E-21 1.76E-15 2.10E-12 1.87E-11 3.57E-11
 4.78E-11 6.08E-11 6.83E-11 6.59E-11 5.59E-11 4.90E-11
 1.00E-74 5.70E-46 1.53E-31 8.78E-21 1.77E-15 2.10E-12 1.85E-11 3.52E-11
 4.71E-11 5.99E-11 6.73E-11 6.51E-11 5.54E-11 4.86E-11
 1.00E-74 5.80E-46 1.55E-31 8.88E-21 1.78E-15 2.03E-12 1.71E-11 3.21E-11
 4.27E-11 5.42E-11 6.11E-11 5.99E-11 5.17E-11 4.58E-11
 1.00E-74 7.28E-46 1.85E-31 1.00E-20 1.91E-15 1.91E-12 1.52E-11 2.80E-11
 3.71E-11 4.69E-11 5.32E-11 5.28E-11 4.65E-11 4.16E-11
 1.00E-74 1.99E-45 4.38E-31 1.86E-20 2.67E-15 2.01E-12 1.44E-11 2.56E-11
 3.34E-11 4.19E-11 4.77E-11 4.86E-11 4.44E-11 4.08E-11
  279.525    7  14 /pl=01:ss= 5:pb= 1:sz= 5/type=excit/ispb = t/isel =   13
 1.00E+10 1.00E+11 1.00E+12 1.00E+13 1.00E+14 1.00E+15 1.00E+16
 6.20E-01 9.31E-01 1.55E+00 3.10E+00 6.20E+00 1.55E+01 3.10E+01 4.65E+01
 6.20E+01 9.31E+01 1.55E+02 3.10E+02 6.20E+02 9.31E+02
 1.00E-74 1.22E-42 2.30E-29 1.80E-19 1.34E-14 8.78E-12 6.37E-11 1.14E-10
 1.47E-10 1.80E-10 1.95E-10 1.83E-10 1.52E-10 1.32E-10
 1.00E-74 1.22E-42 2.30E-29 1.80E-19 1.34E-14 8.78E-12 6.37E-11 1.14E-10
 1.47E-10 1.80E-10 1.95E-10 1.83E-10 1.52E-10 1.32E-10
 1.00E-74 1.22E-42 2.30E-29 1.80E-19 1.34E-14 8.78E-12 6.36E-11 1.14E-10
 1.47E-10 1.80E-10 1.95E-10 1.83E-10 1.52E-10 1.32E-10
 1.00E-74 1.22E-42 2.31E-29 1.80E-19 1.34E-14 8.74E-12 6.29E-11 1.12E-10
 1.44E-10 1.77E-10 1.92E-10 1.80E-10 1.50E-10 1.30E-10
 1.00E-74 1.23E-42 2.32E-29 1.81E-19 1.34E-14 8.44E-12 5.82E-11 1.02E-10
 1.30E-10 1.59E-10 1.74E-10 1.65E-10 1.39E-10 1.22E-10
 1.00E-74 1.45E-42 2.62E-29 1.96E-19 1.39E-14 7.71E-12 5.02E-11 8.69E-11
 1.11E-10 1.35E-10 1.48E-10 1.42E-10 1.21E-10 1.07E-10
 1.00E-74 3.96E-42 6.22E-29 3.73E-19 2.03E-14 8.52E-12 4.99E-11 8.33E-11
 1.04E-10 1.26E-10 1.38E-10 1.34E-10 1.17E-10 1.05E-10
  281.944    7  14 /pl=01:ss= 5:pb= 1:sz= 5/type=excit/ispb = t/isel =   14
 1.00E+10 1.00E+11 1.00E+12 1.00E+13 1.00E+14 1.00E+15 1.00E+16
 6.20E-01 9.31E-01 1.55E+00 3.10E+00 6.20E+00 1.55E+01 3.10E+01 4.65E+01
 6.20E+01 9.31E+01 1.55E+02 3.10E+02 6.20E+02 9.31E+02
 1.00E-74 3.25E-38 4.60E-27 9.09E-19 1.08E-14 2.38E-12 1.21E-11 1.93E-11
 2.35E-11 2.76E-11 2.91E-11 2.70E-11 2.25E-11 1.96E-11
 1.00E-74 3.25E-38 4.60E-27 9.09E-19 1.08E-14 2.38E-12 1.21E-11 1.92E-11
 2.35E-11 2.76E-11 2.91E-11 2.70E-11 2.25E-11 1.96E-11
 1.00E-74 3.25E-38 4.60E-27 9.10E-19 1.08E-14 2.38E-12 1.21E-11 1.92E-11
 2.35E-11 2.76E-11 2.90E-11 2.70E-11 2.25E-11 1.96E-11
 1.00E-74 3.25E-38 4.60E-27 9.10E-19 1.08E-14 2.37E-12 1.19E-11 1.89E-11
 2.31E-11 2.71E-11 2.86E-11 2.66E-11 2.22E-11 1.94E-11
 1.00E-74 3.29E-38 4.64E-27 9.16E-19 1.08E-14 2.28E-12 1.10E-11 1.72E-11
 2.09E-11 2.44E-11 2.58E-11 2.43E-11 2.06E-11 1.81E-11
 1.00E-74 3.73E-38 5.11E-27 9.79E-19 1.11E-14 2.06E-12 9.38E-12 1.45E-11
 1.75E-11 2.04E-11 2.16E-11 2.06E-11 1.77E-11 1.57E-11
 1.13E-51 9.23E-38 1.11E-26 1.77E-18 1.58E-14 2.25E-12 9.26E-12 1.38E-11
 1.64E-11 1.88E-11 1.99E-11 1.90E-11 1.66E-11 1.48E-11
  290.816    7  14 /pl=01:ss= 5:pb= 1:sz= 5/type=excit/ispb = t/isel =   15
 1.00E+10 1.00E+11 1.00E+12 1.00E+13 1.00E+14 1.00E+15 1.00E+16
 6.20E-01 9.31E-01 1.55E+00 3.10E+00 6.20E+00 1.55E+01 3.10E+01 4.65E+01
 6.20E+01 9.31E+01 1.55E+02 3.10E+02 6.20E+02 9.31E+02
 7.87E-39 5.71E-29 4.04E-21 2.77E-15 2.07E-12 9.51E-11 3.13E-10 4.52E-10
 5.39E-10 6.36E-10 7.19E-10 7.68E-10 7.59E-10 7.34E-10
 7.87E-39 5.71E-29 4.04E-21 2.77E-15 2.07E-12 9.51E-11 3.13E-10 4.52E-10
 5.39E-10 6.36E-10 7.19E-10 7.68E-10 7.58E-10 7.34E-10
 7.87E-39 5.71E-29 4.04E-21 2.77E-15 2.07E-12 9.50E-11 3.13E-10 4.52E-10
 5.38E-10 6.35E-10 7.18E-10 7.67E-10 7.58E-10 7.33E-10
 7.87E-39 5.71E-29 4.04E-21 2.77E-15 2.07E-12 9.46E-11 3.09E-10 4.45E-10
 5.30E-10 6.24E-10 7.06E-10 7.57E-10 7.49E-10 7.26E-10
 7.89E-39 5.73E-29 4.04E-21 2.78E-15 2.07E-12 9.09E-11 2.84E-10 4.02E-10
 4.75E-10 5.59E-10 6.35E-10 6.89E-10 6.93E-10 6.77E-10
 8.10E-39 5.85E-29 4.12E-21 2.83E-15 2.06E-12 8.01E-11 2.35E-10 3.28E-10
 3.86E-10 4.52E-10 5.15E-10 5.66E-10 5.78E-10 5.70E-10
 9.74E-39 6.89E-29 4.78E-21 3.28E-15 2.20E-12 7.17E-11 1.92E-10 2.57E-10
 2.96E-10 3.40E-10 3.82E-10 4.20E-10 4.34E-10 4.33E-10
  317.138    7  14 /pl=01:ss= 5:pb= 1:sz= 5/type=excit/ispb = t/isel =   16
 1.00E+10 1.00E+11 1.00E+12 1.00E+13 1.00E+14 1.00E+15 1.00E+16
 6.20E-01 9.31E-01 1.55E+00 3.10E+00 6.20E+00 1.55E+01 3.10E+01 4.65E+01
 6.20E+01 9.31E+01 1.55E+02 3.10E+02 6.20E+02 9.31E+02
 1.00E-74 9.84E-41 1.94E-28 2.78E-19 9.02E-15 3.67E-12 2.29E-11 3.92E-11
 4.94E-11 5.94E-11 6.39E-11 5.98E-11 5.01E-11 4.39E-11
 1.00E-74 9.84E-41 1.94E-28 2.78E-19 9.02E-15 3.67E-12 2.29E-11 3.92E-11
 4.94E-11 5.94E-11 6.39E-11 5.98E-11 5.01E-11 4.39E-11
 1.00E-74 9.84E-41 1.94E-28 2.78E-19 9.02E-15 3.66E-12 2.29E-11 3.91E-11
 4.93E-11 5.93E-11 6.38E-11 5.97E-11 5.01E-11 4.39E-11
 1.00E-74 9.81E-41 1.94E-28 2.78E-19 8.99E-15 3.64E-12 2.26E-11 3.85E-11
 4.84E-11 5.82E-11 6.27E-11 5.88E-11 4.95E-11 4.34E-11
 1.00E-74 9.57E-41 1.89E-28 2.71E-19 8.76E-15 3.42E-12 2.03E-11 3.42E-11
 4.28E-11 5.14E-11 5.57E-11 5.31E-11 4.54E-11 4.03E-11
 1.00E-74 7.98E-41 1.59E-28 2.27E-19 7.08E-15 2.46E-12 1.41E-11 2.36E-11
 2.98E-11 3.62E-11 4.01E-11 3.96E-11 3.51E-11 3.17E-11
 1.00E-74 7.30E-41 1.36E-28 1.70E-19 4.24E-15 1.15E-12 6.05E-12 9.94E-12
 1.25E-11 1.53E-11 1.75E-11 1.83E-11 1.76E-11 1.67E-11
  376.095    7  14 /pl=01:ss= 5:pb= 1:sz= 5/type=excit/ispb = t/isel =   17
 1.00E+10 1.00E+11 1.00E+12 1.00E+13 1.00E+14 1.00E+15 1.00E+16
 6.20E-01 9.31E-01 1.55E+00 3.10E+00 6.20E+00 1.55E+01 3.10E+01 4.65E+01
 6.20E+01 9.31E+01 1.55E+02 3.10E+02 6.20E+02 9.31E+02
 1.00E-74 8.81E-37 1.25E-25 2.47E-17 2.93E-13 6.46E-11 3.28E-10 5.23E-10
 6.39E-10 7.50E-10 7.89E-10 7.33E-10 6.11E-10 5.32E-10
 1.00E-74 8.81E-37 1.25E-25 2.47E-17 2.93E-13 6.46E-11 3.28E-10 5.23E-10
 6.39E-10 7.50E-10 7.89E-10 7.33E-10 6.11E-10 5.32E-10
 1.00E-74 8.81E-37 1.25E-25 2.47E-17 2.93E-13 6.45E-11 3.27E-10 5.22E-10
 6.38E-10 7.49E-10 7.88E-10 7.32E-10 6.10E-10 5.31E-10
 1.00E-74 8.82E-37 1.25E-25 2.47E-17 2.93E-13 6.42E-11 3.24E-10 5.14E-10
 6.28E-10 7.36E-10 7.75E-10 7.22E-10 6.03E-10 5.26E-10
 1.00E-74 8.93E-37 1.26E-25 2.49E-17 2.94E-13 6.20E-11 2.99E-10 4.67E-10
 5.66E-10 6.62E-10 7.00E-10 6.61E-10 5.60E-10 4.92E-10
 1.00E-74 1.01E-36 1.39E-25 2.66E-17 3.02E-13 5.58E-11 2.55E-10 3.93E-10
 4.74E-10 5.54E-10 5.88E-10 5.60E-10 4.81E-10 4.26E-10
 3.06E-50 2.50E-36 3.02E-25 4.79E-17 4.29E-13 6.12E-11 2.52E-10 3.74E-10
 4.45E-10 5.11E-10 5.40E-10 5.17E-10 4.50E-10 4.02E-10
  378.974    7  14 /pl=01:ss= 5:pb= 1:sz= 5/type=excit/ispb = t/isel =   18
 1.00E+10 1.00E+11 1.00E+12 1.00E+13 1.00E+14 1.00E+15 1.00E+16
 6.20E-01 9.31E-01 1.55E+00 3.10E+00 6.20E+00 1.55E+01 3.10E+01 4.65E+01
 6.20E+01 9.31E+01 1.55E+02 3.10E+02 6.20E+02 9.31E+02
 1.66E-43 3.81E-32 4.28E-23 2.26E-16 4.46E-13 3.46E-11 1.28E-10 1.84E-10
 2.16E-10 2.39E-10 2.42E-10 2.19E-10 1.81E-10 1.58E-10
 1.66E-43 3.81E-32 4.28E-23 2.26E-16 4.46E-13 3.46E-11 1.28E-10 1.84E-10
 2.16E-10 2.39E-10 2.42E-10 2.19E-10 1.81E-10 1.58E-10
 1.66E-43 3.81E-32 4.28E-23 2.26E-16 4.46E-13 3.46E-11 1.28E-10 1.84E-10
 2.15E-10 2.39E-10 2.42E-10 2.18E-10 1.81E-10 1.58E-10
 1.66E-43 3.81E-32 4.28E-23 2.26E-16 4.46E-13 3.44E-11 1.26E-10 1.81E-10
 2.12E-10 2.34E-10 2.38E-10 2.15E-10 1.79E-10 1.56E-10
 1.65E-43 3.80E-32 4.27E-23 2.25E-16 4.44E-13 3.30E-11 1.16E-10 1.63E-10
 1.90E-10 2.10E-10 2.14E-10 1.96E-10 1.65E-10 1.46E-10
 1.60E-43 3.71E-32 4.18E-23 2.21E-16 4.24E-13 2.79E-11 9.32E-11 1.30E-10
 1.51E-10 1.68E-10 1.72E-10 1.61E-10 1.38E-10 1.22E-10
 1.36E-43 3.20E-32 3.68E-23 1.95E-16 3.36E-13 1.86E-11 5.83E-11 8.05E-11
 9.35E-11 1.05E-10 1.11E-10 1.08E-10 9.76E-11 8.93E-11
  412.763    7  14 /pl=01:ss= 5:pb= 1:sz= 5/type=excit/ispb = t/isel =   19
 1.00E+10 1.00E+11 1.00E+12 1.00E+13 1.00E+14 1.00E+15 1.00E+16
 6.20E-01 9.31E-01 1.55E+00 3.10E+00 6.20E+00 1.55E+01 3.10E+01 4.65E+01
 6.20E+01 9.31E+01 1.55E+02 3.10E+02 6.20E+02 9.31E+02
 1.92E-42 1.05E-31 3.72E-23 8.23E-17 1.04E-13 5.92E-12 1.90E-11 2.58E-11
 2.90E-11 3.10E-11 3.02E-11 2.55E-11 2.02E-11 1.72E-11
 1.92E-42 1.05E-31 3.72E-23 8.23E-17 1.04E-13 5.92E-12 1.90E-11 2.58E-11
 2.90E-11 3.10E-11 3.02E-11 2.55E-11 2.02E-11 1.72E-11
 1.92E-42 1.05E-31 3.72E-23 8.23E-17 1.04E-13 5.92E-12 1.90E-11 2.58E-11
 2.90E-11 3.10E-11 3.01E-11 2.55E-11 2.02E-11 1.71E-11
 1.93E-42 1.05E-31 3.73E-23 8.24E-17 1.04E-13 5.89E-12 1.87E-11 2.54E-11
 2.85E-11 3.05E-11 2.97E-11 2.52E-11 2.00E-11 1.70E-11
 2.00E-42 1.08E-31 3.81E-23 8.37E-17 1.05E-13 5.70E-12 1.74E-11 2.32E-11
 2.58E-11 2.75E-11 2.69E-11 2.31E-11 1.86E-11 1.59E-11
 2.65E-42 1.38E-31 4.63E-23 9.66E-17 1.14E-13 5.34E-12 1.52E-11 2.00E-11
 2.22E-11 2.36E-11 2.31E-11 2.01E-11 1.64E-11 1.41E-11
 7.23E-42 3.58E-31 1.11E-22 2.04E-16 1.94E-13 6.96E-12 1.77E-11 2.24E-11
 2.44E-11 2.55E-11 2.49E-11 2.18E-11 1.79E-11 1.55E-11
  420.009    7  14 /pl=01:ss= 5:pb= 1:sz= 5/type=excit/ispb = t/isel =   20
 1.00E+10 1.00E+11 1.00E+12 1.00E+13 1.00E+14 1.00E+15 1.00E+16
 6.20E-01 9.31E-01 1.55E+00 3.10E+00 6.20E+00 1.55E+01 3.10E+01 4.65E+01
 6.20E+01 9.31E+01 1.55E+02 3.10E+02 6.20E+02 9.31E+02
 2.90E-42 1.20E-31 3.40E-23 6.42E-17 8.22E-14 7.05E-12 3.27E-11 5.25E-11
 6.50E-11 7.76E-11 8.53E-11 8.56E-11 8.01E-11 7.58E-11
 2.92E-42 1.21E-31 3.41E-23 6.45E-17 8.24E-14 7.06E-12 3.27E-11 5.25E-11
 6.50E-11 7.76E-11 8.53E-11 8.56E-11 8.01E-11 7.58E-11
 3.13E-42 1.28E-31 3.57E-23 6.66E-17 8.42E-14 7.13E-12 3.29E-11 5.28E-11
 6.53E-11 7.78E-11 8.55E-11 8.58E-11 8.02E-11 7.58E-11
 5.24E-42 1.99E-31 5.14E-23 8.76E-17 1.02E-13 7.88E-12 3.48E-11 5.51E-11
 6.77E-11 8.02E-11 8.75E-11 8.73E-11 8.13E-11 7.67E-11
 2.61E-41 9.04E-31 2.08E-22 2.97E-16 2.80E-13 1.50E-11 5.33E-11 7.78E-11
 9.16E-11 1.04E-10 1.09E-10 1.04E-10 9.29E-11 8.58E-11
 2.21E-40 7.57E-30 1.70E-21 2.32E-15 1.97E-12 7.63E-11 2.16E-10 2.86E-10
 3.18E-10 3.37E-10 3.27E-10 2.81E-10 2.24E-10 1.92E-10
 1.33E-39 4.91E-29 1.19E-20 1.72E-14 1.38E-11 4.66E-10 1.22E-09 1.56E-09
 1.71E-09 1.79E-09 1.73E-09 1.49E-09 1.18E-09 9.96E-10
  427.551    7  14 /pl=01:ss= 5:pb= 1:sz= 5/type=excit/ispb = t/isel =   21
 1.00E+10 1.00E+11 1.00E+12 1.00E+13 1.00E+14 1.00E+15 1.00E+16
 6.20E-01 9.31E-01 1.55E+00 3.10E+00 6.20E+00 1.55E+01 3.10E+01 4.65E+01
 6.20E+01 9.31E+01 1.55E+02 3.10E+02 6.20E+02 9.31E+02
 1.20E-43 2.76E-32 3.09E-23 1.63E-16 3.22E-13 2.50E-11 9.24E-11 1.33E-10
 1.56E-10 1.73E-10 1.75E-10 1.58E-10 1.31E-10 1.14E-10
 1.20E-43 2.76E-32 3.09E-23 1.63E-16 3.22E-13 2.50E-11 9.24E-11 1.33E-10
 1.56E-10 1.73E-10 1.75E-10 1.58E-10 1.31E-10 1.14E-10
 1.20E-43 2.76E-32 3.09E-23 1.63E-16 3.22E-13 2.50E-11 9.23E-11 1.33E-10
 1.56E-10 1.72E-10 1.75E-10 1.58E-10 1.31E-10 1.14E-10
 1.20E-43 2.76E-32 3.09E-23 1.63E-16 3.22E-13 2.49E-11 9.12E-11 1.31E-10
 1.53E-10 1.70E-10 1.72E-10 1.56E-10 1.29E-10 1.13E-10
 1.19E-43 2.75E-32 3.09E-23 1.63E-16 3.21E-13 2.38E-11 8.37E-11 1.18E-10
 1.37E-10 1.52E-10 1.55E-10 1.42E-10 1.20E-10 1.05E-10
 1.16E-43 2.68E-32 3.02E-23 1.60E-16 3.07E-13 2.02E-11 6.74E-11 9.42E-11
 1.09E-10 1.21E-10 1.25E-10 1.16E-10 9.95E-11 8.85E-11
 9.83E-44 2.32E-32 2.66E-23 1.41E-16 2.43E-13 1.34E-11 4.22E-11 5.82E-11
 6.76E-11 7.57E-11 8.00E-11 7.82E-11 7.05E-11 6.46E-11
  453.063    7  14 /pl=01:ss= 5:pb= 1:sz= 5/type=excit/ispb = t/isel =   22
 1.00E+10 1.00E+11 1.00E+12 1.00E+13 1.00E+14 1.00E+15 1.00E+16
 6.20E-01 9.31E-01 1.55E+00 3.10E+00 6.20E+00 1.55E+01 3.10E+01 4.65E+01
 6.20E+01 9.31E+01 1.55E+02 3.10E+02 6.20E+02 9.31E+02
 2.48E-26 4.93E-20 4.90E-15 2.36E-11 1.40E-09 1.32E-08 2.46E-08 2.89E-08
 3.08E-08 3.19E-08 3.16E-08 2.89E-08 2.53E-08 2.30E-08
 2.48E-26 4.93E-20 4.90E-15 2.36E-11 1.40E-09 1.32E-08 2.46E-08 2.89E-08
 3.08E-08 3.19E-08 3.15E-08 2.89E-08 2.53E-08 2.30E-08
 2.48E-26 4.93E-20 4.90E-15 2.36E-11 1.40E-09 1.32E-08 2.46E-08 2.89E-08
 3.08E-08 3.19E-08 3.15E-08 2.89E-08 2.53E-08 2.30E-08
 2.48E-26 4.93E-20 4.90E-15 2.36E-11 1.39E-09 1.31E-08 2.43E-08 2.85E-08
 3.03E-08 3.13E-08 3.10E-08 2.85E-08 2.50E-08 2.28E-08
 2.47E-26 4.93E-20 4.90E-15 2.36E-11 1.39E-09 1.26E-08 2.23E-08 2.57E-08
 2.72E-08 2.81E-08 2.79E-08 2.60E-08 2.32E-08 2.12E-08
 2.46E-26 4.90E-20 4.88E-15 2.35E-11 1.35E-09 1.09E-08 1.83E-08 2.09E-08
 2.20E-08 2.28E-08 2.27E-08 2.15E-08 1.94E-08 1.79E-08
 2.29E-26 4.64E-20 4.67E-15 2.25E-11 1.18E-09 8.27E-09 1.32E-08 1.48E-08
 1.56E-08 1.61E-08 1.62E-08 1.57E-08 1.46E-08 1.37E-08
  454.442    7  14 /pl=01:ss= 5:pb= 1:sz= 5/type=excit/ispb = t/isel =   23
 1.00E+10 1.00E+11 1.00E+12 1.00E+13 1.00E+14 1.00E+15 1.00E+16
 6.20E-01 9.31E-01 1.55E+00 3.10E+00 6.20E+00 1.55E+01 3.10E+01 4.65E+01
 6.20E+01 9.31E+01 1.55E+02 3.10E+02 6.20E+02 9.31E+02
 8.13E-43 7.44E-32 3.98E-23 1.20E-16 1.80E-13 1.19E-11 4.20E-11 5.94E-11
 6.85E-11 7.49E-11 7.48E-11 6.54E-11 5.34E-11 4.64E-11
 8.12E-43 7.44E-32 3.98E-23 1.21E-16 1.80E-13 1.19E-11 4.20E-11 5.93E-11
 6.85E-11 7.49E-11 7.48E-11 6.54E-11 5.34E-11 4.64E-11
 8.14E-43 7.45E-32 3.99E-23 1.21E-16 1.80E-13 1.19E-11 4.19E-11 5.93E-11
 6.84E-11 7.48E-11 7.46E-11 6.53E-11 5.33E-11 4.63E-11
 8.27E-43 7.55E-32 4.03E-23 1.22E-16 1.81E-13 1.19E-11 4.16E-11 5.86E-11
 6.75E-11 7.37E-11 7.36E-11 6.46E-11 5.28E-11 4.60E-11
 9.63E-43 8.57E-32 4.46E-23 1.31E-16 1.91E-13 1.19E-11 3.94E-11 5.45E-11
 6.23E-11 6.78E-11 6.79E-11 6.02E-11 4.99E-11 4.38E-11
 2.28E-42 1.85E-31 8.64E-23 2.22E-16 2.82E-13 1.41E-11 4.26E-11 5.71E-11
 6.44E-11 6.92E-11 6.88E-11 6.08E-11 5.02E-11 4.39E-11
 1.17E-41 9.43E-31 4.24E-22 9.91E-16 1.02E-12 3.81E-11 9.94E-11 1.26E-10
 1.38E-10 1.44E-10 1.40E-10 1.22E-10 9.87E-11 8.49E-11
  456.892    7  14 /pl=01:ss= 5:pb= 1:sz= 5/type=excit/ispb = t/isel =   24
 1.00E+10 1.00E+11 1.00E+12 1.00E+13 1.00E+14 1.00E+15 1.00E+16
 6.20E-01 9.31E-01 1.55E+00 3.10E+00 6.20E+00 1.55E+01 3.10E+01 4.65E+01
 6.20E+01 9.31E+01 1.55E+02 3.10E+02 6.20E+02 9.31E+02
 4.60E-40 5.29E-30 5.38E-22 4.67E-16 3.66E-13 1.58E-11 4.61E-11 6.11E-11
 6.75E-11 7.08E-11 6.77E-11 5.72E-11 4.46E-11 3.79E-11
 4.60E-40 5.29E-30 5.38E-22 4.67E-16 3.66E-13 1.58E-11 4.61E-11 6.11E-11
 6.75E-11 7.07E-11 6.77E-11 5.72E-11 4.46E-11 3.79E-11
 4.60E-40 5.29E-30 5.38E-22 4.67E-16 3.66E-13 1.58E-11 4.60E-11 6.10E-11
 6.73E-11 7.06E-11 6.75E-11 5.71E-11 4.45E-11 3.79E-11
 4.61E-40 5.29E-30 5.39E-22 4.67E-16 3.66E-13 1.58E-11 4.55E-11 6.01E-11
 6.63E-11 6.95E-11 6.65E-11 5.64E-11 4.40E-11 3.75E-11
 4.68E-40 5.36E-30 5.44E-22 4.70E-16 3.67E-13 1.52E-11 4.20E-11 5.46E-11
 5.98E-11 6.25E-11 6.01E-11 5.16E-11 4.09E-11 3.52E-11
 5.36E-40 6.00E-30 5.95E-22 5.01E-16 3.76E-13 1.37E-11 3.58E-11 4.59E-11
 5.02E-11 5.24E-11 5.06E-11 4.39E-11 3.53E-11 3.05E-11
 9.83E-40 1.06E-29 9.92E-22 7.59E-16 4.80E-13 1.42E-11 3.44E-11 4.30E-11
 4.65E-11 4.83E-11 4.68E-11 4.10E-11 3.35E-11 2.92E-11
  462.492    7  14 /pl=01:ss= 5:pb= 1:sz= 5/type=excit/ispb = t/isel =   25
 1.00E+10 1.00E+11 1.00E+12 1.00E+13 1.00E+14 1.00E+15 1.00E+16
 6.20E-01 9.31E-01 1.55E+00 3.10E+00 6.20E+00 1.55E+01 3.10E+01 4.65E+01
 6.20E+01 9.31E+01 1.55E+02 3.10E+02 6.20E+02 9.31E+02
 8.01E-44 1.84E-32 2.07E-23 1.09E-16 2.16E-13 1.67E-11 6.18E-11 8.89E-11
 1.04E-10 1.16E-10 1.17E-10 1.06E-10 8.75E-11 7.62E-11
 8.01E-44 1.84E-32 2.07E-23 1.09E-16 2.16E-13 1.67E-11 6.18E-11 8.89E-11
 1.04E-10 1.15E-10 1.17E-10 1.06E-10 8.75E-11 7.62E-11
 8.01E-44 1.84E-32 2.07E-23 1.09E-16 2.16E-13 1.67E-11 6.17E-11 8.88E-11
 1.04E-10 1.15E-10 1.17E-10 1.06E-10 8.74E-11 7.62E-11
 8.01E-44 1.84E-32 2.07E-23 1.09E-16 2.15E-13 1.66E-11 6.09E-11 8.74E-11
 1.02E-10 1.13E-10 1.15E-10 1.04E-10 8.64E-11 7.54E-11
 7.98E-44 1.84E-32 2.06E-23 1.09E-16 2.14E-13 1.59E-11 5.59E-11 7.90E-11
 9.18E-11 1.01E-10 1.04E-10 9.49E-11 7.99E-11 7.04E-11
 7.75E-44 1.79E-32 2.02E-23 1.07E-16 2.05E-13 1.35E-11 4.51E-11 6.30E-11
 7.32E-11 8.10E-11 8.33E-11 7.76E-11 6.65E-11 5.92E-11
 6.57E-44 1.55E-32 1.78E-23 9.45E-17 1.62E-13 8.98E-12 2.82E-11 3.89E-11
 4.52E-11 5.06E-11 5.35E-11 5.22E-11 4.72E-11 4.32E-11
  472.891    7  14 /pl=01:ss= 5:pb= 1:sz= 5/type=excit/ispb = t/isel =   26
 1.00E+10 1.00E+11 1.00E+12 1.00E+13 1.00E+14 1.00E+15 1.00E+16
 6.20E-01 9.31E-01 1.55E+00 3.10E+00 6.20E+00 1.55E+01 3.10E+01 4.65E+01
 6.20E+01 9.31E+01 1.55E+02 3.10E+02 6.20E+02 9.31E+02
 2.75E-36 2.34E-27 2.98E-20 5.43E-15 1.95E-12 5.31E-11 1.35E-10 1.70E-10
 1.84E-10 1.90E-10 1.78E-10 1.49E-10 1.16E-10 9.93E-11
 2.76E-36 2.34E-27 2.99E-20 5.44E-15 1.95E-12 5.33E-11 1.36E-10 1.72E-10
 1.86E-10 1.91E-10 1.80E-10 1.50E-10 1.17E-10 1.00E-10
 2.78E-36 2.36E-27 3.01E-20 5.46E-15 1.97E-12 5.53E-11 1.44E-10 1.85E-10
 2.01E-10 2.08E-10 1.95E-10 1.62E-10 1.25E-10 1.06E-10
 3.06E-36 2.55E-27 3.19E-20 5.71E-15 2.11E-12 7.48E-11 2.29E-10 3.09E-10
 3.44E-10 3.60E-10 3.37E-10 2.72E-10 2.03E-10 1.67E-10
 5.74E-36 4.43E-27 5.05E-20 8.19E-15 3.54E-12 2.31E-10 7.99E-10 1.09E-09
 1.21E-09 1.27E-09 1.20E-09 9.70E-10 7.18E-10 5.88E-10
 2.86E-35 2.09E-26 2.17E-19 3.10E-14 1.49E-11 7.15E-10 1.83E-09 2.29E-09
 2.47E-09 2.53E-09 2.41E-09 2.04E-09 1.62E-09 1.39E-09
 1.08E-34 8.64E-26 9.88E-19 1.51E-13 5.53E-11 1.19E-09 2.46E-09 2.91E-09
 3.07E-09 3.11E-09 2.96E-09 2.57E-09 2.10E-09 1.84E-09
  476.270    7  14 /pl=01:ss= 5:pb= 1:sz= 5/type=excit/ispb = t/isel =   27
 1.00E+10 1.00E+11 1.00E+12 1.00E+13 1.00E+14 1.00E+15 1.00E+16
 6.20E-01 9.31E-01 1.55E+00 3.10E+00 6.20E+00 1.55E+01 3.10E+01 4.65E+01
 6.20E+01 9.31E+01 1.55E+02 3.10E+02 6.20E+02 9.31E+02
 7.91E-36 6.09E-27 7.13E-20 1.22E-14 4.26E-12 1.14E-10 2.85E-10 3.58E-10
 3.87E-10 3.99E-10 3.74E-10 3.09E-10 2.40E-10 2.06E-10
 7.91E-36 6.09E-27 7.13E-20 1.22E-14 4.26E-12 1.14E-10 2.85E-10 3.58E-10
 3.87E-10 3.99E-10 3.74E-10 3.09E-10 2.41E-10 2.06E-10
 7.92E-36 6.09E-27 7.13E-20 1.22E-14 4.26E-12 1.14E-10 2.85E-10 3.59E-10
 3.88E-10 3.99E-10 3.74E-10 3.09E-10 2.41E-10 2.06E-10
 7.96E-36 6.12E-27 7.16E-20 1.23E-14 4.27E-12 1.14E-10 2.87E-10 3.60E-10
 3.89E-10 4.01E-10 3.76E-10 3.11E-10 2.42E-10 2.08E-10
 8.38E-36 6.38E-27 7.40E-20 1.26E-14 4.38E-12 1.19E-10 2.97E-10 3.71E-10
 4.00E-10 4.12E-10 3.88E-10 3.24E-10 2.54E-10 2.18E-10
 1.21E-35 8.79E-27 9.65E-20 1.54E-14 5.29E-12 1.38E-10 3.22E-10 3.95E-10
 4.23E-10 4.33E-10 4.10E-10 3.47E-10 2.77E-10 2.40E-10
 2.73E-35 1.99E-26 2.16E-19 3.22E-14 9.60E-12 1.84E-10 3.87E-10 4.60E-10
 4.87E-10 4.95E-10 4.70E-10 4.03E-10 3.25E-10 2.83E-10
  480.584    7  14 /pl=01:ss= 5:pb= 1:sz= 5/type=excit/ispb = t/isel =   28
 1.00E+10 1.00E+11 1.00E+12 1.00E+13 1.00E+14 1.00E+15 1.00E+16
 6.20E-01 9.31E-01 1.55E+00 3.10E+00 6.20E+00 1.55E+01 3.10E+01 4.65E+01
 6.20E+01 9.31E+01 1.55E+02 3.10E+02 6.20E+02 9.31E+02
 1.83E-37 1.02E-27 5.87E-20 3.32E-14 2.10E-11 7.92E-10 2.22E-09 2.89E-09
 3.18E-09 3.31E-09 3.15E-09 2.62E-09 2.05E-09 1.73E-09
 1.83E-37 1.02E-27 5.87E-20 3.32E-14 2.10E-11 7.92E-10 2.22E-09 2.89E-09
 3.17E-09 3.31E-09 3.15E-09 2.62E-09 2.05E-09 1.73E-09
 1.83E-37 1.02E-27 5.87E-20 3.32E-14 2.10E-11 7.92E-10 2.22E-09 2.89E-09
 3.17E-09 3.30E-09 3.14E-09 2.62E-09 2.04E-09 1.73E-09
 1.83E-37 1.03E-27 5.87E-20 3.32E-14 2.10E-11 7.88E-10 2.19E-09 2.85E-09
 3.12E-09 3.25E-09 3.09E-09 2.58E-09 2.02E-09 1.72E-09
 1.85E-37 1.03E-27 5.91E-20 3.33E-14 2.10E-11 7.59E-10 2.02E-09 2.58E-09
 2.81E-09 2.92E-09 2.79E-09 2.36E-09 1.88E-09 1.61E-09
 2.03E-37 1.12E-27 6.30E-20 3.48E-14 2.12E-11 6.76E-10 1.71E-09 2.16E-09
 2.35E-09 2.43E-09 2.34E-09 2.00E-09 1.61E-09 1.39E-09
 2.88E-37 1.57E-27 8.60E-20 4.49E-14 2.38E-11 6.41E-10 1.53E-09 1.90E-09
 2.06E-09 2.14E-09 2.07E-09 1.80E-09 1.47E-09 1.28E-09
  494.120    7  14 /pl=01:ss= 5:pb= 1:sz= 5/type=excit/ispb = t/isel =   29
 1.00E+10 1.00E+11 1.00E+12 1.00E+13 1.00E+14 1.00E+15 1.00E+16
 6.20E-01 9.31E-01 1.55E+00 3.10E+00 6.20E+00 1.55E+01 3.10E+01 4.65E+01
 6.20E+01 9.31E+01 1.55E+02 3.10E+02 6.20E+02 9.31E+02
 8.67E-43 7.93E-32 4.25E-23 1.28E-16 1.92E-13 1.27E-11 4.47E-11 6.33E-11
 7.30E-11 7.98E-11 7.97E-11 6.97E-11 5.69E-11 4.95E-11
 8.66E-43 7.93E-32 4.25E-23 1.28E-16 1.92E-13 1.27E-11 4.47E-11 6.33E-11
 7.30E-11 7.98E-11 7.97E-11 6.97E-11 5.69E-11 4.95E-11
 8.68E-43 7.94E-32 4.25E-23 1.29E-16 1.92E-13 1.27E-11 4.47E-11 6.32E-11
 7.29E-11 7.97E-11 7.96E-11 6.96E-11 5.68E-11 4.94E-11
 8.82E-43 8.05E-32 4.30E-23 1.30E-16 1.93E-13 1.27E-11 4.43E-11 6.24E-11
 7.19E-11 7.86E-11 7.85E-11 6.88E-11 5.63E-11 4.90E-11
 1.03E-42 9.14E-32 4.75E-23 1.39E-16 2.03E-13 1.27E-11 4.21E-11 5.81E-11
 6.65E-11 7.23E-11 7.24E-11 6.42E-11 5.32E-11 4.66E-11
 2.43E-42 1.98E-31 9.21E-23 2.36E-16 3.01E-13 1.51E-11 4.54E-11 6.09E-11
 6.87E-11 7.38E-11 7.34E-11 6.49E-11 5.35E-11 4.68E-11
 1.25E-41 1.01E-30 4.52E-22 1.06E-15 1.09E-12 4.07E-11 1.06E-10 1.34E-10
 1.47E-10 1.54E-10 1.50E-10 1.30E-10 1.05E-10 9.05E-11
  513.822    7  14 /pl=01:ss= 5:pb= 1:sz= 5/type=excit/ispb = t/isel =   30
 1.00E+10 1.00E+11 1.00E+12 1.00E+13 1.00E+14 1.00E+15 1.00E+16
 6.20E-01 9.31E-01 1.55E+00 3.10E+00 6.20E+00 1.55E+01 3.10E+01 4.65E+01
 6.20E+01 9.31E+01 1.55E+02 3.10E+02 6.20E+02 9.31E+02
 6.49E-41 3.54E-30 1.25E-21 2.77E-15 3.50E-12 2.00E-10 6.40E-10 8.72E-10
 9.79E-10 1.05E-09 1.02E-09 8.61E-10 6.82E-10 5.79E-10
 6.49E-41 3.54E-30 1.25E-21 2.77E-15 3.50E-12 2.00E-10 6.40E-10 8.71E-10
 9.79E-10 1.05E-09 1.02E-09 8.61E-10 6.82E-10 5.79E-10
 6.49E-41 3.54E-30 1.25E-21 2.77E-15 3.50E-12 1.99E-10 6.39E-10 8.70E-10
 9.78E-10 1.04E-09 1.02E-09 8.60E-10 6.81E-10 5.78E-10
 6.51E-41 3.55E-30 1.26E-21 2.78E-15 3.50E-12 1.99E-10 6.32E-10 8.58E-10
 9.62E-10 1.03E-09 1.00E-09 8.49E-10 6.74E-10 5.73E-10
 6.74E-41 3.66E-30 1.29E-21 2.82E-15 3.53E-12 1.92E-10 5.85E-10 7.81E-10
 8.71E-10 9.27E-10 9.06E-10 7.78E-10 6.27E-10 5.37E-10
 8.95E-41 4.66E-30 1.56E-21 3.26E-15 3.84E-12 1.80E-10 5.14E-10 6.75E-10
 7.49E-10 7.95E-10 7.79E-10 6.77E-10 5.51E-10 4.75E-10
 2.44E-40 1.21E-29 3.75E-21 6.89E-15 6.55E-12 2.35E-10 5.97E-10 7.54E-10
 8.21E-10 8.60E-10 8.40E-10 7.35E-10 6.05E-10 5.24E-10
  528.681    7  14 /pl=01:ss= 5:pb= 1:sz= 5/type=excit/ispb = t/isel =   31
 1.00E+10 1.00E+11 1.00E+12 1.00E+13 1.00E+14 1.00E+15 1.00E+16
 6.20E-01 9.31E-01 1.55E+00 3.10E+00 6.20E+00 1.55E+01 3.10E+01 4.65E+01
 6.20E+01 9.31E+01 1.55E+02 3.10E+02 6.20E+02 9.31E+02
 1.00E-74 8.63E-39 2.41E-27 8.00E-19 1.25E-14 3.33E-12 1.80E-11 2.93E-11
 3.61E-11 4.28E-11 4.61E-11 4.55E-11 4.23E-11 4.01E-11
 1.00E-74 8.63E-39 2.41E-27 8.00E-19 1.25E-14 3.33E-12 1.80E-11 2.93E-11
 3.61E-11 4.28E-11 4.61E-11 4.55E-11 4.23E-11 4.01E-11
 1.00E-74 8.63E-39 2.41E-27 8.00E-19 1.25E-14 3.33E-12 1.80E-11 2.93E-11
 3.61E-11 4.27E-11 4.60E-11 4.55E-11 4.23E-11 4.01E-11
 1.00E-74 8.65E-39 2.42E-27 8.01E-19 1.25E-14 3.32E-12 1.78E-11 2.89E-11
 3.56E-11 4.22E-11 4.54E-11 4.50E-11 4.19E-11 3.98E-11
 1.00E-74 8.78E-39 2.44E-27 8.07E-19 1.26E-14 3.23E-12 1.67E-11 2.68E-11
 3.28E-11 3.87E-11 4.18E-11 4.18E-11 3.93E-11 3.76E-11
 1.00E-74 1.01E-38 2.73E-27 8.72E-19 1.31E-14 3.03E-12 1.50E-11 2.38E-11
 2.90E-11 3.41E-11 3.68E-11 3.67E-11 3.46E-11 3.31E-11
 1.00E-74 2.29E-38 5.60E-27 1.56E-18 1.96E-14 3.68E-12 1.65E-11 2.49E-11
 2.96E-11 3.39E-11 3.55E-11 3.43E-11 3.13E-11 2.95E-11
  529.409    7  14 /pl=01:ss= 5:pb= 1:sz= 5/type=excit/ispb = t/isel =   32
 1.00E+10 1.00E+11 1.00E+12 1.00E+13 1.00E+14 1.00E+15 1.00E+16
 6.20E-01 9.31E-01 1.55E+00 3.10E+00 6.20E+00 1.55E+01 3.10E+01 4.65E+01
 6.20E+01 9.31E+01 1.55E+02 3.10E+02 6.20E+02 9.31E+02
 6.02E-39 6.91E-29 7.03E-21 6.11E-15 4.79E-12 2.07E-10 6.03E-10 7.99E-10
 8.82E-10 9.25E-10 8.85E-10 7.48E-10 5.83E-10 4.96E-10
 6.02E-39 6.91E-29 7.03E-21 6.11E-15 4.79E-12 2.07E-10 6.03E-10 7.99E-10
 8.82E-10 9.25E-10 8.84E-10 7.48E-10 5.83E-10 4.96E-10
 6.02E-39 6.91E-29 7.04E-21 6.11E-15 4.79E-12 2.07E-10 6.02E-10 7.98E-10
 8.80E-10 9.23E-10 8.83E-10 7.47E-10 5.82E-10 4.95E-10
 6.03E-39 6.92E-29 7.04E-21 6.11E-15 4.79E-12 2.06E-10 5.95E-10 7.86E-10
 8.67E-10 9.08E-10 8.69E-10 7.37E-10 5.76E-10 4.91E-10
 6.12E-39 7.01E-29 7.11E-21 6.15E-15 4.80E-12 1.99E-10 5.49E-10 7.14E-10
 7.82E-10 8.17E-10 7.86E-10 6.74E-10 5.35E-10 4.60E-10
 7.00E-39 7.85E-29 7.78E-21 6.55E-15 4.91E-12 1.79E-10 4.68E-10 6.01E-10
 6.56E-10 6.85E-10 6.62E-10 5.74E-10 4.61E-10 3.99E-10
 1.29E-38 1.39E-28 1.30E-20 9.93E-15 6.27E-12 1.85E-10 4.49E-10 5.62E-10
 6.08E-10 6.32E-10 6.12E-10 5.36E-10 4.38E-10 3.81E-10
  542.123    7  14 /pl=01:ss= 5:pb= 1:sz= 5/type=excit/ispb = t/isel =   33
 1.00E+10 1.00E+11 1.00E+12 1.00E+13 1.00E+14 1.00E+15 1.00E+16
 6.20E-01 9.31E-01 1.55E+00 3.10E+00 6.20E+00 1.55E+01 3.10E+01 4.65E+01
 6.20E+01 9.31E+01 1.55E+02 3.10E+02 6.20E+02 9.31E+02
 1.00E-74 2.50E-42 1.33E-29 4.06E-20 1.99E-15 1.09E-12 7.59E-12 1.36E-11
 1.77E-11 2.24E-11 2.62E-11 2.86E-11 2.90E-11 2.86E-11
 1.00E-74 2.51E-42 1.33E-29 4.06E-20 1.99E-15 1.09E-12 7.59E-12 1.36E-11
 1.77E-11 2.24E-11 2.62E-11 2.86E-11 2.90E-11 2.86E-11
 1.00E-74 2.51E-42 1.33E-29 4.06E-20 1.99E-15 1.08E-12 7.58E-12 1.36E-11
 1.77E-11 2.24E-11 2.61E-11 2.86E-11 2.90E-11 2.86E-11
 1.00E-74 2.53E-42 1.34E-29 4.09E-20 2.00E-15 1.08E-12 7.51E-12 1.34E-11
 1.74E-11 2.20E-11 2.57E-11 2.82E-11 2.87E-11 2.83E-11
 1.00E-74 2.78E-42 1.44E-29 4.32E-20 2.08E-15 1.07E-12 7.03E-12 1.23E-11
 1.59E-11 2.00E-11 2.34E-11 2.59E-11 2.66E-11 2.65E-11
 1.00E-74 4.90E-42 2.35E-29 6.34E-20 2.73E-15 1.16E-12 7.01E-12 1.19E-11
 1.51E-11 1.86E-11 2.13E-11 2.31E-11 2.34E-11 2.32E-11
 1.00E-74 1.65E-41 7.51E-29 1.77E-19 5.92E-15 1.87E-12 1.00E-11 1.62E-11
 2.00E-11 2.37E-11 2.58E-11 2.57E-11 2.40E-11 2.28E-11
  556.855    7  14 /pl=01:ss= 5:pb= 1:sz= 5/type=excit/ispb = t/isel =   34
 1.00E+10 1.00E+11 1.00E+12 1.00E+13 1.00E+14 1.00E+15 1.00E+16
 6.20E-01 9.31E-01 1.55E+00 3.10E+00 6.20E+00 1.55E+01 3.10E+01 4.65E+01
 6.20E+01 9.31E+01 1.55E+02 3.10E+02 6.20E+02 9.31E+02
 9.56E-23 1.23E-17 1.36E-13 1.27E-10 3.31E-09 1.92E-08 3.05E-08 3.37E-08
 3.48E-08 3.49E-08 3.33E-08 2.95E-08 2.52E-08 2.26E-08
 9.56E-23 1.23E-17 1.36E-13 1.27E-10 3.31E-09 1.92E-08 3.05E-08 3.37E-08
 3.48E-08 3.49E-08 3.33E-08 2.95E-08 2.52E-08 2.26E-08
 9.56E-23 1.23E-17 1.36E-13 1.27E-10 3.31E-09 1.92E-08 3.04E-08 3.37E-08
 3.47E-08 3.48E-08 3.32E-08 2.95E-08 2.52E-08 2.26E-08
 9.56E-23 1.23E-17 1.36E-13 1.27E-10 3.31E-09 1.91E-08 3.01E-08 3.32E-08
 3.42E-08 3.42E-08 3.27E-08 2.91E-08 2.49E-08 2.24E-08
 9.54E-23 1.23E-17 1.36E-13 1.27E-10 3.30E-09 1.83E-08 2.76E-08 3.00E-08
 3.07E-08 3.07E-08 2.94E-08 2.65E-08 2.30E-08 2.09E-08
 9.36E-23 1.21E-17 1.34E-13 1.26E-10 3.19E-09 1.58E-08 2.27E-08 2.43E-08
 2.49E-08 2.48E-08 2.40E-08 2.19E-08 1.93E-08 1.77E-08
 7.87E-23 1.04E-17 1.20E-13 1.14E-10 2.68E-09 1.17E-08 1.60E-08 1.69E-08
 1.72E-08 1.73E-08 1.68E-08 1.58E-08 1.43E-08 1.34E-08
  560.884    7  14 /pl=01:ss= 5:pb= 1:sz= 5/type=excit/ispb = t/isel =   35
 1.00E+10 1.00E+11 1.00E+12 1.00E+13 1.00E+14 1.00E+15 1.00E+16
 6.20E-01 9.31E-01 1.55E+00 3.10E+00 6.20E+00 1.55E+01 3.10E+01 4.65E+01
 6.20E+01 9.31E+01 1.55E+02 3.10E+02 6.20E+02 9.31E+02
 1.35E-35 1.04E-26 1.22E-19 2.09E-14 7.29E-12 1.94E-10 4.88E-10 6.13E-10
 6.63E-10 6.83E-10 6.41E-10 5.29E-10 4.12E-10 3.53E-10
 1.35E-35 1.04E-26 1.22E-19 2.09E-14 7.29E-12 1.94E-10 4.88E-10 6.13E-10
 6.63E-10 6.83E-10 6.41E-10 5.29E-10 4.12E-10 3.53E-10
 1.35E-35 1.04E-26 1.22E-19 2.09E-14 7.30E-12 1.95E-10 4.88E-10 6.14E-10
 6.64E-10 6.83E-10 6.41E-10 5.29E-10 4.12E-10 3.53E-10
 1.36E-35 1.05E-26 1.23E-19 2.10E-14 7.31E-12 1.96E-10 4.90E-10 6.17E-10
 6.67E-10 6.86E-10 6.44E-10 5.33E-10 4.15E-10 3.55E-10
 1.43E-35 1.09E-26 1.27E-19 2.15E-14 7.50E-12 2.04E-10 5.08E-10 6.35E-10
 6.85E-10 7.05E-10 6.65E-10 5.54E-10 4.34E-10 3.73E-10
 2.07E-35 1.50E-26 1.65E-19 2.63E-14 9.06E-12 2.36E-10 5.52E-10 6.76E-10
 7.24E-10 7.42E-10 7.02E-10 5.94E-10 4.74E-10 4.10E-10
 4.68E-35 3.41E-26 3.69E-19 5.51E-14 1.64E-11 3.15E-10 6.62E-10 7.87E-10
 8.34E-10 8.47E-10 8.04E-10 6.89E-10 5.56E-10 4.84E-10
  571.167    7  14 /pl=01:ss= 5:pb= 1:sz= 5/type=excit/ispb = t/isel =   36
 1.00E+10 1.00E+11 1.00E+12 1.00E+13 1.00E+14 1.00E+15 1.00E+16
 6.20E-01 9.31E-01 1.55E+00 3.10E+00 6.20E+00 1.55E+01 3.10E+01 4.65E+01
 6.20E+01 9.31E+01 1.55E+02 3.10E+02 6.20E+02 9.31E+02
 3.04E-43 6.99E-32 7.84E-23 4.14E-16 8.18E-13 6.34E-11 2.34E-10 3.37E-10
 3.95E-10 4.38E-10 4.45E-10 4.01E-10 3.32E-10 2.89E-10
 3.04E-43 6.99E-32 7.84E-23 4.14E-16 8.18E-13 6.34E-11 2.34E-10 3.37E-10
 3.95E-10 4.38E-10 4.44E-10 4.01E-10 3.32E-10 2.89E-10
 3.04E-43 6.99E-32 7.84E-23 4.14E-16 8.18E-13 6.34E-11 2.34E-10 3.37E-10
 3.95E-10 4.37E-10 4.44E-10 4.00E-10 3.31E-10 2.89E-10
 3.04E-43 6.99E-32 7.84E-23 4.14E-16 8.17E-13 6.31E-11 2.31E-10 3.32E-10
 3.88E-10 4.30E-10 4.37E-10 3.95E-10 3.28E-10 2.86E-10
 3.03E-43 6.97E-32 7.82E-23 4.13E-16 8.13E-13 6.04E-11 2.12E-10 2.99E-10
 3.48E-10 3.85E-10 3.93E-10 3.60E-10 3.03E-10 2.67E-10
 2.94E-43 6.80E-32 7.67E-23 4.05E-16 7.78E-13 5.12E-11 1.71E-10 2.39E-10
 2.77E-10 3.07E-10 3.16E-10 2.94E-10 2.52E-10 2.24E-10
 2.49E-43 5.87E-32 6.75E-23 3.58E-16 6.16E-13 3.41E-11 1.07E-10 1.48E-10
 1.71E-10 1.92E-10 2.03E-10 1.98E-10 1.79E-10 1.64E-10
  584.044    7  14 /pl=01:ss= 5:pb= 1:sz= 5/type=excit/ispb = t/isel =   37
 1.00E+10 1.00E+11 1.00E+12 1.00E+13 1.00E+14 1.00E+15 1.00E+16
 6.20E-01 9.31E-01 1.55E+00 3.10E+00 6.20E+00 1.55E+01 3.10E+01 4.65E+01
 6.20E+01 9.31E+01 1.55E+02 3.10E+02 6.20E+02 9.31E+02
 2.04E-39 2.34E-29 2.38E-21 2.07E-15 1.62E-12 7.01E-11 2.04E-10 2.71E-10
 2.99E-10 3.13E-10 2.99E-10 2.53E-10 1.97E-10 1.68E-10
 2.04E-39 2.34E-29 2.38E-21 2.07E-15 1.62E-12 7.01E-11 2.04E-10 2.70E-10
 2.99E-10 3.13E-10 2.99E-10 2.53E-10 1.97E-10 1.68E-10
 2.04E-39 2.34E-29 2.38E-21 2.07E-15 1.62E-12 7.01E-11 2.04E-10 2.70E-10
 2.98E-10 3.13E-10 2.99E-10 2.53E-10 1.97E-10 1.68E-10
 2.04E-39 2.34E-29 2.38E-21 2.07E-15 1.62E-12 6.98E-11 2.01E-10 2.66E-10
 2.93E-10 3.07E-10 2.94E-10 2.49E-10 1.95E-10 1.66E-10
 2.07E-39 2.37E-29 2.41E-21 2.08E-15 1.62E-12 6.73E-11 1.86E-10 2.42E-10
 2.65E-10 2.77E-10 2.66E-10 2.28E-10 1.81E-10 1.56E-10
 2.37E-39 2.66E-29 2.63E-21 2.22E-15 1.66E-12 6.05E-11 1.58E-10 2.03E-10
 2.22E-10 2.32E-10 2.24E-10 1.94E-10 1.56E-10 1.35E-10
 4.35E-39 4.70E-29 4.39E-21 3.36E-15 2.12E-12 6.27E-11 1.52E-10 1.90E-10
 2.06E-10 2.14E-10 2.07E-10 1.82E-10 1.48E-10 1.29E-10
  588.374    7  14 /pl=01:ss= 5:pb= 1:sz= 5/type=excit/ispb = t/isel =   38
 1.00E+10 1.00E+11 1.00E+12 1.00E+13 1.00E+14 1.00E+15 1.00E+16
 6.20E-01 9.31E-01 1.55E+00 3.10E+00 6.20E+00 1.55E+01 3.10E+01 4.65E+01
 6.20E+01 9.31E+01 1.55E+02 3.10E+02 6.20E+02 9.31E+02
 1.00E-74 2.24E-46 5.20E-32 2.98E-21 5.99E-16 7.15E-13 6.35E-12 1.21E-11
 1.63E-11 2.07E-11 2.33E-11 2.24E-11 1.90E-11 1.67E-11
 1.00E-74 2.02E-46 5.20E-32 2.98E-21 5.99E-16 7.15E-13 6.35E-12 1.21E-11
 1.63E-11 2.07E-11 2.32E-11 2.24E-11 1.90E-11 1.67E-11
 1.00E-74 1.93E-46 5.20E-32 2.98E-21 5.99E-16 7.14E-13 6.34E-12 1.21E-11
 1.62E-11 2.07E-11 2.32E-11 2.24E-11 1.90E-11 1.66E-11
 1.00E-74 1.94E-46 5.21E-32 2.98E-21 6.00E-16 7.12E-13 6.28E-12 1.20E-11
 1.60E-11 2.03E-11 2.29E-11 2.21E-11 1.88E-11 1.65E-11
 1.00E-74 1.97E-46 5.27E-32 3.02E-21 6.04E-16 6.91E-13 5.83E-12 1.09E-11
 1.45E-11 1.84E-11 2.08E-11 2.03E-11 1.76E-11 1.55E-11
 1.00E-74 2.47E-46 6.29E-32 3.41E-21 6.49E-16 6.48E-13 5.16E-12 9.52E-12
 1.26E-11 1.59E-11 1.81E-11 1.79E-11 1.58E-11 1.41E-11
 1.00E-74 6.74E-46 1.49E-31 6.31E-21 9.08E-16 6.84E-13 4.88E-12 8.71E-12
 1.13E-11 1.42E-11 1.62E-11 1.65E-11 1.51E-11 1.38E-11
  588.893    7  14 /pl=01:ss= 5:pb= 1:sz= 5/type=excit/ispb = t/isel =   39
 1.00E+10 1.00E+11 1.00E+12 1.00E+13 1.00E+14 1.00E+15 1.00E+16
 6.20E-01 9.31E-01 1.55E+00 3.10E+00 6.20E+00 1.55E+01 3.10E+01 4.65E+01
 6.20E+01 9.31E+01 1.55E+02 3.10E+02 6.20E+02 9.31E+02
 1.00E-74 2.97E-39 1.45E-27 7.31E-19 1.41E-14 4.20E-12 2.36E-11 3.90E-11
 4.84E-11 5.76E-11 6.29E-11 6.29E-11 5.92E-11 5.64E-11
 1.00E-74 2.97E-39 1.45E-27 7.31E-19 1.41E-14 4.20E-12 2.36E-11 3.90E-11
 4.84E-11 5.76E-11 6.29E-11 6.29E-11 5.92E-11 5.64E-11
 1.00E-74 2.97E-39 1.45E-27 7.31E-19 1.41E-14 4.20E-12 2.36E-11 3.89E-11
 4.83E-11 5.75E-11 6.28E-11 6.28E-11 5.91E-11 5.63E-11
 1.00E-74 2.99E-39 1.46E-27 7.33E-19 1.41E-14 4.19E-12 2.33E-11 3.84E-11
 4.76E-11 5.66E-11 6.19E-11 6.20E-11 5.85E-11 5.58E-11
 1.00E-74 3.11E-39 1.50E-27 7.49E-19 1.43E-14 4.07E-12 2.17E-11 3.51E-11
 4.33E-11 5.13E-11 5.62E-11 5.70E-11 5.44E-11 5.23E-11
 1.00E-74 4.26E-39 1.94E-27 9.06E-19 1.61E-14 3.94E-12 1.98E-11 3.15E-11
 3.85E-11 4.52E-11 4.93E-11 4.97E-11 4.74E-11 4.56E-11
 1.00E-74 1.23E-38 5.24E-27 2.13E-18 3.00E-14 5.66E-12 2.55E-11 3.89E-11
 4.63E-11 5.28E-11 5.52E-11 5.24E-11 4.70E-11 4.38E-11
  617.627    7  14 /pl=01:ss= 5:pb= 1:sz= 5/type=excit/ispb = t/isel =   40
 1.00E+10 1.00E+11 1.00E+12 1.00E+13 1.00E+14 1.00E+15 1.00E+16
 6.20E-01 9.31E-01 1.55E+00 3.10E+00 6.20E+00 1.55E+01 3.10E+01 4.65E+01
 6.20E+01 9.31E+01 1.55E+02 3.10E+02 6.20E+02 9.31E+02
 2.77E-22 1.10E-17 4.75E-14 2.18E-11 4.04E-10 2.09E-09 3.44E-09 3.92E-09
 4.09E-09 4.12E-09 3.92E-09 3.43E-09 2.85E-09 2.53E-09
 2.77E-22 1.10E-17 4.75E-14 2.18E-11 4.04E-10 2.09E-09 3.44E-09 3.92E-09
 4.09E-09 4.12E-09 3.92E-09 3.43E-09 2.85E-09 2.53E-09
 2.77E-22 1.10E-17 4.75E-14 2.18E-11 4.04E-10 2.09E-09 3.44E-09 3.91E-09
 4.09E-09 4.11E-09 3.91E-09 3.42E-09 2.85E-09 2.52E-09
 2.77E-22 1.10E-17 4.75E-14 2.18E-11 4.04E-10 2.08E-09 3.40E-09 3.85E-09
 4.02E-09 4.04E-09 3.85E-09 3.38E-09 2.81E-09 2.50E-09
 2.77E-22 1.10E-17 4.75E-14 2.18E-11 4.02E-10 2.00E-09 3.12E-09 3.48E-09
 3.61E-09 3.62E-09 3.47E-09 3.08E-09 2.61E-09 2.33E-09
 2.75E-22 1.09E-17 4.73E-14 2.17E-11 3.92E-10 1.73E-09 2.57E-09 2.83E-09
 2.92E-09 2.93E-09 2.82E-09 2.54E-09 2.18E-09 1.97E-09
 2.34E-22 9.62E-18 4.33E-14 2.03E-11 3.39E-10 1.30E-09 1.82E-09 1.97E-09
 2.02E-09 2.02E-09 1.96E-09 1.81E-09 1.60E-09 1.47E-09
  757.978    7  14 /pl=01:ss= 5:pb= 1:sz= 5/type=excit/ispb = t/isel =   41
 1.00E+10 1.00E+11 1.00E+12 1.00E+13 1.00E+14 1.00E+15 1.00E+16
 6.20E-01 9.31E-01 1.55E+00 3.10E+00 6.20E+00 1.55E+01 3.10E+01 4.65E+01
 6.20E+01 9.31E+01 1.55E+02 3.10E+02 6.20E+02 9.31E+02
 3.10E-19 1.66E-15 1.46E-12 2.03E-10 2.07E-09 7.70E-09 1.16E-08 1.29E-08
 1.32E-08 1.31E-08 1.23E-08 1.05E-08 8.58E-09 7.55E-09
 3.10E-19 1.66E-15 1.46E-12 2.03E-10 2.07E-09 7.70E-09 1.16E-08 1.29E-08
 1.32E-08 1.31E-08 1.23E-08 1.05E-08 8.58E-09 7.55E-09
 3.10E-19 1.66E-15 1.46E-12 2.03E-10 2.07E-09 7.69E-09 1.16E-08 1.28E-08
 1.32E-08 1.31E-08 1.23E-08 1.05E-08 8.58E-09 7.54E-09
 3.10E-19 1.66E-15 1.46E-12 2.03E-10 2.07E-09 7.66E-09 1.15E-08 1.27E-08
 1.30E-08 1.29E-08 1.21E-08 1.04E-08 8.49E-09 7.48E-09
 3.08E-19 1.65E-15 1.45E-12 2.02E-10 2.06E-09 7.36E-09 1.06E-08 1.15E-08
 1.18E-08 1.17E-08 1.10E-08 9.54E-09 7.93E-09 7.04E-09
 2.91E-19 1.58E-15 1.40E-12 1.96E-10 1.96E-09 6.33E-09 8.73E-09 9.43E-09
 9.63E-09 9.54E-09 9.04E-09 7.96E-09 6.73E-09 6.03E-09
 1.89E-19 1.09E-15 1.03E-12 1.53E-10 1.46E-09 4.21E-09 5.55E-09 5.92E-09
 6.04E-09 6.04E-09 5.84E-09 5.36E-09 4.74E-09 4.35E-09
  765.462    7  14 /pl=01:ss= 5:pb= 1:sz= 5/type=excit/ispb = t/isel =   42
 1.00E+10 1.00E+11 1.00E+12 1.00E+13 1.00E+14 1.00E+15 1.00E+16
 6.20E-01 9.31E-01 1.55E+00 3.10E+00 6.20E+00 1.55E+01 3.10E+01 4.65E+01
 6.20E+01 9.31E+01 1.55E+02 3.10E+02 6.20E+02 9.31E+02
 1.00E-36 7.73E-28 9.05E-21 1.55E-15 5.41E-13 1.44E-11 3.62E-11 4.55E-11
 4.92E-11 5.07E-11 4.75E-11 3.92E-11 3.05E-11 2.62E-11
 1.00E-36 7.73E-28 9.05E-21 1.55E-15 5.41E-13 1.44E-11 3.62E-11 4.55E-11
 4.92E-11 5.07E-11 4.75E-11 3.92E-11 3.05E-11 2.62E-11
 1.01E-36 7.74E-28 9.06E-21 1.55E-15 5.41E-13 1.44E-11 3.62E-11 4.55E-11
 4.92E-11 5.07E-11 4.76E-11 3.93E-11 3.06E-11 2.62E-11
 1.01E-36 7.77E-28 9.09E-21 1.56E-15 5.43E-13 1.45E-11 3.64E-11 4.57E-11
 4.95E-11 5.09E-11 4.78E-11 3.95E-11 3.08E-11 2.64E-11
 1.06E-36 8.11E-28 9.40E-21 1.59E-15 5.56E-13 1.51E-11 3.77E-11 4.71E-11
 5.08E-11 5.23E-11 4.93E-11 4.11E-11 3.22E-11 2.76E-11
 1.54E-36 1.12E-27 1.23E-20 1.95E-15 6.72E-13 1.75E-11 4.10E-11 5.01E-11
 5.37E-11 5.50E-11 5.21E-11 4.41E-11 3.51E-11 3.04E-11
 3.47E-36 2.53E-27 2.74E-20 4.09E-15 1.22E-12 2.34E-11 4.92E-11 5.84E-11
 6.19E-11 6.29E-11 5.96E-11 5.12E-11 4.13E-11 3.59E-11
  832.224    7  14 /pl=01:ss= 5:pb= 1:sz= 5/type=excit/ispb = t/isel =   43
 1.00E+10 1.00E+11 1.00E+12 1.00E+13 1.00E+14 1.00E+15 1.00E+16
 6.20E-01 9.31E-01 1.55E+00 3.10E+00 6.20E+00 1.55E+01 3.10E+01 4.65E+01
 6.20E+01 9.31E+01 1.55E+02 3.10E+02 6.20E+02 9.31E+02
 1.00E-74 3.18E-43 6.02E-30 4.69E-20 3.49E-15 2.29E-12 1.66E-11 2.98E-11
 3.83E-11 4.70E-11 5.11E-11 4.78E-11 3.96E-11 3.44E-11
 1.00E-74 3.18E-43 6.02E-30 4.69E-20 3.49E-15 2.29E-12 1.66E-11 2.98E-11
 3.83E-11 4.70E-11 5.10E-11 4.78E-11 3.96E-11 3.44E-11
 1.00E-74 3.18E-43 6.02E-30 4.69E-20 3.49E-15 2.29E-12 1.66E-11 2.97E-11
 3.83E-11 4.69E-11 5.10E-11 4.77E-11 3.96E-11 3.44E-11
 1.00E-74 3.18E-43 6.02E-30 4.69E-20 3.49E-15 2.28E-12 1.64E-11 2.93E-11
 3.77E-11 4.62E-11 5.02E-11 4.71E-11 3.92E-11 3.41E-11
 1.00E-74 3.21E-43 6.06E-30 4.71E-20 3.50E-15 2.21E-12 1.52E-11 2.67E-11
 3.41E-11 4.16E-11 4.54E-11 4.31E-11 3.64E-11 3.19E-11
 1.00E-74 3.80E-43 6.85E-30 5.11E-20 3.64E-15 2.01E-12 1.31E-11 2.27E-11
 2.89E-11 3.52E-11 3.86E-11 3.70E-11 3.16E-11 2.79E-11
 1.00E-74 1.04E-42 1.62E-29 9.74E-20 5.30E-15 2.23E-12 1.30E-11 2.17E-11
 2.73E-11 3.29E-11 3.60E-11 3.50E-11 3.06E-11 2.74E-11
  838.293    7  14 /pl=01:ss= 5:pb= 1:sz= 5/type=excit/ispb = t/isel =   44
 1.00E+10 1.00E+11 1.00E+12 1.00E+13 1.00E+14 1.00E+15 1.00E+16
 6.20E-01 9.31E-01 1.55E+00 3.10E+00 6.20E+00 1.55E+01 3.10E+01 4.65E+01
 6.20E+01 9.31E+01 1.55E+02 3.10E+02 6.20E+02 9.31E+02
 5.10E-39 2.86E-29 1.64E-21 9.25E-16 5.84E-13 2.21E-11 6.19E-11 8.07E-11
 8.85E-11 9.22E-11 8.77E-11 7.32E-11 5.70E-11 4.84E-11
 5.10E-39 2.86E-29 1.64E-21 9.25E-16 5.84E-13 2.21E-11 6.19E-11 8.06E-11
 8.85E-11 9.22E-11 8.77E-11 7.31E-11 5.70E-11 4.84E-11
 5.10E-39 2.86E-29 1.64E-21 9.25E-16 5.84E-13 2.21E-11 6.18E-11 8.05E-11
 8.84E-11 9.20E-11 8.76E-11 7.30E-11 5.70E-11 4.83E-11
 5.11E-39 2.86E-29 1.64E-21 9.25E-16 5.84E-13 2.20E-11 6.11E-11 7.93E-11
 8.70E-11 9.05E-11 8.62E-11 7.21E-11 5.64E-11 4.79E-11
 5.16E-39 2.88E-29 1.65E-21 9.30E-16 5.85E-13 2.12E-11 5.63E-11 7.20E-11
 7.84E-11 8.14E-11 7.78E-11 6.59E-11 5.23E-11 4.48E-11
 5.67E-39 3.12E-29 1.76E-21 9.71E-16 5.90E-13 1.89E-11 4.77E-11 6.02E-11
 6.55E-11 6.79E-11 6.52E-11 5.59E-11 4.49E-11 3.87E-11
 8.03E-39 4.37E-29 2.40E-21 1.25E-15 6.63E-13 1.79E-11 4.27E-11 5.31E-11
 5.75E-11 5.96E-11 5.77E-11 5.02E-11 4.11E-11 3.58E-11
  853.606    7  14 /pl=01:ss= 5:pb= 1:sz= 5/type=excit/ispb = t/isel =   45
 1.00E+10 1.00E+11 1.00E+12 1.00E+13 1.00E+14 1.00E+15 1.00E+16
 6.20E-01 9.31E-01 1.55E+00 3.10E+00 6.20E+00 1.55E+01 3.10E+01 4.65E+01
 6.20E+01 9.31E+01 1.55E+02 3.10E+02 6.20E+02 9.31E+02
 1.00E-74 4.99E-40 2.96E-28 1.79E-19 3.86E-15 1.28E-12 7.68E-12 1.32E-11
 1.70E-11 2.12E-11 2.46E-11 2.60E-11 2.50E-11 2.37E-11
 1.00E-74 4.99E-40 2.96E-28 1.79E-19 3.86E-15 1.28E-12 7.68E-12 1.32E-11
 1.70E-11 2.12E-11 2.46E-11 2.60E-11 2.50E-11 2.37E-11
 1.00E-74 4.99E-40 2.96E-28 1.79E-19 3.86E-15 1.28E-12 7.67E-12 1.32E-11
 1.70E-11 2.12E-11 2.45E-11 2.59E-11 2.50E-11 2.37E-11
 1.00E-74 5.00E-40 2.97E-28 1.79E-19 3.87E-15 1.27E-12 7.59E-12 1.30E-11
 1.67E-11 2.09E-11 2.41E-11 2.56E-11 2.47E-11 2.35E-11
 1.00E-74 5.10E-40 3.04E-28 1.85E-19 3.97E-15 1.25E-12 7.09E-12 1.19E-11
 1.52E-11 1.89E-11 2.19E-11 2.34E-11 2.29E-11 2.20E-11
 1.00E-74 6.05E-40 3.66E-28 2.26E-19 4.71E-15 1.27E-12 6.71E-12 1.10E-11
 1.38E-11 1.69E-11 1.93E-11 2.04E-11 1.99E-11 1.91E-11
 1.00E-74 1.46E-39 7.94E-28 4.10E-19 6.62E-15 1.36E-12 6.44E-12 1.02E-11
 1.25E-11 1.51E-11 1.69E-11 1.77E-11 1.71E-11 1.63E-11
  997.457    7  14 /pl=01:ss= 5:pb= 1:sz= 5/type=excit/ispb = t/isel =   46
 1.00E+10 1.00E+11 1.00E+12 1.00E+13 1.00E+14 1.00E+15 1.00E+16
 6.20E-01 9.31E-01 1.55E+00 3.10E+00 6.20E+00 1.55E+01 3.10E+01 4.65E+01
 6.20E+01 9.31E+01 1.55E+02 3.10E+02 6.20E+02 9.31E+02
 2.14E-19 1.39E-16 2.26E-14 9.07E-13 1.10E-11 1.81E-10 4.51E-10 5.75E-10
 6.27E-10 6.53E-10 6.22E-10 5.25E-10 4.16E-10 3.59E-10
 2.14E-19 1.39E-16 2.26E-14 9.07E-13 1.10E-11 1.81E-10 4.51E-10 5.74E-10
 6.26E-10 6.53E-10 6.22E-10 5.25E-10 4.16E-10 3.59E-10
 2.14E-19 1.39E-16 2.26E-14 9.07E-13 1.10E-11 1.80E-10 4.49E-10 5.71E-10
 6.23E-10 6.49E-10 6.18E-10 5.22E-10 4.14E-10 3.58E-10
 2.14E-19 1.39E-16 2.26E-14 9.06E-13 1.10E-11 1.76E-10 4.30E-10 5.42E-10
 5.88E-10 6.12E-10 5.83E-10 4.95E-10 3.96E-10 3.44E-10
 2.11E-19 1.37E-16 2.24E-14 8.99E-13 1.07E-11 1.45E-10 3.01E-10 3.58E-10
 3.79E-10 3.88E-10 3.73E-10 3.28E-10 2.76E-10 2.47E-10
 1.84E-19 1.23E-16 2.05E-14 8.35E-13 8.79E-12 5.38E-11 7.69E-11 8.27E-11
 8.41E-11 8.43E-11 8.17E-11 7.57E-11 6.91E-11 6.53E-11
 8.17E-20 5.98E-17 1.10E-14 4.94E-13 3.69E-12 9.31E-12 1.07E-11 1.08E-11
 1.08E-11 1.06E-11 1.03E-11 9.75E-12 9.15E-12 8.81E-12
  1286.50    7  14 /pl=01:ss= 5:pb= 1:sz= 5/type=excit/ispb = t/isel =   47
 1.00E+10 1.00E+11 1.00E+12 1.00E+13 1.00E+14 1.00E+15 1.00E+16
 6.20E-01 9.31E-01 1.55E+00 3.10E+00 6.20E+00 1.55E+01 3.10E+01 4.65E+01
 6.20E+01 9.31E+01 1.55E+02 3.10E+02 6.20E+02 9.31E+02
 1.00E-74 1.39E-40 2.75E-28 3.95E-19 1.28E-14 5.20E-12 3.25E-11 5.55E-11
 7.00E-11 8.42E-11 9.06E-11 8.48E-11 7.11E-11 6.23E-11
 1.00E-74 1.39E-40 2.75E-28 3.95E-19 1.28E-14 5.20E-12 3.25E-11 5.55E-11
 7.00E-11 8.42E-11 9.06E-11 8.47E-11 7.10E-11 6.23E-11
 1.00E-74 1.39E-40 2.75E-28 3.95E-19 1.28E-14 5.19E-12 3.24E-11 5.54E-11
 6.98E-11 8.40E-11 9.04E-11 8.46E-11 7.10E-11 6.22E-11
 1.00E-74 1.39E-40 2.75E-28 3.94E-19 1.27E-14 5.16E-12 3.20E-11 5.45E-11
 6.86E-11 8.25E-11 8.89E-11 8.34E-11 7.01E-11 6.16E-11
 1.00E-74 1.36E-40 2.68E-28 3.85E-19 1.24E-14 4.85E-12 2.88E-11 4.84E-11
 6.06E-11 7.28E-11 7.90E-11 7.53E-11 6.44E-11 5.71E-11
 1.00E-74 1.13E-40 2.26E-28 3.21E-19 1.00E-14 3.49E-12 2.00E-11 3.35E-11
 4.22E-11 5.13E-11 5.68E-11 5.61E-11 4.97E-11 4.49E-11
 1.00E-74 1.03E-40 1.93E-28 2.41E-19 6.01E-15 1.63E-12 8.57E-12 1.41E-11
 1.77E-11 2.17E-11 2.48E-11 2.60E-11 2.49E-11 2.36E-11
  1599.74    7  14 /pl=01:ss= 5:pb= 1:sz= 5/type=excit/ispb = t/isel =   48
 1.00E+10 1.00E+11 1.00E+12 1.00E+13 1.00E+14 1.00E+15 1.00E+16
 6.20E-01 9.31E-01 1.55E+00 3.10E+00 6.20E+00 1.55E+01 3.10E+01 4.65E+01
 6.20E+01 9.31E+01 1.55E+02 3.10E+02 6.20E+02 9.31E+02
 1.00E-74 3.02E-36 9.47E-26 6.21E-18 4.67E-14 9.51E-12 5.09E-11 8.35E-11
 1.04E-10 1.23E-10 1.32E-10 1.26E-10 1.10E-10 1.00E-10
 1.00E-74 3.02E-36 9.48E-26 6.21E-18 4.67E-14 9.51E-12 5.09E-11 8.34E-11
 1.03E-10 1.23E-10 1.32E-10 1.26E-10 1.10E-10 1.00E-10
 1.00E-74 3.02E-36 9.48E-26 6.21E-18 4.68E-14 9.50E-12 5.08E-11 8.33E-11
 1.03E-10 1.23E-10 1.32E-10 1.26E-10 1.10E-10 1.00E-10
 1.99E-49 3.04E-36 9.52E-26 6.23E-18 4.68E-14 9.46E-12 5.02E-11 8.20E-11
 1.02E-10 1.20E-10 1.29E-10 1.24E-10 1.09E-10 9.92E-11
 2.19E-49 3.21E-36 9.93E-26 6.41E-18 4.74E-14 9.10E-12 4.60E-11 7.38E-11
 9.08E-11 1.07E-10 1.16E-10 1.12E-10 1.01E-10 9.25E-11
 3.38E-49 4.69E-36 1.36E-25 8.01E-18 5.30E-14 8.24E-12 3.82E-11 6.00E-11
 7.34E-11 8.64E-11 9.37E-11 9.21E-11 8.39E-11 7.78E-11
 7.46E-49 1.04E-35 2.94E-25 1.54E-17 7.85E-14 8.44E-12 3.33E-11 4.96E-11
 5.93E-11 6.85E-11 7.36E-11 7.26E-11 6.67E-11 6.21E-11
  1636.93    7  14 /pl=01:ss= 5:pb= 1:sz= 5/type=excit/ispb = t/isel =   49
 1.00E+10 1.00E+11 1.00E+12 1.00E+13 1.00E+14 1.00E+15 1.00E+16
 6.20E-01 9.31E-01 1.55E+00 3.10E+00 6.20E+00 1.55E+01 3.10E+01 4.65E+01
 6.20E+01 9.31E+01 1.55E+02 3.10E+02 6.20E+02 9.31E+02
 1.00E-74 3.16E-43 4.00E-30 2.31E-20 1.51E-15 9.48E-13 6.87E-12 1.23E-11
 1.62E-11 2.00E-11 2.26E-11 2.21E-11 1.95E-11 1.76E-11
 1.00E-74 3.16E-43 4.00E-30 2.31E-20 1.51E-15 9.48E-13 6.87E-12 1.23E-11
 1.62E-11 2.00E-11 2.26E-11 2.21E-11 1.95E-11 1.76E-11
 1.00E-74 3.16E-43 4.00E-30 2.31E-20 1.51E-15 9.48E-13 6.86E-12 1.23E-11
 1.61E-11 2.00E-11 2.25E-11 2.21E-11 1.95E-11 1.76E-11
 1.00E-74 3.18E-43 4.01E-30 2.32E-20 1.52E-15 9.44E-13 6.79E-12 1.22E-11
 1.59E-11 1.97E-11 2.22E-11 2.18E-11 1.93E-11 1.74E-11
 1.00E-74 3.34E-43 4.17E-30 2.38E-20 1.54E-15 9.21E-13 6.32E-12 1.11E-11
 1.45E-11 1.78E-11 2.02E-11 2.01E-11 1.80E-11 1.63E-11
 1.00E-74 5.10E-43 5.88E-30 3.07E-20 1.82E-15 9.21E-13 5.88E-12 1.01E-11
 1.30E-11 1.58E-11 1.78E-11 1.77E-11 1.59E-11 1.45E-11
 1.00E-74 2.31E-42 2.39E-29 1.03E-19 4.63E-15 1.69E-12 9.28E-12 1.49E-11
 1.83E-11 2.13E-11 2.25E-11 2.11E-11 1.82E-11 1.63E-11
  1925.30    7  14 /pl=01:ss= 5:pb= 1:sz= 5/type=excit/ispb = t/isel =   50
 1.00E+10 1.00E+11 1.00E+12 1.00E+13 1.00E+14 1.00E+15 1.00E+16
 6.20E-01 9.31E-01 1.55E+00 3.10E+00 6.20E+00 1.55E+01 3.10E+01 4.65E+01
 6.20E+01 9.31E+01 1.55E+02 3.10E+02 6.20E+02 9.31E+02
 7.96E-44 1.83E-32 2.05E-23 1.09E-16 2.14E-13 1.66E-11 6.14E-11 8.83E-11
 1.04E-10 1.15E-10 1.16E-10 1.05E-10 8.69E-11 7.57E-11
 7.96E-44 1.83E-32 2.05E-23 1.09E-16 2.14E-13 1.66E-11 6.14E-11 8.83E-11
 1.04E-10 1.15E-10 1.16E-10 1.05E-10 8.69E-11 7.57E-11
 7.96E-44 1.83E-32 2.05E-23 1.09E-16 2.14E-13 1.66E-11 6.13E-11 8.82E-11
 1.03E-10 1.15E-10 1.16E-10 1.05E-10 8.68E-11 7.57E-11
 7.95E-44 1.83E-32 2.05E-23 1.08E-16 2.14E-13 1.65E-11 6.05E-11 8.69E-11
 1.02E-10 1.13E-10 1.14E-10 1.03E-10 8.58E-11 7.49E-11
 7.93E-44 1.83E-32 2.05E-23 1.08E-16 2.13E-13 1.58E-11 5.56E-11 7.84E-11
 9.12E-11 1.01E-10 1.03E-10 9.43E-11 7.94E-11 6.99E-11
 7.70E-44 1.78E-32 2.01E-23 1.06E-16 2.04E-13 1.34E-11 4.48E-11 6.26E-11
 7.27E-11 8.04E-11 8.27E-11 7.71E-11 6.61E-11 5.88E-11
 6.53E-44 1.54E-32 1.77E-23 9.38E-17 1.61E-13 8.92E-12 2.80E-11 3.87E-11
 4.49E-11 5.03E-11 5.31E-11 5.19E-11 4.68E-11 4.29E-11
c-------------------------------------------------------------------------------
 
C  root partition information
C  ==========================
C
C  nuclear charge : 18
C  ion charge+1   :  6
C
C  population calculation information
C  ----------------------------------
C
C  population processing code: adas810
C
C  adf04 source file    : adf04_copmm#18_ls_40#ar5.dat
C  adf18/a17_p208 file  : NULL
C
C  meta. ion. coeff. selector  : 
 
C  options  : lnorm =T  lpsel =F  lzsel =T  liosel=F
C           : lhsel =F  lrsel =F  lisel =F  lnsel =F
 
C  energy levels
C  -------------
C
C   lv      configuration    (2S+1)L(w-1/2)      energy (cm^-1)
C  ---   ------------------- --------------      --------------
c    1   24515                  (2)1(  2.5)             0.0
c    2   14525                  (4)1(  5.5)        100254.9
c    3   14525                  (2)2(  4.5)        131929.9
c    4   14525                  (2)0(  0.5)        161909.9
c    5   14525                  (2)1(  2.5)        179579.9
c    6   24516                  (2)2(  4.5)        220719.9
c    7   14515516               (4)3( 13.5)        291039.9
c    8   14515516               (2)2(  4.5)        310219.9
c    9   14515516               (4)1(  5.5)        311719.9
c   10   14515516               (4)2(  9.5)        315129.9
c   11   14515516               (2)3(  6.5)        340009.9
c   12   24517                  (2)0(  0.5)        343859.9
c   13   14515516               (2)1(  2.5)        350799.9
c   14   14515516               (2)3(  6.5)        370019.9
c   15   14515516               (2)2(  4.5)        374199.9
c   16   14515516               (2)1(  2.5)        381959.9
c   17   24518                  (2)1(  2.5)        395799.9
c   18   24519                  (2)2(  4.5)        458309.9
c   19   2451A                  (2)3(  6.5)        486609.9
c   20   14515518               (4)2(  9.5)        497249.9
c   21   14515518               (2)1(  2.5)        499369.9
c   22   14515518               (4)0(  1.5)        501959.9
c   23   14515518               (4)1(  5.5)        503139.9
c   24   14515518               (2)2(  4.5)        509819.9
c   25   2451B                  (2)0(  0.5)        512949.9
c   26   14515518               (2)0(  0.5)        517939.9
c   27   2451C                  (2)1(  2.5)        536039.9
c   28   14515518               (2)2(  4.5)        554479.9
c   29   14515518               (2)1(  2.5)        556999.9
c   30   14515519               (4)2(  9.5)        563409.9
c   31   14515519               (2)2(  4.5)        564389.9
c   32   14515519               (4)3( 13.5)        565059.9
c   33   14515518               (2)0(  0.5)        565509.9
c   34   14515519               (4)1(  5.5)        568169.9
c   35   2451D                  (2)2(  4.5)        568929.9
c   36   14515519               (2)3(  6.5)        570909.9
c   37   14515519               (2)1(  2.5)        573329.9
c   38   2451E                  (2)3(  6.5)        578469.9
c   39   2451G                  (2)0(  0.5)        593659.9
c   40   2451H                  (2)1(  2.5)        604709.9
c   41   14515519               (2)2(  4.5)        618549.9
c   42   2451I                  (2)2(  4.5)        620999.9
c   43   14515519               (2)3(  6.5)        621289.9
c   44   14515519               (2)1(  2.5)        626049.9
c   45   2451J                  (2)3(  6.5)        628269.9
c   46   2451M                  (2)0(  0.5)        636829.9
c   47   1451551C               (4)2(  9.5)        641589.9
c   48   1451551C               (2)1(  2.5)        641989.9
c   49   1451551C               (4)1(  5.5)        643239.9
c   50   2451N                  (2)1(  2.5)        643979.9
c   51   1451551C               (4)0(  1.5)        644129.9
c   52   1451551C               (2)2(  4.5)        646229.9
c   53   1451551C               (2)0(  0.5)        650209.9
c   54   2451O                  (2)2(  4.5)        653399.9
c   55   2451P                  (2)3(  6.5)        657749.9
c   56   2451T                  (2)0(  0.5)        663439.9
c   57   2451U                  (2)1(  2.5)        667939.9
c   58   1451551D               (4)2(  9.5)        670819.9
c   59   1451551D               (2)2(  4.5)        671199.9
c   60   1451551D               (4)3( 13.5)        672389.9
c   61   1451551D               (4)1(  5.5)        673579.9
c   62   2451V                  (2)2(  4.5)        674059.9
c   63   1451551D               (2)3(  6.5)        674439.9
c   64   1451551D               (2)1(  2.5)        675579.9
c   65   2451W                  (2)3(  6.5)        677049.9
c   66   1451551C               (2)1(  2.5)        697649.9
c   67   1451551C               (2)2(  4.5)        698699.9
c   68   1451551C               (2)0(  0.5)        701989.9
c   69   1451551D               (2)2(  4.5)        726079.9
c   70   1451551D               (2)3(  6.5)        727609.9
c   71   1451551D               (2)1(  2.5)        729519.9
 
 
 
c-------------------------------------------------------------------------------
 
C  superstage partition information
C  ================================
C
C  element symbol   : AR
C  parent template  : 
C  partition level  :  1
C  superstage label :  5
C
C  tabulation       : photon emissivity coefft (te,ne)
C  units            : ph. emis coef(cm^3 s^-1); te (ev); ne (cm^-3)
C
C  photon emissivity atomic transitions
C  ------------------------------------
C  
C   isel  wvlen(A)            transition                type  ispb nspb
C                                                             ispp nspp sz    tg pr wr
C  ----- ---------- ----------------------------------- ----- ---- ---- --    -- -- --
C      1   154.744   52(2)2(  4.5)-  1(2)1(  2.5)       excit   1    1   5    51 42  1
C      2   161.031   42(2)2(  4.5)-  1(2)1(  2.5)       excit   1    1   5    41 46  2
C      3   180.349   28(2)2(  4.5)-  1(2)1(  2.5)       excit   1    1   5    27 34  3
C      4   193.073   26(2)0(  0.5)-  1(2)1(  2.5)       excit   1    1   5    25 35  4
C      5   194.951   25(2)0(  0.5)-  1(2)1(  2.5)       excit   1    1   5    24 41  5
C      6   196.148   24(2)2(  4.5)-  1(2)1(  2.5)       excit   1    1   5    23 20  6
C      7   200.252   21(2)1(  2.5)-  1(2)1(  2.5)       excit   1    1   5    20 31  7
C      8   218.193   18(2)2(  4.5)-  1(2)1(  2.5)       excit   1    1   5    17 15  8
C      9   223.944   38(2)3(  6.5)-  3(2)2(  4.5)       excit   1    1   5   174 48  9
C     10   227.801   36(2)3(  6.5)-  3(2)2(  4.5)       excit   1    1   5   172 40 10
C     11   228.817   55(2)3(  6.5)-  6(2)2(  4.5)       excit   1    1   5   378 39 11
C     12   245.369   45(2)3(  6.5)-  6(2)2(  4.5)       excit   1    1   5   368 30 12
C     13   279.525   38(2)3(  6.5)-  6(2)2(  4.5)       excit   1    1   5   361 17 13
C     14   281.944   19(2)3(  6.5)-  3(2)2(  4.5)       excit   1    1   5   155 44 14
C     15   290.816   12(2)0(  0.5)-  1(2)1(  2.5)       excit   1    1   5    11  9 15
C     16   317.138   27(2)1(  2.5)-  6(2)2(  4.5)       excit   1    1   5   350 32 16
C     17   376.095   19(2)3(  6.5)-  6(2)2(  4.5)       excit   1    1   5   342  8 17
C     18   378.974   17(2)1(  2.5)-  3(2)2(  4.5)       excit   1    1   5   153 16 18
C     19   412.763   15(2)2(  4.5)-  3(2)2(  4.5)       excit   1    1   5   151 43 19
C     20   420.009   14(2)3(  6.5)-  3(2)2(  4.5)       excit   1    1   5   150 26 20
C     21   427.551   17(2)1(  2.5)-  4(2)0(  0.5)       excit   1    1   5   218 19 21
C     22   453.063    6(2)2(  4.5)-  1(2)1(  2.5)       excit   1    1   5     5  2 22
C     23   454.442   16(2)1(  2.5)-  4(2)0(  0.5)       excit   1    1   5   217 28 23
C     24   456.892   13(2)1(  2.5)-  3(2)2(  4.5)       excit   1    1   5   149 29 24
C     25   462.492   17(2)1(  2.5)-  5(2)1(  2.5)       excit   1    1   5   275 22 25
C     26   472.891    9(4)1(  5.5)-  2(4)1(  5.5)       excit   1    1   5    77 18 26
C     27   476.270    8(2)2(  4.5)-  2(4)1(  5.5)       excit   1    1   5    76 13 27
C     28   480.584   11(2)3(  6.5)-  3(2)2(  4.5)       excit   1    1   5   147  5 28
C     29   494.120   16(2)1(  2.5)-  5(2)1(  2.5)       excit   1    1   5   274 27 29
C     30   513.822   15(2)2(  4.5)-  5(2)1(  2.5)       excit   1    1   5   273  6 30
C     31   528.681   21(2)1(  2.5)-  8(2)2(  4.5)       excit   1    1   5   471 38 31
C     32   529.409   13(2)1(  2.5)-  4(2)0(  0.5)       excit   1    1   5   215  7 32
C     33   542.123   28(2)2(  4.5)- 14(2)3(  6.5)       excit   1    1   5   814 45 33
C     34   556.855    5(2)1(  2.5)-  1(2)1(  2.5)       excit   1    1   5     4  1 34
C     35   560.884    8(2)2(  4.5)-  3(2)2(  4.5)       excit   1    1   5   144 10 35
C     36   571.167   17(2)1(  2.5)-  6(2)2(  4.5)       excit   1    1   5   340 12 36
C     37   584.044   13(2)1(  2.5)-  5(2)1(  2.5)       excit   1    1   5   271 14 37
C     38   588.374   45(2)3(  6.5)- 18(2)2(  4.5)       excit   1    1   5  1043 49 38
C     39   588.893   24(2)2(  4.5)- 11(2)3(  6.5)       excit   1    1   5   656 33 39
C     40   617.627    4(2)0(  0.5)-  1(2)1(  2.5)       excit   1    1   5     3  4 40
C     41   757.978    3(2)2(  4.5)-  1(2)1(  2.5)       excit   1    1   5     2  3 41
C     42   765.462    8(2)2(  4.5)-  5(2)1(  2.5)       excit   1    1   5   266 37 42
C     43   832.224   38(2)3(  6.5)- 18(2)2(  4.5)       excit   1    1   5  1036 36 43
C     44   838.293   11(2)3(  6.5)-  6(2)2(  4.5)       excit   1    1   5   334 24 44
C     45   853.606   25(2)0(  0.5)- 17(2)1(  2.5)       excit   1    1   5   970 47 45
C     46   997.457    2(4)1(  5.5)-  1(2)1(  2.5)       excit   1    1   5     1 11 46
C     47   1286.50   27(2)1(  2.5)- 18(2)2(  4.5)       excit   1    1   5  1025 25 47
C     48   1599.74   18(2)2(  4.5)- 17(2)1(  2.5)       excit   1    1   5   963 21 48
C     49   1636.93   36(2)3(  6.5)- 24(2)2(  4.5)       excit   1    1   5  1323 50 49
C     50   1925.30   17(2)1(  2.5)- 12(2)0(  0.5)       excit   1    1   5   699 23 50
c-------------------------------------------------------------------------------
                                                                                
C  code     : adas810
C  producer : Adam Foster
C  date     : 13/05/09
                                                                                
c-------------------------------------------------------------------------------
