   50    /AR: 7 photon emissivity coefficients/
--------------------------------------------------------------------------------
    1    1    1    1    1    1    1    1    1    1    1    1    1    1
    1    1    1    1    1
--------------------------------------------------------------------------------
//#01/p00/ 00/p01/ 01/p02/ 02/p03/ 03/p04/ 04/p05/ 05/p06/ 06/p07/ 07/p08/ 08/  
      p09/ 09/p10/ 10/p11/ 11/p12/ 12/p13/ 13/p14/ 14/p15/ 15/p16/ 16/p17/ 17/  
      p18/ 18/                                                                  
--------------------------------------------------------------------------------
  35.8935    7  14 /pl=01:ss= 7:pb= 1:sz= 7/type=excit/ispb = t/isel =    1
 1.00E+10 1.00E+11 1.00E+12 1.00E+13 1.00E+14 1.00E+15 1.00E+16
 1.10E+00 1.65E+00 2.76E+00 5.51E+00 1.10E+01 2.76E+01 5.51E+01 8.27E+01
 1.10E+02 1.65E+02 2.76E+02 5.51E+02 1.10E+03 1.65E+03
 1.00E-74 1.00E-74 1.00E-74 1.36E-38 5.25E-25 1.06E-16 7.12E-14 6.06E-13
 1.71E-12 4.62E-12 9.51E-12 1.44E-11 1.57E-11 1.52E-11
 1.00E-74 1.00E-74 1.00E-74 1.36E-38 5.25E-25 1.06E-16 7.12E-14 6.06E-13
 1.71E-12 4.62E-12 9.51E-12 1.44E-11 1.57E-11 1.52E-11
 1.00E-74 1.00E-74 1.00E-74 1.36E-38 5.25E-25 1.06E-16 7.12E-14 6.06E-13
 1.71E-12 4.62E-12 9.51E-12 1.44E-11 1.57E-11 1.52E-11
 1.00E-74 1.00E-74 1.00E-74 1.38E-38 5.28E-25 1.06E-16 7.13E-14 6.06E-13
 1.71E-12 4.63E-12 9.51E-12 1.44E-11 1.57E-11 1.52E-11
 1.00E-74 1.00E-74 1.00E-74 1.52E-38 5.59E-25 1.08E-16 7.18E-14 6.09E-13
 1.72E-12 4.64E-12 9.52E-12 1.44E-11 1.57E-11 1.53E-11
 1.00E-74 1.00E-74 1.00E-74 2.96E-38 8.55E-25 1.26E-16 7.69E-14 6.37E-13
 1.78E-12 4.75E-12 9.67E-12 1.46E-11 1.58E-11 1.53E-11
 1.00E-74 1.00E-74 1.00E-74 1.52E-37 3.19E-24 2.59E-16 1.12E-13 8.23E-13
 2.17E-12 5.49E-12 1.07E-11 1.55E-11 1.65E-11 1.58E-11
  36.4345    7  14 /pl=01:ss= 7:pb= 1:sz= 7/type=excit/ispb = t/isel =    2
 1.00E+10 1.00E+11 1.00E+12 1.00E+13 1.00E+14 1.00E+15 1.00E+16
 1.10E+00 1.65E+00 2.76E+00 5.51E+00 1.10E+01 2.76E+01 5.51E+01 8.27E+01
 1.10E+02 1.65E+02 2.76E+02 5.51E+02 1.10E+03 1.65E+03
 1.00E-74 1.00E-74 1.00E-74 1.51E-37 3.29E-24 3.84E-16 1.78E-13 1.30E-12
 3.39E-12 8.39E-12 1.60E-11 2.26E-11 2.31E-11 2.17E-11
 1.00E-74 1.00E-74 1.00E-74 1.51E-37 3.29E-24 3.84E-16 1.78E-13 1.30E-12
 3.39E-12 8.39E-12 1.60E-11 2.26E-11 2.31E-11 2.17E-11
 1.00E-74 1.00E-74 1.00E-74 1.51E-37 3.29E-24 3.84E-16 1.78E-13 1.30E-12
 3.39E-12 8.39E-12 1.60E-11 2.26E-11 2.31E-11 2.17E-11
 1.00E-74 1.00E-74 1.00E-74 1.51E-37 3.29E-24 3.84E-16 1.78E-13 1.30E-12
 3.39E-12 8.39E-12 1.60E-11 2.26E-11 2.31E-11 2.16E-11
 1.00E-74 1.00E-74 1.00E-74 1.52E-37 3.30E-24 3.83E-16 1.78E-13 1.30E-12
 3.38E-12 8.37E-12 1.59E-11 2.25E-11 2.31E-11 2.16E-11
 1.00E-74 1.00E-74 1.00E-74 1.59E-37 3.36E-24 3.81E-16 1.76E-13 1.28E-12
 3.33E-12 8.24E-12 1.57E-11 2.22E-11 2.28E-11 2.14E-11
 1.00E-74 1.00E-74 1.00E-74 2.06E-37 3.74E-24 3.53E-16 1.54E-13 1.11E-12
 2.88E-12 7.12E-12 1.36E-11 1.95E-11 2.04E-11 1.93E-11
  36.4405    7  14 /pl=01:ss= 7:pb= 1:sz= 7/type=excit/ispb = t/isel =    3
 1.00E+10 1.00E+11 1.00E+12 1.00E+13 1.00E+14 1.00E+15 1.00E+16
 1.10E+00 1.65E+00 2.76E+00 5.51E+00 1.10E+01 2.76E+01 5.51E+01 8.27E+01
 1.10E+02 1.65E+02 2.76E+02 5.51E+02 1.10E+03 1.65E+03
 1.00E-74 1.00E-74 1.00E-74 1.03E-37 2.09E-24 2.13E-16 9.38E-14 6.70E-13
 1.73E-12 4.26E-12 8.02E-12 1.13E-11 1.16E-11 1.08E-11
 1.00E-74 1.00E-74 1.00E-74 1.03E-37 2.09E-24 2.13E-16 9.38E-14 6.70E-13
 1.73E-12 4.26E-12 8.02E-12 1.13E-11 1.16E-11 1.08E-11
 1.00E-74 1.00E-74 1.00E-74 1.03E-37 2.09E-24 2.13E-16 9.38E-14 6.70E-13
 1.73E-12 4.26E-12 8.02E-12 1.13E-11 1.16E-11 1.08E-11
 1.00E-74 1.00E-74 1.00E-74 1.03E-37 2.09E-24 2.13E-16 9.37E-14 6.70E-13
 1.73E-12 4.26E-12 8.02E-12 1.13E-11 1.16E-11 1.08E-11
 1.00E-74 1.00E-74 1.00E-74 1.03E-37 2.09E-24 2.13E-16 9.36E-14 6.69E-13
 1.73E-12 4.25E-12 8.01E-12 1.13E-11 1.15E-11 1.08E-11
 1.00E-74 1.00E-74 1.00E-74 1.07E-37 2.12E-24 2.12E-16 9.25E-14 6.60E-13
 1.70E-12 4.19E-12 7.89E-12 1.11E-11 1.14E-11 1.07E-11
 1.00E-74 1.00E-74 1.00E-74 1.32E-37 2.31E-24 1.98E-16 8.22E-14 5.80E-13
 1.49E-12 3.66E-12 6.92E-12 9.89E-12 1.03E-11 9.70E-12
  36.5852    7  14 /pl=01:ss= 7:pb= 1:sz= 7/type=excit/ispb = t/isel =    4
 1.00E+10 1.00E+11 1.00E+12 1.00E+13 1.00E+14 1.00E+15 1.00E+16
 1.10E+00 1.65E+00 2.76E+00 5.51E+00 1.10E+01 2.76E+01 5.51E+01 8.27E+01
 1.10E+02 1.65E+02 2.76E+02 5.51E+02 1.10E+03 1.65E+03
 1.00E-74 1.00E-74 1.00E-74 2.42E-36 3.84E-23 2.61E-15 9.08E-13 5.95E-12
 1.48E-11 3.51E-11 6.66E-11 1.01E-10 1.19E-10 1.24E-10
 1.00E-74 1.00E-74 1.00E-74 2.42E-36 3.84E-23 2.61E-15 9.08E-13 5.95E-12
 1.48E-11 3.51E-11 6.66E-11 1.01E-10 1.19E-10 1.24E-10
 1.00E-74 1.00E-74 1.00E-74 2.42E-36 3.84E-23 2.61E-15 9.08E-13 5.95E-12
 1.48E-11 3.51E-11 6.66E-11 1.01E-10 1.19E-10 1.24E-10
 1.00E-74 1.00E-74 1.00E-74 2.42E-36 3.84E-23 2.61E-15 9.08E-13 5.95E-12
 1.48E-11 3.51E-11 6.66E-11 1.01E-10 1.19E-10 1.24E-10
 1.00E-74 1.00E-74 1.00E-74 2.43E-36 3.84E-23 2.60E-15 9.07E-13 5.94E-12
 1.47E-11 3.51E-11 6.65E-11 1.01E-10 1.19E-10 1.24E-10
 1.00E-74 1.00E-74 1.00E-74 2.44E-36 3.83E-23 2.58E-15 8.97E-13 5.87E-12
 1.46E-11 3.46E-11 6.56E-11 9.99E-11 1.18E-10 1.23E-10
 1.00E-74 1.00E-74 1.00E-74 2.57E-36 3.80E-23 2.39E-15 8.11E-13 5.28E-12
 1.31E-11 3.10E-11 5.89E-11 9.02E-11 1.07E-10 1.13E-10
  36.5998    7  14 /pl=01:ss= 7:pb= 1:sz= 7/type=excit/ispb = t/isel =    5
 1.00E+10 1.00E+11 1.00E+12 1.00E+13 1.00E+14 1.00E+15 1.00E+16
 1.10E+00 1.65E+00 2.76E+00 5.51E+00 1.10E+01 2.76E+01 5.51E+01 8.27E+01
 1.10E+02 1.65E+02 2.76E+02 5.51E+02 1.10E+03 1.65E+03
 1.00E-74 1.00E-74 1.00E-74 1.86E-36 2.92E-23 1.99E-15 6.99E-13 4.60E-12
 1.14E-11 2.73E-11 5.18E-11 7.89E-11 9.30E-11 9.68E-11
 1.00E-74 1.00E-74 1.00E-74 1.86E-36 2.92E-23 1.99E-15 6.99E-13 4.60E-12
 1.14E-11 2.73E-11 5.18E-11 7.89E-11 9.30E-11 9.68E-11
 1.00E-74 1.00E-74 1.00E-74 1.86E-36 2.92E-23 1.99E-15 6.99E-13 4.60E-12
 1.14E-11 2.73E-11 5.18E-11 7.89E-11 9.30E-11 9.68E-11
 1.00E-74 1.00E-74 1.00E-74 1.86E-36 2.92E-23 1.99E-15 6.99E-13 4.60E-12
 1.14E-11 2.73E-11 5.18E-11 7.89E-11 9.30E-11 9.68E-11
 1.00E-74 1.00E-74 1.00E-74 1.86E-36 2.92E-23 1.99E-15 6.98E-13 4.60E-12
 1.14E-11 2.72E-11 5.17E-11 7.87E-11 9.29E-11 9.67E-11
 1.00E-74 1.00E-74 1.00E-74 1.87E-36 2.91E-23 1.97E-15 6.90E-13 4.54E-12
 1.13E-11 2.69E-11 5.11E-11 7.77E-11 9.18E-11 9.57E-11
 1.00E-74 1.00E-74 1.00E-74 1.99E-36 2.91E-23 1.84E-15 6.27E-13 4.10E-12
 1.02E-11 2.42E-11 4.59E-11 7.03E-11 8.38E-11 8.80E-11
  36.6365    7  14 /pl=01:ss= 7:pb= 1:sz= 7/type=excit/ispb = t/isel =    6
 1.00E+10 1.00E+11 1.00E+12 1.00E+13 1.00E+14 1.00E+15 1.00E+16
 1.10E+00 1.65E+00 2.76E+00 5.51E+00 1.10E+01 2.76E+01 5.51E+01 8.27E+01
 1.10E+02 1.65E+02 2.76E+02 5.51E+02 1.10E+03 1.65E+03
 1.00E-74 1.00E-74 1.00E-74 7.88E-37 1.20E-23 7.89E-16 2.73E-13 1.79E-12
 4.42E-12 1.05E-11 1.99E-11 3.02E-11 3.56E-11 3.69E-11
 1.00E-74 1.00E-74 1.00E-74 7.88E-37 1.20E-23 7.89E-16 2.73E-13 1.79E-12
 4.42E-12 1.05E-11 1.99E-11 3.02E-11 3.56E-11 3.69E-11
 1.00E-74 1.00E-74 1.00E-74 7.88E-37 1.20E-23 7.89E-16 2.73E-13 1.79E-12
 4.42E-12 1.05E-11 1.99E-11 3.02E-11 3.56E-11 3.69E-11
 1.00E-74 1.00E-74 1.00E-74 7.88E-37 1.20E-23 7.88E-16 2.73E-13 1.79E-12
 4.42E-12 1.05E-11 1.99E-11 3.02E-11 3.56E-11 3.69E-11
 1.00E-74 1.00E-74 1.00E-74 7.89E-37 1.20E-23 7.88E-16 2.73E-13 1.78E-12
 4.41E-12 1.05E-11 1.99E-11 3.01E-11 3.55E-11 3.68E-11
 1.00E-74 1.00E-74 1.00E-74 7.96E-37 1.20E-23 7.83E-16 2.70E-13 1.77E-12
 4.36E-12 1.04E-11 1.96E-11 2.98E-11 3.51E-11 3.65E-11
 1.00E-74 1.00E-74 1.00E-74 8.81E-37 1.23E-23 7.38E-16 2.48E-13 1.61E-12
 3.97E-12 9.42E-12 1.78E-11 2.71E-11 3.23E-11 3.37E-11
  36.6869    7  14 /pl=01:ss= 7:pb= 1:sz= 7/type=excit/ispb = t/isel =    7
 1.00E+10 1.00E+11 1.00E+12 1.00E+13 1.00E+14 1.00E+15 1.00E+16
 1.10E+00 1.65E+00 2.76E+00 5.51E+00 1.10E+01 2.76E+01 5.51E+01 8.27E+01
 1.10E+02 1.65E+02 2.76E+02 5.51E+02 1.10E+03 1.65E+03
 1.00E-74 1.00E-74 1.00E-74 6.59E-37 9.47E-24 5.91E-16 1.98E-13 1.28E-12
 3.13E-12 7.34E-12 1.38E-11 2.08E-11 2.45E-11 2.53E-11
 1.00E-74 1.00E-74 1.00E-74 6.59E-37 9.47E-24 5.91E-16 1.98E-13 1.28E-12
 3.13E-12 7.34E-12 1.38E-11 2.08E-11 2.45E-11 2.53E-11
 1.00E-74 1.00E-74 1.00E-74 6.59E-37 9.47E-24 5.91E-16 1.98E-13 1.28E-12
 3.13E-12 7.34E-12 1.38E-11 2.08E-11 2.45E-11 2.53E-11
 1.00E-74 1.00E-74 1.00E-74 6.59E-37 9.47E-24 5.91E-16 1.98E-13 1.28E-12
 3.13E-12 7.34E-12 1.38E-11 2.08E-11 2.45E-11 2.53E-11
 1.00E-74 1.00E-74 1.00E-74 6.59E-37 9.47E-24 5.91E-16 1.98E-13 1.27E-12
 3.12E-12 7.33E-12 1.38E-11 2.08E-11 2.44E-11 2.53E-11
 1.00E-74 1.00E-74 1.00E-74 6.62E-37 9.44E-24 5.85E-16 1.95E-13 1.26E-12
 3.08E-12 7.24E-12 1.36E-11 2.05E-11 2.42E-11 2.50E-11
 1.00E-74 1.00E-74 1.00E-74 7.07E-37 9.37E-24 5.39E-16 1.76E-13 1.13E-12
 2.77E-12 6.49E-12 1.22E-11 1.86E-11 2.21E-11 2.30E-11
  36.7813    7  14 /pl=01:ss= 7:pb= 1:sz= 7/type=excit/ispb = t/isel =    8
 1.00E+10 1.00E+11 1.00E+12 1.00E+13 1.00E+14 1.00E+15 1.00E+16
 1.10E+00 1.65E+00 2.76E+00 5.51E+00 1.10E+01 2.76E+01 5.51E+01 8.27E+01
 1.10E+02 1.65E+02 2.76E+02 5.51E+02 1.10E+03 1.65E+03
 1.00E-74 1.00E-74 1.00E-74 1.16E-36 1.55E-23 9.27E-16 3.05E-13 1.97E-12
 4.81E-12 1.13E-11 2.12E-11 3.20E-11 3.76E-11 3.89E-11
 1.00E-74 1.00E-74 1.00E-74 1.16E-36 1.55E-23 9.27E-16 3.05E-13 1.97E-12
 4.81E-12 1.13E-11 2.12E-11 3.20E-11 3.76E-11 3.89E-11
 1.00E-74 1.00E-74 1.00E-74 1.16E-36 1.55E-23 9.27E-16 3.05E-13 1.97E-12
 4.81E-12 1.13E-11 2.12E-11 3.20E-11 3.76E-11 3.89E-11
 1.00E-74 1.00E-74 1.00E-74 1.16E-36 1.55E-23 9.27E-16 3.05E-13 1.97E-12
 4.81E-12 1.13E-11 2.12E-11 3.19E-11 3.75E-11 3.89E-11
 1.00E-74 1.00E-74 1.00E-74 1.16E-36 1.55E-23 9.26E-16 3.05E-13 1.96E-12
 4.80E-12 1.13E-11 2.12E-11 3.19E-11 3.75E-11 3.88E-11
 1.00E-74 1.00E-74 1.00E-74 1.17E-36 1.54E-23 9.15E-16 3.01E-13 1.94E-12
 4.74E-12 1.11E-11 2.09E-11 3.15E-11 3.70E-11 3.84E-11
 1.00E-74 1.00E-74 1.00E-74 1.19E-36 1.49E-23 8.31E-16 2.68E-13 1.72E-12
 4.20E-12 9.87E-12 1.86E-11 2.82E-11 3.36E-11 3.51E-11
  36.8003    7  14 /pl=01:ss= 7:pb= 1:sz= 7/type=excit/ispb = t/isel =    9
 1.00E+10 1.00E+11 1.00E+12 1.00E+13 1.00E+14 1.00E+15 1.00E+16
 1.10E+00 1.65E+00 2.76E+00 5.51E+00 1.10E+01 2.76E+01 5.51E+01 8.27E+01
 1.10E+02 1.65E+02 2.76E+02 5.51E+02 1.10E+03 1.65E+03
 1.00E-74 1.00E-74 1.00E-74 1.55E-36 2.03E-23 1.19E-15 3.86E-13 2.46E-12
 6.02E-12 1.41E-11 2.63E-11 3.94E-11 4.61E-11 4.75E-11
 1.00E-74 1.00E-74 1.00E-74 1.55E-36 2.03E-23 1.19E-15 3.86E-13 2.46E-12
 6.02E-12 1.41E-11 2.63E-11 3.94E-11 4.61E-11 4.75E-11
 1.00E-74 1.00E-74 1.00E-74 1.55E-36 2.03E-23 1.19E-15 3.86E-13 2.46E-12
 6.02E-12 1.41E-11 2.63E-11 3.94E-11 4.61E-11 4.75E-11
 1.00E-74 1.00E-74 1.00E-74 1.55E-36 2.03E-23 1.19E-15 3.86E-13 2.46E-12
 6.01E-12 1.41E-11 2.63E-11 3.94E-11 4.60E-11 4.75E-11
 1.00E-74 1.00E-74 1.00E-74 1.55E-36 2.03E-23 1.19E-15 3.86E-13 2.46E-12
 6.01E-12 1.40E-11 2.63E-11 3.94E-11 4.60E-11 4.74E-11
 1.00E-74 1.00E-74 1.00E-74 1.56E-36 2.02E-23 1.17E-15 3.81E-13 2.42E-12
 5.92E-12 1.38E-11 2.59E-11 3.88E-11 4.54E-11 4.69E-11
 1.00E-74 1.00E-74 1.00E-74 1.60E-36 1.95E-23 1.07E-15 3.39E-13 2.15E-12
 5.25E-12 1.23E-11 2.31E-11 3.49E-11 4.13E-11 4.30E-11
  36.8401    7  14 /pl=01:ss= 7:pb= 1:sz= 7/type=excit/ispb = t/isel =   10
 1.00E+10 1.00E+11 1.00E+12 1.00E+13 1.00E+14 1.00E+15 1.00E+16
 1.10E+00 1.65E+00 2.76E+00 5.51E+00 1.10E+01 2.76E+01 5.51E+01 8.27E+01
 1.10E+02 1.65E+02 2.76E+02 5.51E+02 1.10E+03 1.65E+03
 1.00E-74 1.00E-74 1.00E-74 1.40E-36 1.77E-23 1.02E-15 3.29E-13 2.09E-12
 5.10E-12 1.19E-11 2.23E-11 3.34E-11 3.90E-11 4.02E-11
 1.00E-74 1.00E-74 1.00E-74 1.40E-36 1.77E-23 1.02E-15 3.29E-13 2.09E-12
 5.10E-12 1.19E-11 2.23E-11 3.34E-11 3.90E-11 4.02E-11
 1.00E-74 1.00E-74 1.00E-74 1.40E-36 1.77E-23 1.02E-15 3.29E-13 2.09E-12
 5.10E-12 1.19E-11 2.23E-11 3.34E-11 3.90E-11 4.02E-11
 1.00E-74 1.00E-74 1.00E-74 1.40E-36 1.77E-23 1.02E-15 3.29E-13 2.09E-12
 5.10E-12 1.19E-11 2.23E-11 3.33E-11 3.90E-11 4.02E-11
 1.00E-74 1.00E-74 1.00E-74 1.40E-36 1.77E-23 1.01E-15 3.28E-13 2.09E-12
 5.09E-12 1.19E-11 2.23E-11 3.33E-11 3.90E-11 4.02E-11
 1.00E-74 1.00E-74 1.00E-74 1.40E-36 1.76E-23 1.00E-15 3.24E-13 2.06E-12
 5.02E-12 1.17E-11 2.19E-11 3.28E-11 3.85E-11 3.97E-11
 1.00E-74 1.00E-74 1.00E-74 1.42E-36 1.69E-23 9.05E-16 2.87E-13 1.82E-12
 4.44E-12 1.04E-11 1.95E-11 2.94E-11 3.49E-11 3.64E-11
  39.4571    7  14 /pl=01:ss= 7:pb= 1:sz= 7/type=excit/ispb = t/isel =   11
 1.00E+10 1.00E+11 1.00E+12 1.00E+13 1.00E+14 1.00E+15 1.00E+16
 1.10E+00 1.65E+00 2.76E+00 5.51E+00 1.10E+01 2.76E+01 5.51E+01 8.27E+01
 1.10E+02 1.65E+02 2.76E+02 5.51E+02 1.10E+03 1.65E+03
 1.00E-74 1.00E-74 1.00E-74 1.73E-36 1.42E-23 6.28E-16 1.84E-13 1.12E-12
 2.67E-12 5.99E-12 1.05E-11 1.40E-11 1.39E-11 1.28E-11
 1.00E-74 1.00E-74 1.00E-74 1.73E-36 1.42E-23 6.28E-16 1.84E-13 1.12E-12
 2.67E-12 5.99E-12 1.05E-11 1.40E-11 1.39E-11 1.28E-11
 1.00E-74 1.00E-74 1.00E-74 1.73E-36 1.42E-23 6.28E-16 1.84E-13 1.12E-12
 2.67E-12 5.99E-12 1.05E-11 1.40E-11 1.39E-11 1.28E-11
 1.00E-74 1.00E-74 1.00E-74 1.73E-36 1.42E-23 6.27E-16 1.84E-13 1.12E-12
 2.67E-12 5.99E-12 1.05E-11 1.40E-11 1.39E-11 1.28E-11
 1.00E-74 1.00E-74 1.00E-74 1.72E-36 1.42E-23 6.26E-16 1.83E-13 1.12E-12
 2.66E-12 5.98E-12 1.05E-11 1.40E-11 1.39E-11 1.28E-11
 1.00E-74 1.00E-74 1.00E-74 1.71E-36 1.40E-23 6.15E-16 1.80E-13 1.10E-12
 2.61E-12 5.87E-12 1.03E-11 1.38E-11 1.37E-11 1.26E-11
 1.00E-74 1.00E-74 1.00E-74 1.63E-36 1.25E-23 5.19E-16 1.50E-13 9.20E-13
 2.19E-12 4.96E-12 8.81E-12 1.19E-11 1.21E-11 1.13E-11
  39.4938    7  14 /pl=01:ss= 7:pb= 1:sz= 7/type=excit/ispb = t/isel =   12
 1.00E+10 1.00E+11 1.00E+12 1.00E+13 1.00E+14 1.00E+15 1.00E+16
 1.10E+00 1.65E+00 2.76E+00 5.51E+00 1.10E+01 2.76E+01 5.51E+01 8.27E+01
 1.10E+02 1.65E+02 2.76E+02 5.51E+02 1.10E+03 1.65E+03
 1.00E-74 1.00E-74 1.00E-74 3.36E-36 2.77E-23 1.22E-15 3.58E-13 2.19E-12
 5.19E-12 1.17E-11 2.05E-11 2.73E-11 2.71E-11 2.50E-11
 1.00E-74 1.00E-74 1.00E-74 3.36E-36 2.77E-23 1.22E-15 3.58E-13 2.19E-12
 5.19E-12 1.17E-11 2.05E-11 2.73E-11 2.71E-11 2.50E-11
 1.00E-74 1.00E-74 1.00E-74 3.36E-36 2.77E-23 1.22E-15 3.58E-13 2.19E-12
 5.19E-12 1.17E-11 2.05E-11 2.73E-11 2.71E-11 2.50E-11
 1.00E-74 1.00E-74 1.00E-74 3.36E-36 2.77E-23 1.22E-15 3.58E-13 2.19E-12
 5.19E-12 1.17E-11 2.05E-11 2.73E-11 2.71E-11 2.50E-11
 1.00E-74 1.00E-74 1.00E-74 3.36E-36 2.77E-23 1.22E-15 3.57E-13 2.18E-12
 5.18E-12 1.17E-11 2.05E-11 2.73E-11 2.70E-11 2.49E-11
 1.00E-74 1.00E-74 1.00E-74 3.34E-36 2.73E-23 1.20E-15 3.50E-13 2.14E-12
 5.08E-12 1.14E-11 2.01E-11 2.68E-11 2.66E-11 2.46E-11
 1.00E-74 1.00E-74 1.00E-74 3.17E-36 2.45E-23 1.01E-15 2.92E-13 1.79E-12
 4.27E-12 9.66E-12 1.72E-11 2.33E-11 2.36E-11 2.21E-11
  42.4870    7  14 /pl=01:ss= 7:pb= 1:sz= 7/type=excit/ispb = t/isel =   13
 1.00E+10 1.00E+11 1.00E+12 1.00E+13 1.00E+14 1.00E+15 1.00E+16
 1.10E+00 1.65E+00 2.76E+00 5.51E+00 1.10E+01 2.76E+01 5.51E+01 8.27E+01
 1.10E+02 1.65E+02 2.76E+02 5.51E+02 1.10E+03 1.65E+03
 1.00E-74 1.00E-74 1.00E-74 4.48E-32 9.79E-21 4.95E-14 7.18E-12 3.50E-11
 7.51E-11 1.54E-10 2.61E-10 3.68E-10 4.17E-10 4.27E-10
 1.00E-74 1.00E-74 1.00E-74 4.48E-32 9.79E-21 4.95E-14 7.18E-12 3.50E-11
 7.51E-11 1.54E-10 2.61E-10 3.68E-10 4.17E-10 4.27E-10
 1.00E-74 1.00E-74 1.00E-74 4.48E-32 9.79E-21 4.95E-14 7.18E-12 3.50E-11
 7.51E-11 1.54E-10 2.61E-10 3.68E-10 4.17E-10 4.27E-10
 1.00E-74 1.00E-74 1.00E-74 4.48E-32 9.79E-21 4.95E-14 7.18E-12 3.50E-11
 7.50E-11 1.54E-10 2.61E-10 3.68E-10 4.17E-10 4.27E-10
 1.00E-74 1.00E-74 1.00E-74 4.48E-32 9.79E-21 4.94E-14 7.17E-12 3.49E-11
 7.49E-11 1.54E-10 2.61E-10 3.67E-10 4.17E-10 4.26E-10
 1.00E-74 1.00E-74 1.00E-74 4.49E-32 9.75E-21 4.89E-14 7.08E-12 3.45E-11
 7.40E-11 1.52E-10 2.57E-10 3.63E-10 4.12E-10 4.22E-10
 1.00E-74 1.00E-74 1.00E-74 4.63E-32 9.51E-21 4.46E-14 6.33E-12 3.07E-11
 6.59E-11 1.35E-10 2.30E-10 3.27E-10 3.75E-10 3.87E-10
  42.6004    7  14 /pl=01:ss= 7:pb= 1:sz= 7/type=excit/ispb = t/isel =   14
 1.00E+10 1.00E+11 1.00E+12 1.00E+13 1.00E+14 1.00E+15 1.00E+16
 1.10E+00 1.65E+00 2.76E+00 5.51E+00 1.10E+01 2.76E+01 5.51E+01 8.27E+01
 1.10E+02 1.65E+02 2.76E+02 5.51E+02 1.10E+03 1.65E+03
 1.00E-74 1.00E-74 1.00E-74 4.67E-32 9.52E-21 4.61E-14 6.59E-12 3.21E-11
 6.84E-11 1.41E-10 2.38E-10 3.34E-10 3.79E-10 3.87E-10
 1.00E-74 1.00E-74 1.00E-74 4.67E-32 9.52E-21 4.61E-14 6.59E-12 3.21E-11
 6.84E-11 1.41E-10 2.38E-10 3.34E-10 3.79E-10 3.87E-10
 1.00E-74 1.00E-74 1.00E-74 4.67E-32 9.52E-21 4.61E-14 6.59E-12 3.21E-11
 6.84E-11 1.41E-10 2.38E-10 3.34E-10 3.79E-10 3.87E-10
 1.00E-74 1.00E-74 1.00E-74 4.67E-32 9.52E-21 4.61E-14 6.59E-12 3.21E-11
 6.84E-11 1.41E-10 2.38E-10 3.34E-10 3.79E-10 3.87E-10
 1.00E-74 1.00E-74 1.00E-74 4.67E-32 9.51E-21 4.61E-14 6.58E-12 3.21E-11
 6.83E-11 1.40E-10 2.38E-10 3.33E-10 3.79E-10 3.87E-10
 1.00E-74 1.00E-74 1.00E-74 4.67E-32 9.46E-21 4.55E-14 6.49E-12 3.16E-11
 6.74E-11 1.39E-10 2.34E-10 3.29E-10 3.74E-10 3.83E-10
 1.00E-74 1.00E-74 1.00E-74 4.72E-32 9.08E-21 4.11E-14 5.76E-12 2.80E-11
 5.96E-11 1.23E-10 2.08E-10 2.95E-10 3.40E-10 3.50E-10
  42.7177    7  14 /pl=01:ss= 7:pb= 1:sz= 7/type=excit/ispb = t/isel =   15
 1.00E+10 1.00E+11 1.00E+12 1.00E+13 1.00E+14 1.00E+15 1.00E+16
 1.10E+00 1.65E+00 2.76E+00 5.51E+00 1.10E+01 2.76E+01 5.51E+01 8.27E+01
 1.10E+02 1.65E+02 2.76E+02 5.51E+02 1.10E+03 1.65E+03
 1.00E-74 1.00E-74 1.00E-74 4.53E-32 8.63E-21 3.98E-14 5.61E-12 2.70E-11
 5.75E-11 1.18E-10 1.99E-10 2.79E-10 3.17E-10 3.24E-10
 1.00E-74 1.00E-74 1.00E-74 4.53E-32 8.63E-21 3.98E-14 5.61E-12 2.70E-11
 5.75E-11 1.18E-10 1.99E-10 2.79E-10 3.17E-10 3.24E-10
 1.00E-74 1.00E-74 1.00E-74 4.53E-32 8.63E-21 3.98E-14 5.61E-12 2.70E-11
 5.75E-11 1.18E-10 1.99E-10 2.79E-10 3.17E-10 3.24E-10
 1.00E-74 1.00E-74 1.00E-74 4.53E-32 8.63E-21 3.98E-14 5.60E-12 2.70E-11
 5.75E-11 1.18E-10 1.99E-10 2.79E-10 3.17E-10 3.24E-10
 1.00E-74 1.00E-74 1.00E-74 4.54E-32 8.63E-21 3.98E-14 5.60E-12 2.70E-11
 5.74E-11 1.17E-10 1.98E-10 2.78E-10 3.17E-10 3.24E-10
 1.00E-74 1.00E-74 1.00E-74 4.55E-32 8.61E-21 3.94E-14 5.53E-12 2.66E-11
 5.67E-11 1.16E-10 1.96E-10 2.75E-10 3.13E-10 3.20E-10
 1.00E-74 1.00E-74 1.00E-74 4.76E-32 8.47E-21 3.62E-14 4.98E-12 2.39E-11
 5.09E-11 1.04E-10 1.76E-10 2.49E-10 2.87E-10 2.95E-10
  43.2121    7  14 /pl=01:ss= 7:pb= 1:sz= 7/type=excit/ispb = t/isel =   16
 1.00E+10 1.00E+11 1.00E+12 1.00E+13 1.00E+14 1.00E+15 1.00E+16
 1.10E+00 1.65E+00 2.76E+00 5.51E+00 1.10E+01 2.76E+01 5.51E+01 8.27E+01
 1.10E+02 1.65E+02 2.76E+02 5.51E+02 1.10E+03 1.65E+03
 1.00E-74 1.00E-74 1.00E-74 1.35E-32 1.90E-21 7.75E-15 1.09E-12 5.35E-12
 1.15E-11 2.39E-11 4.05E-11 5.63E-11 6.25E-11 6.29E-11
 1.00E-74 1.00E-74 1.00E-74 1.35E-32 1.90E-21 7.75E-15 1.09E-12 5.35E-12
 1.15E-11 2.39E-11 4.05E-11 5.63E-11 6.25E-11 6.29E-11
 1.00E-74 1.00E-74 1.00E-74 1.35E-32 1.90E-21 7.75E-15 1.09E-12 5.35E-12
 1.15E-11 2.39E-11 4.05E-11 5.63E-11 6.25E-11 6.29E-11
 1.00E-74 1.00E-74 1.00E-74 1.35E-32 1.90E-21 7.75E-15 1.09E-12 5.35E-12
 1.15E-11 2.39E-11 4.05E-11 5.63E-11 6.25E-11 6.29E-11
 1.00E-74 1.00E-74 1.00E-74 1.36E-32 1.91E-21 7.76E-15 1.09E-12 5.36E-12
 1.15E-11 2.39E-11 4.05E-11 5.63E-11 6.25E-11 6.29E-11
 1.00E-74 1.00E-74 1.00E-74 1.44E-32 1.99E-21 7.92E-15 1.11E-12 5.41E-12
 1.16E-11 2.40E-11 4.07E-11 5.64E-11 6.25E-11 6.28E-11
 1.00E-74 1.00E-74 1.00E-74 2.35E-32 2.64E-21 8.60E-15 1.13E-12 5.43E-12
 1.16E-11 2.38E-11 3.99E-11 5.50E-11 6.08E-11 6.12E-11
  43.2545    7  14 /pl=01:ss= 7:pb= 1:sz= 7/type=excit/ispb = t/isel =   17
 1.00E+10 1.00E+11 1.00E+12 1.00E+13 1.00E+14 1.00E+15 1.00E+16
 1.10E+00 1.65E+00 2.76E+00 5.51E+00 1.10E+01 2.76E+01 5.51E+01 8.27E+01
 1.10E+02 1.65E+02 2.76E+02 5.51E+02 1.10E+03 1.65E+03
 1.00E-74 1.00E-74 1.00E-74 4.95E-33 6.84E-22 2.81E-15 4.08E-13 2.03E-12
 4.38E-12 9.16E-12 1.56E-11 2.17E-11 2.39E-11 2.39E-11
 1.00E-74 1.00E-74 1.00E-74 4.95E-33 6.84E-22 2.81E-15 4.08E-13 2.03E-12
 4.38E-12 9.16E-12 1.56E-11 2.17E-11 2.39E-11 2.39E-11
 1.00E-74 1.00E-74 1.00E-74 4.95E-33 6.84E-22 2.81E-15 4.08E-13 2.03E-12
 4.38E-12 9.16E-12 1.56E-11 2.17E-11 2.39E-11 2.39E-11
 1.00E-74 1.00E-74 1.00E-74 4.96E-33 6.84E-22 2.81E-15 4.08E-13 2.03E-12
 4.39E-12 9.16E-12 1.56E-11 2.17E-11 2.39E-11 2.39E-11
 1.00E-74 1.00E-74 1.00E-74 4.99E-33 6.87E-22 2.82E-15 4.09E-13 2.03E-12
 4.40E-12 9.18E-12 1.56E-11 2.17E-11 2.39E-11 2.40E-11
 1.00E-74 1.00E-74 1.00E-74 5.34E-33 7.19E-22 2.89E-15 4.18E-13 2.07E-12
 4.47E-12 9.32E-12 1.58E-11 2.19E-11 2.41E-11 2.41E-11
 1.00E-74 1.00E-74 1.00E-74 1.02E-32 1.05E-21 3.27E-15 4.37E-13 2.12E-12
 4.54E-12 9.37E-12 1.58E-11 2.18E-11 2.40E-11 2.40E-11
  47.3412    7  14 /pl=01:ss= 7:pb= 1:sz= 7/type=excit/ispb = t/isel =   18
 1.00E+10 1.00E+11 1.00E+12 1.00E+13 1.00E+14 1.00E+15 1.00E+16
 1.10E+00 1.65E+00 2.76E+00 5.51E+00 1.10E+01 2.76E+01 5.51E+01 8.27E+01
 1.10E+02 1.65E+02 2.76E+02 5.51E+02 1.10E+03 1.65E+03
 1.00E-74 1.00E-74 1.00E-74 4.54E-31 6.61E-21 6.56E-15 5.74E-13 2.40E-12
 4.80E-12 9.16E-12 1.44E-11 1.78E-11 1.73E-11 1.59E-11
 1.00E-74 1.00E-74 1.00E-74 4.54E-31 6.61E-21 6.56E-15 5.74E-13 2.40E-12
 4.80E-12 9.16E-12 1.44E-11 1.78E-11 1.73E-11 1.59E-11
 1.00E-74 1.00E-74 1.00E-74 4.54E-31 6.61E-21 6.56E-15 5.74E-13 2.40E-12
 4.80E-12 9.16E-12 1.44E-11 1.78E-11 1.73E-11 1.59E-11
 1.00E-74 1.00E-74 1.00E-74 4.53E-31 6.61E-21 6.56E-15 5.73E-13 2.40E-12
 4.79E-12 9.15E-12 1.44E-11 1.78E-11 1.72E-11 1.59E-11
 1.00E-74 1.00E-74 1.45E-51 4.52E-31 6.57E-21 6.50E-15 5.68E-13 2.38E-12
 4.76E-12 9.09E-12 1.43E-11 1.77E-11 1.72E-11 1.58E-11
 1.00E-74 1.00E-74 1.50E-51 4.37E-31 6.24E-21 6.02E-15 5.24E-13 2.21E-12
 4.42E-12 8.49E-12 1.34E-11 1.68E-11 1.65E-11 1.52E-11
 1.00E-74 1.00E-74 1.20E-51 3.37E-31 4.26E-21 3.51E-15 2.98E-13 1.27E-12
 2.58E-12 5.09E-12 8.36E-12 1.11E-11 1.16E-11 1.11E-11
  48.8222    7  14 /pl=01:ss= 7:pb= 1:sz= 7/type=excit/ispb = t/isel =   19
 1.00E+10 1.00E+11 1.00E+12 1.00E+13 1.00E+14 1.00E+15 1.00E+16
 1.10E+00 1.65E+00 2.76E+00 5.51E+00 1.10E+01 2.76E+01 5.51E+01 8.27E+01
 1.10E+02 1.65E+02 2.76E+02 5.51E+02 1.10E+03 1.65E+03
 1.00E-74 1.00E-74 1.00E-74 3.93E-31 1.37E-20 2.29E-14 2.29E-12 9.93E-12
 2.00E-11 3.82E-11 5.92E-11 7.23E-11 6.89E-11 6.28E-11
 1.00E-74 1.00E-74 1.00E-74 3.93E-31 1.37E-20 2.29E-14 2.29E-12 9.93E-12
 2.00E-11 3.82E-11 5.92E-11 7.23E-11 6.89E-11 6.28E-11
 1.00E-74 1.00E-74 1.00E-74 3.93E-31 1.37E-20 2.29E-14 2.29E-12 9.93E-12
 2.00E-11 3.82E-11 5.92E-11 7.23E-11 6.89E-11 6.28E-11
 1.00E-74 1.00E-74 1.00E-74 3.93E-31 1.37E-20 2.28E-14 2.29E-12 9.93E-12
 2.00E-11 3.82E-11 5.92E-11 7.23E-11 6.89E-11 6.28E-11
 1.00E-74 1.00E-74 1.00E-74 3.93E-31 1.37E-20 2.28E-14 2.29E-12 9.91E-12
 1.99E-11 3.81E-11 5.91E-11 7.22E-11 6.87E-11 6.27E-11
 1.00E-74 1.00E-74 1.00E-74 3.93E-31 1.36E-20 2.25E-14 2.25E-12 9.76E-12
 1.96E-11 3.75E-11 5.81E-11 7.11E-11 6.78E-11 6.20E-11
 1.00E-74 1.00E-74 1.00E-74 3.90E-31 1.28E-20 1.99E-14 1.96E-12 8.45E-12
 1.70E-11 3.26E-11 5.07E-11 6.27E-11 6.08E-11 5.62E-11
  48.8785    7  14 /pl=01:ss= 7:pb= 1:sz= 7/type=excit/ispb = t/isel =   20
 1.00E+10 1.00E+11 1.00E+12 1.00E+13 1.00E+14 1.00E+15 1.00E+16
 1.10E+00 1.65E+00 2.76E+00 5.51E+00 1.10E+01 2.76E+01 5.51E+01 8.27E+01
 1.10E+02 1.65E+02 2.76E+02 5.51E+02 1.10E+03 1.65E+03
 1.00E-74 1.00E-74 1.00E-74 8.58E-31 2.99E-20 4.99E-14 5.01E-12 2.17E-11
 4.36E-11 8.35E-11 1.29E-10 1.58E-10 1.50E-10 1.37E-10
 1.00E-74 1.00E-74 1.00E-74 8.58E-31 2.99E-20 4.99E-14 5.01E-12 2.17E-11
 4.36E-11 8.35E-11 1.29E-10 1.58E-10 1.50E-10 1.37E-10
 1.00E-74 1.00E-74 1.00E-74 8.58E-31 2.99E-20 4.99E-14 5.01E-12 2.17E-11
 4.36E-11 8.35E-11 1.29E-10 1.58E-10 1.50E-10 1.37E-10
 1.00E-74 1.00E-74 1.00E-74 8.58E-31 2.99E-20 4.99E-14 5.01E-12 2.17E-11
 4.36E-11 8.34E-11 1.29E-10 1.58E-10 1.50E-10 1.37E-10
 1.00E-74 1.00E-74 1.00E-74 8.58E-31 2.99E-20 4.98E-14 5.00E-12 2.17E-11
 4.35E-11 8.33E-11 1.29E-10 1.58E-10 1.50E-10 1.37E-10
 1.00E-74 1.00E-74 1.00E-74 8.58E-31 2.97E-20 4.92E-14 4.92E-12 2.13E-11
 4.28E-11 8.20E-11 1.27E-10 1.55E-10 1.48E-10 1.35E-10
 1.00E-74 1.00E-74 1.00E-74 8.52E-31 2.80E-20 4.35E-14 4.28E-12 1.85E-11
 3.71E-11 7.11E-11 1.11E-10 1.37E-10 1.33E-10 1.23E-10
  49.3971    7  14 /pl=01:ss= 7:pb= 1:sz= 7/type=excit/ispb = t/isel =   21
 1.00E+10 1.00E+11 1.00E+12 1.00E+13 1.00E+14 1.00E+15 1.00E+16
 1.10E+00 1.65E+00 2.76E+00 5.51E+00 1.10E+01 2.76E+01 5.51E+01 8.27E+01
 1.10E+02 1.65E+02 2.76E+02 5.51E+02 1.10E+03 1.65E+03
 1.00E-74 1.00E-74 1.00E-74 1.08E-31 2.91E-21 4.20E-15 4.07E-13 1.74E-12
 3.48E-12 6.65E-12 1.03E-11 1.27E-11 1.24E-11 1.15E-11
 1.00E-74 1.00E-74 1.00E-74 1.08E-31 2.91E-21 4.20E-15 4.07E-13 1.74E-12
 3.48E-12 6.65E-12 1.03E-11 1.27E-11 1.24E-11 1.15E-11
 1.00E-74 1.00E-74 1.00E-74 1.08E-31 2.91E-21 4.20E-15 4.07E-13 1.74E-12
 3.48E-12 6.65E-12 1.03E-11 1.27E-11 1.24E-11 1.15E-11
 1.00E-74 1.00E-74 1.00E-74 1.08E-31 2.91E-21 4.20E-15 4.07E-13 1.74E-12
 3.48E-12 6.65E-12 1.03E-11 1.27E-11 1.24E-11 1.15E-11
 1.00E-74 1.00E-74 1.00E-74 1.08E-31 2.91E-21 4.19E-15 4.06E-13 1.73E-12
 3.47E-12 6.63E-12 1.03E-11 1.26E-11 1.24E-11 1.15E-11
 1.00E-74 1.00E-74 1.00E-74 1.08E-31 2.89E-21 4.11E-15 3.96E-13 1.69E-12
 3.38E-12 6.47E-12 1.00E-11 1.24E-11 1.21E-11 1.13E-11
 1.00E-74 1.00E-74 1.14E-52 1.10E-31 2.69E-21 3.37E-15 3.13E-13 1.33E-12
 2.66E-12 5.12E-12 8.03E-12 1.02E-11 1.02E-11 9.66E-12
  50.6213    7  14 /pl=01:ss= 7:pb= 1:sz= 7/type=excit/ispb = t/isel =   22
 1.00E+10 1.00E+11 1.00E+12 1.00E+13 1.00E+14 1.00E+15 1.00E+16
 1.10E+00 1.65E+00 2.76E+00 5.51E+00 1.10E+01 2.76E+01 5.51E+01 8.27E+01
 1.10E+02 1.65E+02 2.76E+02 5.51E+02 1.10E+03 1.65E+03
 1.00E-74 1.00E-74 1.00E-74 2.59E-31 4.11E-21 4.48E-15 4.33E-13 1.93E-12
 4.01E-12 8.02E-12 1.31E-11 1.68E-11 1.66E-11 1.55E-11
 1.00E-74 1.00E-74 1.00E-74 2.59E-31 4.11E-21 4.48E-15 4.33E-13 1.93E-12
 4.01E-12 8.02E-12 1.31E-11 1.68E-11 1.66E-11 1.55E-11
 1.00E-74 1.00E-74 1.00E-74 2.59E-31 4.11E-21 4.48E-15 4.33E-13 1.93E-12
 4.01E-12 8.02E-12 1.31E-11 1.68E-11 1.66E-11 1.55E-11
 1.00E-74 1.00E-74 1.00E-74 2.59E-31 4.12E-21 4.48E-15 4.33E-13 1.93E-12
 4.01E-12 8.02E-12 1.31E-11 1.68E-11 1.66E-11 1.55E-11
 1.00E-74 1.00E-74 1.00E-74 2.60E-31 4.12E-21 4.48E-15 4.33E-13 1.93E-12
 4.01E-12 8.01E-12 1.30E-11 1.67E-11 1.66E-11 1.55E-11
 1.00E-74 1.00E-74 1.02E-51 2.63E-31 4.15E-21 4.47E-15 4.30E-13 1.91E-12
 3.97E-12 7.93E-12 1.29E-11 1.65E-11 1.64E-11 1.54E-11
 1.00E-74 1.00E-74 8.15E-52 2.87E-31 4.23E-21 4.09E-15 3.79E-13 1.67E-12
 3.46E-12 6.91E-12 1.13E-11 1.46E-11 1.48E-11 1.40E-11
  119.536    7  14 /pl=01:ss= 7:pb= 1:sz= 7/type=excit/ispb = t/isel =   23
 1.00E+10 1.00E+11 1.00E+12 1.00E+13 1.00E+14 1.00E+15 1.00E+16
 1.10E+00 1.65E+00 2.76E+00 5.51E+00 1.10E+01 2.76E+01 5.51E+01 8.27E+01
 1.10E+02 1.65E+02 2.76E+02 5.51E+02 1.10E+03 1.65E+03
 1.00E-74 1.17E-37 7.13E-27 7.69E-19 7.13E-15 1.45E-12 7.43E-12 1.23E-11
 1.55E-11 1.92E-11 2.24E-11 2.45E-11 2.47E-11 2.42E-11
 1.00E-74 1.17E-37 7.13E-27 7.69E-19 7.13E-15 1.45E-12 7.43E-12 1.23E-11
 1.55E-11 1.92E-11 2.24E-11 2.45E-11 2.47E-11 2.42E-11
 1.00E-74 1.17E-37 7.13E-27 7.69E-19 7.13E-15 1.45E-12 7.43E-12 1.23E-11
 1.55E-11 1.92E-11 2.24E-11 2.45E-11 2.47E-11 2.42E-11
 1.00E-74 1.18E-37 7.15E-27 7.71E-19 7.14E-15 1.45E-12 7.43E-12 1.23E-11
 1.55E-11 1.92E-11 2.24E-11 2.45E-11 2.47E-11 2.42E-11
 1.00E-74 1.23E-37 7.37E-27 7.87E-19 7.24E-15 1.46E-12 7.46E-12 1.23E-11
 1.55E-11 1.92E-11 2.24E-11 2.45E-11 2.47E-11 2.42E-11
 8.97E-51 1.67E-37 9.48E-27 9.43E-19 8.16E-15 1.55E-12 7.75E-12 1.26E-11
 1.58E-11 1.95E-11 2.25E-11 2.45E-11 2.46E-11 2.40E-11
 1.61E-50 4.67E-37 2.39E-26 2.00E-18 1.43E-14 2.19E-12 9.83E-12 1.52E-11
 1.85E-11 2.17E-11 2.39E-11 2.45E-11 2.36E-11 2.28E-11
  119.597    7  14 /pl=01:ss= 7:pb= 1:sz= 7/type=excit/ispb = t/isel =   24
 1.00E+10 1.00E+11 1.00E+12 1.00E+13 1.00E+14 1.00E+15 1.00E+16
 1.10E+00 1.65E+00 2.76E+00 5.51E+00 1.10E+01 2.76E+01 5.51E+01 8.27E+01
 1.10E+02 1.65E+02 2.76E+02 5.51E+02 1.10E+03 1.65E+03
 1.00E-74 6.07E-38 3.64E-27 3.91E-19 3.61E-15 7.29E-13 3.74E-12 6.15E-12
 7.77E-12 9.62E-12 1.12E-11 1.23E-11 1.24E-11 1.21E-11
 1.00E-74 6.07E-38 3.64E-27 3.91E-19 3.61E-15 7.29E-13 3.74E-12 6.15E-12
 7.77E-12 9.62E-12 1.12E-11 1.23E-11 1.24E-11 1.21E-11
 1.00E-74 6.07E-38 3.64E-27 3.91E-19 3.61E-15 7.29E-13 3.74E-12 6.15E-12
 7.77E-12 9.62E-12 1.12E-11 1.23E-11 1.24E-11 1.21E-11
 1.00E-74 6.10E-38 3.66E-27 3.91E-19 3.61E-15 7.30E-13 3.74E-12 6.16E-12
 7.77E-12 9.62E-12 1.12E-11 1.23E-11 1.24E-11 1.21E-11
 1.00E-74 6.35E-38 3.77E-27 4.00E-19 3.66E-15 7.35E-13 3.76E-12 6.17E-12
 7.78E-12 9.64E-12 1.13E-11 1.23E-11 1.24E-11 1.21E-11
 1.00E-74 8.73E-38 4.88E-27 4.82E-19 4.14E-15 7.84E-13 3.91E-12 6.35E-12
 7.96E-12 9.79E-12 1.13E-11 1.23E-11 1.23E-11 1.20E-11
 8.06E-51 2.44E-37 1.24E-26 1.03E-18 7.26E-15 1.11E-12 4.98E-12 7.71E-12
 9.35E-12 1.10E-11 1.21E-11 1.23E-11 1.19E-11 1.14E-11
  122.705    7  14 /pl=01:ss= 7:pb= 1:sz= 7/type=excit/ispb = t/isel =   25
 1.00E+10 1.00E+11 1.00E+12 1.00E+13 1.00E+14 1.00E+15 1.00E+16
 1.10E+00 1.65E+00 2.76E+00 5.51E+00 1.10E+01 2.76E+01 5.51E+01 8.27E+01
 1.10E+02 1.65E+02 2.76E+02 5.51E+02 1.10E+03 1.65E+03
 1.00E-74 1.16E-41 2.80E-29 4.68E-20 1.63E-15 6.86E-13 4.36E-12 7.58E-12
 9.72E-12 1.20E-11 1.34E-11 1.32E-11 1.15E-11 1.02E-11
 1.00E-74 1.16E-41 2.80E-29 4.68E-20 1.63E-15 6.86E-13 4.36E-12 7.58E-12
 9.72E-12 1.20E-11 1.34E-11 1.32E-11 1.15E-11 1.02E-11
 1.00E-74 1.16E-41 2.80E-29 4.68E-20 1.63E-15 6.86E-13 4.36E-12 7.58E-12
 9.72E-12 1.20E-11 1.34E-11 1.32E-11 1.15E-11 1.02E-11
 1.00E-74 1.17E-41 2.80E-29 4.69E-20 1.63E-15 6.86E-13 4.36E-12 7.58E-12
 9.72E-12 1.20E-11 1.34E-11 1.32E-11 1.15E-11 1.02E-11
 1.00E-74 1.18E-41 2.84E-29 4.74E-20 1.64E-15 6.91E-13 4.38E-12 7.61E-12
 9.76E-12 1.21E-11 1.35E-11 1.32E-11 1.15E-11 1.03E-11
 1.00E-74 1.43E-41 3.29E-29 5.28E-20 1.78E-15 7.31E-13 4.59E-12 7.92E-12
 1.01E-11 1.24E-11 1.38E-11 1.35E-11 1.18E-11 1.05E-11
 1.00E-74 4.11E-41 8.10E-29 1.07E-19 3.01E-15 1.04E-12 6.03E-12 1.01E-11
 1.27E-11 1.54E-11 1.68E-11 1.64E-11 1.44E-11 1.29E-11
  137.559    7  14 /pl=01:ss= 7:pb= 1:sz= 7/type=excit/ispb = t/isel =   26
 1.00E+10 1.00E+11 1.00E+12 1.00E+13 1.00E+14 1.00E+15 1.00E+16
 1.10E+00 1.65E+00 2.76E+00 5.51E+00 1.10E+01 2.76E+01 5.51E+01 8.27E+01
 1.10E+02 1.65E+02 2.76E+02 5.51E+02 1.10E+03 1.65E+03
 1.00E-74 1.16E-38 1.87E-27 4.09E-19 5.16E-15 1.20E-12 6.35E-12 1.04E-11
 1.29E-11 1.55E-11 1.71E-11 1.66E-11 1.44E-11 1.30E-11
 1.00E-74 1.16E-38 1.87E-27 4.09E-19 5.16E-15 1.20E-12 6.35E-12 1.04E-11
 1.29E-11 1.55E-11 1.71E-11 1.66E-11 1.44E-11 1.30E-11
 1.00E-74 1.16E-38 1.87E-27 4.09E-19 5.16E-15 1.20E-12 6.35E-12 1.04E-11
 1.29E-11 1.55E-11 1.71E-11 1.66E-11 1.44E-11 1.30E-11
 1.00E-74 1.16E-38 1.88E-27 4.10E-19 5.17E-15 1.20E-12 6.35E-12 1.04E-11
 1.29E-11 1.55E-11 1.71E-11 1.66E-11 1.44E-11 1.30E-11
 1.00E-74 1.18E-38 1.90E-27 4.13E-19 5.20E-15 1.21E-12 6.37E-12 1.04E-11
 1.30E-11 1.55E-11 1.71E-11 1.66E-11 1.44E-11 1.30E-11
 1.00E-74 1.36E-38 2.12E-27 4.47E-19 5.51E-15 1.26E-12 6.56E-12 1.07E-11
 1.33E-11 1.58E-11 1.73E-11 1.68E-11 1.46E-11 1.31E-11
 1.00E-74 4.06E-38 5.32E-27 9.07E-19 9.20E-15 1.74E-12 8.34E-12 1.32E-11
 1.60E-11 1.88E-11 2.02E-11 1.94E-11 1.69E-11 1.51E-11
  137.997    7  14 /pl=01:ss= 7:pb= 1:sz= 7/type=excit/ispb = t/isel =   27
 1.00E+10 1.00E+11 1.00E+12 1.00E+13 1.00E+14 1.00E+15 1.00E+16
 1.10E+00 1.65E+00 2.76E+00 5.51E+00 1.10E+01 2.76E+01 5.51E+01 8.27E+01
 1.10E+02 1.65E+02 2.76E+02 5.51E+02 1.10E+03 1.65E+03
 1.00E-74 2.10E-38 3.35E-27 7.33E-19 9.31E-15 2.17E-12 1.15E-11 1.87E-11
 2.33E-11 2.80E-11 3.07E-11 2.98E-11 2.61E-11 2.33E-11
 1.00E-74 2.10E-38 3.35E-27 7.33E-19 9.31E-15 2.17E-12 1.15E-11 1.87E-11
 2.33E-11 2.80E-11 3.07E-11 2.98E-11 2.61E-11 2.33E-11
 1.00E-74 2.10E-38 3.35E-27 7.33E-19 9.31E-15 2.17E-12 1.15E-11 1.87E-11
 2.33E-11 2.80E-11 3.07E-11 2.98E-11 2.61E-11 2.33E-11
 1.00E-74 2.10E-38 3.36E-27 7.34E-19 9.32E-15 2.17E-12 1.15E-11 1.87E-11
 2.33E-11 2.80E-11 3.07E-11 2.98E-11 2.61E-11 2.33E-11
 1.00E-74 2.13E-38 3.39E-27 7.40E-19 9.37E-15 2.18E-12 1.15E-11 1.88E-11
 2.34E-11 2.80E-11 3.07E-11 2.98E-11 2.61E-11 2.33E-11
 1.00E-74 2.44E-38 3.78E-27 8.00E-19 9.92E-15 2.27E-12 1.18E-11 1.92E-11
 2.39E-11 2.85E-11 3.11E-11 3.01E-11 2.63E-11 2.35E-11
 1.00E-74 7.21E-38 9.43E-27 1.61E-18 1.64E-14 3.11E-12 1.49E-11 2.35E-11
 2.86E-11 3.36E-11 3.61E-11 3.46E-11 3.02E-11 2.70E-11
  149.489    7  14 /pl=01:ss= 7:pb= 1:sz= 7/type=excit/ispb = t/isel =   28
 1.00E+10 1.00E+11 1.00E+12 1.00E+13 1.00E+14 1.00E+15 1.00E+16
 1.10E+00 1.65E+00 2.76E+00 5.51E+00 1.10E+01 2.76E+01 5.51E+01 8.27E+01
 1.10E+02 1.65E+02 2.76E+02 5.51E+02 1.10E+03 1.65E+03
 1.00E-74 1.14E-36 3.19E-26 1.88E-18 1.22E-14 1.86E-12 8.37E-12 1.28E-11
 1.54E-11 1.75E-11 1.81E-11 1.64E-11 1.34E-11 1.17E-11
 1.00E-74 1.14E-36 3.19E-26 1.88E-18 1.22E-14 1.86E-12 8.37E-12 1.28E-11
 1.54E-11 1.75E-11 1.81E-11 1.64E-11 1.34E-11 1.17E-11
 1.00E-74 1.14E-36 3.19E-26 1.88E-18 1.22E-14 1.86E-12 8.37E-12 1.28E-11
 1.54E-11 1.75E-11 1.81E-11 1.64E-11 1.34E-11 1.17E-11
 1.00E-74 1.14E-36 3.19E-26 1.88E-18 1.22E-14 1.86E-12 8.37E-12 1.28E-11
 1.54E-11 1.75E-11 1.81E-11 1.64E-11 1.34E-11 1.17E-11
 6.49E-50 1.14E-36 3.19E-26 1.87E-18 1.21E-14 1.86E-12 8.35E-12 1.28E-11
 1.53E-11 1.75E-11 1.81E-11 1.63E-11 1.34E-11 1.16E-11
 9.08E-50 1.16E-36 3.21E-26 1.86E-18 1.19E-14 1.81E-12 8.15E-12 1.25E-11
 1.50E-11 1.71E-11 1.77E-11 1.60E-11 1.32E-11 1.15E-11
 1.15E-49 1.41E-36 3.64E-26 1.91E-18 1.11E-14 1.54E-12 6.81E-12 1.05E-11
 1.26E-11 1.45E-11 1.53E-11 1.43E-11 1.21E-11 1.07E-11
  150.017    7  14 /pl=01:ss= 7:pb= 1:sz= 7/type=excit/ispb = t/isel =   29
 1.00E+10 1.00E+11 1.00E+12 1.00E+13 1.00E+14 1.00E+15 1.00E+16
 1.10E+00 1.65E+00 2.76E+00 5.51E+00 1.10E+01 2.76E+01 5.51E+01 8.27E+01
 1.10E+02 1.65E+02 2.76E+02 5.51E+02 1.10E+03 1.65E+03
 1.00E-74 2.25E-36 6.32E-26 3.71E-18 2.41E-14 3.69E-12 1.66E-11 2.54E-11
 3.04E-11 3.47E-11 3.58E-11 3.24E-11 2.66E-11 2.31E-11
 1.00E-74 2.25E-36 6.32E-26 3.71E-18 2.41E-14 3.69E-12 1.66E-11 2.54E-11
 3.04E-11 3.47E-11 3.58E-11 3.24E-11 2.66E-11 2.31E-11
 1.00E-74 2.25E-36 6.32E-26 3.71E-18 2.41E-14 3.69E-12 1.66E-11 2.54E-11
 3.04E-11 3.47E-11 3.58E-11 3.24E-11 2.66E-11 2.31E-11
 1.00E-74 2.25E-36 6.32E-26 3.71E-18 2.41E-14 3.69E-12 1.66E-11 2.54E-11
 3.04E-11 3.47E-11 3.58E-11 3.24E-11 2.66E-11 2.31E-11
 1.28E-49 2.25E-36 6.32E-26 3.71E-18 2.40E-14 3.68E-12 1.65E-11 2.53E-11
 3.03E-11 3.46E-11 3.57E-11 3.23E-11 2.65E-11 2.30E-11
 1.80E-49 2.29E-36 6.35E-26 3.68E-18 2.36E-14 3.59E-12 1.61E-11 2.47E-11
 2.96E-11 3.39E-11 3.50E-11 3.17E-11 2.62E-11 2.27E-11
 2.28E-49 2.78E-36 7.19E-26 3.77E-18 2.19E-14 3.06E-12 1.35E-11 2.07E-11
 2.49E-11 2.88E-11 3.02E-11 2.82E-11 2.40E-11 2.12E-11
  158.009    7  14 /pl=01:ss= 7:pb= 1:sz= 7/type=excit/ispb = t/isel =   30
 1.00E+10 1.00E+11 1.00E+12 1.00E+13 1.00E+14 1.00E+15 1.00E+16
 1.10E+00 1.65E+00 2.76E+00 5.51E+00 1.10E+01 2.76E+01 5.51E+01 8.27E+01
 1.10E+02 1.65E+02 2.76E+02 5.51E+02 1.10E+03 1.65E+03
 1.37E-40 2.23E-30 3.01E-22 3.27E-16 3.01E-13 1.59E-11 5.38E-11 7.76E-11
 9.18E-11 1.07E-10 1.19E-10 1.26E-10 1.24E-10 1.20E-10
 1.37E-40 2.23E-30 3.01E-22 3.27E-16 3.01E-13 1.59E-11 5.38E-11 7.76E-11
 9.18E-11 1.07E-10 1.19E-10 1.26E-10 1.24E-10 1.20E-10
 1.37E-40 2.23E-30 3.01E-22 3.27E-16 3.01E-13 1.59E-11 5.38E-11 7.76E-11
 9.18E-11 1.07E-10 1.19E-10 1.26E-10 1.24E-10 1.20E-10
 1.38E-40 2.24E-30 3.02E-22 3.28E-16 3.02E-13 1.59E-11 5.38E-11 7.77E-11
 9.18E-11 1.07E-10 1.19E-10 1.26E-10 1.24E-10 1.20E-10
 1.45E-40 2.33E-30 3.12E-22 3.36E-16 3.06E-13 1.60E-11 5.41E-11 7.80E-11
 9.21E-11 1.07E-10 1.19E-10 1.26E-10 1.24E-10 1.20E-10
 2.11E-40 3.22E-30 4.05E-22 4.07E-16 3.51E-13 1.73E-11 5.70E-11 8.11E-11
 9.52E-11 1.10E-10 1.21E-10 1.27E-10 1.24E-10 1.20E-10
 6.90E-40 9.99E-30 1.15E-21 9.97E-16 7.09E-13 2.75E-11 7.96E-11 1.07E-10
 1.21E-10 1.33E-10 1.38E-10 1.36E-10 1.27E-10 1.21E-10
  158.231    7  14 /pl=01:ss= 7:pb= 1:sz= 7/type=excit/ispb = t/isel =   31
 1.00E+10 1.00E+11 1.00E+12 1.00E+13 1.00E+14 1.00E+15 1.00E+16
 1.10E+00 1.65E+00 2.76E+00 5.51E+00 1.10E+01 2.76E+01 5.51E+01 8.27E+01
 1.10E+02 1.65E+02 2.76E+02 5.51E+02 1.10E+03 1.65E+03
 7.60E-41 1.20E-30 1.57E-22 1.67E-16 1.52E-13 8.00E-12 2.70E-11 3.90E-11
 4.61E-11 5.37E-11 5.96E-11 6.29E-11 6.20E-11 6.01E-11
 7.60E-41 1.20E-30 1.57E-22 1.67E-16 1.52E-13 8.00E-12 2.70E-11 3.90E-11
 4.61E-11 5.37E-11 5.96E-11 6.29E-11 6.20E-11 6.01E-11
 7.60E-41 1.20E-30 1.57E-22 1.67E-16 1.52E-13 8.00E-12 2.70E-11 3.90E-11
 4.61E-11 5.37E-11 5.96E-11 6.29E-11 6.20E-11 6.01E-11
 7.64E-41 1.20E-30 1.57E-22 1.68E-16 1.52E-13 8.00E-12 2.71E-11 3.90E-11
 4.61E-11 5.37E-11 5.96E-11 6.29E-11 6.20E-11 6.01E-11
 8.03E-41 1.25E-30 1.62E-22 1.72E-16 1.55E-13 8.07E-12 2.72E-11 3.92E-11
 4.63E-11 5.38E-11 5.97E-11 6.29E-11 6.20E-11 6.01E-11
 1.18E-40 1.74E-30 2.13E-22 2.10E-16 1.78E-13 8.76E-12 2.87E-11 4.08E-11
 4.79E-11 5.52E-11 6.08E-11 6.34E-11 6.22E-11 6.01E-11
 3.87E-40 5.44E-30 6.12E-22 5.19E-16 3.65E-13 1.41E-11 4.05E-11 5.43E-11
 6.13E-11 6.72E-11 6.97E-11 6.82E-11 6.39E-11 6.07E-11
  178.839    7  14 /pl=01:ss= 7:pb= 1:sz= 7/type=excit/ispb = t/isel =   32
 1.00E+10 1.00E+11 1.00E+12 1.00E+13 1.00E+14 1.00E+15 1.00E+16
 1.10E+00 1.65E+00 2.76E+00 5.51E+00 1.10E+01 2.76E+01 5.51E+01 8.27E+01
 1.10E+02 1.65E+02 2.76E+02 5.51E+02 1.10E+03 1.65E+03
 3.94E-44 8.24E-33 8.59E-24 4.31E-17 8.29E-14 6.38E-12 2.36E-11 3.46E-11
 4.09E-11 4.69E-11 4.98E-11 4.76E-11 4.15E-11 3.73E-11
 3.91E-44 8.24E-33 8.59E-24 4.31E-17 8.29E-14 6.38E-12 2.36E-11 3.46E-11
 4.09E-11 4.69E-11 4.98E-11 4.76E-11 4.15E-11 3.73E-11
 3.91E-44 8.24E-33 8.59E-24 4.31E-17 8.29E-14 6.38E-12 2.36E-11 3.46E-11
 4.09E-11 4.69E-11 4.98E-11 4.76E-11 4.15E-11 3.73E-11
 3.92E-44 8.26E-33 8.60E-24 4.31E-17 8.30E-14 6.39E-12 2.37E-11 3.46E-11
 4.10E-11 4.69E-11 4.98E-11 4.76E-11 4.15E-11 3.73E-11
 3.99E-44 8.38E-33 8.70E-24 4.35E-17 8.35E-14 6.41E-12 2.37E-11 3.47E-11
 4.10E-11 4.69E-11 4.99E-11 4.76E-11 4.16E-11 3.73E-11
 4.81E-44 9.77E-33 9.80E-24 4.73E-17 8.84E-14 6.65E-12 2.44E-11 3.55E-11
 4.19E-11 4.78E-11 5.06E-11 4.82E-11 4.20E-11 3.77E-11
 1.87E-43 3.28E-32 2.74E-23 1.04E-16 1.55E-13 9.42E-12 3.14E-11 4.42E-11
 5.11E-11 5.70E-11 5.92E-11 5.57E-11 4.83E-11 4.32E-11
  179.565    7  14 /pl=01:ss= 7:pb= 1:sz= 7/type=excit/ispb = t/isel =   33
 1.00E+10 1.00E+11 1.00E+12 1.00E+13 1.00E+14 1.00E+15 1.00E+16
 1.10E+00 1.65E+00 2.76E+00 5.51E+00 1.10E+01 2.76E+01 5.51E+01 8.27E+01
 1.10E+02 1.65E+02 2.76E+02 5.51E+02 1.10E+03 1.65E+03
 6.91E-44 1.47E-32 1.54E-23 7.73E-17 1.49E-13 1.15E-11 4.25E-11 6.23E-11
 7.36E-11 8.44E-11 8.95E-11 8.57E-11 7.48E-11 6.72E-11
 6.95E-44 1.47E-32 1.54E-23 7.73E-17 1.49E-13 1.15E-11 4.25E-11 6.23E-11
 7.36E-11 8.44E-11 8.95E-11 8.57E-11 7.48E-11 6.72E-11
 6.94E-44 1.47E-32 1.54E-23 7.73E-17 1.49E-13 1.15E-11 4.25E-11 6.23E-11
 7.36E-11 8.45E-11 8.95E-11 8.57E-11 7.48E-11 6.72E-11
 6.96E-44 1.47E-32 1.54E-23 7.74E-17 1.49E-13 1.15E-11 4.25E-11 6.23E-11
 7.36E-11 8.45E-11 8.95E-11 8.57E-11 7.48E-11 6.73E-11
 7.08E-44 1.49E-32 1.56E-23 7.80E-17 1.50E-13 1.15E-11 4.26E-11 6.25E-11
 7.38E-11 8.46E-11 8.96E-11 8.58E-11 7.49E-11 6.73E-11
 8.51E-44 1.74E-32 1.75E-23 8.47E-17 1.58E-13 1.19E-11 4.37E-11 6.38E-11
 7.52E-11 8.60E-11 9.09E-11 8.68E-11 7.57E-11 6.80E-11
 3.28E-43 5.78E-32 4.85E-23 1.84E-16 2.76E-13 1.68E-11 5.60E-11 7.89E-11
 9.11E-11 1.02E-10 1.06E-10 9.95E-11 8.63E-11 7.73E-11
  180.403    7  14 /pl=01:ss= 7:pb= 1:sz= 7/type=excit/ispb = t/isel =   34
 1.00E+10 1.00E+11 1.00E+12 1.00E+13 1.00E+14 1.00E+15 1.00E+16
 1.10E+00 1.65E+00 2.76E+00 5.51E+00 1.10E+01 2.76E+01 5.51E+01 8.27E+01
 1.10E+02 1.65E+02 2.76E+02 5.51E+02 1.10E+03 1.65E+03
 1.00E-74 1.00E-74 1.00E-74 1.33E-37 2.91E-24 3.39E-16 1.58E-13 1.15E-12
 3.00E-12 7.42E-12 1.41E-11 2.00E-11 2.05E-11 1.92E-11
 1.00E-74 1.00E-74 1.00E-74 1.33E-37 2.91E-24 3.39E-16 1.58E-13 1.15E-12
 3.00E-12 7.42E-12 1.41E-11 2.00E-11 2.05E-11 1.92E-11
 1.00E-74 1.00E-74 1.00E-74 1.33E-37 2.91E-24 3.39E-16 1.58E-13 1.15E-12
 3.00E-12 7.42E-12 1.41E-11 2.00E-11 2.05E-11 1.92E-11
 1.00E-74 1.00E-74 1.00E-74 1.33E-37 2.91E-24 3.39E-16 1.58E-13 1.15E-12
 3.00E-12 7.42E-12 1.41E-11 2.00E-11 2.05E-11 1.92E-11
 1.00E-74 1.00E-74 1.00E-74 1.34E-37 2.92E-24 3.39E-16 1.58E-13 1.15E-12
 2.99E-12 7.41E-12 1.41E-11 1.99E-11 2.04E-11 1.91E-11
 1.00E-74 1.00E-74 1.00E-74 1.40E-37 2.97E-24 3.37E-16 1.55E-13 1.13E-12
 2.95E-12 7.29E-12 1.39E-11 1.96E-11 2.02E-11 1.89E-11
 1.00E-74 1.00E-74 1.00E-74 1.82E-37 3.31E-24 3.12E-16 1.36E-13 9.81E-13
 2.54E-12 6.30E-12 1.20E-11 1.73E-11 1.80E-11 1.71E-11
  228.597    7  14 /pl=01:ss= 7:pb= 1:sz= 7/type=excit/ispb = t/isel =   35
 1.00E+10 1.00E+11 1.00E+12 1.00E+13 1.00E+14 1.00E+15 1.00E+16
 1.10E+00 1.65E+00 2.76E+00 5.51E+00 1.10E+01 2.76E+01 5.51E+01 8.27E+01
 1.10E+02 1.65E+02 2.76E+02 5.51E+02 1.10E+03 1.65E+03
 1.46E-37 3.21E-28 8.72E-21 2.83E-15 1.36E-12 4.40E-11 1.20E-10 1.56E-10
 1.72E-10 1.82E-10 1.77E-10 1.54E-10 1.24E-10 1.07E-10
 1.46E-37 3.21E-28 8.72E-21 2.83E-15 1.36E-12 4.40E-11 1.20E-10 1.56E-10
 1.72E-10 1.82E-10 1.77E-10 1.54E-10 1.24E-10 1.07E-10
 1.46E-37 3.21E-28 8.72E-21 2.83E-15 1.36E-12 4.40E-11 1.20E-10 1.56E-10
 1.72E-10 1.82E-10 1.77E-10 1.54E-10 1.24E-10 1.07E-10
 1.46E-37 3.21E-28 8.72E-21 2.83E-15 1.36E-12 4.40E-11 1.20E-10 1.56E-10
 1.72E-10 1.82E-10 1.77E-10 1.54E-10 1.24E-10 1.07E-10
 1.46E-37 3.22E-28 8.74E-21 2.83E-15 1.36E-12 4.40E-11 1.20E-10 1.55E-10
 1.71E-10 1.81E-10 1.77E-10 1.53E-10 1.24E-10 1.07E-10
 1.51E-37 3.30E-28 8.90E-21 2.86E-15 1.36E-12 4.36E-11 1.18E-10 1.54E-10
 1.70E-10 1.80E-10 1.75E-10 1.52E-10 1.23E-10 1.06E-10
 1.90E-37 4.03E-28 1.05E-20 3.15E-15 1.38E-12 4.10E-11 1.09E-10 1.41E-10
 1.56E-10 1.66E-10 1.63E-10 1.44E-10 1.19E-10 1.04E-10
  229.836    7  14 /pl=01:ss= 7:pb= 1:sz= 7/type=excit/ispb = t/isel =   36
 1.00E+10 1.00E+11 1.00E+12 1.00E+13 1.00E+14 1.00E+15 1.00E+16
 1.10E+00 1.65E+00 2.76E+00 5.51E+00 1.10E+01 2.76E+01 5.51E+01 8.27E+01
 1.10E+02 1.65E+02 2.76E+02 5.51E+02 1.10E+03 1.65E+03
 2.86E-37 6.31E-28 1.71E-20 5.55E-15 2.67E-12 8.64E-11 2.35E-10 3.05E-10
 3.37E-10 3.57E-10 3.47E-10 3.02E-10 2.43E-10 2.10E-10
 2.86E-37 6.31E-28 1.71E-20 5.55E-15 2.67E-12 8.64E-11 2.35E-10 3.05E-10
 3.37E-10 3.57E-10 3.47E-10 3.02E-10 2.43E-10 2.10E-10
 2.86E-37 6.31E-28 1.71E-20 5.55E-15 2.67E-12 8.64E-11 2.35E-10 3.05E-10
 3.37E-10 3.57E-10 3.47E-10 3.02E-10 2.43E-10 2.10E-10
 2.86E-37 6.31E-28 1.71E-20 5.55E-15 2.67E-12 8.64E-11 2.35E-10 3.05E-10
 3.37E-10 3.57E-10 3.47E-10 3.02E-10 2.43E-10 2.10E-10
 2.87E-37 6.32E-28 1.72E-20 5.56E-15 2.67E-12 8.64E-11 2.35E-10 3.05E-10
 3.37E-10 3.56E-10 3.47E-10 3.01E-10 2.43E-10 2.09E-10
 2.96E-37 6.49E-28 1.75E-20 5.62E-15 2.67E-12 8.57E-11 2.32E-10 3.02E-10
 3.33E-10 3.53E-10 3.43E-10 2.99E-10 2.41E-10 2.08E-10
 3.73E-37 7.91E-28 2.05E-20 6.19E-15 2.72E-12 8.05E-11 2.14E-10 2.78E-10
 3.07E-10 3.26E-10 3.21E-10 2.84E-10 2.33E-10 2.03E-10
  309.758    7  14 /pl=01:ss= 7:pb= 1:sz= 7/type=excit/ispb = t/isel =   37
 1.00E+10 1.00E+11 1.00E+12 1.00E+13 1.00E+14 1.00E+15 1.00E+16
 1.10E+00 1.65E+00 2.76E+00 5.51E+00 1.10E+01 2.76E+01 5.51E+01 8.27E+01
 1.10E+02 1.65E+02 2.76E+02 5.51E+02 1.10E+03 1.65E+03
 1.00E-74 1.00E-74 1.00E-74 1.47E-36 1.21E-23 5.34E-16 1.56E-13 9.56E-13
 2.27E-12 5.10E-12 8.97E-12 1.19E-11 1.18E-11 1.09E-11
 1.00E-74 1.00E-74 1.00E-74 1.47E-36 1.21E-23 5.34E-16 1.56E-13 9.56E-13
 2.27E-12 5.10E-12 8.97E-12 1.19E-11 1.18E-11 1.09E-11
 1.00E-74 1.00E-74 1.00E-74 1.47E-36 1.21E-23 5.34E-16 1.56E-13 9.56E-13
 2.27E-12 5.10E-12 8.97E-12 1.19E-11 1.18E-11 1.09E-11
 1.00E-74 1.00E-74 1.00E-74 1.47E-36 1.21E-23 5.34E-16 1.56E-13 9.56E-13
 2.27E-12 5.10E-12 8.97E-12 1.19E-11 1.18E-11 1.09E-11
 1.00E-74 1.00E-74 1.00E-74 1.47E-36 1.21E-23 5.33E-16 1.56E-13 9.54E-13
 2.26E-12 5.09E-12 8.95E-12 1.19E-11 1.18E-11 1.09E-11
 1.00E-74 1.00E-74 1.00E-74 1.46E-36 1.19E-23 5.23E-16 1.53E-13 9.35E-13
 2.22E-12 4.99E-12 8.79E-12 1.17E-11 1.16E-11 1.08E-11
 1.00E-74 1.00E-74 1.00E-74 1.39E-36 1.07E-23 4.42E-16 1.28E-13 7.83E-13
 1.87E-12 4.22E-12 7.50E-12 1.02E-11 1.03E-11 9.63E-12
  335.689    7  14 /pl=01:ss= 7:pb= 1:sz= 7/type=excit/ispb = t/isel =   38
 1.00E+10 1.00E+11 1.00E+12 1.00E+13 1.00E+14 1.00E+15 1.00E+16
 1.10E+00 1.65E+00 2.76E+00 5.51E+00 1.10E+01 2.76E+01 5.51E+01 8.27E+01
 1.10E+02 1.65E+02 2.76E+02 5.51E+02 1.10E+03 1.65E+03
 9.09E-41 1.48E-30 1.99E-22 2.17E-16 1.99E-13 1.05E-11 3.57E-11 5.14E-11
 6.08E-11 7.09E-11 7.88E-11 8.33E-11 8.21E-11 7.96E-11
 9.09E-41 1.48E-30 1.99E-22 2.17E-16 1.99E-13 1.05E-11 3.57E-11 5.14E-11
 6.08E-11 7.09E-11 7.88E-11 8.33E-11 8.21E-11 7.96E-11
 9.09E-41 1.48E-30 1.99E-22 2.17E-16 2.00E-13 1.05E-11 3.57E-11 5.14E-11
 6.08E-11 7.09E-11 7.88E-11 8.33E-11 8.21E-11 7.96E-11
 9.14E-41 1.49E-30 2.00E-22 2.17E-16 2.00E-13 1.05E-11 3.57E-11 5.14E-11
 6.08E-11 7.10E-11 7.88E-11 8.33E-11 8.21E-11 7.96E-11
 9.59E-41 1.55E-30 2.06E-22 2.22E-16 2.03E-13 1.06E-11 3.59E-11 5.17E-11
 6.10E-11 7.11E-11 7.89E-11 8.33E-11 8.21E-11 7.96E-11
 1.40E-40 2.14E-30 2.69E-22 2.70E-16 2.32E-13 1.15E-11 3.77E-11 5.38E-11
 6.31E-11 7.29E-11 8.02E-11 8.40E-11 8.22E-11 7.96E-11
 4.57E-40 6.62E-30 7.64E-22 6.60E-16 4.70E-13 1.82E-11 5.27E-11 7.08E-11
 8.00E-11 8.79E-11 9.14E-11 8.98E-11 8.42E-11 8.02E-11
  336.447    7  14 /pl=01:ss= 7:pb= 1:sz= 7/type=excit/ispb = t/isel =   39
 1.00E+10 1.00E+11 1.00E+12 1.00E+13 1.00E+14 1.00E+15 1.00E+16
 1.10E+00 1.65E+00 2.76E+00 5.51E+00 1.10E+01 2.76E+01 5.51E+01 8.27E+01
 1.10E+02 1.65E+02 2.76E+02 5.51E+02 1.10E+03 1.65E+03
 5.60E-41 8.82E-31 1.16E-22 1.23E-16 1.12E-13 5.90E-12 1.99E-11 2.88E-11
 3.40E-11 3.96E-11 4.40E-11 4.64E-11 4.58E-11 4.43E-11
 5.60E-41 8.82E-31 1.16E-22 1.23E-16 1.12E-13 5.90E-12 1.99E-11 2.88E-11
 3.40E-11 3.96E-11 4.40E-11 4.64E-11 4.58E-11 4.43E-11
 5.61E-41 8.83E-31 1.16E-22 1.24E-16 1.12E-13 5.90E-12 1.99E-11 2.88E-11
 3.40E-11 3.96E-11 4.40E-11 4.64E-11 4.58E-11 4.43E-11
 5.64E-41 8.86E-31 1.16E-22 1.24E-16 1.12E-13 5.91E-12 2.00E-11 2.88E-11
 3.40E-11 3.96E-11 4.40E-11 4.64E-11 4.58E-11 4.43E-11
 5.93E-41 9.24E-31 1.20E-22 1.27E-16 1.14E-13 5.96E-12 2.01E-11 2.89E-11
 3.41E-11 3.97E-11 4.41E-11 4.64E-11 4.58E-11 4.43E-11
 8.71E-41 1.29E-30 1.57E-22 1.55E-16 1.32E-13 6.46E-12 2.12E-11 3.01E-11
 3.54E-11 4.08E-11 4.48E-11 4.68E-11 4.59E-11 4.44E-11
 2.85E-40 4.01E-30 4.52E-22 3.83E-16 2.69E-13 1.04E-11 2.99E-11 4.01E-11
 4.52E-11 4.96E-11 5.14E-11 5.03E-11 4.72E-11 4.48E-11
  457.927    7  14 /pl=01:ss= 7:pb= 1:sz= 7/type=excit/ispb = t/isel =   40
 1.00E+10 1.00E+11 1.00E+12 1.00E+13 1.00E+14 1.00E+15 1.00E+16
 1.10E+00 1.65E+00 2.76E+00 5.51E+00 1.10E+01 2.76E+01 5.51E+01 8.27E+01
 1.10E+02 1.65E+02 2.76E+02 5.51E+02 1.10E+03 1.65E+03
 1.00E-74 1.00E-74 1.00E-74 2.94E-39 5.26E-25 1.47E-16 7.93E-14 5.94E-13
 1.56E-12 3.90E-12 7.45E-12 1.06E-11 1.10E-11 1.04E-11
 1.00E-74 1.00E-74 1.00E-74 2.94E-39 5.26E-25 1.47E-16 7.93E-14 5.94E-13
 1.56E-12 3.90E-12 7.45E-12 1.06E-11 1.10E-11 1.04E-11
 1.00E-74 1.00E-74 1.00E-74 2.94E-39 5.26E-25 1.47E-16 7.93E-14 5.94E-13
 1.56E-12 3.90E-12 7.45E-12 1.06E-11 1.10E-11 1.04E-11
 1.00E-74 1.00E-74 1.00E-74 2.94E-39 5.26E-25 1.47E-16 7.93E-14 5.94E-13
 1.56E-12 3.90E-12 7.45E-12 1.06E-11 1.10E-11 1.04E-11
 1.00E-74 1.00E-74 1.00E-74 2.94E-39 5.26E-25 1.47E-16 7.92E-14 5.93E-13
 1.56E-12 3.89E-12 7.44E-12 1.06E-11 1.10E-11 1.03E-11
 1.00E-74 1.00E-74 1.00E-74 2.92E-39 5.22E-25 1.45E-16 7.80E-14 5.84E-13
 1.54E-12 3.83E-12 7.33E-12 1.05E-11 1.08E-11 1.02E-11
 1.00E-74 1.00E-74 1.00E-74 2.82E-39 4.85E-25 1.28E-16 6.82E-14 5.10E-13
 1.34E-12 3.36E-12 6.45E-12 9.31E-12 9.80E-12 9.32E-12
  484.421    7  14 /pl=01:ss= 7:pb= 1:sz= 7/type=excit/ispb = t/isel =   41
 1.00E+10 1.00E+11 1.00E+12 1.00E+13 1.00E+14 1.00E+15 1.00E+16
 1.10E+00 1.65E+00 2.76E+00 5.51E+00 1.10E+01 2.76E+01 5.51E+01 8.27E+01
 1.10E+02 1.65E+02 2.76E+02 5.51E+02 1.10E+03 1.65E+03
 1.00E-74 1.00E-74 1.00E-74 4.65E-39 8.33E-25 2.32E-16 1.26E-13 9.41E-13
 2.47E-12 6.17E-12 1.18E-11 1.68E-11 1.74E-11 1.64E-11
 1.00E-74 1.00E-74 1.00E-74 4.65E-39 8.33E-25 2.32E-16 1.26E-13 9.41E-13
 2.47E-12 6.17E-12 1.18E-11 1.68E-11 1.74E-11 1.64E-11
 1.00E-74 1.00E-74 1.00E-74 4.65E-39 8.33E-25 2.32E-16 1.26E-13 9.41E-13
 2.47E-12 6.17E-12 1.18E-11 1.68E-11 1.74E-11 1.64E-11
 1.00E-74 1.00E-74 1.00E-74 4.65E-39 8.33E-25 2.32E-16 1.26E-13 9.41E-13
 2.47E-12 6.17E-12 1.18E-11 1.68E-11 1.74E-11 1.64E-11
 1.00E-74 1.00E-74 1.00E-74 4.65E-39 8.33E-25 2.32E-16 1.25E-13 9.39E-13
 2.47E-12 6.16E-12 1.18E-11 1.68E-11 1.74E-11 1.64E-11
 1.00E-74 1.00E-74 1.00E-74 4.63E-39 8.26E-25 2.29E-16 1.24E-13 9.25E-13
 2.43E-12 6.07E-12 1.16E-11 1.66E-11 1.72E-11 1.62E-11
 1.00E-74 1.00E-74 1.00E-74 4.47E-39 7.68E-25 2.03E-16 1.08E-13 8.08E-13
 2.13E-12 5.32E-12 1.02E-11 1.47E-11 1.55E-11 1.47E-11
  485.512    7  14 /pl=01:ss= 7:pb= 1:sz= 7/type=excit/ispb = t/isel =   42
 1.00E+10 1.00E+11 1.00E+12 1.00E+13 1.00E+14 1.00E+15 1.00E+16
 1.10E+00 1.65E+00 2.76E+00 5.51E+00 1.10E+01 2.76E+01 5.51E+01 8.27E+01
 1.10E+02 1.65E+02 2.76E+02 5.51E+02 1.10E+03 1.65E+03
 1.00E-74 1.00E-74 1.00E-74 9.68E-39 1.73E-24 4.84E-16 2.61E-13 1.96E-12
 5.15E-12 1.28E-11 2.45E-11 3.50E-11 3.62E-11 3.41E-11
 1.00E-74 1.00E-74 1.00E-74 9.68E-39 1.73E-24 4.84E-16 2.61E-13 1.96E-12
 5.15E-12 1.28E-11 2.45E-11 3.50E-11 3.62E-11 3.41E-11
 1.00E-74 1.00E-74 1.00E-74 9.68E-39 1.73E-24 4.84E-16 2.61E-13 1.96E-12
 5.15E-12 1.28E-11 2.45E-11 3.50E-11 3.62E-11 3.41E-11
 1.00E-74 1.00E-74 1.00E-74 9.68E-39 1.73E-24 4.84E-16 2.61E-13 1.96E-12
 5.15E-12 1.28E-11 2.45E-11 3.50E-11 3.62E-11 3.41E-11
 1.00E-74 1.00E-74 1.00E-74 9.68E-39 1.73E-24 4.83E-16 2.61E-13 1.96E-12
 5.14E-12 1.28E-11 2.45E-11 3.50E-11 3.62E-11 3.40E-11
 1.00E-74 1.00E-74 1.00E-74 9.64E-39 1.72E-24 4.77E-16 2.57E-13 1.93E-12
 5.07E-12 1.26E-11 2.41E-11 3.45E-11 3.57E-11 3.37E-11
 1.00E-74 1.00E-74 1.00E-74 9.34E-39 1.60E-24 4.24E-16 2.26E-13 1.69E-12
 4.45E-12 1.11E-11 2.13E-11 3.08E-11 3.24E-11 3.08E-11
  519.016    7  14 /pl=01:ss= 7:pb= 1:sz= 7/type=excit/ispb = t/isel =   43
 1.00E+10 1.00E+11 1.00E+12 1.00E+13 1.00E+14 1.00E+15 1.00E+16
 1.10E+00 1.65E+00 2.76E+00 5.51E+00 1.10E+01 2.76E+01 5.51E+01 8.27E+01
 1.10E+02 1.65E+02 2.76E+02 5.51E+02 1.10E+03 1.65E+03
 6.43E-25 1.47E-19 2.60E-15 3.42E-12 1.05E-10 6.45E-10 9.96E-10 1.06E-09
 1.06E-09 1.00E-09 8.84E-10 7.01E-10 5.36E-10 4.52E-10
 6.43E-25 1.47E-19 2.60E-15 3.42E-12 1.05E-10 6.45E-10 9.96E-10 1.06E-09
 1.06E-09 1.00E-09 8.84E-10 7.01E-10 5.36E-10 4.52E-10
 6.44E-25 1.47E-19 2.60E-15 3.42E-12 1.05E-10 6.45E-10 9.96E-10 1.06E-09
 1.06E-09 1.00E-09 8.84E-10 7.01E-10 5.36E-10 4.53E-10
 6.46E-25 1.48E-19 2.61E-15 3.43E-12 1.05E-10 6.46E-10 9.97E-10 1.06E-09
 1.06E-09 1.00E-09 8.85E-10 7.01E-10 5.36E-10 4.53E-10
 6.73E-25 1.53E-19 2.68E-15 3.50E-12 1.06E-10 6.52E-10 1.01E-09 1.07E-09
 1.07E-09 1.01E-09 8.91E-10 7.05E-10 5.39E-10 4.55E-10
 9.22E-25 2.00E-19 3.34E-15 4.13E-12 1.20E-10 7.14E-10 1.09E-09 1.15E-09
 1.15E-09 1.08E-09 9.47E-10 7.46E-10 5.67E-10 4.77E-10
 2.48E-24 5.20E-19 8.18E-15 9.06E-12 2.31E-10 1.19E-09 1.71E-09 1.78E-09
 1.75E-09 1.63E-09 1.41E-09 1.10E-09 8.16E-10 6.77E-10
  524.854    7  14 /pl=01:ss= 7:pb= 1:sz= 7/type=excit/ispb = t/isel =   44
 1.00E+10 1.00E+11 1.00E+12 1.00E+13 1.00E+14 1.00E+15 1.00E+16
 1.10E+00 1.65E+00 2.76E+00 5.51E+00 1.10E+01 2.76E+01 5.51E+01 8.27E+01
 1.10E+02 1.65E+02 2.76E+02 5.51E+02 1.10E+03 1.65E+03
 1.12E-24 2.59E-19 4.61E-15 6.09E-12 1.87E-10 1.15E-09 1.78E-09 1.90E-09
 1.90E-09 1.79E-09 1.58E-09 1.25E-09 9.57E-10 8.10E-10
 1.12E-24 2.59E-19 4.61E-15 6.09E-12 1.87E-10 1.15E-09 1.78E-09 1.90E-09
 1.90E-09 1.79E-09 1.58E-09 1.25E-09 9.57E-10 8.10E-10
 1.12E-24 2.59E-19 4.61E-15 6.09E-12 1.87E-10 1.15E-09 1.78E-09 1.90E-09
 1.90E-09 1.79E-09 1.58E-09 1.25E-09 9.57E-10 8.10E-10
 1.13E-24 2.60E-19 4.63E-15 6.10E-12 1.87E-10 1.15E-09 1.78E-09 1.90E-09
 1.90E-09 1.79E-09 1.58E-09 1.25E-09 9.58E-10 8.10E-10
 1.17E-24 2.68E-19 4.74E-15 6.21E-12 1.89E-10 1.16E-09 1.79E-09 1.92E-09
 1.91E-09 1.81E-09 1.59E-09 1.26E-09 9.63E-10 8.14E-10
 1.59E-24 3.48E-19 5.86E-15 7.29E-12 2.14E-10 1.27E-09 1.93E-09 2.05E-09
 2.04E-09 1.92E-09 1.69E-09 1.33E-09 1.01E-09 8.52E-10
 4.22E-24 8.92E-19 1.41E-14 1.57E-11 4.04E-10 2.08E-09 2.98E-09 3.13E-09
 3.07E-09 2.86E-09 2.48E-09 1.93E-09 1.43E-09 1.19E-09
  525.447    7  14 /pl=01:ss= 7:pb= 1:sz= 7/type=excit/ispb = t/isel =   45
 1.00E+10 1.00E+11 1.00E+12 1.00E+13 1.00E+14 1.00E+15 1.00E+16
 1.10E+00 1.65E+00 2.76E+00 5.51E+00 1.10E+01 2.76E+01 5.51E+01 8.27E+01
 1.10E+02 1.65E+02 2.76E+02 5.51E+02 1.10E+03 1.65E+03
 1.24E-25 2.83E-20 5.00E-16 6.58E-13 2.01E-11 1.24E-10 1.91E-10 2.04E-10
 2.04E-10 1.93E-10 1.70E-10 1.35E-10 1.03E-10 8.69E-11
 1.24E-25 2.83E-20 5.00E-16 6.58E-13 2.01E-11 1.24E-10 1.91E-10 2.04E-10
 2.04E-10 1.93E-10 1.70E-10 1.35E-10 1.03E-10 8.69E-11
 1.24E-25 2.83E-20 5.00E-16 6.58E-13 2.01E-11 1.24E-10 1.91E-10 2.04E-10
 2.04E-10 1.93E-10 1.70E-10 1.35E-10 1.03E-10 8.69E-11
 1.24E-25 2.84E-20 5.01E-16 6.59E-13 2.01E-11 1.24E-10 1.92E-10 2.05E-10
 2.04E-10 1.93E-10 1.70E-10 1.35E-10 1.03E-10 8.70E-11
 1.29E-25 2.94E-20 5.15E-16 6.72E-13 2.04E-11 1.25E-10 1.93E-10 2.06E-10
 2.05E-10 1.94E-10 1.71E-10 1.36E-10 1.04E-10 8.74E-11
 1.77E-25 3.85E-20 6.42E-16 7.93E-13 2.31E-11 1.37E-10 2.09E-10 2.22E-10
 2.20E-10 2.07E-10 1.82E-10 1.43E-10 1.09E-10 9.17E-11
 4.76E-25 9.99E-20 1.57E-15 1.74E-12 4.44E-11 2.29E-10 3.28E-10 3.42E-10
 3.36E-10 3.14E-10 2.72E-10 2.11E-10 1.57E-10 1.30E-10
  558.500    7  14 /pl=01:ss= 7:pb= 1:sz= 7/type=excit/ispb = t/isel =   46
 1.00E+10 1.00E+11 1.00E+12 1.00E+13 1.00E+14 1.00E+15 1.00E+16
 1.10E+00 1.65E+00 2.76E+00 5.51E+00 1.10E+01 2.76E+01 5.51E+01 8.27E+01
 1.10E+02 1.65E+02 2.76E+02 5.51E+02 1.10E+03 1.65E+03
 1.00E-74 7.93E-37 2.23E-26 1.31E-18 8.49E-15 1.30E-12 5.84E-12 8.95E-12
 1.07E-11 1.22E-11 1.26E-11 1.14E-11 9.38E-12 8.13E-12
 1.00E-74 7.93E-37 2.23E-26 1.31E-18 8.49E-15 1.30E-12 5.84E-12 8.95E-12
 1.07E-11 1.22E-11 1.26E-11 1.14E-11 9.38E-12 8.13E-12
 1.00E-74 7.93E-37 2.23E-26 1.31E-18 8.49E-15 1.30E-12 5.84E-12 8.95E-12
 1.07E-11 1.22E-11 1.26E-11 1.14E-11 9.38E-12 8.13E-12
 1.00E-74 7.93E-37 2.23E-26 1.31E-18 8.49E-15 1.30E-12 5.84E-12 8.94E-12
 1.07E-11 1.22E-11 1.26E-11 1.14E-11 9.38E-12 8.13E-12
 4.53E-50 7.94E-37 2.23E-26 1.31E-18 8.48E-15 1.30E-12 5.83E-12 8.92E-12
 1.07E-11 1.22E-11 1.26E-11 1.14E-11 9.36E-12 8.12E-12
 6.34E-50 8.07E-37 2.24E-26 1.30E-18 8.32E-15 1.27E-12 5.68E-12 8.71E-12
 1.04E-11 1.19E-11 1.23E-11 1.12E-11 9.22E-12 8.02E-12
 8.06E-50 9.80E-37 2.54E-26 1.33E-18 7.73E-15 1.08E-12 4.75E-12 7.30E-12
 8.79E-12 1.01E-11 1.07E-11 9.95E-12 8.46E-12 7.48E-12
  561.278    7  14 /pl=01:ss= 7:pb= 1:sz= 7/type=excit/ispb = t/isel =   47
 1.00E+10 1.00E+11 1.00E+12 1.00E+13 1.00E+14 1.00E+15 1.00E+16
 1.10E+00 1.65E+00 2.76E+00 5.51E+00 1.10E+01 2.76E+01 5.51E+01 8.27E+01
 1.10E+02 1.65E+02 2.76E+02 5.51E+02 1.10E+03 1.65E+03
 1.00E-74 1.56E-36 4.39E-26 2.58E-18 1.68E-14 2.56E-12 1.15E-11 1.76E-11
 2.11E-11 2.41E-11 2.49E-11 2.25E-11 1.85E-11 1.60E-11
 1.00E-74 1.56E-36 4.39E-26 2.58E-18 1.68E-14 2.56E-12 1.15E-11 1.76E-11
 2.11E-11 2.41E-11 2.49E-11 2.25E-11 1.85E-11 1.60E-11
 1.00E-74 1.56E-36 4.39E-26 2.58E-18 1.68E-14 2.56E-12 1.15E-11 1.76E-11
 2.11E-11 2.41E-11 2.49E-11 2.25E-11 1.85E-11 1.60E-11
 1.00E-74 1.56E-36 4.39E-26 2.58E-18 1.67E-14 2.56E-12 1.15E-11 1.76E-11
 2.11E-11 2.41E-11 2.49E-11 2.25E-11 1.85E-11 1.60E-11
 8.93E-50 1.57E-36 4.39E-26 2.58E-18 1.67E-14 2.56E-12 1.15E-11 1.76E-11
 2.11E-11 2.41E-11 2.48E-11 2.25E-11 1.85E-11 1.60E-11
 1.25E-49 1.59E-36 4.41E-26 2.56E-18 1.64E-14 2.50E-12 1.12E-11 1.72E-11
 2.06E-11 2.35E-11 2.43E-11 2.21E-11 1.82E-11 1.58E-11
 1.59E-49 1.93E-36 5.00E-26 2.62E-18 1.52E-14 2.13E-12 9.37E-12 1.44E-11
 1.73E-11 2.00E-11 2.10E-11 1.96E-11 1.67E-11 1.47E-11
  692.280    7  14 /pl=01:ss= 7:pb= 1:sz= 7/type=excit/ispb = t/isel =   48
 1.00E+10 1.00E+11 1.00E+12 1.00E+13 1.00E+14 1.00E+15 1.00E+16
 1.10E+00 1.65E+00 2.76E+00 5.51E+00 1.10E+01 2.76E+01 5.51E+01 8.27E+01
 1.10E+02 1.65E+02 2.76E+02 5.51E+02 1.10E+03 1.65E+03
 1.80E-14 3.32E-12 1.96E-10 3.62E-09 1.36E-08 2.58E-08 2.88E-08 2.85E-08
 2.78E-08 2.61E-08 2.36E-08 2.00E-08 1.63E-08 1.44E-08
 1.80E-14 3.32E-12 1.96E-10 3.62E-09 1.36E-08 2.58E-08 2.88E-08 2.85E-08
 2.78E-08 2.61E-08 2.36E-08 2.00E-08 1.63E-08 1.44E-08
 1.80E-14 3.31E-12 1.96E-10 3.62E-09 1.36E-08 2.58E-08 2.88E-08 2.85E-08
 2.78E-08 2.61E-08 2.36E-08 2.00E-08 1.63E-08 1.44E-08
 1.80E-14 3.31E-12 1.96E-10 3.62E-09 1.36E-08 2.58E-08 2.88E-08 2.85E-08
 2.78E-08 2.61E-08 2.36E-08 2.00E-08 1.63E-08 1.44E-08
 1.80E-14 3.31E-12 1.95E-10 3.61E-09 1.36E-08 2.57E-08 2.87E-08 2.84E-08
 2.77E-08 2.61E-08 2.36E-08 1.99E-08 1.63E-08 1.43E-08
 1.74E-14 3.22E-12 1.91E-10 3.55E-09 1.33E-08 2.52E-08 2.81E-08 2.79E-08
 2.72E-08 2.56E-08 2.31E-08 1.96E-08 1.61E-08 1.41E-08
 1.32E-14 2.55E-12 1.59E-10 3.05E-09 1.13E-08 2.09E-08 2.33E-08 2.32E-08
 2.27E-08 2.15E-08 1.96E-08 1.69E-08 1.41E-08 1.26E-08
  703.768    7  14 /pl=01:ss= 7:pb= 1:sz= 7/type=excit/ispb = t/isel =   49
 1.00E+10 1.00E+11 1.00E+12 1.00E+13 1.00E+14 1.00E+15 1.00E+16
 1.10E+00 1.65E+00 2.76E+00 5.51E+00 1.10E+01 2.76E+01 5.51E+01 8.27E+01
 1.10E+02 1.65E+02 2.76E+02 5.51E+02 1.10E+03 1.65E+03
 1.18E-14 1.99E-12 1.10E-10 1.93E-09 7.02E-09 1.31E-08 1.46E-08 1.44E-08
 1.40E-08 1.32E-08 1.19E-08 1.00E-08 8.21E-09 7.23E-09
 1.18E-14 1.99E-12 1.10E-10 1.93E-09 7.02E-09 1.31E-08 1.46E-08 1.44E-08
 1.40E-08 1.32E-08 1.19E-08 1.00E-08 8.21E-09 7.23E-09
 1.18E-14 1.99E-12 1.10E-10 1.93E-09 7.02E-09 1.31E-08 1.46E-08 1.44E-08
 1.40E-08 1.32E-08 1.19E-08 1.00E-08 8.21E-09 7.23E-09
 1.18E-14 1.99E-12 1.10E-10 1.93E-09 7.01E-09 1.31E-08 1.46E-08 1.44E-08
 1.40E-08 1.32E-08 1.19E-08 1.00E-08 8.21E-09 7.23E-09
 1.18E-14 1.98E-12 1.10E-10 1.92E-09 7.00E-09 1.31E-08 1.45E-08 1.44E-08
 1.40E-08 1.32E-08 1.19E-08 1.00E-08 8.19E-09 7.22E-09
 1.14E-14 1.93E-12 1.07E-10 1.89E-09 6.87E-09 1.28E-08 1.42E-08 1.41E-08
 1.37E-08 1.29E-08 1.17E-08 9.84E-09 8.07E-09 7.12E-09
 8.52E-15 1.51E-12 8.79E-11 1.61E-09 5.81E-09 1.06E-08 1.17E-08 1.17E-08
 1.14E-08 1.08E-08 9.88E-09 8.47E-09 7.09E-09 6.34E-09
  739.558    7  14 /pl=01:ss= 7:pb= 1:sz= 7/type=excit/ispb = t/isel =   50
 1.00E+10 1.00E+11 1.00E+12 1.00E+13 1.00E+14 1.00E+15 1.00E+16
 1.10E+00 1.65E+00 2.76E+00 5.51E+00 1.10E+01 2.76E+01 5.51E+01 8.27E+01
 1.10E+02 1.65E+02 2.76E+02 5.51E+02 1.10E+03 1.65E+03
 1.00E-74 5.54E-38 3.36E-27 3.63E-19 3.37E-15 6.84E-13 3.51E-12 5.78E-12
 7.29E-12 9.04E-12 1.06E-11 1.16E-11 1.17E-11 1.14E-11
 1.00E-74 5.54E-38 3.36E-27 3.63E-19 3.37E-15 6.84E-13 3.51E-12 5.78E-12
 7.29E-12 9.04E-12 1.06E-11 1.16E-11 1.17E-11 1.14E-11
 1.00E-74 5.54E-38 3.36E-27 3.63E-19 3.37E-15 6.84E-13 3.51E-12 5.78E-12
 7.29E-12 9.04E-12 1.06E-11 1.16E-11 1.17E-11 1.14E-11
 1.00E-74 5.56E-38 3.37E-27 3.64E-19 3.37E-15 6.85E-13 3.51E-12 5.78E-12
 7.30E-12 9.04E-12 1.06E-11 1.16E-11 1.17E-11 1.14E-11
 1.00E-74 5.79E-38 3.48E-27 3.71E-19 3.42E-15 6.89E-13 3.52E-12 5.80E-12
 7.31E-12 9.05E-12 1.06E-11 1.16E-11 1.17E-11 1.14E-11
 4.23E-51 7.89E-38 4.47E-27 4.45E-19 3.85E-15 7.33E-13 3.65E-12 5.96E-12
 7.47E-12 9.19E-12 1.06E-11 1.16E-11 1.16E-11 1.13E-11
 7.62E-51 2.20E-37 1.13E-26 9.44E-19 6.73E-15 1.03E-12 4.64E-12 7.18E-12
 8.73E-12 1.03E-11 1.13E-11 1.15E-11 1.12E-11 1.07E-11
c-------------------------------------------------------------------------------
 
C  root partition information
C  ==========================
C
C  nuclear charge : 18
C  ion charge+1   :  8
C
C  population calculation information
C  ----------------------------------
C
C  population processing code: adas810
C
C  adf04 source file    : adf04_copmm#18_ic_40#ar7.dat
C  adf18/a17_p208 file  : NULL
C
C  meta. ion. coeff. selector  : 
 
C  options  : lnorm =T  lpsel =F  lzsel =T  liosel=F
C           : lhsel =F  lrsel =F  lisel =F  lnsel =F
 
C  energy levels
C  -------------
C
C   lv      configuration    (2S+1)L(w-1/2)      energy (cm^-1)
C  ---   ------------------- --------------      --------------
c    1   14                     (2)0(  0.5)             0.0
c    2   15                     (2)1(  0.5)        142092.2
c    3   15                     (2)1(  1.5)        144450.3
c    4   16                     (2)2(  1.5)        334764.5
c    5   16                     (2)2(  2.5)        334979.6
c    6   17                     (2)0(  0.5)        579542.7
c    7   18                     (2)1(  0.5)        631988.2
c    8   18                     (2)1(  1.5)        632874.6
c    9   19                     (2)2(  1.5)        701254.1
c   10   19                     (2)2(  2.5)        701351.1
c   11   1B                     (2)0(  0.5)        811039.3
c   12   1C                     (2)1(  0.5)        836139.8
c   13   1C                     (2)1(  1.5)        836567.0
c   14   1D                     (2)2(  1.5)        869055.3
c   15   1D                     (2)2(  2.5)        869105.5
c   16   1G                     (2)0(  0.5)        927219.3
c   17   1H                     (2)1(  0.5)        941108.0
c   18   1H                     (2)1(  1.5)        941346.3
c   19   1I                     (2)2(  1.5)        959382.5
c   20   1I                     (2)2(  2.5)        959411.7
c   21   1M                     (2)0(  0.5)        993781.8
c   22   1N                     (2)1(  0.5)       1002256.8
c   23   1N                     (2)1(  1.5)       1002402.9
c   24   1O                     (2)2(  1.5)       1013461.7
c   25   1O                     (2)2(  2.5)       1013480.2
c   26   1T                     (2)0(  0.5)       1035454.4
c   27   1U                     (2)1(  0.5)       1041000.1
c   28   1U                     (2)1(  1.5)       1041096.1
c   29   1V                     (2)2(  1.5)       1048367.9
c   30   1V                     (2)2(  2.5)       1048380.2
c   31   22553514515            (4)0(  1.5)       2075526.1
c   32   22553514515            (4)2(  3.5)       2086318.3
c   33   22553514515            (4)2(  2.5)       2087655.3
c   34   22553514515            (4)2(  1.5)       2090237.9
c   35   22553514515            (4)2(  0.5)       2093947.6
c   36   22553514515            (4)1(  2.5)       2096544.1
c   37   22553514515            (4)1(  1.5)       2098158.2
c   38   22553514515            (4)1(  0.5)       2103091.3
c   39   22553514515            (2)2(  1.5)       2108078.9
c   40   22553514515            (2)1(  0.5)       2108080.5
c   41   22553514515            (2)2(  2.5)       2112324.7
c   42   22553514515            (2)1(  1.5)       2112835.5
c   43   22553514515            (2)0(  0.5)       2119901.7
c   44   22553514515            (2)2(  2.5)       2148389.0
c   45   22553514515            (2)1(  1.5)       2154052.7
c   46   22553514515            (2)1(  0.5)       2166503.0
c   47   22553514515            (2)2(  1.5)       2167223.6
c   48   22553514515            (2)0(  0.5)       2190340.0
c   49   22553514516            (4)1(  0.5)       2291572.8
c   50   22553514516            (4)1(  1.5)       2293343.4
c   51   22553514516            (4)1(  2.5)       2296594.5
c   52   22553514516            (4)3(  4.5)       2298094.4
c   53   22553514516            (4)3(  3.5)       2300416.0
c   54   22553514516            (4)3(  2.5)       2303042.4
c   55   22553514516            (4)3(  1.5)       2306247.4
c   56   22553514516            (4)2(  3.5)       2308856.5
c   57   22553514516            (2)3(  2.5)       2310375.7
c   58   22553514516            (4)2(  0.5)       2311900.4
c   59   22553514516            (4)2(  1.5)       2314165.4
c   60   22553514516            (2)1(  1.5)       2320937.2
c   61   22553514516            (4)2(  2.5)       2320952.2
c   62   22553514516            (2)1(  0.5)       2322081.6
c   63   22553514516            (2)3(  3.5)       2323634.5
c   64   22553514516            (2)2(  2.5)       2324381.2
c   65   22553514516            (2)2(  1.5)       2326138.4
c   66   22553514516            (2)3(  3.5)       2327159.4
c   67   22553514516            (2)2(  2.5)       2333399.1
c   68   22553514516            (2)2(  1.5)       2340952.6
c   69   22553514516            (2)3(  2.5)       2346727.8
c   70   22553514516            (2)1(  0.5)       2347396.3
c   71   22553514516            (2)1(  1.5)       2353660.3
c   72   12563524               (2)0(  0.5)       2615917.0
c   73   22553514518            (4)0(  1.5)       2633541.9
c   74   22553514518            (4)2(  3.5)       2636217.1
c   75   22553514518            (4)2(  2.5)       2637070.0
c   76   22553514518            (4)2(  1.5)       2639250.8
c   77   22553514518            (4)1(  2.5)       2640357.8
c   78   22553514518            (2)1(  0.5)       2641719.9
c   79   22553514518            (2)2(  1.5)       2643415.3
c   80   22553514518            (2)2(  2.5)       2645074.7
c   81   22553514518            (2)1(  1.5)       2646341.5
c   82   22553514518            (4)1(  0.5)       2647793.3
c   83   22553514518            (2)0(  0.5)       2650580.7
c   84   22553514518            (4)1(  1.5)       2655179.9
c   85   22553514518            (4)2(  0.5)       2655797.0
c   86   22553514518            (2)1(  1.5)       2659519.7
c   87   22553514518            (2)2(  2.5)       2659663.3
c   88   22553514518            (2)2(  1.5)       2663338.2
c   89   22553514518            (2)1(  0.5)       2665174.5
c   90   22553514518            (2)0(  0.5)       2676492.9
c   91   22553514519            (4)1(  0.5)       2702614.1
c   92   22553514519            (4)1(  1.5)       2703710.7
c   93   22553514519            (4)1(  2.5)       2705578.7
c   94   22553514519            (4)3(  4.5)       2705773.5
c   95   22553514519            (4)3(  3.5)       2707049.2
c   96   22553514519            (4)3(  2.5)       2708663.9
c   97   22553514519            (2)3(  3.5)       2709401.2
c   98   22553514519            (2)2(  1.5)       2710369.7
c   99   22553514519            (2)1(  0.5)       2711830.0
c  100   22553514519            (2)1(  1.5)       2712707.9
c  101   22553514519            (4)2(  3.5)       2713068.8
c  102   22553514519            (2)3(  2.5)       2713402.3
c  103   22553514519            (2)2(  2.5)       2713610.9
c  104   22553514519            (4)2(  0.5)       2714434.6
c  105   22553514519            (4)2(  1.5)       2717368.5
c  106   12563514515            (4)1(  0.5)       2717740.9
c  107   12563514515            (4)1(  1.5)       2718775.3
c  108   12563514515            (4)1(  2.5)       2719384.9
c  109   22553514519            (4)2(  2.5)       2725233.3
c  110   22553514519            (4)3(  1.5)       2725771.2
c  111   22553514519            (2)3(  3.5)       2729318.3
c  112   22553514519            (2)3(  2.5)       2729408.7
c  113   22553514519            (2)1(  1.5)       2729522.1
c  114   22553514519            (2)2(  2.5)       2731271.3
c  115   22553514519            (2)1(  0.5)       2732253.8
c  116   2255351451A            (4)2(  0.5)       2732897.6
c  117   2255351451A            (4)2(  1.5)       2733232.0
c  118   22553514519            (2)2(  1.5)       2733345.0
c  119   2255351451A            (4)2(  2.5)       2733817.8
c  120   2255351451A            (4)4(  5.5)       2734057.4
c  121   2255351451A            (4)3(  3.5)       2734567.3
c  122   2255351451A            (4)4(  4.5)       2734681.7
c  123   2255351451A            (2)2(  1.5)       2736228.4
c  124   2255351451A            (4)4(  3.5)       2736407.4
c  125   2255351451A            (4)3(  2.5)       2736459.5
c  126   2255351451A            (2)4(  4.5)       2736502.5
c  127   2255351451A            (2)2(  2.5)       2740043.1
c  128   2255351451A            (2)4(  3.5)       2740061.2
c  129   2255351451A            (4)3(  1.5)       2741599.0
c  130   2255351451A            (2)3(  2.5)       2742196.4
c  131   2255351451A            (4)3(  4.5)       2742201.8
c  132   2255351451A            (2)3(  3.5)       2742637.8
c  133   12563514515            (2)1(  0.5)       2744197.3
c  134   12563514515            (2)1(  1.5)       2744653.4
c  135   2255351451A            (4)2(  3.5)       2752032.3
c  136   2255351451A            (4)4(  2.5)       2752094.4
c  137   2255351451A            (2)2(  1.5)       2756081.1
c  138   2255351451A            (2)2(  2.5)       2756595.5
c  139   2255351451A            (2)4(  4.5)       2756618.7
c  140   2255351451A            (2)3(  3.5)       2757025.6
c  141   2255351451A            (2)3(  2.5)       2760201.4
c  142   2255351451A            (2)4(  3.5)       2760375.4
c  143   12563514515            (2)1(  0.5)       2785403.5
c  144   12563514515            (2)1(  1.5)       2786020.2
c  145   12563514516            (4)2(  0.5)       2927752.7
c  146   12563514516            (4)2(  1.5)       2927815.5
c  147   12563514516            (4)2(  2.5)       2927920.7
c  148   12563514516            (4)2(  3.5)       2928069.0
c  149   12563514516            (2)2(  2.5)       2950621.4
c  150   12563514516            (2)2(  1.5)       2950629.3
c  151   12563514516            (2)2(  1.5)       2964724.9
c  152   12563514516            (2)2(  2.5)       2964938.1
c  153   12563514517            (4)0(  1.5)       3207525.1
c  154   12563514517            (2)0(  0.5)       3221760.6
c  155   12563514517            (2)0(  0.5)       3239025.1
c  156   12563514518            (4)1(  0.5)       3263707.4
c  157   12563514518            (4)1(  1.5)       3263994.9
c  158   12563514518            (4)1(  2.5)       3264547.2
c  159   12563514518            (2)1(  1.5)       3269985.3
c  160   12563514518            (2)1(  0.5)       3270266.3
c  161   12563514518            (2)1(  0.5)       3291820.1
c  162   12563514518            (2)1(  1.5)       3292743.8
c  163   12563514519            (4)2(  0.5)       3333189.9
c  164   12563514519            (4)2(  1.5)       3333213.3
c  165   12563514519            (4)2(  2.5)       3333252.8
c  166   12563514519            (4)2(  3.5)       3333309.2
c  167   12563514519            (2)2(  2.5)       3338260.1
c  168   12563514519            (2)2(  1.5)       3338300.8
c  169   12563514519            (2)2(  1.5)       3360859.0
c  170   12563514519            (2)2(  2.5)       3360979.5
 
 
 
c-------------------------------------------------------------------------------
 
C  superstage partition information
C  ================================
C
C  element symbol   : AR
C  parent template  : 
C  partition level  :  1
C  superstage label :  7
C
C  tabulation       : photon emissivity coefft (te,ne)
C  units            : ph. emis coef(cm^3 s^-1); te (ev); ne (cm^-3)
C
C  photon emissivity atomic transitions
C  ------------------------------------
C  
C   isel  wvlen(A)            transition                type  ispb nspb
C                                                             ispp nspp sz    tg pr wr
C  ----- ---------- ----------------------------------- ----- ---- ---- --    -- -- --
C      1   35.8935  144(2)1(  1.5)-  1(2)0(  0.5)       excit   1    1   7   104 41  1
C      2   36.4345  134(2)1(  1.5)-  1(2)0(  0.5)       excit   1    1   7    98 34  2
C      3   36.4405  133(2)1(  0.5)-  1(2)0(  0.5)       excit   1    1   7    97 49  3
C      4   36.5852  118(2)2(  1.5)-  1(2)0(  0.5)       excit   1    1   7    90 13  4
C      5   36.5998  115(2)1(  0.5)-  1(2)0(  0.5)       excit   1    1   7    87 14  5
C      6   36.6365  113(2)1(  1.5)-  1(2)0(  0.5)       excit   1    1   7    86 25  6
C      7   36.6869  110(4)3(  1.5)-  1(2)0(  0.5)       excit   1    1   7    85 30  7
C      8   36.7813  107(4)1(  1.5)-  1(2)0(  0.5)       excit   1    1   7    84 24  8
C      9   36.8003  105(4)2(  1.5)-  1(2)0(  0.5)       excit   1    1   7    82 21  9
C     10   36.8401  104(4)2(  0.5)-  1(2)0(  0.5)       excit   1    1   7    81 23 10
C     11   39.4571   90(2)0(  0.5)-  2(2)1(  0.5)       excit   1    1   7   194 42 11
C     12   39.4938   90(2)0(  0.5)-  3(2)1(  1.5)       excit   1    1   7   326 29 12
C     13   42.4870   71(2)1(  1.5)-  1(2)0(  0.5)       excit   1    1   7    57  5 13
C     14   42.6004   70(2)1(  0.5)-  1(2)0(  0.5)       excit   1    1   7    56  6 14
C     15   42.7177   68(2)2(  1.5)-  1(2)0(  0.5)       excit   1    1   7    55  8 15
C     16   43.2121   59(4)2(  1.5)-  1(2)0(  0.5)       excit   1    1   7    51 18 16
C     17   43.2545   58(4)2(  0.5)-  1(2)0(  0.5)       excit   1    1   7    50 33 17
C     18   47.3412   41(2)2(  2.5)-  1(2)0(  0.5)       excit   1    1   7    39 37 18
C     19   48.8222   48(2)0(  0.5)-  2(2)1(  0.5)       excit   1    1   7   162 17 19
C     20   48.8785   48(2)0(  0.5)-  3(2)1(  1.5)       excit   1    1   7   286 11 20
C     21   49.3971   46(2)1(  0.5)-  2(2)1(  0.5)       excit   1    1   7   160 44 21
C     22   50.6213   43(2)0(  0.5)-  3(2)1(  1.5)       excit   1    1   7   281 40 22
C     23   119.536   13(2)1(  1.5)-  1(2)0(  0.5)       excit   1    1   7    12 32 23
C     24   119.597   12(2)1(  0.5)-  1(2)0(  0.5)       excit   1    1   7    11 46 24
C     25   122.705   20(2)2(  2.5)-  3(2)1(  1.5)       excit   1    1   7   259 43 25
C     26   137.559   14(2)2(  1.5)-  2(2)1(  0.5)       excit   1    1   7   137 39 26
C     27   137.997   15(2)2(  2.5)-  3(2)1(  1.5)       excit   1    1   7   254 28 27
C     28   149.489   11(2)0(  0.5)-  2(2)1(  0.5)       excit   1    1   7   134 36 28
C     29   150.017   11(2)0(  0.5)-  3(2)1(  1.5)       excit   1    1   7   250 27 29
C     30   158.009    8(2)1(  1.5)-  1(2)0(  0.5)       excit   1    1   7     7 12 30
C     31   158.231    7(2)1(  0.5)-  1(2)0(  0.5)       excit   1    1   7     6 19 31
C     32   178.839    9(2)2(  1.5)-  2(2)1(  0.5)       excit   1    1   7   133 20 32
C     33   179.565   10(2)2(  2.5)-  3(2)1(  1.5)       excit   1    1   7   249 15 33
C     34   180.403  134(2)1(  1.5)- 48(2)0(  0.5)       excit   1    1   7  5610 35 34
C     35   228.597    6(2)0(  0.5)-  2(2)1(  0.5)       excit   1    1   7   130 10 35
C     36   229.836    6(2)0(  0.5)-  3(2)1(  1.5)       excit   1    1   7   245  7 36
C     37   309.758   90(2)0(  0.5)- 71(2)1(  1.5)       excit   1    1   7  7463 47 37
C     38   335.689    8(2)1(  1.5)-  5(2)2(  2.5)       excit   1    1   7   544 16 38
C     39   336.447    7(2)1(  0.5)-  4(2)2(  1.5)       excit   1    1   7   394 22 39
C     40   457.927  150(2)2(  1.5)-115(2)1(  0.5)       excit   1    1   7 10057 50 40
C     41   484.421  150(2)2(  1.5)-133(2)1(  0.5)       excit   1    1   7 10633 38 41
C     42   485.512  149(2)2(  2.5)-134(2)1(  1.5)       excit   1    1   7 10658 26 42
C     43   519.016    4(2)2(  1.5)-  2(2)1(  0.5)       excit   1    1   7   129  4 43
C     44   524.854    5(2)2(  2.5)-  3(2)1(  1.5)       excit   1    1   7   244  3 44
C     45   525.447    4(2)2(  1.5)-  3(2)1(  1.5)       excit   1    1   7   243  9 45
C     46   558.500   11(2)0(  0.5)-  7(2)1(  0.5)       excit   1    1   7   810 45 46
C     47   561.278   11(2)0(  0.5)-  8(2)1(  1.5)       excit   1    1   7   921 31 47
C     48   692.280    3(2)1(  1.5)-  1(2)0(  0.5)       excit   1    1   7     2  1 48
C     49   703.768    2(2)1(  0.5)-  1(2)0(  0.5)       excit   1    1   7     1  2 49
C     50   739.558   13(2)1(  1.5)- 10(2)2(  2.5)       excit   1    1   7  1210 48 50
c-------------------------------------------------------------------------------
                                                                                
C  code     : adas810
C  producer : Adam Foster
C  date     : 03/06/09
                                                                                
c-------------------------------------------------------------------------------
