   50    /AR:13 photon emissivity coefficients/
--------------------------------------------------------------------------------
    1    1    1    1    1    1    1    1    1    1    1    1    1    1
    1    1    1    1    1
--------------------------------------------------------------------------------
//#01/p00/ 00/p01/ 01/p02/ 02/p03/ 03/p04/ 04/p05/ 05/p06/ 06/p07/ 07/p08/ 08/  
      p09/ 09/p10/ 10/p11/ 11/p12/ 12/p13/ 13/p14/ 14/p15/ 15/p16/ 16/p17/ 17/  
      p18/ 18/                                                                  
--------------------------------------------------------------------------------
  4.04672    7  14 /pl=01:ss=13:pb= 1:sz=13/type=excit/ispb = t/isel =    1
 1.00E+10 1.00E+11 1.00E+12 1.00E+13 1.00E+14 1.00E+15 1.00E+16
 3.38E+00 5.07E+00 8.44E+00 1.69E+01 3.38E+01 8.44E+01 1.69E+02 2.53E+02
 3.38E+02 5.07E+02 8.44E+02 1.69E+03 3.38E+03 5.07E+03
 1.00E-74 1.00E-74 1.00E-74 1.00E-74 1.00E-74 7.50E-27 3.97E-19 1.38E-16
 2.46E-15 4.20E-14 3.75E-13 1.72E-12 3.37E-12 4.04E-12
 1.00E-74 1.00E-74 1.00E-74 1.00E-74 1.00E-74 4.91E-27 2.55E-19 8.88E-17
 1.59E-15 2.72E-14 2.46E-13 1.15E-12 2.33E-12 2.84E-12
 1.00E-74 1.00E-74 1.00E-74 1.00E-74 1.00E-74 3.39E-27 1.79E-19 6.21E-17
 1.11E-15 1.88E-14 1.68E-13 7.69E-13 1.51E-12 1.81E-12
 1.00E-74 1.00E-74 1.00E-74 1.00E-74 1.00E-74 3.16E-27 1.67E-19 5.82E-17
 1.04E-15 1.76E-14 1.56E-13 7.07E-13 1.36E-12 1.62E-12
 1.00E-74 1.00E-74 1.00E-74 1.00E-74 1.00E-74 3.13E-27 1.66E-19 5.78E-17
 1.03E-15 1.74E-14 1.54E-13 7.00E-13 1.35E-12 1.60E-12
 1.00E-74 1.00E-74 1.00E-74 1.00E-74 1.00E-74 3.11E-27 1.65E-19 5.73E-17
 1.02E-15 1.72E-14 1.53E-13 6.92E-13 1.33E-12 1.58E-12
 1.00E-74 1.00E-74 1.00E-74 1.00E-74 1.00E-74 3.00E-27 1.58E-19 5.43E-17
 9.62E-16 1.62E-14 1.44E-13 6.54E-13 1.27E-12 1.52E-12
  19.1012    7  14 /pl=01:ss=13:pb= 1:sz=13/type=excit/ispb = t/isel =    2
 1.00E+10 1.00E+11 1.00E+12 1.00E+13 1.00E+14 1.00E+15 1.00E+16
 3.38E+00 5.07E+00 8.44E+00 1.69E+01 3.38E+01 8.44E+01 1.69E+02 2.53E+02
 3.38E+02 5.07E+02 8.44E+02 1.69E+03 3.38E+03 5.07E+03
 1.00E-74 1.00E-74 6.31E-44 1.49E-27 2.26E-19 1.42E-14 4.75E-13 1.43E-12
 2.40E-12 3.87E-12 5.40E-12 6.51E-12 6.63E-12 6.45E-12
 1.00E-74 1.00E-74 4.26E-44 1.33E-27 1.72E-19 9.86E-15 3.25E-13 9.77E-13
 1.64E-12 2.66E-12 3.74E-12 4.59E-12 4.79E-12 4.73E-12
 1.00E-74 1.00E-74 3.41E-44 9.11E-28 1.19E-19 7.30E-15 2.43E-13 7.31E-13
 1.22E-12 1.97E-12 2.74E-12 3.29E-12 3.35E-12 3.26E-12
 1.00E-74 1.00E-74 2.42E-44 7.34E-28 1.09E-19 6.91E-15 2.31E-13 6.95E-13
 1.16E-12 1.87E-12 2.59E-12 3.08E-12 3.10E-12 2.99E-12
 1.00E-74 1.00E-74 2.18E-44 7.10E-28 1.08E-19 6.86E-15 2.30E-13 6.91E-13
 1.15E-12 1.86E-12 2.57E-12 3.05E-12 3.07E-12 2.95E-12
 1.00E-74 1.00E-74 2.15E-44 7.07E-28 1.07E-19 6.83E-15 2.28E-13 6.85E-13
 1.14E-12 1.83E-12 2.54E-12 3.02E-12 3.04E-12 2.93E-12
 1.00E-74 1.00E-74 2.15E-44 6.96E-28 1.04E-19 6.59E-15 2.18E-13 6.50E-13
 1.08E-12 1.73E-12 2.39E-12 2.85E-12 2.89E-12 2.80E-12
  20.3653    7  14 /pl=01:ss=13:pb= 1:sz=13/type=excit/ispb = t/isel =    3
 1.00E+10 1.00E+11 1.00E+12 1.00E+13 1.00E+14 1.00E+15 1.00E+16
 3.38E+00 5.07E+00 8.44E+00 1.69E+01 3.38E+01 8.44E+01 1.69E+02 2.53E+02
 3.38E+02 5.07E+02 8.44E+02 1.69E+03 3.38E+03 5.07E+03
 1.00E-74 1.00E-74 3.47E-42 1.10E-26 5.05E-19 1.54E-14 4.11E-13 1.15E-12
 1.90E-12 3.05E-12 4.38E-12 5.70E-12 6.41E-12 6.60E-12
 1.00E-74 1.00E-74 3.37E-42 9.73E-27 3.74E-19 1.03E-14 2.69E-13 7.55E-13
 1.24E-12 2.01E-12 2.91E-12 3.88E-12 4.48E-12 4.70E-12
 1.00E-74 1.00E-74 2.69E-42 6.35E-27 2.45E-19 7.24E-15 1.92E-13 5.39E-13
 8.85E-13 1.42E-12 2.03E-12 2.64E-12 2.97E-12 3.06E-12
 1.00E-74 1.00E-74 1.78E-42 4.92E-27 2.19E-19 6.78E-15 1.81E-13 5.08E-13
 8.33E-13 1.33E-12 1.90E-12 2.44E-12 2.71E-12 2.76E-12
 1.00E-74 1.00E-74 1.57E-42 4.73E-27 2.17E-19 6.73E-15 1.80E-13 5.04E-13
 8.27E-13 1.32E-12 1.88E-12 2.42E-12 2.68E-12 2.73E-12
 1.00E-74 1.00E-74 1.55E-42 4.72E-27 2.16E-19 6.71E-15 1.79E-13 5.02E-13
 8.22E-13 1.31E-12 1.87E-12 2.40E-12 2.65E-12 2.71E-12
 1.00E-74 1.00E-74 1.61E-42 4.77E-27 2.14E-19 6.56E-15 1.74E-13 4.85E-13
 7.91E-13 1.26E-12 1.78E-12 2.29E-12 2.55E-12 2.61E-12
  21.1029    7  14 /pl=01:ss=13:pb= 1:sz=13/type=excit/ispb = t/isel =    4
 1.00E+10 1.00E+11 1.00E+12 1.00E+13 1.00E+14 1.00E+15 1.00E+16
 3.38E+00 5.07E+00 8.44E+00 1.69E+01 3.38E+01 8.44E+01 1.69E+02 2.53E+02
 3.38E+02 5.07E+02 8.44E+02 1.69E+03 3.38E+03 5.07E+03
 1.00E-74 1.00E-74 1.82E-40 1.63E-25 4.00E-18 8.50E-14 2.00E-12 5.34E-12
 8.48E-12 1.30E-11 1.75E-11 2.06E-11 2.10E-11 2.04E-11
 1.00E-74 1.00E-74 1.76E-40 1.45E-25 3.05E-18 5.90E-14 1.36E-12 3.64E-12
 5.80E-12 8.93E-12 1.21E-11 1.45E-11 1.52E-11 1.50E-11
 1.00E-74 1.00E-74 1.44E-40 9.97E-26 2.11E-18 4.36E-14 1.02E-12 2.73E-12
 4.33E-12 6.63E-12 8.90E-12 1.04E-11 1.06E-11 1.03E-11
 1.00E-74 1.00E-74 1.02E-40 8.03E-26 1.92E-18 4.13E-14 9.72E-13 2.59E-12
 4.11E-12 6.28E-12 8.40E-12 9.75E-12 9.80E-12 9.45E-12
 1.00E-74 1.00E-74 9.17E-41 7.77E-26 1.90E-18 4.10E-14 9.66E-13 2.58E-12
 4.09E-12 6.24E-12 8.34E-12 9.67E-12 9.71E-12 9.35E-12
 1.00E-74 1.00E-74 9.05E-41 7.74E-26 1.89E-18 4.08E-14 9.60E-13 2.56E-12
 4.05E-12 6.17E-12 8.24E-12 9.56E-12 9.61E-12 9.27E-12
 1.00E-74 1.00E-74 9.04E-41 7.62E-26 1.84E-18 3.94E-14 9.18E-13 2.43E-12
 3.82E-12 5.81E-12 7.76E-12 9.04E-12 9.15E-12 8.87E-12
  21.2019    7  14 /pl=01:ss=13:pb= 1:sz=13/type=excit/ispb = t/isel =    5
 1.00E+10 1.00E+11 1.00E+12 1.00E+13 1.00E+14 1.00E+15 1.00E+16
 3.38E+00 5.07E+00 8.44E+00 1.69E+01 3.38E+01 8.44E+01 1.69E+02 2.53E+02
 3.38E+02 5.07E+02 8.44E+02 1.69E+03 3.38E+03 5.07E+03
 1.00E-74 1.00E-74 3.57E-41 3.20E-26 7.86E-19 1.67E-14 3.92E-13 1.05E-12
 1.67E-12 2.56E-12 3.44E-12 4.05E-12 4.12E-12 4.01E-12
 1.00E-74 1.00E-74 3.46E-41 2.85E-26 5.99E-19 1.16E-14 2.68E-13 7.15E-13
 1.14E-12 1.75E-12 2.38E-12 2.85E-12 2.98E-12 2.94E-12
 1.00E-74 1.00E-74 2.83E-41 1.96E-26 4.14E-19 8.56E-15 2.01E-13 5.35E-13
 8.50E-13 1.30E-12 1.75E-12 2.04E-12 2.08E-12 2.02E-12
 1.00E-74 1.00E-74 2.00E-41 1.58E-26 3.78E-19 8.11E-15 1.91E-13 5.09E-13
 8.08E-13 1.23E-12 1.65E-12 1.91E-12 1.93E-12 1.86E-12
 1.00E-74 1.00E-74 1.80E-41 1.53E-26 3.73E-19 8.06E-15 1.90E-13 5.06E-13
 8.02E-13 1.23E-12 1.64E-12 1.90E-12 1.91E-12 1.84E-12
 1.00E-74 1.00E-74 1.78E-41 1.52E-26 3.72E-19 8.02E-15 1.89E-13 5.02E-13
 7.95E-13 1.21E-12 1.62E-12 1.88E-12 1.89E-12 1.82E-12
 1.00E-74 1.00E-74 1.78E-41 1.50E-26 3.62E-19 7.74E-15 1.80E-13 4.76E-13
 7.51E-13 1.14E-12 1.52E-12 1.78E-12 1.80E-12 1.74E-12
  25.3179    7  14 /pl=01:ss=13:pb= 1:sz=13/type=excit/ispb = t/isel =    6
 1.00E+10 1.00E+11 1.00E+12 1.00E+13 1.00E+14 1.00E+15 1.00E+16
 3.38E+00 5.07E+00 8.44E+00 1.69E+01 3.38E+01 8.44E+01 1.69E+02 2.53E+02
 3.38E+02 5.07E+02 8.44E+02 1.69E+03 3.38E+03 5.07E+03
 1.00E-74 1.00E-74 1.35E-36 4.48E-24 7.17E-18 3.11E-14 4.40E-13 1.01E-12
 1.51E-12 2.22E-12 2.98E-12 3.71E-12 4.09E-12 4.16E-12
 1.00E-74 1.00E-74 1.43E-36 5.25E-24 9.33E-18 4.09E-14 5.74E-13 1.32E-12
 1.96E-12 2.87E-12 3.85E-12 4.75E-12 5.20E-12 5.26E-12
 1.00E-74 1.00E-74 1.95E-36 7.25E-24 1.15E-17 4.66E-14 6.47E-13 1.48E-12
 2.20E-12 3.23E-12 4.37E-12 5.46E-12 6.08E-12 6.21E-12
 1.00E-74 1.00E-74 2.63E-36 8.09E-24 1.19E-17 4.75E-14 6.58E-13 1.50E-12
 2.24E-12 3.29E-12 4.45E-12 5.57E-12 6.23E-12 6.39E-12
 1.00E-74 1.00E-74 2.79E-36 8.21E-24 1.19E-17 4.76E-14 6.58E-13 1.50E-12
 2.24E-12 3.29E-12 4.45E-12 5.58E-12 6.24E-12 6.40E-12
 1.00E-74 1.00E-74 2.82E-36 8.23E-24 1.19E-17 4.75E-14 6.55E-13 1.49E-12
 2.22E-12 3.26E-12 4.40E-12 5.52E-12 6.18E-12 6.35E-12
 1.00E-74 1.00E-74 2.91E-36 8.29E-24 1.18E-17 4.63E-14 6.32E-13 1.42E-12
 2.11E-12 3.08E-12 4.15E-12 5.22E-12 5.88E-12 6.06E-12
  26.2447    7  14 /pl=01:ss=13:pb= 1:sz=13/type=excit/ispb = t/isel =    7
 1.00E+10 1.00E+11 1.00E+12 1.00E+13 1.00E+14 1.00E+15 1.00E+16
 3.38E+00 5.07E+00 8.44E+00 1.69E+01 3.38E+01 8.44E+01 1.69E+02 2.53E+02
 3.38E+02 5.07E+02 8.44E+02 1.69E+03 3.38E+03 5.07E+03
 1.00E-74 1.00E-74 1.68E-35 1.98E-23 1.85E-17 5.71E-14 7.18E-13 1.59E-12
 2.32E-12 3.36E-12 4.46E-12 5.53E-12 6.11E-12 6.22E-12
 1.00E-74 1.00E-74 1.73E-35 2.14E-23 2.10E-17 6.53E-14 8.19E-13 1.81E-12
 2.65E-12 3.83E-12 5.08E-12 6.25E-12 6.86E-12 6.95E-12
 1.00E-74 1.00E-74 2.06E-35 2.55E-23 2.34E-17 7.01E-14 8.73E-13 1.93E-12
 2.83E-12 4.09E-12 5.45E-12 6.74E-12 7.44E-12 7.57E-12
 1.00E-74 1.00E-74 2.50E-35 2.72E-23 2.38E-17 7.08E-14 8.81E-13 1.95E-12
 2.85E-12 4.13E-12 5.50E-12 6.82E-12 7.54E-12 7.69E-12
 1.00E-74 1.00E-74 2.60E-35 2.74E-23 2.39E-17 7.09E-14 8.81E-13 1.95E-12
 2.85E-12 4.13E-12 5.50E-12 6.82E-12 7.55E-12 7.69E-12
 1.00E-74 1.00E-74 2.62E-35 2.74E-23 2.38E-17 7.06E-14 8.77E-13 1.94E-12
 2.83E-12 4.09E-12 5.44E-12 6.74E-12 7.47E-12 7.63E-12
 1.00E-74 1.00E-74 2.64E-35 2.72E-23 2.33E-17 6.84E-14 8.40E-13 1.84E-12
 2.68E-12 3.85E-12 5.12E-12 6.37E-12 7.11E-12 7.28E-12
  26.3354    7  14 /pl=01:ss=13:pb= 1:sz=13/type=excit/ispb = t/isel =    8
 1.00E+10 1.00E+11 1.00E+12 1.00E+13 1.00E+14 1.00E+15 1.00E+16
 3.38E+00 5.07E+00 8.44E+00 1.69E+01 3.38E+01 8.44E+01 1.69E+02 2.53E+02
 3.38E+02 5.07E+02 8.44E+02 1.69E+03 3.38E+03 5.07E+03
 1.00E-74 1.00E-74 1.40E-34 1.25E-22 9.75E-17 2.64E-13 3.21E-12 7.04E-12
 1.03E-11 1.48E-11 1.99E-11 2.49E-11 2.79E-11 2.86E-11
 1.00E-74 1.00E-74 1.36E-34 1.14E-22 7.76E-17 1.95E-13 2.34E-12 5.14E-12
 7.51E-12 1.09E-11 1.46E-11 1.86E-11 2.12E-11 2.21E-11
 1.00E-74 1.00E-74 1.16E-34 8.42E-23 5.80E-17 1.54E-13 1.87E-12 4.11E-12
 5.99E-12 8.63E-12 1.15E-11 1.43E-11 1.60E-11 1.64E-11
 1.00E-74 1.00E-74 8.95E-35 7.16E-23 5.42E-17 1.48E-13 1.80E-12 3.96E-12
 5.76E-12 8.29E-12 1.10E-11 1.37E-11 1.51E-11 1.54E-11
 1.00E-74 1.00E-74 8.31E-35 6.99E-23 5.37E-17 1.47E-13 1.80E-12 3.94E-12
 5.74E-12 8.25E-12 1.10E-11 1.36E-11 1.49E-11 1.52E-11
 1.00E-74 1.00E-74 8.26E-35 6.97E-23 5.36E-17 1.47E-13 1.79E-12 3.91E-12
 5.69E-12 8.16E-12 1.08E-11 1.34E-11 1.48E-11 1.51E-11
 1.00E-74 1.00E-74 8.41E-35 6.97E-23 5.26E-17 1.42E-13 1.72E-12 3.73E-12
 5.40E-12 7.72E-12 1.02E-11 1.27E-11 1.41E-11 1.44E-11
  26.4897    7  14 /pl=01:ss=13:pb= 1:sz=13/type=excit/ispb = t/isel =    9
 1.00E+10 1.00E+11 1.00E+12 1.00E+13 1.00E+14 1.00E+15 1.00E+16
 3.38E+00 5.07E+00 8.44E+00 1.69E+01 3.38E+01 8.44E+01 1.69E+02 2.53E+02
 3.38E+02 5.07E+02 8.44E+02 1.69E+03 3.38E+03 5.07E+03
 1.00E-74 1.00E-74 5.78E-35 5.19E-23 4.03E-17 1.09E-13 1.33E-12 2.91E-12
 4.25E-12 6.13E-12 8.21E-12 1.03E-11 1.15E-11 1.18E-11
 1.00E-74 1.00E-74 5.64E-35 4.71E-23 3.21E-17 8.06E-14 9.69E-13 2.12E-12
 3.10E-12 4.49E-12 6.06E-12 7.70E-12 8.76E-12 9.12E-12
 1.00E-74 1.00E-74 4.81E-35 3.48E-23 2.40E-17 6.36E-14 7.74E-13 1.70E-12
 2.48E-12 3.57E-12 4.76E-12 5.93E-12 6.60E-12 6.77E-12
 1.00E-74 1.00E-74 3.70E-35 2.96E-23 2.24E-17 6.11E-14 7.46E-13 1.64E-12
 2.38E-12 3.43E-12 4.56E-12 5.65E-12 6.22E-12 6.35E-12
 1.00E-74 1.00E-74 3.44E-35 2.89E-23 2.22E-17 6.08E-14 7.42E-13 1.63E-12
 2.37E-12 3.41E-12 4.53E-12 5.61E-12 6.18E-12 6.29E-12
 1.00E-74 1.00E-74 3.41E-35 2.88E-23 2.22E-17 6.06E-14 7.38E-13 1.62E-12
 2.35E-12 3.37E-12 4.48E-12 5.55E-12 6.12E-12 6.24E-12
 1.00E-74 1.00E-74 3.48E-35 2.88E-23 2.18E-17 5.89E-14 7.10E-13 1.54E-12
 2.23E-12 3.19E-12 4.23E-12 5.25E-12 5.83E-12 5.97E-12
  26.5261    7  14 /pl=01:ss=13:pb= 1:sz=13/type=excit/ispb = t/isel =   10
 1.00E+10 1.00E+11 1.00E+12 1.00E+13 1.00E+14 1.00E+15 1.00E+16
 3.38E+00 5.07E+00 8.44E+00 1.69E+01 3.38E+01 8.44E+01 1.69E+02 2.53E+02
 3.38E+02 5.07E+02 8.44E+02 1.69E+03 3.38E+03 5.07E+03
 1.00E-74 1.00E-74 2.71E-35 2.00E-23 1.45E-17 3.89E-14 4.81E-13 1.07E-12
 1.56E-12 2.26E-12 2.99E-12 3.66E-12 3.98E-12 4.04E-12
 1.00E-74 1.00E-74 2.71E-35 1.97E-23 1.38E-17 3.60E-14 4.39E-13 9.69E-13
 1.42E-12 2.04E-12 2.71E-12 3.33E-12 3.65E-12 3.72E-12
 1.00E-74 1.00E-74 2.74E-35 1.90E-23 1.32E-17 3.42E-14 4.16E-13 9.15E-13
 1.34E-12 1.92E-12 2.54E-12 3.11E-12 3.40E-12 3.45E-12
 1.00E-74 1.00E-74 2.77E-35 1.87E-23 1.30E-17 3.40E-14 4.13E-13 9.07E-13
 1.32E-12 1.90E-12 2.52E-12 3.08E-12 3.35E-12 3.40E-12
 1.00E-74 1.00E-74 2.78E-35 1.87E-23 1.30E-17 3.39E-14 4.12E-13 9.06E-13
 1.32E-12 1.90E-12 2.51E-12 3.07E-12 3.34E-12 3.39E-12
 1.00E-74 1.00E-74 2.78E-35 1.87E-23 1.30E-17 3.38E-14 4.11E-13 9.02E-13
 1.31E-12 1.89E-12 2.49E-12 3.05E-12 3.32E-12 3.37E-12
 1.00E-74 1.00E-74 2.85E-35 1.87E-23 1.28E-17 3.30E-14 3.98E-13 8.69E-13
 1.26E-12 1.80E-12 2.38E-12 2.91E-12 3.19E-12 3.24E-12
  26.6032    7  14 /pl=01:ss=13:pb= 1:sz=13/type=excit/ispb = t/isel =   11
 1.00E+10 1.00E+11 1.00E+12 1.00E+13 1.00E+14 1.00E+15 1.00E+16
 3.38E+00 5.07E+00 8.44E+00 1.69E+01 3.38E+01 8.44E+01 1.69E+02 2.53E+02
 3.38E+02 5.07E+02 8.44E+02 1.69E+03 3.38E+03 5.07E+03
 1.00E-74 1.00E-74 1.23E-34 8.34E-23 5.60E-17 1.40E-13 1.68E-12 3.67E-12
 5.37E-12 7.75E-12 1.03E-11 1.28E-11 1.42E-11 1.45E-11
 1.00E-74 1.00E-74 1.19E-34 7.49E-23 4.33E-17 9.92E-14 1.17E-12 2.56E-12
 3.74E-12 5.42E-12 7.26E-12 9.18E-12 1.04E-11 1.08E-11
 1.00E-74 1.00E-74 9.89E-35 5.27E-23 3.07E-17 7.50E-14 8.96E-13 1.95E-12
 2.85E-12 4.10E-12 5.44E-12 6.73E-12 7.45E-12 7.60E-12
 1.00E-74 1.00E-74 7.19E-35 4.32E-23 2.83E-17 7.14E-14 8.56E-13 1.87E-12
 2.72E-12 3.91E-12 5.16E-12 6.33E-12 6.93E-12 7.02E-12
 1.00E-74 1.00E-74 6.55E-35 4.20E-23 2.80E-17 7.09E-14 8.51E-13 1.85E-12
 2.70E-12 3.88E-12 5.12E-12 6.28E-12 6.87E-12 6.95E-12
 1.00E-74 1.00E-74 6.48E-35 4.18E-23 2.79E-17 7.06E-14 8.46E-13 1.84E-12
 2.68E-12 3.84E-12 5.06E-12 6.22E-12 6.80E-12 6.89E-12
 1.00E-74 1.00E-74 6.52E-35 4.14E-23 2.72E-17 6.83E-14 8.11E-13 1.75E-12
 2.54E-12 3.63E-12 4.78E-12 5.89E-12 6.49E-12 6.60E-12
  26.6826    7  14 /pl=01:ss=13:pb= 1:sz=13/type=excit/ispb = t/isel =   12
 1.00E+10 1.00E+11 1.00E+12 1.00E+13 1.00E+14 1.00E+15 1.00E+16
 3.38E+00 5.07E+00 8.44E+00 1.69E+01 3.38E+01 8.44E+01 1.69E+02 2.53E+02
 3.38E+02 5.07E+02 8.44E+02 1.69E+03 3.38E+03 5.07E+03
 1.00E-74 1.00E-74 3.94E-35 2.91E-23 2.11E-17 5.67E-14 7.01E-13 1.55E-12
 2.28E-12 3.29E-12 4.36E-12 5.33E-12 5.80E-12 5.88E-12
 1.00E-74 1.00E-74 3.95E-35 2.87E-23 2.01E-17 5.24E-14 6.39E-13 1.41E-12
 2.06E-12 2.97E-12 3.95E-12 4.86E-12 5.32E-12 5.42E-12
 1.00E-74 1.00E-74 3.99E-35 2.77E-23 1.92E-17 4.99E-14 6.06E-13 1.33E-12
 1.95E-12 2.80E-12 3.70E-12 4.54E-12 4.95E-12 5.02E-12
 1.00E-74 1.00E-74 4.03E-35 2.73E-23 1.90E-17 4.95E-14 6.01E-13 1.32E-12
 1.93E-12 2.77E-12 3.67E-12 4.48E-12 4.88E-12 4.95E-12
 1.00E-74 1.00E-74 4.04E-35 2.73E-23 1.89E-17 4.94E-14 6.00E-13 1.32E-12
 1.92E-12 2.77E-12 3.66E-12 4.47E-12 4.87E-12 4.94E-12
 1.00E-74 1.00E-74 4.06E-35 2.72E-23 1.89E-17 4.93E-14 5.98E-13 1.31E-12
 1.91E-12 2.75E-12 3.63E-12 4.44E-12 4.83E-12 4.90E-12
 1.00E-74 1.00E-74 4.15E-35 2.73E-23 1.86E-17 4.80E-14 5.79E-13 1.27E-12
 1.84E-12 2.63E-12 3.47E-12 4.25E-12 4.64E-12 4.72E-12
  26.7606    7  14 /pl=01:ss=13:pb= 1:sz=13/type=excit/ispb = t/isel =   13
 1.00E+10 1.00E+11 1.00E+12 1.00E+13 1.00E+14 1.00E+15 1.00E+16
 3.38E+00 5.07E+00 8.44E+00 1.69E+01 3.38E+01 8.44E+01 1.69E+02 2.53E+02
 3.38E+02 5.07E+02 8.44E+02 1.69E+03 3.38E+03 5.07E+03
 1.00E-74 1.00E-74 3.27E-35 2.23E-23 1.49E-17 3.74E-14 4.49E-13 9.80E-13
 1.43E-12 2.07E-12 2.75E-12 3.41E-12 3.78E-12 3.86E-12
 1.00E-74 1.00E-74 3.18E-35 2.00E-23 1.15E-17 2.65E-14 3.13E-13 6.82E-13
 9.97E-13 1.45E-12 1.94E-12 2.45E-12 2.78E-12 2.88E-12
 1.00E-74 1.00E-74 2.64E-35 1.41E-23 8.20E-18 2.00E-14 2.39E-13 5.21E-13
 7.60E-13 1.09E-12 1.45E-12 1.80E-12 1.99E-12 2.03E-12
 1.00E-74 1.00E-74 1.92E-35 1.15E-23 7.54E-18 1.90E-14 2.28E-13 4.98E-13
 7.25E-13 1.04E-12 1.38E-12 1.69E-12 1.85E-12 1.87E-12
 1.00E-74 1.00E-74 1.75E-35 1.12E-23 7.47E-18 1.89E-14 2.27E-13 4.95E-13
 7.21E-13 1.04E-12 1.37E-12 1.68E-12 1.83E-12 1.86E-12
 1.00E-74 1.00E-74 1.73E-35 1.12E-23 7.44E-18 1.88E-14 2.26E-13 4.91E-13
 7.14E-13 1.02E-12 1.35E-12 1.66E-12 1.82E-12 1.84E-12
 1.00E-74 1.00E-74 1.74E-35 1.10E-23 7.25E-18 1.82E-14 2.16E-13 4.67E-13
 6.77E-13 9.68E-13 1.27E-12 1.57E-12 1.73E-12 1.76E-12
  26.7759    7  14 /pl=01:ss=13:pb= 1:sz=13/type=excit/ispb = t/isel =   14
 1.00E+10 1.00E+11 1.00E+12 1.00E+13 1.00E+14 1.00E+15 1.00E+16
 3.38E+00 5.07E+00 8.44E+00 1.69E+01 3.38E+01 8.44E+01 1.69E+02 2.53E+02
 3.38E+02 5.07E+02 8.44E+02 1.69E+03 3.38E+03 5.07E+03
 1.00E-74 1.00E-74 4.62E-35 3.12E-23 2.16E-17 5.59E-14 6.68E-13 1.46E-12
 2.12E-12 3.04E-12 4.02E-12 4.96E-12 5.44E-12 5.53E-12
 1.00E-74 1.00E-74 4.67E-35 3.17E-23 2.20E-17 5.59E-14 6.64E-13 1.44E-12
 2.10E-12 3.00E-12 3.97E-12 4.90E-12 5.38E-12 5.48E-12
 1.00E-74 1.00E-74 5.01E-35 3.32E-23 2.23E-17 5.60E-14 6.62E-13 1.44E-12
 2.08E-12 2.97E-12 3.94E-12 4.86E-12 5.33E-12 5.43E-12
 1.00E-74 1.00E-74 5.45E-35 3.38E-23 2.24E-17 5.60E-14 6.61E-13 1.43E-12
 2.08E-12 2.97E-12 3.94E-12 4.86E-12 5.32E-12 5.42E-12
 1.00E-74 1.00E-74 5.56E-35 3.39E-23 2.24E-17 5.60E-14 6.61E-13 1.43E-12
 2.08E-12 2.97E-12 3.94E-12 4.85E-12 5.32E-12 5.41E-12
 1.00E-74 1.00E-74 5.59E-35 3.40E-23 2.24E-17 5.58E-14 6.60E-13 1.43E-12
 2.08E-12 2.96E-12 3.92E-12 4.83E-12 5.30E-12 5.39E-12
 1.00E-74 1.00E-74 5.80E-35 3.44E-23 2.22E-17 5.48E-14 6.46E-13 1.40E-12
 2.03E-12 2.88E-12 3.80E-12 4.68E-12 5.13E-12 5.23E-12
  27.2221    7  14 /pl=01:ss=13:pb= 1:sz=13/type=excit/ispb = t/isel =   15
 1.00E+10 1.00E+11 1.00E+12 1.00E+13 1.00E+14 1.00E+15 1.00E+16
 3.38E+00 5.07E+00 8.44E+00 1.69E+01 3.38E+01 8.44E+01 1.69E+02 2.53E+02
 3.38E+02 5.07E+02 8.44E+02 1.69E+03 3.38E+03 5.07E+03
 1.00E-74 1.00E-74 1.42E-36 8.65E-24 1.76E-17 8.32E-14 1.17E-12 2.60E-12
 3.74E-12 5.12E-12 6.11E-12 6.15E-12 5.32E-12 4.74E-12
 1.00E-74 1.00E-74 1.40E-36 8.12E-24 1.51E-17 6.76E-14 9.38E-13 2.09E-12
 3.01E-12 4.13E-12 4.94E-12 5.01E-12 4.39E-12 3.95E-12
 1.00E-74 1.00E-74 1.28E-36 6.73E-24 1.26E-17 5.84E-14 8.14E-13 1.81E-12
 2.60E-12 3.56E-12 4.23E-12 4.25E-12 3.67E-12 3.26E-12
 1.00E-74 1.00E-74 1.12E-36 6.15E-24 1.21E-17 5.70E-14 7.96E-13 1.77E-12
 2.55E-12 3.48E-12 4.13E-12 4.12E-12 3.54E-12 3.13E-12
 1.00E-74 1.00E-74 1.08E-36 6.07E-24 1.21E-17 5.68E-14 7.94E-13 1.77E-12
 2.54E-12 3.46E-12 4.11E-12 4.10E-12 3.53E-12 3.12E-12
 1.00E-74 1.00E-74 1.09E-36 6.11E-24 1.21E-17 5.69E-14 7.93E-13 1.76E-12
 2.52E-12 3.44E-12 4.07E-12 4.07E-12 3.50E-12 3.10E-12
 1.00E-74 1.00E-74 1.22E-36 6.55E-24 1.25E-17 5.74E-14 7.85E-13 1.72E-12
 2.45E-12 3.33E-12 3.93E-12 3.94E-12 3.41E-12 3.03E-12
  27.3453    7  14 /pl=01:ss=13:pb= 1:sz=13/type=excit/ispb = t/isel =   16
 1.00E+10 1.00E+11 1.00E+12 1.00E+13 1.00E+14 1.00E+15 1.00E+16
 3.38E+00 5.07E+00 8.44E+00 1.69E+01 3.38E+01 8.44E+01 1.69E+02 2.53E+02
 3.38E+02 5.07E+02 8.44E+02 1.69E+03 3.38E+03 5.07E+03
 1.00E-74 1.00E-74 8.30E-33 2.65E-21 1.23E-15 2.40E-12 2.58E-11 5.38E-11
 7.59E-11 1.04E-10 1.30E-10 1.49E-10 1.51E-10 1.48E-10
 1.00E-74 1.00E-74 8.06E-33 2.36E-21 9.33E-16 1.66E-12 1.76E-11 3.67E-11
 5.18E-11 7.14E-11 9.02E-11 1.05E-10 1.09E-10 1.09E-10
 1.00E-74 1.00E-74 6.59E-33 1.62E-21 6.45E-16 1.23E-12 1.32E-11 2.74E-11
 3.87E-11 5.29E-11 6.61E-11 7.51E-11 7.64E-11 7.49E-11
 1.00E-74 1.00E-74 4.65E-33 1.31E-21 5.88E-16 1.16E-12 1.25E-11 2.61E-11
 3.67E-11 5.02E-11 6.24E-11 7.03E-11 7.07E-11 6.87E-11
 1.00E-74 1.00E-74 4.19E-33 1.26E-21 5.82E-16 1.16E-12 1.24E-11 2.59E-11
 3.65E-11 4.98E-11 6.19E-11 6.97E-11 7.00E-11 6.79E-11
 1.00E-74 1.95E-48 4.14E-33 1.26E-21 5.80E-16 1.15E-12 1.24E-11 2.57E-11
 3.62E-11 4.93E-11 6.12E-11 6.89E-11 6.93E-11 6.73E-11
 1.00E-74 1.75E-48 4.17E-33 1.25E-21 5.66E-16 1.12E-12 1.19E-11 2.45E-11
 3.43E-11 4.65E-11 5.77E-11 6.52E-11 6.60E-11 6.44E-11
  27.4415    7  14 /pl=01:ss=13:pb= 1:sz=13/type=excit/ispb = t/isel =   17
 1.00E+10 1.00E+11 1.00E+12 1.00E+13 1.00E+14 1.00E+15 1.00E+16
 3.38E+00 5.07E+00 8.44E+00 1.69E+01 3.38E+01 8.44E+01 1.69E+02 2.53E+02
 3.38E+02 5.07E+02 8.44E+02 1.69E+03 3.38E+03 5.07E+03
 1.00E-74 1.00E-74 1.89E-35 2.94E-23 3.08E-17 9.74E-14 1.19E-12 2.54E-12
 3.56E-12 4.76E-12 5.55E-12 5.47E-12 4.67E-12 4.10E-12
 1.00E-74 1.00E-74 1.89E-35 2.91E-23 2.95E-17 9.12E-14 1.11E-12 2.36E-12
 3.30E-12 4.41E-12 5.15E-12 5.08E-12 4.36E-12 3.83E-12
 1.00E-74 1.00E-74 1.92E-35 2.83E-23 2.82E-17 8.75E-14 1.06E-12 2.26E-12
 3.16E-12 4.22E-12 4.90E-12 4.82E-12 4.11E-12 3.60E-12
 1.00E-74 1.00E-74 1.95E-35 2.79E-23 2.80E-17 8.69E-14 1.06E-12 2.25E-12
 3.14E-12 4.19E-12 4.87E-12 4.78E-12 4.06E-12 3.56E-12
 1.00E-74 1.00E-74 1.97E-35 2.79E-23 2.80E-17 8.69E-14 1.06E-12 2.25E-12
 3.15E-12 4.20E-12 4.88E-12 4.79E-12 4.07E-12 3.57E-12
 1.00E-74 1.00E-74 2.01E-35 2.83E-23 2.82E-17 8.73E-14 1.07E-12 2.27E-12
 3.19E-12 4.28E-12 4.99E-12 4.92E-12 4.19E-12 3.68E-12
 1.00E-74 1.00E-74 2.40E-35 3.19E-23 3.03E-17 9.10E-14 1.12E-12 2.40E-12
 3.39E-12 4.58E-12 5.39E-12 5.37E-12 4.64E-12 4.10E-12
  27.4999    7  14 /pl=01:ss=13:pb= 1:sz=13/type=excit/ispb = t/isel =   18
 1.00E+10 1.00E+11 1.00E+12 1.00E+13 1.00E+14 1.00E+15 1.00E+16
 3.38E+00 5.07E+00 8.44E+00 1.69E+01 3.38E+01 8.44E+01 1.69E+02 2.53E+02
 3.38E+02 5.07E+02 8.44E+02 1.69E+03 3.38E+03 5.07E+03
 1.00E-74 1.00E-74 4.95E-35 5.80E-23 8.49E-17 2.97E-13 3.54E-12 7.39E-12
 1.03E-11 1.37E-11 1.60E-11 1.59E-11 1.37E-11 1.20E-11
 1.00E-74 1.00E-74 4.65E-34 4.61E-22 4.64E-16 1.20E-12 1.35E-11 2.80E-11
 3.92E-11 5.30E-11 6.40E-11 6.82E-11 6.39E-11 5.90E-11
 1.00E-74 1.00E-74 2.92E-33 1.51E-21 8.38E-16 1.74E-12 1.88E-11 3.91E-11
 5.50E-11 7.52E-11 9.29E-11 1.04E-10 1.03E-10 9.96E-11
 1.00E-74 1.00E-74 6.18E-33 1.96E-21 9.11E-16 1.82E-12 1.96E-11 4.07E-11
 5.74E-11 7.84E-11 9.73E-11 1.09E-10 1.10E-10 1.07E-10
 1.00E-74 1.00E-74 6.96E-33 2.02E-21 9.19E-16 1.83E-12 1.97E-11 4.09E-11
 5.75E-11 7.87E-11 9.77E-11 1.10E-10 1.11E-10 1.08E-10
 1.00E-74 2.29E-48 7.06E-33 2.02E-21 9.18E-16 1.82E-12 1.96E-11 4.06E-11
 5.70E-11 7.79E-11 9.65E-11 1.09E-10 1.10E-10 1.07E-10
 1.00E-74 2.96E-48 7.13E-33 2.01E-21 8.97E-16 1.76E-12 1.88E-11 3.86E-11
 5.40E-11 7.34E-11 9.09E-11 1.03E-10 1.04E-10 1.02E-10
  27.5117    7  14 /pl=01:ss=13:pb= 1:sz=13/type=excit/ispb = t/isel =   19
 1.00E+10 1.00E+11 1.00E+12 1.00E+13 1.00E+14 1.00E+15 1.00E+16
 3.38E+00 5.07E+00 8.44E+00 1.69E+01 3.38E+01 8.44E+01 1.69E+02 2.53E+02
 3.38E+02 5.07E+02 8.44E+02 1.69E+03 3.38E+03 5.07E+03
 1.00E-74 1.00E-74 1.62E-33 5.15E-22 2.39E-16 4.67E-13 5.01E-12 1.05E-11
 1.48E-11 2.02E-11 2.54E-11 2.89E-11 2.95E-11 2.89E-11
 1.00E-74 1.00E-74 1.57E-33 4.60E-22 1.82E-16 3.24E-13 3.42E-12 7.14E-12
 1.01E-11 1.39E-11 1.76E-11 2.04E-11 2.13E-11 2.12E-11
 1.00E-74 1.00E-74 1.28E-33 3.15E-22 1.26E-16 2.39E-13 2.56E-12 5.34E-12
 7.53E-12 1.03E-11 1.29E-11 1.46E-11 1.49E-11 1.46E-11
 1.00E-74 1.00E-74 9.06E-34 2.54E-22 1.14E-16 2.27E-13 2.44E-12 5.08E-12
 7.15E-12 9.77E-12 1.21E-11 1.37E-11 1.38E-11 1.34E-11
 1.00E-74 1.00E-74 8.16E-34 2.46E-22 1.13E-16 2.25E-13 2.42E-12 5.05E-12
 7.11E-12 9.70E-12 1.21E-11 1.36E-11 1.36E-11 1.32E-11
 1.00E-74 3.80E-49 8.06E-34 2.45E-22 1.13E-16 2.24E-13 2.41E-12 5.01E-12
 7.04E-12 9.59E-12 1.19E-11 1.34E-11 1.35E-11 1.31E-11
 1.00E-74 3.41E-49 8.11E-34 2.43E-22 1.10E-16 2.17E-13 2.31E-12 4.76E-12
 6.67E-12 9.05E-12 1.12E-11 1.27E-11 1.29E-11 1.25E-11
  28.1339    7  14 /pl=01:ss=13:pb= 1:sz=13/type=excit/ispb = t/isel =   20
 1.00E+10 1.00E+11 1.00E+12 1.00E+13 1.00E+14 1.00E+15 1.00E+16
 3.38E+00 5.07E+00 8.44E+00 1.69E+01 3.38E+01 8.44E+01 1.69E+02 2.53E+02
 3.38E+02 5.07E+02 8.44E+02 1.69E+03 3.38E+03 5.07E+03
 1.00E-74 1.00E-74 1.24E-36 7.66E-24 1.58E-17 7.59E-14 1.06E-12 2.37E-12
 3.41E-12 4.63E-12 5.50E-12 5.51E-12 4.76E-12 4.21E-12
 1.00E-74 1.00E-74 1.24E-36 7.45E-24 1.47E-17 6.81E-14 9.48E-13 2.11E-12
 3.03E-12 4.12E-12 4.91E-12 4.93E-12 4.29E-12 3.80E-12
 1.00E-74 1.00E-74 1.22E-36 6.93E-24 1.35E-17 6.36E-14 8.85E-13 1.96E-12
 2.83E-12 3.84E-12 4.55E-12 4.54E-12 3.92E-12 3.46E-12
 1.00E-74 1.00E-74 1.19E-36 6.70E-24 1.33E-17 6.29E-14 8.76E-13 1.94E-12
 2.80E-12 3.80E-12 4.50E-12 4.48E-12 3.85E-12 3.39E-12
 1.00E-74 1.00E-74 1.18E-36 6.67E-24 1.33E-17 6.28E-14 8.75E-13 1.94E-12
 2.79E-12 3.79E-12 4.49E-12 4.47E-12 3.84E-12 3.38E-12
 1.00E-74 1.00E-74 1.19E-36 6.68E-24 1.33E-17 6.27E-14 8.71E-13 1.93E-12
 2.77E-12 3.75E-12 4.44E-12 4.42E-12 3.81E-12 3.36E-12
 1.00E-74 1.00E-74 1.24E-36 6.79E-24 1.32E-17 6.14E-14 8.43E-13 1.85E-12
 2.64E-12 3.56E-12 4.21E-12 4.21E-12 3.65E-12 3.23E-12
  28.1979    7  14 /pl=01:ss=13:pb= 1:sz=13/type=excit/ispb = t/isel =   21
 1.00E+10 1.00E+11 1.00E+12 1.00E+13 1.00E+14 1.00E+15 1.00E+16
 3.38E+00 5.07E+00 8.44E+00 1.69E+01 3.38E+01 8.44E+01 1.69E+02 2.53E+02
 3.38E+02 5.07E+02 8.44E+02 1.69E+03 3.38E+03 5.07E+03
 1.00E-74 1.00E-74 1.41E-36 9.00E-24 1.95E-17 9.75E-14 1.38E-12 3.08E-12
 4.41E-12 6.02E-12 7.11E-12 7.03E-12 6.01E-12 5.25E-12
 1.00E-74 1.00E-74 1.47E-36 9.95E-24 2.31E-17 1.16E-13 1.64E-12 3.65E-12
 5.23E-12 7.12E-12 8.39E-12 8.27E-12 7.02E-12 6.11E-12
 1.00E-74 1.00E-74 1.83E-36 1.24E-23 2.66E-17 1.28E-13 1.78E-12 3.97E-12
 5.68E-12 7.75E-12 9.17E-12 9.11E-12 7.81E-12 6.86E-12
 1.00E-74 1.00E-74 2.29E-36 1.35E-23 2.73E-17 1.29E-13 1.80E-12 4.01E-12
 5.75E-12 7.84E-12 9.29E-12 9.25E-12 7.95E-12 7.00E-12
 1.00E-74 1.00E-74 2.41E-36 1.36E-23 2.73E-17 1.29E-13 1.81E-12 4.01E-12
 5.75E-12 7.84E-12 9.29E-12 9.25E-12 7.96E-12 7.00E-12
 1.00E-74 1.00E-74 2.43E-36 1.37E-23 2.73E-17 1.29E-13 1.80E-12 3.99E-12
 5.70E-12 7.76E-12 9.19E-12 9.15E-12 7.89E-12 6.95E-12
 1.00E-74 1.00E-74 2.53E-36 1.38E-23 2.71E-17 1.26E-13 1.74E-12 3.82E-12
 5.43E-12 7.36E-12 8.70E-12 8.70E-12 7.55E-12 6.68E-12
  28.2534    7  14 /pl=01:ss=13:pb= 1:sz=13/type=excit/ispb = t/isel =   22
 1.00E+10 1.00E+11 1.00E+12 1.00E+13 1.00E+14 1.00E+15 1.00E+16
 3.38E+00 5.07E+00 8.44E+00 1.69E+01 3.38E+01 8.44E+01 1.69E+02 2.53E+02
 3.38E+02 5.07E+02 8.44E+02 1.69E+03 3.38E+03 5.07E+03
 1.00E-74 1.00E-74 4.02E-37 3.33E-24 1.29E-17 7.95E-14 1.09E-12 2.35E-12
 3.27E-12 4.24E-12 4.63E-12 4.00E-12 2.93E-12 2.30E-12
 1.00E-74 1.00E-74 3.78E-36 2.65E-23 7.06E-17 3.24E-13 4.23E-12 9.07E-12
 1.27E-11 1.68E-11 1.91E-11 1.78E-11 1.42E-11 1.17E-11
 1.00E-74 1.00E-74 2.37E-35 8.68E-23 1.28E-16 4.68E-13 5.92E-12 1.27E-11
 1.79E-11 2.40E-11 2.78E-11 2.71E-11 2.30E-11 1.99E-11
 1.00E-74 1.00E-74 5.03E-35 1.12E-22 1.39E-16 4.90E-13 6.17E-12 1.32E-11
 1.87E-11 2.50E-11 2.91E-11 2.86E-11 2.46E-11 2.14E-11
 1.00E-74 1.00E-74 5.66E-35 1.16E-22 1.40E-16 4.92E-13 6.19E-12 1.33E-11
 1.87E-11 2.51E-11 2.93E-11 2.88E-11 2.47E-11 2.15E-11
 1.00E-74 1.00E-74 5.76E-35 1.16E-22 1.40E-16 4.91E-13 6.17E-12 1.32E-11
 1.86E-11 2.48E-11 2.89E-11 2.85E-11 2.45E-11 2.14E-11
 1.00E-74 1.00E-74 6.01E-35 1.18E-22 1.39E-16 4.81E-13 5.97E-12 1.27E-11
 1.77E-11 2.36E-11 2.75E-11 2.71E-11 2.35E-11 2.06E-11
  28.3484    7  14 /pl=01:ss=13:pb= 1:sz=13/type=excit/ispb = t/isel =   23
 1.00E+10 1.00E+11 1.00E+12 1.00E+13 1.00E+14 1.00E+15 1.00E+16
 3.38E+00 5.07E+00 8.44E+00 1.69E+01 3.38E+01 8.44E+01 1.69E+02 2.53E+02
 3.38E+02 5.07E+02 8.44E+02 1.69E+03 3.38E+03 5.07E+03
 1.00E-74 1.00E-74 7.80E-35 1.62E-22 1.92E-16 6.49E-13 8.13E-12 1.75E-11
 2.47E-11 3.32E-11 3.89E-11 3.86E-11 3.32E-11 2.93E-11
 1.00E-74 1.00E-74 7.62E-35 1.48E-22 1.54E-16 4.84E-13 5.98E-12 1.28E-11
 1.82E-11 2.45E-11 2.89E-11 2.91E-11 2.55E-11 2.28E-11
 1.00E-74 1.00E-74 6.55E-35 1.11E-22 1.17E-16 3.86E-13 4.82E-12 1.03E-11
 1.46E-11 1.96E-11 2.29E-11 2.26E-11 1.94E-11 1.71E-11
 1.00E-74 1.00E-74 5.12E-35 9.52E-23 1.09E-16 3.72E-13 4.65E-12 9.97E-12
 1.41E-11 1.88E-11 2.19E-11 2.16E-11 1.84E-11 1.61E-11
 1.00E-74 1.00E-74 4.79E-35 9.31E-23 1.09E-16 3.70E-13 4.63E-12 9.92E-12
 1.40E-11 1.87E-11 2.18E-11 2.14E-11 1.82E-11 1.60E-11
 1.00E-74 1.00E-74 4.76E-35 9.30E-23 1.08E-16 3.69E-13 4.61E-12 9.85E-12
 1.39E-11 1.85E-11 2.16E-11 2.12E-11 1.81E-11 1.58E-11
 1.00E-74 1.00E-74 4.91E-35 9.37E-23 1.07E-16 3.60E-13 4.45E-12 9.43E-12
 1.32E-11 1.76E-11 2.04E-11 2.02E-11 1.73E-11 1.52E-11
  28.3590    7  14 /pl=01:ss=13:pb= 1:sz=13/type=excit/ispb = t/isel =   24
 1.00E+10 1.00E+11 1.00E+12 1.00E+13 1.00E+14 1.00E+15 1.00E+16
 3.38E+00 5.07E+00 8.44E+00 1.69E+01 3.38E+01 8.44E+01 1.69E+02 2.53E+02
 3.38E+02 5.07E+02 8.44E+02 1.69E+03 3.38E+03 5.07E+03
 1.00E-74 1.00E-74 1.18E-35 2.45E-23 2.89E-17 9.79E-14 1.23E-12 2.63E-12
 3.72E-12 5.00E-12 5.86E-12 5.82E-12 5.01E-12 4.42E-12
 1.00E-74 1.00E-74 1.15E-35 2.23E-23 2.32E-17 7.29E-14 9.02E-13 1.93E-12
 2.74E-12 3.69E-12 4.35E-12 4.39E-12 3.85E-12 3.43E-12
 1.00E-74 1.00E-74 9.87E-36 1.67E-23 1.76E-17 5.83E-14 7.27E-13 1.56E-12
 2.20E-12 2.95E-12 3.45E-12 3.41E-12 2.93E-12 2.58E-12
 1.00E-74 1.00E-74 7.73E-36 1.44E-23 1.65E-17 5.61E-14 7.01E-13 1.50E-12
 2.12E-12 2.84E-12 3.31E-12 3.25E-12 2.77E-12 2.43E-12
 1.00E-74 1.00E-74 7.22E-36 1.40E-23 1.64E-17 5.58E-14 6.98E-13 1.50E-12
 2.11E-12 2.83E-12 3.29E-12 3.23E-12 2.75E-12 2.41E-12
 1.00E-74 1.00E-74 7.18E-36 1.40E-23 1.63E-17 5.56E-14 6.95E-13 1.49E-12
 2.09E-12 2.80E-12 3.25E-12 3.20E-12 2.73E-12 2.39E-12
 1.00E-74 1.00E-74 7.40E-36 1.41E-23 1.61E-17 5.43E-14 6.70E-13 1.42E-12
 1.99E-12 2.65E-12 3.08E-12 3.04E-12 2.61E-12 2.30E-12
  28.7043    7  14 /pl=01:ss=13:pb= 1:sz=13/type=excit/ispb = t/isel =   25
 1.00E+10 1.00E+11 1.00E+12 1.00E+13 1.00E+14 1.00E+15 1.00E+16
 3.38E+00 5.07E+00 8.44E+00 1.69E+01 3.38E+01 8.44E+01 1.69E+02 2.53E+02
 3.38E+02 5.07E+02 8.44E+02 1.69E+03 3.38E+03 5.07E+03
 1.00E-74 1.00E-74 3.53E-35 5.33E-23 5.38E-17 1.65E-13 2.01E-12 4.26E-12
 5.98E-12 8.01E-12 9.34E-12 9.27E-12 7.97E-12 7.02E-12
 1.00E-74 1.00E-74 3.45E-35 4.87E-23 4.33E-17 1.23E-13 1.48E-12 3.14E-12
 4.41E-12 5.93E-12 6.95E-12 6.99E-12 6.13E-12 5.47E-12
 1.00E-74 1.00E-74 2.97E-35 3.66E-23 3.29E-17 9.90E-14 1.20E-12 2.54E-12
 3.55E-12 4.75E-12 5.52E-12 5.45E-12 4.68E-12 4.12E-12
 1.00E-74 1.00E-74 2.34E-35 3.15E-23 3.09E-17 9.52E-14 1.15E-12 2.45E-12
 3.43E-12 4.58E-12 5.30E-12 5.20E-12 4.43E-12 3.88E-12
 1.00E-74 1.00E-74 2.19E-35 3.08E-23 3.06E-17 9.48E-14 1.15E-12 2.44E-12
 3.41E-12 4.55E-12 5.27E-12 5.17E-12 4.40E-12 3.85E-12
 1.00E-74 1.00E-74 2.18E-35 3.08E-23 3.06E-17 9.46E-14 1.15E-12 2.43E-12
 3.39E-12 4.53E-12 5.24E-12 5.15E-12 4.39E-12 3.84E-12
 1.00E-74 1.00E-74 2.29E-35 3.15E-23 3.06E-17 9.32E-14 1.12E-12 2.36E-12
 3.29E-12 4.38E-12 5.08E-12 5.02E-12 4.32E-12 3.80E-12
  28.9702    7  14 /pl=01:ss=13:pb= 1:sz=13/type=excit/ispb = t/isel =   26
 1.00E+10 1.00E+11 1.00E+12 1.00E+13 1.00E+14 1.00E+15 1.00E+16
 3.38E+00 5.07E+00 8.44E+00 1.69E+01 3.38E+01 8.44E+01 1.69E+02 2.53E+02
 3.38E+02 5.07E+02 8.44E+02 1.69E+03 3.38E+03 5.07E+03
 1.00E-74 1.00E-74 2.06E-35 4.75E-23 5.98E-17 2.13E-13 2.70E-12 5.81E-12
 8.21E-12 1.11E-11 1.29E-11 1.28E-11 1.10E-11 9.61E-12
 1.00E-74 1.00E-74 2.06E-35 4.65E-23 5.62E-17 1.94E-13 2.45E-12 5.26E-12
 7.43E-12 1.00E-11 1.17E-11 1.16E-11 1.00E-11 8.81E-12
 1.00E-74 1.00E-74 2.05E-35 4.40E-23 5.26E-17 1.83E-13 2.31E-12 4.97E-12
 7.00E-12 9.41E-12 1.10E-11 1.08E-11 9.26E-12 8.12E-12
 1.00E-74 1.00E-74 2.04E-35 4.29E-23 5.19E-17 1.82E-13 2.29E-12 4.93E-12
 6.94E-12 9.33E-12 1.09E-11 1.07E-11 9.13E-12 7.99E-12
 1.00E-74 1.00E-74 2.04E-35 4.27E-23 5.18E-17 1.81E-13 2.29E-12 4.92E-12
 6.93E-12 9.31E-12 1.09E-11 1.07E-11 9.11E-12 7.97E-12
 1.00E-74 1.00E-74 2.04E-35 4.27E-23 5.17E-17 1.81E-13 2.28E-12 4.88E-12
 6.87E-12 9.21E-12 1.07E-11 1.05E-11 9.02E-12 7.90E-12
 1.00E-74 1.00E-74 2.07E-35 4.26E-23 5.07E-17 1.75E-13 2.19E-12 4.65E-12
 6.51E-12 8.70E-12 1.01E-11 9.99E-12 8.61E-12 7.58E-12
  29.1132    7  14 /pl=01:ss=13:pb= 1:sz=13/type=excit/ispb = t/isel =   27
 1.00E+10 1.00E+11 1.00E+12 1.00E+13 1.00E+14 1.00E+15 1.00E+16
 3.38E+00 5.07E+00 8.44E+00 1.69E+01 3.38E+01 8.44E+01 1.69E+02 2.53E+02
 3.38E+02 5.07E+02 8.44E+02 1.69E+03 3.38E+03 5.07E+03
 1.00E-74 1.00E-74 2.61E-33 2.10E-22 5.41E-17 8.90E-14 1.06E-12 2.34E-12
 3.42E-12 4.80E-12 5.95E-12 6.39E-12 6.01E-12 5.60E-12
 1.00E-74 1.00E-74 2.64E-33 2.15E-22 5.57E-17 9.10E-14 1.07E-12 2.38E-12
 3.46E-12 4.86E-12 6.02E-12 6.45E-12 6.05E-12 5.64E-12
 1.00E-74 1.00E-74 2.85E-33 2.28E-22 5.74E-17 9.23E-14 1.08E-12 2.40E-12
 3.48E-12 4.89E-12 6.05E-12 6.49E-12 6.09E-12 5.68E-12
 1.00E-74 1.56E-47 3.13E-33 2.34E-22 5.77E-17 9.24E-14 1.08E-12 2.40E-12
 3.49E-12 4.89E-12 6.06E-12 6.50E-12 6.10E-12 5.68E-12
 1.00E-74 1.07E-47 3.19E-33 2.34E-22 5.78E-17 9.25E-14 1.08E-12 2.40E-12
 3.48E-12 4.89E-12 6.05E-12 6.49E-12 6.09E-12 5.68E-12
 1.00E-74 1.01E-47 3.21E-33 2.35E-22 5.79E-17 9.24E-14 1.08E-12 2.38E-12
 3.46E-12 4.84E-12 5.98E-12 6.42E-12 6.03E-12 5.63E-12
 1.00E-74 1.04E-47 3.32E-33 2.43E-22 5.87E-17 9.17E-14 1.05E-12 2.29E-12
 3.30E-12 4.60E-12 5.66E-12 6.09E-12 5.76E-12 5.39E-12
  29.3019    7  14 /pl=01:ss=13:pb= 1:sz=13/type=excit/ispb = t/isel =   28
 1.00E+10 1.00E+11 1.00E+12 1.00E+13 1.00E+14 1.00E+15 1.00E+16
 3.38E+00 5.07E+00 8.44E+00 1.69E+01 3.38E+01 8.44E+01 1.69E+02 2.53E+02
 3.38E+02 5.07E+02 8.44E+02 1.69E+03 3.38E+03 5.07E+03
 1.00E-74 1.00E-74 5.09E-33 4.09E-22 1.05E-16 1.74E-13 2.06E-12 4.57E-12
 6.66E-12 9.37E-12 1.16E-11 1.25E-11 1.17E-11 1.09E-11
 1.00E-74 1.00E-74 5.16E-33 4.19E-22 1.09E-16 1.78E-13 2.09E-12 4.64E-12
 6.75E-12 9.48E-12 1.17E-11 1.26E-11 1.18E-11 1.10E-11
 1.00E-74 1.00E-74 5.56E-33 4.45E-22 1.12E-16 1.80E-13 2.11E-12 4.68E-12
 6.80E-12 9.54E-12 1.18E-11 1.27E-11 1.19E-11 1.11E-11
 1.00E-74 3.04E-47 6.10E-33 4.56E-22 1.13E-16 1.80E-13 2.12E-12 4.68E-12
 6.80E-12 9.55E-12 1.18E-11 1.27E-11 1.19E-11 1.11E-11
 1.00E-74 2.10E-47 6.23E-33 4.57E-22 1.13E-16 1.80E-13 2.12E-12 4.68E-12
 6.80E-12 9.54E-12 1.18E-11 1.27E-11 1.19E-11 1.11E-11
 1.00E-74 1.98E-47 6.27E-33 4.59E-22 1.13E-16 1.80E-13 2.11E-12 4.65E-12
 6.74E-12 9.44E-12 1.17E-11 1.25E-11 1.18E-11 1.10E-11
 1.00E-74 2.02E-47 6.47E-33 4.74E-22 1.14E-16 1.79E-13 2.05E-12 4.47E-12
 6.44E-12 8.96E-12 1.11E-11 1.19E-11 1.12E-11 1.05E-11
  29.7312    7  14 /pl=01:ss=13:pb= 1:sz=13/type=excit/ispb = t/isel =   29
 1.00E+10 1.00E+11 1.00E+12 1.00E+13 1.00E+14 1.00E+15 1.00E+16
 3.38E+00 5.07E+00 8.44E+00 1.69E+01 3.38E+01 8.44E+01 1.69E+02 2.53E+02
 3.38E+02 5.07E+02 8.44E+02 1.69E+03 3.38E+03 5.07E+03
 1.00E-74 1.00E-74 1.38E-35 2.08E-23 2.10E-17 6.44E-14 7.82E-13 1.66E-12
 2.33E-12 3.12E-12 3.64E-12 3.61E-12 3.11E-12 2.74E-12
 1.00E-74 1.00E-74 1.35E-35 1.90E-23 1.69E-17 4.82E-14 5.77E-13 1.23E-12
 1.72E-12 2.31E-12 2.71E-12 2.73E-12 2.39E-12 2.13E-12
 1.00E-74 1.00E-74 1.16E-35 1.43E-23 1.28E-17 3.86E-14 4.67E-13 9.90E-13
 1.39E-12 1.85E-12 2.15E-12 2.13E-12 1.83E-12 1.61E-12
 1.00E-74 1.00E-74 9.12E-36 1.23E-23 1.20E-17 3.72E-14 4.51E-13 9.55E-13
 1.34E-12 1.79E-12 2.07E-12 2.03E-12 1.73E-12 1.51E-12
 1.00E-74 1.00E-74 8.54E-36 1.20E-23 1.20E-17 3.70E-14 4.49E-13 9.51E-13
 1.33E-12 1.78E-12 2.06E-12 2.02E-12 1.72E-12 1.50E-12
 1.00E-74 1.00E-74 8.51E-36 1.20E-23 1.19E-17 3.69E-14 4.47E-13 9.47E-13
 1.32E-12 1.77E-12 2.04E-12 2.01E-12 1.71E-12 1.50E-12
 1.00E-74 1.00E-74 8.94E-36 1.23E-23 1.19E-17 3.63E-14 4.37E-13 9.20E-13
 1.28E-12 1.71E-12 1.98E-12 1.96E-12 1.68E-12 1.48E-12
  31.5479    7  14 /pl=01:ss=13:pb= 1:sz=13/type=excit/ispb = t/isel =   30
 1.00E+10 1.00E+11 1.00E+12 1.00E+13 1.00E+14 1.00E+15 1.00E+16
 3.38E+00 5.07E+00 8.44E+00 1.69E+01 3.38E+01 8.44E+01 1.69E+02 2.53E+02
 3.38E+02 5.07E+02 8.44E+02 1.69E+03 3.38E+03 5.07E+03
 1.00E-74 1.00E-74 2.23E-33 3.36E-22 1.06E-16 1.69E-13 1.73E-12 3.55E-12
 4.94E-12 6.58E-12 7.74E-12 7.85E-12 7.01E-12 6.34E-12
 1.00E-74 1.00E-74 2.16E-33 3.00E-22 8.10E-17 1.17E-13 1.19E-12 2.43E-12
 3.38E-12 4.53E-12 5.39E-12 5.57E-12 5.10E-12 4.69E-12
 1.00E-74 1.77E-48 1.77E-33 2.06E-22 5.60E-17 8.67E-14 8.89E-13 1.82E-12
 2.53E-12 3.38E-12 3.97E-12 4.02E-12 3.60E-12 3.26E-12
 1.00E-74 1.43E-48 1.25E-33 1.66E-22 5.11E-17 8.21E-14 8.46E-13 1.73E-12
 2.41E-12 3.20E-12 3.75E-12 3.77E-12 3.34E-12 3.00E-12
 1.00E-74 1.26E-48 1.13E-33 1.60E-22 5.05E-17 8.15E-14 8.41E-13 1.72E-12
 2.39E-12 3.18E-12 3.72E-12 3.74E-12 3.30E-12 2.97E-12
 1.00E-74 1.24E-48 1.11E-33 1.59E-22 5.01E-17 8.08E-14 8.33E-13 1.70E-12
 2.36E-12 3.14E-12 3.67E-12 3.69E-12 3.27E-12 2.94E-12
 1.00E-74 1.17E-48 1.04E-33 1.49E-22 4.64E-17 7.50E-14 7.71E-13 1.57E-12
 2.17E-12 2.88E-12 3.39E-12 3.43E-12 3.07E-12 2.78E-12
  32.4482    7  14 /pl=01:ss=13:pb= 1:sz=13/type=excit/ispb = t/isel =   31
 1.00E+10 1.00E+11 1.00E+12 1.00E+13 1.00E+14 1.00E+15 1.00E+16
 3.38E+00 5.07E+00 8.44E+00 1.69E+01 3.38E+01 8.44E+01 1.69E+02 2.53E+02
 3.38E+02 5.07E+02 8.44E+02 1.69E+03 3.38E+03 5.07E+03
 1.00E-74 1.00E-74 1.68E-33 2.54E-22 8.03E-17 1.28E-13 1.31E-12 2.68E-12
 3.73E-12 4.96E-12 5.84E-12 5.93E-12 5.29E-12 4.78E-12
 1.00E-74 1.00E-74 1.63E-33 2.26E-22 6.12E-17 8.84E-14 8.95E-13 1.83E-12
 2.55E-12 3.42E-12 4.07E-12 4.21E-12 3.85E-12 3.54E-12
 1.00E-74 1.34E-48 1.34E-33 1.55E-22 4.23E-17 6.54E-14 6.71E-13 1.38E-12
 1.91E-12 2.55E-12 3.00E-12 3.04E-12 2.72E-12 2.46E-12
 1.00E-74 1.08E-48 9.44E-34 1.25E-22 3.86E-17 6.19E-14 6.38E-13 1.31E-12
 1.82E-12 2.42E-12 2.83E-12 2.85E-12 2.52E-12 2.26E-12
 1.00E-74 9.53E-49 8.50E-34 1.21E-22 3.81E-17 6.15E-14 6.34E-13 1.30E-12
 1.81E-12 2.40E-12 2.81E-12 2.83E-12 2.49E-12 2.24E-12
 1.00E-74 9.38E-49 8.35E-34 1.20E-22 3.78E-17 6.10E-14 6.29E-13 1.29E-12
 1.78E-12 2.37E-12 2.77E-12 2.79E-12 2.47E-12 2.22E-12
 1.00E-74 8.86E-49 7.88E-34 1.12E-22 3.51E-17 5.66E-14 5.82E-13 1.19E-12
 1.64E-12 2.18E-12 2.56E-12 2.59E-12 2.32E-12 2.10E-12
  32.7927    7  14 /pl=01:ss=13:pb= 1:sz=13/type=excit/ispb = t/isel =   32
 1.00E+10 1.00E+11 1.00E+12 1.00E+13 1.00E+14 1.00E+15 1.00E+16
 3.38E+00 5.07E+00 8.44E+00 1.69E+01 3.38E+01 8.44E+01 1.69E+02 2.53E+02
 3.38E+02 5.07E+02 8.44E+02 1.69E+03 3.38E+03 5.07E+03
 1.00E-74 1.00E-74 1.99E-33 2.99E-22 9.47E-17 1.50E-13 1.54E-12 3.16E-12
 4.40E-12 5.86E-12 6.89E-12 6.99E-12 6.24E-12 5.64E-12
 1.00E-74 1.00E-74 1.93E-33 2.67E-22 7.21E-17 1.04E-13 1.06E-12 2.16E-12
 3.01E-12 4.03E-12 4.80E-12 4.96E-12 4.54E-12 4.17E-12
 1.00E-74 1.58E-48 1.58E-33 1.83E-22 4.99E-17 7.72E-14 7.92E-13 1.62E-12
 2.26E-12 3.01E-12 3.53E-12 3.58E-12 3.20E-12 2.90E-12
 1.00E-74 1.27E-48 1.11E-33 1.48E-22 4.55E-17 7.31E-14 7.53E-13 1.54E-12
 2.15E-12 2.85E-12 3.34E-12 3.36E-12 2.97E-12 2.67E-12
 1.00E-74 1.12E-48 1.00E-33 1.43E-22 4.50E-17 7.26E-14 7.48E-13 1.53E-12
 2.13E-12 2.83E-12 3.32E-12 3.33E-12 2.94E-12 2.64E-12
 1.00E-74 1.11E-48 9.84E-34 1.41E-22 4.46E-17 7.20E-14 7.41E-13 1.52E-12
 2.10E-12 2.79E-12 3.27E-12 3.29E-12 2.91E-12 2.61E-12
 1.00E-74 1.05E-48 9.30E-34 1.32E-22 4.13E-17 6.68E-14 6.86E-13 1.40E-12
 1.93E-12 2.57E-12 3.01E-12 3.06E-12 2.73E-12 2.47E-12
  32.8408    7  14 /pl=01:ss=13:pb= 1:sz=13/type=excit/ispb = t/isel =   33
 1.00E+10 1.00E+11 1.00E+12 1.00E+13 1.00E+14 1.00E+15 1.00E+16
 3.38E+00 5.07E+00 8.44E+00 1.69E+01 3.38E+01 8.44E+01 1.69E+02 2.53E+02
 3.38E+02 5.07E+02 8.44E+02 1.69E+03 3.38E+03 5.07E+03
 1.00E-74 1.00E-74 7.82E-34 1.32E-22 5.21E-17 1.01E-13 1.10E-12 2.27E-12
 3.16E-12 4.19E-12 4.87E-12 4.79E-12 4.12E-12 3.64E-12
 1.00E-74 1.00E-74 9.54E-34 2.11E-22 1.03E-16 2.00E-13 2.12E-12 4.36E-12
 6.04E-12 7.98E-12 9.22E-12 9.00E-12 7.64E-12 6.68E-12
 1.00E-74 3.33E-48 1.97E-33 4.16E-22 1.53E-16 2.58E-13 2.67E-12 5.49E-12
 7.62E-12 1.01E-11 1.18E-11 1.18E-11 1.04E-11 9.31E-12
 1.00E-74 3.36E-48 3.32E-33 5.03E-22 1.63E-16 2.66E-13 2.75E-12 5.65E-12
 7.85E-12 1.04E-11 1.22E-11 1.23E-11 1.09E-11 9.79E-12
 1.00E-74 3.90E-48 3.64E-33 5.14E-22 1.64E-16 2.67E-13 2.76E-12 5.66E-12
 7.86E-12 1.04E-11 1.23E-11 1.23E-11 1.09E-11 9.83E-12
 1.00E-74 3.94E-48 3.65E-33 5.12E-22 1.63E-16 2.65E-13 2.74E-12 5.60E-12
 7.77E-12 1.03E-11 1.21E-11 1.22E-11 1.08E-11 9.74E-12
 1.00E-74 3.74E-48 3.46E-33 4.80E-22 1.51E-16 2.47E-13 2.53E-12 5.16E-12
 7.14E-12 9.47E-12 1.11E-11 1.13E-11 1.01E-11 9.19E-12
  32.9045    7  14 /pl=01:ss=13:pb= 1:sz=13/type=excit/ispb = t/isel =   34
 1.00E+10 1.00E+11 1.00E+12 1.00E+13 1.00E+14 1.00E+15 1.00E+16
 3.38E+00 5.07E+00 8.44E+00 1.69E+01 3.38E+01 8.44E+01 1.69E+02 2.53E+02
 3.38E+02 5.07E+02 8.44E+02 1.69E+03 3.38E+03 5.07E+03
 1.00E-74 1.00E-74 1.35E-33 2.03E-22 6.41E-17 1.02E-13 1.05E-12 2.14E-12
 2.98E-12 3.97E-12 4.67E-12 4.74E-12 4.23E-12 3.82E-12
 1.00E-74 1.00E-74 1.31E-33 1.81E-22 4.89E-17 7.07E-14 7.15E-13 1.47E-12
 2.04E-12 2.73E-12 3.25E-12 3.36E-12 3.08E-12 2.83E-12
 1.00E-74 1.07E-48 1.07E-33 1.24E-22 3.38E-17 5.23E-14 5.36E-13 1.10E-12
 1.53E-12 2.04E-12 2.39E-12 2.43E-12 2.17E-12 1.97E-12
 1.00E-74 8.62E-49 7.55E-34 1.00E-22 3.08E-17 4.95E-14 5.10E-13 1.05E-12
 1.45E-12 1.93E-12 2.26E-12 2.28E-12 2.01E-12 1.81E-12
 1.00E-74 7.61E-49 6.79E-34 9.68E-23 3.05E-17 4.92E-14 5.07E-13 1.04E-12
 1.44E-12 1.92E-12 2.25E-12 2.26E-12 1.99E-12 1.79E-12
 1.00E-74 7.50E-49 6.67E-34 9.58E-23 3.02E-17 4.88E-14 5.02E-13 1.03E-12
 1.43E-12 1.89E-12 2.22E-12 2.23E-12 1.97E-12 1.77E-12
 1.00E-74 7.08E-49 6.30E-34 8.96E-23 2.80E-17 4.53E-14 4.65E-13 9.47E-13
 1.31E-12 1.74E-12 2.04E-12 2.07E-12 1.85E-12 1.67E-12
  79.0980    7  14 /pl=01:ss=13:pb= 1:sz=13/type=excit/ispb = t/isel =   35
 1.00E+10 1.00E+11 1.00E+12 1.00E+13 1.00E+14 1.00E+15 1.00E+16
 3.38E+00 5.07E+00 8.44E+00 1.69E+01 3.38E+01 8.44E+01 1.69E+02 2.53E+02
 3.38E+02 5.07E+02 8.44E+02 1.69E+03 3.38E+03 5.07E+03
 1.00E-74 1.00E-74 7.70E-41 5.17E-26 1.11E-18 2.25E-14 5.24E-13 1.39E-12
 2.19E-12 3.28E-12 4.21E-12 4.51E-12 4.10E-12 3.71E-12
 1.00E-74 1.00E-74 7.47E-41 4.62E-26 8.49E-19 1.56E-14 3.59E-13 9.53E-13
 1.50E-12 2.26E-12 2.93E-12 3.20E-12 2.98E-12 2.74E-12
 1.00E-74 1.00E-74 6.12E-41 3.17E-26 5.88E-19 1.16E-14 2.70E-13 7.16E-13
 1.13E-12 1.69E-12 2.16E-12 2.31E-12 2.10E-12 1.91E-12
 1.00E-74 1.00E-74 4.33E-41 2.56E-26 5.37E-19 1.10E-14 2.57E-13 6.82E-13
 1.07E-12 1.60E-12 2.04E-12 2.17E-12 1.95E-12 1.75E-12
 1.00E-74 1.00E-74 3.90E-41 2.48E-26 5.31E-19 1.09E-14 2.55E-13 6.78E-13
 1.06E-12 1.59E-12 2.03E-12 2.15E-12 1.93E-12 1.74E-12
 1.00E-74 1.00E-74 3.86E-41 2.47E-26 5.28E-19 1.09E-14 2.54E-13 6.72E-13
 1.05E-12 1.57E-12 2.00E-12 2.12E-12 1.91E-12 1.72E-12
 1.00E-74 1.00E-74 3.84E-41 2.42E-26 5.12E-19 1.04E-14 2.42E-13 6.36E-13
 9.93E-13 1.48E-12 1.88E-12 2.00E-12 1.81E-12 1.64E-12
  84.4410    7  14 /pl=01:ss=13:pb= 1:sz=13/type=excit/ispb = t/isel =   36
 1.00E+10 1.00E+11 1.00E+12 1.00E+13 1.00E+14 1.00E+15 1.00E+16
 3.38E+00 5.07E+00 8.44E+00 1.69E+01 3.38E+01 8.44E+01 1.69E+02 2.53E+02
 3.38E+02 5.07E+02 8.44E+02 1.69E+03 3.38E+03 5.07E+03
 1.00E-74 1.00E-74 4.23E-41 3.79E-26 9.31E-19 1.98E-14 4.65E-13 1.24E-12
 1.97E-12 3.03E-12 4.08E-12 4.79E-12 4.88E-12 4.75E-12
 1.00E-74 1.00E-74 4.10E-41 3.38E-26 7.09E-19 1.37E-14 3.17E-13 8.47E-13
 1.35E-12 2.08E-12 2.82E-12 3.38E-12 3.53E-12 3.49E-12
 1.00E-74 1.00E-74 3.36E-41 2.32E-26 4.90E-19 1.01E-14 2.38E-13 6.34E-13
 1.01E-12 1.54E-12 2.07E-12 2.42E-12 2.46E-12 2.40E-12
 1.00E-74 1.00E-74 2.37E-41 1.87E-26 4.47E-19 9.60E-15 2.26E-13 6.03E-13
 9.57E-13 1.46E-12 1.95E-12 2.27E-12 2.28E-12 2.20E-12
 1.00E-74 1.00E-74 2.13E-41 1.81E-26 4.42E-19 9.54E-15 2.25E-13 5.99E-13
 9.50E-13 1.45E-12 1.94E-12 2.25E-12 2.26E-12 2.18E-12
 1.00E-74 1.00E-74 2.11E-41 1.80E-26 4.41E-19 9.50E-15 2.23E-13 5.95E-13
 9.41E-13 1.44E-12 1.92E-12 2.22E-12 2.24E-12 2.16E-12
 1.00E-74 1.00E-74 2.10E-41 1.77E-26 4.28E-19 9.17E-15 2.14E-13 5.64E-13
 8.90E-13 1.35E-12 1.80E-12 2.10E-12 2.13E-12 2.06E-12
  194.054    7  14 /pl=01:ss=13:pb= 1:sz=13/type=excit/ispb = t/isel =   37
 1.00E+10 1.00E+11 1.00E+12 1.00E+13 1.00E+14 1.00E+15 1.00E+16
 3.38E+00 5.07E+00 8.44E+00 1.69E+01 3.38E+01 8.44E+01 1.69E+02 2.53E+02
 3.38E+02 5.07E+02 8.44E+02 1.69E+03 3.38E+03 5.07E+03
 5.14E-18 2.29E-15 2.77E-13 9.00E-12 4.70E-11 1.07E-10 1.21E-10 1.20E-10
 1.16E-10 1.08E-10 9.57E-11 7.81E-11 6.17E-11 5.33E-11
 5.75E-18 2.54E-15 3.09E-13 1.18E-11 7.27E-11 1.68E-10 1.91E-10 1.88E-10
 1.81E-10 1.68E-10 1.48E-10 1.20E-10 9.37E-11 8.01E-11
 9.85E-18 4.15E-15 4.98E-13 1.92E-11 9.81E-11 2.05E-10 2.28E-10 2.24E-10
 2.16E-10 2.02E-10 1.79E-10 1.48E-10 1.19E-10 1.03E-10
 1.73E-17 6.86E-15 7.49E-13 2.23E-11 1.03E-10 2.10E-10 2.34E-10 2.29E-10
 2.22E-10 2.07E-10 1.84E-10 1.53E-10 1.23E-10 1.08E-10
 1.95E-17 7.63E-15 8.09E-13 2.27E-11 1.04E-10 2.11E-10 2.34E-10 2.30E-10
 2.22E-10 2.07E-10 1.85E-10 1.53E-10 1.23E-10 1.08E-10
 1.98E-17 7.72E-15 8.15E-13 2.27E-11 1.03E-10 2.10E-10 2.33E-10 2.28E-10
 2.20E-10 2.05E-10 1.82E-10 1.51E-10 1.22E-10 1.07E-10
 1.97E-17 7.68E-15 8.09E-13 2.23E-11 9.99E-11 2.02E-10 2.22E-10 2.16E-10
 2.07E-10 1.92E-10 1.71E-10 1.43E-10 1.16E-10 1.02E-10
  198.034    7  14 /pl=01:ss=13:pb= 1:sz=13/type=excit/ispb = t/isel =   38
 1.00E+10 1.00E+11 1.00E+12 1.00E+13 1.00E+14 1.00E+15 1.00E+16
 3.38E+00 5.07E+00 8.44E+00 1.69E+01 3.38E+01 8.44E+01 1.69E+02 2.53E+02
 3.38E+02 5.07E+02 8.44E+02 1.69E+03 3.38E+03 5.07E+03
 3.22E-17 1.27E-14 1.38E-12 4.01E-11 1.83E-10 3.70E-10 4.10E-10 4.03E-10
 3.90E-10 3.64E-10 3.25E-10 2.70E-10 2.19E-10 1.92E-10
 3.25E-17 1.27E-14 1.38E-12 3.90E-11 1.70E-10 3.32E-10 3.66E-10 3.59E-10
 3.48E-10 3.25E-10 2.91E-10 2.43E-10 1.98E-10 1.74E-10
 3.46E-17 1.30E-14 1.35E-12 3.62E-11 1.57E-10 3.10E-10 3.42E-10 3.36E-10
 3.25E-10 3.03E-10 2.70E-10 2.24E-10 1.81E-10 1.59E-10
 3.83E-17 1.35E-14 1.32E-12 3.51E-11 1.54E-10 3.07E-10 3.39E-10 3.33E-10
 3.21E-10 3.00E-10 2.67E-10 2.21E-10 1.78E-10 1.56E-10
 3.94E-17 1.36E-14 1.31E-12 3.49E-11 1.54E-10 3.06E-10 3.38E-10 3.32E-10
 3.21E-10 2.99E-10 2.66E-10 2.20E-10 1.78E-10 1.55E-10
 3.95E-17 1.36E-14 1.31E-12 3.48E-11 1.53E-10 3.05E-10 3.36E-10 3.29E-10
 3.18E-10 2.95E-10 2.63E-10 2.18E-10 1.76E-10 1.54E-10
 3.93E-17 1.35E-14 1.30E-12 3.41E-11 1.48E-10 2.93E-10 3.20E-10 3.11E-10
 2.99E-10 2.77E-10 2.47E-10 2.06E-10 1.67E-10 1.47E-10
  202.756    7  14 /pl=01:ss=13:pb= 1:sz=13/type=excit/ispb = t/isel =   39
 1.00E+10 1.00E+11 1.00E+12 1.00E+13 1.00E+14 1.00E+15 1.00E+16
 3.38E+00 5.07E+00 8.44E+00 1.69E+01 3.38E+01 8.44E+01 1.69E+02 2.53E+02
 3.38E+02 5.07E+02 8.44E+02 1.69E+03 3.38E+03 5.07E+03
 2.84E-17 1.27E-14 1.53E-12 4.98E-11 2.60E-10 5.89E-10 6.71E-10 6.63E-10
 6.41E-10 5.97E-10 5.29E-10 4.32E-10 3.41E-10 2.94E-10
 3.18E-17 1.40E-14 1.71E-12 6.54E-11 4.02E-10 9.31E-10 1.05E-09 1.04E-09
 1.00E-09 9.28E-10 8.18E-10 6.62E-10 5.18E-10 4.43E-10
 5.44E-17 2.30E-14 2.75E-12 1.06E-10 5.42E-10 1.13E-09 1.26E-09 1.24E-09
 1.20E-09 1.11E-09 9.92E-10 8.19E-10 6.57E-10 5.71E-10
 9.56E-17 3.79E-14 4.14E-12 1.23E-10 5.70E-10 1.16E-09 1.29E-09 1.27E-09
 1.23E-09 1.14E-09 1.02E-09 8.44E-10 6.81E-10 5.95E-10
 1.08E-16 4.22E-14 4.47E-12 1.26E-10 5.73E-10 1.17E-09 1.30E-09 1.27E-09
 1.23E-09 1.14E-09 1.02E-09 8.46E-10 6.82E-10 5.96E-10
 1.09E-16 4.27E-14 4.51E-12 1.26E-10 5.71E-10 1.16E-09 1.29E-09 1.26E-09
 1.22E-09 1.13E-09 1.01E-09 8.36E-10 6.76E-10 5.92E-10
 1.09E-16 4.25E-14 4.47E-12 1.23E-10 5.53E-10 1.12E-09 1.23E-09 1.19E-09
 1.15E-09 1.06E-09 9.46E-10 7.88E-10 6.42E-10 5.64E-10
  207.105    7  14 /pl=01:ss=13:pb= 1:sz=13/type=excit/ispb = t/isel =   40
 1.00E+10 1.00E+11 1.00E+12 1.00E+13 1.00E+14 1.00E+15 1.00E+16
 3.38E+00 5.07E+00 8.44E+00 1.69E+01 3.38E+01 8.44E+01 1.69E+02 2.53E+02
 3.38E+02 5.07E+02 8.44E+02 1.69E+03 3.38E+03 5.07E+03
 3.71E-17 1.46E-14 1.59E-12 4.62E-11 2.11E-10 4.27E-10 4.72E-10 4.64E-10
 4.49E-10 4.19E-10 3.75E-10 3.12E-10 2.53E-10 2.22E-10
 3.75E-17 1.47E-14 1.59E-12 4.50E-11 1.96E-10 3.83E-10 4.22E-10 4.14E-10
 4.01E-10 3.74E-10 3.36E-10 2.80E-10 2.28E-10 2.01E-10
 3.98E-17 1.50E-14 1.56E-12 4.18E-11 1.81E-10 3.58E-10 3.95E-10 3.87E-10
 3.74E-10 3.49E-10 3.12E-10 2.58E-10 2.09E-10 1.83E-10
 4.41E-17 1.55E-14 1.52E-12 4.04E-11 1.78E-10 3.54E-10 3.91E-10 3.83E-10
 3.71E-10 3.45E-10 3.08E-10 2.55E-10 2.06E-10 1.80E-10
 4.54E-17 1.57E-14 1.52E-12 4.03E-11 1.77E-10 3.53E-10 3.90E-10 3.83E-10
 3.70E-10 3.45E-10 3.07E-10 2.54E-10 2.05E-10 1.79E-10
 4.56E-17 1.57E-14 1.51E-12 4.01E-11 1.77E-10 3.52E-10 3.88E-10 3.80E-10
 3.66E-10 3.41E-10 3.04E-10 2.51E-10 2.03E-10 1.78E-10
 4.53E-17 1.56E-14 1.50E-12 3.93E-11 1.71E-10 3.38E-10 3.70E-10 3.59E-10
 3.45E-10 3.20E-10 2.85E-10 2.37E-10 1.93E-10 1.70E-10
  211.605    7  14 /pl=01:ss=13:pb= 1:sz=13/type=excit/ispb = t/isel =   41
 1.00E+10 1.00E+11 1.00E+12 1.00E+13 1.00E+14 1.00E+15 1.00E+16
 3.38E+00 5.07E+00 8.44E+00 1.69E+01 3.38E+01 8.44E+01 1.69E+02 2.53E+02
 3.38E+02 5.07E+02 8.44E+02 1.69E+03 3.38E+03 5.07E+03
 2.09E-16 5.55E-14 4.40E-12 9.98E-11 3.95E-10 7.24E-10 7.81E-10 7.63E-10
 7.38E-10 6.89E-10 6.19E-10 5.17E-10 4.22E-10 3.71E-10
 2.06E-16 5.42E-14 4.26E-12 8.84E-11 2.95E-10 4.88E-10 5.20E-10 5.09E-10
 4.94E-10 4.65E-10 4.23E-10 3.62E-10 3.03E-10 2.71E-10
 1.82E-16 4.62E-14 3.43E-12 5.87E-11 1.97E-10 3.50E-10 3.78E-10 3.71E-10
 3.60E-10 3.39E-10 3.06E-10 2.56E-10 2.09E-10 1.84E-10
 1.38E-16 3.28E-14 2.32E-12 4.61E-11 1.77E-10 3.29E-10 3.58E-10 3.51E-10
 3.41E-10 3.20E-10 2.88E-10 2.39E-10 1.93E-10 1.68E-10
 1.25E-16 2.90E-14 2.06E-12 4.44E-11 1.75E-10 3.26E-10 3.55E-10 3.49E-10
 3.38E-10 3.18E-10 2.85E-10 2.37E-10 1.91E-10 1.67E-10
 1.23E-16 2.85E-14 2.03E-12 4.41E-11 1.74E-10 3.25E-10 3.53E-10 3.46E-10
 3.35E-10 3.14E-10 2.82E-10 2.35E-10 1.89E-10 1.65E-10
 1.22E-16 2.83E-14 2.00E-12 4.31E-11 1.69E-10 3.12E-10 3.37E-10 3.27E-10
 3.16E-10 2.95E-10 2.65E-10 2.21E-10 1.80E-10 1.58E-10
  221.993    7  14 /pl=01:ss=13:pb= 1:sz=13/type=excit/ispb = t/isel =   42
 1.00E+10 1.00E+11 1.00E+12 1.00E+13 1.00E+14 1.00E+15 1.00E+16
 3.38E+00 5.07E+00 8.44E+00 1.69E+01 3.38E+01 8.44E+01 1.69E+02 2.53E+02
 3.38E+02 5.07E+02 8.44E+02 1.69E+03 3.38E+03 5.07E+03
 1.93E-17 5.10E-15 4.05E-13 9.18E-12 3.63E-11 6.65E-11 7.18E-11 7.01E-11
 6.78E-11 6.34E-11 5.69E-11 4.76E-11 3.88E-11 3.41E-11
 1.89E-17 4.99E-15 3.92E-13 8.13E-12 2.72E-11 4.49E-11 4.78E-11 4.68E-11
 4.54E-11 4.28E-11 3.89E-11 3.33E-11 2.78E-11 2.49E-11
 1.67E-17 4.25E-15 3.15E-13 5.40E-12 1.81E-11 3.22E-11 3.48E-11 3.41E-11
 3.31E-11 3.12E-11 2.81E-11 2.36E-11 1.93E-11 1.69E-11
 1.27E-17 3.01E-15 2.14E-13 4.24E-12 1.63E-11 3.02E-11 3.29E-11 3.23E-11
 3.13E-11 2.94E-11 2.64E-11 2.20E-11 1.78E-11 1.55E-11
 1.15E-17 2.66E-15 1.89E-13 4.08E-12 1.61E-11 3.00E-11 3.27E-11 3.21E-11
 3.11E-11 2.92E-11 2.62E-11 2.18E-11 1.76E-11 1.53E-11
 1.13E-17 2.62E-15 1.86E-13 4.05E-12 1.60E-11 2.99E-11 3.25E-11 3.18E-11
 3.08E-11 2.89E-11 2.59E-11 2.16E-11 1.74E-11 1.52E-11
 1.12E-17 2.60E-15 1.84E-13 3.97E-12 1.55E-11 2.87E-11 3.10E-11 3.01E-11
 2.90E-11 2.71E-11 2.44E-11 2.04E-11 1.66E-11 1.45E-11
  259.987    7  14 /pl=01:ss=13:pb= 1:sz=13/type=excit/ispb = t/isel =   43
 1.00E+10 1.00E+11 1.00E+12 1.00E+13 1.00E+14 1.00E+15 1.00E+16
 3.38E+00 5.07E+00 8.44E+00 1.69E+01 3.38E+01 8.44E+01 1.69E+02 2.53E+02
 3.38E+02 5.07E+02 8.44E+02 1.69E+03 3.38E+03 5.07E+03
 8.81E-15 7.97E-13 2.67E-11 3.20E-10 9.20E-10 1.40E-09 1.43E-09 1.38E-09
 1.32E-09 1.23E-09 1.10E-09 9.13E-10 7.43E-10 6.52E-10
 8.66E-15 7.79E-13 2.59E-11 2.83E-10 6.85E-10 9.41E-10 9.47E-10 9.12E-10
 8.79E-10 8.23E-10 7.43E-10 6.31E-10 5.28E-10 4.71E-10
 7.62E-15 6.62E-13 2.08E-11 1.87E-10 4.54E-10 6.71E-10 6.85E-10 6.60E-10
 6.35E-10 5.92E-10 5.29E-10 4.40E-10 3.58E-10 3.15E-10
 5.75E-15 4.66E-13 1.40E-11 1.46E-10 4.08E-10 6.30E-10 6.47E-10 6.23E-10
 6.00E-10 5.58E-10 4.96E-10 4.09E-10 3.29E-10 2.86E-10
 5.18E-15 4.11E-13 1.23E-11 1.40E-10 4.03E-10 6.25E-10 6.42E-10 6.19E-10
 5.95E-10 5.53E-10 4.92E-10 4.05E-10 3.25E-10 2.83E-10
 5.11E-15 4.03E-13 1.21E-11 1.39E-10 4.01E-10 6.22E-10 6.38E-10 6.14E-10
 5.89E-10 5.47E-10 4.86E-10 4.01E-10 3.22E-10 2.80E-10
 5.02E-15 3.97E-13 1.19E-11 1.36E-10 3.87E-10 5.97E-10 6.07E-10 5.80E-10
 5.55E-10 5.14E-10 4.57E-10 3.79E-10 3.07E-10 2.68E-10
  274.852    7  14 /pl=01:ss=13:pb= 1:sz=13/type=excit/ispb = t/isel =   44
 1.00E+10 1.00E+11 1.00E+12 1.00E+13 1.00E+14 1.00E+15 1.00E+16
 3.38E+00 5.07E+00 8.44E+00 1.69E+01 3.38E+01 8.44E+01 1.69E+02 2.53E+02
 3.38E+02 5.07E+02 8.44E+02 1.69E+03 3.38E+03 5.07E+03
 3.71E-17 3.28E-15 1.31E-13 5.73E-12 5.25E-11 1.43E-10 1.63E-10 1.60E-10
 1.55E-10 1.43E-10 1.23E-10 9.25E-11 6.59E-11 5.29E-11
 3.56E-16 3.14E-14 1.23E-12 4.56E-11 2.87E-10 5.80E-10 6.22E-10 5.99E-10
 5.74E-10 5.28E-10 4.59E-10 3.59E-10 2.69E-10 2.22E-10
 2.52E-15 2.16E-13 7.74E-12 1.49E-10 5.19E-10 8.38E-10 8.70E-10 8.36E-10
 8.03E-10 7.46E-10 6.61E-10 5.39E-10 4.28E-10 3.69E-10
 6.45E-15 5.27E-13 1.64E-11 1.94E-10 5.65E-10 8.77E-10 9.06E-10 8.70E-10
 8.37E-10 7.78E-10 6.92E-10 5.68E-10 4.56E-10 3.96E-10
 7.64E-15 6.15E-13 1.84E-11 1.99E-10 5.69E-10 8.81E-10 9.09E-10 8.73E-10
 8.39E-10 7.80E-10 6.94E-10 5.70E-10 4.58E-10 3.98E-10
 7.77E-15 6.24E-13 1.86E-11 1.99E-10 5.68E-10 8.78E-10 9.04E-10 8.66E-10
 8.32E-10 7.72E-10 6.86E-10 5.64E-10 4.54E-10 3.95E-10
 7.65E-15 6.16E-13 1.84E-11 1.94E-10 5.47E-10 8.42E-10 8.60E-10 8.18E-10
 7.82E-10 7.23E-10 6.43E-10 5.31E-10 4.31E-10 3.77E-10
  275.848    7  14 /pl=01:ss=13:pb= 1:sz=13/type=excit/ispb = t/isel =   45
 1.00E+10 1.00E+11 1.00E+12 1.00E+13 1.00E+14 1.00E+15 1.00E+16
 3.38E+00 5.07E+00 8.44E+00 1.69E+01 3.38E+01 8.44E+01 1.69E+02 2.53E+02
 3.38E+02 5.07E+02 8.44E+02 1.69E+03 3.38E+03 5.07E+03
 6.72E-16 6.08E-14 2.04E-12 2.44E-11 7.02E-11 1.07E-10 1.09E-10 1.05E-10
 1.01E-10 9.39E-11 8.39E-11 6.97E-11 5.67E-11 4.97E-11
 6.61E-16 5.94E-14 1.97E-12 2.16E-11 5.23E-11 7.18E-11 7.23E-11 6.96E-11
 6.70E-11 6.28E-11 5.67E-11 4.82E-11 4.03E-11 3.59E-11
 5.82E-16 5.05E-14 1.58E-12 1.42E-11 3.46E-11 5.12E-11 5.23E-11 5.04E-11
 4.85E-11 4.52E-11 4.04E-11 3.36E-11 2.73E-11 2.40E-11
 4.39E-16 3.56E-14 1.07E-12 1.11E-11 3.11E-11 4.80E-11 4.93E-11 4.76E-11
 4.57E-11 4.26E-11 3.79E-11 3.12E-11 2.51E-11 2.18E-11
 3.95E-16 3.13E-14 9.42E-13 1.07E-11 3.08E-11 4.77E-11 4.90E-11 4.72E-11
 4.54E-11 4.22E-11 3.76E-11 3.09E-11 2.48E-11 2.16E-11
 3.90E-16 3.08E-14 9.26E-13 1.06E-11 3.06E-11 4.74E-11 4.87E-11 4.68E-11
 4.50E-11 4.17E-11 3.71E-11 3.06E-11 2.46E-11 2.14E-11
 3.83E-16 3.03E-14 9.11E-13 1.04E-11 2.95E-11 4.55E-11 4.63E-11 4.43E-11
 4.23E-11 3.92E-11 3.49E-11 2.89E-11 2.34E-11 2.05E-11
  455.866    7  14 /pl=01:ss=13:pb= 1:sz=13/type=excit/ispb = t/isel =   46
 1.00E+10 1.00E+11 1.00E+12 1.00E+13 1.00E+14 1.00E+15 1.00E+16
 3.38E+00 5.07E+00 8.44E+00 1.69E+01 3.38E+01 8.44E+01 1.69E+02 2.53E+02
 3.38E+02 5.07E+02 8.44E+02 1.69E+03 3.38E+03 5.07E+03
 6.53E-15 7.81E-14 5.25E-13 1.88E-12 3.05E-12 3.42E-12 3.70E-12 4.19E-12
 4.58E-12 5.01E-12 5.17E-12 4.80E-12 4.05E-12 3.57E-12
 6.47E-15 7.69E-14 5.13E-13 1.71E-12 2.43E-12 2.52E-12 2.74E-12 3.14E-12
 3.46E-12 3.83E-12 4.00E-12 3.77E-12 3.23E-12 2.88E-12
 6.02E-15 6.90E-14 4.37E-13 1.27E-12 1.82E-12 2.00E-12 2.21E-12 2.57E-12
 2.85E-12 3.17E-12 3.30E-12 3.07E-12 2.59E-12 2.29E-12
 5.21E-15 5.58E-14 3.37E-13 1.08E-12 1.70E-12 1.92E-12 2.14E-12 2.49E-12
 2.76E-12 3.07E-12 3.20E-12 2.96E-12 2.48E-12 2.18E-12
 4.96E-15 5.20E-14 3.12E-13 1.05E-12 1.68E-12 1.91E-12 2.13E-12 2.48E-12
 2.75E-12 3.06E-12 3.19E-12 2.96E-12 2.48E-12 2.18E-12
 4.89E-15 5.12E-14 3.07E-13 1.04E-12 1.67E-12 1.89E-12 2.10E-12 2.46E-12
 2.74E-12 3.06E-12 3.21E-12 3.00E-12 2.54E-12 2.23E-12
 4.45E-15 4.73E-14 2.87E-13 9.68E-13 1.54E-12 1.74E-12 1.88E-12 2.12E-12
 2.30E-12 2.50E-12 2.57E-12 2.44E-12 2.14E-12 1.93E-12
  460.626    7  14 /pl=01:ss=13:pb= 1:sz=13/type=excit/ispb = t/isel =   47
 1.00E+10 1.00E+11 1.00E+12 1.00E+13 1.00E+14 1.00E+15 1.00E+16
 3.38E+00 5.07E+00 8.44E+00 1.69E+01 3.38E+01 8.44E+01 1.69E+02 2.53E+02
 3.38E+02 5.07E+02 8.44E+02 1.69E+03 3.38E+03 5.07E+03
 4.38E-17 6.45E-16 6.16E-15 9.30E-14 5.07E-13 1.15E-12 2.55E-12 4.20E-12
 5.46E-12 6.92E-12 7.83E-12 7.59E-12 6.44E-12 5.64E-12
 4.20E-16 6.16E-15 5.79E-14 7.39E-13 2.77E-12 4.29E-12 5.34E-12 6.56E-12
 7.48E-12 8.49E-12 8.96E-12 8.32E-12 6.96E-12 6.07E-12
 2.98E-15 4.25E-14 3.63E-13 2.42E-12 5.00E-12 6.15E-12 6.86E-12 7.84E-12
 8.59E-12 9.38E-12 9.63E-12 8.82E-12 7.37E-12 6.44E-12
 7.62E-15 1.03E-13 7.70E-13 3.14E-12 5.44E-12 6.43E-12 7.08E-12 8.03E-12
 8.75E-12 9.51E-12 9.74E-12 8.90E-12 7.44E-12 6.51E-12
 9.01E-15 1.21E-13 8.66E-13 3.23E-12 5.49E-12 6.45E-12 7.10E-12 8.05E-12
 8.78E-12 9.55E-12 9.78E-12 8.95E-12 7.48E-12 6.54E-12
 9.10E-15 1.22E-13 8.72E-13 3.23E-12 5.47E-12 6.43E-12 7.10E-12 8.10E-12
 8.86E-12 9.68E-12 9.96E-12 9.15E-12 7.67E-12 6.72E-12
 8.40E-15 1.14E-13 8.25E-13 3.07E-12 5.19E-12 6.12E-12 6.72E-12 7.48E-12
 8.00E-12 8.48E-12 8.57E-12 7.94E-12 6.86E-12 6.15E-12
  486.657    7  14 /pl=01:ss=13:pb= 1:sz=13/type=excit/ispb = t/isel =   48
 1.00E+10 1.00E+11 1.00E+12 1.00E+13 1.00E+14 1.00E+15 1.00E+16
 3.38E+00 5.07E+00 8.44E+00 1.69E+01 3.38E+01 8.44E+01 1.69E+02 2.53E+02
 3.38E+02 5.07E+02 8.44E+02 1.69E+03 3.38E+03 5.07E+03
 3.68E-16 4.88E-15 3.57E-14 1.50E-13 3.16E-13 6.39E-13 2.97E-12 5.96E-12
 8.29E-12 1.11E-11 1.30E-11 1.29E-11 1.11E-11 9.80E-12
 4.71E-16 6.16E-15 4.61E-14 2.69E-13 7.09E-13 1.15E-12 3.16E-12 5.72E-12
 7.71E-12 1.01E-11 1.17E-11 1.16E-11 1.00E-11 8.85E-12
 1.17E-15 1.46E-14 1.08E-13 5.78E-13 1.10E-12 1.46E-12 3.27E-12 5.59E-12
 7.39E-12 9.52E-12 1.09E-11 1.07E-11 9.12E-12 8.02E-12
 2.43E-15 2.88E-14 1.90E-13 7.09E-13 1.17E-12 1.50E-12 3.28E-12 5.57E-12
 7.33E-12 9.42E-12 1.08E-11 1.05E-11 8.95E-12 7.86E-12
 2.81E-15 3.28E-14 2.10E-13 7.25E-13 1.18E-12 1.50E-12 3.26E-12 5.51E-12
 7.23E-12 9.24E-12 1.05E-11 1.03E-11 8.75E-12 7.70E-12
 2.82E-15 3.29E-14 2.10E-13 7.20E-13 1.17E-12 1.48E-12 3.07E-12 4.99E-12
 6.37E-12 7.90E-12 8.80E-12 8.52E-12 7.35E-12 6.53E-12
 2.53E-15 2.99E-14 1.92E-13 6.58E-13 1.06E-12 1.29E-12 2.06E-12 2.73E-12
 3.11E-12 3.43E-12 3.56E-12 3.39E-12 3.03E-12 2.78E-12
  836.463    7  14 /pl=01:ss=13:pb= 1:sz=13/type=excit/ispb = t/isel =   49
 1.00E+10 1.00E+11 1.00E+12 1.00E+13 1.00E+14 1.00E+15 1.00E+16
 3.38E+00 5.07E+00 8.44E+00 1.69E+01 3.38E+01 8.44E+01 1.69E+02 2.53E+02
 3.38E+02 5.07E+02 8.44E+02 1.69E+03 3.38E+03 5.07E+03
 1.00E-74 1.00E-74 1.19E-33 1.79E-22 5.67E-17 9.00E-14 9.23E-13 1.89E-12
 2.63E-12 3.50E-12 4.13E-12 4.18E-12 3.74E-12 3.38E-12
 1.00E-74 1.00E-74 1.15E-33 1.60E-22 4.32E-17 6.24E-14 6.32E-13 1.30E-12
 1.80E-12 2.41E-12 2.87E-12 2.97E-12 2.72E-12 2.50E-12
 1.00E-74 9.43E-49 9.44E-34 1.10E-22 2.98E-17 4.62E-14 4.74E-13 9.72E-13
 1.35E-12 1.80E-12 2.12E-12 2.14E-12 1.92E-12 1.74E-12
 1.00E-74 7.61E-49 6.67E-34 8.84E-23 2.72E-17 4.37E-14 4.51E-13 9.24E-13
 1.28E-12 1.71E-12 2.00E-12 2.01E-12 1.78E-12 1.60E-12
 1.00E-74 6.72E-49 6.00E-34 8.55E-23 2.69E-17 4.34E-14 4.48E-13 9.19E-13
 1.28E-12 1.70E-12 1.98E-12 1.99E-12 1.76E-12 1.58E-12
 1.00E-74 6.62E-49 5.89E-34 8.46E-23 2.67E-17 4.31E-14 4.44E-13 9.08E-13
 1.26E-12 1.67E-12 1.96E-12 1.97E-12 1.74E-12 1.57E-12
 1.00E-74 6.26E-49 5.57E-34 7.91E-23 2.47E-17 4.00E-14 4.11E-13 8.37E-13
 1.16E-12 1.54E-12 1.80E-12 1.83E-12 1.64E-12 1.48E-12
  4521.63    7  14 /pl=01:ss=13:pb= 1:sz=13/type=excit/ispb = t/isel =   50
 1.00E+10 1.00E+11 1.00E+12 1.00E+13 1.00E+14 1.00E+15 1.00E+16
 3.38E+00 5.07E+00 8.44E+00 1.69E+01 3.38E+01 8.44E+01 1.69E+02 2.53E+02
 3.38E+02 5.07E+02 8.44E+02 1.69E+03 3.38E+03 5.07E+03
 2.19E-11 2.75E-11 4.00E-11 1.69E-10 5.55E-10 9.89E-10 1.09E-09 1.09E-09
 1.08E-09 1.04E-09 9.74E-10 8.58E-10 7.33E-10 6.61E-10
 2.10E-11 2.63E-11 3.77E-11 1.34E-10 3.04E-10 4.03E-10 4.20E-10 4.20E-10
 4.19E-10 4.13E-10 4.02E-10 3.81E-10 3.55E-10 3.37E-10
 1.49E-11 1.81E-11 2.36E-11 4.40E-11 5.48E-11 5.82E-11 5.88E-11 5.89E-11
 5.89E-11 5.88E-11 5.86E-11 5.82E-11 5.76E-11 5.72E-11
 3.80E-12 4.41E-12 5.01E-12 5.69E-12 5.97E-12 6.10E-12 6.13E-12 6.13E-12
 6.13E-12 6.14E-12 6.14E-12 6.14E-12 6.14E-12 6.14E-12
 4.50E-13 5.16E-13 5.64E-13 5.87E-13 6.02E-13 6.12E-13 6.15E-13 6.15E-13
 6.15E-13 6.16E-13 6.16E-13 6.17E-13 6.18E-13 6.18E-13
 4.59E-14 5.24E-14 5.70E-14 5.87E-14 6.00E-14 6.10E-14 6.11E-14 6.11E-14
 6.10E-14 6.09E-14 6.09E-14 6.10E-14 6.12E-14 6.13E-14
 4.59E-15 5.25E-15 5.68E-15 5.77E-15 5.82E-15 5.87E-15 5.84E-15 5.78E-15
 5.75E-15 5.72E-15 5.71E-15 5.75E-15 5.81E-15 5.85E-15
c-------------------------------------------------------------------------------
 
C  root partition information
C  ==========================
C
C  nuclear charge : 18
C  ion charge+1   : 14
C
C  population calculation information
C  ----------------------------------
C
C  population processing code: adas810
C
C  adf04 source file    : adf04_copmm#18_ic_40#ar13.dat
C  adf18/a17_p208 file  : NULL
C
C  meta. ion. coeff. selector  : 
 
C  options  : lnorm =T  lpsel =F  lzsel =T  liosel=F
C           : lhsel =F  lrsel =F  lisel =F  lnsel =F
 
C  energy levels
C  -------------
C
C   lv      configuration    (2S+1)L(w-1/2)      energy (cm^-1)
C  ---   ------------------- --------------      --------------
c    1   22513                  (2)1(  0.5)             0.0
c    2   22513                  (2)1(  1.5)         22115.9
c    3   12523                  (4)1(  0.5)        219362.5
c    4   12523                  (4)1(  1.5)        227599.3
c    5   12523                  (4)1(  2.5)        239211.9
c    6   12523                  (2)2(  1.5)        384634.2
c    7   12523                  (2)2(  2.5)        385947.7
c    8   12523                  (2)0(  0.5)        472579.7
c    9   12523                  (2)1(  0.5)        504962.6
c   10   12523                  (2)1(  1.5)        515319.4
c   11   22514                  (2)0(  0.5)       3434866.5
c   12   22515                  (2)1(  0.5)       3554417.5
c   13   22515                  (2)1(  1.5)       3560309.8
c   14   22516                  (2)2(  1.5)       3656935.4
c   15   22516                  (2)2(  2.5)       3658491.5
c   16   12513515               (4)2(  0.5)       3735360.7
c   17   12513515               (4)2(  1.5)       3740739.9
c   18   12513515               (4)2(  2.5)       3749586.1
c   19   12513515               (2)1(  1.5)       3756818.6
c   20   12513515               (2)1(  0.5)       3758946.7
c   21   12513515               (4)2(  3.5)       3761681.1
c   22   12513515               (4)0(  1.5)       3769873.2
c   23   12513515               (4)1(  0.5)       3778139.2
c   24   12513515               (4)1(  1.5)       3785979.5
c   25   12513515               (4)1(  2.5)       3791482.8
c   26   12513515               (2)2(  1.5)       3797165.1
c   27   12513515               (2)2(  2.5)       3810664.1
c   28   12513516               (4)3(  1.5)       3830854.8
c   29   12513515               (2)0(  0.5)       3832413.0
c   30   12513516               (4)3(  2.5)       3835103.7
c   31   12513516               (4)3(  3.5)       3841559.3
c   32   12513516               (4)3(  4.5)       3851596.1
c   33   12513516               (4)2(  2.5)       3859126.4
c   34   12513516               (4)2(  1.5)       3861019.9
c   35   12513516               (4)2(  0.5)       3861918.5
c   36   12513516               (2)2(  1.5)       3868436.8
c   37   12513516               (2)2(  2.5)       3871709.2
c   38   12513516               (4)2(  3.5)       3872395.2
c   39   12513516               (4)1(  2.5)       3877879.7
c   40   12513516               (4)1(  1.5)       3878857.0
c   41   12513516               (4)1(  0.5)       3879716.3
c   42   12513516               (2)3(  2.5)       3912165.3
c   43   12513516               (2)1(  1.5)       3924402.6
c   44   12513516               (2)3(  3.5)       3925348.2
c   45   12513516               (2)1(  0.5)       3932165.5
c   46   12513515               (2)2(  1.5)       3959369.4
c   47   12513515               (2)2(  2.5)       3962112.6
c   48   12513515               (2)1(  0.5)       3966410.4
c   49   12513515               (2)1(  1.5)       3971890.9
c   50   12513515               (2)0(  0.5)       3986138.3
c   51   12513516               (2)3(  3.5)       4057375.8
c   52   12513516               (2)3(  2.5)       4058116.0
c   53   12513516               (2)2(  1.5)       4059395.9
c   54   12513516               (2)2(  2.5)       4061679.4
c   55   12513516               (2)1(  0.5)       4078670.2
c   56   12513516               (2)1(  1.5)       4080207.0
c   57   22517                  (2)0(  0.5)       4652220.9
c   58   22518                  (2)1(  0.5)       4699121.6
c   59   22518                  (2)1(  1.5)       4701537.6
c   60   22519                  (2)2(  1.5)       4738676.8
c   61   22519                  (2)2(  2.5)       4739329.4
c   62   2251A                  (2)3(  2.5)       4758322.7
c   63   2251A                  (2)3(  3.5)       4758606.0
c   64   12513518               (4)2(  0.5)       4890384.8
c   65   12513518               (4)2(  1.5)       4894764.0
c   66   12513518               (4)0(  1.5)       4900596.2
c   67   12513518               (4)2(  2.5)       4901365.7
c   68   12513518               (2)1(  0.5)       4903813.2
c   69   12513518               (4)1(  0.5)       4907583.3
c   70   12513518               (2)1(  1.5)       4910315.3
c   71   12513518               (4)2(  3.5)       4914144.3
c   72   12513518               (4)1(  1.5)       4919507.7
c   73   12513518               (4)1(  2.5)       4920924.1
c   74   12513518               (2)2(  1.5)       4921414.5
c   75   12513519               (4)3(  1.5)       4927762.6
c   76   12513518               (2)2(  2.5)       4929896.3
c   77   12513519               (4)3(  2.5)       4931004.6
c   78   12513519               (4)3(  3.5)       4936725.9
c   79   12513518               (2)0(  0.5)       4937412.7
c   80   12513519               (4)1(  2.5)       4938718.0
c   81   12513519               (4)2(  1.5)       4940956.4
c   82   12513519               (4)2(  0.5)       4942025.0
c   83   12513519               (2)2(  1.5)       4946279.2
c   84   12513519               (4)3(  4.5)       4948707.3
c   85   12513519               (2)2(  2.5)       4950107.3
c   86   12513519               (4)2(  3.5)       4954308.3
c   87   12513519               (4)2(  2.5)       4956430.4
c   88   12513519               (4)1(  1.5)       4957499.0
c   89   12513519               (4)1(  0.5)       4957992.0
c   90   12513519               (2)3(  2.5)       4964349.3
c   91   12513519               (2)1(  1.5)       4970264.4
c   92   12513519               (2)3(  3.5)       4973289.7
c   93   12513519               (2)1(  0.5)       4975600.6
c   94   12513518               (2)2(  1.5)       5098831.9
c   95   12513518               (2)2(  2.5)       5100309.9
c   96   12513518               (2)1(  0.5)       5100417.8
c   97   12513518               (2)1(  1.5)       5102590.5
c   98   12513518               (2)0(  0.5)       5107228.8
c   99   12513519               (2)2(  1.5)       5137203.8
c  100   12513519               (2)3(  3.5)       5137243.7
c  101   12513519               (2)3(  2.5)       5137299.7
c  102   12513519               (2)2(  2.5)       5138087.9
c  103   12513519               (2)1(  0.5)       5144247.7
c  104   12513519               (2)1(  1.5)       5144905.0
c  105   2251B                  (2)0(  0.5)       5193582.0
c  106   2251C                  (2)1(  0.5)       5216067.7
c  107   2251C                  (2)1(  1.5)       5217283.2
c  108   2251D                  (2)2(  1.5)       5235261.5
c  109   2251D                  (2)2(  2.5)       5235596.8
c  110   2251E                  (2)3(  2.5)       5245231.3
c  111   2251E                  (2)3(  3.5)       5245372.8
c  112   2251G                  (2)0(  0.5)       5479306.6
c  113   2251H                  (2)1(  0.5)       5492412.9
c  114   2251H                  (2)1(  1.5)       5493111.1
c  115   2251I                  (2)2(  1.5)       5503506.6
c  116   2251I                  (2)2(  2.5)       5503700.3
c  117   2251J                  (2)3(  2.5)       5509109.0
c  118   2251J                  (2)3(  3.5)       5509192.9
c  119   2251M                  (2)0(  0.5)       5649637.1
c  120   2251N                  (2)1(  0.5)       5657820.4
c  121   2251N                  (2)1(  1.5)       5658257.0
c  122   2251O                  (2)2(  1.5)       5664735.5
c  123   2251O                  (2)2(  2.5)       5664857.5
c  124   2251P                  (2)3(  2.5)       5668214.3
c  125   2251P                  (2)3(  3.5)       5668267.3
c  126   11522523               (4)1(  0.5)      24590367.0
c  127   11522523               (4)1(  1.5)      24600703.8
c  128   11522523               (4)1(  2.5)      24614214.6
c  129   11522523               (2)2(  1.5)      24711367.3
c  130   11522523               (2)2(  2.5)      24716309.4
c  131   11522523               (2)1(  0.5)      24728064.5
c  132   11522523               (2)1(  1.5)      24751522.9
c  133   11522523               (2)0(  0.5)      24813174.1
c  134   11522513515            (4)2(  0.5)      28313621.4
c  135   11522513515            (4)2(  1.5)      28319608.9
c  136   11522513515            (4)2(  2.5)      28330297.9
c  137   11522513515            (4)0(  1.5)      28336593.4
c  138   11522513515            (2)1(  0.5)      28342499.1
c  139   11522513515            (4)2(  3.5)      28345281.3
c  140   11522513515            (2)1(  1.5)      28353742.9
c  141   11522513515            (4)1(  0.5)      28358046.9
c  142   11522513515            (4)1(  1.5)      28368230.0
c  143   11522513515            (4)1(  2.5)      28374321.9
c  144   11522513515            (2)2(  1.5)      28378828.6
c  145   11522513515            (2)2(  2.5)      28397972.7
c  146   11522513515            (2)0(  0.5)      28413228.3
c  147   11522513516            (4)3(  1.5)      28447702.4
c  148   11522513516            (4)3(  2.5)      28453023.6
c  149   11522513515            (2)2(  1.5)      28453310.0
c  150   11522513515            (2)2(  2.5)      28453877.0
c  151   11522513515            (2)1(  0.5)      28460290.7
c  152   11522513516            (4)3(  3.5)      28461168.9
c  153   11522513516            (2)2(  2.5)      28465002.4
c  154   11522513516            (2)2(  1.5)      28465378.4
c  155   11522513515            (2)1(  1.5)      28468901.4
c  156   11522513516            (4)3(  4.5)      28473922.6
c  157   11522513516            (4)2(  1.5)      28480012.6
c  158   11522513516            (4)2(  0.5)      28480013.2
c  159   11522513516            (4)2(  2.5)      28481804.8
c  160   11522513515            (2)0(  0.5)      28482062.1
c  161   11522513516            (4)2(  3.5)      28493395.2
c  162   11522513516            (2)3(  2.5)      28495026.2
c  163   11522513516            (4)1(  2.5)      28499192.9
c  164   11522513516            (4)1(  1.5)      28500446.2
c  165   11522513516            (4)1(  0.5)      28501585.5
c  166   11522513516            (2)3(  3.5)      28513492.8
c  167   11522513516            (2)1(  1.5)      28516623.3
c  168   11522513516            (2)1(  0.5)      28527640.7
c  169   11522513516            (2)2(  1.5)      28577664.5
c  170   11522513516            (2)2(  2.5)      28579277.5
c  171   11522513516            (2)3(  3.5)      28587519.6
c  172   11522513516            (2)3(  2.5)      28592725.2
c  173   11522513516            (2)1(  0.5)      28598997.6
c  174   11522513516            (2)1(  1.5)      28602880.3
 
 
 
c-------------------------------------------------------------------------------
 
C  superstage partition information
C  ================================
C
C  element symbol   : AR
C  parent template  : 
C  partition level  :  1
C  superstage label : 13
C
C  tabulation       : photon emissivity coefft (te,ne)
C  units            : ph. emis coef(cm^3 s^-1); te (ev); ne (cm^-3)
C
C  photon emissivity atomic transitions
C  ------------------------------------
C  
C   isel  wvlen(A)            transition                type  ispb nspb
C                                                             ispp nspp sz    tg pr wr
C  ----- ---------- ----------------------------------- ----- ---- ---- --    -- -- --
C      1   4.04672  129(2)2(  1.5)-  1(2)1(  0.5)       excit   1    1  13    96 47  1
C      2   19.1012  108(2)2(  1.5)-  1(2)1(  0.5)       excit   1    1  13    82 27  2
C      3   20.3653   70(2)1(  1.5)-  1(2)1(  0.5)       excit   1    1  13    53 28  3
C      4   21.1029   60(2)2(  1.5)-  1(2)1(  0.5)       excit   1    1  13    46 15  4
C      5   21.2019   60(2)2(  1.5)-  2(2)1(  1.5)       excit   1    1  13   186 46  5
C      6   25.3179   49(2)1(  1.5)-  2(2)1(  1.5)       excit   1    1  13   175 45  6
C      7   26.2447   29(2)0(  0.5)-  2(2)1(  1.5)       excit   1    1  13   156 31  7
C      8   26.3354   26(2)2(  1.5)-  1(2)1(  0.5)       excit   1    1  13    19 14  8
C      9   26.4897   26(2)2(  1.5)-  2(2)1(  1.5)       excit   1    1  13   153 21  9
C     10   26.5261   22(4)0(  1.5)-  1(2)1(  0.5)       excit   1    1  13    16 48 10
C     11   26.6032   20(2)1(  0.5)-  1(2)1(  0.5)       excit   1    1  13    15 17 11
C     12   26.6826   22(4)0(  1.5)-  2(2)1(  1.5)       excit   1    1  13   149 34 12
C     13   26.7606   20(2)1(  0.5)-  2(2)1(  1.5)       excit   1    1  13   148 49 13
C     14   26.7759   19(2)1(  1.5)-  2(2)1(  1.5)       excit   1    1  13   147 37 14
C     15   27.2221   52(2)3(  2.5)-  6(2)2(  1.5)       excit   1    1  13   761 30 15
C     16   27.3453   14(2)2(  1.5)-  1(2)1(  0.5)       excit   1    1  13    11  8 16
C     17   27.4415   37(2)2(  2.5)-  4(4)1(  1.5)       excit   1    1  13   451 35 17
C     18   27.4999   15(2)2(  2.5)-  2(2)1(  1.5)       excit   1    1  13   143 16 18
C     19   27.5117   14(2)2(  1.5)-  2(2)1(  1.5)       excit   1    1  13   142 13 19
C     20   28.1339   53(2)2(  1.5)-  9(2)1(  0.5)       excit   1    1  13  1167 36 20
C     21   28.1979   54(2)2(  2.5)- 10(2)1(  1.5)       excit   1    1  13  1292 25 21
C     22   28.2534   44(2)3(  3.5)-  7(2)2(  2.5)       excit   1    1  13   902 42 22
C     23   28.3484   42(2)3(  2.5)-  6(2)2(  1.5)       excit   1    1  13   753 12 23
C     24   28.3590   42(2)3(  2.5)-  7(2)2(  2.5)       excit   1    1  13   900 32 24
C     25   28.7043   36(2)2(  1.5)-  6(2)2(  1.5)       excit   1    1  13   748 22 25
C     26   28.9702   43(2)1(  1.5)-  8(2)0(  0.5)       excit   1    1  13  1042 19 26
C     27   29.1132   11(2)0(  0.5)-  1(2)1(  0.5)       excit   1    1  13     8 29 27
C     28   29.3019   11(2)0(  0.5)-  2(2)1(  1.5)       excit   1    1  13   139 20 28
C     29   29.7312   36(2)2(  1.5)-  9(2)1(  0.5)       excit   1    1  13  1157 50 29
C     30   31.5479   12(2)1(  0.5)-  6(2)2(  1.5)       excit   1    1  13   726 24 30
C     31   32.4482   12(2)1(  0.5)-  8(2)0(  0.5)       excit   1    1  13  1020 33 31
C     32   32.7927   12(2)1(  0.5)-  9(2)1(  0.5)       excit   1    1  13  1138 26 32
C     33   32.8408   13(2)1(  1.5)- 10(2)1(  1.5)       excit   1    1  13  1256 39 33
C     34   32.9045   12(2)1(  0.5)- 10(2)1(  1.5)       excit   1    1  13  1255 41 34
C     35   79.0980   58(2)1(  0.5)- 11(2)0(  0.5)       excit   1    1  13  1432 43 35
C     36   84.4410   60(2)2(  1.5)- 12(2)1(  0.5)       excit   1    1  13  1551 40 36
C     37   194.054   10(2)1(  1.5)-  1(2)1(  0.5)       excit   1    1  13     7  9 37
C     38   198.034    9(2)1(  0.5)-  1(2)1(  0.5)       excit   1    1  13     6  6 38
C     39   202.756   10(2)1(  1.5)-  2(2)1(  1.5)       excit   1    1  13   138  4 39
C     40   207.105    9(2)1(  0.5)-  2(2)1(  1.5)       excit   1    1  13   137  5 40
C     41   211.605    8(2)0(  0.5)-  1(2)1(  0.5)       excit   1    1  13     5  3 41
C     42   221.993    8(2)0(  0.5)-  2(2)1(  1.5)       excit   1    1  13   136 11 42
C     43   259.987    6(2)2(  1.5)-  1(2)1(  0.5)       excit   1    1  13     4  1 43
C     44   274.852    7(2)2(  2.5)-  2(2)1(  1.5)       excit   1    1  13   135  7 44
C     45   275.848    6(2)2(  1.5)-  2(2)1(  1.5)       excit   1    1  13   134 10 45
C     46   455.866    3(4)1(  0.5)-  1(2)1(  0.5)       excit   1    1  13     2 38 46
C     47   460.626    5(4)1(  2.5)-  2(2)1(  1.5)       excit   1    1  13   133 23 47
C     48   486.657    4(4)1(  1.5)-  2(2)1(  1.5)       excit   1    1  13   132 18 48
C     49   836.463   12(2)1(  0.5)- 11(2)0(  0.5)       excit   1    1  13  1399 44 49
C     50   4521.63    2(2)1(  1.5)-  1(2)1(  0.5)       excit   1    1  13     1  2 50
c-------------------------------------------------------------------------------
                                                                                
C  code     : adas810
C  producer : Adam Foster
C  date     : 13/05/09
                                                                                
c-------------------------------------------------------------------------------
