   50    /AR:10 photon emissivity coefficients/
--------------------------------------------------------------------------------
    1    1    1    1    1    1    1    1    1    1    1    1    1    1
    1    1    1    1    1
--------------------------------------------------------------------------------
//#01/p00/ 00/p01/ 01/p02/ 02/p03/ 03/p04/ 04/p05/ 05/p06/ 06/p07/ 07/p08/ 08/  
      p09/ 09/p10/ 10/p11/ 11/p12/ 12/p13/ 13/p14/ 14/p15/ 15/p16/ 16/p17/ 17/  
      p18/ 18/                                                                  
--------------------------------------------------------------------------------
  24.4523    7  14 /pl=01:ss=10:pb= 1:sz=10/type=excit/ispb = t/isel =    1
 1.00E+10 1.00E+11 1.00E+12 1.00E+13 1.00E+14 1.00E+15 1.00E+16
 2.09E+00 3.13E+00 5.21E+00 1.04E+01 2.09E+01 5.21E+01 1.04E+02 1.56E+02
 2.09E+02 3.13E+02 5.21E+02 1.04E+03 2.09E+03 3.13E+03
 1.00E-74 1.00E-74 1.00E-74 6.32E-32 1.63E-21 2.24E-15 2.07E-13 8.59E-13
 1.67E-12 3.05E-12 4.56E-12 5.60E-12 5.76E-12 5.63E-12
 1.00E-74 1.00E-74 1.00E-74 6.31E-32 1.62E-21 2.22E-15 2.03E-13 8.32E-13
 1.60E-12 2.89E-12 4.26E-12 5.17E-12 5.28E-12 5.13E-12
 1.00E-74 1.00E-74 1.00E-74 6.23E-32 1.58E-21 2.07E-15 1.80E-13 7.13E-13
 1.35E-12 2.41E-12 3.55E-12 4.34E-12 4.45E-12 4.33E-12
 1.00E-74 1.00E-74 1.00E-74 5.72E-32 1.38E-21 1.72E-15 1.50E-13 6.09E-13
 1.18E-12 2.15E-12 3.24E-12 4.00E-12 4.10E-12 3.98E-12
 1.00E-74 1.00E-74 1.00E-74 4.99E-32 1.21E-21 1.60E-15 1.43E-13 5.90E-13
 1.15E-12 2.12E-12 3.20E-12 3.95E-12 4.05E-12 3.94E-12
 1.00E-74 1.00E-74 1.00E-74 4.83E-32 1.18E-21 1.58E-15 1.43E-13 5.89E-13
 1.15E-12 2.12E-12 3.20E-12 3.95E-12 4.05E-12 3.93E-12
 1.00E-74 1.00E-74 1.00E-74 4.85E-32 1.19E-21 1.60E-15 1.44E-13 5.94E-13
 1.16E-12 2.13E-12 3.21E-12 3.96E-12 4.04E-12 3.92E-12
  25.0658    7  14 /pl=01:ss=10:pb= 1:sz=10/type=excit/ispb = t/isel =    2
 1.00E+10 1.00E+11 1.00E+12 1.00E+13 1.00E+14 1.00E+15 1.00E+16
 2.09E+00 3.13E+00 5.21E+00 1.04E+01 2.09E+01 5.21E+01 1.04E+02 1.56E+02
 2.09E+02 3.13E+02 5.21E+02 1.04E+03 2.09E+03 3.13E+03
 1.00E-74 1.00E-74 1.00E-74 3.56E-31 5.06E-21 4.90E-15 4.02E-13 1.60E-12
 3.06E-12 5.50E-12 8.11E-12 9.85E-12 1.01E-11 9.86E-12
 1.00E-74 1.00E-74 1.00E-74 3.55E-31 5.05E-21 4.85E-15 3.95E-13 1.55E-12
 2.94E-12 5.21E-12 7.58E-12 9.11E-12 9.26E-12 9.00E-12
 1.00E-74 1.00E-74 1.00E-74 3.50E-31 4.91E-21 4.52E-15 3.51E-13 1.33E-12
 2.48E-12 4.35E-12 6.33E-12 7.65E-12 7.81E-12 7.61E-12
 1.00E-74 1.00E-74 1.00E-74 3.22E-31 4.29E-21 3.77E-15 2.93E-13 1.14E-12
 2.16E-12 3.89E-12 5.77E-12 7.05E-12 7.21E-12 7.00E-12
 1.00E-74 1.00E-74 1.00E-74 2.81E-31 3.76E-21 3.49E-15 2.79E-13 1.10E-12
 2.11E-12 3.82E-12 5.69E-12 6.97E-12 7.13E-12 6.92E-12
 1.00E-74 1.00E-74 1.00E-74 2.70E-31 3.66E-21 3.45E-15 2.77E-13 1.10E-12
 2.10E-12 3.81E-12 5.68E-12 6.96E-12 7.11E-12 6.91E-12
 1.00E-74 1.00E-74 1.00E-74 2.62E-31 3.57E-21 3.38E-15 2.73E-13 1.08E-12
 2.07E-12 3.76E-12 5.62E-12 6.90E-12 7.06E-12 6.86E-12
  25.6648    7  14 /pl=01:ss=10:pb= 1:sz=10/type=excit/ispb = t/isel =    3
 1.00E+10 1.00E+11 1.00E+12 1.00E+13 1.00E+14 1.00E+15 1.00E+16
 2.09E+00 3.13E+00 5.21E+00 1.04E+01 2.09E+01 5.21E+01 1.04E+02 1.56E+02
 2.09E+02 3.13E+02 5.21E+02 1.04E+03 2.09E+03 3.13E+03
 1.00E-74 1.00E-74 1.00E-74 7.07E-31 5.80E-21 4.05E-15 3.00E-13 1.15E-12
 2.17E-12 3.82E-12 5.56E-12 6.68E-12 6.80E-12 6.62E-12
 1.00E-74 1.00E-74 1.00E-74 7.06E-31 5.78E-21 4.02E-15 2.95E-13 1.12E-12
 2.09E-12 3.64E-12 5.25E-12 6.24E-12 6.30E-12 6.10E-12
 1.00E-74 1.00E-74 1.00E-74 6.99E-31 5.65E-21 3.78E-15 2.67E-13 9.86E-13
 1.81E-12 3.13E-12 4.52E-12 5.41E-12 5.48E-12 5.31E-12
 1.00E-74 1.00E-74 1.00E-74 6.56E-31 5.06E-21 3.25E-15 2.29E-13 8.66E-13
 1.62E-12 2.86E-12 4.19E-12 5.06E-12 5.14E-12 4.98E-12
 1.00E-74 1.00E-74 1.00E-74 5.94E-31 4.57E-21 3.05E-15 2.21E-13 8.44E-13
 1.59E-12 2.82E-12 4.15E-12 5.02E-12 5.09E-12 4.93E-12
 1.00E-74 1.00E-74 1.00E-74 5.80E-31 4.48E-21 3.03E-15 2.20E-13 8.42E-13
 1.58E-12 2.82E-12 4.14E-12 5.01E-12 5.09E-12 4.92E-12
 1.00E-74 1.00E-74 1.00E-74 5.82E-31 4.49E-21 3.04E-15 2.20E-13 8.43E-13
 1.59E-12 2.82E-12 4.15E-12 5.01E-12 5.09E-12 4.92E-12
  26.1623    7  14 /pl=01:ss=10:pb= 1:sz=10/type=excit/ispb = t/isel =    4
 1.00E+10 1.00E+11 1.00E+12 1.00E+13 1.00E+14 1.00E+15 1.00E+16
 2.09E+00 3.13E+00 5.21E+00 1.04E+01 2.09E+01 5.21E+01 1.04E+02 1.56E+02
 2.09E+02 3.13E+02 5.21E+02 1.04E+03 2.09E+03 3.13E+03
 1.00E-74 1.00E-74 1.00E-74 4.32E-30 2.28E-20 1.22E-14 8.28E-13 3.10E-12
 5.75E-12 1.00E-11 1.45E-11 1.74E-11 1.79E-11 1.75E-11
 1.00E-74 1.00E-74 1.00E-74 4.31E-30 2.27E-20 1.21E-14 8.12E-13 3.01E-12
 5.52E-12 9.51E-12 1.36E-11 1.61E-11 1.64E-11 1.60E-11
 1.00E-74 1.00E-74 1.00E-74 4.25E-30 2.21E-20 1.12E-14 7.22E-13 2.58E-12
 4.65E-12 7.93E-12 1.13E-11 1.35E-11 1.38E-11 1.35E-11
 1.00E-74 1.00E-74 1.00E-74 3.91E-30 1.93E-20 9.37E-15 6.02E-13 2.21E-12
 4.06E-12 7.09E-12 1.03E-11 1.25E-11 1.27E-11 1.24E-11
 1.00E-74 1.00E-74 1.00E-74 3.41E-30 1.69E-20 8.67E-15 5.74E-13 2.14E-12
 3.96E-12 6.97E-12 1.02E-11 1.23E-11 1.26E-11 1.23E-11
 1.00E-74 1.00E-74 1.00E-74 3.29E-30 1.65E-20 8.59E-15 5.71E-13 2.13E-12
 3.96E-12 6.96E-12 1.02E-11 1.23E-11 1.26E-11 1.23E-11
 1.00E-74 1.00E-74 1.14E-49 3.32E-30 1.66E-20 8.65E-15 5.74E-13 2.14E-12
 3.97E-12 6.98E-12 1.02E-11 1.23E-11 1.26E-11 1.23E-11
  27.4794    7  14 /pl=01:ss=10:pb= 1:sz=10/type=excit/ispb = t/isel =    5
 1.00E+10 1.00E+11 1.00E+12 1.00E+13 1.00E+14 1.00E+15 1.00E+16
 2.09E+00 3.13E+00 5.21E+00 1.04E+01 2.09E+01 5.21E+01 1.04E+02 1.56E+02
 2.09E+02 3.13E+02 5.21E+02 1.04E+03 2.09E+03 3.13E+03
 1.00E-74 1.00E-74 1.00E-74 2.76E-29 4.89E-20 1.37E-14 7.48E-13 2.61E-12
 4.66E-12 7.95E-12 1.12E-11 1.33E-11 1.36E-11 1.33E-11
 1.00E-74 1.00E-74 1.00E-74 2.76E-29 4.89E-20 1.36E-14 7.41E-13 2.57E-12
 4.56E-12 7.72E-12 1.08E-11 1.28E-11 1.29E-11 1.26E-11
 1.00E-74 1.00E-74 1.00E-74 2.75E-29 4.84E-20 1.32E-14 6.99E-13 2.38E-12
 4.20E-12 7.10E-12 1.00E-11 1.19E-11 1.21E-11 1.18E-11
 1.00E-74 1.00E-74 1.00E-74 2.72E-29 4.61E-20 1.21E-14 6.43E-13 2.22E-12
 3.96E-12 6.77E-12 9.64E-12 1.16E-11 1.18E-11 1.15E-11
 1.00E-74 1.00E-74 4.94E-48 2.68E-29 4.41E-20 1.18E-14 6.30E-13 2.19E-12
 3.92E-12 6.72E-12 9.59E-12 1.15E-11 1.17E-11 1.14E-11
 1.00E-74 1.00E-74 6.78E-48 2.67E-29 4.38E-20 1.17E-14 6.29E-13 2.19E-12
 3.92E-12 6.72E-12 9.59E-12 1.15E-11 1.17E-11 1.14E-11
 1.00E-74 1.00E-74 6.95E-48 2.69E-29 4.40E-20 1.18E-14 6.31E-13 2.20E-12
 3.93E-12 6.74E-12 9.61E-12 1.15E-11 1.18E-11 1.14E-11
  27.5232    7  14 /pl=01:ss=10:pb= 1:sz=10/type=excit/ispb = t/isel =    6
 1.00E+10 1.00E+11 1.00E+12 1.00E+13 1.00E+14 1.00E+15 1.00E+16
 2.09E+00 3.13E+00 5.21E+00 1.04E+01 2.09E+01 5.21E+01 1.04E+02 1.56E+02
 2.09E+02 3.13E+02 5.21E+02 1.04E+03 2.09E+03 3.13E+03
 1.00E-74 1.00E-74 1.00E-74 1.73E-29 2.97E-20 8.13E-15 4.41E-13 1.54E-12
 2.75E-12 4.63E-12 6.53E-12 7.74E-12 7.90E-12 7.72E-12
 1.00E-74 1.00E-74 1.00E-74 1.73E-29 2.96E-20 8.08E-15 4.35E-13 1.50E-12
 2.66E-12 4.44E-12 6.20E-12 7.29E-12 7.38E-12 7.17E-12
 1.00E-74 1.00E-74 1.00E-74 1.72E-29 2.91E-20 7.67E-15 3.99E-13 1.34E-12
 2.35E-12 3.91E-12 5.47E-12 6.47E-12 6.58E-12 6.41E-12
 1.00E-74 1.00E-74 1.00E-74 1.64E-29 2.66E-20 6.75E-15 3.51E-13 1.20E-12
 2.14E-12 3.62E-12 5.14E-12 6.14E-12 6.25E-12 6.08E-12
 1.00E-74 1.00E-74 4.37E-48 1.53E-29 2.44E-20 6.40E-15 3.40E-13 1.18E-12
 2.11E-12 3.58E-12 5.10E-12 6.09E-12 6.21E-12 6.04E-12
 1.00E-74 1.00E-74 4.28E-48 1.50E-29 2.41E-20 6.36E-15 3.38E-13 1.17E-12
 2.10E-12 3.58E-12 5.10E-12 6.09E-12 6.21E-12 6.03E-12
 1.00E-74 1.00E-74 4.14E-48 1.50E-29 2.41E-20 6.37E-15 3.39E-13 1.17E-12
 2.11E-12 3.58E-12 5.10E-12 6.10E-12 6.21E-12 6.04E-12
  27.8669    7  14 /pl=01:ss=10:pb= 1:sz=10/type=excit/ispb = t/isel =    7
 1.00E+10 1.00E+11 1.00E+12 1.00E+13 1.00E+14 1.00E+15 1.00E+16
 2.09E+00 3.13E+00 5.21E+00 1.04E+01 2.09E+01 5.21E+01 1.04E+02 1.56E+02
 2.09E+02 3.13E+02 5.21E+02 1.04E+03 2.09E+03 3.13E+03
 1.00E-74 1.00E-74 1.00E-74 3.62E-29 4.75E-20 1.11E-14 5.74E-13 1.96E-12
 3.48E-12 5.82E-12 8.15E-12 9.62E-12 9.78E-12 9.54E-12
 1.00E-74 1.00E-74 1.00E-74 3.61E-29 4.74E-20 1.10E-14 5.64E-13 1.91E-12
 3.35E-12 5.54E-12 7.67E-12 8.96E-12 9.04E-12 8.77E-12
 1.00E-74 1.00E-74 1.00E-74 3.57E-29 4.62E-20 1.04E-14 5.07E-13 1.67E-12
 2.88E-12 4.72E-12 6.55E-12 7.70E-12 7.80E-12 7.58E-12
 1.00E-74 1.00E-74 1.00E-74 3.33E-29 4.11E-20 8.82E-15 4.33E-13 1.45E-12
 2.56E-12 4.29E-12 6.05E-12 7.19E-12 7.28E-12 7.06E-12
 1.00E-74 1.00E-74 1.26E-47 2.99E-29 3.68E-20 8.25E-15 4.15E-13 1.41E-12
 2.51E-12 4.23E-12 5.98E-12 7.12E-12 7.21E-12 6.99E-12
 1.00E-74 1.00E-74 1.36E-47 2.90E-29 3.60E-20 8.18E-15 4.13E-13 1.41E-12
 2.50E-12 4.22E-12 5.98E-12 7.11E-12 7.20E-12 6.99E-12
 1.00E-74 1.00E-74 1.37E-47 2.90E-29 3.60E-20 8.18E-15 4.13E-13 1.41E-12
 2.50E-12 4.22E-12 5.97E-12 7.10E-12 7.20E-12 6.98E-12
  27.8909    7  14 /pl=01:ss=10:pb= 1:sz=10/type=excit/ispb = t/isel =    8
 1.00E+10 1.00E+11 1.00E+12 1.00E+13 1.00E+14 1.00E+15 1.00E+16
 2.09E+00 3.13E+00 5.21E+00 1.04E+01 2.09E+01 5.21E+01 1.04E+02 1.56E+02
 2.09E+02 3.13E+02 5.21E+02 1.04E+03 2.09E+03 3.13E+03
 1.00E-74 1.00E-74 1.00E-74 9.99E-29 1.28E-19 2.97E-14 1.53E-12 5.20E-12
 9.23E-12 1.54E-11 2.16E-11 2.53E-11 2.57E-11 2.51E-11
 1.00E-74 1.00E-74 1.00E-74 9.98E-29 1.28E-19 2.94E-14 1.50E-12 5.04E-12
 8.85E-12 1.46E-11 2.02E-11 2.34E-11 2.36E-11 2.29E-11
 1.00E-74 1.00E-74 1.00E-74 9.85E-29 1.25E-19 2.74E-14 1.33E-12 4.33E-12
 7.47E-12 1.22E-11 1.69E-11 1.97E-11 1.99E-11 1.94E-11
 1.00E-74 1.00E-74 1.00E-74 9.04E-29 1.09E-19 2.28E-14 1.11E-12 3.70E-12
 6.53E-12 1.09E-11 1.54E-11 1.82E-11 1.84E-11 1.79E-11
 1.00E-74 1.00E-74 4.27E-47 7.89E-29 9.54E-20 2.11E-14 1.06E-12 3.59E-12
 6.37E-12 1.08E-11 1.52E-11 1.80E-11 1.82E-11 1.77E-11
 1.00E-74 1.00E-74 3.66E-47 7.61E-29 9.30E-20 2.09E-14 1.06E-12 3.58E-12
 6.36E-12 1.07E-11 1.52E-11 1.79E-11 1.81E-11 1.76E-11
 1.00E-74 1.00E-74 3.71E-47 7.59E-29 9.29E-20 2.09E-14 1.06E-12 3.57E-12
 6.35E-12 1.07E-11 1.51E-11 1.79E-11 1.81E-11 1.76E-11
  27.9299    7  14 /pl=01:ss=10:pb= 1:sz=10/type=excit/ispb = t/isel =    9
 1.00E+10 1.00E+11 1.00E+12 1.00E+13 1.00E+14 1.00E+15 1.00E+16
 2.09E+00 3.13E+00 5.21E+00 1.04E+01 2.09E+01 5.21E+01 1.04E+02 1.56E+02
 2.09E+02 3.13E+02 5.21E+02 1.04E+03 2.09E+03 3.13E+03
 1.00E-74 1.00E-74 1.00E-74 8.77E-29 1.10E-19 2.50E-14 1.27E-12 4.33E-12
 7.69E-12 1.28E-11 1.80E-11 2.13E-11 2.16E-11 2.11E-11
 1.00E-74 1.00E-74 1.00E-74 8.76E-29 1.10E-19 2.48E-14 1.25E-12 4.21E-12
 7.40E-12 1.22E-11 1.69E-11 1.98E-11 2.00E-11 1.94E-11
 1.00E-74 1.00E-74 1.00E-74 8.66E-29 1.07E-19 2.33E-14 1.13E-12 3.67E-12
 6.36E-12 1.04E-11 1.44E-11 1.70E-11 1.72E-11 1.68E-11
 1.00E-74 1.00E-74 6.58E-47 8.06E-29 9.53E-20 1.98E-14 9.60E-13 3.20E-12
 5.65E-12 9.43E-12 1.33E-11 1.59E-11 1.61E-11 1.56E-11
 1.00E-74 1.00E-74 3.66E-47 7.22E-29 8.51E-20 1.85E-14 9.20E-13 3.11E-12
 5.53E-12 9.29E-12 1.32E-11 1.57E-11 1.59E-11 1.55E-11
 1.00E-74 1.00E-74 3.64E-47 7.00E-29 8.32E-20 1.83E-14 9.16E-13 3.10E-12
 5.52E-12 9.27E-12 1.32E-11 1.57E-11 1.59E-11 1.54E-11
 1.00E-74 1.00E-74 3.63E-47 6.99E-29 8.31E-20 1.83E-14 9.16E-13 3.10E-12
 5.52E-12 9.27E-12 1.32E-11 1.57E-11 1.59E-11 1.54E-11
  28.4674    7  14 /pl=01:ss=10:pb= 1:sz=10/type=excit/ispb = t/isel =   10
 1.00E+10 1.00E+11 1.00E+12 1.00E+13 1.00E+14 1.00E+15 1.00E+16
 2.09E+00 3.13E+00 5.21E+00 1.04E+01 2.09E+01 5.21E+01 1.04E+02 1.56E+02
 2.09E+02 3.13E+02 5.21E+02 1.04E+03 2.09E+03 3.13E+03
 1.00E-74 1.00E-74 1.00E-74 3.27E-28 2.74E-19 4.93E-14 2.34E-12 7.80E-12
 1.36E-11 2.25E-11 3.12E-11 3.65E-11 3.71E-11 3.61E-11
 1.00E-74 1.00E-74 1.00E-74 3.27E-28 2.73E-19 4.89E-14 2.30E-12 7.56E-12
 1.31E-11 2.13E-11 2.92E-11 3.38E-11 3.40E-11 3.30E-11
 1.00E-74 1.00E-74 1.00E-74 3.23E-28 2.66E-19 4.55E-14 2.04E-12 6.49E-12
 1.10E-11 1.77E-11 2.43E-11 2.84E-11 2.87E-11 2.79E-11
 1.00E-74 1.00E-74 2.86E-46 2.96E-28 2.32E-19 3.79E-14 1.70E-12 5.54E-12
 9.62E-12 1.59E-11 2.22E-11 2.61E-11 2.64E-11 2.56E-11
 1.00E-74 1.00E-74 2.92E-46 2.59E-28 2.04E-19 3.51E-14 1.62E-12 5.37E-12
 9.40E-12 1.56E-11 2.19E-11 2.58E-11 2.61E-11 2.53E-11
 1.00E-74 1.00E-74 2.88E-46 2.50E-28 1.99E-19 3.48E-14 1.62E-12 5.35E-12
 9.37E-12 1.56E-11 2.19E-11 2.58E-11 2.61E-11 2.53E-11
 1.00E-74 1.00E-74 2.89E-46 2.50E-28 1.99E-19 3.48E-14 1.62E-12 5.36E-12
 9.38E-12 1.56E-11 2.19E-11 2.58E-11 2.61E-11 2.53E-11
  29.8392    7  14 /pl=01:ss=10:pb= 1:sz=10/type=excit/ispb = t/isel =   11
 1.00E+10 1.00E+11 1.00E+12 1.00E+13 1.00E+14 1.00E+15 1.00E+16
 2.09E+00 3.13E+00 5.21E+00 1.04E+01 2.09E+01 5.21E+01 1.04E+02 1.56E+02
 2.09E+02 3.13E+02 5.21E+02 1.04E+03 2.09E+03 3.13E+03
 1.00E-74 1.00E-74 1.00E-74 2.91E-28 9.47E-20 1.02E-14 4.42E-13 1.47E-12
 2.61E-12 4.42E-12 6.39E-12 8.02E-12 8.76E-12 8.93E-12
 1.00E-74 1.00E-74 3.18E-45 2.90E-28 9.45E-20 1.01E-14 4.34E-13 1.43E-12
 2.51E-12 4.22E-12 6.03E-12 7.49E-12 8.12E-12 8.24E-12
 1.00E-74 1.00E-74 1.89E-45 2.88E-28 9.24E-20 9.53E-15 3.93E-13 1.26E-12
 2.18E-12 3.62E-12 5.18E-12 6.47E-12 7.04E-12 7.15E-12
 1.00E-74 1.00E-74 1.95E-45 2.71E-28 8.31E-20 8.20E-15 3.38E-13 1.10E-12
 1.94E-12 3.30E-12 4.80E-12 6.06E-12 6.59E-12 6.69E-12
 1.00E-74 1.00E-74 1.90E-45 2.47E-28 7.52E-20 7.70E-15 3.25E-13 1.08E-12
 1.91E-12 3.25E-12 4.75E-12 6.00E-12 6.53E-12 6.62E-12
 1.00E-74 1.00E-74 1.88E-45 2.41E-28 7.38E-20 7.64E-15 3.24E-13 1.07E-12
 1.90E-12 3.25E-12 4.74E-12 6.00E-12 6.53E-12 6.62E-12
 1.00E-74 1.00E-74 1.90E-45 2.43E-28 7.41E-20 7.67E-15 3.25E-13 1.07E-12
 1.91E-12 3.25E-12 4.75E-12 6.00E-12 6.53E-12 6.62E-12
  31.8006    7  14 /pl=01:ss=10:pb= 1:sz=10/type=excit/ispb = t/isel =   12
 1.00E+10 1.00E+11 1.00E+12 1.00E+13 1.00E+14 1.00E+15 1.00E+16
 2.09E+00 3.13E+00 5.21E+00 1.04E+01 2.09E+01 5.21E+01 1.04E+02 1.56E+02
 2.09E+02 3.13E+02 5.21E+02 1.04E+03 2.09E+03 3.13E+03
 1.00E-74 1.00E-74 5.16E-43 6.54E-27 6.15E-19 3.00E-14 9.48E-13 2.81E-12
 4.70E-12 7.54E-12 1.06E-11 1.33E-11 1.49E-11 1.53E-11
 1.00E-74 1.00E-74 5.30E-43 6.53E-27 6.13E-19 2.97E-14 9.30E-13 2.73E-12
 4.51E-12 7.14E-12 9.89E-12 1.23E-11 1.36E-11 1.40E-11
 1.00E-74 1.00E-74 5.28E-43 6.44E-27 5.96E-19 2.77E-14 8.26E-13 2.34E-12
 3.80E-12 5.95E-12 8.26E-12 1.03E-11 1.15E-11 1.18E-11
 1.00E-74 1.00E-74 5.02E-43 5.92E-27 5.21E-19 2.31E-14 6.89E-13 2.00E-12
 3.31E-12 5.33E-12 7.53E-12 9.51E-12 1.06E-11 1.08E-11
 1.00E-74 1.00E-74 4.66E-43 5.17E-27 4.57E-19 2.13E-14 6.57E-13 1.94E-12
 3.24E-12 5.23E-12 7.43E-12 9.40E-12 1.05E-11 1.07E-11
 1.00E-74 1.00E-74 4.57E-43 4.98E-27 4.45E-19 2.11E-14 6.53E-13 1.93E-12
 3.23E-12 5.23E-12 7.42E-12 9.39E-12 1.05E-11 1.07E-11
 1.00E-74 1.00E-74 4.63E-43 5.02E-27 4.47E-19 2.12E-14 6.55E-13 1.93E-12
 3.23E-12 5.23E-12 7.42E-12 9.39E-12 1.05E-11 1.07E-11
  31.9530    7  14 /pl=01:ss=10:pb= 1:sz=10/type=excit/ispb = t/isel =   13
 1.00E+10 1.00E+11 1.00E+12 1.00E+13 1.00E+14 1.00E+15 1.00E+16
 2.09E+00 3.13E+00 5.21E+00 1.04E+01 2.09E+01 5.21E+01 1.04E+02 1.56E+02
 2.09E+02 3.13E+02 5.21E+02 1.04E+03 2.09E+03 3.13E+03
 1.00E-74 1.00E-74 3.56E-43 3.36E-27 2.89E-19 1.33E-14 4.14E-13 1.22E-12
 2.03E-12 3.23E-12 4.50E-12 5.61E-12 6.21E-12 6.38E-12
 1.00E-74 1.00E-74 3.29E-43 3.35E-27 2.88E-19 1.32E-14 4.06E-13 1.18E-12
 1.94E-12 3.06E-12 4.21E-12 5.19E-12 5.70E-12 5.83E-12
 1.00E-74 1.00E-74 3.22E-43 3.31E-27 2.80E-19 1.23E-14 3.61E-13 1.02E-12
 1.64E-12 2.56E-12 3.52E-12 4.36E-12 4.81E-12 4.93E-12
 1.00E-74 1.00E-74 3.08E-43 3.04E-27 2.45E-19 1.03E-14 3.02E-13 8.69E-13
 1.43E-12 2.29E-12 3.21E-12 4.02E-12 4.44E-12 4.54E-12
 1.00E-74 1.00E-74 2.86E-43 2.66E-27 2.15E-19 9.52E-15 2.88E-13 8.42E-13
 1.40E-12 2.25E-12 3.17E-12 3.98E-12 4.39E-12 4.48E-12
 1.00E-74 1.00E-74 2.80E-43 2.57E-27 2.10E-19 9.43E-15 2.86E-13 8.39E-13
 1.40E-12 2.25E-12 3.16E-12 3.97E-12 4.38E-12 4.48E-12
 1.00E-74 1.00E-74 2.81E-43 2.56E-27 2.10E-19 9.42E-15 2.86E-13 8.38E-13
 1.39E-12 2.24E-12 3.16E-12 3.97E-12 4.38E-12 4.47E-12
  31.9950    7  14 /pl=01:ss=10:pb= 1:sz=10/type=excit/ispb = t/isel =   14
 1.00E+10 1.00E+11 1.00E+12 1.00E+13 1.00E+14 1.00E+15 1.00E+16
 2.09E+00 3.13E+00 5.21E+00 1.04E+01 2.09E+01 5.21E+01 1.04E+02 1.56E+02
 2.09E+02 3.13E+02 5.21E+02 1.04E+03 2.09E+03 3.13E+03
 1.00E-74 1.00E-74 1.25E-42 1.26E-26 1.07E-18 5.06E-14 1.62E-12 4.83E-12
 8.09E-12 1.30E-11 1.81E-11 2.24E-11 2.44E-11 2.49E-11
 1.00E-74 1.00E-74 1.27E-42 1.25E-26 1.07E-18 5.01E-14 1.58E-12 4.68E-12
 7.76E-12 1.23E-11 1.69E-11 2.07E-11 2.24E-11 2.27E-11
 1.00E-74 1.00E-74 1.26E-42 1.24E-26 1.04E-18 4.67E-14 1.41E-12 4.02E-12
 6.55E-12 1.03E-11 1.41E-11 1.74E-11 1.89E-11 1.92E-11
 1.00E-74 1.00E-74 1.20E-42 1.14E-26 9.07E-19 3.89E-14 1.18E-12 3.43E-12
 5.71E-12 9.19E-12 1.29E-11 1.60E-11 1.74E-11 1.77E-11
 1.00E-74 1.00E-74 1.11E-42 9.93E-27 7.96E-19 3.60E-14 1.12E-12 3.33E-12
 5.58E-12 9.03E-12 1.27E-11 1.58E-11 1.72E-11 1.75E-11
 1.00E-74 1.00E-74 1.09E-42 9.58E-27 7.76E-19 3.57E-14 1.11E-12 3.32E-12
 5.57E-12 9.02E-12 1.27E-11 1.58E-11 1.72E-11 1.74E-11
 1.00E-74 1.00E-74 1.10E-42 9.57E-27 7.77E-19 3.57E-14 1.12E-12 3.32E-12
 5.57E-12 9.02E-12 1.27E-11 1.58E-11 1.72E-11 1.74E-11
  33.5029    7  14 /pl=01:ss=10:pb= 1:sz=10/type=excit/ispb = t/isel =   15
 1.00E+10 1.00E+11 1.00E+12 1.00E+13 1.00E+14 1.00E+15 1.00E+16
 2.09E+00 3.13E+00 5.21E+00 1.04E+01 2.09E+01 5.21E+01 1.04E+02 1.56E+02
 2.09E+02 3.13E+02 5.21E+02 1.04E+03 2.09E+03 3.13E+03
 1.00E-74 1.00E-74 1.00E-74 5.67E-29 5.14E-20 9.54E-15 4.51E-13 1.49E-12
 2.58E-12 4.18E-12 5.53E-12 5.90E-12 5.26E-12 4.71E-12
 1.00E-74 1.00E-74 1.00E-74 5.67E-29 5.13E-20 9.49E-15 4.46E-13 1.46E-12
 2.51E-12 4.02E-12 5.27E-12 5.58E-12 4.93E-12 4.40E-12
 1.00E-74 1.00E-74 1.00E-74 5.65E-29 5.06E-20 9.06E-15 4.11E-13 1.31E-12
 2.23E-12 3.54E-12 4.66E-12 4.95E-12 4.39E-12 3.92E-12
 1.00E-74 1.00E-74 4.01E-47 5.51E-29 4.72E-20 8.07E-15 3.65E-13 1.18E-12
 2.03E-12 3.29E-12 4.38E-12 4.69E-12 4.17E-12 3.72E-12
 1.00E-74 1.00E-74 5.19E-47 5.30E-29 4.43E-20 7.71E-15 3.54E-13 1.16E-12
 2.00E-12 3.25E-12 4.34E-12 4.66E-12 4.14E-12 3.69E-12
 1.00E-74 1.00E-74 5.19E-47 5.26E-29 4.38E-20 7.67E-15 3.53E-13 1.16E-12
 2.00E-12 3.25E-12 4.34E-12 4.66E-12 4.14E-12 3.69E-12
 1.00E-74 1.00E-74 5.23E-47 5.28E-29 4.39E-20 7.68E-15 3.53E-13 1.16E-12
 2.00E-12 3.25E-12 4.34E-12 4.66E-12 4.14E-12 3.69E-12
  33.7676    7  14 /pl=01:ss=10:pb= 1:sz=10/type=excit/ispb = t/isel =   16
 1.00E+10 1.00E+11 1.00E+12 1.00E+13 1.00E+14 1.00E+15 1.00E+16
 2.09E+00 3.13E+00 5.21E+00 1.04E+01 2.09E+01 5.21E+01 1.04E+02 1.56E+02
 2.09E+02 3.13E+02 5.21E+02 1.04E+03 2.09E+03 3.13E+03
 1.00E-74 1.00E-74 1.00E-74 1.45E-28 1.14E-19 1.95E-14 8.96E-13 2.93E-12
 5.05E-12 8.12E-12 1.07E-11 1.14E-11 1.02E-11 9.11E-12
 1.00E-74 1.00E-74 1.00E-74 1.45E-28 1.14E-19 1.94E-14 8.82E-13 2.86E-12
 4.88E-12 7.75E-12 1.01E-11 1.07E-11 9.42E-12 8.41E-12
 1.00E-74 1.00E-74 1.00E-74 1.44E-28 1.12E-19 1.82E-14 7.97E-13 2.51E-12
 4.22E-12 6.65E-12 8.69E-12 9.23E-12 8.18E-12 7.31E-12
 1.00E-74 1.00E-74 1.76E-46 1.35E-28 1.00E-19 1.57E-14 6.86E-13 2.20E-12
 3.77E-12 6.06E-12 8.06E-12 8.63E-12 7.67E-12 6.84E-12
 1.00E-74 1.00E-74 1.54E-46 1.23E-28 9.07E-20 1.47E-14 6.59E-13 2.14E-12
 3.70E-12 5.98E-12 7.97E-12 8.55E-12 7.60E-12 6.77E-12
 1.00E-74 1.00E-74 1.57E-46 1.21E-28 8.90E-20 1.46E-14 6.57E-13 2.14E-12
 3.69E-12 5.97E-12 7.97E-12 8.55E-12 7.59E-12 6.77E-12
 1.00E-74 1.00E-74 1.59E-46 1.21E-28 8.95E-20 1.47E-14 6.58E-13 2.14E-12
 3.70E-12 5.98E-12 7.98E-12 8.56E-12 7.60E-12 6.78E-12
  33.8376    7  14 /pl=01:ss=10:pb= 1:sz=10/type=excit/ispb = t/isel =   17
 1.00E+10 1.00E+11 1.00E+12 1.00E+13 1.00E+14 1.00E+15 1.00E+16
 2.09E+00 3.13E+00 5.21E+00 1.04E+01 2.09E+01 5.21E+01 1.04E+02 1.56E+02
 2.09E+02 3.13E+02 5.21E+02 1.04E+03 2.09E+03 3.13E+03
 1.00E-74 1.00E-74 4.98E-40 6.44E-25 1.96E-17 4.77E-13 1.17E-11 3.13E-11
 4.94E-11 7.41E-11 9.62E-11 1.10E-10 1.12E-10 1.10E-10
 1.00E-74 1.00E-74 4.98E-40 6.43E-25 1.95E-17 4.74E-13 1.15E-11 3.06E-11
 4.78E-11 7.10E-11 9.14E-11 1.03E-10 1.04E-10 1.02E-10
 1.00E-74 1.00E-74 4.97E-40 6.38E-25 1.91E-17 4.49E-13 1.05E-11 2.73E-11
 4.22E-11 6.23E-11 8.04E-11 9.15E-11 9.27E-11 9.08E-11
 1.00E-74 1.00E-74 4.93E-40 6.08E-25 1.74E-17 3.94E-13 9.23E-12 2.44E-11
 3.83E-11 5.76E-11 7.55E-11 8.67E-11 8.79E-11 8.60E-11
 1.00E-74 1.00E-74 4.86E-40 5.65E-25 1.60E-17 3.73E-13 8.92E-12 2.39E-11
 3.77E-11 5.70E-11 7.48E-11 8.60E-11 8.73E-11 8.54E-11
 1.00E-74 1.00E-74 4.86E-40 5.56E-25 1.58E-17 3.71E-13 8.90E-12 2.38E-11
 3.77E-11 5.69E-11 7.48E-11 8.60E-11 8.73E-11 8.53E-11
 1.00E-74 1.00E-74 5.03E-40 5.69E-25 1.61E-17 3.76E-13 8.99E-12 2.40E-11
 3.80E-11 5.73E-11 7.53E-11 8.64E-11 8.75E-11 8.55E-11
  33.9456    7  14 /pl=01:ss=10:pb= 1:sz=10/type=excit/ispb = t/isel =   18
 1.00E+10 1.00E+11 1.00E+12 1.00E+13 1.00E+14 1.00E+15 1.00E+16
 2.09E+00 3.13E+00 5.21E+00 1.04E+01 2.09E+01 5.21E+01 1.04E+02 1.56E+02
 2.09E+02 3.13E+02 5.21E+02 1.04E+03 2.09E+03 3.13E+03
 1.00E-74 1.00E-74 1.62E-40 1.87E-25 5.38E-18 1.28E-13 3.10E-12 8.28E-12
 1.31E-11 1.97E-11 2.56E-11 2.91E-11 2.94E-11 2.89E-11
 1.00E-74 1.00E-74 1.62E-40 1.87E-25 5.37E-18 1.27E-13 3.05E-12 8.07E-12
 1.27E-11 1.88E-11 2.42E-11 2.72E-11 2.73E-11 2.67E-11
 1.00E-74 1.00E-74 1.61E-40 1.85E-25 5.26E-18 1.20E-13 2.77E-12 7.14E-12
 1.10E-11 1.63E-11 2.10E-11 2.38E-11 2.40E-11 2.35E-11
 1.00E-74 1.00E-74 1.59E-40 1.75E-25 4.75E-18 1.04E-13 2.40E-12 6.32E-12
 9.94E-12 1.50E-11 1.96E-11 2.24E-11 2.26E-11 2.21E-11
 1.00E-74 1.00E-74 1.55E-40 1.61E-25 4.32E-18 9.78E-14 2.32E-12 6.17E-12
 9.76E-12 1.48E-11 1.94E-11 2.22E-11 2.24E-11 2.19E-11
 1.00E-74 1.00E-74 1.55E-40 1.58E-25 4.26E-18 9.73E-14 2.31E-12 6.16E-12
 9.76E-12 1.48E-11 1.94E-11 2.22E-11 2.24E-11 2.19E-11
 1.00E-74 1.00E-74 1.63E-40 1.64E-25 4.37E-18 9.94E-14 2.36E-12 6.26E-12
 9.91E-12 1.50E-11 1.97E-11 2.24E-11 2.26E-11 2.20E-11
  34.3254    7  14 /pl=01:ss=10:pb= 1:sz=10/type=excit/ispb = t/isel =   19
 1.00E+10 1.00E+11 1.00E+12 1.00E+13 1.00E+14 1.00E+15 1.00E+16
 2.09E+00 3.13E+00 5.21E+00 1.04E+01 2.09E+01 5.21E+01 1.04E+02 1.56E+02
 2.09E+02 3.13E+02 5.21E+02 1.04E+03 2.09E+03 3.13E+03
 1.00E-74 1.00E-74 6.00E-40 4.70E-25 1.11E-17 2.33E-13 5.45E-12 1.44E-11
 2.25E-11 3.34E-11 4.32E-11 4.89E-11 4.95E-11 4.85E-11
 1.00E-74 1.00E-74 6.00E-40 4.69E-25 1.11E-17 2.31E-13 5.35E-12 1.39E-11
 2.16E-11 3.17E-11 4.05E-11 4.54E-11 4.56E-11 4.45E-11
 1.00E-74 1.00E-74 5.96E-40 4.64E-25 1.08E-17 2.16E-13 4.78E-12 1.21E-11
 1.84E-11 2.68E-11 3.42E-11 3.86E-11 3.89E-11 3.80E-11
 1.00E-74 1.00E-74 5.73E-40 4.29E-25 9.53E-18 1.82E-13 4.04E-12 1.04E-11
 1.62E-11 2.41E-11 3.14E-11 3.58E-11 3.61E-11 3.52E-11
 1.00E-74 1.00E-74 5.38E-40 3.80E-25 8.44E-18 1.69E-13 3.86E-12 1.01E-11
 1.59E-11 2.38E-11 3.10E-11 3.54E-11 3.57E-11 3.48E-11
 1.00E-74 1.00E-74 5.30E-40 3.68E-25 8.25E-18 1.68E-13 3.84E-12 1.01E-11
 1.58E-11 2.37E-11 3.10E-11 3.54E-11 3.57E-11 3.48E-11
 1.00E-74 1.00E-74 5.39E-40 3.71E-25 8.30E-18 1.69E-13 3.86E-12 1.01E-11
 1.59E-11 2.38E-11 3.11E-11 3.54E-11 3.57E-11 3.48E-11
  34.3394    7  14 /pl=01:ss=10:pb= 1:sz=10/type=excit/ispb = t/isel =   20
 1.00E+10 1.00E+11 1.00E+12 1.00E+13 1.00E+14 1.00E+15 1.00E+16
 2.09E+00 3.13E+00 5.21E+00 1.04E+01 2.09E+01 5.21E+01 1.04E+02 1.56E+02
 2.09E+02 3.13E+02 5.21E+02 1.04E+03 2.09E+03 3.13E+03
 1.00E-74 1.00E-74 4.67E-41 6.63E-26 2.11E-18 5.34E-14 1.33E-12 3.64E-12
 5.79E-12 8.80E-12 1.16E-11 1.32E-11 1.35E-11 1.32E-11
 1.00E-74 1.00E-74 4.73E-41 6.70E-26 2.15E-18 5.54E-14 1.43E-12 4.02E-12
 6.59E-12 1.04E-11 1.40E-11 1.62E-11 1.64E-11 1.59E-11
 1.00E-74 1.00E-74 5.29E-41 7.37E-26 2.44E-18 7.01E-14 1.97E-12 5.84E-12
 9.76E-12 1.55E-11 2.10E-11 2.45E-11 2.49E-11 2.43E-11
 1.00E-74 1.00E-74 8.76E-41 1.15E-25 3.79E-18 1.03E-13 2.68E-12 7.43E-12
 1.19E-11 1.82E-11 2.41E-11 2.79E-11 2.86E-11 2.80E-11
 1.00E-74 1.00E-74 1.38E-40 1.73E-25 4.93E-18 1.16E-13 2.85E-12 7.73E-12
 1.23E-11 1.86E-11 2.46E-11 2.84E-11 2.90E-11 2.85E-11
 1.00E-74 1.00E-74 1.52E-40 1.88E-25 5.14E-18 1.17E-13 2.87E-12 7.77E-12
 1.23E-11 1.87E-11 2.46E-11 2.84E-11 2.91E-11 2.86E-11
 1.00E-74 1.00E-74 1.57E-40 1.93E-25 5.24E-18 1.19E-13 2.90E-12 7.84E-12
 1.24E-11 1.88E-11 2.48E-11 2.86E-11 2.92E-11 2.86E-11
  34.3986    7  14 /pl=01:ss=10:pb= 1:sz=10/type=excit/ispb = t/isel =   21
 1.00E+10 1.00E+11 1.00E+12 1.00E+13 1.00E+14 1.00E+15 1.00E+16
 2.09E+00 3.13E+00 5.21E+00 1.04E+01 2.09E+01 5.21E+01 1.04E+02 1.56E+02
 2.09E+02 3.13E+02 5.21E+02 1.04E+03 2.09E+03 3.13E+03
 1.00E-74 1.00E-74 2.03E-39 1.48E-24 3.37E-17 6.91E-13 1.59E-11 4.19E-11
 6.54E-11 9.70E-11 1.25E-10 1.41E-10 1.43E-10 1.41E-10
 1.00E-74 1.00E-74 2.03E-39 1.48E-24 3.36E-17 6.84E-13 1.56E-11 4.06E-11
 6.28E-11 9.19E-11 1.17E-10 1.31E-10 1.31E-10 1.28E-10
 1.00E-74 1.00E-74 2.01E-39 1.46E-24 3.27E-17 6.38E-13 1.39E-11 3.49E-11
 5.31E-11 7.70E-11 9.82E-11 1.10E-10 1.11E-10 1.09E-10
 1.00E-74 1.00E-74 1.92E-39 1.34E-24 2.86E-17 5.34E-13 1.17E-11 3.00E-11
 4.65E-11 6.91E-11 8.98E-11 1.02E-10 1.03E-10 1.01E-10
 1.00E-74 1.00E-74 1.79E-39 1.18E-24 2.52E-17 4.95E-13 1.11E-11 2.91E-11
 4.54E-11 6.80E-11 8.86E-11 1.01E-10 1.02E-10 9.94E-11
 1.00E-74 1.00E-74 1.76E-39 1.14E-24 2.46E-17 4.90E-13 1.11E-11 2.90E-11
 4.53E-11 6.79E-11 8.85E-11 1.01E-10 1.02E-10 9.93E-11
 1.00E-74 1.00E-74 1.78E-39 1.14E-24 2.47E-17 4.92E-13 1.11E-11 2.91E-11
 4.55E-11 6.80E-11 8.86E-11 1.01E-10 1.02E-10 9.94E-11
  34.4328    7  14 /pl=01:ss=10:pb= 1:sz=10/type=excit/ispb = t/isel =   22
 1.00E+10 1.00E+11 1.00E+12 1.00E+13 1.00E+14 1.00E+15 1.00E+16
 2.09E+00 3.13E+00 5.21E+00 1.04E+01 2.09E+01 5.21E+01 1.04E+02 1.56E+02
 2.09E+02 3.13E+02 5.21E+02 1.04E+03 2.09E+03 3.13E+03
 1.00E-74 1.00E-74 6.46E-41 8.35E-26 2.53E-18 6.18E-14 1.51E-12 4.06E-12
 6.40E-12 9.60E-12 1.25E-11 1.42E-11 1.45E-11 1.42E-11
 1.00E-74 1.00E-74 6.46E-41 8.34E-26 2.53E-18 6.14E-14 1.49E-12 3.96E-12
 6.20E-12 9.21E-12 1.18E-11 1.34E-11 1.35E-11 1.32E-11
 1.00E-74 1.00E-74 6.45E-41 8.28E-26 2.48E-18 5.82E-14 1.36E-12 3.54E-12
 5.47E-12 8.07E-12 1.04E-11 1.19E-11 1.20E-11 1.18E-11
 1.00E-74 1.00E-74 6.39E-41 7.88E-26 2.26E-18 5.11E-14 1.20E-12 3.16E-12
 4.97E-12 7.47E-12 9.79E-12 1.12E-11 1.14E-11 1.12E-11
 1.00E-74 1.00E-74 6.31E-41 7.33E-26 2.08E-18 4.84E-14 1.16E-12 3.09E-12
 4.89E-12 7.38E-12 9.70E-12 1.12E-11 1.13E-11 1.11E-11
 1.00E-74 1.00E-74 6.31E-41 7.20E-26 2.05E-18 4.81E-14 1.15E-12 3.09E-12
 4.88E-12 7.38E-12 9.70E-12 1.12E-11 1.13E-11 1.11E-11
 1.00E-74 1.00E-74 6.52E-41 7.37E-26 2.08E-18 4.88E-14 1.17E-12 3.12E-12
 4.93E-12 7.44E-12 9.76E-12 1.12E-11 1.13E-11 1.11E-11
  34.4852    7  14 /pl=01:ss=10:pb= 1:sz=10/type=excit/ispb = t/isel =   23
 1.00E+10 1.00E+11 1.00E+12 1.00E+13 1.00E+14 1.00E+15 1.00E+16
 2.09E+00 3.13E+00 5.21E+00 1.04E+01 2.09E+01 5.21E+01 1.04E+02 1.56E+02
 2.09E+02 3.13E+02 5.21E+02 1.04E+03 2.09E+03 3.13E+03
 1.00E-74 1.00E-74 1.26E-40 8.45E-26 1.84E-18 3.70E-14 8.56E-13 2.27E-12
 3.56E-12 5.33E-12 6.91E-12 7.86E-12 7.99E-12 7.78E-12
 1.00E-74 1.00E-74 1.27E-40 8.47E-26 1.85E-18 3.73E-14 8.66E-13 2.31E-12
 3.64E-12 5.48E-12 7.14E-12 8.10E-12 8.17E-12 7.90E-12
 1.00E-74 1.00E-74 1.31E-40 8.70E-26 1.91E-18 3.92E-14 9.26E-13 2.50E-12
 3.97E-12 6.02E-12 7.90E-12 9.04E-12 9.14E-12 8.87E-12
 1.00E-74 1.00E-74 1.61E-40 1.01E-25 2.17E-18 4.35E-14 1.00E-12 2.67E-12
 4.20E-12 6.31E-12 8.25E-12 9.43E-12 9.56E-12 9.31E-12
 1.00E-74 1.00E-74 2.03E-40 1.21E-25 2.40E-18 4.51E-14 1.02E-12 2.70E-12
 4.24E-12 6.36E-12 8.29E-12 9.48E-12 9.62E-12 9.37E-12
 1.00E-74 1.00E-74 2.15E-40 1.26E-25 2.44E-18 4.54E-14 1.03E-12 2.71E-12
 4.25E-12 6.36E-12 8.30E-12 9.49E-12 9.63E-12 9.38E-12
 1.00E-74 1.00E-74 2.20E-40 1.28E-25 2.47E-18 4.57E-14 1.03E-12 2.73E-12
 4.27E-12 6.40E-12 8.34E-12 9.53E-12 9.66E-12 9.40E-12
  34.5066    7  14 /pl=01:ss=10:pb= 1:sz=10/type=excit/ispb = t/isel =   24
 1.00E+10 1.00E+11 1.00E+12 1.00E+13 1.00E+14 1.00E+15 1.00E+16
 2.09E+00 3.13E+00 5.21E+00 1.04E+01 2.09E+01 5.21E+01 1.04E+02 1.56E+02
 2.09E+02 3.13E+02 5.21E+02 1.04E+03 2.09E+03 3.13E+03
 1.00E-74 1.00E-74 2.63E-39 1.72E-24 3.71E-17 7.38E-13 1.68E-11 4.42E-11
 6.90E-11 1.02E-10 1.32E-10 1.50E-10 1.52E-10 1.49E-10
 1.00E-74 1.00E-74 2.63E-39 1.72E-24 3.70E-17 7.32E-13 1.65E-11 4.30E-11
 6.66E-11 9.76E-11 1.25E-10 1.40E-10 1.41E-10 1.37E-10
 1.00E-74 1.00E-74 2.62E-39 1.70E-24 3.62E-17 6.89E-13 1.50E-11 3.78E-11
 5.78E-11 8.41E-11 1.08E-10 1.21E-10 1.23E-10 1.20E-10
 1.00E-74 1.00E-74 2.55E-39 1.60E-24 3.25E-17 5.92E-13 1.29E-11 3.33E-11
 5.17E-11 7.69E-11 1.00E-10 1.14E-10 1.16E-10 1.12E-10
 1.00E-74 1.00E-74 2.46E-39 1.45E-24 2.93E-17 5.57E-13 1.24E-11 3.24E-11
 5.07E-11 7.58E-11 9.89E-11 1.13E-10 1.15E-10 1.11E-10
 1.00E-74 1.00E-74 2.44E-39 1.42E-24 2.87E-17 5.52E-13 1.24E-11 3.24E-11
 5.07E-11 7.57E-11 9.89E-11 1.13E-10 1.14E-10 1.11E-10
 1.00E-74 1.00E-74 2.48E-39 1.43E-24 2.89E-17 5.55E-13 1.24E-11 3.25E-11
 5.08E-11 7.60E-11 9.91E-11 1.13E-10 1.15E-10 1.11E-10
  34.7248    7  14 /pl=01:ss=10:pb= 1:sz=10/type=excit/ispb = t/isel =   25
 1.00E+10 1.00E+11 1.00E+12 1.00E+13 1.00E+14 1.00E+15 1.00E+16
 2.09E+00 3.13E+00 5.21E+00 1.04E+01 2.09E+01 5.21E+01 1.04E+02 1.56E+02
 2.09E+02 3.13E+02 5.21E+02 1.04E+03 2.09E+03 3.13E+03
 1.00E-74 1.00E-74 1.02E-42 1.78E-27 1.07E-19 5.19E-15 1.98E-13 7.66E-13
 1.54E-12 3.01E-12 4.85E-12 6.45E-12 7.07E-12 7.09E-12
 1.00E-74 1.00E-74 1.79E-42 3.49E-27 2.10E-19 9.92E-15 3.93E-13 1.54E-12
 3.10E-12 5.93E-12 9.25E-12 1.18E-11 1.26E-11 1.24E-11
 1.00E-74 1.00E-74 7.48E-42 1.37E-26 7.36E-19 3.57E-14 1.33E-12 4.57E-12
 8.22E-12 1.38E-11 1.93E-11 2.29E-11 2.37E-11 2.32E-11
 1.00E-74 1.00E-74 4.25E-41 7.55E-26 3.10E-18 9.40E-14 2.55E-12 7.22E-12
 1.17E-11 1.79E-11 2.38E-11 2.75E-11 2.83E-11 2.79E-11
 1.00E-74 1.00E-74 9.36E-41 1.63E-25 5.10E-18 1.16E-13 2.84E-12 7.71E-12
 1.23E-11 1.85E-11 2.44E-11 2.81E-11 2.90E-11 2.86E-11
 1.00E-74 1.00E-74 1.07E-40 1.86E-25 5.47E-18 1.18E-13 2.88E-12 7.76E-12
 1.23E-11 1.86E-11 2.44E-11 2.82E-11 2.90E-11 2.86E-11
 1.00E-74 1.00E-74 1.09E-40 1.89E-25 5.54E-18 1.19E-13 2.89E-12 7.80E-12
 1.24E-11 1.87E-11 2.45E-11 2.83E-11 2.91E-11 2.87E-11
  34.7693    7  14 /pl=01:ss=10:pb= 1:sz=10/type=excit/ispb = t/isel =   26
 1.00E+10 1.00E+11 1.00E+12 1.00E+13 1.00E+14 1.00E+15 1.00E+16
 2.09E+00 3.13E+00 5.21E+00 1.04E+01 2.09E+01 5.21E+01 1.04E+02 1.56E+02
 2.09E+02 3.13E+02 5.21E+02 1.04E+03 2.09E+03 3.13E+03
 1.00E-74 1.00E-74 9.40E-41 8.71E-26 2.24E-18 5.01E-14 1.21E-12 3.27E-12
 5.21E-12 7.96E-12 1.05E-11 1.21E-11 1.23E-11 1.20E-11
 1.00E-74 1.00E-74 9.71E-41 8.95E-26 2.34E-18 5.52E-14 1.44E-12 4.25E-12
 7.25E-12 1.20E-11 1.68E-11 1.98E-11 1.99E-11 1.91E-11
 1.00E-74 1.00E-74 1.25E-40 1.12E-25 3.17E-18 9.32E-14 2.82E-12 8.87E-12
 1.53E-11 2.49E-11 3.42E-11 4.01E-11 4.07E-11 3.95E-11
 1.00E-74 1.00E-74 2.97E-40 2.50E-25 6.95E-18 1.80E-13 4.64E-12 1.29E-11
 2.08E-11 3.18E-11 4.20E-11 4.85E-11 4.95E-11 4.85E-11
 1.00E-74 1.00E-74 5.49E-40 4.46E-25 1.02E-17 2.12E-13 5.07E-12 1.37E-11
 2.17E-11 3.28E-11 4.31E-11 4.97E-11 5.07E-11 4.97E-11
 1.00E-74 1.00E-74 6.15E-40 4.96E-25 1.08E-17 2.16E-13 5.13E-12 1.38E-11
 2.18E-11 3.29E-11 4.32E-11 4.98E-11 5.08E-11 4.98E-11
 1.00E-74 1.00E-74 6.35E-40 5.10E-25 1.09E-17 2.18E-13 5.17E-12 1.39E-11
 2.19E-11 3.31E-11 4.34E-11 5.00E-11 5.09E-11 4.99E-11
  35.1037    7  14 /pl=01:ss=10:pb= 1:sz=10/type=excit/ispb = t/isel =   27
 1.00E+10 1.00E+11 1.00E+12 1.00E+13 1.00E+14 1.00E+15 1.00E+16
 2.09E+00 3.13E+00 5.21E+00 1.04E+01 2.09E+01 5.21E+01 1.04E+02 1.56E+02
 2.09E+02 3.13E+02 5.21E+02 1.04E+03 2.09E+03 3.13E+03
 1.00E-74 1.00E-74 1.01E-40 6.75E-26 1.47E-18 2.96E-14 6.84E-13 1.82E-12
 2.85E-12 4.26E-12 5.52E-12 6.28E-12 6.39E-12 6.22E-12
 1.00E-74 1.00E-74 1.01E-40 6.77E-26 1.48E-18 2.98E-14 6.93E-13 1.85E-12
 2.91E-12 4.38E-12 5.71E-12 6.48E-12 6.53E-12 6.31E-12
 1.00E-74 1.00E-74 1.05E-40 6.96E-26 1.53E-18 3.13E-14 7.40E-13 2.00E-12
 3.18E-12 4.82E-12 6.32E-12 7.23E-12 7.31E-12 7.09E-12
 1.00E-74 1.00E-74 1.28E-40 8.07E-26 1.74E-18 3.48E-14 8.03E-13 2.14E-12
 3.36E-12 5.05E-12 6.59E-12 7.54E-12 7.65E-12 7.45E-12
 1.00E-74 1.00E-74 1.63E-40 9.66E-26 1.91E-18 3.61E-14 8.18E-13 2.16E-12
 3.39E-12 5.08E-12 6.63E-12 7.58E-12 7.69E-12 7.49E-12
 1.00E-74 1.00E-74 1.72E-40 1.01E-25 1.95E-18 3.63E-14 8.20E-13 2.16E-12
 3.39E-12 5.09E-12 6.64E-12 7.59E-12 7.70E-12 7.50E-12
 1.00E-74 1.00E-74 1.76E-40 1.02E-25 1.97E-18 3.65E-14 8.26E-13 2.18E-12
 3.42E-12 5.12E-12 6.67E-12 7.62E-12 7.72E-12 7.52E-12
  35.1259    7  14 /pl=01:ss=10:pb= 1:sz=10/type=excit/ispb = t/isel =   28
 1.00E+10 1.00E+11 1.00E+12 1.00E+13 1.00E+14 1.00E+15 1.00E+16
 2.09E+00 3.13E+00 5.21E+00 1.04E+01 2.09E+01 5.21E+01 1.04E+02 1.56E+02
 2.09E+02 3.13E+02 5.21E+02 1.04E+03 2.09E+03 3.13E+03
 1.00E-74 1.00E-74 1.73E-40 1.13E-25 2.45E-18 4.86E-14 1.11E-12 2.91E-12
 4.55E-12 6.74E-12 8.70E-12 9.86E-12 1.00E-11 9.79E-12
 1.00E-74 1.00E-74 1.73E-40 1.13E-25 2.44E-18 4.82E-14 1.09E-12 2.84E-12
 4.39E-12 6.44E-12 8.22E-12 9.22E-12 9.31E-12 9.03E-12
 1.00E-74 1.00E-74 1.72E-40 1.12E-25 2.39E-18 4.54E-14 9.86E-13 2.49E-12
 3.81E-12 5.54E-12 7.09E-12 8.01E-12 8.11E-12 7.88E-12
 1.00E-74 1.00E-74 1.68E-40 1.05E-25 2.14E-18 3.91E-14 8.50E-13 2.19E-12
 3.41E-12 5.07E-12 6.59E-12 7.51E-12 7.62E-12 7.39E-12
 1.00E-74 1.00E-74 1.62E-40 9.56E-26 1.93E-18 3.67E-14 8.18E-13 2.14E-12
 3.34E-12 5.00E-12 6.52E-12 7.44E-12 7.55E-12 7.32E-12
 1.00E-74 1.00E-74 1.61E-40 9.33E-26 1.89E-18 3.64E-14 8.14E-13 2.13E-12
 3.34E-12 4.99E-12 6.52E-12 7.44E-12 7.54E-12 7.31E-12
 1.00E-74 1.00E-74 1.63E-40 9.40E-26 1.90E-18 3.66E-14 8.18E-13 2.14E-12
 3.35E-12 5.01E-12 6.53E-12 7.45E-12 7.55E-12 7.32E-12
  35.2971    7  14 /pl=01:ss=10:pb= 1:sz=10/type=excit/ispb = t/isel =   29
 1.00E+10 1.00E+11 1.00E+12 1.00E+13 1.00E+14 1.00E+15 1.00E+16
 2.09E+00 3.13E+00 5.21E+00 1.04E+01 2.09E+01 5.21E+01 1.04E+02 1.56E+02
 2.09E+02 3.13E+02 5.21E+02 1.04E+03 2.09E+03 3.13E+03
 1.00E-74 1.00E-74 7.26E-39 2.20E-24 3.23E-17 5.22E-13 1.14E-11 2.99E-11
 4.65E-11 6.89E-11 8.86E-11 9.96E-11 9.98E-11 9.72E-11
 1.00E-74 1.00E-74 7.26E-39 2.20E-24 3.22E-17 5.17E-13 1.12E-11 2.90E-11
 4.47E-11 6.53E-11 8.29E-11 9.22E-11 9.17E-11 8.88E-11
 1.00E-74 1.00E-74 7.20E-39 2.17E-24 3.13E-17 4.82E-13 9.99E-12 2.49E-11
 3.78E-11 5.46E-11 6.95E-11 7.77E-11 7.76E-11 7.53E-11
 1.00E-74 1.00E-74 6.87E-39 1.99E-24 2.74E-17 4.02E-13 8.36E-12 2.14E-11
 3.31E-11 4.90E-11 6.35E-11 7.18E-11 7.17E-11 6.94E-11
 1.00E-74 1.00E-74 6.38E-39 1.74E-24 2.40E-17 3.73E-13 7.98E-12 2.07E-11
 3.23E-11 4.82E-11 6.27E-11 7.10E-11 7.09E-11 6.86E-11
 1.00E-74 1.00E-74 6.28E-39 1.68E-24 2.35E-17 3.70E-13 7.95E-12 2.07E-11
 3.23E-11 4.82E-11 6.27E-11 7.10E-11 7.08E-11 6.86E-11
 1.00E-74 1.00E-74 6.55E-39 1.73E-24 2.40E-17 3.76E-13 8.06E-12 2.10E-11
 3.27E-11 4.87E-11 6.32E-11 7.15E-11 7.12E-11 6.89E-11
  35.5449    7  14 /pl=01:ss=10:pb= 1:sz=10/type=excit/ispb = t/isel =   30
 1.00E+10 1.00E+11 1.00E+12 1.00E+13 1.00E+14 1.00E+15 1.00E+16
 2.09E+00 3.13E+00 5.21E+00 1.04E+01 2.09E+01 5.21E+01 1.04E+02 1.56E+02
 2.09E+02 3.13E+02 5.21E+02 1.04E+03 2.09E+03 3.13E+03
 1.00E-74 1.00E-74 1.00E-74 7.55E-29 6.23E-20 1.09E-14 5.06E-13 1.66E-12
 2.86E-12 4.61E-12 6.08E-12 6.45E-12 5.73E-12 5.14E-12
 1.00E-74 1.00E-74 1.00E-74 7.54E-29 6.21E-20 1.08E-14 4.98E-13 1.61E-12
 2.76E-12 4.39E-12 5.73E-12 6.02E-12 5.31E-12 4.73E-12
 1.00E-74 1.00E-74 7.04E-47 7.46E-29 6.07E-20 1.02E-14 4.49E-13 1.41E-12
 2.38E-12 3.76E-12 4.91E-12 5.20E-12 4.61E-12 4.11E-12
 1.00E-74 1.00E-74 7.37E-47 6.97E-29 5.41E-20 8.70E-15 3.84E-13 1.24E-12
 2.12E-12 3.42E-12 4.55E-12 4.87E-12 4.32E-12 3.85E-12
 1.00E-74 1.00E-74 7.26E-47 6.27E-29 4.85E-20 8.15E-15 3.69E-13 1.20E-12
 2.08E-12 3.37E-12 4.50E-12 4.82E-12 4.28E-12 3.81E-12
 1.00E-74 1.00E-74 7.17E-47 6.09E-29 4.75E-20 8.08E-15 3.67E-13 1.20E-12
 2.07E-12 3.37E-12 4.50E-12 4.82E-12 4.27E-12 3.81E-12
 1.00E-74 1.00E-74 7.16E-47 6.06E-29 4.72E-20 8.05E-15 3.66E-13 1.20E-12
 2.07E-12 3.36E-12 4.49E-12 4.81E-12 4.27E-12 3.81E-12
  36.0709    7  14 /pl=01:ss=10:pb= 1:sz=10/type=excit/ispb = t/isel =   31
 1.00E+10 1.00E+11 1.00E+12 1.00E+13 1.00E+14 1.00E+15 1.00E+16
 2.09E+00 3.13E+00 5.21E+00 1.04E+01 2.09E+01 5.21E+01 1.04E+02 1.56E+02
 2.09E+02 3.13E+02 5.21E+02 1.04E+03 2.09E+03 3.13E+03
 1.00E-74 1.00E-74 1.00E-74 1.73E-27 4.42E-19 3.83E-14 1.40E-12 4.24E-12
 7.02E-12 1.08E-11 1.38E-11 1.43E-11 1.25E-11 1.11E-11
 1.00E-74 1.00E-74 1.74E-44 1.73E-27 4.41E-19 3.79E-14 1.37E-12 4.11E-12
 6.73E-12 1.03E-11 1.29E-11 1.32E-11 1.14E-11 1.01E-11
 1.00E-74 1.00E-74 1.89E-44 1.71E-27 4.29E-19 3.53E-14 1.22E-12 3.52E-12
 5.67E-12 8.55E-12 1.08E-11 1.11E-11 9.65E-12 8.55E-12
 1.00E-74 1.00E-74 1.79E-44 1.57E-27 3.75E-19 2.94E-14 1.02E-12 3.01E-12
 4.95E-12 7.65E-12 9.82E-12 1.02E-11 8.90E-12 7.87E-12
 1.00E-74 1.00E-74 1.65E-44 1.37E-27 3.29E-19 2.72E-14 9.70E-13 2.91E-12
 4.84E-12 7.52E-12 9.70E-12 1.01E-11 8.80E-12 7.78E-12
 1.00E-74 1.00E-74 1.62E-44 1.32E-27 3.21E-19 2.70E-14 9.65E-13 2.91E-12
 4.82E-12 7.50E-12 9.68E-12 1.01E-11 8.79E-12 7.77E-12
 1.00E-74 1.00E-74 1.64E-44 1.33E-27 3.22E-19 2.71E-14 9.67E-13 2.91E-12
 4.83E-12 7.51E-12 9.69E-12 1.01E-11 8.80E-12 7.78E-12
  36.0813    7  14 /pl=01:ss=10:pb= 1:sz=10/type=excit/ispb = t/isel =   32
 1.00E+10 1.00E+11 1.00E+12 1.00E+13 1.00E+14 1.00E+15 1.00E+16
 2.09E+00 3.13E+00 5.21E+00 1.04E+01 2.09E+01 5.21E+01 1.04E+02 1.56E+02
 2.09E+02 3.13E+02 5.21E+02 1.04E+03 2.09E+03 3.13E+03
 1.00E-74 1.00E-74 1.00E-74 3.01E-27 7.63E-19 6.60E-14 2.41E-12 7.29E-12
 1.21E-11 1.86E-11 2.38E-11 2.46E-11 2.15E-11 1.91E-11
 1.00E-74 1.00E-74 2.45E-44 3.00E-27 7.61E-19 6.54E-14 2.36E-12 7.06E-12
 1.16E-11 1.76E-11 2.22E-11 2.28E-11 1.97E-11 1.74E-11
 1.00E-74 1.00E-74 3.16E-44 2.96E-27 7.40E-19 6.09E-14 2.10E-12 6.06E-12
 9.75E-12 1.47E-11 1.85E-11 1.91E-11 1.66E-11 1.47E-11
 1.00E-74 1.00E-74 3.12E-44 2.72E-27 6.46E-19 5.07E-14 1.75E-12 5.17E-12
 8.50E-12 1.31E-11 1.69E-11 1.76E-11 1.53E-11 1.35E-11
 1.00E-74 1.00E-74 2.89E-44 2.37E-27 5.66E-19 4.69E-14 1.67E-12 5.01E-12
 8.30E-12 1.29E-11 1.67E-11 1.74E-11 1.51E-11 1.34E-11
 1.00E-74 1.00E-74 2.84E-44 2.29E-27 5.52E-19 4.65E-14 1.66E-12 5.00E-12
 8.28E-12 1.29E-11 1.67E-11 1.74E-11 1.51E-11 1.33E-11
 1.00E-74 1.00E-74 2.89E-44 2.31E-27 5.56E-19 4.67E-14 1.67E-12 5.01E-12
 8.31E-12 1.29E-11 1.67E-11 1.74E-11 1.52E-11 1.34E-11
  36.3251    7  14 /pl=01:ss=10:pb= 1:sz=10/type=excit/ispb = t/isel =   33
 1.00E+10 1.00E+11 1.00E+12 1.00E+13 1.00E+14 1.00E+15 1.00E+16
 2.09E+00 3.13E+00 5.21E+00 1.04E+01 2.09E+01 5.21E+01 1.04E+02 1.56E+02
 2.09E+02 3.13E+02 5.21E+02 1.04E+03 2.09E+03 3.13E+03
 1.00E-74 1.00E-74 7.71E-44 5.22E-27 1.19E-18 9.59E-14 3.41E-12 1.03E-11
 1.69E-11 2.61E-11 3.31E-11 3.40E-11 2.97E-11 2.65E-11
 1.00E-74 1.00E-74 7.08E-44 5.22E-27 1.18E-18 9.49E-14 3.35E-12 9.96E-12
 1.62E-11 2.47E-11 3.10E-11 3.15E-11 2.73E-11 2.42E-11
 1.00E-74 1.00E-74 7.07E-44 5.15E-27 1.15E-18 8.85E-14 2.98E-12 8.55E-12
 1.37E-11 2.06E-11 2.59E-11 2.65E-11 2.31E-11 2.05E-11
 1.00E-74 1.00E-74 6.74E-44 4.73E-27 1.01E-18 7.38E-14 2.49E-12 7.31E-12
 1.20E-11 1.85E-11 2.36E-11 2.45E-11 2.13E-11 1.89E-11
 1.00E-74 1.00E-74 6.25E-44 4.13E-27 8.82E-19 6.83E-14 2.37E-12 7.09E-12
 1.17E-11 1.82E-11 2.33E-11 2.42E-11 2.11E-11 1.87E-11
 1.00E-74 1.00E-74 6.13E-44 3.98E-27 8.60E-19 6.76E-14 2.36E-12 7.06E-12
 1.16E-11 1.81E-11 2.33E-11 2.42E-11 2.11E-11 1.86E-11
 1.00E-74 1.00E-74 6.11E-44 3.96E-27 8.57E-19 6.75E-14 2.35E-12 7.05E-12
 1.16E-11 1.81E-11 2.32E-11 2.41E-11 2.10E-11 1.86E-11
  38.0012    7  14 /pl=01:ss=10:pb= 1:sz=10/type=excit/ispb = t/isel =   34
 1.00E+10 1.00E+11 1.00E+12 1.00E+13 1.00E+14 1.00E+15 1.00E+16
 2.09E+00 3.13E+00 5.21E+00 1.04E+01 2.09E+01 5.21E+01 1.04E+02 1.56E+02
 2.09E+02 3.13E+02 5.21E+02 1.04E+03 2.09E+03 3.13E+03
 1.00E-74 1.00E-74 7.30E-38 3.20E-24 2.38E-17 2.82E-13 5.75E-12 1.48E-11
 2.28E-11 3.32E-11 4.11E-11 4.30E-11 3.97E-11 3.67E-11
 1.00E-74 1.00E-74 7.30E-38 3.20E-24 2.38E-17 2.80E-13 5.68E-12 1.45E-11
 2.22E-11 3.22E-11 3.96E-11 4.12E-11 3.77E-11 3.47E-11
 1.00E-74 1.00E-74 7.30E-38 3.18E-24 2.34E-17 2.69E-13 5.32E-12 1.34E-11
 2.03E-11 2.94E-11 3.65E-11 3.83E-11 3.53E-11 3.25E-11
 1.00E-74 1.00E-74 7.29E-38 3.08E-24 2.19E-17 2.44E-13 4.85E-12 1.24E-11
 1.91E-11 2.80E-11 3.51E-11 3.72E-11 3.43E-11 3.16E-11
 1.00E-74 1.00E-74 7.28E-38 2.93E-24 2.06E-17 2.35E-13 4.73E-12 1.22E-11
 1.88E-11 2.78E-11 3.49E-11 3.70E-11 3.41E-11 3.15E-11
 1.00E-74 1.00E-74 7.29E-38 2.90E-24 2.04E-17 2.33E-13 4.71E-12 1.21E-11
 1.88E-11 2.77E-11 3.49E-11 3.69E-11 3.41E-11 3.15E-11
 1.00E-74 1.00E-74 7.37E-38 2.94E-24 2.05E-17 2.31E-13 4.64E-12 1.19E-11
 1.85E-11 2.73E-11 3.44E-11 3.65E-11 3.37E-11 3.12E-11
  38.7536    7  14 /pl=01:ss=10:pb= 1:sz=10/type=excit/ispb = t/isel =   35
 1.00E+10 1.00E+11 1.00E+12 1.00E+13 1.00E+14 1.00E+15 1.00E+16
 2.09E+00 3.13E+00 5.21E+00 1.04E+01 2.09E+01 5.21E+01 1.04E+02 1.56E+02
 2.09E+02 3.13E+02 5.21E+02 1.04E+03 2.09E+03 3.13E+03
 1.00E-74 1.00E-74 1.07E-38 4.71E-25 3.50E-18 4.14E-14 8.45E-13 2.17E-12
 3.34E-12 4.87E-12 6.04E-12 6.33E-12 5.83E-12 5.40E-12
 1.00E-74 1.00E-74 1.07E-38 4.70E-25 3.49E-18 4.12E-14 8.36E-13 2.13E-12
 3.27E-12 4.73E-12 5.82E-12 6.05E-12 5.54E-12 5.10E-12
 1.00E-74 1.00E-74 1.07E-38 4.68E-25 3.45E-18 3.96E-14 7.82E-13 1.96E-12
 2.99E-12 4.33E-12 5.37E-12 5.64E-12 5.18E-12 4.78E-12
 1.00E-74 1.00E-74 1.07E-38 4.53E-25 3.22E-18 3.59E-14 7.12E-13 1.82E-12
 2.80E-12 4.11E-12 5.16E-12 5.46E-12 5.04E-12 4.65E-12
 1.00E-74 1.00E-74 1.07E-38 4.31E-25 3.03E-18 3.45E-14 6.96E-13 1.79E-12
 2.77E-12 4.08E-12 5.14E-12 5.44E-12 5.02E-12 4.63E-12
 1.00E-74 1.00E-74 1.07E-38 4.27E-25 3.00E-18 3.43E-14 6.93E-13 1.78E-12
 2.76E-12 4.07E-12 5.13E-12 5.43E-12 5.01E-12 4.63E-12
 1.00E-74 1.00E-74 1.08E-38 4.32E-25 3.01E-18 3.40E-14 6.83E-13 1.75E-12
 2.72E-12 4.01E-12 5.05E-12 5.36E-12 4.96E-12 4.58E-12
  38.8155    7  14 /pl=01:ss=10:pb= 1:sz=10/type=excit/ispb = t/isel =   36
 1.00E+10 1.00E+11 1.00E+12 1.00E+13 1.00E+14 1.00E+15 1.00E+16
 2.09E+00 3.13E+00 5.21E+00 1.04E+01 2.09E+01 5.21E+01 1.04E+02 1.56E+02
 2.09E+02 3.13E+02 5.21E+02 1.04E+03 2.09E+03 3.13E+03
 1.00E-74 1.00E-74 5.36E-37 1.04E-23 5.04E-17 4.81E-13 9.54E-12 2.46E-11
 3.83E-11 5.63E-11 7.08E-11 7.56E-11 7.09E-11 6.63E-11
 1.00E-74 1.00E-74 5.35E-37 1.04E-23 5.03E-17 4.77E-13 9.39E-12 2.40E-11
 3.70E-11 5.38E-11 6.70E-11 7.10E-11 6.60E-11 6.14E-11
 1.00E-74 1.00E-74 5.32E-37 1.03E-23 4.91E-17 4.49E-13 8.51E-12 2.12E-11
 3.23E-11 4.68E-11 5.85E-11 6.25E-11 5.84E-11 5.44E-11
 1.00E-74 1.00E-74 5.10E-37 9.57E-24 4.37E-17 3.84E-13 7.35E-12 1.87E-11
 2.91E-11 4.30E-11 5.47E-11 5.90E-11 5.52E-11 5.14E-11
 1.00E-74 1.00E-74 4.78E-37 8.52E-24 3.90E-17 3.61E-13 7.07E-12 1.83E-11
 2.85E-11 4.25E-11 5.42E-11 5.85E-11 5.48E-11 5.10E-11
 1.00E-74 1.00E-74 4.70E-37 8.26E-24 3.82E-17 3.57E-13 7.02E-12 1.82E-11
 2.84E-11 4.23E-11 5.40E-11 5.83E-11 5.47E-11 5.09E-11
 1.00E-74 1.00E-74 4.71E-37 8.27E-24 3.80E-17 3.52E-13 6.89E-12 1.78E-11
 2.78E-11 4.15E-11 5.31E-11 5.74E-11 5.40E-11 5.03E-11
  39.3995    7  14 /pl=01:ss=10:pb= 1:sz=10/type=excit/ispb = t/isel =   37
 1.00E+10 1.00E+11 1.00E+12 1.00E+13 1.00E+14 1.00E+15 1.00E+16
 2.09E+00 3.13E+00 5.21E+00 1.04E+01 2.09E+01 5.21E+01 1.04E+02 1.56E+02
 2.09E+02 3.13E+02 5.21E+02 1.04E+03 2.09E+03 3.13E+03
 1.00E-74 1.00E-74 2.10E-38 6.82E-25 4.68E-18 5.58E-14 1.23E-12 3.33E-12
 5.32E-12 8.06E-12 1.03E-11 1.10E-11 1.01E-11 9.24E-12
 1.00E-74 1.00E-74 2.26E-38 7.10E-25 4.89E-18 6.09E-14 1.42E-12 4.07E-12
 6.81E-12 1.09E-11 1.46E-11 1.58E-11 1.45E-11 1.32E-11
 1.00E-74 1.00E-74 3.70E-38 9.79E-25 6.83E-18 9.93E-14 2.53E-12 7.56E-12
 1.27E-11 2.00E-11 2.63E-11 2.86E-11 2.66E-11 2.45E-11
 1.00E-74 1.00E-74 1.26E-37 2.62E-24 1.56E-17 1.86E-13 3.99E-12 1.06E-11
 1.67E-11 2.48E-11 3.16E-11 3.39E-11 3.17E-11 2.95E-11
 1.00E-74 1.00E-74 2.56E-37 4.95E-24 2.31E-17 2.19E-13 4.33E-12 1.12E-11
 1.73E-11 2.55E-11 3.23E-11 3.46E-11 3.24E-11 3.02E-11
 1.00E-74 1.00E-74 2.90E-37 5.54E-24 2.44E-17 2.22E-13 4.36E-12 1.12E-11
 1.74E-11 2.56E-11 3.23E-11 3.47E-11 3.25E-11 3.03E-11
 1.00E-74 1.00E-74 2.94E-37 5.61E-24 2.44E-17 2.19E-13 4.29E-12 1.10E-11
 1.71E-11 2.51E-11 3.18E-11 3.42E-11 3.21E-11 3.00E-11
  39.6826    7  14 /pl=01:ss=10:pb= 1:sz=10/type=excit/ispb = t/isel =   38
 1.00E+10 1.00E+11 1.00E+12 1.00E+13 1.00E+14 1.00E+15 1.00E+16
 2.09E+00 3.13E+00 5.21E+00 1.04E+01 2.09E+01 5.21E+01 1.04E+02 1.56E+02
 2.09E+02 3.13E+02 5.21E+02 1.04E+03 2.09E+03 3.13E+03
 1.00E-74 1.00E-74 1.53E-36 1.41E-23 4.59E-17 3.52E-13 6.47E-12 1.62E-11
 2.49E-11 3.61E-11 4.49E-11 4.77E-11 4.50E-11 4.22E-11
 1.00E-74 1.00E-74 1.53E-36 1.41E-23 4.58E-17 3.48E-13 6.35E-12 1.58E-11
 2.39E-11 3.42E-11 4.21E-11 4.43E-11 4.13E-11 3.86E-11
 1.00E-74 1.00E-74 1.51E-36 1.39E-23 4.45E-17 3.25E-13 5.66E-12 1.36E-11
 2.03E-11 2.88E-11 3.54E-11 3.75E-11 3.52E-11 3.29E-11
 1.00E-74 1.00E-74 1.44E-36 1.28E-23 3.90E-17 2.73E-13 4.76E-12 1.17E-11
 1.78E-11 2.59E-11 3.25E-11 3.47E-11 3.26E-11 3.04E-11
 1.00E-74 1.00E-74 1.34E-36 1.12E-23 3.43E-17 2.53E-13 4.55E-12 1.14E-11
 1.74E-11 2.55E-11 3.20E-11 3.43E-11 3.22E-11 3.01E-11
 1.00E-74 1.00E-74 1.31E-36 1.08E-23 3.34E-17 2.50E-13 4.51E-12 1.13E-11
 1.73E-11 2.53E-11 3.19E-11 3.42E-11 3.21E-11 3.00E-11
 1.00E-74 1.00E-74 1.31E-36 1.07E-23 3.29E-17 2.43E-13 4.37E-12 1.09E-11
 1.68E-11 2.46E-11 3.11E-11 3.35E-11 3.16E-11 2.96E-11
  44.4361    7  14 /pl=01:ss=10:pb= 1:sz=10/type=excit/ispb = t/isel =   39
 1.00E+10 1.00E+11 1.00E+12 1.00E+13 1.00E+14 1.00E+15 1.00E+16
 2.09E+00 3.13E+00 5.21E+00 1.04E+01 2.09E+01 5.21E+01 1.04E+02 1.56E+02
 2.09E+02 3.13E+02 5.21E+02 1.04E+03 2.09E+03 3.13E+03
 1.00E-74 1.00E-74 5.09E-39 9.43E-25 1.09E-17 1.47E-13 2.96E-12 7.40E-12
 1.12E-11 1.58E-11 1.88E-11 1.85E-11 1.60E-11 1.42E-11
 1.00E-74 1.00E-74 5.08E-39 9.42E-25 1.08E-17 1.46E-13 2.91E-12 7.19E-12
 1.07E-11 1.50E-11 1.77E-11 1.72E-11 1.47E-11 1.30E-11
 1.00E-74 1.00E-74 5.05E-39 9.30E-25 1.05E-17 1.36E-13 2.60E-12 6.22E-12
 9.15E-12 1.27E-11 1.50E-11 1.48E-11 1.27E-11 1.13E-11
 1.00E-74 1.00E-74 4.83E-39 8.58E-25 9.25E-18 1.14E-13 2.19E-12 5.37E-12
 8.07E-12 1.14E-11 1.38E-11 1.37E-11 1.19E-11 1.05E-11
 1.00E-74 1.00E-74 4.51E-39 7.54E-25 8.15E-18 1.06E-13 2.09E-12 5.21E-12
 7.89E-12 1.13E-11 1.36E-11 1.36E-11 1.18E-11 1.04E-11
 1.00E-74 1.00E-74 4.40E-39 7.23E-25 7.90E-18 1.04E-13 2.07E-12 5.16E-12
 7.83E-12 1.12E-11 1.36E-11 1.35E-11 1.17E-11 1.04E-11
 1.00E-74 1.00E-74 4.08E-39 6.76E-25 7.42E-18 9.87E-14 1.96E-12 4.92E-12
 7.48E-12 1.07E-11 1.31E-11 1.31E-11 1.14E-11 1.02E-11
  45.2300    7  14 /pl=01:ss=10:pb= 1:sz=10/type=excit/ispb = t/isel =   40
 1.00E+10 1.00E+11 1.00E+12 1.00E+13 1.00E+14 1.00E+15 1.00E+16
 2.09E+00 3.13E+00 5.21E+00 1.04E+01 2.09E+01 5.21E+01 1.04E+02 1.56E+02
 2.09E+02 3.13E+02 5.21E+02 1.04E+03 2.09E+03 3.13E+03
 1.00E-74 1.00E-74 1.84E-38 2.14E-24 1.94E-17 2.30E-13 4.44E-12 1.10E-11
 1.65E-11 2.32E-11 2.76E-11 2.73E-11 2.36E-11 2.10E-11
 1.00E-74 1.00E-74 1.84E-38 2.13E-24 1.94E-17 2.28E-13 4.36E-12 1.06E-11
 1.59E-11 2.21E-11 2.59E-11 2.54E-11 2.18E-11 1.93E-11
 1.00E-74 1.00E-74 1.83E-38 2.11E-24 1.89E-17 2.13E-13 3.89E-12 9.20E-12
 1.35E-11 1.86E-11 2.19E-11 2.16E-11 1.86E-11 1.65E-11
 1.00E-74 1.00E-74 1.75E-38 1.94E-24 1.66E-17 1.79E-13 3.28E-12 7.94E-12
 1.19E-11 1.68E-11 2.01E-11 2.01E-11 1.73E-11 1.54E-11
 1.00E-74 1.00E-74 1.64E-38 1.71E-24 1.46E-17 1.66E-13 3.13E-12 7.70E-12
 1.16E-11 1.65E-11 1.99E-11 1.99E-11 1.72E-11 1.52E-11
 1.00E-74 1.00E-74 1.60E-38 1.65E-24 1.42E-17 1.64E-13 3.11E-12 7.65E-12
 1.16E-11 1.64E-11 1.98E-11 1.98E-11 1.71E-11 1.52E-11
 1.00E-74 1.00E-74 1.53E-38 1.58E-24 1.37E-17 1.58E-13 3.00E-12 7.41E-12
 1.12E-11 1.60E-11 1.93E-11 1.94E-11 1.68E-11 1.49E-11
  154.616    7  14 /pl=01:ss=10:pb= 1:sz=10/type=excit/ispb = t/isel =   41
 1.00E+10 1.00E+11 1.00E+12 1.00E+13 1.00E+14 1.00E+15 1.00E+16
 2.09E+00 3.13E+00 5.21E+00 1.04E+01 2.09E+01 5.21E+01 1.04E+02 1.56E+02
 2.09E+02 3.13E+02 5.21E+02 1.04E+03 2.09E+03 3.13E+03
 1.44E-28 1.19E-22 5.83E-18 1.66E-14 7.82E-13 6.92E-12 1.50E-11 2.23E-11
 2.85E-11 3.61E-11 4.12E-11 4.02E-11 3.46E-11 3.07E-11
 2.04E-28 1.62E-22 7.65E-18 2.13E-14 1.11E-12 1.30E-11 3.48E-11 5.72E-11
 7.55E-11 9.61E-11 1.07E-10 1.00E-10 8.24E-11 7.12E-11
 7.46E-28 5.49E-22 2.39E-17 6.28E-14 3.82E-12 5.66E-11 1.49E-10 2.17E-10
 2.57E-10 2.85E-10 2.86E-10 2.51E-10 2.06E-10 1.80E-10
 3.85E-27 2.87E-21 1.24E-16 3.16E-13 1.61E-11 1.56E-10 2.99E-10 3.57E-10
 3.81E-10 3.86E-10 3.66E-10 3.14E-10 2.58E-10 2.28E-10
 7.73E-27 6.05E-21 2.71E-16 6.76E-13 2.66E-11 1.92E-10 3.34E-10 3.83E-10
 4.01E-10 4.00E-10 3.76E-10 3.22E-10 2.65E-10 2.34E-10
 8.61E-27 6.82E-21 3.09E-16 7.66E-13 2.85E-11 1.97E-10 3.38E-10 3.86E-10
 4.03E-10 4.02E-10 3.78E-10 3.23E-10 2.66E-10 2.35E-10
 8.68E-27 6.89E-21 3.12E-16 7.75E-13 2.86E-11 1.97E-10 3.39E-10 3.86E-10
 4.03E-10 4.02E-10 3.77E-10 3.23E-10 2.66E-10 2.35E-10
  184.613    7  14 /pl=01:ss=10:pb= 1:sz=10/type=excit/ispb = t/isel =   42
 1.00E+10 1.00E+11 1.00E+12 1.00E+13 1.00E+14 1.00E+15 1.00E+16
 2.09E+00 3.13E+00 5.21E+00 1.04E+01 2.09E+01 5.21E+01 1.04E+02 1.56E+02
 2.09E+02 3.13E+02 5.21E+02 1.04E+03 2.09E+03 3.13E+03
 1.72E-22 6.46E-18 2.69E-14 1.20E-11 2.15E-10 9.80E-10 1.41E-09 1.51E-09
 1.53E-09 1.48E-09 1.34E-09 1.12E-09 9.05E-10 7.93E-10
 1.72E-22 6.46E-18 2.69E-14 1.20E-11 2.15E-10 9.71E-10 1.38E-09 1.47E-09
 1.47E-09 1.40E-09 1.26E-09 1.04E-09 8.34E-10 7.28E-10
 1.72E-22 6.44E-18 2.67E-14 1.19E-11 2.09E-10 9.05E-10 1.23E-09 1.26E-09
 1.24E-09 1.18E-09 1.06E-09 8.86E-10 7.16E-10 6.25E-10
 1.71E-22 6.31E-18 2.55E-14 1.09E-11 1.83E-10 7.56E-10 1.03E-09 1.08E-09
 1.09E-09 1.06E-09 9.78E-10 8.23E-10 6.66E-10 5.81E-10
 1.70E-22 6.13E-18 2.38E-14 9.57E-12 1.61E-10 7.01E-10 9.83E-10 1.05E-09
 1.07E-09 1.05E-09 9.66E-10 8.15E-10 6.59E-10 5.75E-10
 1.70E-22 6.09E-18 2.33E-14 9.23E-12 1.57E-10 6.94E-10 9.78E-10 1.05E-09
 1.06E-09 1.04E-09 9.64E-10 8.14E-10 6.58E-10 5.74E-10
 1.68E-22 6.05E-18 2.32E-14 9.16E-12 1.56E-10 6.92E-10 9.75E-10 1.04E-09
 1.06E-09 1.04E-09 9.61E-10 8.11E-10 6.56E-10 5.73E-10
  203.839    7  14 /pl=01:ss=10:pb= 1:sz=10/type=excit/ispb = t/isel =   43
 1.00E+10 1.00E+11 1.00E+12 1.00E+13 1.00E+14 1.00E+15 1.00E+16
 2.09E+00 3.13E+00 5.21E+00 1.04E+01 2.09E+01 5.21E+01 1.04E+02 1.56E+02
 2.09E+02 3.13E+02 5.21E+02 1.04E+03 2.09E+03 3.13E+03
 1.23E-24 4.60E-20 1.92E-16 8.57E-14 1.53E-12 6.98E-12 1.00E-11 1.08E-11
 1.09E-11 1.05E-11 9.57E-12 7.96E-12 6.45E-12 5.65E-12
 1.23E-24 4.60E-20 1.92E-16 8.56E-14 1.53E-12 6.92E-12 9.85E-12 1.05E-11
 1.05E-11 1.00E-11 8.98E-12 7.40E-12 5.95E-12 5.19E-12
 1.23E-24 4.59E-20 1.90E-16 8.45E-14 1.49E-12 6.45E-12 8.77E-12 9.00E-12
 8.87E-12 8.42E-12 7.59E-12 6.31E-12 5.10E-12 4.46E-12
 1.22E-24 4.50E-20 1.82E-16 7.78E-14 1.30E-12 5.39E-12 7.34E-12 7.73E-12
 7.78E-12 7.58E-12 6.97E-12 5.87E-12 4.74E-12 4.14E-12
 1.21E-24 4.37E-20 1.69E-16 6.82E-14 1.15E-12 5.00E-12 7.01E-12 7.49E-12
 7.61E-12 7.46E-12 6.88E-12 5.81E-12 4.70E-12 4.10E-12
 1.21E-24 4.34E-20 1.66E-16 6.57E-14 1.12E-12 4.94E-12 6.97E-12 7.47E-12
 7.59E-12 7.44E-12 6.87E-12 5.80E-12 4.69E-12 4.09E-12
 1.20E-24 4.31E-20 1.65E-16 6.53E-14 1.11E-12 4.93E-12 6.95E-12 7.44E-12
 7.56E-12 7.42E-12 6.85E-12 5.78E-12 4.68E-12 4.08E-12
  567.215    7  14 /pl=01:ss=10:pb= 1:sz=10/type=excit/ispb = t/isel =   44
 1.00E+10 1.00E+11 1.00E+12 1.00E+13 1.00E+14 1.00E+15 1.00E+16
 2.09E+00 3.13E+00 5.21E+00 1.04E+01 2.09E+01 5.21E+01 1.04E+02 1.56E+02
 2.09E+02 3.13E+02 5.21E+02 1.04E+03 2.09E+03 3.13E+03
 1.00E-74 1.00E-74 1.45E-38 1.68E-24 1.53E-17 1.81E-13 3.49E-12 8.61E-12
 1.30E-11 1.83E-11 2.17E-11 2.15E-11 1.85E-11 1.65E-11
 1.00E-74 1.00E-74 1.45E-38 1.67E-24 1.52E-17 1.79E-13 3.42E-12 8.36E-12
 1.25E-11 1.73E-11 2.03E-11 1.99E-11 1.71E-11 1.51E-11
 1.00E-74 1.00E-74 1.44E-38 1.65E-24 1.48E-17 1.67E-13 3.06E-12 7.23E-12
 1.06E-11 1.46E-11 1.72E-11 1.70E-11 1.46E-11 1.30E-11
 1.00E-74 1.00E-74 1.38E-38 1.53E-24 1.30E-17 1.40E-13 2.57E-12 6.23E-12
 9.35E-12 1.32E-11 1.58E-11 1.58E-11 1.36E-11 1.21E-11
 1.00E-74 1.00E-74 1.29E-38 1.35E-24 1.15E-17 1.30E-13 2.46E-12 6.05E-12
 9.14E-12 1.30E-11 1.56E-11 1.56E-11 1.35E-11 1.19E-11
 1.00E-74 1.00E-74 1.26E-38 1.29E-24 1.12E-17 1.29E-13 2.44E-12 6.01E-12
 9.09E-12 1.29E-11 1.56E-11 1.56E-11 1.34E-11 1.19E-11
 1.00E-74 1.00E-74 1.20E-38 1.24E-24 1.07E-17 1.24E-13 2.36E-12 5.82E-12
 8.82E-12 1.26E-11 1.52E-11 1.53E-11 1.32E-11 1.17E-11
  622.665    7  14 /pl=01:ss=10:pb= 1:sz=10/type=excit/ispb = t/isel =   45
 1.00E+10 1.00E+11 1.00E+12 1.00E+13 1.00E+14 1.00E+15 1.00E+16
 2.09E+00 3.13E+00 5.21E+00 1.04E+01 2.09E+01 5.21E+01 1.04E+02 1.56E+02
 2.09E+02 3.13E+02 5.21E+02 1.04E+03 2.09E+03 3.13E+03
 1.00E-74 1.00E-74 6.61E-39 1.23E-24 1.41E-17 1.92E-13 3.85E-12 9.62E-12
 1.45E-11 2.05E-11 2.44E-11 2.41E-11 2.07E-11 1.84E-11
 1.00E-74 1.00E-74 6.61E-39 1.22E-24 1.41E-17 1.90E-13 3.78E-12 9.34E-12
 1.40E-11 1.95E-11 2.29E-11 2.24E-11 1.92E-11 1.69E-11
 1.00E-74 1.00E-74 6.56E-39 1.21E-24 1.37E-17 1.77E-13 3.37E-12 8.08E-12
 1.19E-11 1.65E-11 1.95E-11 1.92E-11 1.65E-11 1.46E-11
 1.00E-74 1.00E-74 6.28E-39 1.11E-24 1.20E-17 1.49E-13 2.84E-12 6.97E-12
 1.05E-11 1.49E-11 1.79E-11 1.78E-11 1.54E-11 1.37E-11
 1.00E-74 1.00E-74 5.86E-39 9.79E-25 1.06E-17 1.38E-13 2.71E-12 6.77E-12
 1.03E-11 1.46E-11 1.77E-11 1.77E-11 1.53E-11 1.35E-11
 1.00E-74 1.00E-74 5.71E-39 9.40E-25 1.03E-17 1.36E-13 2.69E-12 6.71E-12
 1.02E-11 1.46E-11 1.76E-11 1.76E-11 1.52E-11 1.35E-11
 1.00E-74 1.00E-74 5.30E-39 8.79E-25 9.64E-18 1.28E-13 2.55E-12 6.39E-12
 9.72E-12 1.40E-11 1.70E-11 1.71E-11 1.48E-11 1.32E-11
  709.723    7  14 /pl=01:ss=10:pb= 1:sz=10/type=excit/ispb = t/isel =   46
 1.00E+10 1.00E+11 1.00E+12 1.00E+13 1.00E+14 1.00E+15 1.00E+16
 2.09E+00 3.13E+00 5.21E+00 1.04E+01 2.09E+01 5.21E+01 1.04E+02 1.56E+02
 2.09E+02 3.13E+02 5.21E+02 1.04E+03 2.09E+03 3.13E+03
 1.00E-74 1.00E-74 1.23E-38 9.38E-25 6.97E-18 7.66E-14 1.57E-12 4.07E-12
 6.33E-12 9.33E-12 1.17E-11 1.23E-11 1.12E-11 1.03E-11
 1.00E-74 1.00E-74 1.22E-38 9.37E-25 6.95E-18 7.60E-14 1.54E-12 3.96E-12
 6.12E-12 8.93E-12 1.11E-11 1.15E-11 1.05E-11 9.57E-12
 1.00E-74 1.00E-74 1.22E-38 9.26E-25 6.78E-18 7.13E-14 1.39E-12 3.50E-12
 5.35E-12 7.80E-12 9.74E-12 1.03E-11 9.38E-12 8.60E-12
 1.00E-74 1.00E-74 1.17E-38 8.58E-25 5.99E-18 6.07E-14 1.20E-12 3.10E-12
 4.83E-12 7.20E-12 9.15E-12 9.75E-12 8.93E-12 8.19E-12
 1.00E-74 1.00E-74 1.10E-38 7.60E-25 5.32E-18 5.67E-14 1.15E-12 3.02E-12
 4.74E-12 7.11E-12 9.06E-12 9.68E-12 8.86E-12 8.13E-12
 1.00E-74 1.00E-74 1.06E-38 7.26E-25 5.13E-18 5.56E-14 1.14E-12 2.99E-12
 4.70E-12 7.05E-12 9.00E-12 9.62E-12 8.82E-12 8.10E-12
 1.00E-74 1.00E-74 9.05E-39 6.35E-25 4.55E-18 5.01E-14 1.04E-12 2.75E-12
 4.36E-12 6.59E-12 8.49E-12 9.17E-12 8.49E-12 7.83E-12
  713.267    7  14 /pl=01:ss=10:pb= 1:sz=10/type=excit/ispb = t/isel =   47
 1.00E+10 1.00E+11 1.00E+12 1.00E+13 1.00E+14 1.00E+15 1.00E+16
 2.09E+00 3.13E+00 5.21E+00 1.04E+01 2.09E+01 5.21E+01 1.04E+02 1.56E+02
 2.09E+02 3.13E+02 5.21E+02 1.04E+03 2.09E+03 3.13E+03
 1.00E-74 1.00E-74 2.04E-39 2.97E-25 3.05E-18 4.09E-14 8.89E-13 2.35E-12
 3.69E-12 5.50E-12 6.94E-12 7.35E-12 6.77E-12 6.26E-12
 1.00E-74 1.00E-74 2.04E-39 2.98E-25 3.05E-18 4.09E-14 8.88E-13 2.35E-12
 3.69E-12 5.50E-12 6.95E-12 7.34E-12 6.72E-12 6.17E-12
 1.00E-74 1.00E-74 2.08E-39 3.01E-25 3.07E-18 4.09E-14 8.88E-13 2.36E-12
 3.72E-12 5.59E-12 7.14E-12 7.64E-12 7.05E-12 6.49E-12
 1.00E-74 1.00E-74 2.30E-39 3.17E-25 3.15E-18 4.10E-14 8.87E-13 2.36E-12
 3.74E-12 5.63E-12 7.22E-12 7.77E-12 7.20E-12 6.65E-12
 1.00E-74 1.00E-74 2.61E-39 3.41E-25 3.22E-18 4.10E-14 8.86E-13 2.36E-12
 3.74E-12 5.64E-12 7.23E-12 7.78E-12 7.21E-12 6.66E-12
 1.00E-74 1.00E-74 2.66E-39 3.42E-25 3.19E-18 4.06E-14 8.78E-13 2.34E-12
 3.71E-12 5.59E-12 7.18E-12 7.74E-12 7.18E-12 6.64E-12
 1.00E-74 1.00E-74 2.34E-39 3.07E-25 2.88E-18 3.68E-14 8.02E-13 2.15E-12
 3.42E-12 5.19E-12 6.72E-12 7.32E-12 6.86E-12 6.38E-12
  713.776    7  14 /pl=01:ss=10:pb= 1:sz=10/type=excit/ispb = t/isel =   48
 1.00E+10 1.00E+11 1.00E+12 1.00E+13 1.00E+14 1.00E+15 1.00E+16
 2.09E+00 3.13E+00 5.21E+00 1.04E+01 2.09E+01 5.21E+01 1.04E+02 1.56E+02
 2.09E+02 3.13E+02 5.21E+02 1.04E+03 2.09E+03 3.13E+03
 1.00E-74 1.00E-74 7.45E-38 2.88E-24 1.52E-17 1.34E-13 2.50E-12 6.27E-12
 9.55E-12 1.37E-11 1.69E-11 1.74E-11 1.58E-11 1.46E-11
 1.00E-74 1.00E-74 7.45E-38 2.88E-24 1.51E-17 1.33E-13 2.45E-12 6.07E-12
 9.17E-12 1.30E-11 1.58E-11 1.61E-11 1.45E-11 1.33E-11
 1.00E-74 1.00E-74 7.39E-38 2.84E-24 1.47E-17 1.24E-13 2.18E-12 5.21E-12
 7.73E-12 1.09E-11 1.32E-11 1.36E-11 1.23E-11 1.13E-11
 1.00E-74 1.00E-74 7.04E-38 2.60E-24 1.28E-17 1.03E-13 1.82E-12 4.46E-12
 6.75E-12 9.73E-12 1.20E-11 1.25E-11 1.13E-11 1.04E-11
 1.00E-74 1.00E-74 6.51E-38 2.27E-24 1.12E-17 9.54E-14 1.73E-12 4.31E-12
 6.58E-12 9.55E-12 1.19E-11 1.24E-11 1.12E-11 1.02E-11
 1.00E-74 1.00E-74 6.28E-38 2.16E-24 1.08E-17 9.32E-14 1.70E-12 4.25E-12
 6.50E-12 9.45E-12 1.18E-11 1.23E-11 1.11E-11 1.02E-11
 1.00E-74 1.00E-74 5.38E-38 1.89E-24 9.53E-18 8.30E-14 1.53E-12 3.85E-12
 5.92E-12 8.67E-12 1.09E-11 1.15E-11 1.06E-11 9.74E-12
  745.712    7  14 /pl=01:ss=10:pb= 1:sz=10/type=excit/ispb = t/isel =   49
 1.00E+10 1.00E+11 1.00E+12 1.00E+13 1.00E+14 1.00E+15 1.00E+16
 2.09E+00 3.13E+00 5.21E+00 1.04E+01 2.09E+01 5.21E+01 1.04E+02 1.56E+02
 2.09E+02 3.13E+02 5.21E+02 1.04E+03 2.09E+03 3.13E+03
 1.00E-74 1.00E-74 7.43E-39 5.28E-25 3.81E-18 4.47E-14 1.03E-12 2.89E-12
 4.69E-12 7.23E-12 9.46E-12 1.04E-11 9.98E-12 9.41E-12
 1.00E-74 1.00E-74 7.43E-39 5.28E-25 3.80E-18 4.44E-14 1.02E-12 2.83E-12
 4.57E-12 6.99E-12 9.08E-12 9.95E-12 9.42E-12 8.83E-12
 1.00E-74 1.00E-74 7.44E-39 5.25E-25 3.74E-18 4.25E-14 9.51E-13 2.59E-12
 4.14E-12 6.33E-12 8.27E-12 9.13E-12 8.68E-12 8.15E-12
 1.00E-74 1.00E-74 7.52E-39 5.09E-25 3.48E-18 3.82E-14 8.58E-13 2.37E-12
 3.85E-12 5.97E-12 7.90E-12 8.79E-12 8.37E-12 7.86E-12
 1.00E-74 1.00E-74 7.63E-39 4.86E-25 3.26E-18 3.66E-14 8.35E-13 2.33E-12
 3.80E-12 5.92E-12 7.85E-12 8.74E-12 8.33E-12 7.81E-12
 1.00E-74 1.00E-74 7.49E-39 4.72E-25 3.17E-18 3.59E-14 8.21E-13 2.30E-12
 3.75E-12 5.85E-12 7.77E-12 8.67E-12 8.27E-12 7.76E-12
 1.00E-74 1.00E-74 6.18E-39 4.03E-25 2.74E-18 3.14E-14 7.26E-13 2.04E-12
 3.35E-12 5.28E-12 7.09E-12 8.03E-12 7.77E-12 7.35E-12
  1957.37    7  14 /pl=01:ss=10:pb= 1:sz=10/type=excit/ispb = t/isel =   50
 1.00E+10 1.00E+11 1.00E+12 1.00E+13 1.00E+14 1.00E+15 1.00E+16
 2.09E+00 3.13E+00 5.21E+00 1.04E+01 2.09E+01 5.21E+01 1.04E+02 1.56E+02
 2.09E+02 3.13E+02 5.21E+02 1.04E+03 2.09E+03 3.13E+03
 3.93E-13 9.28E-13 1.76E-12 2.90E-12 6.07E-12 1.86E-11 3.92E-11 6.50E-11
 8.81E-11 1.19E-10 1.45E-10 1.55E-10 1.49E-10 1.42E-10
 3.91E-13 9.22E-13 1.75E-12 2.89E-12 6.01E-12 1.81E-11 3.69E-11 5.89E-11
 7.70E-11 9.92E-11 1.15E-10 1.20E-10 1.15E-10 1.10E-10
 3.66E-13 8.69E-13 1.66E-12 2.73E-12 5.43E-12 1.38E-11 2.31E-11 3.03E-11
 3.44E-11 3.79E-11 3.92E-11 3.87E-11 3.76E-11 3.68E-11
 2.24E-13 5.53E-13 1.08E-12 1.76E-12 2.74E-12 4.11E-12 4.85E-12 5.17E-12
 5.27E-12 5.27E-12 5.15E-12 4.98E-12 4.87E-12 4.82E-12
 4.58E-14 1.19E-13 2.42E-13 3.88E-13 4.60E-13 5.12E-13 5.46E-13 5.56E-13
 5.56E-13 5.49E-13 5.32E-13 5.13E-13 5.02E-13 4.98E-13
 5.12E-15 1.35E-14 2.77E-14 4.41E-14 4.94E-14 5.25E-14 5.53E-14 5.61E-14
 5.60E-14 5.51E-14 5.34E-14 5.14E-14 5.03E-14 5.00E-14
 5.18E-16 1.36E-15 2.81E-15 4.48E-15 4.98E-15 5.26E-15 5.54E-15 5.62E-15
 5.61E-15 5.52E-15 5.35E-15 5.15E-15 5.04E-15 5.00E-15
c-------------------------------------------------------------------------------
 
C  root partition information
C  ==========================
C
C  nuclear charge : 18
C  ion charge+1   : 11
C
C  population calculation information
C  ----------------------------------
C
C  population processing code: adas810
C
C  adf04 source file    : adf04_copmm#18_ls_40#ar10.dat
C  adf18/a17_p208 file  : NULL
C
C  meta. ion. coeff. selector  : 
 
C  options  : lnorm =T  lpsel =F  lzsel =T  liosel=F
C           : lhsel =F  lrsel =F  lisel =F  lnsel =F
 
C  energy levels
C  -------------
C
C   lv      configuration    (2S+1)L(w-1/2)      energy (cm^-1)
C  ---   ------------------- --------------      --------------
c    1   22543                  (3)1(  4.0)             0.0
c    2   22543                  (1)2(  2.0)         51089.0
c    3   22543                  (1)0(  0.0)        112304.0
c    4   12553                  (3)1(  4.0)        541673.0
c    5   12553                  (1)1(  1.0)        697853.0
c    6   63                     (1)0(  0.0)       1242693.0
c    7   22533514               (5)0(  2.0)       2494193.0
c    8   22533514               (3)0(  1.0)       2519993.0
c    9   22533514               (3)2(  7.0)       2576293.0
c   10   22533514               (1)2(  2.0)       2589193.0
c   11   22533514               (3)1(  4.0)       2631493.0
c   12   22533515               (5)1(  7.0)       2635893.0
c   13   22533514               (1)1(  1.0)       2644293.0
c   14   22533515               (3)1(  4.0)       2660093.0
c   15   22533515               (3)2(  7.0)       2710393.0
c   16   22533515               (1)1(  1.0)       2714993.0
c   17   22533515               (3)3( 10.0)       2717193.0
c   18   22533515               (1)3(  3.0)       2721193.0
c   19   22533515               (3)1(  4.0)       2752593.0
c   20   22533515               (1)2(  2.0)       2764893.0
c   21   22533515               (3)0(  1.0)       2769393.0
c   22   22533515               (3)2(  7.0)       2771693.0
c   23   22533515               (1)1(  1.0)       2779293.0
c   24   22533515               (3)1(  4.0)       2792093.0
c   25   22533516               (5)2( 12.0)       2804993.0
c   26   22533515               (1)2(  2.0)       2808093.0
c   27   22533516               (3)2(  7.0)       2833093.0
c   28   22533515               (1)0(  0.0)       2851493.0
c   29   22533516               (3)3( 10.0)       2879593.0
c   30   22533516               (1)0(  0.0)       2879793.0
c   31   22533516               (3)4( 13.0)       2887593.0
c   32   22533516               (1)4(  4.0)       2891293.0
c   33   22533516               (3)2(  7.0)       2897993.0
c   34   22533516               (1)1(  1.0)       2899793.0
c   35   22533516               (3)1(  4.0)       2907093.0
c   36   22533516               (1)2(  2.0)       2909893.0
c   37   22533516               (3)0(  1.0)       2913293.0
c   38   22533516               (1)3(  3.0)       2927193.0
c   39   22533516               (3)3( 10.0)       2942193.0
c   40   22533516               (3)1(  4.0)       2945893.0
c   41   22533516               (3)2(  7.0)       2955293.0
c   42   22533516               (1)2(  2.0)       2963193.0
c   43   22533516               (1)3(  3.0)       2968193.0
c   44   22533516               (1)1(  1.0)       2992093.0
c   45   12543515               (5)1(  7.0)       3093393.0
c   46   12543515               (5)2( 12.0)       3108393.0
c   47   12543515               (3)2(  7.0)       3125493.0
c   48   12543515               (5)0(  2.0)       3128293.0
c   49   12543515               (3)0(  1.0)       3129593.0
c   50   12543515               (3)1(  4.0)       3144593.0
c   51   12543515               (3)3( 10.0)       3237593.0
c   52   12543515               (1)3(  3.0)       3247393.0
c   53   12543515               (3)2(  7.0)       3251193.0
c   54   12543515               (1)1(  1.0)       3254693.0
c   55   12543516               (5)2( 12.0)       3256693.0
c   56   12543515               (1)2(  2.0)       3260093.0
c   57   12543515               (3)1(  4.0)       3263893.0
c   58   12543516               (5)3( 17.0)       3273093.0
c   59   12543516               (5)1(  7.0)       3283993.0
c   60   12543516               (3)3( 10.0)       3294593.0
c   61   12543516               (3)2(  7.0)       3313193.0
c   62   12543516               (3)1(  4.0)       3313993.0
c   63   12543515               (3)1(  4.0)       3318893.0
c   64   12543515               (1)1(  1.0)       3327093.0
c   65   12543515               (3)1(  4.0)       3349493.0
c   66   12543515               (3)2(  7.0)       3351293.0
c   67   12543515               (1)2(  2.0)       3365293.0
c   68   12543515               (1)0(  0.0)       3367993.0
c   69   12543515               (3)0(  1.0)       3370193.0
c   70   22533517               (5)0(  2.0)       3383093.0
c   71   22533517               (3)0(  1.0)       3391893.0
c   72   12543516               (3)4( 13.0)       3397093.0
c   73   12543516               (3)0(  1.0)       3411593.0
c   74   12543515               (1)1(  1.0)       3411693.0
c   75   12543516               (3)3( 10.0)       3413993.0
c   76   12543516               (1)4(  4.0)       3417093.0
c   77   12543516               (3)2(  7.0)       3419093.0
c   78   12543516               (3)1(  4.0)       3419693.0
c   79   12543516               (1)1(  1.0)       3427593.0
c   80   12543516               (1)2(  2.0)       3430293.0
c   81   12543516               (1)3(  3.0)       3433293.0
c   82   12543516               (1)0(  0.0)       3437093.0
c   83   22533518               (5)1(  7.0)       3438093.0
c   84   22533518               (3)1(  4.0)       3449293.0
c   85   22533517               (3)2(  7.0)       3461093.0
c   86   22533517               (1)2(  2.0)       3465993.0
c   87   12543516               (3)2(  7.0)       3482393.0
c   88   12543516               (1)2(  2.0)       3496993.0
c   89   22533519               (5)2( 12.0)       3499593.0
c   90   12543516               (3)2(  7.0)       3503093.0
c   91   12543516               (3)3( 10.0)       3511193.0
c   92   22533518               (1)3(  3.0)       3512393.0
c   93   22533518               (1)1(  1.0)       3512393.0
c   94   22533519               (3)2(  7.0)       3512793.0
c   95   22533517               (3)1(  4.0)       3516193.0
c   96   22533518               (3)2(  7.0)       3516293.0
c   97   22533518               (3)3( 10.0)       3520693.0
c   98   22533517               (1)1(  1.0)       3521293.0
c   99   22533518               (3)1(  4.0)       3525993.0
c  100   12543516               (3)1(  4.0)       3526493.0
c  101   12543516               (1)3(  3.0)       3529693.0
c  102   2253351A               (5)3( 17.0)       3530693.0
c  103   2253351A               (3)3( 10.0)       3531693.0
c  104   22533518               (1)2(  2.0)       3535593.0
c  105   12543516               (1)1(  1.0)       3544693.0
c  106   12543516               (1)2(  2.0)       3552293.0
c  107   22533518               (3)0(  1.0)       3568993.0
c  108   22533518               (3)2(  7.0)       3571093.0
c  109   22533518               (1)1(  1.0)       3573193.0
c  110   22533519               (1)0(  0.0)       3574993.0
c  111   22533519               (3)3( 10.0)       3575693.0
c  112   22533519               (3)4( 13.0)       3577293.0
c  113   22533518               (3)1(  4.0)       3577693.0
c  114   22533519               (1)4(  4.0)       3579793.0
c  115   22533519               (3)2(  7.0)       3580393.0
c  116   22533518               (1)2(  2.0)       3581993.0
c  117   22533519               (1)1(  1.0)       3583093.0
c  118   22533519               (3)1(  4.0)       3585393.0
c  119   22533519               (3)0(  1.0)       3588493.0
c  120   22533519               (1)2(  2.0)       3590493.0
c  121   22533519               (1)3(  3.0)       3594193.0
c  122   22533518               (1)0(  0.0)       3598593.0
c  123   2253351A               (3)5( 16.0)       3605193.0
c  124   2253351A               (3)4( 13.0)       3605793.0
c  125   2253351A               (1)3(  3.0)       3606593.0
c  126   2253351A               (1)5(  5.0)       3607193.0
c  127   2253351A               (1)4(  4.0)       3608393.0
c  128   2253351A               (3)3( 10.0)       3608893.0
c  129   2253351A               (3)2(  7.0)       3610093.0
c  130   2253351A               (3)1(  4.0)       3611793.0
c  131   2253351A               (1)2(  2.0)       3612793.0
c  132   2253351A               (1)1(  1.0)       3613693.0
c  133   22533519               (3)3( 10.0)       3631893.0
c  134   22533519               (3)1(  4.0)       3633293.0
c  135   22533519               (1)2(  2.0)       3636093.0
c  136   22533519               (3)2(  7.0)       3639093.0
c  137   22533519               (1)3(  3.0)       3642593.0
c  138   22533519               (1)1(  1.0)       3652193.0
c  139   2253351A               (1)3(  3.0)       3659993.0
c  140   2253351A               (3)4( 13.0)       3660593.0
c  141   2253351A               (1)4(  4.0)       3663293.0
c  142   2253351A               (3)3( 10.0)       3663893.0
c  143   2253351A               (3)2(  7.0)       3665293.0
c  144   2253351A               (1)2(  2.0)       3665793.0
c  145   2253351B               (5)0(  2.0)       3758093.0
c  146   2253351B               (3)0(  1.0)       3762093.0
c  147   2253351C               (5)1(  7.0)       3785693.0
c  148   2253351C               (3)1(  4.0)       3791393.0
c  149   2253351D               (5)2( 12.0)       3815593.0
c  150   2253351D               (3)2(  7.0)       3822293.0
c  151   2253351E               (5)3( 17.0)       3830793.0
c  152   2253351E               (3)3( 10.0)       3831493.0
c  153   2253351B               (3)2(  7.0)       3834893.0
c  154   2253351B               (1)2(  2.0)       3837993.0
c  155   2253351C               (3)2(  7.0)       3861493.0
c  156   2253351C               (3)3( 10.0)       3861993.0
c  157   2253351C               (1)1(  1.0)       3862293.0
c  158   2253351C               (1)3(  3.0)       3864193.0
c  159   2253351C               (3)1(  4.0)       3866993.0
c  160   2253351C               (1)2(  2.0)       3872393.0
c  161   2253351B               (3)1(  4.0)       3889493.0
c  162   2253351D               (1)0(  0.0)       3890793.0
c  163   2253351D               (3)3( 10.0)       3891493.0
c  164   2253351D               (3)4( 13.0)       3891893.0
c  165   2253351B               (1)1(  1.0)       3893193.0
c  166   2253351D               (3)2(  7.0)       3893493.0
c  167   2253351D               (1)4(  4.0)       3894293.0
c  168   12543518               (5)1(  7.0)       3895893.0
c  169   2253351D               (3)1(  4.0)       3896393.0
c  170   2253351D               (1)1(  1.0)       3896893.0
c  171   2253351D               (3)0(  1.0)       3898493.0
c  172   2253351D               (1)2(  2.0)       3899693.0
c  173   2253351D               (1)3(  3.0)       3901093.0
c  174   12543518               (5)2( 12.0)       3904593.0
c  175   2253351E               (1)5(  5.0)       3904693.0
c  176   2253351E               (1)1(  1.0)       3905493.0
c  177   2253351E               (3)4( 13.0)       3905893.0
c  178   2253351E               (3)2(  7.0)       3906893.0
c  179   2253351E               (3)1(  4.0)       3907193.0
c  180   2253351E               (3)5( 16.0)       3907293.0
c  181   2253351E               (3)3( 10.0)       3907593.0
c  182   12543518               (3)2(  7.0)       3907893.0
c  183   2253351E               (1)4(  4.0)       3908793.0
c  184   2253351E               (1)3(  3.0)       3908893.0
c  185   2253351E               (1)2(  2.0)       3908993.0
c  186   12543518               (3)0(  1.0)       3909993.0
c  187   12543518               (5)0(  2.0)       3913393.0
c  188   2253351C               (3)0(  1.0)       3915393.0
c  189   2253351C               (3)2(  7.0)       3917093.0
c  190   2253351C               (1)1(  1.0)       3919293.0
c  191   2253351C               (3)1(  4.0)       3921093.0
c  192   2253351C               (1)2(  2.0)       3922293.0
c  193   12543518               (3)1(  4.0)       3922693.0
c  194   2253351C               (1)0(  0.0)       3931393.0
c  195   2253351D               (3)3( 10.0)       3946893.0
c  196   2253351D               (3)1(  4.0)       3947793.0
c  197   2253351D               (1)2(  2.0)       3950193.0
c  198   2253351D               (3)2(  7.0)       3950793.0
c  199   2253351D               (1)3(  3.0)       3952893.0
c  200   2253351G               (5)0(  2.0)       3954193.0
c  201   12543519               (5)2( 12.0)       3955493.0
c  202   2253351G               (3)0(  1.0)       3955793.0
c  203   2253351D               (1)1(  1.0)       3957693.0
c  204   2253351E               (3)4( 13.0)       3960993.0
c  205   2253351E               (3)2(  7.0)       3961693.0
c  206   12543519               (5)3( 17.0)       3963193.0
c  207   2253351E               (3)3( 10.0)       3963293.0
c  208   2253351E               (1)4(  4.0)       3963993.0
c  209   2253351E               (1)3(  3.0)       3964593.0
c  210   2253351E               (1)2(  2.0)       3964693.0
c  211   2253351H               (5)1(  7.0)       3968993.0
c  212   2253351H               (3)1(  4.0)       3970993.0
c  213   12543519               (5)1(  7.0)       3971893.0
c  214   12543519               (3)3( 10.0)       3973893.0
c  215   12543519               (3)2(  7.0)       3981793.0
c  216   12543519               (3)1(  4.0)       3984293.0
c  217   2253351I               (5)2( 12.0)       3985393.0
c  218   2253351I               (3)2(  7.0)       3989493.0
c  219   2253351J               (5)3( 17.0)       3994493.0
c  220   2253351J               (3)3( 10.0)       3994893.0
c  221   2253351G               (3)2(  7.0)       4027693.0
c  222   2253351G               (1)2(  2.0)       4030893.0
c  223   12543518               (3)3( 10.0)       4033293.0
c  224   12543518               (1)3(  3.0)       4036393.0
c  225   12543518               (3)2(  7.0)       4039793.0
c  226   12543518               (3)1(  4.0)       4040193.0
c  227   12543518               (1)1(  1.0)       4041993.0
c  228   12543518               (1)2(  2.0)       4042093.0
c  229   2253351H               (1)1(  1.0)       4044193.0
c  230   2253351H               (3)2(  7.0)       4044293.0
c  231   2253351H               (3)3( 10.0)       4044393.0
c  232   2253351H               (1)3(  3.0)       4046493.0
c  233   2253351H               (3)1(  4.0)       4047693.0
c  234   2253351H               (1)2(  2.0)       4050893.0
c  235   2253351I               (1)0(  0.0)       4060093.0
c  236   2253351I               (3)4( 13.0)       4061193.0
c  237   2253351I               (3)3( 10.0)       4061193.0
c  238   2253351I               (3)2(  7.0)       4062193.0
c  239   2253351I               (1)4(  4.0)       4063493.0
c  240   2253351I               (3)1(  4.0)       4063793.0
c  241   2253351I               (1)1(  1.0)       4064593.0
c  242   2253351I               (3)0(  1.0)       4065593.0
c  243   2253351I               (1)2(  2.0)       4066493.0
c  244   2253351I               (1)3(  3.0)       4067193.0
c  245   2253351M               (5)0(  2.0)       4067393.0
c  246   2253351J               (1)1(  1.0)       4067993.0
c  247   2253351M               (3)0(  1.0)       4068693.0
c  248   2253351J               (3)4( 13.0)       4068893.0
c  249   2253351J               (3)5( 16.0)       4069293.0
c  250   2253351J               (3)2(  7.0)       4069693.0
c  251   2253351J               (3)1(  4.0)       4069793.0
c  252   2253351J               (3)3( 10.0)       4070293.0
c  253   2253351J               (1)5(  5.0)       4071493.0
c  254   2253351J               (1)4(  4.0)       4071593.0
c  255   2253351J               (1)3(  3.0)       4071693.0
c  256   2253351J               (1)2(  2.0)       4071693.0
c  257   2253351N               (5)1(  7.0)       4076793.0
c  258   2253351N               (3)1(  4.0)       4078893.0
c  259   2253351G               (3)1(  4.0)       4084493.0
c  260   2253351O               (5)2( 12.0)       4087093.0
c  261   2253351G               (1)1(  1.0)       4087493.0
c  262   2253351O               (3)2(  7.0)       4089593.0
c  263   2253351P               (5)3( 17.0)       4092493.0
c  264   2253351P               (3)3( 10.0)       4092793.0
c  265   12543519               (3)4( 13.0)       4093293.0
c  266   12543519               (3)0(  1.0)       4095893.0
c  267   2253351H               (3)0(  1.0)       4097993.0
c  268   12543519               (3)3( 10.0)       4099093.0
c  269   2253351H               (3)2(  7.0)       4099593.0
c  270   12543519               (3)1(  4.0)       4099793.0
c  271   12543519               (1)4(  4.0)       4100193.0
c  272   12543519               (3)2(  7.0)       4100293.0
c  273   2253351H               (1)1(  1.0)       4102093.0
c  274   2253351H               (1)2(  2.0)       4103093.0
c  275   2253351H               (3)1(  4.0)       4103393.0
c  276   12543519               (1)0(  0.0)       4105493.0
c  277   12543519               (1)3(  3.0)       4105993.0
c  278   12543519               (1)1(  1.0)       4106493.0
c  279   12543519               (1)2(  2.0)       4106993.0
c  280   12543518               (3)1(  4.0)       4109893.0
c  281   2253351H               (1)0(  0.0)       4110393.0
c  282   12543518               (1)1(  1.0)       4112593.0
c  283   2253351I               (3)3( 10.0)       4116293.0
c  284   2253351I               (3)1(  4.0)       4116893.0
c  285   2253351I               (1)2(  2.0)       4119293.0
c  286   2253351I               (3)2(  7.0)       4119393.0
c  287   2253351I               (1)3(  3.0)       4120793.0
c  288   2253351J               (1)4(  4.0)       4122393.0
c  289   2253351I               (1)1(  1.0)       4123593.0
c  290   2253351J               (3)2(  7.0)       4124693.0
c  291   2253351J               (3)4( 13.0)       4125993.0
c  292   2253351J               (3)3( 10.0)       4126393.0
c  293   2253351J               (1)3(  3.0)       4127293.0
c  294   2253351J               (1)2(  2.0)       4127593.0
c  295   12543518               (1)2(  2.0)       4139593.0
c  296   12543518               (3)1(  4.0)       4140293.0
c  297   12543518               (1)0(  0.0)       4142693.0
c  298   2253351M               (3)2(  7.0)       4143793.0
c  299   2253351M               (1)2(  2.0)       4146793.0
c  300   12543518               (3)2(  7.0)       4146793.0
c  301   2253351N               (1)1(  1.0)       4151693.0
c  302   2253351N               (3)3( 10.0)       4152293.0
c  303   2253351N               (3)2(  7.0)       4152393.0
c  304   2253351N               (1)3(  3.0)       4154493.0
c  305   2253351N               (3)1(  4.0)       4154993.0
c  306   12543518               (3)0(  1.0)       4155493.0
c  307   2253351N               (1)2(  2.0)       4157093.0
c  308   2253351O               (1)0(  0.0)       4161593.0
c  309   2253351O               (3)4( 13.0)       4162593.0
c  310   2253351O               (3)3( 10.0)       4162693.0
c  311   2253351O               (3)2(  7.0)       4163393.0
c  312   2253351O               (3)1(  4.0)       4164593.0
c  313   2253351O               (1)4(  4.0)       4164893.0
c  314   2253351O               (1)1(  1.0)       4165493.0
c  315   12543518               (1)1(  1.0)       4165893.0
c  316   2253351O               (3)0(  1.0)       4166393.0
c  317   2253351O               (1)2(  2.0)       4166793.0
c  318   2253351O               (1)3(  3.0)       4167093.0
c  319   2253351P               (3)5( 16.0)       4167593.0
c  320   2253351P               (3)4( 13.0)       4167693.0
c  321   2253351P               (3)3( 10.0)       4167693.0
c  322   2253351P               (3)1(  4.0)       4167793.0
c  323   2253351P               (3)2(  7.0)       4168993.0
c  324   2253351P               (1)1(  1.0)       4169593.0
c  325   2253351P               (1)5(  5.0)       4169893.0
c  326   2253351P               (1)2(  2.0)       4169893.0
c  327   2253351P               (1)3(  3.0)       4169993.0
c  328   2253351P               (1)4(  4.0)       4170093.0
c  329   12543519               (3)2(  7.0)       4171293.0
c  330   12543519               (1)2(  2.0)       4176893.0
c  331   2253351M               (3)1(  4.0)       4198693.0
c  332   12543519               (3)2(  7.0)       4200293.0
c  333   2253351M               (1)1(  1.0)       4201393.0
c  334   12543519               (1)3(  3.0)       4202693.0
c  335   2253351N               (3)0(  1.0)       4204993.0
c  336   2253351N               (3)2(  7.0)       4207593.0
c  337   12543519               (3)3( 10.0)       4208293.0
c  338   2253351N               (1)1(  1.0)       4210293.0
c  339   2253351N               (1)2(  2.0)       4210593.0
c  340   2253351N               (3)1(  4.0)       4210693.0
c  341   12543519               (3)1(  4.0)       4212893.0
c  342   2253351N               (1)0(  0.0)       4214093.0
c  343   2253351O               (3)3( 10.0)       4217693.0
c  344   2253351O               (3)1(  4.0)       4217993.0
c  345   2253351O               (3)2(  7.0)       4220293.0
c  346   2253351P               (1)2(  2.0)       4220593.0
c  347   2253351O               (1)2(  2.0)       4220693.0
c  348   12543519               (1)1(  1.0)       4221093.0
c  349   2253351O               (1)3(  3.0)       4221493.0
c  350   2253351P               (3)4( 13.0)       4222693.0
c  351   2253351O               (1)1(  1.0)       4223293.0
c  352   2253351P               (3)2(  7.0)       4223293.0
c  353   2253351P               (1)4(  4.0)       4225693.0
c  354   2253351P               (3)3( 10.0)       4226093.0
c  355   2253351P               (1)3(  3.0)       4226393.0
c  356   12543519               (1)2(  2.0)       4228093.0
c  357   1254351C               (5)1(  7.0)       4244693.0
c  358   1254351C               (3)0(  1.0)       4247493.0
c  359   1254351C               (3)2(  7.0)       4249793.0
c  360   1254351C               (5)2( 12.0)       4251293.0
c  361   1254351C               (5)0(  2.0)       4257593.0
c  362   1254351C               (3)1(  4.0)       4263493.0
c  363   1254351D               (5)2( 12.0)       4272693.0
c  364   1254351D               (3)3( 10.0)       4280593.0
c  365   1254351D               (5)3( 17.0)       4281493.0
c  366   1254351D               (3)1(  4.0)       4281993.0
c  367   1254351D               (5)1(  7.0)       4283893.0
c  368   1254351D               (3)2(  7.0)       4294193.0
c  369   1254351C               (3)3( 10.0)       4379793.0
c  370   1254351C               (1)3(  3.0)       4381193.0
c  371   1254351C               (3)2(  7.0)       4382193.0
c  372   1254351C               (3)1(  4.0)       4382893.0
c  373   1254351C               (1)2(  2.0)       4383793.0
c  374   1254351C               (1)1(  1.0)       4384693.0
c  375   1254351D               (3)4( 13.0)       4408793.0
c  376   1254351D               (3)0(  1.0)       4410893.0
c  377   1254351D               (3)3( 10.0)       4411393.0
c  378   1254351D               (3)1(  4.0)       4411893.0
c  379   1254351D               (3)2(  7.0)       4412293.0
c  380   1254351D               (1)4(  4.0)       4412293.0
c  381   1254351D               (1)3(  3.0)       4414993.0
c  382   1254351D               (1)1(  1.0)       4415293.0
c  383   1254351D               (1)0(  0.0)       4415693.0
c  384   1254351D               (1)2(  2.0)       4415693.0
c  385   1254351C               (3)1(  4.0)       4454893.0
c  386   1254351C               (1)1(  1.0)       4456393.0
c  387   1254351D               (3)2(  7.0)       4484493.0
c  388   1254351C               (1)2(  2.0)       4485693.0
c  389   1254351C               (3)1(  4.0)       4486493.0
c  390   1254351C               (1)0(  0.0)       4486593.0
c  391   1254351D               (1)2(  2.0)       4487493.0
c  392   1254351C               (3)0(  1.0)       4490393.0
c  393   1254351C               (3)2(  7.0)       4493293.0
c  394   1254351C               (1)1(  1.0)       4503993.0
c  395   1254351D               (3)2(  7.0)       4514493.0
c  396   1254351D               (1)3(  3.0)       4515493.0
c  397   1254351D               (3)1(  4.0)       4518793.0
c  398   1254351D               (3)3( 10.0)       4523593.0
c  399   1254351D               (1)1(  1.0)       4531793.0
c  400   1254351D               (1)2(  2.0)       4533193.0
 
 
 
c-------------------------------------------------------------------------------
 
C  superstage partition information
C  ================================
C
C  element symbol   : AR
C  parent template  : 
C  partition level  :  1
C  superstage label : 10
C
C  tabulation       : photon emissivity coefft (te,ne)
C  units            : ph. emis coef(cm^3 s^-1); te (ev); ne (cm^-3)
C
C  photon emissivity atomic transitions
C  ------------------------------------
C  
C   isel  wvlen(A)            transition                type  ispb nspb
C                                                             ispp nspp sz    tg pr wr
C  ----- ---------- ----------------------------------- ----- ---- ---- --    -- -- --
C      1   24.4523  262(3)2(  7.0)-  1(3)1(  4.0)       excit   1    1  10   254 49  1
C      2   25.0658  218(3)2(  7.0)-  1(3)1(  4.0)       excit   1    1  10   212 35  2
C      3   25.6648  169(3)1(  4.0)-  1(3)1(  4.0)       excit   1    1  10   164 44  3
C      4   26.1623  150(3)2(  7.0)-  1(3)1(  4.0)       excit   1    1  10   146 23  4
C      5   27.4794  136(3)2(  7.0)-  1(3)1(  4.0)       excit   1    1  10   132 28  5
C      6   27.5232  134(3)1(  4.0)-  1(3)1(  4.0)       excit   1    1  10   130 41  6
C      7   27.8669  119(3)0(  1.0)-  1(3)1(  4.0)       excit   1    1  10   116 37  7
C      8   27.8909  118(3)1(  4.0)-  1(3)1(  4.0)       excit   1    1  10   115 16  8
C      9   27.9299  115(3)2(  7.0)-  1(3)1(  4.0)       excit   1    1  10   112 20  9
C     10   28.4674   94(3)2(  7.0)-  1(3)1(  4.0)       excit   1    1  10    92 12 10
C     11   29.8392   66(3)2(  7.0)-  1(3)1(  4.0)       excit   1    1  10    64 39 11
C     12   31.8006   50(3)1(  4.0)-  1(3)1(  4.0)       excit   1    1  10    48 25 12
C     13   31.9530   49(3)0(  1.0)-  1(3)1(  4.0)       excit   1    1  10    47 45 13
C     14   31.9950   47(3)2(  7.0)-  1(3)1(  4.0)       excit   1    1  10    45 17 14
C     15   33.5029  100(3)1(  4.0)-  4(3)1(  4.0)       excit   1    1  10  1111 50 15
C     16   33.7676   90(3)2(  7.0)-  4(3)1(  4.0)       excit   1    1  10  1101 32 16
C     17   33.8376   41(3)2(  7.0)-  1(3)1(  4.0)       excit   1    1  10    39  5 17
C     18   33.9456   40(3)1(  4.0)-  1(3)1(  4.0)       excit   1    1  10    38 14 18
C     19   34.3254   37(3)0(  1.0)-  1(3)1(  4.0)       excit   1    1  10    35  8 19
C     20   34.3394   42(1)2(  2.0)-  2(1)2(  2.0)       excit   1    1  10   427 29 20
C     21   34.3986   35(3)1(  4.0)-  1(3)1(  4.0)       excit   1    1  10    33  4 21
C     22   34.4328   41(3)2(  7.0)-  2(1)2(  2.0)       excit   1    1  10   426 26 22
C     23   34.4852   34(1)1(  1.0)-  1(3)1(  4.0)       excit   1    1  10    32 40 23
C     24   34.5066   33(3)2(  7.0)-  1(3)1(  4.0)       excit   1    1  10    31  2 24
C     25   34.7248   44(1)1(  1.0)-  3(1)0(  0.0)       excit   1    1  10   795 42 25
C     26   34.7693   38(1)3(  3.0)-  2(1)2(  2.0)       excit   1    1  10   423 30 26
C     27   35.1037   34(1)1(  1.0)-  2(1)2(  2.0)       excit   1    1  10   419 46 27
C     28   35.1259   33(3)2(  7.0)-  2(1)2(  2.0)       excit   1    1  10   418 36 28
C     29   35.2971   27(3)2(  7.0)-  1(3)1(  4.0)       excit   1    1  10    26  6 29
C     30   35.5449   91(3)3( 10.0)-  5(1)1(  1.0)       excit   1    1  10  1471 47 30
C     31   36.0709   62(3)1(  4.0)-  4(3)1(  4.0)       excit   1    1  10  1074 27 31
C     32   36.0813   61(3)2(  7.0)-  4(3)1(  4.0)       excit   1    1  10  1073 18 32
C     33   36.3251   60(3)3( 10.0)-  4(3)1(  4.0)       excit   1    1  10  1072 13 33
C     34   38.0012   11(3)1(  4.0)-  1(3)1(  4.0)       excit   1    1  10    10 10 34
C     35   38.7536   11(3)1(  4.0)-  2(1)2(  2.0)       excit   1    1  10   398 48 35
C     36   38.8155    9(3)2(  7.0)-  1(3)1(  4.0)       excit   1    1  10     8  7 36
C     37   39.3995   10(1)2(  2.0)-  2(1)2(  2.0)       excit   1    1  10   397 33 37
C     38   39.6826    8(3)0(  1.0)-  1(3)1(  4.0)       excit   1    1  10     7  9 38
C     39   44.4361   24(3)1(  4.0)-  4(3)1(  4.0)       excit   1    1  10  1036 22 39
C     40   45.2300   19(3)1(  4.0)-  4(3)1(  4.0)       excit   1    1  10  1031 15 40
C     41   154.616    5(1)1(  1.0)-  2(1)2(  2.0)       excit   1    1  10   392 11 41
C     42   184.613    4(3)1(  4.0)-  1(3)1(  4.0)       excit   1    1  10     3  1 42
C     43   203.839    4(3)1(  4.0)-  2(1)2(  2.0)       excit   1    1  10   391 38 43
C     44   567.215   19(3)1(  4.0)-  9(3)2(  7.0)       excit   1    1  10  2672 21 44
C     45   622.665   24(3)1(  4.0)- 11(3)1(  4.0)       excit   1    1  10  3423 19 45
C     46   709.723   17(3)3( 10.0)-  9(3)2(  7.0)       excit   1    1  10  2670 31 46
C     47   713.267   22(3)2(  7.0)- 11(3)1(  4.0)       excit   1    1  10  3421 43 47
C     48   713.776   14(3)1(  4.0)-  8(3)0(  1.0)       excit   1    1  10  2339 24 48
C     49   745.712   15(3)2(  7.0)-  9(3)2(  7.0)       excit   1    1  10  2668 34 49
C     50   1957.37    2(1)2(  2.0)-  1(3)1(  4.0)       excit   1    1  10     1  3 50
c-------------------------------------------------------------------------------
                                                                                
C  code     : adas810
C  producer : Adam Foster
C  date     : 13/05/09
                                                                                
c-------------------------------------------------------------------------------
