   50    /Ar: 1 photon emissivity coefficients/
--------------------------------------------------------------------------------
    1    1    1    1    1    1    1    1    1    1    1    1    1    1
    1    1    1    1    1
--------------------------------------------------------------------------------
//#01/p00/ 00/p01/ 01/p02/ 02/p03/ 03/p04/ 04/p05/ 05/p06/ 06/p07/ 07/p08/ 08/  
      p09/ 09/p10/ 10/p11/ 11/p12/ 12/p13/ 13/p14/ 14/p15/ 15/p16/ 16/p17/ 17/  
      p18/ 18/                                                                  
--------------------------------------------------------------------------------
  281.629    7  14 /pl=01:ss= 1:pb= 1:sz= 1/type=excit/ispb = t/isel =    1
 1.00E+10 1.00E+11 1.00E+12 1.00E+13 1.00E+14 1.00E+15 1.00E+16
 6.89E-02 1.03E-01 1.72E-01 3.45E-01 6.89E-01 1.72E+00 3.45E+00 5.17E+00
 6.89E+00 1.03E+01 1.72E+01 3.45E+01 6.89E+01 1.03E+02
 1.00E-74 1.00E-74 1.00E-74 1.00E-74 1.19E-37 3.31E-21 8.24E-16 4.76E-14
 3.47E-13 2.39E-12 1.03E-11 2.69E-11 3.86E-11 4.19E-11
 1.00E-74 1.00E-74 1.00E-74 1.00E-74 1.21E-37 3.33E-21 8.28E-16 4.78E-14
 3.48E-13 2.39E-12 1.03E-11 2.68E-11 3.86E-11 4.18E-11
 1.00E-74 1.00E-74 1.00E-74 1.00E-74 1.29E-37 3.49E-21 8.55E-16 4.90E-14
 3.55E-13 2.42E-12 1.03E-11 2.67E-11 3.80E-11 4.09E-11
 1.00E-74 1.00E-74 1.00E-74 1.00E-74 1.41E-37 3.62E-21 8.66E-16 4.89E-14
 3.52E-13 2.38E-12 1.00E-11 2.55E-11 3.53E-11 3.70E-11
 1.00E-74 1.00E-74 1.00E-74 1.00E-74 1.53E-37 3.17E-21 6.87E-16 3.75E-14
 2.64E-13 1.76E-12 7.29E-12 1.85E-11 2.56E-11 2.68E-11
 1.00E-74 1.00E-74 1.00E-74 1.00E-74 3.53E-37 5.29E-21 8.46E-16 3.93E-14
 2.49E-13 1.42E-12 5.02E-12 1.09E-11 1.41E-11 1.45E-11
 1.00E-74 1.00E-74 1.00E-74 1.00E-74 9.05E-37 1.83E-20 3.08E-15 1.24E-13
 6.24E-13 2.37E-12 5.41E-12 8.42E-12 9.35E-12 9.22E-12
  292.260    7  14 /pl=01:ss= 1:pb= 1:sz= 1/type=excit/ispb = t/isel =    2
 1.00E+10 1.00E+11 1.00E+12 1.00E+13 1.00E+14 1.00E+15 1.00E+16
 6.89E-02 1.03E-01 1.72E-01 3.45E-01 6.89E-01 1.72E+00 3.45E+00 5.17E+00
 6.89E+00 1.03E+01 1.72E+01 3.45E+01 6.89E+01 1.03E+02
 1.00E-74 1.00E-74 1.00E-74 1.00E-74 3.07E-36 2.66E-20 4.78E-15 2.50E-13
 1.73E-12 1.13E-11 4.68E-11 1.18E-10 1.63E-10 1.71E-10
 1.00E-74 1.00E-74 1.00E-74 1.00E-74 3.08E-36 2.66E-20 4.78E-15 2.49E-13
 1.73E-12 1.13E-11 4.67E-11 1.18E-10 1.63E-10 1.71E-10
 1.00E-74 1.00E-74 1.00E-74 1.00E-74 3.12E-36 2.65E-20 4.72E-15 2.46E-13
 1.70E-12 1.11E-11 4.60E-11 1.16E-10 1.61E-10 1.69E-10
 1.00E-74 1.00E-74 1.00E-74 1.00E-74 3.40E-36 2.59E-20 4.39E-15 2.25E-13
 1.54E-12 1.01E-11 4.14E-11 1.05E-10 1.47E-10 1.55E-10
 1.00E-74 1.00E-74 1.00E-74 1.00E-74 4.23E-36 2.64E-20 3.97E-15 1.93E-13
 1.29E-12 8.10E-12 3.23E-11 7.91E-11 1.08E-10 1.13E-10
 1.00E-74 1.00E-74 1.00E-74 1.00E-74 9.11E-36 4.26E-20 4.80E-15 2.01E-13
 1.21E-12 6.66E-12 2.29E-11 4.99E-11 6.49E-11 6.73E-11
 1.00E-74 1.00E-74 1.00E-74 1.00E-74 1.92E-35 1.02E-19 1.09E-14 3.77E-13
 1.76E-12 6.24E-12 1.35E-11 2.05E-11 2.28E-11 2.27E-11
  322.870    7  14 /pl=01:ss= 1:pb= 1:sz= 1/type=excit/ispb = t/isel =    3
 1.00E+10 1.00E+11 1.00E+12 1.00E+13 1.00E+14 1.00E+15 1.00E+16
 6.89E-02 1.03E-01 1.72E-01 3.45E-01 6.89E-01 1.72E+00 3.45E+00 5.17E+00
 6.89E+00 1.03E+01 1.72E+01 3.45E+01 6.89E+01 1.03E+02
 1.00E-74 1.00E-74 1.00E-74 1.00E-74 3.21E-33 8.40E-19 5.84E-14 2.35E-12
 1.45E-11 8.51E-11 3.23E-10 7.66E-10 1.02E-09 1.05E-09
 1.00E-74 1.00E-74 1.00E-74 1.00E-74 3.21E-33 8.41E-19 5.84E-14 2.35E-12
 1.45E-11 8.51E-11 3.23E-10 7.66E-10 1.02E-09 1.05E-09
 1.00E-74 1.00E-74 1.00E-74 1.00E-74 3.24E-33 8.44E-19 5.85E-14 2.35E-12
 1.45E-11 8.51E-11 3.23E-10 7.65E-10 1.02E-09 1.05E-09
 1.00E-74 1.00E-74 1.00E-74 1.00E-74 3.50E-33 8.76E-19 5.92E-14 2.35E-12
 1.45E-11 8.46E-11 3.20E-10 7.57E-10 1.01E-09 1.04E-09
 1.00E-74 1.00E-74 1.00E-74 1.00E-74 5.36E-33 1.12E-18 6.39E-14 2.36E-12
 1.40E-11 7.85E-11 2.88E-10 6.70E-10 8.95E-10 9.29E-10
 1.00E-74 1.00E-74 1.00E-74 1.00E-74 9.78E-33 1.81E-18 7.84E-14 2.42E-12
 1.26E-11 6.03E-11 1.86E-10 3.73E-10 4.72E-10 4.88E-10
 1.00E-74 1.00E-74 1.00E-74 1.00E-74 1.62E-32 2.92E-18 1.08E-13 2.64E-12
 1.04E-11 3.14E-11 6.07E-11 8.61E-11 9.49E-11 9.52E-11
  337.157    7  14 /pl=01:ss= 1:pb= 1:sz= 1/type=excit/ispb = t/isel =    4
 1.00E+10 1.00E+11 1.00E+12 1.00E+13 1.00E+14 1.00E+15 1.00E+16
 6.89E-02 1.03E-01 1.72E-01 3.45E-01 6.89E-01 1.72E+00 3.45E+00 5.17E+00
 6.89E+00 1.03E+01 1.72E+01 3.45E+01 6.89E+01 1.03E+02
 1.00E-74 1.00E-74 1.00E-74 1.00E-74 1.31E-34 6.58E-21 2.01E-16 5.77E-15
 2.97E-14 1.44E-13 4.69E-13 9.88E-13 1.23E-12 1.23E-12
 1.00E-74 1.00E-74 1.00E-74 1.00E-74 1.31E-34 6.58E-21 2.01E-16 5.77E-15
 2.97E-14 1.44E-13 4.69E-13 9.88E-13 1.23E-12 1.23E-12
 1.00E-74 1.00E-74 1.00E-74 1.00E-74 1.31E-34 6.58E-21 2.01E-16 5.77E-15
 2.97E-14 1.44E-13 4.69E-13 9.87E-13 1.23E-12 1.23E-12
 1.00E-74 1.00E-74 1.00E-74 1.00E-74 1.31E-34 6.58E-21 2.01E-16 5.76E-15
 2.97E-14 1.44E-13 4.68E-13 9.84E-13 1.23E-12 1.22E-12
 1.00E-74 1.00E-74 1.00E-74 1.00E-74 1.32E-34 6.58E-21 2.00E-16 5.74E-15
 2.95E-14 1.42E-13 4.59E-13 9.58E-13 1.19E-12 1.19E-12
 1.00E-74 1.00E-74 1.00E-74 1.00E-74 1.45E-34 6.88E-21 2.01E-16 5.55E-15
 2.76E-14 1.26E-13 3.74E-13 7.29E-13 8.94E-13 9.03E-13
 1.00E-74 1.00E-74 1.00E-74 1.00E-74 2.14E-34 9.49E-21 2.32E-16 5.08E-15
 1.92E-14 5.58E-14 1.07E-13 1.55E-13 1.76E-13 1.80E-13
  468.157    7  14 /pl=01:ss= 1:pb= 1:sz= 1/type=excit/ispb = t/isel =    5
 1.00E+10 1.00E+11 1.00E+12 1.00E+13 1.00E+14 1.00E+15 1.00E+16
 6.89E-02 1.03E-01 1.72E-01 3.45E-01 6.89E-01 1.72E+00 3.45E+00 5.17E+00
 6.89E+00 1.03E+01 1.72E+01 3.45E+01 6.89E+01 1.03E+02
 1.00E-74 1.00E-74 1.00E-74 5.80E-42 1.98E-25 1.29E-15 1.99E-12 2.12E-11
 6.69E-11 2.01E-10 4.56E-10 7.56E-10 8.74E-10 8.71E-10
 1.00E-74 1.00E-74 1.00E-74 5.81E-42 1.98E-25 1.29E-15 1.99E-12 2.12E-11
 6.69E-11 2.02E-10 4.57E-10 7.58E-10 8.77E-10 8.73E-10
 1.00E-74 1.00E-74 1.00E-74 5.45E-42 1.81E-25 1.17E-15 1.81E-12 1.95E-11
 6.17E-11 1.87E-10 4.29E-10 7.21E-10 8.44E-10 8.46E-10
 1.00E-74 1.00E-74 1.00E-74 4.94E-42 1.53E-25 9.29E-16 1.40E-12 1.49E-11
 4.71E-11 1.42E-10 3.24E-10 5.46E-10 6.44E-10 6.51E-10
 1.00E-74 1.00E-74 1.00E-74 7.50E-42 2.27E-25 1.27E-15 1.81E-12 1.87E-11
 5.78E-11 1.69E-10 3.68E-10 5.86E-10 6.56E-10 6.43E-10
 1.00E-74 1.00E-74 1.00E-74 1.25E-41 4.13E-25 2.48E-15 3.53E-12 3.54E-11
 1.06E-10 2.89E-10 5.78E-10 8.47E-10 9.22E-10 9.02E-10
 1.00E-74 1.00E-74 1.00E-74 1.20E-41 4.56E-25 3.35E-15 5.21E-12 4.81E-11
 1.20E-10 2.33E-10 3.29E-10 3.86E-10 4.05E-10 4.07E-10
  476.629    7  14 /pl=01:ss= 1:pb= 1:sz= 1/type=excit/ispb = t/isel =    6
 1.00E+10 1.00E+11 1.00E+12 1.00E+13 1.00E+14 1.00E+15 1.00E+16
 6.89E-02 1.03E-01 1.72E-01 3.45E-01 6.89E-01 1.72E+00 3.45E+00 5.17E+00
 6.89E+00 1.03E+01 1.72E+01 3.45E+01 6.89E+01 1.03E+02
 1.00E-74 1.00E-74 1.00E-74 1.00E-74 3.41E-40 1.72E-23 5.22E-18 3.22E-16
 2.42E-15 1.73E-14 7.55E-14 1.98E-13 2.71E-13 2.78E-13
 1.00E-74 1.00E-74 1.00E-74 1.00E-74 3.43E-40 1.72E-23 5.24E-18 3.23E-16
 2.43E-15 1.73E-14 7.57E-14 1.98E-13 2.71E-13 2.78E-13
 1.00E-74 1.00E-74 1.00E-74 1.00E-74 3.62E-40 1.80E-23 5.43E-18 3.34E-16
 2.51E-15 1.79E-14 7.77E-14 2.03E-13 2.77E-13 2.84E-13
 1.00E-74 1.00E-74 1.00E-74 1.00E-74 5.47E-40 2.48E-23 7.20E-18 4.35E-16
 3.23E-15 2.26E-14 9.65E-14 2.45E-13 3.27E-13 3.32E-13
 1.00E-74 1.00E-74 1.00E-74 1.00E-74 2.68E-39 8.94E-23 2.22E-17 1.25E-15
 8.85E-15 5.84E-14 2.35E-13 5.55E-13 6.97E-13 6.83E-13
 1.00E-74 1.00E-74 1.00E-74 1.00E-74 3.58E-38 9.57E-22 1.86E-16 9.10E-15
 5.84E-14 3.34E-13 1.14E-12 2.32E-12 2.71E-12 2.60E-12
 1.00E-74 1.00E-74 1.00E-74 1.00E-74 1.95E-37 7.27E-21 1.52E-15 6.59E-14
 3.44E-13 1.36E-12 3.17E-12 4.99E-12 5.53E-12 5.41E-12
  480.778    7  14 /pl=01:ss= 1:pb= 1:sz= 1/type=excit/ispb = t/isel =    7
 1.00E+10 1.00E+11 1.00E+12 1.00E+13 1.00E+14 1.00E+15 1.00E+16
 6.89E-02 1.03E-01 1.72E-01 3.45E-01 6.89E-01 1.72E+00 3.45E+00 5.17E+00
 6.89E+00 1.03E+01 1.72E+01 3.45E+01 6.89E+01 1.03E+02
 1.00E-74 1.00E-74 1.00E-74 9.17E-45 1.21E-28 4.56E-19 5.93E-16 5.96E-15
 1.82E-14 5.27E-14 1.14E-13 1.79E-13 1.95E-13 1.87E-13
 1.00E-74 1.00E-74 1.00E-74 6.16E-45 8.48E-29 3.37E-19 4.53E-16 4.64E-15
 1.43E-14 4.23E-14 9.36E-14 1.51E-13 1.70E-13 1.66E-13
 1.00E-74 1.00E-74 1.00E-74 1.93E-45 2.72E-29 1.12E-19 1.57E-16 1.66E-15
 5.24E-15 1.60E-14 3.73E-14 6.51E-14 7.96E-14 8.19E-14
 1.00E-74 1.00E-74 1.00E-74 8.63E-46 1.08E-29 3.96E-20 5.19E-17 5.31E-16
 1.65E-15 4.90E-15 1.11E-14 1.90E-14 2.30E-14 2.38E-14
 1.00E-74 1.00E-74 1.00E-74 9.50E-46 1.09E-29 3.42E-20 4.08E-17 3.98E-16
 1.20E-15 3.41E-15 7.31E-15 1.16E-14 1.32E-14 1.32E-14
 1.00E-74 1.00E-74 1.00E-74 1.46E-45 1.77E-29 5.83E-20 6.80E-17 6.40E-16
 1.85E-15 4.89E-15 9.52E-15 1.37E-14 1.49E-14 1.45E-14
 1.00E-74 1.00E-74 1.00E-74 1.39E-45 1.93E-29 7.75E-20 9.85E-17 8.50E-16
 2.04E-15 3.85E-15 5.29E-15 6.09E-15 6.32E-15 6.33E-15
  484.639    7  14 /pl=01:ss= 1:pb= 1:sz= 1/type=excit/ispb = t/isel =    8
 1.00E+10 1.00E+11 1.00E+12 1.00E+13 1.00E+14 1.00E+15 1.00E+16
 6.89E-02 1.03E-01 1.72E-01 3.45E-01 6.89E-01 1.72E+00 3.45E+00 5.17E+00
 6.89E+00 1.03E+01 1.72E+01 3.45E+01 6.89E+01 1.03E+02
 1.00E-74 1.00E-74 1.00E-74 1.91E-40 1.78E-24 5.31E-15 6.34E-12 6.19E-11
 1.86E-10 5.31E-10 1.14E-09 1.82E-09 2.06E-09 2.05E-09
 1.00E-74 1.00E-74 1.00E-74 1.96E-40 1.83E-24 5.47E-15 6.52E-12 6.36E-11
 1.91E-10 5.44E-10 1.17E-09 1.85E-09 2.09E-09 2.07E-09
 1.00E-74 1.00E-74 1.00E-74 2.03E-40 1.90E-24 5.70E-15 6.82E-12 6.67E-11
 2.00E-10 5.73E-10 1.23E-09 1.95E-09 2.20E-09 2.17E-09
 1.00E-74 1.00E-74 1.00E-74 1.94E-40 1.74E-24 5.05E-15 6.02E-12 5.90E-11
 1.78E-10 5.14E-10 1.12E-09 1.81E-09 2.08E-09 2.08E-09
 1.00E-74 1.00E-74 1.00E-74 2.37E-40 2.00E-24 5.23E-15 5.85E-12 5.57E-11
 1.65E-10 4.65E-10 9.85E-10 1.55E-09 1.74E-09 1.73E-09
 1.00E-74 1.00E-74 1.00E-74 3.69E-40 3.31E-24 9.11E-15 1.00E-11 9.23E-11
 2.64E-10 6.92E-10 1.33E-09 1.91E-09 2.06E-09 2.01E-09
 1.00E-74 1.00E-74 1.00E-74 3.51E-40 3.61E-24 1.21E-14 1.45E-11 1.23E-10
 2.93E-10 5.46E-10 7.44E-10 8.52E-10 8.81E-10 8.81E-10
  489.009    7  14 /pl=01:ss= 1:pb= 1:sz= 1/type=excit/ispb = t/isel =    9
 1.00E+10 1.00E+11 1.00E+12 1.00E+13 1.00E+14 1.00E+15 1.00E+16
 6.89E-02 1.03E-01 1.72E-01 3.45E-01 6.89E-01 1.72E+00 3.45E+00 5.17E+00
 6.89E+00 1.03E+01 1.72E+01 3.45E+01 6.89E+01 1.03E+02
 1.00E-74 1.00E-74 1.00E-74 5.41E-41 4.73E-25 1.46E-15 1.79E-12 1.77E-11
 5.37E-11 1.55E-10 3.37E-10 5.44E-10 6.26E-10 6.27E-10
 1.00E-74 1.00E-74 1.00E-74 5.15E-41 4.35E-25 1.33E-15 1.63E-12 1.62E-11
 4.94E-11 1.43E-10 3.14E-10 5.14E-10 5.99E-10 6.04E-10
 1.00E-74 1.00E-74 1.00E-74 5.34E-41 4.07E-25 1.14E-15 1.37E-12 1.35E-11
 4.10E-11 1.19E-10 2.62E-10 4.34E-10 5.14E-10 5.25E-10
 1.00E-74 1.00E-74 1.00E-74 7.11E-41 4.93E-25 1.25E-15 1.43E-12 1.39E-11
 4.19E-11 1.20E-10 2.63E-10 4.29E-10 5.02E-10 5.08E-10
 1.00E-74 1.00E-74 1.00E-74 1.09E-40 6.74E-25 1.47E-15 1.56E-12 1.46E-11
 4.30E-11 1.20E-10 2.54E-10 4.01E-10 4.57E-10 4.57E-10
 1.00E-74 1.00E-74 1.00E-74 1.75E-40 1.13E-24 2.55E-15 2.63E-12 2.37E-11
 6.70E-11 1.74E-10 3.33E-10 4.75E-10 5.13E-10 5.02E-10
 1.00E-74 1.00E-74 1.00E-74 1.66E-40 1.23E-24 3.39E-15 3.80E-12 3.15E-11
 7.40E-11 1.37E-10 1.84E-10 2.10E-10 2.16E-10 2.16E-10
  494.073    7  14 /pl=01:ss= 1:pb= 1:sz= 1/type=excit/ispb = t/isel =   10
 1.00E+10 1.00E+11 1.00E+12 1.00E+13 1.00E+14 1.00E+15 1.00E+16
 6.89E-02 1.03E-01 1.72E-01 3.45E-01 6.89E-01 1.72E+00 3.45E+00 5.17E+00
 6.89E+00 1.03E+01 1.72E+01 3.45E+01 6.89E+01 1.03E+02
 1.00E-74 1.00E-74 1.00E-74 1.00E-74 3.16E-37 7.15E-21 1.67E-15 9.43E-14
 6.79E-13 4.62E-12 1.96E-11 4.98E-11 6.77E-11 6.91E-11
 1.00E-74 1.00E-74 1.00E-74 1.00E-74 3.15E-37 7.14E-21 1.67E-15 9.42E-14
 6.78E-13 4.62E-12 1.96E-11 4.98E-11 6.76E-11 6.91E-11
 1.00E-74 1.00E-74 1.00E-74 1.00E-74 3.12E-37 7.06E-21 1.65E-15 9.33E-14
 6.72E-13 4.58E-12 1.94E-11 4.95E-11 6.74E-11 6.90E-11
 1.00E-74 1.00E-74 1.00E-74 1.00E-74 3.03E-37 6.67E-21 1.55E-15 8.73E-14
 6.30E-13 4.30E-12 1.83E-11 4.71E-11 6.49E-11 6.70E-11
 1.00E-74 1.00E-74 1.00E-74 1.00E-74 3.19E-37 5.65E-21 1.19E-15 6.49E-14
 4.60E-13 3.09E-12 1.31E-11 3.38E-11 4.79E-11 5.05E-11
 1.00E-74 1.00E-74 1.00E-74 1.00E-74 7.22E-37 9.11E-21 1.40E-15 6.45E-14
 4.09E-13 2.36E-12 8.42E-12 1.88E-11 2.49E-11 2.60E-11
 1.00E-74 1.00E-74 1.00E-74 1.00E-74 1.82E-36 3.03E-20 4.77E-15 1.88E-13
 9.38E-13 3.53E-12 8.02E-12 1.25E-11 1.39E-11 1.37E-11
  512.380    7  14 /pl=01:ss= 1:pb= 1:sz= 1/type=excit/ispb = t/isel =   11
 1.00E+10 1.00E+11 1.00E+12 1.00E+13 1.00E+14 1.00E+15 1.00E+16
 6.89E-02 1.03E-01 1.72E-01 3.45E-01 6.89E-01 1.72E+00 3.45E+00 5.17E+00
 6.89E+00 1.03E+01 1.72E+01 3.45E+01 6.89E+01 1.03E+02
 1.00E-74 1.00E-74 1.00E-74 1.57E-42 2.05E-27 2.10E-18 1.84E-15 1.63E-14
 4.70E-14 1.28E-13 2.65E-13 4.02E-13 4.36E-13 4.19E-13
 1.00E-74 1.00E-74 1.00E-74 1.48E-42 1.95E-27 2.02E-18 1.78E-15 1.58E-14
 4.56E-14 1.25E-13 2.58E-13 3.94E-13 4.29E-13 4.13E-13
 1.00E-74 1.00E-74 1.00E-74 9.68E-43 1.36E-27 1.47E-18 1.32E-15 1.20E-14
 3.49E-14 9.72E-14 2.06E-13 3.24E-13 3.63E-13 3.56E-13
 1.00E-74 1.00E-74 1.00E-74 3.43E-43 4.78E-28 5.06E-19 4.56E-16 4.16E-15
 1.22E-14 3.48E-14 7.62E-14 1.27E-13 1.54E-13 1.58E-13
 1.00E-74 1.00E-74 1.00E-74 2.33E-43 2.90E-28 2.54E-19 2.03E-16 1.74E-15
 4.94E-15 1.34E-14 2.77E-14 4.37E-14 5.07E-14 5.14E-14
 1.00E-74 1.00E-74 1.00E-74 2.97E-43 3.64E-28 3.09E-19 2.32E-16 1.88E-15
 5.07E-15 1.25E-14 2.32E-14 3.24E-14 3.51E-14 3.46E-14
 1.00E-74 1.00E-74 1.00E-74 2.74E-43 3.79E-28 3.83E-19 3.08E-16 2.28E-15
 5.08E-15 8.86E-15 1.15E-14 1.26E-14 1.28E-14 1.28E-14
  521.320    7  14 /pl=01:ss= 1:pb= 1:sz= 1/type=excit/ispb = t/isel =   12
 1.00E+10 1.00E+11 1.00E+12 1.00E+13 1.00E+14 1.00E+15 1.00E+16
 6.89E-02 1.03E-01 1.72E-01 3.45E-01 6.89E-01 1.72E+00 3.45E+00 5.17E+00
 6.89E+00 1.03E+01 1.72E+01 3.45E+01 6.89E+01 1.03E+02
 1.00E-74 1.00E-74 1.00E-74 1.25E-37 8.56E-23 5.35E-14 3.80E-11 3.13E-10
 8.64E-10 2.27E-09 4.61E-09 7.01E-09 7.88E-09 7.85E-09
 1.00E-74 1.00E-74 1.00E-74 1.25E-37 8.58E-23 5.37E-14 3.82E-11 3.14E-10
 8.67E-10 2.28E-09 4.62E-09 7.02E-09 7.89E-09 7.86E-09
 1.00E-74 1.00E-74 1.00E-74 1.27E-37 8.75E-23 5.49E-14 3.91E-11 3.22E-10
 8.88E-10 2.33E-09 4.72E-09 7.14E-09 8.00E-09 7.95E-09
 1.00E-74 1.00E-74 1.00E-74 1.34E-37 9.13E-23 5.69E-14 4.05E-11 3.34E-10
 9.24E-10 2.43E-09 4.91E-09 7.44E-09 8.31E-09 8.24E-09
 1.00E-74 1.00E-74 1.00E-74 1.55E-37 1.01E-22 5.92E-14 4.09E-11 3.34E-10
 9.18E-10 2.40E-09 4.82E-09 7.30E-09 8.18E-09 8.13E-09
 1.00E-74 1.00E-74 1.00E-74 2.04E-37 1.36E-22 7.99E-14 5.30E-11 4.15E-10
 1.09E-09 2.65E-09 4.82E-09 6.67E-09 7.19E-09 7.10E-09
 1.00E-74 1.00E-74 1.00E-74 1.88E-37 1.42E-22 9.99E-14 7.12E-11 5.06E-10
 1.11E-09 1.89E-09 2.41E-09 2.62E-09 2.65E-09 2.64E-09
  532.843    7  14 /pl=01:ss= 1:pb= 1:sz= 1/type=excit/ispb = t/isel =   13
 1.00E+10 1.00E+11 1.00E+12 1.00E+13 1.00E+14 1.00E+15 1.00E+16
 6.89E-02 1.03E-01 1.72E-01 3.45E-01 6.89E-01 1.72E+00 3.45E+00 5.17E+00
 6.89E+00 1.03E+01 1.72E+01 3.45E+01 6.89E+01 1.03E+02
 1.00E-74 1.00E-74 1.00E-74 5.46E-38 2.38E-23 1.47E-14 1.12E-11 9.58E-11
 2.71E-10 7.29E-10 1.50E-09 2.32E-09 2.62E-09 2.60E-09
 1.00E-74 1.00E-74 1.00E-74 5.44E-38 2.36E-23 1.44E-14 1.10E-11 9.43E-11
 2.66E-10 7.18E-10 1.48E-09 2.30E-09 2.60E-09 2.58E-09
 1.00E-74 1.00E-74 1.00E-74 5.41E-38 2.23E-23 1.29E-14 9.72E-12 8.30E-11
 2.35E-10 6.36E-10 1.32E-09 2.09E-09 2.40E-09 2.41E-09
 1.00E-74 1.00E-74 1.00E-74 6.09E-38 2.24E-23 1.10E-14 7.55E-12 6.25E-11
 1.74E-10 4.65E-10 9.62E-10 1.53E-09 1.80E-09 1.84E-09
 1.00E-74 1.00E-74 1.00E-74 9.82E-38 3.34E-23 1.37E-14 8.45E-12 6.66E-11
 1.81E-10 4.66E-10 9.30E-10 1.42E-09 1.62E-09 1.63E-09
 1.00E-74 1.00E-74 1.00E-74 1.63E-37 5.29E-23 2.03E-14 1.17E-11 8.72E-11
 2.25E-10 5.33E-10 9.55E-10 1.31E-09 1.41E-09 1.40E-09
 1.00E-74 1.00E-74 1.00E-74 1.56E-37 5.64E-23 2.54E-14 1.56E-11 1.06E-10
 2.25E-10 3.77E-10 4.70E-10 5.05E-10 5.08E-10 5.04E-10
  533.373    7  14 /pl=01:ss= 1:pb= 1:sz= 1/type=excit/ispb = t/isel =   14
 1.00E+10 1.00E+11 1.00E+12 1.00E+13 1.00E+14 1.00E+15 1.00E+16
 6.89E-02 1.03E-01 1.72E-01 3.45E-01 6.89E-01 1.72E+00 3.45E+00 5.17E+00
 6.89E+00 1.03E+01 1.72E+01 3.45E+01 6.89E+01 1.03E+02
 1.00E-74 1.00E-74 1.00E-74 1.00E-74 1.65E-35 7.48E-20 1.02E-14 4.83E-13
 3.19E-12 1.98E-11 7.83E-11 1.90E-10 2.51E-10 2.55E-10
 1.00E-74 1.00E-74 1.00E-74 1.00E-74 1.65E-35 7.49E-20 1.02E-14 4.83E-13
 3.19E-12 1.98E-11 7.83E-11 1.90E-10 2.51E-10 2.55E-10
 1.00E-74 1.00E-74 1.00E-74 1.00E-74 1.65E-35 7.49E-20 1.02E-14 4.84E-13
 3.19E-12 1.99E-11 7.85E-11 1.90E-10 2.52E-10 2.56E-10
 1.00E-74 1.00E-74 1.00E-74 1.00E-74 1.66E-35 7.53E-20 1.03E-14 4.90E-13
 3.24E-12 2.02E-11 7.96E-11 1.93E-10 2.55E-10 2.59E-10
 1.00E-74 1.00E-74 1.00E-74 1.00E-74 1.88E-35 7.95E-20 1.06E-14 5.00E-13
 3.29E-12 2.04E-11 8.03E-11 1.94E-10 2.60E-10 2.65E-10
 1.00E-74 1.00E-74 1.00E-74 1.00E-74 3.99E-35 1.28E-19 1.31E-14 5.36E-13
 3.22E-12 1.76E-11 6.12E-11 1.35E-10 1.79E-10 1.87E-10
 1.00E-74 1.00E-74 1.00E-74 1.00E-74 8.38E-35 2.97E-19 2.80E-14 9.28E-13
 4.25E-12 1.48E-11 3.18E-11 4.83E-11 5.42E-11 5.43E-11
  613.070    7  14 /pl=01:ss= 1:pb= 1:sz= 1/type=excit/ispb = t/isel =   15
 1.00E+10 1.00E+11 1.00E+12 1.00E+13 1.00E+14 1.00E+15 1.00E+16
 6.89E-02 1.03E-01 1.72E-01 3.45E-01 6.89E-01 1.72E+00 3.45E+00 5.17E+00
 6.89E+00 1.03E+01 1.72E+01 3.45E+01 6.89E+01 1.03E+02
 1.00E-74 1.00E-74 1.00E-74 2.70E-37 1.06E-24 3.24E-17 9.70E-15 6.27E-14
 1.55E-13 3.69E-13 6.88E-13 9.79E-13 1.04E-12 1.00E-12
 1.00E-74 1.00E-74 1.00E-74 2.70E-37 1.05E-24 3.24E-17 9.69E-15 6.27E-14
 1.55E-13 3.69E-13 6.88E-13 9.79E-13 1.04E-12 9.99E-13
 1.00E-74 1.00E-74 1.00E-74 2.65E-37 1.04E-24 3.21E-17 9.61E-15 6.21E-14
 1.54E-13 3.65E-13 6.81E-13 9.71E-13 1.03E-12 9.93E-13
 1.00E-74 1.00E-74 1.00E-74 2.30E-37 9.36E-25 2.95E-17 8.84E-15 5.69E-14
 1.41E-13 3.34E-13 6.24E-13 8.95E-13 9.59E-13 9.29E-13
 1.00E-74 1.00E-74 1.00E-74 1.34E-37 5.75E-25 1.91E-17 5.66E-15 3.60E-14
 8.84E-14 2.09E-13 3.91E-13 5.72E-13 6.36E-13 6.32E-13
 1.00E-74 1.00E-74 1.00E-74 8.85E-38 3.63E-25 1.14E-17 3.09E-15 1.83E-14
 4.24E-14 9.13E-14 1.53E-13 2.05E-13 2.25E-13 2.27E-13
 1.00E-74 1.00E-74 1.00E-74 6.53E-38 2.86E-25 9.43E-18 2.47E-15 1.27E-14
 2.36E-14 3.45E-14 3.89E-14 3.92E-14 3.87E-14 3.86E-14
  652.630    7  14 /pl=01:ss= 1:pb= 1:sz= 1/type=excit/ispb = t/isel =   16
 1.00E+10 1.00E+11 1.00E+12 1.00E+13 1.00E+14 1.00E+15 1.00E+16
 6.89E-02 1.03E-01 1.72E-01 3.45E-01 6.89E-01 1.72E+00 3.45E+00 5.17E+00
 6.89E+00 1.03E+01 1.72E+01 3.45E+01 6.89E+01 1.03E+02
 1.00E-74 1.00E-74 1.00E-74 2.09E-30 1.37E-18 1.33E-11 2.37E-09 1.23E-08
 2.72E-08 5.75E-08 9.85E-08 1.36E-07 1.51E-07 1.50E-07
 1.00E-74 1.00E-74 1.00E-74 2.09E-30 1.37E-18 1.33E-11 2.37E-09 1.24E-08
 2.72E-08 5.75E-08 9.85E-08 1.36E-07 1.51E-07 1.50E-07
 1.00E-74 1.00E-74 1.00E-74 2.09E-30 1.38E-18 1.33E-11 2.37E-09 1.24E-08
 2.73E-08 5.76E-08 9.87E-08 1.37E-07 1.51E-07 1.51E-07
 1.00E-74 1.00E-74 1.00E-74 2.09E-30 1.38E-18 1.33E-11 2.38E-09 1.25E-08
 2.75E-08 5.82E-08 9.98E-08 1.38E-07 1.52E-07 1.52E-07
 1.00E-74 1.00E-74 1.00E-74 2.08E-30 1.37E-18 1.34E-11 2.42E-09 1.27E-08
 2.82E-08 5.96E-08 1.02E-07 1.40E-07 1.53E-07 1.52E-07
 1.00E-74 1.00E-74 1.00E-74 2.00E-30 1.33E-18 1.32E-11 2.40E-09 1.26E-08
 2.73E-08 5.53E-08 8.81E-08 1.13E-07 1.22E-07 1.22E-07
 1.00E-74 1.00E-74 1.00E-74 1.49E-30 1.07E-18 1.15E-11 2.12E-09 9.74E-09
 1.72E-08 2.39E-08 2.61E-08 2.58E-08 2.55E-08 2.55E-08
  663.029    7  14 /pl=01:ss= 1:pb= 1:sz= 1/type=excit/ispb = t/isel =   17
 1.00E+10 1.00E+11 1.00E+12 1.00E+13 1.00E+14 1.00E+15 1.00E+16
 6.89E-02 1.03E-01 1.72E-01 3.45E-01 6.89E-01 1.72E+00 3.45E+00 5.17E+00
 6.89E+00 1.03E+01 1.72E+01 3.45E+01 6.89E+01 1.03E+02
 1.00E-74 1.00E-74 1.00E-74 5.96E-31 2.55E-19 1.89E-12 3.08E-10 1.58E-09
 3.53E-09 7.78E-09 1.45E-08 2.16E-08 2.41E-08 2.37E-08
 1.00E-74 1.00E-74 1.00E-74 5.96E-31 2.55E-19 1.89E-12 3.08E-10 1.58E-09
 3.53E-09 7.78E-09 1.45E-08 2.16E-08 2.41E-08 2.37E-08
 1.00E-74 1.00E-74 1.00E-74 5.96E-31 2.55E-19 1.89E-12 3.08E-10 1.58E-09
 3.53E-09 7.78E-09 1.45E-08 2.16E-08 2.41E-08 2.37E-08
 1.00E-74 1.00E-74 1.00E-74 5.96E-31 2.54E-19 1.89E-12 3.08E-10 1.58E-09
 3.52E-09 7.77E-09 1.44E-08 2.15E-08 2.40E-08 2.36E-08
 1.00E-74 1.00E-74 1.00E-74 5.94E-31 2.54E-19 1.89E-12 3.08E-10 1.58E-09
 3.51E-09 7.69E-09 1.42E-08 2.09E-08 2.33E-08 2.29E-08
 1.00E-74 1.00E-74 1.00E-74 5.70E-31 2.47E-19 1.86E-12 3.03E-10 1.53E-09
 3.33E-09 6.91E-09 1.17E-08 1.60E-08 1.75E-08 1.73E-08
 1.00E-74 1.00E-74 1.00E-74 4.10E-31 1.93E-19 1.57E-12 2.61E-10 1.17E-09
 2.06E-09 2.89E-09 3.23E-09 3.26E-09 3.24E-09 3.22E-09
  680.152    7  14 /pl=01:ss= 1:pb= 1:sz= 1/type=excit/ispb = t/isel =   18
 1.00E+10 1.00E+11 1.00E+12 1.00E+13 1.00E+14 1.00E+15 1.00E+16
 6.89E-02 1.03E-01 1.72E-01 3.45E-01 6.89E-01 1.72E+00 3.45E+00 5.17E+00
 6.89E+00 1.03E+01 1.72E+01 3.45E+01 6.89E+01 1.03E+02
 1.00E-74 1.00E-74 1.00E-74 1.00E-74 1.73E-37 8.71E-21 2.65E-15 1.63E-13
 1.23E-12 8.77E-12 3.83E-11 1.00E-10 1.37E-10 1.41E-10
 1.00E-74 1.00E-74 1.00E-74 1.00E-74 1.74E-37 8.75E-21 2.66E-15 1.64E-13
 1.23E-12 8.80E-12 3.84E-11 1.01E-10 1.38E-10 1.41E-10
 1.00E-74 1.00E-74 1.00E-74 1.00E-74 1.84E-37 9.11E-21 2.76E-15 1.69E-13
 1.27E-12 9.06E-12 3.94E-11 1.03E-10 1.41E-10 1.44E-10
 1.00E-74 1.00E-74 1.00E-74 1.00E-74 2.77E-37 1.26E-20 3.65E-15 2.20E-13
 1.64E-12 1.15E-11 4.90E-11 1.24E-10 1.66E-10 1.68E-10
 1.00E-74 1.00E-74 1.00E-74 1.00E-74 1.36E-36 4.54E-20 1.12E-14 6.32E-13
 4.49E-12 2.97E-11 1.19E-10 2.81E-10 3.54E-10 3.46E-10
 1.00E-74 1.00E-74 1.00E-74 1.00E-74 1.82E-35 4.85E-19 9.45E-14 4.62E-12
 2.97E-11 1.69E-10 5.80E-10 1.18E-09 1.38E-09 1.32E-09
 1.00E-74 1.00E-74 1.00E-74 1.00E-74 9.91E-35 3.69E-18 7.70E-13 3.34E-11
 1.75E-10 6.88E-10 1.61E-09 2.53E-09 2.80E-09 2.75E-09
  685.989    7  14 /pl=01:ss= 1:pb= 1:sz= 1/type=excit/ispb = t/isel =   19
 1.00E+10 1.00E+11 1.00E+12 1.00E+13 1.00E+14 1.00E+15 1.00E+16
 6.89E-02 1.03E-01 1.72E-01 3.45E-01 6.89E-01 1.72E+00 3.45E+00 5.17E+00
 6.89E+00 1.03E+01 1.72E+01 3.45E+01 6.89E+01 1.03E+02
 1.00E-74 1.00E-74 1.00E-74 1.00E-74 7.98E-31 4.02E-17 1.23E-12 3.53E-11
 1.81E-10 8.82E-10 2.87E-09 6.04E-09 7.52E-09 7.52E-09
 1.00E-74 1.00E-74 1.00E-74 1.00E-74 7.98E-31 4.02E-17 1.23E-12 3.53E-11
 1.81E-10 8.82E-10 2.87E-09 6.04E-09 7.52E-09 7.52E-09
 1.00E-74 1.00E-74 1.00E-74 1.00E-74 7.99E-31 4.02E-17 1.23E-12 3.53E-11
 1.81E-10 8.82E-10 2.87E-09 6.04E-09 7.52E-09 7.51E-09
 1.00E-74 1.00E-74 1.00E-74 1.00E-74 7.99E-31 4.02E-17 1.23E-12 3.52E-11
 1.81E-10 8.81E-10 2.86E-09 6.02E-09 7.49E-09 7.49E-09
 1.00E-74 1.00E-74 1.00E-74 1.00E-74 8.06E-31 4.02E-17 1.23E-12 3.51E-11
 1.80E-10 8.71E-10 2.81E-09 5.86E-09 7.28E-09 7.28E-09
 1.00E-74 1.00E-74 1.00E-74 1.00E-74 8.84E-31 4.20E-17 1.23E-12 3.40E-11
 1.69E-10 7.68E-10 2.29E-09 4.46E-09 5.47E-09 5.52E-09
 1.00E-74 1.00E-74 1.00E-74 1.00E-74 1.31E-30 5.80E-17 1.42E-12 3.10E-11
 1.17E-10 3.41E-10 6.55E-10 9.47E-10 1.08E-09 1.10E-09
  708.001    7  14 /pl=01:ss= 1:pb= 1:sz= 1/type=excit/ispb = t/isel =   20
 1.00E+10 1.00E+11 1.00E+12 1.00E+13 1.00E+14 1.00E+15 1.00E+16
 6.89E-02 1.03E-01 1.72E-01 3.45E-01 6.89E-01 1.72E+00 3.45E+00 5.17E+00
 6.89E+00 1.03E+01 1.72E+01 3.45E+01 6.89E+01 1.03E+02
 1.00E-74 1.00E-74 1.00E-74 9.09E-30 7.13E-19 2.46E-12 3.98E-10 2.16E-09
 4.95E-09 1.10E-08 1.98E-08 2.81E-08 3.08E-08 3.06E-08
 1.00E-74 1.00E-74 1.00E-74 9.09E-30 7.13E-19 2.45E-12 3.97E-10 2.16E-09
 4.95E-09 1.10E-08 1.97E-08 2.81E-08 3.08E-08 3.06E-08
 1.00E-74 1.00E-74 1.00E-74 9.09E-30 7.12E-19 2.45E-12 3.96E-10 2.15E-09
 4.92E-09 1.09E-08 1.96E-08 2.79E-08 3.07E-08 3.04E-08
 1.00E-74 1.00E-74 1.00E-74 9.08E-30 7.12E-19 2.42E-12 3.86E-10 2.07E-09
 4.73E-09 1.04E-08 1.87E-08 2.66E-08 2.94E-08 2.93E-08
 1.00E-74 1.00E-74 1.00E-74 9.07E-30 7.09E-19 2.32E-12 3.44E-10 1.77E-09
 3.92E-09 8.41E-09 1.47E-08 2.09E-08 2.35E-08 2.38E-08
 1.00E-74 1.00E-74 1.46E-51 8.93E-30 7.17E-19 2.33E-12 3.06E-10 1.43E-09
 2.94E-09 5.63E-09 8.66E-09 1.11E-08 1.21E-08 1.23E-08
 1.00E-74 1.00E-74 8.74E-52 7.67E-30 6.89E-19 2.28E-12 2.77E-10 1.10E-09
 1.80E-09 2.31E-09 2.35E-09 2.21E-09 2.12E-09 2.10E-09
  1498.06    7  14 /pl=01:ss= 1:pb= 1:sz= 1/type=excit/ispb = t/isel =   21
 1.00E+10 1.00E+11 1.00E+12 1.00E+13 1.00E+14 1.00E+15 1.00E+16
 6.89E-02 1.03E-01 1.72E-01 3.45E-01 6.89E-01 1.72E+00 3.45E+00 5.17E+00
 6.89E+00 1.03E+01 1.72E+01 3.45E+01 6.89E+01 1.03E+02
 1.00E-74 1.00E-74 1.00E-74 1.72E-42 2.27E-26 8.57E-17 1.12E-13 1.12E-12
 3.42E-12 9.90E-12 2.14E-11 3.36E-11 3.66E-11 3.52E-11
 1.00E-74 1.00E-74 1.00E-74 1.16E-42 1.60E-26 6.34E-17 8.52E-14 8.73E-13
 2.70E-12 7.96E-12 1.76E-11 2.85E-11 3.19E-11 3.12E-11
 1.00E-74 1.00E-74 1.00E-74 3.63E-43 5.12E-27 2.12E-17 2.96E-14 3.12E-13
 9.86E-13 3.01E-12 7.01E-12 1.22E-11 1.50E-11 1.54E-11
 1.00E-74 1.00E-74 1.00E-74 1.62E-43 2.04E-27 7.44E-18 9.76E-15 9.98E-14
 3.09E-13 9.23E-13 2.09E-12 3.57E-12 4.33E-12 4.47E-12
 1.00E-74 1.00E-74 1.00E-74 1.79E-43 2.04E-27 6.43E-18 7.68E-15 7.49E-14
 2.25E-13 6.41E-13 1.38E-12 2.19E-12 2.49E-12 2.48E-12
 1.00E-74 1.00E-74 1.00E-74 2.75E-43 3.33E-27 1.10E-17 1.28E-14 1.20E-13
 3.47E-13 9.20E-13 1.79E-12 2.58E-12 2.79E-12 2.73E-12
 1.00E-74 1.00E-74 1.00E-74 2.62E-43 3.63E-27 1.46E-17 1.85E-14 1.60E-13
 3.84E-13 7.24E-13 9.94E-13 1.15E-12 1.19E-12 1.19E-12
  1597.03    7  14 /pl=01:ss= 1:pb= 1:sz= 1/type=excit/ispb = t/isel =   22
 1.00E+10 1.00E+11 1.00E+12 1.00E+13 1.00E+14 1.00E+15 1.00E+16
 6.89E-02 1.03E-01 1.72E-01 3.45E-01 6.89E-01 1.72E+00 3.45E+00 5.17E+00
 6.89E+00 1.03E+01 1.72E+01 3.45E+01 6.89E+01 1.03E+02
 1.00E-74 1.00E-74 1.00E-74 5.53E-43 2.81E-26 2.31E-16 3.86E-13 4.22E-12
 1.34E-11 4.04E-11 9.05E-11 1.47E-10 1.66E-10 1.62E-10
 1.00E-74 1.00E-74 1.00E-74 7.16E-43 3.52E-26 2.82E-16 4.63E-13 5.01E-12
 1.58E-11 4.72E-11 1.04E-10 1.67E-10 1.85E-10 1.78E-10
 1.00E-74 1.00E-74 1.00E-74 1.83E-42 8.41E-26 6.41E-16 1.02E-12 1.08E-11
 3.37E-11 9.88E-11 2.13E-10 3.26E-10 3.43E-10 3.20E-10
 1.00E-74 1.00E-74 1.00E-74 4.47E-42 2.00E-25 1.49E-15 2.37E-12 2.54E-11
 7.97E-11 2.37E-10 5.24E-10 8.30E-10 9.05E-10 8.64E-10
 1.00E-74 1.00E-74 1.00E-74 8.60E-42 3.88E-25 2.74E-15 4.24E-12 4.47E-11
 1.39E-10 4.11E-10 9.00E-10 1.43E-09 1.58E-09 1.53E-09
 1.00E-74 1.00E-74 1.00E-74 1.47E-41 7.24E-25 5.53E-15 8.53E-12 8.80E-11
 2.66E-10 7.38E-10 1.49E-09 2.20E-09 2.40E-09 2.34E-09
 1.00E-74 1.00E-74 1.00E-74 1.41E-41 8.02E-25 7.50E-15 1.27E-11 1.20E-10
 3.02E-10 5.97E-10 8.50E-10 1.01E-09 1.06E-09 1.07E-09
  1710.02    7  14 /pl=01:ss= 1:pb= 1:sz= 1/type=excit/ispb = t/isel =   23
 1.00E+10 1.00E+11 1.00E+12 1.00E+13 1.00E+14 1.00E+15 1.00E+16
 6.89E-02 1.03E-01 1.72E-01 3.45E-01 6.89E-01 1.72E+00 3.45E+00 5.17E+00
 6.89E+00 1.03E+01 1.72E+01 3.45E+01 6.89E+01 1.03E+02
 1.00E-74 1.00E-74 1.00E-74 1.00E-74 1.00E-38 2.78E-22 6.94E-17 4.01E-15
 2.93E-14 2.01E-13 8.65E-13 2.26E-12 3.25E-12 3.53E-12
 1.00E-74 1.00E-74 1.00E-74 1.00E-74 1.02E-38 2.80E-22 6.97E-17 4.02E-15
 2.93E-14 2.02E-13 8.66E-13 2.26E-12 3.25E-12 3.52E-12
 1.00E-74 1.00E-74 1.00E-74 1.00E-74 1.09E-38 2.93E-22 7.20E-17 4.12E-15
 2.99E-14 2.04E-13 8.70E-13 2.25E-12 3.20E-12 3.44E-12
 1.00E-74 1.00E-74 1.00E-74 1.00E-74 1.18E-38 3.05E-22 7.29E-17 4.12E-15
 2.96E-14 2.01E-13 8.45E-13 2.15E-12 2.97E-12 3.11E-12
 1.00E-74 1.00E-74 1.00E-74 1.00E-74 1.29E-38 2.67E-22 5.79E-17 3.15E-15
 2.23E-14 1.48E-13 6.14E-13 1.55E-12 2.16E-12 2.26E-12
 1.00E-74 1.00E-74 1.00E-74 1.00E-74 2.97E-38 4.45E-22 7.12E-17 3.31E-15
 2.10E-14 1.20E-13 4.22E-13 9.22E-13 1.19E-12 1.22E-12
 1.00E-74 1.00E-74 1.00E-74 1.00E-74 7.62E-38 1.54E-21 2.59E-16 1.04E-14
 5.25E-14 2.00E-13 4.56E-13 7.09E-13 7.87E-13 7.76E-13
  1750.08    7  14 /pl=01:ss= 1:pb= 1:sz= 1/type=excit/ispb = t/isel =   24
 1.00E+10 1.00E+11 1.00E+12 1.00E+13 1.00E+14 1.00E+15 1.00E+16
 6.89E-02 1.03E-01 1.72E-01 3.45E-01 6.89E-01 1.72E+00 3.45E+00 5.17E+00
 6.89E+00 1.03E+01 1.72E+01 3.45E+01 6.89E+01 1.03E+02
 1.00E-74 1.00E-74 1.00E-74 6.56E-42 1.28E-25 6.03E-16 8.35E-13 8.56E-12
 2.64E-11 7.74E-11 1.70E-10 2.73E-10 3.07E-10 2.99E-10
 1.00E-74 1.00E-74 1.00E-74 8.45E-42 1.58E-25 7.10E-16 9.57E-13 9.68E-12
 2.96E-11 8.57E-11 1.86E-10 2.93E-10 3.25E-10 3.14E-10
 1.00E-74 1.00E-74 1.00E-74 1.77E-41 3.08E-25 1.29E-15 1.67E-12 1.65E-11
 4.96E-11 1.40E-10 2.93E-10 4.41E-10 4.64E-10 4.38E-10
 1.00E-74 1.00E-74 1.00E-74 5.16E-41 8.72E-25 3.54E-15 4.55E-12 4.50E-11
 1.35E-10 3.82E-10 7.99E-10 1.19E-09 1.24E-09 1.15E-09
 1.00E-74 1.00E-74 1.00E-74 1.04E-40 1.77E-24 6.94E-15 8.80E-12 8.70E-11
 2.62E-10 7.46E-10 1.58E-09 2.44E-09 2.66E-09 2.57E-09
 1.00E-74 1.00E-74 1.00E-74 1.73E-40 3.18E-24 1.35E-14 1.71E-11 1.65E-10
 4.83E-10 1.30E-09 2.55E-09 3.68E-09 3.98E-09 3.89E-09
 1.00E-74 1.00E-74 1.00E-74 1.65E-40 3.50E-24 1.82E-14 2.51E-11 2.23E-10
 5.44E-10 1.04E-09 1.44E-09 1.68E-09 1.75E-09 1.75E-09
  1825.82    7  14 /pl=01:ss= 1:pb= 1:sz= 1/type=excit/ispb = t/isel =   25
 1.00E+10 1.00E+11 1.00E+12 1.00E+13 1.00E+14 1.00E+15 1.00E+16
 6.89E-02 1.03E-01 1.72E-01 3.45E-01 6.89E-01 1.72E+00 3.45E+00 5.17E+00
 6.89E+00 1.03E+01 1.72E+01 3.45E+01 6.89E+01 1.03E+02
 1.00E-74 1.00E-74 1.00E-74 1.12E-41 1.48E-25 5.58E-16 7.26E-13 7.31E-12
 2.23E-11 6.45E-11 1.40E-10 2.19E-10 2.39E-10 2.29E-10
 1.00E-74 1.00E-74 1.00E-74 7.54E-42 1.04E-25 4.13E-16 5.55E-13 5.69E-12
 1.76E-11 5.18E-11 1.15E-10 1.86E-10 2.08E-10 2.03E-10
 1.00E-74 1.00E-74 1.00E-74 2.37E-42 3.33E-26 1.38E-16 1.93E-13 2.03E-12
 6.43E-12 1.96E-11 4.56E-11 7.97E-11 9.75E-11 1.00E-10
 1.00E-74 1.00E-74 1.00E-74 1.06E-42 1.33E-26 4.85E-17 6.36E-14 6.50E-13
 2.02E-12 6.01E-12 1.36E-11 2.32E-11 2.82E-11 2.91E-11
 1.00E-74 1.00E-74 1.00E-74 1.16E-42 1.33E-26 4.19E-17 5.00E-14 4.88E-13
 1.46E-12 4.17E-12 8.96E-12 1.42E-11 1.62E-11 1.62E-11
 1.00E-74 1.00E-74 1.00E-74 1.79E-42 2.17E-26 7.14E-17 8.33E-14 7.84E-13
 2.26E-12 6.00E-12 1.17E-11 1.68E-11 1.82E-11 1.78E-11
 1.00E-74 1.00E-74 1.00E-74 1.70E-42 2.36E-26 9.49E-17 1.21E-13 1.04E-12
 2.50E-12 4.72E-12 6.48E-12 7.46E-12 7.75E-12 7.75E-12
  1854.43    7  14 /pl=01:ss= 1:pb= 1:sz= 1/type=excit/ispb = t/isel =   26
 1.00E+10 1.00E+11 1.00E+12 1.00E+13 1.00E+14 1.00E+15 1.00E+16
 6.89E-02 1.03E-01 1.72E-01 3.45E-01 6.89E-01 1.72E+00 3.45E+00 5.17E+00
 6.89E+00 1.03E+01 1.72E+01 3.45E+01 6.89E+01 1.03E+02
 1.00E-74 1.00E-74 1.00E-74 2.91E-41 3.80E-26 3.90E-17 3.41E-14 3.04E-13
 8.72E-13 2.38E-12 4.91E-12 7.47E-12 8.10E-12 7.79E-12
 1.00E-74 1.00E-74 1.00E-74 2.75E-41 3.63E-26 3.75E-17 3.30E-14 2.94E-13
 8.46E-13 2.32E-12 4.79E-12 7.32E-12 7.96E-12 7.67E-12
 1.00E-74 1.00E-74 1.00E-74 1.80E-41 2.52E-26 2.72E-17 2.46E-14 2.23E-13
 6.48E-13 1.80E-12 3.82E-12 6.01E-12 6.75E-12 6.62E-12
 1.00E-74 1.00E-74 1.00E-74 6.36E-42 8.89E-27 9.40E-18 8.46E-15 7.73E-14
 2.27E-13 6.46E-13 1.41E-12 2.36E-12 2.86E-12 2.94E-12
 1.00E-74 1.00E-74 1.00E-74 4.34E-42 5.38E-27 4.71E-18 3.76E-15 3.24E-14
 9.17E-14 2.48E-13 5.15E-13 8.12E-13 9.42E-13 9.55E-13
 1.00E-74 1.00E-74 1.00E-74 5.52E-42 6.77E-27 5.75E-18 4.30E-15 3.50E-14
 9.41E-14 2.33E-13 4.30E-13 6.02E-13 6.51E-13 6.43E-13
 1.00E-74 1.00E-74 1.00E-74 5.09E-42 7.04E-27 7.11E-18 5.72E-15 4.23E-14
 9.43E-14 1.65E-13 2.13E-13 2.34E-13 2.39E-13 2.37E-13
  1964.36    7  14 /pl=01:ss= 1:pb= 1:sz= 1/type=excit/ispb = t/isel =   27
 1.00E+10 1.00E+11 1.00E+12 1.00E+13 1.00E+14 1.00E+15 1.00E+16
 6.89E-02 1.03E-01 1.72E-01 3.45E-01 6.89E-01 1.72E+00 3.45E+00 5.17E+00
 6.89E+00 1.03E+01 1.72E+01 3.45E+01 6.89E+01 1.03E+02
 1.00E-74 1.00E-74 1.00E-74 1.00E-74 7.07E-40 3.56E-23 1.08E-17 6.68E-16
 5.02E-15 3.59E-14 1.57E-13 4.10E-13 5.62E-13 5.76E-13
 1.00E-74 1.00E-74 1.00E-74 1.00E-74 7.11E-40 3.58E-23 1.09E-17 6.70E-16
 5.04E-15 3.60E-14 1.57E-13 4.11E-13 5.63E-13 5.77E-13
 1.00E-74 1.00E-74 1.00E-74 1.00E-74 7.51E-40 3.72E-23 1.13E-17 6.92E-16
 5.20E-15 3.70E-14 1.61E-13 4.21E-13 5.74E-13 5.89E-13
 1.00E-74 1.00E-74 1.00E-74 1.00E-74 1.13E-39 5.14E-23 1.49E-17 9.01E-16
 6.69E-15 4.68E-14 2.00E-13 5.08E-13 6.79E-13 6.88E-13
 1.00E-74 1.00E-74 1.00E-74 1.00E-74 5.57E-39 1.85E-22 4.60E-17 2.58E-15
 1.84E-14 1.21E-13 4.88E-13 1.15E-12 1.45E-12 1.42E-12
 1.00E-74 1.00E-74 1.00E-74 1.00E-74 7.43E-38 1.98E-21 3.86E-16 1.89E-14
 1.21E-13 6.92E-13 2.37E-12 4.81E-12 5.62E-12 5.40E-12
 1.00E-74 1.00E-74 1.00E-74 1.00E-74 4.05E-37 1.51E-20 3.15E-15 1.37E-13
 7.14E-13 2.81E-12 6.57E-12 1.03E-11 1.15E-11 1.12E-11
  1980.59    7  14 /pl=01:ss= 1:pb= 1:sz= 1/type=excit/ispb = t/isel =   28
 1.00E+10 1.00E+11 1.00E+12 1.00E+13 1.00E+14 1.00E+15 1.00E+16
 6.89E-02 1.03E-01 1.72E-01 3.45E-01 6.89E-01 1.72E+00 3.45E+00 5.17E+00
 6.89E+00 1.03E+01 1.72E+01 3.45E+01 6.89E+01 1.03E+02
 1.00E-74 1.00E-74 1.00E-74 4.34E-42 1.48E-25 9.68E-16 1.49E-12 1.59E-11
 5.01E-11 1.51E-10 3.41E-10 5.66E-10 6.54E-10 6.52E-10
 1.00E-74 1.00E-74 1.00E-74 4.35E-42 1.48E-25 9.65E-16 1.49E-12 1.59E-11
 5.01E-11 1.51E-10 3.42E-10 5.67E-10 6.56E-10 6.53E-10
 1.00E-74 1.00E-74 1.00E-74 4.08E-42 1.36E-25 8.76E-16 1.35E-12 1.46E-11
 4.62E-11 1.40E-10 3.21E-10 5.40E-10 6.32E-10 6.33E-10
 1.00E-74 1.00E-74 1.00E-74 3.70E-42 1.15E-25 6.95E-16 1.05E-12 1.12E-11
 3.53E-11 1.06E-10 2.43E-10 4.08E-10 4.82E-10 4.87E-10
 1.00E-74 1.00E-74 1.00E-74 5.61E-42 1.70E-25 9.49E-16 1.36E-12 1.40E-11
 4.32E-11 1.26E-10 2.76E-10 4.39E-10 4.91E-10 4.81E-10
 1.00E-74 1.00E-74 1.00E-74 9.37E-42 3.09E-25 1.85E-15 2.64E-12 2.65E-11
 7.91E-11 2.17E-10 4.32E-10 6.34E-10 6.90E-10 6.75E-10
 1.00E-74 1.00E-74 1.00E-74 8.99E-42 3.41E-25 2.51E-15 3.90E-12 3.60E-11
 8.95E-11 1.74E-10 2.46E-10 2.89E-10 3.03E-10 3.04E-10
  2124.66    7  14 /pl=01:ss= 1:pb= 1:sz= 1/type=excit/ispb = t/isel =   29
 1.00E+10 1.00E+11 1.00E+12 1.00E+13 1.00E+14 1.00E+15 1.00E+16
 6.89E-02 1.03E-01 1.72E-01 3.45E-01 6.89E-01 1.72E+00 3.45E+00 5.17E+00
 6.89E+00 1.03E+01 1.72E+01 3.45E+01 6.89E+01 1.03E+02
 1.00E-74 1.00E-74 1.00E-74 3.25E-40 1.06E-24 1.76E-15 1.75E-12 1.62E-11
 4.73E-11 1.32E-10 2.77E-10 4.33E-10 4.80E-10 4.68E-10
 1.00E-74 1.00E-74 1.00E-74 3.55E-40 1.14E-24 1.85E-15 1.83E-12 1.68E-11
 4.90E-11 1.36E-10 2.84E-10 4.42E-10 4.88E-10 4.75E-10
 1.00E-74 1.00E-74 1.00E-74 5.95E-40 1.73E-24 2.58E-15 2.42E-12 2.17E-11
 6.22E-11 1.69E-10 3.45E-10 5.19E-10 5.58E-10 5.36E-10
 1.00E-74 1.00E-74 1.00E-74 2.01E-39 5.32E-24 6.96E-15 6.07E-12 5.24E-11
 1.47E-10 3.84E-10 7.51E-10 1.06E-09 1.07E-09 9.95E-10
 1.00E-74 1.00E-74 1.00E-74 6.44E-39 1.79E-23 2.36E-14 2.06E-11 1.78E-10
 5.00E-10 1.32E-09 2.60E-09 3.72E-09 3.82E-09 3.56E-09
 1.00E-74 1.00E-74 1.00E-74 1.09E-38 3.29E-23 4.75E-14 4.21E-11 3.62E-10
 9.98E-10 2.52E-09 4.73E-09 6.62E-09 7.07E-09 6.89E-09
 1.00E-74 1.00E-74 1.00E-74 1.03E-38 3.55E-23 6.22E-14 6.00E-11 4.73E-10
 1.08E-09 1.95E-09 2.58E-09 2.90E-09 2.97E-09 2.96E-09
  2194.77    7  14 /pl=01:ss= 1:pb= 1:sz= 1/type=excit/ispb = t/isel =   30
 1.00E+10 1.00E+11 1.00E+12 1.00E+13 1.00E+14 1.00E+15 1.00E+16
 6.89E-02 1.03E-01 1.72E-01 3.45E-01 6.89E-01 1.72E+00 3.45E+00 5.17E+00
 6.89E+00 1.03E+01 1.72E+01 3.45E+01 6.89E+01 1.03E+02
 1.00E-74 1.00E-74 1.00E-74 1.00E-74 2.11E-37 1.83E-21 3.29E-16 1.72E-14
 1.19E-13 7.80E-13 3.22E-12 8.10E-12 1.12E-11 1.18E-11
 1.00E-74 1.00E-74 1.00E-74 1.00E-74 2.12E-37 1.83E-21 3.29E-16 1.71E-14
 1.19E-13 7.79E-13 3.22E-12 8.09E-12 1.12E-11 1.18E-11
 1.00E-74 1.00E-74 1.00E-74 1.00E-74 2.15E-37 1.82E-21 3.25E-16 1.69E-14
 1.17E-13 7.67E-13 3.17E-12 7.98E-12 1.11E-11 1.16E-11
 1.00E-74 1.00E-74 1.00E-74 1.00E-74 2.34E-37 1.78E-21 3.02E-16 1.55E-14
 1.06E-13 6.92E-13 2.85E-12 7.21E-12 1.01E-11 1.07E-11
 1.00E-74 1.00E-74 1.00E-74 1.00E-74 2.91E-37 1.82E-21 2.73E-16 1.33E-14
 8.87E-14 5.57E-13 2.22E-12 5.44E-12 7.44E-12 7.78E-12
 1.00E-74 1.00E-74 1.00E-74 1.00E-74 6.27E-37 2.93E-21 3.30E-16 1.38E-14
 8.34E-14 4.58E-13 1.58E-12 3.43E-12 4.47E-12 4.63E-12
 1.00E-74 1.00E-74 1.00E-74 1.00E-74 1.32E-36 7.03E-21 7.51E-16 2.60E-14
 1.21E-13 4.29E-13 9.32E-13 1.41E-12 1.57E-12 1.56E-12
  2298.86    7  14 /pl=01:ss= 1:pb= 1:sz= 1/type=excit/ispb = t/isel =   31
 1.00E+10 1.00E+11 1.00E+12 1.00E+13 1.00E+14 1.00E+15 1.00E+16
 6.89E-02 1.03E-01 1.72E-01 3.45E-01 6.89E-01 1.72E+00 3.45E+00 5.17E+00
 6.89E+00 1.03E+01 1.72E+01 3.45E+01 6.89E+01 1.03E+02
 1.00E-74 1.00E-74 1.00E-74 1.00E-74 6.74E-37 1.53E-20 3.57E-15 2.01E-13
 1.45E-12 9.87E-12 4.18E-11 1.06E-10 1.45E-10 1.48E-10
 1.00E-74 1.00E-74 1.00E-74 1.00E-74 6.74E-37 1.52E-20 3.57E-15 2.01E-13
 1.45E-12 9.86E-12 4.18E-11 1.06E-10 1.44E-10 1.48E-10
 1.00E-74 1.00E-74 1.00E-74 1.00E-74 6.67E-37 1.51E-20 3.53E-15 1.99E-13
 1.44E-12 9.78E-12 4.15E-11 1.06E-10 1.44E-10 1.47E-10
 1.00E-74 1.00E-74 1.00E-74 1.00E-74 6.48E-37 1.43E-20 3.31E-15 1.87E-13
 1.34E-12 9.18E-12 3.91E-11 1.01E-10 1.39E-10 1.43E-10
 1.00E-74 1.00E-74 1.00E-74 1.00E-74 6.81E-37 1.21E-20 2.54E-15 1.39E-13
 9.83E-13 6.60E-12 2.79E-11 7.23E-11 1.02E-10 1.08E-10
 1.00E-74 1.00E-74 1.00E-74 1.00E-74 1.54E-36 1.95E-20 2.98E-15 1.38E-13
 8.73E-13 5.03E-12 1.80E-11 4.02E-11 5.31E-11 5.54E-11
 1.00E-74 1.00E-74 1.00E-74 1.00E-74 3.89E-36 6.48E-20 1.02E-14 4.02E-13
 2.00E-12 7.55E-12 1.71E-11 2.66E-11 2.97E-11 2.93E-11
  2313.45    7  14 /pl=01:ss= 1:pb= 1:sz= 1/type=excit/ispb = t/isel =   32
 1.00E+10 1.00E+11 1.00E+12 1.00E+13 1.00E+14 1.00E+15 1.00E+16
 6.89E-02 1.03E-01 1.72E-01 3.45E-01 6.89E-01 1.72E+00 3.45E+00 5.17E+00
 6.89E+00 1.03E+01 1.72E+01 3.45E+01 6.89E+01 1.03E+02
 1.00E-74 1.00E-74 1.00E-74 1.46E-40 1.36E-24 4.07E-15 4.86E-12 4.75E-11
 1.43E-10 4.07E-10 8.74E-10 1.39E-09 1.58E-09 1.57E-09
 1.00E-74 1.00E-74 1.00E-74 1.50E-40 1.40E-24 4.20E-15 5.00E-12 4.87E-11
 1.46E-10 4.17E-10 8.94E-10 1.42E-09 1.60E-09 1.59E-09
 1.00E-74 1.00E-74 1.00E-74 1.56E-40 1.46E-24 4.37E-15 5.23E-12 5.11E-11
 1.54E-10 4.39E-10 9.42E-10 1.49E-09 1.68E-09 1.67E-09
 1.00E-74 1.00E-74 1.00E-74 1.49E-40 1.34E-24 3.87E-15 4.61E-12 4.53E-11
 1.37E-10 3.94E-10 8.57E-10 1.39E-09 1.60E-09 1.60E-09
 1.00E-74 1.00E-74 1.00E-74 1.82E-40 1.53E-24 4.01E-15 4.48E-12 4.27E-11
 1.27E-10 3.56E-10 7.55E-10 1.18E-09 1.34E-09 1.32E-09
 1.00E-74 1.00E-74 1.00E-74 2.83E-40 2.54E-24 6.99E-15 7.67E-12 7.07E-11
 2.02E-10 5.30E-10 1.02E-09 1.46E-09 1.58E-09 1.54E-09
 1.00E-74 1.00E-74 1.00E-74 2.69E-40 2.77E-24 9.30E-15 1.11E-11 9.43E-11
 2.24E-10 4.19E-10 5.70E-10 6.53E-10 6.76E-10 6.76E-10
  2384.27    7  14 /pl=01:ss= 1:pb= 1:sz= 1/type=excit/ispb = t/isel =   33
 1.00E+10 1.00E+11 1.00E+12 1.00E+13 1.00E+14 1.00E+15 1.00E+16
 6.89E-02 1.03E-01 1.72E-01 3.45E-01 6.89E-01 1.72E+00 3.45E+00 5.17E+00
 6.89E+00 1.03E+01 1.72E+01 3.45E+01 6.89E+01 1.03E+02
 1.00E-74 1.00E-74 1.00E-74 1.32E-39 1.73E-24 1.77E-15 1.55E-12 1.38E-11
 3.96E-11 1.08E-10 2.23E-10 3.39E-10 3.68E-10 3.54E-10
 1.00E-74 1.00E-74 1.00E-74 1.25E-39 1.65E-24 1.71E-15 1.50E-12 1.34E-11
 3.84E-11 1.05E-10 2.18E-10 3.32E-10 3.62E-10 3.48E-10
 1.00E-74 1.00E-74 1.00E-74 8.16E-40 1.14E-24 1.24E-15 1.12E-12 1.01E-11
 2.94E-11 8.20E-11 1.73E-10 2.73E-10 3.07E-10 3.00E-10
 1.00E-74 1.00E-74 1.00E-74 2.89E-40 4.04E-25 4.27E-16 3.84E-13 3.51E-12
 1.03E-11 2.93E-11 6.42E-11 1.07E-10 1.30E-10 1.34E-10
 1.00E-74 1.00E-74 1.00E-74 1.97E-40 2.44E-25 2.14E-16 1.71E-13 1.47E-12
 4.17E-12 1.13E-11 2.34E-11 3.69E-11 4.28E-11 4.34E-11
 1.00E-74 1.00E-74 1.00E-74 2.51E-40 3.07E-25 2.61E-16 1.95E-13 1.59E-12
 4.28E-12 1.06E-11 1.95E-11 2.73E-11 2.96E-11 2.92E-11
 1.00E-74 1.00E-74 1.00E-74 2.31E-40 3.20E-25 3.23E-16 2.60E-13 1.92E-12
 4.28E-12 7.48E-12 9.66E-12 1.06E-11 1.08E-11 1.08E-11
  2416.52    7  14 /pl=01:ss= 1:pb= 1:sz= 1/type=excit/ispb = t/isel =   34
 1.00E+10 1.00E+11 1.00E+12 1.00E+13 1.00E+14 1.00E+15 1.00E+16
 6.89E-02 1.03E-01 1.72E-01 3.45E-01 6.89E-01 1.72E+00 3.45E+00 5.17E+00
 6.89E+00 1.03E+01 1.72E+01 3.45E+01 6.89E+01 1.03E+02
 1.00E-74 1.00E-74 1.00E-74 2.98E-41 2.61E-25 8.06E-16 9.89E-13 9.78E-12
 2.96E-11 8.54E-11 1.86E-10 3.00E-10 3.45E-10 3.46E-10
 1.00E-74 1.00E-74 1.00E-74 2.84E-41 2.40E-25 7.31E-16 9.00E-13 8.95E-12
 2.72E-11 7.90E-11 1.73E-10 2.83E-10 3.30E-10 3.33E-10
 1.00E-74 1.00E-74 1.00E-74 2.94E-41 2.24E-25 6.29E-16 7.54E-13 7.45E-12
 2.26E-11 6.57E-11 1.45E-10 2.39E-10 2.84E-10 2.89E-10
 1.00E-74 1.00E-74 1.00E-74 3.92E-41 2.72E-25 6.87E-16 7.88E-13 7.66E-12
 2.31E-11 6.64E-11 1.45E-10 2.36E-10 2.77E-10 2.80E-10
 1.00E-74 1.00E-74 1.00E-74 6.01E-41 3.72E-25 8.11E-16 8.58E-13 8.04E-12
 2.37E-11 6.63E-11 1.40E-10 2.21E-10 2.52E-10 2.52E-10
 1.00E-74 1.00E-74 1.00E-74 9.62E-41 6.21E-25 1.41E-15 1.45E-12 1.31E-11
 3.70E-11 9.60E-11 1.84E-10 2.62E-10 2.83E-10 2.77E-10
 1.00E-74 1.00E-74 1.00E-74 9.18E-41 6.78E-25 1.87E-15 2.09E-12 1.73E-11
 4.08E-11 7.53E-11 1.02E-10 1.16E-10 1.19E-10 1.19E-10
  3119.72    7  14 /pl=01:ss= 1:pb= 1:sz= 1/type=excit/ispb = t/isel =   35
 1.00E+10 1.00E+11 1.00E+12 1.00E+13 1.00E+14 1.00E+15 1.00E+16
 6.89E-02 1.03E-01 1.72E-01 3.45E-01 6.89E-01 1.72E+00 3.45E+00 5.17E+00
 6.89E+00 1.03E+01 1.72E+01 3.45E+01 6.89E+01 1.03E+02
 1.00E-74 1.00E-74 1.00E-74 2.34E-43 3.06E-28 3.14E-19 2.74E-16 2.44E-15
 7.01E-15 1.92E-14 3.95E-14 6.01E-14 6.51E-14 6.26E-14
 1.00E-74 1.00E-74 1.00E-74 2.21E-43 2.92E-28 3.02E-19 2.65E-16 2.36E-15
 6.80E-15 1.86E-14 3.85E-14 5.88E-14 6.40E-14 6.17E-14
 1.00E-74 1.00E-74 1.00E-74 1.45E-43 2.02E-28 2.19E-19 1.98E-16 1.79E-15
 5.21E-15 1.45E-14 3.07E-14 4.83E-14 5.43E-14 5.32E-14
 1.00E-74 1.00E-74 1.00E-74 5.11E-44 7.14E-29 7.56E-20 6.80E-17 6.22E-16
 1.83E-15 5.19E-15 1.14E-14 1.90E-14 2.30E-14 2.37E-14
 1.00E-74 1.00E-74 1.00E-74 3.49E-44 4.33E-29 3.79E-20 3.02E-17 2.60E-16
 7.38E-16 1.99E-15 4.14E-15 6.53E-15 7.58E-15 7.68E-15
 1.00E-74 1.00E-74 1.00E-74 4.43E-44 5.44E-29 4.62E-20 3.46E-17 2.81E-16
 7.57E-16 1.87E-15 3.46E-15 4.84E-15 5.24E-15 5.17E-15
 1.00E-74 1.00E-74 1.00E-74 4.09E-44 5.66E-29 5.72E-20 4.60E-17 3.40E-16
 7.58E-16 1.32E-15 1.71E-15 1.88E-15 1.92E-15 1.91E-15
  3483.45    7  14 /pl=01:ss= 1:pb= 1:sz= 1/type=excit/ispb = t/isel =   36
 1.00E+10 1.00E+11 1.00E+12 1.00E+13 1.00E+14 1.00E+15 1.00E+16
 6.89E-02 1.03E-01 1.72E-01 3.45E-01 6.89E-01 1.72E+00 3.45E+00 5.17E+00
 6.89E+00 1.03E+01 1.72E+01 3.45E+01 6.89E+01 1.03E+02
 1.00E-74 1.00E-74 1.00E-74 1.06E-37 7.28E-23 4.55E-14 3.24E-11 2.66E-10
 7.36E-10 1.93E-09 3.92E-09 5.96E-09 6.70E-09 6.68E-09
 1.00E-74 1.00E-74 1.00E-74 1.07E-37 7.30E-23 4.57E-14 3.25E-11 2.67E-10
 7.38E-10 1.94E-09 3.93E-09 5.97E-09 6.71E-09 6.69E-09
 1.00E-74 1.00E-74 1.00E-74 1.08E-37 7.45E-23 4.67E-14 3.33E-11 2.74E-10
 7.56E-10 1.98E-09 4.01E-09 6.08E-09 6.81E-09 6.77E-09
 1.00E-74 1.00E-74 1.00E-74 1.14E-37 7.77E-23 4.84E-14 3.45E-11 2.84E-10
 7.86E-10 2.07E-09 4.18E-09 6.33E-09 7.07E-09 7.01E-09
 1.00E-74 1.00E-74 1.00E-74 1.32E-37 8.61E-23 5.04E-14 3.48E-11 2.84E-10
 7.81E-10 2.04E-09 4.10E-09 6.21E-09 6.96E-09 6.92E-09
 1.00E-74 1.00E-74 1.00E-74 1.73E-37 1.15E-22 6.80E-14 4.51E-11 3.53E-10
 9.30E-10 2.26E-09 4.10E-09 5.68E-09 6.12E-09 6.04E-09
 1.00E-74 1.00E-74 1.00E-74 1.60E-37 1.21E-22 8.50E-14 6.05E-11 4.31E-10
 9.40E-10 1.61E-09 2.05E-09 2.23E-09 2.26E-09 2.24E-09
  3498.14    7  14 /pl=01:ss= 1:pb= 1:sz= 1/type=excit/ispb = t/isel =   37
 1.00E+10 1.00E+11 1.00E+12 1.00E+13 1.00E+14 1.00E+15 1.00E+16
 6.89E-02 1.03E-01 1.72E-01 3.45E-01 6.89E-01 1.72E+00 3.45E+00 5.17E+00
 6.89E+00 1.03E+01 1.72E+01 3.45E+01 6.89E+01 1.03E+02
 1.00E-74 1.00E-74 1.00E-74 1.00E-74 4.00E-35 1.81E-19 2.48E-14 1.17E-12
 7.73E-12 4.81E-11 1.90E-10 4.60E-10 6.09E-10 6.18E-10
 1.00E-74 1.00E-74 1.00E-74 1.00E-74 4.00E-35 1.81E-19 2.48E-14 1.17E-12
 7.73E-12 4.81E-11 1.90E-10 4.60E-10 6.10E-10 6.19E-10
 1.00E-74 1.00E-74 1.00E-74 1.00E-74 4.00E-35 1.82E-19 2.48E-14 1.17E-12
 7.75E-12 4.82E-11 1.90E-10 4.61E-10 6.11E-10 6.19E-10
 1.00E-74 1.00E-74 1.00E-74 1.00E-74 4.01E-35 1.83E-19 2.51E-14 1.19E-12
 7.85E-12 4.88E-11 1.93E-10 4.67E-10 6.18E-10 6.28E-10
 1.00E-74 1.00E-74 1.00E-74 1.00E-74 4.56E-35 1.93E-19 2.58E-14 1.21E-12
 7.98E-12 4.94E-11 1.95E-10 4.71E-10 6.29E-10 6.43E-10
 1.00E-74 1.00E-74 1.00E-74 1.00E-74 9.68E-35 3.11E-19 3.18E-14 1.30E-12
 7.79E-12 4.28E-11 1.48E-10 3.28E-10 4.34E-10 4.53E-10
 1.00E-74 1.00E-74 1.00E-74 1.00E-74 2.03E-34 7.21E-19 6.78E-14 2.25E-12
 1.03E-11 3.58E-11 7.71E-11 1.17E-10 1.31E-10 1.32E-10
  4071.79    7  14 /pl=01:ss= 1:pb= 1:sz= 1/type=excit/ispb = t/isel =   38
 1.00E+10 1.00E+11 1.00E+12 1.00E+13 1.00E+14 1.00E+15 1.00E+16
 6.89E-02 1.03E-01 1.72E-01 3.45E-01 6.89E-01 1.72E+00 3.45E+00 5.17E+00
 6.89E+00 1.03E+01 1.72E+01 3.45E+01 6.89E+01 1.03E+02
 1.00E-74 1.00E-74 1.00E-74 3.67E-38 1.60E-23 9.86E-15 7.54E-12 6.44E-11
 1.82E-10 4.90E-10 1.01E-09 1.56E-09 1.76E-09 1.75E-09
 1.00E-74 1.00E-74 1.00E-74 3.66E-38 1.59E-23 9.70E-15 7.41E-12 6.34E-11
 1.79E-10 4.83E-10 9.95E-10 1.55E-09 1.75E-09 1.73E-09
 1.00E-74 1.00E-74 1.00E-74 3.64E-38 1.50E-23 8.69E-15 6.53E-12 5.58E-11
 1.58E-10 4.28E-10 8.89E-10 1.40E-09 1.61E-09 1.62E-09
 1.00E-74 1.00E-74 1.00E-74 4.10E-38 1.51E-23 7.37E-15 5.08E-12 4.20E-11
 1.17E-10 3.13E-10 6.47E-10 1.03E-09 1.21E-09 1.24E-09
 1.00E-74 1.00E-74 1.00E-74 6.60E-38 2.25E-23 9.19E-15 5.68E-12 4.48E-11
 1.21E-10 3.13E-10 6.25E-10 9.56E-10 1.09E-09 1.09E-09
 1.00E-74 1.00E-74 1.00E-74 1.10E-37 3.55E-23 1.36E-14 7.86E-12 5.87E-11
 1.51E-10 3.59E-10 6.42E-10 8.82E-10 9.51E-10 9.41E-10
 1.00E-74 1.00E-74 1.00E-74 1.05E-37 3.79E-23 1.71E-14 1.05E-11 7.12E-11
 1.52E-10 2.53E-10 3.16E-10 3.39E-10 3.41E-10 3.39E-10
  4162.94    7  14 /pl=01:ss= 1:pb= 1:sz= 1/type=excit/ispb = t/isel =   39
 1.00E+10 1.00E+11 1.00E+12 1.00E+13 1.00E+14 1.00E+15 1.00E+16
 6.89E-02 1.03E-01 1.72E-01 3.45E-01 6.89E-01 1.72E+00 3.45E+00 5.17E+00
 6.89E+00 1.03E+01 1.72E+01 3.45E+01 6.89E+01 1.03E+02
 1.00E-74 1.00E-74 1.00E-74 3.53E-44 1.79E-27 1.47E-17 2.47E-14 2.69E-13
 8.56E-13 2.58E-12 5.78E-12 9.42E-12 1.06E-11 1.03E-11
 1.00E-74 1.00E-74 1.00E-74 4.57E-44 2.25E-27 1.80E-17 2.96E-14 3.20E-13
 1.01E-12 3.02E-12 6.67E-12 1.07E-11 1.18E-11 1.14E-11
 1.00E-74 1.00E-74 1.00E-74 1.17E-43 5.37E-27 4.09E-17 6.51E-14 6.90E-13
 2.15E-12 6.31E-12 1.36E-11 2.08E-11 2.19E-11 2.05E-11
 1.00E-74 1.00E-74 1.00E-74 2.85E-43 1.28E-26 9.52E-17 1.51E-13 1.62E-12
 5.09E-12 1.52E-11 3.35E-11 5.30E-11 5.78E-11 5.52E-11
 1.00E-74 1.00E-74 1.00E-74 5.50E-43 2.48E-26 1.75E-16 2.71E-13 2.86E-12
 8.91E-12 2.63E-11 5.75E-11 9.11E-11 1.01E-10 9.78E-11
 1.00E-74 1.00E-74 1.00E-74 9.39E-43 4.63E-26 3.53E-16 5.45E-13 5.62E-12
 1.70E-11 4.71E-11 9.50E-11 1.40E-10 1.53E-10 1.50E-10
 1.00E-74 1.00E-74 1.00E-74 9.02E-43 5.12E-26 4.79E-16 8.08E-13 7.66E-12
 1.93E-11 3.81E-11 5.43E-11 6.44E-11 6.77E-11 6.81E-11
  4572.33    7  14 /pl=01:ss= 1:pb= 1:sz= 1/type=excit/ispb = t/isel =   40
 1.00E+10 1.00E+11 1.00E+12 1.00E+13 1.00E+14 1.00E+15 1.00E+16
 6.89E-02 1.03E-01 1.72E-01 3.45E-01 6.89E-01 1.72E+00 3.45E+00 5.17E+00
 6.89E+00 1.03E+01 1.72E+01 3.45E+01 6.89E+01 1.03E+02
 1.00E-74 1.00E-74 1.00E-74 5.10E-33 1.99E-20 6.12E-13 1.83E-10 1.18E-09
 2.93E-09 6.97E-09 1.30E-08 1.85E-08 1.96E-08 1.89E-08
 1.00E-74 1.00E-74 1.00E-74 5.09E-33 1.99E-20 6.12E-13 1.83E-10 1.18E-09
 2.93E-09 6.96E-09 1.30E-08 1.85E-08 1.96E-08 1.89E-08
 1.00E-74 1.00E-74 1.00E-74 5.01E-33 1.97E-20 6.06E-13 1.82E-10 1.17E-09
 2.90E-09 6.90E-09 1.29E-08 1.83E-08 1.95E-08 1.88E-08
 1.00E-74 1.00E-74 1.00E-74 4.35E-33 1.77E-20 5.58E-13 1.67E-10 1.08E-09
 2.66E-09 6.31E-09 1.18E-08 1.69E-08 1.81E-08 1.75E-08
 1.00E-74 1.00E-74 1.00E-74 2.53E-33 1.09E-20 3.61E-13 1.07E-10 6.80E-10
 1.67E-09 3.94E-09 7.38E-09 1.08E-08 1.20E-08 1.19E-08
 1.00E-74 1.00E-74 1.00E-74 1.67E-33 6.85E-21 2.16E-13 5.84E-11 3.47E-10
 8.02E-10 1.72E-09 2.89E-09 3.87E-09 4.25E-09 4.30E-09
 1.00E-74 1.00E-74 1.00E-74 1.23E-33 5.40E-21 1.78E-13 4.67E-11 2.40E-10
 4.46E-10 6.52E-10 7.35E-10 7.40E-10 7.31E-10 7.29E-10
  4920.46    7  14 /pl=01:ss= 1:pb= 1:sz= 1/type=excit/ispb = t/isel =   41
 1.00E+10 1.00E+11 1.00E+12 1.00E+13 1.00E+14 1.00E+15 1.00E+16
 6.89E-02 1.03E-01 1.72E-01 3.45E-01 6.89E-01 1.72E+00 3.45E+00 5.17E+00
 6.89E+00 1.03E+01 1.72E+01 3.45E+01 6.89E+01 1.03E+02
 1.00E-74 1.00E-74 1.00E-74 1.01E-42 1.33E-26 5.04E-17 6.56E-14 6.60E-13
 2.01E-12 5.82E-12 1.26E-11 1.98E-11 2.15E-11 2.07E-11
 1.00E-74 1.00E-74 1.00E-74 6.81E-43 9.38E-27 3.73E-17 5.01E-14 5.13E-13
 1.59E-12 4.68E-12 1.04E-11 1.67E-11 1.88E-11 1.83E-11
 1.00E-74 1.00E-74 1.00E-74 2.14E-43 3.01E-27 1.24E-17 1.74E-14 1.84E-13
 5.80E-13 1.77E-12 4.12E-12 7.20E-12 8.80E-12 9.05E-12
 1.00E-74 1.00E-74 1.00E-74 9.54E-44 1.20E-27 4.38E-18 5.74E-15 5.87E-14
 1.82E-13 5.42E-13 1.23E-12 2.10E-12 2.55E-12 2.63E-12
 1.00E-74 1.00E-74 1.00E-74 1.05E-43 1.20E-27 3.78E-18 4.52E-15 4.40E-14
 1.32E-13 3.77E-13 8.09E-13 1.29E-12 1.47E-12 1.46E-12
 1.00E-74 1.00E-74 1.00E-74 1.62E-43 1.96E-27 6.45E-18 7.52E-15 7.07E-14
 2.04E-13 5.41E-13 1.05E-12 1.52E-12 1.64E-12 1.61E-12
 1.00E-74 1.00E-74 1.00E-74 1.54E-43 2.13E-27 8.57E-18 1.09E-14 9.41E-14
 2.26E-13 4.26E-13 5.85E-13 6.73E-13 6.99E-13 7.00E-13
  5392.11    7  14 /pl=01:ss= 1:pb= 1:sz= 1/type=excit/ispb = t/isel =   42
 1.00E+10 1.00E+11 1.00E+12 1.00E+13 1.00E+14 1.00E+15 1.00E+16
 6.89E-02 1.03E-01 1.72E-01 3.45E-01 6.89E-01 1.72E+00 3.45E+00 5.17E+00
 6.89E+00 1.03E+01 1.72E+01 3.45E+01 6.89E+01 1.03E+02
 1.00E-74 1.00E-74 1.00E-74 1.64E-43 3.20E-27 1.51E-17 2.09E-14 2.14E-13
 6.60E-13 1.93E-12 4.25E-12 6.82E-12 7.65E-12 7.47E-12
 1.00E-74 1.00E-74 1.00E-74 2.11E-43 3.94E-27 1.77E-17 2.39E-14 2.42E-13
 7.40E-13 2.14E-12 4.64E-12 7.32E-12 8.10E-12 7.85E-12
 1.00E-74 1.00E-74 1.00E-74 4.41E-43 7.69E-27 3.22E-17 4.17E-14 4.12E-13
 1.24E-12 3.50E-12 7.32E-12 1.10E-11 1.16E-11 1.09E-11
 1.00E-74 1.00E-74 1.00E-74 1.29E-42 2.18E-26 8.83E-17 1.14E-13 1.12E-12
 3.38E-12 9.55E-12 2.00E-11 2.98E-11 3.09E-11 2.88E-11
 1.00E-74 1.00E-74 1.00E-74 2.59E-42 4.41E-26 1.73E-16 2.20E-13 2.17E-12
 6.55E-12 1.86E-11 3.95E-11 6.10E-11 6.65E-11 6.41E-11
 1.00E-74 1.00E-74 1.00E-74 4.31E-42 7.95E-26 3.37E-16 4.27E-13 4.13E-12
 1.21E-11 3.24E-11 6.36E-11 9.20E-11 9.94E-11 9.71E-11
 1.00E-74 1.00E-74 1.00E-74 4.12E-42 8.75E-26 4.53E-16 6.28E-13 5.58E-12
 1.36E-11 2.60E-11 3.60E-11 4.19E-11 4.36E-11 4.37E-11
  5414.54    7  14 /pl=01:ss= 1:pb= 1:sz= 1/type=excit/ispb = t/isel =   43
 1.00E+10 1.00E+11 1.00E+12 1.00E+13 1.00E+14 1.00E+15 1.00E+16
 6.89E-02 1.03E-01 1.72E-01 3.45E-01 6.89E-01 1.72E+00 3.45E+00 5.17E+00
 6.89E+00 1.03E+01 1.72E+01 3.45E+01 6.89E+01 1.03E+02
 1.00E-74 1.00E-74 1.00E-74 1.00E-74 3.60E-40 1.81E-23 5.51E-18 3.39E-16
 2.55E-15 1.82E-14 7.96E-14 2.09E-13 2.85E-13 2.93E-13
 1.00E-74 1.00E-74 1.00E-74 1.00E-74 3.62E-40 1.82E-23 5.53E-18 3.41E-16
 2.56E-15 1.83E-14 7.98E-14 2.09E-13 2.86E-13 2.93E-13
 1.00E-74 1.00E-74 1.00E-74 1.00E-74 3.82E-40 1.89E-23 5.73E-18 3.52E-16
 2.64E-15 1.88E-14 8.20E-14 2.14E-13 2.92E-13 2.99E-13
 1.00E-74 1.00E-74 1.00E-74 1.00E-74 5.76E-40 2.61E-23 7.59E-18 4.58E-16
 3.40E-15 2.38E-14 1.02E-13 2.58E-13 3.45E-13 3.50E-13
 1.00E-74 1.00E-74 1.00E-74 1.00E-74 2.83E-39 9.42E-23 2.34E-17 1.31E-15
 9.33E-15 6.16E-14 2.48E-13 5.85E-13 7.35E-13 7.20E-13
 1.00E-74 1.00E-74 1.00E-74 1.00E-74 3.78E-38 1.01E-21 1.96E-16 9.59E-15
 6.16E-14 3.52E-13 1.20E-12 2.44E-12 2.86E-12 2.75E-12
 1.00E-74 1.00E-74 1.00E-74 1.00E-74 2.06E-37 7.66E-21 1.60E-15 6.95E-14
 3.63E-13 1.43E-12 3.34E-12 5.26E-12 5.82E-12 5.71E-12
  5424.20    7  14 /pl=01:ss= 1:pb= 1:sz= 1/type=excit/ispb = t/isel =   44
 1.00E+10 1.00E+11 1.00E+12 1.00E+13 1.00E+14 1.00E+15 1.00E+16
 6.89E-02 1.03E-01 1.72E-01 3.45E-01 6.89E-01 1.72E+00 3.45E+00 5.17E+00
 6.89E+00 1.03E+01 1.72E+01 3.45E+01 6.89E+01 1.03E+02
 1.00E-74 1.00E-74 1.00E-74 2.15E-42 7.35E-26 4.79E-16 7.37E-13 7.87E-12
 2.48E-11 7.46E-11 1.69E-10 2.80E-10 3.24E-10 3.23E-10
 1.00E-74 1.00E-74 1.00E-74 2.16E-42 7.33E-26 4.78E-16 7.36E-13 7.87E-12
 2.48E-11 7.47E-11 1.70E-10 2.81E-10 3.25E-10 3.24E-10
 1.00E-74 1.00E-74 1.00E-74 2.02E-42 6.72E-26 4.34E-16 6.71E-13 7.22E-12
 2.29E-11 6.94E-11 1.59E-10 2.67E-10 3.13E-10 3.14E-10
 1.00E-74 1.00E-74 1.00E-74 1.83E-42 5.69E-26 3.44E-16 5.20E-13 5.54E-12
 1.75E-11 5.27E-11 1.20E-10 2.02E-10 2.39E-10 2.41E-10
 1.00E-74 1.00E-74 1.00E-74 2.78E-42 8.43E-26 4.70E-16 6.73E-13 6.95E-12
 2.14E-11 6.26E-11 1.37E-10 2.17E-10 2.43E-10 2.38E-10
 1.00E-74 1.00E-74 1.00E-74 4.64E-42 1.53E-25 9.19E-16 1.31E-12 1.31E-11
 3.92E-11 1.07E-10 2.14E-10 3.14E-10 3.42E-10 3.34E-10
 1.00E-74 1.00E-74 1.00E-74 4.45E-42 1.69E-25 1.24E-15 1.93E-12 1.78E-11
 4.43E-11 8.64E-11 1.22E-10 1.43E-10 1.50E-10 1.51E-10
  5963.78    7  14 /pl=01:ss= 1:pb= 1:sz= 1/type=excit/ispb = t/isel =   45
 1.00E+10 1.00E+11 1.00E+12 1.00E+13 1.00E+14 1.00E+15 1.00E+16
 6.89E-02 1.03E-01 1.72E-01 3.45E-01 6.89E-01 1.72E+00 3.45E+00 5.17E+00
 6.89E+00 1.03E+01 1.72E+01 3.45E+01 6.89E+01 1.03E+02
 1.00E-74 1.00E-74 1.00E-74 1.00E-74 2.11E-40 5.85E-24 1.46E-18 8.43E-17
 6.15E-16 4.23E-15 1.82E-14 4.75E-14 6.84E-14 7.41E-14
 1.00E-74 1.00E-74 1.00E-74 1.00E-74 2.13E-40 5.89E-24 1.47E-18 8.46E-17
 6.17E-16 4.24E-15 1.82E-14 4.75E-14 6.83E-14 7.39E-14
 1.00E-74 1.00E-74 1.00E-74 1.00E-74 2.29E-40 6.17E-24 1.51E-18 8.66E-17
 6.28E-16 4.29E-15 1.83E-14 4.73E-14 6.73E-14 7.24E-14
 1.00E-74 1.00E-74 1.00E-74 1.00E-74 2.49E-40 6.40E-24 1.53E-18 8.66E-17
 6.22E-16 4.22E-15 1.78E-14 4.51E-14 6.24E-14 6.54E-14
 1.00E-74 1.00E-74 1.00E-74 1.00E-74 2.71E-40 5.62E-24 1.22E-18 6.63E-17
 4.68E-16 3.11E-15 1.29E-14 3.27E-14 4.53E-14 4.74E-14
 1.00E-74 1.00E-74 1.00E-74 1.00E-74 6.24E-40 9.36E-24 1.50E-18 6.96E-17
 4.40E-16 2.52E-15 8.88E-15 1.94E-14 2.50E-14 2.56E-14
 1.00E-74 1.00E-74 1.00E-74 1.00E-74 1.60E-39 3.25E-23 5.45E-18 2.19E-16
 1.10E-15 4.20E-15 9.58E-15 1.49E-14 1.66E-14 1.63E-14
  6182.27    7  14 /pl=01:ss= 1:pb= 1:sz= 1/type=excit/ispb = t/isel =   46
 1.00E+10 1.00E+11 1.00E+12 1.00E+13 1.00E+14 1.00E+15 1.00E+16
 6.89E-02 1.03E-01 1.72E-01 3.45E-01 6.89E-01 1.72E+00 3.45E+00 5.17E+00
 6.89E+00 1.03E+01 1.72E+01 3.45E+01 6.89E+01 1.03E+02
 1.00E-74 1.00E-74 1.00E-74 3.79E-45 4.98E-29 1.88E-19 2.45E-16 2.46E-15
 7.52E-15 2.18E-14 4.71E-14 7.38E-14 8.05E-14 7.73E-14
 1.00E-74 1.00E-74 1.00E-74 2.54E-45 3.51E-29 1.39E-19 1.87E-16 1.92E-15
 5.93E-15 1.75E-14 3.87E-14 6.26E-14 7.02E-14 6.85E-14
 1.00E-74 1.00E-74 1.00E-74 7.98E-46 1.12E-29 4.65E-20 6.51E-17 6.86E-16
 2.17E-15 6.62E-15 1.54E-14 2.69E-14 3.29E-14 3.38E-14
 1.00E-74 1.00E-74 1.00E-74 3.56E-46 4.48E-30 1.64E-20 2.14E-17 2.19E-16
 6.80E-16 2.03E-15 4.59E-15 7.84E-15 9.52E-15 9.83E-15
 1.00E-74 1.00E-74 1.00E-74 3.93E-46 4.49E-30 1.41E-20 1.69E-17 1.65E-16
 4.94E-16 1.41E-15 3.02E-15 4.81E-15 5.48E-15 5.46E-15
 1.00E-74 1.00E-74 1.00E-74 6.05E-46 7.31E-30 2.41E-20 2.81E-17 2.64E-16
 7.63E-16 2.02E-15 3.93E-15 5.67E-15 6.14E-15 6.01E-15
 1.00E-74 1.00E-74 1.00E-74 5.75E-46 7.97E-30 3.20E-20 4.07E-17 3.51E-16
 8.44E-16 1.59E-15 2.18E-15 2.52E-15 2.61E-15 2.62E-15
  7512.47    7  14 /pl=01:ss= 1:pb= 1:sz= 1/type=excit/ispb = t/isel =   47
 1.00E+10 1.00E+11 1.00E+12 1.00E+13 1.00E+14 1.00E+15 1.00E+16
 6.89E-02 1.03E-01 1.72E-01 3.45E-01 6.89E-01 1.72E+00 3.45E+00 5.17E+00
 6.89E+00 1.03E+01 1.72E+01 3.45E+01 6.89E+01 1.03E+02
 1.00E-74 1.00E-74 1.00E-74 1.80E-43 6.13E-27 4.00E-17 6.15E-14 6.57E-13
 2.07E-12 6.23E-12 1.41E-11 2.34E-11 2.71E-11 2.70E-11
 1.00E-74 1.00E-74 1.00E-74 1.80E-43 6.12E-27 3.99E-17 6.14E-14 6.57E-13
 2.07E-12 6.24E-12 1.42E-11 2.35E-11 2.71E-11 2.70E-11
 1.00E-74 1.00E-74 1.00E-74 1.69E-43 5.61E-27 3.62E-17 5.60E-14 6.02E-13
 1.91E-12 5.79E-12 1.33E-11 2.23E-11 2.61E-11 2.62E-11
 1.00E-74 1.00E-74 1.00E-74 1.53E-43 4.75E-27 2.88E-17 4.34E-14 4.63E-13
 1.46E-12 4.40E-12 1.00E-11 1.69E-11 1.99E-11 2.02E-11
 1.00E-74 1.00E-74 1.00E-74 2.32E-43 7.04E-27 3.93E-17 5.62E-14 5.80E-13
 1.79E-12 5.22E-12 1.14E-11 1.81E-11 2.03E-11 1.99E-11
 1.00E-74 1.00E-74 1.00E-74 3.88E-43 1.28E-26 7.67E-17 1.09E-13 1.10E-12
 3.27E-12 8.96E-12 1.79E-11 2.62E-11 2.85E-11 2.79E-11
 1.00E-74 1.00E-74 1.00E-74 3.72E-43 1.41E-26 1.04E-16 1.61E-13 1.49E-12
 3.70E-12 7.21E-12 1.02E-11 1.20E-11 1.25E-11 1.26E-11
  7619.34    7  14 /pl=01:ss= 1:pb= 1:sz= 1/type=excit/ispb = t/isel =   48
 1.00E+10 1.00E+11 1.00E+12 1.00E+13 1.00E+14 1.00E+15 1.00E+16
 6.89E-02 1.03E-01 1.72E-01 3.45E-01 6.89E-01 1.72E+00 3.45E+00 5.17E+00
 6.89E+00 1.03E+01 1.72E+01 3.45E+01 6.89E+01 1.03E+02
 1.00E-74 1.00E-74 1.00E-74 1.00E-74 2.46E-34 6.46E-20 4.49E-15 1.81E-13
 1.11E-12 6.55E-12 2.49E-11 5.89E-11 7.83E-11 8.05E-11
 1.00E-74 1.00E-74 1.00E-74 1.00E-74 2.47E-34 6.46E-20 4.49E-15 1.81E-13
 1.11E-12 6.55E-12 2.49E-11 5.89E-11 7.83E-11 8.05E-11
 1.00E-74 1.00E-74 1.00E-74 1.00E-74 2.49E-34 6.49E-20 4.50E-15 1.81E-13
 1.11E-12 6.54E-12 2.48E-11 5.88E-11 7.82E-11 8.04E-11
 1.00E-74 1.00E-74 1.00E-74 1.00E-74 2.69E-34 6.74E-20 4.55E-15 1.81E-13
 1.11E-12 6.50E-12 2.46E-11 5.82E-11 7.75E-11 7.98E-11
 1.00E-74 1.00E-74 1.00E-74 1.00E-74 4.12E-34 8.62E-20 4.91E-15 1.82E-13
 1.07E-12 6.03E-12 2.21E-11 5.15E-11 6.88E-11 7.14E-11
 1.00E-74 1.00E-74 1.00E-74 1.00E-74 7.52E-34 1.39E-19 6.02E-15 1.86E-13
 9.71E-13 4.63E-12 1.43E-11 2.87E-11 3.63E-11 3.75E-11
 1.00E-74 1.00E-74 1.00E-74 1.00E-74 1.25E-33 2.24E-19 8.29E-15 2.03E-13
 8.00E-13 2.41E-12 4.67E-12 6.62E-12 7.30E-12 7.32E-12
  8951.51    7  14 /pl=01:ss= 1:pb= 1:sz= 1/type=excit/ispb = t/isel =   49
 1.00E+10 1.00E+11 1.00E+12 1.00E+13 1.00E+14 1.00E+15 1.00E+16
 6.89E-02 1.03E-01 1.72E-01 3.45E-01 6.89E-01 1.72E+00 3.45E+00 5.17E+00
 6.89E+00 1.03E+01 1.72E+01 3.45E+01 6.89E+01 1.03E+02
 1.00E-74 1.00E-74 1.00E-74 7.97E-41 7.43E-25 2.22E-15 2.65E-12 2.58E-11
 7.76E-11 2.22E-10 4.76E-10 7.59E-10 8.60E-10 8.56E-10
 1.00E-74 1.00E-74 1.00E-74 8.18E-41 7.64E-25 2.28E-15 2.72E-12 2.65E-11
 7.96E-11 2.27E-10 4.87E-10 7.73E-10 8.73E-10 8.66E-10
 1.00E-74 1.00E-74 1.00E-74 8.48E-41 7.93E-25 2.38E-15 2.85E-12 2.78E-11
 8.36E-11 2.39E-10 5.13E-10 8.14E-10 9.17E-10 9.07E-10
 1.00E-74 1.00E-74 1.00E-74 8.11E-41 7.27E-25 2.11E-15 2.51E-12 2.46E-11
 7.44E-11 2.15E-10 4.67E-10 7.55E-10 8.69E-10 8.70E-10
 1.00E-74 1.00E-74 1.00E-74 9.91E-41 8.35E-25 2.18E-15 2.44E-12 2.33E-11
 6.90E-11 1.94E-10 4.11E-10 6.45E-10 7.27E-10 7.21E-10
 1.00E-74 1.00E-74 1.00E-74 1.54E-40 1.38E-24 3.80E-15 4.18E-12 3.85E-11
 1.10E-10 2.89E-10 5.57E-10 7.97E-10 8.60E-10 8.41E-10
 1.00E-74 1.00E-74 1.00E-74 1.47E-40 1.51E-24 5.07E-15 6.07E-12 5.14E-11
 1.22E-10 2.28E-10 3.10E-10 3.55E-10 3.68E-10 3.68E-10
  9040.37    7  14 /pl=01:ss= 1:pb= 1:sz= 1/type=excit/ispb = t/isel =   50
 1.00E+10 1.00E+11 1.00E+12 1.00E+13 1.00E+14 1.00E+15 1.00E+16
 6.89E-02 1.03E-01 1.72E-01 3.45E-01 6.89E-01 1.72E+00 3.45E+00 5.17E+00
 6.89E+00 1.03E+01 1.72E+01 3.45E+01 6.89E+01 1.03E+02
 1.00E-74 1.00E-74 1.00E-74 1.00E-74 3.86E-37 8.74E-21 2.04E-15 1.15E-13
 8.30E-13 5.65E-12 2.39E-11 6.09E-11 8.27E-11 8.44E-11
 1.00E-74 1.00E-74 1.00E-74 1.00E-74 3.85E-37 8.73E-21 2.04E-15 1.15E-13
 8.29E-13 5.64E-12 2.39E-11 6.08E-11 8.27E-11 8.44E-11
 1.00E-74 1.00E-74 1.00E-74 1.00E-74 3.82E-37 8.63E-21 2.02E-15 1.14E-13
 8.22E-13 5.60E-12 2.38E-11 6.05E-11 8.24E-11 8.43E-11
 1.00E-74 1.00E-74 1.00E-74 1.00E-74 3.71E-37 8.15E-21 1.89E-15 1.07E-13
 7.69E-13 5.25E-12 2.24E-11 5.76E-11 7.94E-11 8.19E-11
 1.00E-74 1.00E-74 1.00E-74 1.00E-74 3.90E-37 6.91E-21 1.45E-15 7.94E-14
 5.63E-13 3.78E-12 1.60E-11 4.13E-11 5.85E-11 6.18E-11
 1.00E-74 1.00E-74 1.00E-74 1.00E-74 8.83E-37 1.11E-20 1.71E-15 7.88E-14
 5.00E-13 2.88E-12 1.03E-11 2.30E-11 3.04E-11 3.17E-11
 1.00E-74 1.00E-74 1.00E-74 1.00E-74 2.23E-36 3.71E-20 5.84E-15 2.30E-13
 1.15E-12 4.32E-12 9.80E-12 1.52E-11 1.70E-11 1.68E-11
c-------------------------------------------------------------------------------
 
C  root partition information
C  ==========================
C
C  nuclear charge : 18
C  ion charge+1   :  2
C
C  population calculation information
C  ----------------------------------
C
C  population processing code: adas810
C
C  adf04 source file    : adf04_copmm#18_ca_40#ar1_t3.dat
C  adf18/a17_p208 file  : NULL
C
C  meta. ion. coeff. selector  : 
 
C  options  : lnorm =T  lpsel =F  lzsel =T  liosel=F
C           : lhsel =F  lrsel =F  lisel =F  lnsel =F
 
C  energy levels
C  -------------
C
C   lv      configuration    (2S+1)L(w-1/2)      energy (cm^-1)
C  ---   ------------------- --------------      --------------
c    1   24555                  (0)0(  2.5)             0.0
c    2   24545517               (0)0( 14.5)        141242.8
c    3   14565                  (0)0(  0.5)        150822.9
c    4   24545516               (0)0( 74.5)        153226.1
c    5   24545518               (0)0( 44.5)        163113.5
c    6   2454551B               (0)0( 14.5)        187672.7
c    7   24545519               (0)0( 74.5)        191820.7
c    8   2454551C               (0)0( 44.5)        195167.7
c    9   2454551A               (0)0(104.0)        200292.4
c   10   2454551G               (0)0( 14.5)        204495.4
c   11   2454551D               (0)0( 74.5)        206339.0
c   12   2454551H               (0)0( 44.5)        207996.0
c   13   2454551E               (0)0(104.0)        210366.3
c   14   2454551I               (0)0( 74.5)        213603.6
c   15   2454551J               (0)0(104.0)        215842.2
c   16   14555516               (0)0( 59.5)        296597.9
c   17   14555518               (0)0( 35.5)        309722.4
c   18   14555519               (0)0( 59.5)        338309.0
c   19   1455551C               (0)0( 35.5)        342160.8
c   20   1455551D               (0)0( 59.5)        353222.3
c   21   1455551H               (0)0( 35.5)        355076.9
c   22   1455551I               (0)0( 59.5)        360629.6
 
 
 
c-------------------------------------------------------------------------------
 
C  superstage partition information
C  ================================
C
C  element symbol   : Ar
C  parent template  : 
C  partition level  :  1
C  superstage label :  1
C
C  tabulation       : photon emissivity coefft (te,ne)
C  units            : ph. emis coef(cm^3 s^-1); te (ev); ne (cm^-3)
C
C  photon emissivity atomic transitions
C  ------------------------------------
C  
C   isel  wvlen(A)            transition                type  ispb nspb
C                                                             ispp nspp sz    tg pr wr
C  ----- ---------- ----------------------------------- ----- ---- ---- --    -- -- --
C      1   281.629   21(0)0( 35.5)-  1(0)0(  2.5)       excit   1    1   1    20 32  1
C      2   292.260   19(0)0( 35.5)-  1(0)0(  2.5)       excit   1    1   1    18 25  2
C      3   322.870   17(0)0( 35.5)-  1(0)0(  2.5)       excit   1    1   1    16 12  3
C      4   337.157   16(0)0( 59.5)-  1(0)0(  2.5)       excit   1    1   1    15 41  4
C      5   468.157   14(0)0( 74.5)-  1(0)0(  2.5)       excit   1    1   1    12 13  5
C      6   476.629   22(0)0( 59.5)-  3(0)0(  0.5)       excit   1    1   1    98 46  6
C      7   480.778   12(0)0( 44.5)-  1(0)0(  2.5)       excit   1    1   1    11 47  7
C      8   484.639   11(0)0( 74.5)-  1(0)0(  2.5)       excit   1    1   1     8  9  8
C      9   489.009   10(0)0( 14.5)-  1(0)0(  2.5)       excit   1    1   1    10 16  9
C     10   494.073   20(0)0( 59.5)-  3(0)0(  0.5)       excit   1    1   1    96 31 10
C     11   512.380    8(0)0( 44.5)-  1(0)0(  2.5)       excit   1    1   1     7 44 11
C     12   521.320    7(0)0( 74.5)-  1(0)0(  2.5)       excit   1    1   1     4  5 12
C     13   532.843    6(0)0( 14.5)-  1(0)0(  2.5)       excit   1    1   1     6  8 13
C     14   533.373   18(0)0( 59.5)-  3(0)0(  0.5)       excit   1    1   1    94 23 14
C     15   613.070    5(0)0( 44.5)-  1(0)0(  2.5)       excit   1    1   1     3 42 15
C     16   652.630    4(0)0( 74.5)-  1(0)0(  2.5)       excit   1    1   1     1  1 16
C     17   663.029    3(0)0(  0.5)-  1(0)0(  2.5)       excit   1    1   1    14  3 17
C     18   680.152   22(0)0( 59.5)- 14(0)0( 74.5)       excit   1    1   1    91 28 18
C     19   685.989   16(0)0( 59.5)-  3(0)0(  0.5)       excit   1    1   1    92  6 19
C     20   708.001    2(0)0( 14.5)-  1(0)0(  2.5)       excit   1    1   1     2  2 20
C     21   1498.06   12(0)0( 44.5)-  2(0)0( 14.5)       excit   1    1   1    40 33 21
C     22   1597.03   15(0)0(104.0)-  4(0)0( 74.5)       excit   1    1   1    32 26 22
C     23   1710.02   21(0)0( 35.5)- 16(0)0( 59.5)       excit   1    1   1   103 40 23
C     24   1750.08   13(0)0(104.0)-  4(0)0( 74.5)       excit   1    1   1    28 22 24
C     25   1825.82   12(0)0( 44.5)-  4(0)0( 74.5)       excit   1    1   1    30 24 25
C     26   1854.43    8(0)0( 44.5)-  2(0)0( 14.5)       excit   1    1   1    37 38 26
C     27   1964.36   22(0)0( 59.5)- 17(0)0( 35.5)       excit   1    1   1   109 43 27
C     28   1980.59   14(0)0( 74.5)-  5(0)0( 44.5)       excit   1    1   1    50 15 28
C     29   2124.66    9(0)0(104.0)-  4(0)0( 74.5)       excit   1    1   1    24 18 29
C     30   2194.77   19(0)0( 35.5)- 16(0)0( 59.5)       excit   1    1   1   101 36 30
C     31   2298.86   20(0)0( 59.5)- 17(0)0( 35.5)       excit   1    1   1   107 27 31
C     32   2313.45   11(0)0( 74.5)-  5(0)0( 44.5)       excit   1    1   1    46 11 32
C     33   2384.27    8(0)0( 44.5)-  4(0)0( 74.5)       excit   1    1   1    26 19 33
C     34   2416.52   10(0)0( 14.5)-  5(0)0( 44.5)       excit   1    1   1    48 20 34
C     35   3119.72    8(0)0( 44.5)-  5(0)0( 44.5)       excit   1    1   1    45 50 35
C     36   3483.45    7(0)0( 74.5)-  5(0)0( 44.5)       excit   1    1   1    42  7 36
C     37   3498.14   18(0)0( 59.5)- 17(0)0( 35.5)       excit   1    1   1   105 17 37
C     38   4071.79    6(0)0( 14.5)-  5(0)0( 44.5)       excit   1    1   1    44 10 38
C     39   4162.94   15(0)0(104.0)-  7(0)0( 74.5)       excit   1    1   1    59 37 39
C     40   4572.33    5(0)0( 44.5)-  2(0)0( 14.5)       excit   1    1   1    34  4 40
C     41   4920.46   12(0)0( 44.5)-  6(0)0( 14.5)       excit   1    1   1    69 35 41
C     42   5392.11   13(0)0(104.0)-  7(0)0( 74.5)       excit   1    1   1    55 39 42
C     43   5414.54   22(0)0( 59.5)- 19(0)0( 35.5)       excit   1    1   1   116 45 43
C     44   5424.20   14(0)0( 74.5)-  8(0)0( 44.5)       excit   1    1   1    76 21 44
C     45   5963.78   21(0)0( 35.5)- 18(0)0( 59.5)       excit   1    1   1   112 49 45
C     46   6182.27   12(0)0( 44.5)-  7(0)0( 74.5)       excit   1    1   1    57 48 46
C     47   7512.47   14(0)0( 74.5)-  9(0)0(104.0)       excit   1    1   1    63 34 47
C     48   7619.34   17(0)0( 35.5)- 16(0)0( 59.5)       excit   1    1   1    99 30 48
C     49   8951.51   11(0)0( 74.5)-  8(0)0( 44.5)       excit   1    1   1    72 14 49
C     50   9040.37   20(0)0( 59.5)- 19(0)0( 35.5)       excit   1    1   1   114 29 50
c-------------------------------------------------------------------------------
                                                                                
C  code     : adas810
C  producer : Adam Foster
C  date     : 13/05/09
                                                                                
c-------------------------------------------------------------------------------
