   50    /AR:11 photon emissivity coefficients/
--------------------------------------------------------------------------------
    1    1    1    1    1    1    1    1    1    1    1    1    1    1
    1    1    1    1    1
--------------------------------------------------------------------------------
//#01/p00/ 00/p01/ 01/p02/ 02/p03/ 03/p04/ 04/p05/ 05/p06/ 06/p07/ 07/p08/ 08/  
      p09/ 09/p10/ 10/p11/ 11/p12/ 12/p13/ 13/p14/ 14/p15/ 15/p16/ 16/p17/ 17/  
      p18/ 18/                                                                  
--------------------------------------------------------------------------------
  21.9219    7  14 /pl=01:ss=11:pb= 1:sz=11/type=excit/ispb = t/isel =    1
 1.00E+10 1.00E+11 1.00E+12 1.00E+13 1.00E+14 1.00E+15 1.00E+16
 2.48E+00 3.72E+00 6.20E+00 1.24E+01 2.48E+01 6.20E+01 1.24E+02 1.86E+02
 2.48E+02 3.72E+02 6.20E+02 1.24E+03 2.48E+03 3.72E+03
 1.00E-74 1.00E-74 1.00E-74 7.40E-31 4.16E-21 2.33E-15 1.61E-13 6.12E-13
 1.16E-12 2.13E-12 3.32E-12 4.55E-12 5.21E-12 5.41E-12
 1.00E-74 1.00E-74 1.00E-74 7.37E-31 4.13E-21 2.29E-15 1.56E-13 5.82E-13
 1.08E-12 1.94E-12 2.95E-12 3.98E-12 4.52E-12 4.69E-12
 1.00E-74 1.00E-74 1.00E-74 7.25E-31 4.02E-21 2.19E-15 1.42E-13 5.03E-13
 8.97E-13 1.54E-12 2.25E-12 2.99E-12 3.40E-12 3.54E-12
 1.00E-74 1.00E-74 1.00E-74 6.84E-31 3.53E-21 1.69E-15 9.52E-14 3.10E-13
 5.38E-13 9.16E-13 1.36E-12 1.81E-12 2.05E-12 2.12E-12
 1.00E-74 1.00E-74 1.00E-74 5.18E-31 2.36E-21 1.06E-15 6.24E-14 2.22E-13
 4.09E-13 7.35E-13 1.12E-12 1.51E-12 1.70E-12 1.74E-12
 1.00E-74 1.00E-74 1.00E-74 3.85E-31 1.90E-21 9.08E-16 5.70E-14 2.10E-13
 3.92E-13 7.12E-13 1.09E-12 1.48E-12 1.66E-12 1.69E-12
 1.00E-74 1.00E-74 1.63E-50 3.64E-31 1.84E-21 8.88E-16 5.58E-14 2.06E-13
 3.84E-13 6.99E-13 1.08E-12 1.46E-12 1.63E-12 1.67E-12
  21.9503    7  14 /pl=01:ss=11:pb= 1:sz=11/type=excit/ispb = t/isel =    2
 1.00E+10 1.00E+11 1.00E+12 1.00E+13 1.00E+14 1.00E+15 1.00E+16
 2.48E+00 3.72E+00 6.20E+00 1.24E+01 2.48E+01 6.20E+01 1.24E+02 1.86E+02
 2.48E+02 3.72E+02 6.20E+02 1.24E+03 2.48E+03 3.72E+03
 1.00E-74 1.00E-74 1.00E-74 1.22E-30 6.63E-21 3.62E-15 2.46E-13 9.27E-13
 1.74E-12 3.10E-12 4.67E-12 5.87E-12 6.13E-12 6.00E-12
 1.00E-74 1.00E-74 1.00E-74 1.22E-30 6.58E-21 3.57E-15 2.40E-13 8.85E-13
 1.63E-12 2.85E-12 4.20E-12 5.19E-12 5.39E-12 5.26E-12
 1.00E-74 1.00E-74 1.00E-74 1.20E-30 6.42E-21 3.42E-15 2.20E-13 7.73E-13
 1.37E-12 2.29E-12 3.27E-12 3.99E-12 4.14E-12 4.06E-12
 1.00E-74 1.00E-74 1.00E-74 1.14E-30 5.72E-21 2.71E-15 1.53E-13 4.98E-13
 8.64E-13 1.44E-12 2.08E-12 2.55E-12 2.63E-12 2.57E-12
 1.00E-74 1.00E-74 1.00E-74 9.08E-31 4.03E-21 1.78E-15 1.06E-13 3.73E-13
 6.82E-13 1.19E-12 1.77E-12 2.19E-12 2.24E-12 2.17E-12
 1.00E-74 1.00E-74 1.00E-74 7.21E-31 3.35E-21 1.57E-15 9.77E-14 3.56E-13
 6.58E-13 1.16E-12 1.73E-12 2.14E-12 2.20E-12 2.12E-12
 1.00E-74 1.00E-74 1.59E-50 6.84E-31 3.24E-21 1.53E-15 9.56E-14 3.49E-13
 6.46E-13 1.14E-12 1.70E-12 2.11E-12 2.17E-12 2.10E-12
  22.1344    7  14 /pl=01:ss=11:pb= 1:sz=11/type=excit/ispb = t/isel =    3
 1.00E+10 1.00E+11 1.00E+12 1.00E+13 1.00E+14 1.00E+15 1.00E+16
 2.48E+00 3.72E+00 6.20E+00 1.24E+01 2.48E+01 6.20E+01 1.24E+02 1.86E+02
 2.48E+02 3.72E+02 6.20E+02 1.24E+03 2.48E+03 3.72E+03
 1.00E-74 1.00E-74 1.00E-74 8.66E-31 3.94E-21 2.00E-15 1.36E-13 5.16E-13
 9.77E-13 1.79E-12 2.80E-12 3.85E-12 4.45E-12 4.61E-12
 1.00E-74 1.00E-74 1.00E-74 8.63E-31 3.91E-21 1.97E-15 1.32E-13 4.92E-13
 9.15E-13 1.64E-12 2.51E-12 3.39E-12 3.89E-12 4.02E-12
 1.00E-74 1.00E-74 1.00E-74 8.51E-31 3.81E-21 1.88E-15 1.21E-13 4.28E-13
 7.65E-13 1.31E-12 1.94E-12 2.58E-12 2.96E-12 3.08E-12
 1.00E-74 1.00E-74 1.00E-74 8.07E-31 3.38E-21 1.47E-15 8.26E-14 2.71E-13
 4.73E-13 8.08E-13 1.21E-12 1.61E-12 1.84E-12 1.91E-12
 1.00E-74 1.00E-74 1.00E-74 6.29E-31 2.33E-21 9.52E-16 5.59E-14 2.00E-13
 3.68E-13 6.61E-13 1.02E-12 1.37E-12 1.55E-12 1.59E-12
 1.00E-74 1.00E-74 1.00E-74 4.87E-31 1.91E-21 8.30E-16 5.15E-14 1.90E-13
 3.54E-13 6.42E-13 9.94E-13 1.34E-12 1.52E-12 1.55E-12
 1.00E-74 1.00E-74 1.54E-50 4.64E-31 1.86E-21 8.15E-16 5.06E-14 1.87E-13
 3.49E-13 6.33E-13 9.81E-13 1.33E-12 1.50E-12 1.54E-12
  22.9261    7  14 /pl=01:ss=11:pb= 1:sz=11/type=excit/ispb = t/isel =    4
 1.00E+10 1.00E+11 1.00E+12 1.00E+13 1.00E+14 1.00E+15 1.00E+16
 2.48E+00 3.72E+00 6.20E+00 1.24E+01 2.48E+01 6.20E+01 1.24E+02 1.86E+02
 2.48E+02 3.72E+02 6.20E+02 1.24E+03 2.48E+03 3.72E+03
 1.00E-74 1.00E-74 1.00E-74 4.83E-30 1.01E-20 3.15E-15 1.80E-13 6.38E-13
 1.16E-12 2.02E-12 2.97E-12 3.68E-12 3.80E-12 3.72E-12
 1.00E-74 1.00E-74 1.00E-74 4.81E-30 1.01E-20 3.11E-15 1.75E-13 6.10E-13
 1.09E-12 1.86E-12 2.67E-12 3.26E-12 3.35E-12 3.27E-12
 1.00E-74 1.00E-74 1.00E-74 4.75E-30 9.84E-21 2.99E-15 1.62E-13 5.39E-13
 9.34E-13 1.53E-12 2.14E-12 2.58E-12 2.65E-12 2.59E-12
 1.00E-74 1.00E-74 1.00E-74 4.59E-30 8.93E-21 2.43E-15 1.18E-13 3.69E-13
 6.31E-13 1.04E-12 1.47E-12 1.78E-12 1.82E-12 1.78E-12
 1.00E-74 1.00E-74 1.03E-48 3.95E-30 6.75E-21 1.72E-15 8.68E-14 2.92E-13
 5.21E-13 8.91E-13 1.29E-12 1.58E-12 1.61E-12 1.56E-12
 1.00E-74 1.00E-74 7.82E-49 3.45E-30 5.89E-21 1.55E-15 8.16E-14 2.82E-13
 5.07E-13 8.73E-13 1.27E-12 1.56E-12 1.59E-12 1.53E-12
 1.00E-74 1.00E-74 8.32E-49 3.37E-30 5.78E-21 1.53E-15 8.07E-14 2.79E-13
 5.02E-13 8.65E-13 1.26E-12 1.55E-12 1.58E-12 1.53E-12
  22.9334    7  14 /pl=01:ss=11:pb= 1:sz=11/type=excit/ispb = t/isel =    5
 1.00E+10 1.00E+11 1.00E+12 1.00E+13 1.00E+14 1.00E+15 1.00E+16
 2.48E+00 3.72E+00 6.20E+00 1.24E+01 2.48E+01 6.20E+01 1.24E+02 1.86E+02
 2.48E+02 3.72E+02 6.20E+02 1.24E+03 2.48E+03 3.72E+03
 1.00E-74 1.00E-74 1.00E-74 1.74E-29 3.58E-20 1.10E-14 6.15E-13 2.18E-12
 3.95E-12 6.86E-12 1.01E-11 1.25E-11 1.31E-11 1.28E-11
 1.00E-74 1.00E-74 1.00E-74 1.73E-29 3.56E-20 1.08E-14 5.99E-13 2.08E-12
 3.71E-12 6.31E-12 9.09E-12 1.11E-11 1.15E-11 1.13E-11
 1.00E-74 1.00E-74 1.00E-74 1.71E-29 3.47E-20 1.04E-14 5.51E-13 1.82E-12
 3.12E-12 5.09E-12 7.12E-12 8.60E-12 8.95E-12 8.82E-12
 1.00E-74 1.00E-74 1.00E-74 1.63E-29 3.10E-20 8.20E-15 3.83E-13 1.18E-12
 1.98E-12 3.23E-12 4.57E-12 5.57E-12 5.81E-12 5.72E-12
 1.00E-74 1.00E-74 3.85E-48 1.31E-29 2.20E-20 5.45E-15 2.67E-13 8.89E-13
 1.57E-12 2.69E-12 3.91E-12 4.82E-12 5.00E-12 4.88E-12
 1.00E-74 1.00E-74 2.28E-48 1.05E-29 1.84E-20 4.80E-15 2.47E-13 8.48E-13
 1.52E-12 2.62E-12 3.83E-12 4.73E-12 4.90E-12 4.78E-12
 1.00E-74 1.00E-74 2.40E-48 1.01E-29 1.79E-20 4.73E-15 2.44E-13 8.36E-13
 1.50E-12 2.59E-12 3.79E-12 4.68E-12 4.86E-12 4.75E-12
  23.3936    7  14 /pl=01:ss=11:pb= 1:sz=11/type=excit/ispb = t/isel =    6
 1.00E+10 1.00E+11 1.00E+12 1.00E+13 1.00E+14 1.00E+15 1.00E+16
 2.48E+00 3.72E+00 6.20E+00 1.24E+01 2.48E+01 6.20E+01 1.24E+02 1.86E+02
 2.48E+02 3.72E+02 6.20E+02 1.24E+03 2.48E+03 3.72E+03
 1.00E-74 1.00E-74 1.00E-74 6.94E-30 1.43E-20 4.37E-15 2.45E-13 8.68E-13
 1.58E-12 2.74E-12 4.03E-12 5.00E-12 5.22E-12 5.11E-12
 1.00E-74 1.00E-74 1.00E-74 6.92E-30 1.42E-20 4.31E-15 2.39E-13 8.30E-13
 1.48E-12 2.52E-12 3.63E-12 4.44E-12 4.60E-12 4.51E-12
 1.00E-74 1.00E-74 1.00E-74 6.83E-30 1.39E-20 4.13E-15 2.20E-13 7.25E-13
 1.25E-12 2.03E-12 2.84E-12 3.43E-12 3.57E-12 3.52E-12
 1.00E-74 1.00E-74 1.00E-74 6.51E-30 1.24E-20 3.27E-15 1.53E-13 4.70E-13
 7.92E-13 1.29E-12 1.82E-12 2.22E-12 2.32E-12 2.28E-12
 1.00E-74 1.00E-74 1.54E-48 5.21E-30 8.76E-21 2.17E-15 1.06E-13 3.55E-13
 6.28E-13 1.07E-12 1.56E-12 1.92E-12 1.99E-12 1.95E-12
 1.00E-74 1.00E-74 9.10E-49 4.17E-30 7.32E-21 1.92E-15 9.86E-14 3.38E-13
 6.06E-13 1.04E-12 1.53E-12 1.89E-12 1.95E-12 1.91E-12
 1.00E-74 1.00E-74 9.55E-49 4.01E-30 7.15E-21 1.89E-15 9.71E-14 3.34E-13
 5.98E-13 1.03E-12 1.51E-12 1.87E-12 1.94E-12 1.89E-12
  23.9915    7  14 /pl=01:ss=11:pb= 1:sz=11/type=excit/ispb = t/isel =    7
 1.00E+10 1.00E+11 1.00E+12 1.00E+13 1.00E+14 1.00E+15 1.00E+16
 2.48E+00 3.72E+00 6.20E+00 1.24E+01 2.48E+01 6.20E+01 1.24E+02 1.86E+02
 2.48E+02 3.72E+02 6.20E+02 1.24E+03 2.48E+03 3.72E+03
 1.00E-74 1.00E-74 1.00E-74 9.35E-29 7.37E-20 1.28E-14 6.03E-13 2.04E-12
 3.63E-12 6.28E-12 9.45E-12 1.26E-11 1.44E-11 1.48E-11
 1.00E-74 1.00E-74 1.00E-74 9.31E-29 7.30E-20 1.26E-14 5.85E-13 1.94E-12
 3.39E-12 5.72E-12 8.41E-12 1.10E-11 1.25E-11 1.29E-11
 1.00E-74 1.00E-74 1.00E-74 9.16E-29 7.11E-20 1.20E-14 5.34E-13 1.68E-12
 2.81E-12 4.52E-12 6.42E-12 8.28E-12 9.37E-12 9.71E-12
 1.00E-74 1.00E-74 9.29E-47 8.64E-29 6.25E-20 9.30E-15 3.58E-13 1.03E-12
 1.68E-12 2.70E-12 3.86E-12 5.00E-12 5.64E-12 5.82E-12
 1.00E-74 1.00E-74 8.65E-47 6.54E-29 4.18E-20 5.81E-15 2.34E-13 7.40E-13
 1.28E-12 2.16E-12 3.20E-12 4.19E-12 4.68E-12 4.78E-12
 1.00E-74 1.00E-74 7.38E-47 4.87E-29 3.36E-20 4.99E-15 2.14E-13 6.99E-13
 1.23E-12 2.10E-12 3.12E-12 4.09E-12 4.56E-12 4.65E-12
 1.00E-74 1.00E-74 7.28E-47 4.62E-29 3.27E-20 4.91E-15 2.11E-13 6.88E-13
 1.21E-12 2.07E-12 3.08E-12 4.04E-12 4.52E-12 4.61E-12
  24.2052    7  14 /pl=01:ss=11:pb= 1:sz=11/type=excit/ispb = t/isel =    8
 1.00E+10 1.00E+11 1.00E+12 1.00E+13 1.00E+14 1.00E+15 1.00E+16
 2.48E+00 3.72E+00 6.20E+00 1.24E+01 2.48E+01 6.20E+01 1.24E+02 1.86E+02
 2.48E+02 3.72E+02 6.20E+02 1.24E+03 2.48E+03 3.72E+03
 1.00E-74 1.00E-74 1.00E-74 1.08E-30 7.01E-21 4.20E-15 2.92E-13 1.10E-12
 2.04E-12 3.57E-12 5.11E-12 5.84E-12 5.32E-12 4.78E-12
 1.00E-74 1.00E-74 1.00E-74 1.08E-30 6.94E-21 4.13E-15 2.84E-13 1.05E-12
 1.91E-12 3.26E-12 4.55E-12 5.11E-12 4.62E-12 4.14E-12
 1.00E-74 1.00E-74 1.00E-74 1.06E-30 6.76E-21 3.95E-15 2.59E-13 9.03E-13
 1.58E-12 2.57E-12 3.47E-12 3.84E-12 3.47E-12 3.13E-12
 1.00E-74 1.00E-74 1.00E-74 1.00E-30 5.94E-21 3.05E-15 1.73E-13 5.56E-13
 9.48E-13 1.53E-12 2.09E-12 2.32E-12 2.09E-12 1.88E-12
 1.00E-74 1.00E-74 1.00E-74 7.59E-31 3.98E-21 1.91E-15 1.14E-13 3.99E-13
 7.20E-13 1.23E-12 1.73E-12 1.94E-12 1.73E-12 1.54E-12
 1.00E-74 1.00E-74 1.00E-74 5.66E-31 3.20E-21 1.64E-15 1.04E-13 3.77E-13
 6.91E-13 1.19E-12 1.69E-12 1.90E-12 1.69E-12 1.50E-12
 1.00E-74 1.00E-74 1.00E-74 5.50E-31 3.17E-21 1.63E-15 1.03E-13 3.75E-13
 6.86E-13 1.19E-12 1.68E-12 1.89E-12 1.69E-12 1.50E-12
  25.0241    7  14 /pl=01:ss=11:pb= 1:sz=11/type=excit/ispb = t/isel =    9
 1.00E+10 1.00E+11 1.00E+12 1.00E+13 1.00E+14 1.00E+15 1.00E+16
 2.48E+00 3.72E+00 6.20E+00 1.24E+01 2.48E+01 6.20E+01 1.24E+02 1.86E+02
 2.48E+02 3.72E+02 6.20E+02 1.24E+03 2.48E+03 3.72E+03
 1.00E-74 1.00E-74 1.00E-74 3.14E-27 1.04E-18 1.07E-13 4.19E-12 1.32E-11
 2.25E-11 3.71E-11 5.22E-11 6.36E-11 6.57E-11 6.46E-11
 1.00E-74 1.00E-74 2.65E-44 3.12E-27 1.03E-18 1.05E-13 4.07E-12 1.25E-11
 2.10E-11 3.39E-11 4.66E-11 5.57E-11 5.72E-11 5.61E-11
 1.00E-74 1.00E-74 1.97E-44 3.07E-27 1.01E-18 1.00E-13 3.72E-12 1.08E-11
 1.75E-11 2.69E-11 3.57E-11 4.20E-11 4.31E-11 4.25E-11
 1.00E-74 1.00E-74 1.92E-44 2.90E-27 8.85E-19 7.78E-14 2.50E-12 6.72E-12
 1.06E-11 1.62E-11 2.17E-11 2.56E-11 2.62E-11 2.57E-11
 1.00E-74 1.00E-74 1.64E-44 2.21E-27 5.96E-19 4.90E-14 1.65E-12 4.86E-12
 8.08E-12 1.30E-11 1.80E-11 2.15E-11 2.18E-11 2.12E-11
 1.00E-74 1.00E-74 1.40E-44 1.66E-27 4.81E-19 4.22E-14 1.51E-12 4.60E-12
 7.76E-12 1.26E-11 1.76E-11 2.11E-11 2.13E-11 2.07E-11
 1.00E-74 1.00E-74 1.37E-44 1.57E-27 4.67E-19 4.15E-14 1.49E-12 4.52E-12
 7.63E-12 1.25E-11 1.74E-11 2.08E-11 2.11E-11 2.05E-11
  25.0919    7  14 /pl=01:ss=11:pb= 1:sz=11/type=excit/ispb = t/isel =   10
 1.00E+10 1.00E+11 1.00E+12 1.00E+13 1.00E+14 1.00E+15 1.00E+16
 2.48E+00 3.72E+00 6.20E+00 1.24E+01 2.48E+01 6.20E+01 1.24E+02 1.86E+02
 2.48E+02 3.72E+02 6.20E+02 1.24E+03 2.48E+03 3.72E+03
 1.00E-74 1.00E-74 1.00E-74 6.89E-28 2.18E-19 2.19E-14 8.55E-13 2.69E-12
 4.61E-12 7.59E-12 1.07E-11 1.30E-11 1.34E-11 1.31E-11
 1.00E-74 1.00E-74 5.34E-45 6.87E-28 2.16E-19 2.16E-14 8.32E-13 2.57E-12
 4.33E-12 6.97E-12 9.63E-12 1.15E-11 1.18E-11 1.15E-11
 1.00E-74 1.00E-74 5.02E-45 6.77E-28 2.11E-19 2.07E-14 7.66E-13 2.25E-12
 3.66E-12 5.65E-12 7.57E-12 8.89E-12 9.12E-12 8.94E-12
 1.00E-74 1.00E-74 4.82E-45 6.46E-28 1.88E-19 1.65E-14 5.38E-13 1.48E-12
 2.36E-12 3.65E-12 4.95E-12 5.84E-12 5.97E-12 5.83E-12
 1.00E-74 1.00E-74 4.51E-45 5.24E-28 1.35E-19 1.10E-14 3.79E-13 1.13E-12
 1.89E-12 3.06E-12 4.27E-12 5.08E-12 5.16E-12 4.99E-12
 1.00E-74 1.00E-74 4.25E-45 4.26E-28 1.13E-19 9.78E-15 3.53E-13 1.08E-12
 1.83E-12 2.99E-12 4.19E-12 4.99E-12 5.06E-12 4.89E-12
 1.00E-74 1.00E-74 4.22E-45 4.10E-28 1.11E-19 9.64E-15 3.49E-13 1.07E-12
 1.81E-12 2.96E-12 4.15E-12 4.96E-12 5.03E-12 4.87E-12
  25.5658    7  14 /pl=01:ss=11:pb= 1:sz=11/type=excit/ispb = t/isel =   11
 1.00E+10 1.00E+11 1.00E+12 1.00E+13 1.00E+14 1.00E+15 1.00E+16
 2.48E+00 3.72E+00 6.20E+00 1.24E+01 2.48E+01 6.20E+01 1.24E+02 1.86E+02
 2.48E+02 3.72E+02 6.20E+02 1.24E+03 2.48E+03 3.72E+03
 1.00E-74 1.00E-74 1.00E-74 1.23E-28 4.23E-20 4.71E-15 2.01E-13 6.82E-13
 1.24E-12 2.19E-12 3.29E-12 4.12E-12 4.22E-12 4.06E-12
 1.00E-74 1.00E-74 1.00E-74 1.35E-28 4.76E-20 5.38E-15 2.46E-13 9.10E-13
 1.75E-12 3.30E-12 5.21E-12 6.78E-12 7.14E-12 6.97E-12
 1.00E-74 1.00E-74 1.13E-45 1.76E-28 6.08E-20 6.92E-15 3.45E-13 1.36E-12
 2.67E-12 5.02E-12 7.79E-12 9.94E-12 1.04E-11 1.01E-11
 1.00E-74 1.00E-74 2.60E-45 2.98E-28 1.11E-19 1.37E-14 6.66E-13 2.38E-12
 4.30E-12 7.39E-12 1.08E-11 1.32E-11 1.37E-11 1.34E-11
 1.00E-74 1.00E-74 8.00E-45 7.72E-28 2.32E-19 2.24E-14 8.89E-13 2.84E-12
 4.89E-12 8.09E-12 1.15E-11 1.40E-11 1.45E-11 1.42E-11
 1.00E-74 1.00E-74 1.26E-44 1.15E-27 2.80E-19 2.45E-14 9.26E-13 2.91E-12
 4.96E-12 8.17E-12 1.16E-11 1.41E-11 1.46E-11 1.43E-11
 1.00E-74 1.00E-74 1.35E-44 1.22E-27 2.87E-19 2.48E-14 9.35E-13 2.93E-12
 5.00E-12 8.22E-12 1.17E-11 1.42E-11 1.47E-11 1.43E-11
  26.5369    7  14 /pl=01:ss=11:pb= 1:sz=11/type=excit/ispb = t/isel =   12
 1.00E+10 1.00E+11 1.00E+12 1.00E+13 1.00E+14 1.00E+15 1.00E+16
 2.48E+00 3.72E+00 6.20E+00 1.24E+01 2.48E+01 6.20E+01 1.24E+02 1.86E+02
 2.48E+02 3.72E+02 6.20E+02 1.24E+03 2.48E+03 3.72E+03
 1.00E-74 1.00E-74 1.00E-74 1.03E-28 1.08E-19 2.19E-14 1.06E-12 3.54E-12
 6.19E-12 1.02E-11 1.40E-11 1.55E-11 1.40E-11 1.25E-11
 1.00E-74 1.00E-74 1.00E-74 1.02E-28 1.07E-19 2.15E-14 1.03E-12 3.37E-12
 5.78E-12 9.33E-12 1.25E-11 1.36E-11 1.22E-11 1.09E-11
 1.00E-74 1.00E-74 1.00E-74 1.00E-28 1.04E-19 2.06E-14 9.39E-13 2.91E-12
 4.79E-12 7.37E-12 9.53E-12 1.02E-11 9.13E-12 8.20E-12
 1.00E-74 1.00E-74 1.15E-46 9.47E-29 9.15E-20 1.59E-14 6.28E-13 1.79E-12
 2.87E-12 4.40E-12 5.73E-12 6.15E-12 5.50E-12 4.92E-12
 1.00E-74 1.00E-74 4.89E-47 7.17E-29 6.13E-20 9.93E-15 4.12E-13 1.28E-12
 2.18E-12 3.53E-12 4.75E-12 5.15E-12 4.56E-12 4.04E-12
 1.00E-74 1.00E-74 4.46E-47 5.35E-29 4.93E-20 8.54E-15 3.76E-13 1.21E-12
 2.09E-12 3.42E-12 4.63E-12 5.03E-12 4.45E-12 3.93E-12
 1.00E-74 1.00E-74 4.49E-47 5.15E-29 4.85E-20 8.46E-15 3.72E-13 1.20E-12
 2.07E-12 3.39E-12 4.59E-12 5.00E-12 4.43E-12 3.91E-12
  27.6859    7  14 /pl=01:ss=11:pb= 1:sz=11/type=excit/ispb = t/isel =   13
 1.00E+10 1.00E+11 1.00E+12 1.00E+13 1.00E+14 1.00E+15 1.00E+16
 2.48E+00 3.72E+00 6.20E+00 1.24E+01 2.48E+01 6.20E+01 1.24E+02 1.86E+02
 2.48E+02 3.72E+02 6.20E+02 1.24E+03 2.48E+03 3.72E+03
 1.00E-74 1.00E-74 7.57E-42 2.53E-26 1.25E-18 4.22E-14 1.23E-12 3.61E-12
 6.08E-12 9.96E-12 1.44E-11 1.89E-11 2.14E-11 2.21E-11
 1.00E-74 1.00E-74 7.57E-42 2.52E-26 1.24E-18 4.16E-14 1.20E-12 3.45E-12
 5.70E-12 9.13E-12 1.29E-11 1.66E-11 1.87E-11 1.93E-11
 1.00E-74 1.00E-74 7.51E-42 2.49E-26 1.21E-18 3.98E-14 1.10E-12 3.00E-12
 4.77E-12 7.31E-12 1.00E-11 1.27E-11 1.43E-11 1.48E-11
 1.00E-74 1.00E-74 7.29E-42 2.36E-26 1.07E-18 3.12E-14 7.53E-13 1.91E-12
 2.97E-12 4.54E-12 6.29E-12 7.99E-12 8.93E-12 9.18E-12
 1.00E-74 1.00E-74 6.40E-42 1.83E-26 7.33E-19 2.01E-14 5.12E-13 1.42E-12
 2.32E-12 3.73E-12 5.33E-12 6.82E-12 7.55E-12 7.68E-12
 1.00E-74 1.00E-74 5.64E-42 1.41E-26 6.01E-19 1.76E-14 4.72E-13 1.35E-12
 2.24E-12 3.63E-12 5.21E-12 6.68E-12 7.39E-12 7.50E-12
 1.00E-74 1.00E-74 5.57E-42 1.35E-26 5.86E-19 1.73E-14 4.66E-13 1.33E-12
 2.21E-12 3.59E-12 5.15E-12 6.61E-12 7.33E-12 7.45E-12
  30.3146    7  14 /pl=01:ss=11:pb= 1:sz=11/type=excit/ispb = t/isel =   14
 1.00E+10 1.00E+11 1.00E+12 1.00E+13 1.00E+14 1.00E+15 1.00E+16
 2.48E+00 3.72E+00 6.20E+00 1.24E+01 2.48E+01 6.20E+01 1.24E+02 1.86E+02
 2.48E+02 3.72E+02 6.20E+02 1.24E+03 2.48E+03 3.72E+03
 1.00E-74 1.00E-74 1.12E-42 1.59E-26 1.60E-18 7.92E-14 2.41E-12 6.93E-12
 1.12E-11 1.72E-11 2.25E-11 2.42E-11 2.17E-11 1.94E-11
 1.00E-74 1.00E-74 1.10E-42 1.58E-26 1.58E-18 7.80E-14 2.34E-12 6.60E-12
 1.04E-11 1.58E-11 2.01E-11 2.13E-11 1.89E-11 1.69E-11
 1.00E-74 1.00E-74 1.09E-42 1.56E-26 1.54E-18 7.46E-14 2.14E-12 5.72E-12
 8.70E-12 1.25E-11 1.55E-11 1.61E-11 1.43E-11 1.29E-11
 1.00E-74 1.00E-74 1.06E-42 1.47E-26 1.36E-18 5.82E-14 1.45E-12 3.59E-12
 5.33E-12 7.66E-12 9.54E-12 9.97E-12 8.84E-12 7.91E-12
 1.00E-74 1.00E-74 9.28E-43 1.14E-26 9.34E-19 3.72E-14 9.75E-13 2.63E-12
 4.12E-12 6.23E-12 8.00E-12 8.45E-12 7.42E-12 6.58E-12
 1.00E-74 1.00E-74 8.16E-43 8.75E-27 7.62E-19 3.23E-14 8.96E-13 2.49E-12
 3.96E-12 6.05E-12 7.82E-12 8.26E-12 7.25E-12 6.42E-12
 1.00E-74 1.00E-74 8.01E-43 8.32E-27 7.41E-19 3.17E-14 8.80E-13 2.45E-12
 3.90E-12 5.96E-12 7.72E-12 8.17E-12 7.19E-12 6.36E-12
  30.4911    7  14 /pl=01:ss=11:pb= 1:sz=11/type=excit/ispb = t/isel =   15
 1.00E+10 1.00E+11 1.00E+12 1.00E+13 1.00E+14 1.00E+15 1.00E+16
 2.48E+00 3.72E+00 6.20E+00 1.24E+01 2.48E+01 6.20E+01 1.24E+02 1.86E+02
 2.48E+02 3.72E+02 6.20E+02 1.24E+03 2.48E+03 3.72E+03
 1.00E-74 1.00E-74 1.84E-38 2.22E-24 2.06E-17 2.52E-13 5.04E-12 1.30E-11
 2.04E-11 3.13E-11 4.34E-11 5.54E-11 6.20E-11 6.41E-11
 1.00E-74 1.00E-74 1.83E-38 2.21E-24 2.05E-17 2.48E-13 4.89E-12 1.23E-11
 1.90E-11 2.85E-11 3.87E-11 4.84E-11 5.38E-11 5.56E-11
 1.00E-74 1.00E-74 1.82E-38 2.18E-24 1.99E-17 2.37E-13 4.47E-12 1.07E-11
 1.58E-11 2.26E-11 2.95E-11 3.63E-11 4.04E-11 4.19E-11
 1.00E-74 1.00E-74 1.75E-38 2.05E-24 1.75E-17 1.83E-13 2.99E-12 6.56E-12
 9.45E-12 1.35E-11 1.78E-11 2.20E-11 2.44E-11 2.52E-11
 1.00E-74 1.00E-74 1.48E-38 1.55E-24 1.17E-17 1.14E-13 1.96E-12 4.71E-12
 7.18E-12 1.08E-11 1.47E-11 1.84E-11 2.02E-11 2.06E-11
 1.00E-74 1.00E-74 1.26E-38 1.16E-24 9.42E-18 9.84E-14 1.79E-12 4.45E-12
 6.89E-12 1.05E-11 1.44E-11 1.80E-11 1.97E-11 2.01E-11
 1.00E-74 1.00E-74 1.24E-38 1.10E-24 9.17E-18 9.68E-14 1.76E-12 4.38E-12
 6.78E-12 1.03E-11 1.42E-11 1.78E-11 1.95E-11 1.99E-11
  31.3613    7  14 /pl=01:ss=11:pb= 1:sz=11/type=excit/ispb = t/isel =   16
 1.00E+10 1.00E+11 1.00E+12 1.00E+13 1.00E+14 1.00E+15 1.00E+16
 2.48E+00 3.72E+00 6.20E+00 1.24E+01 2.48E+01 6.20E+01 1.24E+02 1.86E+02
 2.48E+02 3.72E+02 6.20E+02 1.24E+03 2.48E+03 3.72E+03
 1.00E-74 1.00E-74 1.29E-36 6.25E-23 3.68E-16 3.35E-12 5.91E-11 1.43E-10
 2.17E-10 3.17E-10 4.13E-10 4.84E-10 4.99E-10 4.90E-10
 1.00E-74 1.00E-74 1.28E-36 6.23E-23 3.64E-16 3.30E-12 5.74E-11 1.36E-10
 2.02E-10 2.89E-10 3.68E-10 4.23E-10 4.34E-10 4.25E-10
 1.00E-74 1.00E-74 1.27E-36 6.13E-23 3.55E-16 3.15E-12 5.24E-11 1.18E-10
 1.68E-10 2.29E-10 2.81E-10 3.18E-10 3.26E-10 3.21E-10
 1.00E-74 1.00E-74 1.23E-36 5.78E-23 3.12E-16 2.44E-12 3.51E-11 7.27E-11
 1.01E-10 1.37E-10 1.70E-10 1.93E-10 1.97E-10 1.93E-10
 1.00E-74 1.00E-74 1.04E-36 4.39E-23 2.09E-16 1.53E-12 2.31E-11 5.23E-11
 7.69E-11 1.10E-10 1.41E-10 1.62E-10 1.64E-10 1.59E-10
 1.00E-74 1.00E-74 8.87E-37 3.27E-23 1.68E-16 1.32E-12 2.11E-11 4.95E-11
 7.38E-11 1.07E-10 1.37E-10 1.58E-10 1.60E-10 1.55E-10
 1.00E-74 1.00E-74 8.71E-37 3.11E-23 1.64E-16 1.29E-12 2.08E-11 4.88E-11
 7.28E-11 1.05E-10 1.36E-10 1.57E-10 1.59E-10 1.54E-10
  31.5383    7  14 /pl=01:ss=11:pb= 1:sz=11/type=excit/ispb = t/isel =   17
 1.00E+10 1.00E+11 1.00E+12 1.00E+13 1.00E+14 1.00E+15 1.00E+16
 2.48E+00 3.72E+00 6.20E+00 1.24E+01 2.48E+01 6.20E+01 1.24E+02 1.86E+02
 2.48E+02 3.72E+02 6.20E+02 1.24E+03 2.48E+03 3.72E+03
 1.00E-74 1.00E-74 1.02E-37 4.15E-24 2.23E-17 1.96E-13 3.51E-12 8.65E-12
 1.32E-11 1.95E-11 2.56E-11 2.99E-11 3.06E-11 2.99E-11
 1.00E-74 1.00E-74 1.02E-37 4.14E-24 2.22E-17 1.94E-13 3.43E-12 8.31E-12
 1.25E-11 1.82E-11 2.34E-11 2.70E-11 2.74E-11 2.67E-11
 1.00E-74 1.00E-74 1.02E-37 4.10E-24 2.18E-17 1.87E-13 3.20E-12 7.45E-12
 1.09E-11 1.53E-11 1.93E-11 2.20E-11 2.23E-11 2.18E-11
 1.00E-74 1.00E-74 1.04E-37 4.00E-24 2.00E-17 1.56E-13 2.41E-12 5.36E-12
 7.77E-12 1.10E-11 1.40E-11 1.61E-11 1.63E-11 1.58E-11
 1.00E-74 1.00E-74 1.12E-37 3.59E-24 1.58E-17 1.15E-13 1.87E-12 4.42E-12
 6.65E-12 9.73E-12 1.27E-11 1.46E-11 1.47E-11 1.42E-11
 1.00E-74 1.00E-74 1.19E-37 3.29E-24 1.42E-17 1.06E-13 1.78E-12 4.30E-12
 6.52E-12 9.60E-12 1.25E-11 1.45E-11 1.45E-11 1.41E-11
 1.00E-74 1.00E-74 1.25E-37 3.32E-24 1.43E-17 1.07E-13 1.80E-12 4.35E-12
 6.61E-12 9.73E-12 1.27E-11 1.46E-11 1.46E-11 1.41E-11
  31.5410    7  14 /pl=01:ss=11:pb= 1:sz=11/type=excit/ispb = t/isel =   18
 1.00E+10 1.00E+11 1.00E+12 1.00E+13 1.00E+14 1.00E+15 1.00E+16
 2.48E+00 3.72E+00 6.20E+00 1.24E+01 2.48E+01 6.20E+01 1.24E+02 1.86E+02
 2.48E+02 3.72E+02 6.20E+02 1.24E+03 2.48E+03 3.72E+03
 1.00E-74 1.00E-74 2.76E-40 2.60E-26 3.38E-19 6.91E-15 2.60E-13 1.11E-12
 2.34E-12 4.86E-12 8.12E-12 1.08E-11 1.12E-11 1.07E-11
 1.00E-74 1.00E-74 1.99E-39 1.74E-25 2.02E-18 3.06E-14 1.04E-12 4.27E-12
 8.71E-12 1.74E-11 2.82E-11 3.79E-11 4.07E-11 4.02E-11
 1.00E-74 1.00E-74 1.05E-38 7.14E-25 6.51E-18 9.14E-14 2.98E-12 1.14E-11
 2.17E-11 3.98E-11 5.99E-11 7.58E-11 7.95E-11 7.83E-11
 1.00E-74 1.00E-74 4.17E-38 2.48E-24 2.51E-17 3.71E-13 9.47E-12 2.80E-11
 4.58E-11 7.24E-11 9.82E-11 1.18E-10 1.22E-10 1.21E-10
 1.00E-74 1.00E-74 1.69E-37 9.51E-24 6.96E-17 7.29E-13 1.40E-11 3.55E-11
 5.45E-11 8.18E-11 1.08E-10 1.28E-10 1.33E-10 1.32E-10
 1.00E-74 1.00E-74 2.78E-37 1.51E-23 8.74E-17 8.13E-13 1.47E-11 3.66E-11
 5.57E-11 8.31E-11 1.09E-10 1.29E-10 1.34E-10 1.33E-10
 1.00E-74 1.00E-74 3.02E-37 1.63E-23 9.06E-17 8.27E-13 1.50E-11 3.70E-11
 5.63E-11 8.38E-11 1.10E-10 1.30E-10 1.35E-10 1.34E-10
  31.6247    7  14 /pl=01:ss=11:pb= 1:sz=11/type=excit/ispb = t/isel =   19
 1.00E+10 1.00E+11 1.00E+12 1.00E+13 1.00E+14 1.00E+15 1.00E+16
 2.48E+00 3.72E+00 6.20E+00 1.24E+01 2.48E+01 6.20E+01 1.24E+02 1.86E+02
 2.48E+02 3.72E+02 6.20E+02 1.24E+03 2.48E+03 3.72E+03
 1.00E-74 1.00E-74 5.79E-40 5.06E-26 4.49E-19 6.03E-15 1.60E-13 5.69E-13
 1.12E-12 2.17E-12 3.51E-12 4.60E-12 4.75E-12 4.54E-12
 1.00E-74 1.00E-74 1.35E-39 1.12E-25 1.11E-18 1.53E-14 4.64E-13 1.80E-12
 3.62E-12 7.07E-12 1.14E-11 1.51E-11 1.62E-11 1.59E-11
 1.00E-74 1.00E-74 5.30E-39 3.43E-25 3.00E-18 4.12E-14 1.29E-12 4.84E-12
 9.25E-12 1.68E-11 2.52E-11 3.17E-11 3.31E-11 3.24E-11
 1.00E-74 1.00E-74 2.14E-38 1.18E-24 1.14E-17 1.64E-13 4.14E-12 1.21E-11
 2.00E-11 3.13E-11 4.25E-11 5.08E-11 5.28E-11 5.19E-11
 1.00E-74 1.00E-74 8.86E-38 4.58E-24 3.15E-17 3.21E-13 6.12E-12 1.54E-11
 2.38E-11 3.55E-11 4.70E-11 5.56E-11 5.78E-11 5.71E-11
 1.00E-74 1.00E-74 1.46E-37 7.31E-24 3.96E-17 3.58E-13 6.45E-12 1.59E-11
 2.43E-11 3.60E-11 4.76E-11 5.62E-11 5.84E-11 5.77E-11
 1.00E-74 1.00E-74 1.60E-37 7.92E-24 4.12E-17 3.65E-13 6.55E-12 1.61E-11
 2.46E-11 3.64E-11 4.80E-11 5.66E-11 5.87E-11 5.80E-11
  31.7274    7  14 /pl=01:ss=11:pb= 1:sz=11/type=excit/ispb = t/isel =   20
 1.00E+10 1.00E+11 1.00E+12 1.00E+13 1.00E+14 1.00E+15 1.00E+16
 2.48E+00 3.72E+00 6.20E+00 1.24E+01 2.48E+01 6.20E+01 1.24E+02 1.86E+02
 2.48E+02 3.72E+02 6.20E+02 1.24E+03 2.48E+03 3.72E+03
 1.00E-74 1.00E-74 6.99E-43 9.89E-27 9.97E-19 4.94E-14 1.50E-12 4.32E-12
 6.96E-12 1.08E-11 1.41E-11 1.51E-11 1.35E-11 1.21E-11
 1.00E-74 1.00E-74 6.89E-43 9.85E-27 9.88E-19 4.87E-14 1.46E-12 4.12E-12
 6.52E-12 9.84E-12 1.26E-11 1.33E-11 1.18E-11 1.05E-11
 1.00E-74 1.00E-74 6.82E-43 9.71E-27 9.64E-19 4.66E-14 1.34E-12 3.57E-12
 5.43E-12 7.83E-12 9.67E-12 1.00E-11 8.93E-12 8.03E-12
 1.00E-74 1.00E-74 6.62E-43 9.19E-27 8.51E-19 3.63E-14 9.07E-13 2.24E-12
 3.33E-12 4.78E-12 5.96E-12 6.22E-12 5.51E-12 4.93E-12
 1.00E-74 1.00E-74 5.79E-43 7.11E-27 5.83E-19 2.32E-14 6.08E-13 1.64E-12
 2.57E-12 3.89E-12 4.99E-12 5.27E-12 4.63E-12 4.10E-12
 1.00E-74 1.00E-74 5.09E-43 5.46E-27 4.76E-19 2.02E-14 5.59E-13 1.55E-12
 2.47E-12 3.78E-12 4.88E-12 5.16E-12 4.53E-12 4.00E-12
 1.00E-74 1.00E-74 5.00E-43 5.19E-27 4.62E-19 1.98E-14 5.49E-13 1.53E-12
 2.43E-12 3.72E-12 4.81E-12 5.10E-12 4.49E-12 3.97E-12
  31.8879    7  14 /pl=01:ss=11:pb= 1:sz=11/type=excit/ispb = t/isel =   21
 1.00E+10 1.00E+11 1.00E+12 1.00E+13 1.00E+14 1.00E+15 1.00E+16
 2.48E+00 3.72E+00 6.20E+00 1.24E+01 2.48E+01 6.20E+01 1.24E+02 1.86E+02
 2.48E+02 3.72E+02 6.20E+02 1.24E+03 2.48E+03 3.72E+03
 1.00E-74 1.00E-74 7.13E-40 4.81E-26 3.77E-19 5.44E-15 1.58E-13 5.40E-13
 1.02E-12 1.89E-12 2.94E-12 3.75E-12 3.81E-12 3.61E-12
 1.00E-74 1.00E-74 1.55E-39 9.91E-26 8.69E-19 1.18E-14 3.61E-13 1.36E-12
 2.66E-12 5.09E-12 8.08E-12 1.06E-11 1.12E-11 1.09E-11
 1.00E-74 1.00E-74 6.01E-39 3.00E-25 2.34E-18 3.10E-14 9.61E-13 3.54E-12
 6.70E-12 1.21E-11 1.80E-11 2.25E-11 2.34E-11 2.27E-11
 1.00E-74 1.00E-74 2.58E-38 1.09E-24 9.26E-18 1.24E-13 3.05E-12 8.88E-12
 1.45E-11 2.27E-11 3.08E-11 3.67E-11 3.81E-11 3.73E-11
 1.00E-74 1.00E-74 1.09E-37 4.34E-24 2.59E-17 2.42E-13 4.51E-12 1.13E-11
 1.73E-11 2.58E-11 3.41E-11 4.03E-11 4.18E-11 4.12E-11
 1.00E-74 1.00E-74 1.81E-37 6.94E-24 3.25E-17 2.70E-13 4.76E-12 1.16E-11
 1.77E-11 2.62E-11 3.45E-11 4.07E-11 4.23E-11 4.17E-11
 1.00E-74 1.00E-74 1.98E-37 7.49E-24 3.38E-17 2.75E-13 4.83E-12 1.18E-11
 1.79E-11 2.65E-11 3.48E-11 4.10E-11 4.25E-11 4.19E-11
  32.2281    7  14 /pl=01:ss=11:pb= 1:sz=11/type=excit/ispb = t/isel =   22
 1.00E+10 1.00E+11 1.00E+12 1.00E+13 1.00E+14 1.00E+15 1.00E+16
 2.48E+00 3.72E+00 6.20E+00 1.24E+01 2.48E+01 6.20E+01 1.24E+02 1.86E+02
 2.48E+02 3.72E+02 6.20E+02 1.24E+03 2.48E+03 3.72E+03
 1.00E-74 1.00E-74 9.52E-39 4.63E-25 2.72E-18 2.48E-14 4.37E-13 1.06E-12
 1.60E-12 2.34E-12 3.05E-12 3.58E-12 3.69E-12 3.62E-12
 1.00E-74 1.00E-74 9.51E-39 4.61E-25 2.70E-18 2.44E-14 4.24E-13 1.01E-12
 1.50E-12 2.14E-12 2.72E-12 3.13E-12 3.21E-12 3.15E-12
 1.00E-74 1.00E-74 9.41E-39 4.54E-25 2.63E-18 2.33E-14 3.88E-13 8.71E-13
 1.24E-12 1.69E-12 2.08E-12 2.35E-12 2.42E-12 2.38E-12
 1.00E-74 1.00E-74 9.08E-39 4.28E-25 2.31E-18 1.80E-14 2.60E-13 5.38E-13
 7.47E-13 1.01E-12 1.26E-12 1.43E-12 1.46E-12 1.43E-12
 1.00E-74 1.00E-74 7.71E-39 3.24E-25 1.55E-18 1.13E-14 1.71E-13 3.87E-13
 5.69E-13 8.14E-13 1.04E-12 1.20E-12 1.21E-12 1.18E-12
 1.00E-74 1.00E-74 6.56E-39 2.42E-25 1.25E-18 9.73E-15 1.56E-13 3.66E-13
 5.46E-13 7.89E-13 1.02E-12 1.17E-12 1.18E-12 1.15E-12
 1.00E-74 1.00E-74 6.44E-39 2.30E-25 1.21E-18 9.58E-15 1.54E-13 3.61E-13
 5.39E-13 7.79E-13 1.01E-12 1.16E-12 1.17E-12 1.14E-12
  32.2489    7  14 /pl=01:ss=11:pb= 1:sz=11/type=excit/ispb = t/isel =   23
 1.00E+10 1.00E+11 1.00E+12 1.00E+13 1.00E+14 1.00E+15 1.00E+16
 2.48E+00 3.72E+00 6.20E+00 1.24E+01 2.48E+01 6.20E+01 1.24E+02 1.86E+02
 2.48E+02 3.72E+02 6.20E+02 1.24E+03 2.48E+03 3.72E+03
 1.00E-74 1.00E-74 3.45E-38 1.64E-24 9.61E-18 8.95E-14 1.65E-12 4.17E-12
 6.51E-12 9.87E-12 1.33E-11 1.57E-11 1.61E-11 1.57E-11
 1.00E-74 1.00E-74 3.55E-38 1.68E-24 9.88E-18 9.23E-14 1.74E-12 4.50E-12
 7.18E-12 1.12E-11 1.53E-11 1.84E-11 1.91E-11 1.86E-11
 1.00E-74 1.00E-74 4.01E-38 1.81E-24 1.05E-17 9.83E-14 1.91E-12 5.09E-12
 8.21E-12 1.29E-11 1.77E-11 2.11E-11 2.18E-11 2.13E-11
 1.00E-74 1.00E-74 5.53E-38 2.18E-24 1.29E-17 1.24E-13 2.43E-12 6.36E-12
 9.96E-12 1.51E-11 2.01E-11 2.36E-11 2.41E-11 2.35E-11
 1.00E-74 1.00E-74 1.16E-37 3.63E-24 1.85E-17 1.56E-13 2.80E-12 6.93E-12
 1.06E-11 1.57E-11 2.07E-11 2.42E-11 2.47E-11 2.41E-11
 1.00E-74 1.00E-74 1.69E-37 4.82E-24 2.09E-17 1.64E-13 2.87E-12 7.02E-12
 1.07E-11 1.58E-11 2.08E-11 2.43E-11 2.48E-11 2.42E-11
 1.00E-74 1.00E-74 1.91E-37 5.29E-24 2.20E-17 1.70E-13 2.95E-12 7.21E-12
 1.10E-11 1.62E-11 2.12E-11 2.47E-11 2.51E-11 2.44E-11
  32.4151    7  14 /pl=01:ss=11:pb= 1:sz=11/type=excit/ispb = t/isel =   24
 1.00E+10 1.00E+11 1.00E+12 1.00E+13 1.00E+14 1.00E+15 1.00E+16
 2.48E+00 3.72E+00 6.20E+00 1.24E+01 2.48E+01 6.20E+01 1.24E+02 1.86E+02
 2.48E+02 3.72E+02 6.20E+02 1.24E+03 2.48E+03 3.72E+03
 1.00E-74 1.00E-74 3.63E-38 1.48E-24 7.96E-18 6.99E-14 1.25E-12 3.08E-12
 4.70E-12 6.96E-12 9.13E-12 1.07E-11 1.09E-11 1.06E-11
 1.00E-74 1.00E-74 3.63E-38 1.47E-24 7.90E-18 6.91E-14 1.22E-12 2.96E-12
 4.46E-12 6.47E-12 8.34E-12 9.61E-12 9.76E-12 9.52E-12
 1.00E-74 1.00E-74 3.63E-38 1.46E-24 7.76E-18 6.67E-14 1.14E-12 2.65E-12
 3.88E-12 5.46E-12 6.87E-12 7.83E-12 7.95E-12 7.77E-12
 1.00E-74 1.00E-74 3.69E-38 1.42E-24 7.13E-18 5.55E-14 8.60E-13 1.91E-12
 2.77E-12 3.92E-12 5.00E-12 5.72E-12 5.79E-12 5.64E-12
 1.00E-74 1.00E-74 3.97E-38 1.28E-24 5.64E-18 4.11E-14 6.65E-13 1.57E-12
 2.37E-12 3.47E-12 4.51E-12 5.20E-12 5.24E-12 5.07E-12
 1.00E-74 1.00E-74 4.24E-38 1.17E-24 5.06E-18 3.79E-14 6.34E-13 1.53E-12
 2.32E-12 3.42E-12 4.46E-12 5.15E-12 5.18E-12 5.01E-12
 1.00E-74 1.00E-74 4.45E-38 1.18E-24 5.09E-18 3.82E-14 6.41E-13 1.55E-12
 2.35E-12 3.47E-12 4.52E-12 5.20E-12 5.22E-12 5.04E-12
  32.5502    7  14 /pl=01:ss=11:pb= 1:sz=11/type=excit/ispb = t/isel =   25
 1.00E+10 1.00E+11 1.00E+12 1.00E+13 1.00E+14 1.00E+15 1.00E+16
 2.48E+00 3.72E+00 6.20E+00 1.24E+01 2.48E+01 6.20E+01 1.24E+02 1.86E+02
 2.48E+02 3.72E+02 6.20E+02 1.24E+03 2.48E+03 3.72E+03
 1.00E-74 1.00E-74 7.32E-39 2.62E-25 1.36E-18 1.50E-14 3.72E-13 1.07E-12
 1.77E-12 2.84E-12 3.91E-12 4.54E-12 4.45E-12 4.20E-12
 1.00E-74 1.00E-74 7.37E-39 2.63E-25 1.36E-18 1.50E-14 3.70E-13 1.05E-12
 1.74E-12 2.75E-12 3.76E-12 4.35E-12 4.25E-12 4.01E-12
 1.00E-74 1.00E-74 7.62E-39 2.67E-25 1.36E-18 1.48E-14 3.58E-13 9.97E-13
 1.61E-12 2.51E-12 3.38E-12 3.88E-12 3.80E-12 3.59E-12
 1.00E-74 1.00E-74 8.48E-39 2.76E-25 1.36E-18 1.39E-14 3.14E-13 8.51E-13
 1.37E-12 2.12E-12 2.86E-12 3.29E-12 3.20E-12 3.02E-12
 1.00E-74 1.00E-74 1.20E-38 3.12E-25 1.36E-18 1.27E-14 2.85E-13 7.86E-13
 1.28E-12 2.01E-12 2.73E-12 3.14E-12 3.05E-12 2.87E-12
 1.00E-74 1.00E-74 1.63E-38 3.67E-25 1.44E-18 1.29E-14 2.88E-13 7.96E-13
 1.30E-12 2.04E-12 2.76E-12 3.17E-12 3.06E-12 2.88E-12
 1.00E-74 1.00E-74 2.82E-38 5.89E-25 2.17E-18 1.72E-14 3.58E-13 9.61E-13
 1.54E-12 2.37E-12 3.15E-12 3.52E-12 3.34E-12 3.10E-12
  33.0862    7  14 /pl=01:ss=11:pb= 1:sz=11/type=excit/ispb = t/isel =   26
 1.00E+10 1.00E+11 1.00E+12 1.00E+13 1.00E+14 1.00E+15 1.00E+16
 2.48E+00 3.72E+00 6.20E+00 1.24E+01 2.48E+01 6.20E+01 1.24E+02 1.86E+02
 2.48E+02 3.72E+02 6.20E+02 1.24E+03 2.48E+03 3.72E+03
 1.00E-74 1.00E-74 3.57E-38 1.45E-24 7.82E-18 6.87E-14 1.23E-12 3.03E-12
 4.62E-12 6.84E-12 8.97E-12 1.05E-11 1.07E-11 1.05E-11
 1.00E-74 1.00E-74 3.57E-38 1.45E-24 7.76E-18 6.78E-14 1.20E-12 2.91E-12
 4.38E-12 6.36E-12 8.20E-12 9.44E-12 9.59E-12 9.35E-12
 1.00E-74 1.00E-74 3.57E-38 1.43E-24 7.62E-18 6.55E-14 1.12E-12 2.61E-12
 3.81E-12 5.36E-12 6.75E-12 7.69E-12 7.81E-12 7.63E-12
 1.00E-74 1.00E-74 3.62E-38 1.40E-24 7.01E-18 5.45E-14 8.45E-13 1.88E-12
 2.72E-12 3.85E-12 4.91E-12 5.62E-12 5.69E-12 5.54E-12
 1.00E-74 1.00E-74 3.90E-38 1.26E-24 5.54E-18 4.04E-14 6.53E-13 1.55E-12
 2.33E-12 3.41E-12 4.43E-12 5.11E-12 5.15E-12 4.98E-12
 1.00E-74 1.00E-74 4.16E-38 1.15E-24 4.97E-18 3.72E-14 6.23E-13 1.50E-12
 2.28E-12 3.36E-12 4.39E-12 5.06E-12 5.09E-12 4.92E-12
 1.00E-74 1.00E-74 4.37E-38 1.16E-24 5.00E-18 3.75E-14 6.30E-13 1.52E-12
 2.31E-12 3.40E-12 4.44E-12 5.11E-12 5.13E-12 4.95E-12
  33.1037    7  14 /pl=01:ss=11:pb= 1:sz=11/type=excit/ispb = t/isel =   27
 1.00E+10 1.00E+11 1.00E+12 1.00E+13 1.00E+14 1.00E+15 1.00E+16
 2.48E+00 3.72E+00 6.20E+00 1.24E+01 2.48E+01 6.20E+01 1.24E+02 1.86E+02
 2.48E+02 3.72E+02 6.20E+02 1.24E+03 2.48E+03 3.72E+03
 1.00E-74 1.00E-74 1.89E-38 7.53E-25 4.05E-18 3.62E-14 6.66E-13 1.68E-12
 2.59E-12 3.87E-12 5.14E-12 5.99E-12 6.13E-12 5.95E-12
 1.00E-74 1.00E-74 1.90E-38 7.57E-25 4.07E-18 3.64E-14 6.69E-13 1.68E-12
 2.60E-12 3.88E-12 5.15E-12 6.00E-12 6.11E-12 5.93E-12
 1.00E-74 1.00E-74 2.03E-38 7.84E-25 4.22E-18 3.81E-14 7.18E-13 1.86E-12
 2.92E-12 4.44E-12 5.96E-12 6.98E-12 7.09E-12 6.86E-12
 1.00E-74 1.00E-74 2.99E-38 9.88E-25 5.36E-18 4.85E-14 9.19E-13 2.36E-12
 3.66E-12 5.47E-12 7.25E-12 8.49E-12 8.69E-12 8.49E-12
 1.00E-74 1.00E-74 7.36E-38 1.87E-24 8.14E-18 6.18E-14 1.06E-12 2.59E-12
 3.93E-12 5.78E-12 7.59E-12 8.88E-12 9.11E-12 8.93E-12
 1.00E-74 1.00E-74 1.11E-37 2.59E-24 9.28E-18 6.51E-14 1.09E-12 2.62E-12
 3.97E-12 5.83E-12 7.64E-12 8.93E-12 9.17E-12 8.99E-12
 1.00E-74 1.00E-74 1.22E-37 2.78E-24 9.63E-18 6.66E-14 1.11E-12 2.67E-12
 4.05E-12 5.92E-12 7.75E-12 9.03E-12 9.25E-12 9.06E-12
  33.5645    7  14 /pl=01:ss=11:pb= 1:sz=11/type=excit/ispb = t/isel =   28
 1.00E+10 1.00E+11 1.00E+12 1.00E+13 1.00E+14 1.00E+15 1.00E+16
 2.48E+00 3.72E+00 6.20E+00 1.24E+01 2.48E+01 6.20E+01 1.24E+02 1.86E+02
 2.48E+02 3.72E+02 6.20E+02 1.24E+03 2.48E+03 3.72E+03
 1.00E-74 1.00E-74 2.14E-39 1.26E-24 2.59E-17 4.94E-13 1.09E-11 2.81E-11
 4.31E-11 6.28E-11 7.84E-11 8.14E-11 7.16E-11 6.36E-11
 1.00E-74 1.00E-74 2.14E-39 1.26E-24 2.57E-17 4.86E-13 1.06E-11 2.67E-11
 4.02E-11 5.73E-11 6.98E-11 7.12E-11 6.21E-11 5.51E-11
 1.00E-74 1.00E-74 2.12E-39 1.24E-24 2.50E-17 4.64E-13 9.64E-12 2.30E-11
 3.33E-11 4.53E-11 5.33E-11 5.34E-11 4.67E-11 4.16E-11
 1.00E-74 1.00E-74 2.04E-39 1.17E-24 2.20E-17 3.59E-13 6.45E-12 1.42E-11
 2.00E-11 2.70E-11 3.20E-11 3.23E-11 2.81E-11 2.49E-11
 1.00E-74 1.00E-74 1.73E-39 8.84E-25 1.47E-17 2.24E-13 4.23E-12 1.02E-11
 1.52E-11 2.17E-11 2.65E-11 2.70E-11 2.33E-11 2.05E-11
 1.00E-74 1.00E-74 1.47E-39 6.58E-25 1.18E-17 1.93E-13 3.86E-12 9.62E-12
 1.46E-11 2.10E-11 2.59E-11 2.64E-11 2.27E-11 1.99E-11
 1.00E-74 1.00E-74 1.45E-39 6.28E-25 1.16E-17 1.90E-13 3.81E-12 9.49E-12
 1.44E-11 2.07E-11 2.56E-11 2.62E-11 2.26E-11 1.98E-11
  34.7012    7  14 /pl=01:ss=11:pb= 1:sz=11/type=excit/ispb = t/isel =   29
 1.00E+10 1.00E+11 1.00E+12 1.00E+13 1.00E+14 1.00E+15 1.00E+16
 2.48E+00 3.72E+00 6.20E+00 1.24E+01 2.48E+01 6.20E+01 1.24E+02 1.86E+02
 2.48E+02 3.72E+02 6.20E+02 1.24E+03 2.48E+03 3.72E+03
 1.00E-74 1.00E-74 2.71E-35 9.41E-23 1.83E-16 9.95E-13 1.67E-11 4.13E-11
 6.33E-11 9.34E-11 1.20E-10 1.33E-10 1.27E-10 1.19E-10
 1.00E-74 1.00E-74 2.71E-35 9.37E-23 1.81E-16 9.81E-13 1.63E-11 3.95E-11
 5.95E-11 8.59E-11 1.08E-10 1.18E-10 1.12E-10 1.05E-10
 1.00E-74 1.00E-74 2.69E-35 9.24E-23 1.77E-16 9.40E-13 1.50E-11 3.46E-11
 5.03E-11 6.97E-11 8.54E-11 9.17E-11 8.74E-11 8.24E-11
 1.00E-74 1.00E-74 2.61E-35 8.77E-23 1.57E-16 7.42E-13 1.05E-11 2.26E-11
 3.23E-11 4.50E-11 5.59E-11 6.05E-11 5.75E-11 5.41E-11
 1.00E-74 1.00E-74 2.28E-35 6.87E-23 1.10E-16 4.89E-13 7.30E-12 1.72E-11
 2.59E-11 3.77E-11 4.82E-11 5.27E-11 4.98E-11 4.65E-11
 1.00E-74 1.00E-74 2.00E-35 5.35E-23 9.07E-17 4.29E-13 6.76E-12 1.64E-11
 2.49E-11 3.67E-11 4.71E-11 5.17E-11 4.88E-11 4.55E-11
 1.00E-74 1.00E-74 1.95E-35 5.07E-23 8.70E-17 4.11E-13 6.46E-12 1.56E-11
 2.39E-11 3.52E-11 4.54E-11 5.01E-11 4.76E-11 4.44E-11
  35.4650    7  14 /pl=01:ss=11:pb= 1:sz=11/type=excit/ispb = t/isel =   30
 1.00E+10 1.00E+11 1.00E+12 1.00E+13 1.00E+14 1.00E+15 1.00E+16
 2.48E+00 3.72E+00 6.20E+00 1.24E+01 2.48E+01 6.20E+01 1.24E+02 1.86E+02
 2.48E+02 3.72E+02 6.20E+02 1.24E+03 2.48E+03 3.72E+03
 1.00E-74 1.00E-74 1.03E-37 8.80E-25 2.41E-18 1.88E-14 4.49E-13 1.33E-12
 2.28E-12 3.80E-12 5.37E-12 6.25E-12 6.00E-12 5.58E-12
 1.00E-74 1.00E-74 1.63E-37 1.10E-24 3.08E-18 2.38E-14 5.87E-13 1.87E-12
 3.35E-12 5.82E-12 8.47E-12 1.01E-11 9.78E-12 9.14E-12
 1.00E-74 1.00E-74 4.79E-37 1.97E-24 5.04E-18 3.79E-14 9.78E-13 3.25E-12
 5.86E-12 1.00E-11 1.42E-11 1.65E-11 1.58E-11 1.46E-11
 1.00E-74 1.00E-74 1.86E-36 5.26E-24 1.39E-17 1.06E-13 2.33E-12 6.59E-12
 1.07E-11 1.64E-11 2.15E-11 2.40E-11 2.28E-11 2.13E-11
 1.00E-74 1.00E-74 7.67E-36 1.87E-23 3.52E-17 1.92E-13 3.27E-12 8.10E-12
 1.24E-11 1.82E-11 2.34E-11 2.58E-11 2.46E-11 2.31E-11
 1.00E-74 1.00E-74 1.26E-35 2.94E-23 4.37E-17 2.12E-13 3.42E-12 8.29E-12
 1.26E-11 1.84E-11 2.36E-11 2.60E-11 2.48E-11 2.33E-11
 1.00E-74 1.00E-74 1.36E-35 3.13E-23 4.43E-17 2.10E-13 3.36E-12 8.15E-12
 1.24E-11 1.81E-11 2.32E-11 2.57E-11 2.46E-11 2.31E-11
  35.7656    7  14 /pl=01:ss=11:pb= 1:sz=11/type=excit/ispb = t/isel =   31
 1.00E+10 1.00E+11 1.00E+12 1.00E+13 1.00E+14 1.00E+15 1.00E+16
 2.48E+00 3.72E+00 6.20E+00 1.24E+01 2.48E+01 6.20E+01 1.24E+02 1.86E+02
 2.48E+02 3.72E+02 6.20E+02 1.24E+03 2.48E+03 3.72E+03
 1.00E-74 1.00E-74 1.06E-36 3.68E-24 7.16E-18 3.90E-14 6.56E-13 1.62E-12
 2.48E-12 3.66E-12 4.70E-12 5.20E-12 4.98E-12 4.68E-12
 1.00E-74 1.00E-74 1.06E-36 3.67E-24 7.10E-18 3.84E-14 6.39E-13 1.55E-12
 2.33E-12 3.37E-12 4.24E-12 4.62E-12 4.39E-12 4.12E-12
 1.00E-74 1.00E-74 1.05E-36 3.62E-24 6.93E-18 3.68E-14 5.88E-13 1.35E-12
 1.97E-12 2.73E-12 3.34E-12 3.59E-12 3.42E-12 3.23E-12
 1.00E-74 1.00E-74 1.02E-36 3.43E-24 6.16E-18 2.91E-14 4.10E-13 8.85E-13
 1.27E-12 1.76E-12 2.19E-12 2.37E-12 2.25E-12 2.12E-12
 1.00E-74 1.00E-74 8.92E-37 2.69E-24 4.30E-18 1.92E-14 2.86E-13 6.72E-13
 1.01E-12 1.48E-12 1.89E-12 2.07E-12 1.95E-12 1.82E-12
 1.00E-74 1.00E-74 7.82E-37 2.10E-24 3.55E-18 1.68E-14 2.65E-13 6.41E-13
 9.77E-13 1.44E-12 1.85E-12 2.02E-12 1.91E-12 1.78E-12
 1.00E-74 1.00E-74 7.64E-37 1.99E-24 3.41E-18 1.61E-14 2.53E-13 6.13E-13
 9.36E-13 1.38E-12 1.78E-12 1.96E-12 1.86E-12 1.74E-12
  38.4906    7  14 /pl=01:ss=11:pb= 1:sz=11/type=excit/ispb = t/isel =   32
 1.00E+10 1.00E+11 1.00E+12 1.00E+13 1.00E+14 1.00E+15 1.00E+16
 2.48E+00 3.72E+00 6.20E+00 1.24E+01 2.48E+01 6.20E+01 1.24E+02 1.86E+02
 2.48E+02 3.72E+02 6.20E+02 1.24E+03 2.48E+03 3.72E+03
 1.00E-74 1.00E-74 2.61E-36 3.43E-23 1.04E-16 6.37E-13 9.78E-12 2.23E-11
 3.25E-11 4.49E-11 5.37E-11 5.40E-11 4.71E-11 4.19E-11
 1.00E-74 1.00E-74 2.60E-36 3.41E-23 1.03E-16 6.27E-13 9.49E-12 2.12E-11
 3.04E-11 4.09E-11 4.78E-11 4.73E-11 4.09E-11 3.64E-11
 1.00E-74 1.00E-74 2.58E-36 3.36E-23 1.01E-16 5.99E-13 8.67E-12 1.84E-11
 2.52E-11 3.24E-11 3.66E-11 3.56E-11 3.08E-11 2.75E-11
 1.00E-74 1.00E-74 2.49E-36 3.17E-23 8.84E-17 4.64E-13 5.81E-12 1.13E-11
 1.52E-11 1.94E-11 2.21E-11 2.16E-11 1.87E-11 1.66E-11
 1.00E-74 1.00E-74 2.11E-36 2.40E-23 5.93E-17 2.90E-13 3.82E-12 8.15E-12
 1.16E-11 1.56E-11 1.84E-11 1.82E-11 1.56E-11 1.37E-11
 1.00E-74 1.00E-74 1.78E-36 1.78E-23 4.74E-17 2.49E-13 3.48E-12 7.68E-12
 1.11E-11 1.51E-11 1.79E-11 1.77E-11 1.52E-11 1.33E-11
 1.00E-74 1.00E-74 1.65E-36 1.61E-23 4.41E-17 2.35E-13 3.31E-12 7.34E-12
 1.06E-11 1.45E-11 1.73E-11 1.72E-11 1.48E-11 1.31E-11
  94.1708    7  14 /pl=01:ss=11:pb= 1:sz=11/type=excit/ispb = t/isel =   33
 1.00E+10 1.00E+11 1.00E+12 1.00E+13 1.00E+14 1.00E+15 1.00E+16
 2.48E+00 3.72E+00 6.20E+00 1.24E+01 2.48E+01 6.20E+01 1.24E+02 1.86E+02
 2.48E+02 3.72E+02 6.20E+02 1.24E+03 2.48E+03 3.72E+03
 1.00E-74 1.00E-74 1.53E-44 1.22E-27 3.12E-19 2.72E-14 1.00E-12 3.07E-12
 5.14E-12 8.14E-12 1.08E-11 1.17E-11 1.05E-11 9.42E-12
 1.00E-74 1.00E-74 1.30E-44 1.21E-27 3.09E-19 2.68E-14 9.76E-13 2.92E-12
 4.80E-12 7.43E-12 9.63E-12 1.03E-11 9.13E-12 8.18E-12
 1.00E-74 1.00E-74 1.31E-44 1.20E-27 3.01E-19 2.56E-14 8.92E-13 2.52E-12
 3.99E-12 5.89E-12 7.37E-12 7.73E-12 6.89E-12 6.20E-12
 1.00E-74 1.00E-74 1.26E-44 1.13E-27 2.65E-19 1.99E-14 5.99E-13 1.56E-12
 2.41E-12 3.54E-12 4.47E-12 4.72E-12 4.19E-12 3.76E-12
 1.00E-74 1.00E-74 1.08E-44 8.57E-28 1.78E-19 1.25E-14 3.95E-13 1.13E-12
 1.84E-12 2.85E-12 3.72E-12 3.97E-12 3.50E-12 3.11E-12
 1.00E-74 1.00E-74 9.18E-45 6.40E-28 1.43E-19 1.07E-14 3.61E-13 1.07E-12
 1.76E-12 2.76E-12 3.63E-12 3.88E-12 3.41E-12 3.03E-12
 1.00E-74 1.00E-74 8.81E-45 5.95E-28 1.36E-19 1.04E-14 3.50E-13 1.04E-12
 1.71E-12 2.70E-12 3.55E-12 3.81E-12 3.36E-12 2.99E-12
  95.7763    7  14 /pl=01:ss=11:pb= 1:sz=11/type=excit/ispb = t/isel =   34
 1.00E+10 1.00E+11 1.00E+12 1.00E+13 1.00E+14 1.00E+15 1.00E+16
 2.48E+00 3.72E+00 6.20E+00 1.24E+01 2.48E+01 6.20E+01 1.24E+02 1.86E+02
 2.48E+02 3.72E+02 6.20E+02 1.24E+03 2.48E+03 3.72E+03
 1.00E-74 1.00E-74 1.00E-74 2.89E-28 7.05E-20 6.81E-15 2.81E-13 9.05E-13
 1.57E-12 2.59E-12 3.61E-12 4.16E-12 4.01E-12 3.74E-12
 1.00E-74 1.00E-74 4.12E-45 2.88E-28 7.00E-20 6.73E-15 2.74E-13 8.69E-13
 1.48E-12 2.40E-12 3.29E-12 3.74E-12 3.58E-12 3.34E-12
 1.00E-74 1.00E-74 3.75E-45 2.85E-28 6.86E-20 6.48E-15 2.54E-13 7.70E-13
 1.27E-12 1.99E-12 2.64E-12 2.97E-12 2.85E-12 2.67E-12
 1.00E-74 1.00E-74 3.71E-45 2.74E-28 6.19E-20 5.26E-15 1.85E-13 5.28E-13
 8.60E-13 1.35E-12 1.81E-12 2.05E-12 1.97E-12 1.84E-12
 1.00E-74 1.00E-74 3.60E-45 2.29E-28 4.60E-20 3.70E-15 1.36E-13 4.18E-13
 7.12E-13 1.16E-12 1.60E-12 1.83E-12 1.74E-12 1.62E-12
 1.00E-74 1.00E-74 3.54E-45 1.94E-28 3.98E-20 3.34E-15 1.28E-13 4.04E-13
 6.93E-13 1.14E-12 1.57E-12 1.80E-12 1.71E-12 1.59E-12
 1.00E-74 1.00E-74 3.76E-45 1.96E-28 4.02E-20 3.37E-15 1.29E-13 4.05E-13
 6.95E-13 1.14E-12 1.58E-12 1.80E-12 1.71E-12 1.59E-12
  102.291    7  14 /pl=01:ss=11:pb= 1:sz=11/type=excit/ispb = t/isel =   35
 1.00E+10 1.00E+11 1.00E+12 1.00E+13 1.00E+14 1.00E+15 1.00E+16
 2.48E+00 3.72E+00 6.20E+00 1.24E+01 2.48E+01 6.20E+01 1.24E+02 1.86E+02
 2.48E+02 3.72E+02 6.20E+02 1.24E+03 2.48E+03 3.72E+03
 1.00E-74 1.00E-74 1.00E-74 2.19E-28 7.28E-20 7.46E-15 2.93E-13 9.20E-13
 1.58E-12 2.60E-12 3.65E-12 4.45E-12 4.60E-12 4.52E-12
 1.00E-74 1.00E-74 1.86E-45 2.19E-28 7.22E-20 7.34E-15 2.84E-13 8.76E-13
 1.47E-12 2.37E-12 3.26E-12 3.90E-12 4.00E-12 3.92E-12
 1.00E-74 1.00E-74 1.38E-45 2.15E-28 7.03E-20 7.02E-15 2.60E-13 7.58E-13
 1.22E-12 1.88E-12 2.50E-12 2.94E-12 3.02E-12 2.97E-12
 1.00E-74 1.00E-74 1.35E-45 2.03E-28 6.19E-20 5.44E-15 1.75E-13 4.70E-13
 7.39E-13 1.13E-12 1.52E-12 1.79E-12 1.83E-12 1.80E-12
 1.00E-74 1.00E-74 1.15E-45 1.55E-28 4.17E-20 3.43E-15 1.16E-13 3.40E-13
 5.65E-13 9.12E-13 1.26E-12 1.51E-12 1.53E-12 1.48E-12
 1.00E-74 1.00E-74 9.83E-46 1.16E-28 3.37E-20 2.96E-15 1.06E-13 3.22E-13
 5.43E-13 8.85E-13 1.23E-12 1.47E-12 1.49E-12 1.44E-12
 1.00E-74 1.00E-74 9.60E-46 1.10E-28 3.27E-20 2.90E-15 1.04E-13 3.16E-13
 5.34E-13 8.72E-13 1.21E-12 1.46E-12 1.48E-12 1.43E-12
  103.135    7  14 /pl=01:ss=11:pb= 1:sz=11/type=excit/ispb = t/isel =   36
 1.00E+10 1.00E+11 1.00E+12 1.00E+13 1.00E+14 1.00E+15 1.00E+16
 2.48E+00 3.72E+00 6.20E+00 1.24E+01 2.48E+01 6.20E+01 1.24E+02 1.86E+02
 2.48E+02 3.72E+02 6.20E+02 1.24E+03 2.48E+03 3.72E+03
 1.00E-74 1.00E-74 1.00E-74 1.70E-28 5.36E-20 5.67E-15 2.32E-13 7.47E-13
 1.30E-12 2.16E-12 3.07E-12 3.69E-12 3.78E-12 3.64E-12
 1.00E-74 1.00E-74 1.80E-45 1.70E-28 5.34E-20 5.62E-15 2.29E-13 7.27E-13
 1.25E-12 2.05E-12 2.89E-12 3.44E-12 3.50E-12 3.37E-12
 1.00E-74 1.00E-74 1.25E-45 1.70E-28 5.29E-20 5.48E-15 2.17E-13 6.68E-13
 1.12E-12 1.79E-12 2.47E-12 2.92E-12 2.97E-12 2.87E-12
 1.00E-74 1.00E-74 1.36E-45 1.69E-28 5.00E-20 4.78E-15 1.75E-13 5.19E-13
 8.64E-13 1.39E-12 1.93E-12 2.28E-12 2.31E-12 2.23E-12
 1.00E-74 1.00E-74 1.61E-45 1.64E-28 4.32E-20 3.88E-15 1.45E-13 4.51E-13
 7.71E-13 1.27E-12 1.79E-12 2.12E-12 2.14E-12 2.05E-12
 1.00E-74 1.00E-74 1.83E-45 1.61E-28 4.05E-20 3.67E-15 1.41E-13 4.43E-13
 7.61E-13 1.25E-12 1.77E-12 2.11E-12 2.12E-12 2.04E-12
 1.00E-74 1.00E-74 1.91E-45 1.63E-28 4.08E-20 3.71E-15 1.43E-13 4.49E-13
 7.72E-13 1.27E-12 1.80E-12 2.14E-12 2.15E-12 2.06E-12
  103.434    7  14 /pl=01:ss=11:pb= 1:sz=11/type=excit/ispb = t/isel =   37
 1.00E+10 1.00E+11 1.00E+12 1.00E+13 1.00E+14 1.00E+15 1.00E+16
 2.48E+00 3.72E+00 6.20E+00 1.24E+01 2.48E+01 6.20E+01 1.24E+02 1.86E+02
 2.48E+02 3.72E+02 6.20E+02 1.24E+03 2.48E+03 3.72E+03
 1.00E-74 1.00E-74 1.00E-74 2.75E-28 8.69E-20 8.72E-15 3.41E-13 1.07E-12
 1.84E-12 3.03E-12 4.28E-12 5.18E-12 5.35E-12 5.23E-12
 1.00E-74 1.00E-74 2.13E-45 2.74E-28 8.62E-20 8.60E-15 3.32E-13 1.03E-12
 1.73E-12 2.78E-12 3.84E-12 4.57E-12 4.69E-12 4.58E-12
 1.00E-74 1.00E-74 2.00E-45 2.70E-28 8.41E-20 8.25E-15 3.06E-13 8.99E-13
 1.46E-12 2.25E-12 3.02E-12 3.55E-12 3.64E-12 3.57E-12
 1.00E-74 1.00E-74 1.92E-45 2.58E-28 7.52E-20 6.56E-15 2.15E-13 5.90E-13
 9.41E-13 1.46E-12 1.97E-12 2.33E-12 2.38E-12 2.32E-12
 1.00E-74 1.00E-74 1.80E-45 2.09E-28 5.38E-20 4.41E-15 1.51E-13 4.51E-13
 7.55E-13 1.22E-12 1.70E-12 2.03E-12 2.06E-12 1.99E-12
 1.00E-74 1.00E-74 1.69E-45 1.70E-28 4.53E-20 3.90E-15 1.41E-13 4.32E-13
 7.31E-13 1.19E-12 1.67E-12 1.99E-12 2.02E-12 1.95E-12
 1.00E-74 1.00E-74 1.68E-45 1.64E-28 4.42E-20 3.85E-15 1.39E-13 4.27E-13
 7.23E-13 1.18E-12 1.66E-12 1.98E-12 2.01E-12 1.94E-12
  106.519    7  14 /pl=01:ss=11:pb= 1:sz=11/type=excit/ispb = t/isel =   38
 1.00E+10 1.00E+11 1.00E+12 1.00E+13 1.00E+14 1.00E+15 1.00E+16
 2.48E+00 3.72E+00 6.20E+00 1.24E+01 2.48E+01 6.20E+01 1.24E+02 1.86E+02
 2.48E+02 3.72E+02 6.20E+02 1.24E+03 2.48E+03 3.72E+03
 1.00E-74 1.00E-74 1.00E-74 2.00E-28 6.64E-20 6.79E-15 2.67E-13 8.39E-13
 1.44E-12 2.37E-12 3.33E-12 4.05E-12 4.19E-12 4.12E-12
 1.00E-74 1.00E-74 1.69E-45 1.99E-28 6.58E-20 6.69E-15 2.59E-13 7.98E-13
 1.34E-12 2.16E-12 2.97E-12 3.55E-12 3.65E-12 3.58E-12
 1.00E-74 1.00E-74 1.26E-45 1.96E-28 6.41E-20 6.39E-15 2.37E-13 6.91E-13
 1.11E-12 1.71E-12 2.27E-12 2.68E-12 2.75E-12 2.71E-12
 1.00E-74 1.00E-74 1.23E-45 1.85E-28 5.64E-20 4.96E-15 1.59E-13 4.28E-13
 6.74E-13 1.03E-12 1.38E-12 1.63E-12 1.67E-12 1.64E-12
 1.00E-74 1.00E-74 1.05E-45 1.41E-28 3.80E-20 3.12E-15 1.05E-13 3.10E-13
 5.15E-13 8.31E-13 1.15E-12 1.37E-12 1.39E-12 1.35E-12
 1.00E-74 1.00E-74 8.95E-46 1.06E-28 3.07E-20 2.69E-15 9.64E-14 2.93E-13
 4.94E-13 8.06E-13 1.12E-12 1.34E-12 1.36E-12 1.32E-12
 1.00E-74 1.00E-74 8.75E-46 1.00E-28 2.98E-20 2.64E-15 9.47E-14 2.88E-13
 4.87E-13 7.94E-13 1.11E-12 1.33E-12 1.35E-12 1.30E-12
  155.176    7  14 /pl=01:ss=11:pb= 1:sz=11/type=excit/ispb = t/isel =   39
 1.00E+10 1.00E+11 1.00E+12 1.00E+13 1.00E+14 1.00E+15 1.00E+16
 2.48E+00 3.72E+00 6.20E+00 1.24E+01 2.48E+01 6.20E+01 1.24E+02 1.86E+02
 2.48E+02 3.72E+02 6.20E+02 1.24E+03 2.48E+03 3.72E+03
 8.32E-27 1.24E-21 1.55E-17 1.62E-14 5.06E-13 3.70E-12 8.86E-12 1.49E-11
 2.02E-11 2.71E-11 3.19E-11 3.15E-11 2.66E-11 2.30E-11
 2.73E-26 3.63E-21 3.94E-17 3.88E-14 1.37E-12 1.03E-11 2.69E-11 4.72E-11
 6.38E-11 8.36E-11 9.62E-11 9.43E-11 8.10E-11 7.14E-11
 1.98E-25 2.08E-20 1.69E-16 1.29E-13 4.02E-12 3.07E-11 8.17E-11 1.36E-10
 1.74E-10 2.10E-10 2.25E-10 2.08E-10 1.74E-10 1.52E-10
 1.29E-24 1.16E-19 7.61E-16 4.98E-13 1.67E-11 1.30E-10 2.74E-10 3.55E-10
 3.88E-10 4.05E-10 3.92E-10 3.44E-10 2.87E-10 2.53E-10
 3.46E-24 4.11E-19 3.28E-15 2.01E-12 4.72E-11 2.58E-10 4.08E-10 4.54E-10
 4.66E-10 4.62E-10 4.35E-10 3.78E-10 3.16E-10 2.80E-10
 4.17E-24 5.73E-19 5.43E-15 3.22E-12 5.94E-11 2.87E-10 4.30E-10 4.67E-10
 4.76E-10 4.69E-10 4.40E-10 3.82E-10 3.19E-10 2.83E-10
 4.25E-24 5.95E-19 5.80E-15 3.43E-12 6.10E-11 2.90E-10 4.33E-10 4.70E-10
 4.78E-10 4.71E-10 4.41E-10 3.83E-10 3.20E-10 2.84E-10
  171.862    7  14 /pl=01:ss=11:pb= 1:sz=11/type=excit/ispb = t/isel =   40
 1.00E+10 1.00E+11 1.00E+12 1.00E+13 1.00E+14 1.00E+15 1.00E+16
 2.48E+00 3.72E+00 6.20E+00 1.24E+01 2.48E+01 6.20E+01 1.24E+02 1.86E+02
 2.48E+02 3.72E+02 6.20E+02 1.24E+03 2.48E+03 3.72E+03
 4.09E-27 6.11E-22 7.62E-18 7.97E-15 2.48E-13 1.82E-12 4.35E-12 7.34E-12
 9.93E-12 1.33E-11 1.57E-11 1.55E-11 1.31E-11 1.13E-11
 1.34E-26 1.78E-21 1.93E-17 1.91E-14 6.72E-13 5.06E-12 1.32E-11 2.32E-11
 3.13E-11 4.11E-11 4.73E-11 4.63E-11 3.98E-11 3.51E-11
 9.71E-26 1.02E-20 8.28E-17 6.35E-14 1.97E-12 1.51E-11 4.01E-11 6.69E-11
 8.53E-11 1.03E-10 1.10E-10 1.02E-10 8.54E-11 7.46E-11
 6.34E-25 5.70E-20 3.74E-16 2.44E-13 8.21E-12 6.39E-11 1.34E-10 1.74E-10
 1.91E-10 1.99E-10 1.92E-10 1.69E-10 1.41E-10 1.24E-10
 1.70E-24 2.02E-19 1.61E-15 9.88E-13 2.32E-11 1.26E-10 2.00E-10 2.23E-10
 2.29E-10 2.27E-10 2.14E-10 1.86E-10 1.55E-10 1.37E-10
 2.05E-24 2.81E-19 2.66E-15 1.58E-12 2.92E-11 1.41E-10 2.11E-10 2.30E-10
 2.34E-10 2.30E-10 2.16E-10 1.88E-10 1.57E-10 1.39E-10
 2.09E-24 2.92E-19 2.85E-15 1.68E-12 3.00E-11 1.43E-10 2.13E-10 2.31E-10
 2.35E-10 2.32E-10 2.17E-10 1.88E-10 1.57E-10 1.39E-10
  192.148    7  14 /pl=01:ss=11:pb= 1:sz=11/type=excit/ispb = t/isel =   41
 1.00E+10 1.00E+11 1.00E+12 1.00E+13 1.00E+14 1.00E+15 1.00E+16
 2.48E+00 3.72E+00 6.20E+00 1.24E+01 2.48E+01 6.20E+01 1.24E+02 1.86E+02
 2.48E+02 3.72E+02 6.20E+02 1.24E+03 2.48E+03 3.72E+03
 1.62E-24 2.76E-20 5.85E-17 1.76E-14 4.09E-13 2.95E-12 9.71E-12 2.00E-11
 2.94E-11 4.23E-11 5.24E-11 5.34E-11 4.55E-11 3.96E-11
 1.38E-23 2.22E-19 4.32E-16 1.20E-13 2.51E-12 1.39E-11 3.64E-11 6.64E-11
 9.16E-11 1.23E-10 1.44E-10 1.43E-10 1.23E-10 1.09E-10
 1.16E-22 1.54E-18 2.34E-15 5.08E-13 8.42E-12 4.41E-11 1.09E-10 1.80E-10
 2.30E-10 2.81E-10 3.04E-10 2.85E-10 2.39E-10 2.09E-10
 6.95E-22 7.95E-18 9.97E-15 1.89E-12 3.44E-11 1.86E-10 3.55E-10 4.51E-10
 4.93E-10 5.17E-10 5.05E-10 4.48E-10 3.72E-10 3.27E-10
 1.81E-21 2.73E-17 4.16E-14 7.45E-12 9.65E-11 3.69E-10 5.26E-10 5.73E-10
 5.87E-10 5.85E-10 5.57E-10 4.88E-10 4.06E-10 3.59E-10
 2.17E-21 3.78E-17 6.86E-14 1.19E-11 1.21E-10 4.11E-10 5.54E-10 5.90E-10
 5.99E-10 5.94E-10 5.63E-10 4.93E-10 4.10E-10 3.63E-10
 2.20E-21 3.92E-17 7.31E-14 1.26E-11 1.24E-10 4.15E-10 5.58E-10 5.93E-10
 6.02E-10 5.96E-10 5.65E-10 4.94E-10 4.11E-10 3.63E-10
  217.719    7  14 /pl=01:ss=11:pb= 1:sz=11/type=excit/ispb = t/isel =   42
 1.00E+10 1.00E+11 1.00E+12 1.00E+13 1.00E+14 1.00E+15 1.00E+16
 2.48E+00 3.72E+00 6.20E+00 1.24E+01 2.48E+01 6.20E+01 1.24E+02 1.86E+02
 2.48E+02 3.72E+02 6.20E+02 1.24E+03 2.48E+03 3.72E+03
 2.64E-18 4.51E-15 1.60E-12 1.12E-10 7.99E-10 2.11E-09 2.55E-09 2.58E-09
 2.54E-09 2.41E-09 2.20E-09 1.85E-09 1.51E-09 1.33E-09
 2.63E-18 4.51E-15 1.59E-12 1.11E-10 7.92E-10 2.08E-09 2.48E-09 2.46E-09
 2.37E-09 2.20E-09 1.96E-09 1.62E-09 1.32E-09 1.16E-09
 2.63E-18 4.49E-15 1.58E-12 1.09E-10 7.71E-10 1.98E-09 2.27E-09 2.12E-09
 1.97E-09 1.75E-09 1.50E-09 1.23E-09 9.96E-10 8.81E-10
 2.61E-18 4.39E-15 1.52E-12 1.03E-10 6.78E-10 1.54E-09 1.52E-09 1.31E-09
 1.19E-09 1.05E-09 9.15E-10 7.52E-10 6.09E-10 5.37E-10
 2.58E-18 4.11E-15 1.29E-12 7.82E-11 4.54E-10 9.60E-10 9.97E-10 9.44E-10
 9.05E-10 8.46E-10 7.62E-10 6.34E-10 5.10E-10 4.44E-10
 2.56E-18 3.96E-15 1.10E-12 5.83E-11 3.65E-10 8.26E-10 9.11E-10 8.93E-10
 8.68E-10 8.21E-10 7.43E-10 6.19E-10 4.98E-10 4.33E-10
 2.54E-18 3.91E-15 1.05E-12 5.45E-11 3.51E-10 8.06E-10 8.91E-10 8.74E-10
 8.51E-10 8.06E-10 7.31E-10 6.11E-10 4.92E-10 4.28E-10
  218.407    7  14 /pl=01:ss=11:pb= 1:sz=11/type=excit/ispb = t/isel =   43
 1.00E+10 1.00E+11 1.00E+12 1.00E+13 1.00E+14 1.00E+15 1.00E+16
 2.48E+00 3.72E+00 6.20E+00 1.24E+01 2.48E+01 6.20E+01 1.24E+02 1.86E+02
 2.48E+02 3.72E+02 6.20E+02 1.24E+03 2.48E+03 3.72E+03
 3.69E-25 6.29E-21 1.33E-17 4.01E-15 9.31E-14 6.71E-13 2.21E-12 4.55E-12
 6.70E-12 9.63E-12 1.19E-11 1.22E-11 1.04E-11 9.02E-12
 3.14E-24 5.05E-20 9.84E-17 2.74E-14 5.73E-13 3.18E-12 8.30E-12 1.51E-11
 2.09E-11 2.79E-11 3.28E-11 3.26E-11 2.81E-11 2.47E-11
 2.64E-23 3.50E-19 5.33E-16 1.16E-13 1.92E-12 1.00E-11 2.47E-11 4.09E-11
 5.24E-11 6.40E-11 6.93E-11 6.48E-11 5.43E-11 4.75E-11
 1.58E-22 1.81E-18 2.27E-15 4.30E-13 7.83E-12 4.25E-11 8.08E-11 1.03E-10
 1.12E-10 1.18E-10 1.15E-10 1.02E-10 8.47E-11 7.45E-11
 4.11E-22 6.21E-18 9.47E-15 1.70E-12 2.20E-11 8.39E-11 1.20E-10 1.31E-10
 1.34E-10 1.33E-10 1.27E-10 1.11E-10 9.25E-11 8.17E-11
 4.95E-22 8.61E-18 1.56E-14 2.71E-12 2.76E-11 9.36E-11 1.26E-10 1.34E-10
 1.36E-10 1.35E-10 1.28E-10 1.12E-10 9.34E-11 8.25E-11
 5.02E-22 8.92E-18 1.67E-14 2.88E-12 2.83E-11 9.45E-11 1.27E-10 1.35E-10
 1.37E-10 1.36E-10 1.29E-10 1.12E-10 9.36E-11 8.27E-11
  267.708    7  14 /pl=01:ss=11:pb= 1:sz=11/type=excit/ispb = t/isel =   44
 1.00E+10 1.00E+11 1.00E+12 1.00E+13 1.00E+14 1.00E+15 1.00E+16
 2.48E+00 3.72E+00 6.20E+00 1.24E+01 2.48E+01 6.20E+01 1.24E+02 1.86E+02
 2.48E+02 3.72E+02 6.20E+02 1.24E+03 2.48E+03 3.72E+03
 5.07E-21 8.69E-18 3.08E-15 2.15E-13 1.54E-12 4.06E-12 4.92E-12 4.97E-12
 4.89E-12 4.65E-12 4.23E-12 3.57E-12 2.91E-12 2.57E-12
 5.07E-21 8.69E-18 3.07E-15 2.14E-13 1.52E-12 4.00E-12 4.78E-12 4.73E-12
 4.57E-12 4.24E-12 3.78E-12 3.13E-12 2.54E-12 2.23E-12
 5.07E-21 8.64E-18 3.04E-15 2.11E-13 1.48E-12 3.82E-12 4.36E-12 4.09E-12
 3.79E-12 3.36E-12 2.89E-12 2.36E-12 1.92E-12 1.70E-12
 5.03E-21 8.46E-18 2.93E-15 1.99E-13 1.31E-12 2.96E-12 2.92E-12 2.53E-12
 2.28E-12 2.02E-12 1.76E-12 1.45E-12 1.17E-12 1.03E-12
 4.96E-21 7.92E-18 2.49E-15 1.51E-13 8.75E-13 1.85E-12 1.92E-12 1.82E-12
 1.74E-12 1.63E-12 1.47E-12 1.22E-12 9.82E-13 8.56E-13
 4.93E-21 7.62E-18 2.11E-15 1.12E-13 7.03E-13 1.59E-12 1.75E-12 1.72E-12
 1.67E-12 1.58E-12 1.43E-12 1.19E-12 9.58E-13 8.34E-13
 4.88E-21 7.52E-18 2.03E-15 1.05E-13 6.77E-13 1.55E-12 1.72E-12 1.68E-12
 1.64E-12 1.55E-12 1.41E-12 1.18E-12 9.47E-13 8.25E-13
  569.476    7  14 /pl=01:ss=11:pb= 1:sz=11/type=excit/ispb = t/isel =   45
 1.00E+10 1.00E+11 1.00E+12 1.00E+13 1.00E+14 1.00E+15 1.00E+16
 2.48E+00 3.72E+00 6.20E+00 1.24E+01 2.48E+01 6.20E+01 1.24E+02 1.86E+02
 2.48E+02 3.72E+02 6.20E+02 1.24E+03 2.48E+03 3.72E+03
 1.00E-74 1.00E-74 1.88E-36 2.47E-23 7.50E-17 4.58E-13 7.03E-12 1.61E-11
 2.34E-11 3.23E-11 3.86E-11 3.89E-11 3.39E-11 3.01E-11
 1.00E-74 1.00E-74 1.87E-36 2.46E-23 7.43E-17 4.51E-13 6.83E-12 1.53E-11
 2.19E-11 2.95E-11 3.44E-11 3.40E-11 2.94E-11 2.62E-11
 1.00E-74 1.00E-74 1.86E-36 2.42E-23 7.24E-17 4.31E-13 6.24E-12 1.32E-11
 1.81E-11 2.33E-11 2.63E-11 2.56E-11 2.22E-11 1.98E-11
 1.00E-74 1.00E-74 1.79E-36 2.28E-23 6.36E-17 3.34E-13 4.18E-12 8.15E-12
 1.09E-11 1.40E-11 1.59E-11 1.56E-11 1.35E-11 1.20E-11
 1.00E-74 1.00E-74 1.52E-36 1.73E-23 4.26E-17 2.09E-13 2.75E-12 5.86E-12
 8.31E-12 1.12E-11 1.32E-11 1.31E-11 1.12E-11 9.86E-12
 1.00E-74 1.00E-74 1.28E-36 1.28E-23 3.41E-17 1.79E-13 2.50E-12 5.53E-12
 7.95E-12 1.09E-11 1.29E-11 1.28E-11 1.09E-11 9.60E-12
 1.00E-74 1.00E-74 1.19E-36 1.16E-23 3.17E-17 1.69E-13 2.38E-12 5.28E-12
 7.61E-12 1.04E-11 1.24E-11 1.24E-11 1.07E-11 9.40E-12
  674.141    7  14 /pl=01:ss=11:pb= 1:sz=11/type=excit/ispb = t/isel =   46
 1.00E+10 1.00E+11 1.00E+12 1.00E+13 1.00E+14 1.00E+15 1.00E+16
 2.48E+00 3.72E+00 6.20E+00 1.24E+01 2.48E+01 6.20E+01 1.24E+02 1.86E+02
 2.48E+02 3.72E+02 6.20E+02 1.24E+03 2.48E+03 3.72E+03
 2.25E-16 1.93E-15 1.07E-14 1.02E-13 7.58E-13 3.17E-12 8.58E-12 1.66E-11
 2.43E-11 3.53E-11 4.56E-11 5.04E-11 4.77E-11 4.43E-11
 1.86E-15 1.52E-14 7.34E-14 3.36E-13 1.85E-12 7.24E-12 1.81E-11 3.34E-11
 4.70E-11 6.54E-11 8.12E-11 8.79E-11 8.31E-11 7.76E-11
 1.14E-14 8.01E-14 3.11E-13 9.73E-13 3.36E-12 9.47E-12 2.06E-11 3.39E-11
 4.39E-11 5.55E-11 6.42E-11 6.81E-11 6.65E-11 6.42E-11
 1.85E-14 1.22E-13 4.25E-13 1.13E-12 2.94E-12 6.13E-12 9.63E-12 1.20E-11
 1.32E-11 1.42E-11 1.49E-11 1.54E-11 1.55E-11 1.55E-11
 5.77E-15 5.17E-14 2.27E-13 5.70E-13 9.35E-13 1.28E-12 1.49E-12 1.59E-12
 1.64E-12 1.68E-12 1.72E-12 1.76E-12 1.79E-12 1.80E-12
 7.10E-16 7.36E-15 3.86E-14 9.35E-14 1.19E-13 1.44E-13 1.58E-13 1.64E-13
 1.68E-13 1.71E-13 1.74E-13 1.78E-13 1.81E-13 1.83E-13
 7.26E-17 7.68E-16 4.14E-15 1.00E-14 1.22E-14 1.45E-14 1.59E-14 1.66E-14
 1.69E-14 1.72E-14 1.75E-14 1.79E-14 1.82E-14 1.84E-14
  730.994    7  14 /pl=01:ss=11:pb= 1:sz=11/type=excit/ispb = t/isel =   47
 1.00E+10 1.00E+11 1.00E+12 1.00E+13 1.00E+14 1.00E+15 1.00E+16
 2.48E+00 3.72E+00 6.20E+00 1.24E+01 2.48E+01 6.20E+01 1.24E+02 1.86E+02
 2.48E+02 3.72E+02 6.20E+02 1.24E+03 2.48E+03 3.72E+03
 1.00E-74 1.00E-74 2.06E-37 1.86E-24 4.98E-18 4.68E-14 1.26E-12 3.75E-12
 6.30E-12 1.02E-11 1.42E-11 1.70E-11 1.72E-11 1.67E-11
 1.00E-74 1.00E-74 2.07E-37 1.87E-24 4.97E-18 4.64E-14 1.24E-12 3.60E-12
 5.96E-12 9.47E-12 1.29E-11 1.52E-11 1.53E-11 1.48E-11
 1.00E-74 1.00E-74 2.12E-37 1.88E-24 4.95E-18 4.51E-14 1.16E-12 3.22E-12
 5.16E-12 7.90E-12 1.05E-11 1.22E-11 1.22E-11 1.19E-11
 1.00E-74 1.00E-74 2.30E-37 1.91E-24 4.80E-18 3.89E-14 8.79E-13 2.30E-12
 3.62E-12 5.51E-12 7.38E-12 8.55E-12 8.55E-12 8.24E-12
 1.00E-74 1.00E-74 3.03E-37 2.02E-24 4.44E-18 3.09E-14 6.84E-13 1.88E-12
 3.05E-12 4.81E-12 6.56E-12 7.65E-12 7.59E-12 7.27E-12
 1.00E-74 1.00E-74 3.58E-37 2.08E-24 4.22E-18 2.87E-14 6.42E-13 1.80E-12
 2.94E-12 4.67E-12 6.40E-12 7.48E-12 7.43E-12 7.11E-12
 1.00E-74 1.00E-74 3.08E-37 1.79E-24 3.62E-18 2.47E-14 5.57E-13 1.57E-12
 2.59E-12 4.15E-12 5.76E-12 6.85E-12 6.92E-12 6.68E-12
  777.605    7  14 /pl=01:ss=11:pb= 1:sz=11/type=excit/ispb = t/isel =   48
 1.00E+10 1.00E+11 1.00E+12 1.00E+13 1.00E+14 1.00E+15 1.00E+16
 2.48E+00 3.72E+00 6.20E+00 1.24E+01 2.48E+01 6.20E+01 1.24E+02 1.86E+02
 2.48E+02 3.72E+02 6.20E+02 1.24E+03 2.48E+03 3.72E+03
 1.00E-74 1.00E-74 1.99E-36 1.63E-23 3.95E-17 2.27E-13 3.86E-12 9.57E-12
 1.47E-11 2.18E-11 2.82E-11 3.11E-11 2.95E-11 2.75E-11
 1.00E-74 1.00E-74 1.99E-36 1.62E-23 3.92E-17 2.23E-13 3.76E-12 9.16E-12
 1.39E-11 2.02E-11 2.56E-11 2.78E-11 2.62E-11 2.44E-11
 1.00E-74 1.00E-74 1.97E-36 1.60E-23 3.82E-17 2.14E-13 3.46E-12 8.05E-12
 1.18E-11 1.65E-11 2.04E-11 2.19E-11 2.08E-11 1.94E-11
 1.00E-74 1.00E-74 1.92E-36 1.52E-23 3.39E-17 1.69E-13 2.43E-12 5.33E-12
 7.73E-12 1.09E-11 1.37E-11 1.49E-11 1.42E-11 1.33E-11
 1.00E-74 1.00E-74 1.70E-36 1.19E-23 2.35E-17 1.11E-13 1.71E-12 4.10E-12
 6.25E-12 9.24E-12 1.19E-11 1.32E-11 1.25E-11 1.16E-11
 1.00E-74 1.00E-74 1.48E-36 9.06E-24 1.90E-17 9.61E-14 1.57E-12 3.87E-12
 5.98E-12 8.93E-12 1.16E-11 1.28E-11 1.22E-11 1.13E-11
 1.00E-74 1.00E-74 1.18E-36 7.16E-24 1.55E-17 8.07E-14 1.34E-12 3.36E-12
 5.24E-12 7.91E-12 1.04E-11 1.18E-11 1.13E-11 1.06E-11
  1165.95    7  14 /pl=01:ss=11:pb= 1:sz=11/type=excit/ispb = t/isel =   49
 1.00E+10 1.00E+11 1.00E+12 1.00E+13 1.00E+14 1.00E+15 1.00E+16
 2.48E+00 3.72E+00 6.20E+00 1.24E+01 2.48E+01 6.20E+01 1.24E+02 1.86E+02
 2.48E+02 3.72E+02 6.20E+02 1.24E+03 2.48E+03 3.72E+03
 6.77E-14 2.36E-13 6.06E-13 1.41E-12 3.67E-12 8.69E-12 1.92E-11 3.49E-11
 4.96E-11 7.08E-11 9.13E-11 1.04E-10 1.05E-10 1.01E-10
 6.56E-14 2.21E-13 5.39E-13 1.16E-12 2.50E-12 4.33E-12 8.39E-12 1.43E-11
 1.93E-11 2.61E-11 3.25E-11 3.72E-11 3.88E-11 3.89E-11
 5.22E-14 1.46E-13 2.82E-13 4.74E-13 7.87E-13 1.25E-12 2.33E-12 3.64E-12
 4.60E-12 5.69E-12 6.54E-12 7.06E-12 7.20E-12 7.19E-12
 2.69E-14 6.51E-14 1.04E-13 1.53E-13 2.87E-13 4.90E-13 7.19E-13 8.69E-13
 9.41E-13 1.00E-12 1.04E-12 1.06E-12 1.06E-12 1.06E-12
 6.61E-15 2.10E-14 4.04E-14 5.65E-14 7.80E-14 9.57E-14 1.06E-13 1.10E-13
 1.11E-13 1.13E-13 1.14E-13 1.15E-13 1.15E-13 1.15E-13
 7.91E-16 2.89E-15 6.60E-15 8.95E-15 9.77E-15 1.07E-14 1.11E-14 1.13E-14
 1.14E-14 1.14E-14 1.15E-14 1.16E-14 1.16E-14 1.16E-14
 8.07E-17 3.01E-16 7.06E-16 9.53E-16 1.00E-15 1.08E-15 1.12E-15 1.14E-15
 1.14E-15 1.15E-15 1.15E-15 1.16E-15 1.16E-15 1.17E-15
  1598.20    7  14 /pl=01:ss=11:pb= 1:sz=11/type=excit/ispb = t/isel =   50
 1.00E+10 1.00E+11 1.00E+12 1.00E+13 1.00E+14 1.00E+15 1.00E+16
 2.48E+00 3.72E+00 6.20E+00 1.24E+01 2.48E+01 6.20E+01 1.24E+02 1.86E+02
 2.48E+02 3.72E+02 6.20E+02 1.24E+03 2.48E+03 3.72E+03
 1.31E-16 1.13E-15 6.21E-15 5.92E-14 4.41E-13 1.85E-12 5.00E-12 9.69E-12
 1.41E-11 2.06E-11 2.66E-11 2.93E-11 2.78E-11 2.58E-11
 1.08E-15 8.87E-15 4.27E-14 1.96E-13 1.08E-12 4.22E-12 1.06E-11 1.95E-11
 2.74E-11 3.81E-11 4.73E-11 5.12E-11 4.84E-11 4.52E-11
 6.65E-15 4.67E-14 1.81E-13 5.66E-13 1.96E-12 5.52E-12 1.20E-11 1.97E-11
 2.56E-11 3.23E-11 3.74E-11 3.96E-11 3.88E-11 3.74E-11
 1.08E-14 7.09E-14 2.47E-13 6.58E-13 1.71E-12 3.57E-12 5.61E-12 6.97E-12
 7.67E-12 8.28E-12 8.70E-12 8.97E-12 9.05E-12 9.05E-12
 3.36E-15 3.01E-14 1.32E-13 3.32E-13 5.44E-13 7.46E-13 8.69E-13 9.25E-13
 9.52E-13 9.78E-13 1.00E-12 1.02E-12 1.04E-12 1.05E-12
 4.13E-16 4.29E-15 2.25E-14 5.45E-14 6.93E-14 8.36E-14 9.20E-14 9.57E-14
 9.77E-14 9.96E-14 1.02E-13 1.04E-13 1.06E-13 1.07E-13
 4.23E-17 4.48E-16 2.41E-15 5.82E-15 7.13E-15 8.47E-15 9.29E-15 9.64E-15
 9.83E-15 1.00E-14 1.02E-14 1.04E-14 1.06E-14 1.07E-14
c-------------------------------------------------------------------------------
 
C  root partition information
C  ==========================
C
C  nuclear charge : 18
C  ion charge+1   : 12
C
C  population calculation information
C  ----------------------------------
C
C  population processing code: adas810
C
C  adf04 source file    : adf04_copmm#18_ls_40#ar11.dat
C  adf18/a17_p208 file  : NULL
C
C  meta. ion. coeff. selector  : 
 
C  options  : lnorm =T  lpsel =F  lzsel =T  liosel=F
C           : lhsel =F  lrsel =F  lisel =F  lnsel =F
 
C  energy levels
C  -------------
C
C   lv      configuration    (2S+1)L(w-1/2)      energy (cm^-1)
C  ---   ------------------- --------------      --------------
c    1   22533                  (4)0(  1.5)             0.0
c    2   22533                  (2)2(  4.5)         85766.8
c    3   22533                  (2)1(  2.5)        148337.0
c    4   12543                  (4)1(  5.5)        459308.0
c    5   12543                  (2)2(  4.5)        606198.0
c    6   12543                  (2)0(  0.5)        690268.0
c    7   12543                  (2)1(  2.5)        730198.0
c    8   22523514               (4)1(  5.5)       2881748.0
c    9   22523514               (2)1(  2.5)       2905448.0
c   10   22523514               (2)2(  4.5)       2951848.0
c   11   22523515               (2)0(  0.5)       2993448.0
c   12   22523515               (4)2(  9.5)       3010348.0
c   13   22523515               (4)1(  5.5)       3018548.0
c   14   22523515               (2)2(  4.5)       3036548.0
c   15   22523514               (2)0(  0.5)       3040648.0
c   16   22523515               (2)1(  2.5)       3051448.0
c   17   22523515               (4)0(  1.5)       3057348.0
c   18   22523515               (2)3(  6.5)       3082748.0
c   19   22523515               (2)2(  4.5)       3112348.0
c   20   22523515               (2)1(  2.5)       3127348.0
c   21   22523516               (4)3( 13.5)       3157948.0
c   22   22523516               (2)1(  2.5)       3169148.0
c   23   22523516               (4)2(  9.5)       3170748.0
c   24   22523515               (2)1(  2.5)       3184748.0
c   25   22523516               (2)3(  6.5)       3186648.0
c   26   22523516               (4)1(  5.5)       3188648.0
c   27   22523516               (2)2(  4.5)       3221748.0
c   28   22523516               (2)4(  8.5)       3236048.0
c   29   12533515               (6)1(  8.5)       3238348.0
c   30   22523516               (2)2(  4.5)       3247848.0
c   31   22523516               (2)3(  6.5)       3256248.0
c   32   22523516               (2)1(  2.5)       3265348.0
c   33   22523516               (2)0(  0.5)       3271248.0
c   34   12533515               (4)1(  5.5)       3279648.0
c   35   22523516               (2)2(  4.5)       3335848.0
c   36   12533516               (6)2( 14.5)       3383148.0
c   37   12533515               (4)2(  9.5)       3416348.0
c   38   12533515               (4)3( 13.5)       3424248.0
c   39   12533515               (2)1(  2.5)       3432248.0
c   40   12533515               (2)3(  6.5)       3437548.0
c   41   12533516               (4)2(  9.5)       3438648.0
c   42   12533515               (4)1(  5.5)       3462148.0
c   43   12533515               (2)2(  4.5)       3476848.0
c   44   12533515               (4)0(  1.5)       3481348.0
c   45   12533515               (4)2(  9.5)       3484948.0
c   46   12533515               (2)1(  2.5)       3504348.0
c   47   12533515               (4)1(  5.5)       3507248.0
c   48   12533515               (2)2(  4.5)       3516148.0
c   49   12533515               (2)0(  0.5)       3553548.0
c   50   12533516               (4)3( 13.5)       3560248.0
c   51   12533516               (4)4( 17.5)       3568648.0
c   52   12533516               (4)2(  9.5)       3582148.0
c   53   12533516               (2)0(  0.5)       3587348.0
c   54   12533516               (2)4(  8.5)       3590548.0
c   55   12533516               (4)1(  5.5)       3594548.0
c   56   12533516               (2)1(  2.5)       3601748.0
c   57   12533516               (4)0(  1.5)       3607448.0
c   58   12533515               (4)1(  5.5)       3611948.0
c   59   12533515               (2)3(  6.5)       3612248.0
c   60   12533516               (2)2(  4.5)       3612948.0
c   61   12533515               (2)1(  2.5)       3624248.0
c   62   12533516               (2)3(  6.5)       3626748.0
c   63   12533516               (4)3( 13.5)       3630848.0
c   64   12533515               (2)2(  4.5)       3635048.0
c   65   12533516               (4)1(  5.5)       3636248.0
c   66   12533515               (2)1(  2.5)       3646648.0
c   67   12533516               (4)2(  9.5)       3648148.0
c   68   12533516               (2)2(  4.5)       3666448.0
c   69   12533516               (2)3(  6.5)       3670548.0
c   70   12533515               (2)2(  4.5)       3680148.0
c   71   12533515               (2)0(  0.5)       3698948.0
c   72   12533516               (2)1(  2.5)       3699048.0
c   73   12533515               (2)1(  2.5)       3700848.0
c   74   12533516               (4)2(  9.5)       3758048.0
c   75   12533516               (2)4(  8.5)       3759448.0
c   76   12533516               (2)3(  6.5)       3772448.0
c   77   12533516               (2)2(  4.5)       3778548.0
c   78   12533516               (2)1(  2.5)       3782448.0
c   79   12533516               (2)2(  4.5)       3787348.0
c   80   12533516               (2)0(  0.5)       3790148.0
c   81   12533516               (2)3(  6.5)       3826448.0
c   82   12533516               (2)1(  2.5)       3840548.0
c   83   12533516               (2)2(  4.5)       3843348.0
c   84   22523517               (4)1(  5.5)       3875448.0
c   85   22523517               (2)1(  2.5)       3884948.0
c   86   22523518               (2)0(  0.5)       3919948.0
c   87   22523518               (4)2(  9.5)       3925848.0
c   88   22523518               (4)1(  5.5)       3931148.0
c   89   22523517               (2)2(  4.5)       3940848.0
c   90   22523518               (2)2(  4.5)       3940848.0
c   91   22523518               (4)0(  1.5)       3943648.0
c   92   22523518               (2)1(  2.5)       3947748.0
c   93   22523519               (4)3( 13.5)       3979948.0
c   94   22523519               (4)2(  9.5)       3985348.0
c   95   22523519               (2)1(  2.5)       3989248.0
c   96   22523518               (2)3(  6.5)       3993448.0
c   97   22523519               (4)1(  5.5)       3996148.0
c   98   22523519               (2)3(  6.5)       3997248.0
c   99   22523518               (2)2(  4.5)       3997948.0
c  100   22523518               (2)1(  2.5)       4004648.0
c  101   22523519               (2)2(  4.5)       4007948.0
c  102   2252351A               (4)4( 17.5)       4009548.0
c  103   2252351A               (4)2(  9.5)       4012848.0
c  104   2252351A               (2)2(  4.5)       4013748.0
c  105   2252351A               (2)4(  8.5)       4015948.0
c  106   2252351A               (4)3( 13.5)       4020848.0
c  107   2252351A               (2)3(  6.5)       4023648.0
c  108   22523517               (2)0(  0.5)       4029848.0
c  109   22523519               (2)4(  8.5)       4049348.0
c  110   22523519               (2)3(  6.5)       4052548.0
c  111   22523519               (2)2(  4.5)       4054748.0
c  112   22523519               (2)1(  2.5)       4059548.0
c  113   22523519               (2)0(  0.5)       4062348.0
c  114   2252351A               (2)4(  8.5)       4075148.0
c  115   2252351A               (2)3(  6.5)       4076148.0
c  116   2252351A               (2)5( 10.5)       4078748.0
c  117   2252351A               (2)2(  4.5)       4079448.0
c  118   2252351A               (2)1(  2.5)       4082648.0
c  119   22523518               (2)1(  2.5)       4085748.0
c  120   22523519               (2)2(  4.5)       4142048.0
c  121   12533518               (6)1(  8.5)       4152048.0
c  122   2252351A               (2)3(  6.5)       4167248.0
c  123   12533518               (4)1(  5.5)       4168148.0
c  124   12533519               (6)2( 14.5)       4205748.0
c  125   12533519               (4)2(  9.5)       4227648.0
c  126   2252351B               (4)1(  5.5)       4302748.0
c  127   2252351B               (2)1(  2.5)       4309048.0
c  128   2252351C               (2)0(  0.5)       4323448.0
c  129   2252351C               (4)2(  9.5)       4327348.0
c  130   12533518               (4)2(  9.5)       4331248.0
c  131   2252351C               (4)1(  5.5)       4331948.0
c  132   12533518               (4)3( 13.5)       4333148.0
c  133   2252351C               (2)2(  4.5)       4337148.0
c  134   12533518               (2)3(  6.5)       4337848.0
c  135   12533518               (2)1(  2.5)       4338148.0
c  136   2252351C               (4)0(  1.5)       4339948.0
c  137   2252351C               (2)1(  2.5)       4342448.0
c  138   12533518               (4)1(  5.5)       4345148.0
c  139   2252351D               (4)3( 13.5)       4353448.0
c  140   12533518               (2)2(  4.5)       4353748.0
c  141   2252351D               (2)1(  2.5)       4357248.0
c  142   2252351D               (4)1(  5.5)       4360448.0
c  143   2252351D               (4)2(  9.5)       4361848.0
c  144   2252351D               (2)3(  6.5)       4364848.0
c  145   2252351E               (4)4( 17.5)       4367048.0
c  146   2252351B               (2)2(  4.5)       4367448.0
c  147   2252351E               (2)2(  4.5)       4371448.0
c  148   2252351D               (2)2(  4.5)       4371648.0
c  149   2252351E               (2)4(  8.5)       4373648.0
c  150   2252351E               (4)2(  9.5)       4373948.0
c  151   2252351E               (4)3( 13.5)       4375348.0
c  152   2252351E               (2)3(  6.5)       4380248.0
c  153   12533519               (4)3( 13.5)       4385248.0
c  154   12533519               (4)4( 17.5)       4387848.0
c  155   12533519               (4)2(  9.5)       4390948.0
c  156   12533518               (4)0(  1.5)       4392848.0
c  157   2252351C               (2)3(  6.5)       4393848.0
c  158   12533518               (4)2(  9.5)       4394348.0
c  159   12533519               (2)0(  0.5)       4394748.0
c  160   2252351C               (2)2(  4.5)       4395248.0
c  161   12533519               (2)4(  8.5)       4395348.0
c  162   12533519               (4)1(  5.5)       4396948.0
c  163   2252351C               (2)1(  2.5)       4398448.0
c  164   12533519               (2)1(  2.5)       4400248.0
c  165   12533518               (2)1(  2.5)       4400848.0
c  166   12533518               (4)1(  5.5)       4401348.0
c  167   12533519               (4)0(  1.5)       4401448.0
c  168   12533518               (2)2(  4.5)       4405048.0
c  169   12533519               (2)2(  4.5)       4406348.0
c  170   12533519               (2)3(  6.5)       4409748.0
c  171   12533518               (2)0(  0.5)       4420448.0
c  172   2252351D               (2)3(  6.5)       4421448.0
c  173   2252351D               (2)4(  8.5)       4421748.0
c  174   2252351D               (2)2(  4.5)       4423548.0
c  175   2252351D               (2)1(  2.5)       4425848.0
c  176   2252351D               (2)0(  0.5)       4427048.0
c  177   2252351E               (2)4(  8.5)       4434048.0
c  178   2252351E               (2)3(  6.5)       4434448.0
c  179   2252351E               (2)5( 10.5)       4435948.0
c  180   2252351E               (2)2(  4.5)       4436048.0
c  181   2252351E               (2)1(  2.5)       4437648.0
c  182   12533519               (4)3( 13.5)       4448248.0
c  183   12533519               (4)1(  5.5)       4450348.0
c  184   12533519               (4)2(  9.5)       4454948.0
c  185   2252351B               (2)0(  0.5)       4456948.0
c  186   12533519               (2)2(  4.5)       4459548.0
c  187   12533519               (2)3(  6.5)       4463848.0
c  188   12533519               (2)1(  2.5)       4473448.0
c  189   2252351C               (2)1(  2.5)       4484448.0
c  190   2252351D               (2)2(  4.5)       4511948.0
c  191   12533518               (2)1(  2.5)       4517648.0
c  192   12533518               (4)1(  5.5)       4517848.0
c  193   12533518               (2)3(  6.5)       4518848.0
c  194   12533518               (2)2(  4.5)       4524248.0
c  195   2252351E               (2)3(  6.5)       4524748.0
c  196   2252351G               (4)1(  5.5)       4527748.0
c  197   2252351G               (2)1(  2.5)       4531448.0
c  198   2252351H               (2)0(  0.5)       4536848.0
c  199   12533518               (2)1(  2.5)       4540248.0
c  200   2252351H               (4)1(  5.5)       4541248.0
c  201   2252351H               (4)2(  9.5)       4541648.0
c  202   2252351H               (2)2(  4.5)       4547648.0
c  203   2252351H               (4)0(  1.5)       4551148.0
c  204   2252351H               (2)1(  2.5)       4552648.0
c  205   1253351C               (6)1(  8.5)       4553748.0
c  206   2252351I               (4)1(  5.5)       4555748.0
c  207   2252351I               (4)3( 13.5)       4556048.0
c  208   2252351I               (2)1(  2.5)       4557448.0
c  209   2252351J               (2)2(  4.5)       4559848.0
c  210   1253351C               (4)1(  5.5)       4561648.0
c  211   2252351I               (4)2(  9.5)       4562048.0
c  212   2252351I               (2)3(  6.5)       4563048.0
c  213   2252351J               (4)4( 17.5)       4563248.0
c  214   2252351J               (4)2(  9.5)       4564148.0
c  215   2252351J               (2)4(  8.5)       4568048.0
c  216   2252351I               (2)2(  4.5)       4568848.0
c  217   2252351J               (4)3( 13.5)       4572348.0
c  218   12533519               (2)4(  8.5)       4573848.0
c  219   2252351J               (2)3(  6.5)       4573948.0
c  220   12533519               (4)2(  9.5)       4574748.0
c  221   12533519               (2)2(  4.5)       4574948.0
c  222   12533519               (2)3(  6.5)       4577748.0
c  223   1253351D               (6)2( 14.5)       4579848.0
c  224   12533518               (2)2(  4.5)       4580948.0
c  225   12533519               (2)1(  2.5)       4581948.0
c  226   12533519               (2)0(  0.5)       4583748.0
c  227   12533518               (2)1(  2.5)       4584348.0
c  228   12533518               (2)0(  0.5)       4588448.0
c  229   1253351D               (4)2(  9.5)       4590648.0
c  230   2252351G               (2)2(  4.5)       4591948.0
c  231   12533519               (2)2(  4.5)       4592848.0
c  232   2252351H               (2)3(  6.5)       4606148.0
c  233   2252351H               (2)2(  4.5)       4606948.0
c  234   2252351H               (2)1(  2.5)       4608648.0
c  235   2252351I               (2)3(  6.5)       4621448.0
c  236   2252351I               (2)4(  8.5)       4621748.0
c  237   2252351I               (2)2(  4.5)       4622748.0
c  238   2252351I               (2)1(  2.5)       4623948.0
c  239   2252351I               (2)0(  0.5)       4624748.0
c  240   2252351J               (2)4(  8.5)       4628948.0
c  241   2252351J               (2)3(  6.5)       4629048.0
c  242   2252351J               (2)2(  4.5)       4629548.0
c  243   2252351J               (2)5( 10.5)       4629848.0
c  244   2252351J               (2)1(  2.5)       4630148.0
c  245   12533519               (2)3(  6.5)       4637048.0
c  246   12533519               (2)2(  4.5)       4641448.0
c  247   12533519               (2)1(  2.5)       4641548.0
c  248   2252351M               (4)1(  5.5)       4659048.0
c  249   2252351M               (2)1(  2.5)       4663448.0
c  250   2252351N               (4)1(  5.5)       4666848.0
c  251   2252351N               (4)2(  9.5)       4667748.0
c  252   2252351N               (2)2(  4.5)       4672648.0
c  253   2252351N               (2)1(  2.5)       4673648.0
c  254   2252351O               (4)1(  5.5)       4675448.0
c  255   2252351O               (4)3( 13.5)       4676248.0
c  256   2252351N               (4)0(  1.5)       4676648.0
c  257   2252351N               (2)0(  0.5)       4676748.0
c  258   2252351O               (2)1(  2.5)       4677548.0
c  259   2252351P               (2)2(  4.5)       4677748.0
c  260   2252351P               (4)4( 17.5)       4680348.0
c  261   2252351G               (2)0(  0.5)       4680848.0
c  262   2252351O               (4)2(  9.5)       4682048.0
c  263   2252351O               (2)3(  6.5)       4682048.0
c  264   2252351P               (2)4(  8.5)       4685248.0
c  265   2252351P               (4)2(  9.5)       4685648.0
c  266   2252351P               (4)3( 13.5)       4686448.0
c  267   2252351O               (2)2(  4.5)       4687548.0
c  268   2252351P               (2)3(  6.5)       4690948.0
c  269   2252351H               (2)1(  2.5)       4696348.0
c  270   2252351I               (2)2(  4.5)       4711648.0
c  271   2252351J               (2)3(  6.5)       4719048.0
c  272   2252351M               (2)2(  4.5)       4722748.0
c  273   2252351N               (2)3(  6.5)       4732048.0
c  274   2252351N               (2)2(  4.5)       4732348.0
c  275   1253351C               (4)2(  9.5)       4732848.0
c  276   2252351N               (2)1(  2.5)       4733448.0
c  277   1253351C               (4)3( 13.5)       4733848.0
c  278   1253351C               (2)3(  6.5)       4736148.0
c  279   1253351C               (2)1(  2.5)       4736248.0
c  280   1253351C               (4)1(  5.5)       4738948.0
c  281   2252351O               (2)3(  6.5)       4741548.0
c  282   2252351O               (2)4(  8.5)       4741648.0
c  283   2252351O               (2)2(  4.5)       4742248.0
c  284   2252351O               (2)1(  2.5)       4743048.0
c  285   2252351O               (2)0(  0.5)       4743448.0
c  286   1253351C               (2)2(  4.5)       4743848.0
c  287   2252351P               (2)4(  8.5)       4746048.0
c  288   2252351P               (2)3(  6.5)       4746248.0
c  289   2252351P               (2)5( 10.5)       4746648.0
c  290   2252351P               (2)2(  4.5)       4746848.0
c  291   2252351P               (2)1(  2.5)       4747348.0
c  292   1253351D               (4)3( 13.5)       4759148.0
c  293   1253351D               (4)4( 17.5)       4760048.0
c  294   1253351D               (4)2(  9.5)       4761648.0
c  295   1253351D               (2)0(  0.5)       4763448.0
c  296   1253351D               (2)4(  8.5)       4763948.0
c  297   1253351D               (4)1(  5.5)       4764748.0
c  298   1253351H               (6)1(  8.5)       4766348.0
c  299   1253351D               (2)1(  2.5)       4766448.0
c  300   1253351D               (4)0(  1.5)       4767048.0
c  301   1253351D               (2)2(  4.5)       4769448.0
c  302   1253351H               (4)1(  5.5)       4770748.0
c  303   1253351D               (2)3(  6.5)       4771348.0
c  304   1253351I               (6)2( 14.5)       4781048.0
c  305   1253351I               (4)2(  9.5)       4787148.0
c  306   1253351C               (4)0(  1.5)       4794348.0
c  307   1253351C               (4)2(  9.5)       4795048.0
c  308   1253351C               (2)1(  2.5)       4798148.0
c  309   1253351C               (4)1(  5.5)       4798448.0
c  310   1253351C               (2)2(  4.5)       4800248.0
c  311   1253351C               (2)0(  0.5)       4807648.0
c  312   2252351M               (2)0(  0.5)       4812348.0
c  313   1253351D               (4)3( 13.5)       4821248.0
c  314   2252351N               (2)1(  2.5)       4821848.0
c  315   1253351D               (4)1(  5.5)       4822248.0
c  316   1253351D               (4)2(  9.5)       4824848.0
c  317   1253351D               (2)2(  4.5)       4826448.0
c  318   1253351D               (2)3(  6.5)       4828948.0
c  319   2252351O               (2)2(  4.5)       4831348.0
c  320   1253351D               (2)1(  2.5)       4833448.0
c  321   2252351P               (2)3(  6.5)       4835948.0
c  322   1253351C               (2)1(  2.5)       4917648.0
c  323   1253351C               (2)3(  6.5)       4918648.0
c  324   1253351C               (4)1(  5.5)       4918848.0
c  325   1253351C               (2)2(  4.5)       4920948.0
c  326   1253351C               (2)1(  2.5)       4928048.0
c  327   1253351D               (4)2(  9.5)       4945348.0
c  328   1253351H               (4)2(  9.5)       4945448.0
c  329   1253351D               (2)4(  8.5)       4945448.0
c  330   1253351H               (4)3( 13.5)       4945848.0
c  331   1253351D               (2)2(  4.5)       4946148.0
c  332   1253351H               (2)1(  2.5)       4947148.0
c  333   1253351D               (2)3(  6.5)       4947248.0
c  334   1253351H               (2)3(  6.5)       4947348.0
c  335   1253351H               (4)1(  5.5)       4948948.0
c  336   1253351D               (2)1(  2.5)       4949248.0
c  337   1253351D               (2)0(  0.5)       4949748.0
c  338   1253351H               (2)2(  4.5)       4951748.0
c  339   1253351D               (2)2(  4.5)       4954648.0
c  340   1253351I               (4)3( 13.5)       4960248.0
c  341   1253351I               (4)4( 17.5)       4960648.0
c  342   1253351I               (4)2(  9.5)       4961648.0
c  343   1253351I               (2)4(  8.5)       4962948.0
c  344   1253351I               (2)0(  0.5)       4963248.0
c  345   1253351I               (4)1(  5.5)       4963248.0
c  346   1253351I               (2)1(  2.5)       4964448.0
c  347   1253351I               (4)0(  1.5)       4964948.0
c  348   1253351I               (2)3(  6.5)       4966648.0
c  349   1253351I               (2)2(  4.5)       4967048.0
c  350   1253351C               (2)2(  4.5)       4980348.0
c  351   1253351C               (2)1(  2.5)       4981448.0
c  352   1253351C               (2)0(  0.5)       4983148.0
c  353   1253351H               (4)0(  1.5)       5006748.0
c  354   1253351H               (4)2(  9.5)       5007248.0
c  355   1253351D               (2)3(  6.5)       5007248.0
c  356   1253351D               (2)2(  4.5)       5008548.0
c  357   1253351H               (4)1(  5.5)       5009248.0
c  358   1253351H               (2)1(  2.5)       5009448.0
c  359   1253351D               (2)1(  2.5)       5009748.0
c  360   1253351H               (2)2(  4.5)       5009948.0
c  361   1253351H               (2)0(  0.5)       5014748.0
c  362   1253351I               (4)3( 13.5)       5021948.0
c  363   1253351I               (4)1(  5.5)       5022348.0
c  364   1253351I               (4)2(  9.5)       5024248.0
c  365   1253351I               (2)2(  4.5)       5025548.0
c  366   1253351I               (2)3(  6.5)       5026048.0
c  367   1253351I               (2)1(  2.5)       5029048.0
c  368   1253351H               (2)1(  2.5)       5130048.0
c  369   1253351H               (2)3(  6.5)       5130448.0
c  370   1253351H               (4)1(  5.5)       5130748.0
c  371   1253351H               (2)2(  4.5)       5131748.0
c  372   1253351H               (2)1(  2.5)       5135848.0
c  373   1253351I               (2)4(  8.5)       5145548.0
c  374   1253351I               (4)2(  9.5)       5145748.0
c  375   1253351I               (2)2(  4.5)       5145948.0
c  376   1253351I               (2)3(  6.5)       5146548.0
c  377   1253351I               (2)1(  2.5)       5147748.0
c  378   1253351I               (2)0(  0.5)       5148048.0
c  379   1253351I               (2)2(  4.5)       5150848.0
c  380   1253351H               (2)2(  4.5)       5191748.0
c  381   1253351H               (2)1(  2.5)       5192348.0
c  382   1253351H               (2)0(  0.5)       5193348.0
c  383   1253351I               (2)3(  6.5)       5206948.0
c  384   1253351I               (2)2(  4.5)       5207648.0
c  385   1253351I               (2)1(  2.5)       5208348.0
 
 
 
c-------------------------------------------------------------------------------
 
C  superstage partition information
C  ================================
C
C  element symbol   : AR
C  parent template  : 
C  partition level  :  1
C  superstage label : 11
C
C  tabulation       : photon emissivity coefft (te,ne)
C  units            : ph. emis coef(cm^3 s^-1); te (ev); ne (cm^-3)
C
C  photon emissivity atomic transitions
C  ------------------------------------
C  
C   isel  wvlen(A)            transition                type  ispb nspb
C                                                             ispp nspp sz    tg pr wr
C  ----- ---------- ----------------------------------- ----- ---- ---- --    -- -- --
C      1   21.9219  210(4)1(  5.5)-  1(4)0(  1.5)       excit   1    1  11   204 35  1
C      2   21.9503  206(4)1(  5.5)-  1(4)0(  1.5)       excit   1    1  11   200 32  2
C      3   22.1344  192(4)1(  5.5)-  1(4)0(  1.5)       excit   1    1  11   186 42  3
C      4   22.9261  143(4)2(  9.5)-  1(4)0(  1.5)       excit   1    1  11   139 48  4
C      5   22.9334  142(4)1(  5.5)-  1(4)0(  1.5)       excit   1    1  11   138 25  5
C      6   23.3936  142(4)1(  5.5)-  2(2)2(  4.5)       excit   1    1  11   515 37  6
C      7   23.9915  123(4)1(  5.5)-  1(4)0(  1.5)       excit   1    1  11   119 23  7
C      8   24.2052  229(4)2(  9.5)-  4(4)1(  5.5)       excit   1    1  11  1354 34  8
C      9   25.0241   97(4)1(  5.5)-  1(4)0(  1.5)       excit   1    1  11    95  6  9
C     10   25.0919   94(4)2(  9.5)-  1(4)0(  1.5)       excit   1    1  11    92 24 10
C     11   25.5658   98(2)3(  6.5)-  2(2)2(  4.5)       excit   1    1  11   471 44 11
C     12   26.5369  125(4)2(  9.5)-  4(4)1(  5.5)       excit   1    1  11  1251 21 12
C     13   27.6859   58(4)1(  5.5)-  1(4)0(  1.5)       excit   1    1  11    56 17 13
C     14   30.3146   74(4)2(  9.5)-  4(4)1(  5.5)       excit   1    1  11  1201 16 14
C     15   30.4911   34(4)1(  5.5)-  1(4)0(  1.5)       excit   1    1  11    32  7 15
C     16   31.3613   26(4)1(  5.5)-  1(4)0(  1.5)       excit   1    1  11    25  2 16
C     17   31.5383   23(4)2(  9.5)-  1(4)0(  1.5)       excit   1    1  11    22 14 17
C     18   31.5410   31(2)3(  6.5)-  2(2)2(  4.5)       excit   1    1  11   404 28 18
C     19   31.6247   30(2)2(  4.5)-  2(2)2(  4.5)       excit   1    1  11   403 40 19
C     20   31.7274   74(4)2(  9.5)-  5(2)2(  4.5)       excit   1    1  11  1577 22 20
C     21   31.8879   27(2)2(  4.5)-  2(2)2(  4.5)       excit   1    1  11   400 47 21
C     22   32.2281   26(4)1(  5.5)-  2(2)2(  4.5)       excit   1    1  11   399 50 22
C     23   32.2489   25(2)3(  6.5)-  2(2)2(  4.5)       excit   1    1  11   398 19 23
C     24   32.4151   23(4)2(  9.5)-  2(2)2(  4.5)       excit   1    1  11   396 29 24
C     25   32.5502   21(4)3( 13.5)-  2(2)2(  4.5)       excit   1    1  11   394 43 25
C     26   33.0862   23(4)2(  9.5)-  3(2)1(  2.5)       excit   1    1  11   778 30 26
C     27   33.1037   22(2)1(  2.5)-  3(2)1(  2.5)       excit   1    1  11   777 33 27
C     28   33.5645   41(4)2(  9.5)-  4(4)1(  5.5)       excit   1    1  11  1168  5 28
C     29   34.7012    8(4)1(  5.5)-  1(4)0(  1.5)       excit   1    1  11     7  3 29
C     30   35.4650    9(2)1(  2.5)-  2(2)2(  4.5)       excit   1    1  11   382 31 30
C     31   35.7656    8(4)1(  5.5)-  2(2)2(  4.5)       excit   1    1  11   381 38 31
C     32   38.4906   17(4)0(  1.5)-  4(4)1(  5.5)       excit   1    1  11  1144  8 32
C     33   94.1708   91(4)0(  1.5)-  8(4)1(  5.5)       excit   1    1  11  2638 27 33
C     34   95.7763   87(4)2(  9.5)-  8(4)1(  5.5)       excit   1    1  11  2634 46 34
C     35   102.291   97(4)1(  5.5)- 13(4)1(  5.5)       excit   1    1  11  4443 41 35
C     36   103.135   93(4)3( 13.5)- 12(4)2(  9.5)       excit   1    1  11  4067 49 36
C     37   103.434   94(4)2(  9.5)- 13(4)1(  5.5)       excit   1    1  11  4440 36 37
C     38   106.519   97(4)1(  5.5)- 17(4)0(  1.5)       excit   1    1  11  5845 45 38
C     39   155.176    7(2)1(  2.5)-  2(2)2(  4.5)       excit   1    1  11   380 12 39
C     40   171.862    7(2)1(  2.5)-  3(2)1(  2.5)       excit   1    1  11   762 20 40
C     41   192.148    5(2)2(  4.5)-  2(2)2(  4.5)       excit   1    1  11   378  9 41
C     42   217.719    4(4)1(  5.5)-  1(4)0(  1.5)       excit   1    1  11     3  1 42
C     43   218.407    5(2)2(  4.5)-  3(2)1(  2.5)       excit   1    1  11   760 26 43
C     44   267.708    4(4)1(  5.5)-  2(2)2(  4.5)       excit   1    1  11   377 39 44
C     45   569.476   17(4)0(  1.5)-  8(4)1(  5.5)       excit   1    1  11  2564 11 45
C     46   674.141    3(2)1(  2.5)-  1(4)0(  1.5)       excit   1    1  11     2 10 46
C     47   730.994   13(4)1(  5.5)-  8(4)1(  5.5)       excit   1    1  11  2560 18 47
C     48   777.605   12(4)2(  9.5)-  8(4)1(  5.5)       excit   1    1  11  2559 13 48
C     49   1165.95    2(2)2(  4.5)-  1(4)0(  1.5)       excit   1    1  11     1  4 49
C     50   1598.20    3(2)1(  2.5)-  2(2)2(  4.5)       excit   1    1  11   376 15 50
c-------------------------------------------------------------------------------
                                                                                
C  code     : adas810
C  producer : Adam Foster
C  date     : 02/06/09
                                                                                
c-------------------------------------------------------------------------------
