   50    /AR:16 photon emissivity coefficients/
--------------------------------------------------------------------------------
    1    1    1    1    1    1    1    1    1    1    1    1    1    1
    1    1    1    1    1
--------------------------------------------------------------------------------
//#01/p00/ 00/p01/ 01/p02/ 02/p03/ 03/p04/ 04/p05/ 05/p06/ 06/p07/ 07/p08/ 08/  
      p09/ 09/p10/ 10/p11/ 11/p12/ 12/p13/ 13/p14/ 14/p15/ 15/p16/ 16/p17/ 17/  
      p18/ 18/                                                                  
--------------------------------------------------------------------------------
  3.08878    7  14 /pl=01:ss=16:pb= 1:sz=16/type=excit/ispb = t/isel =    1
 1.00E+10 1.00E+11 1.00E+12 1.00E+13 1.00E+14 1.00E+15 1.00E+16
 4.98E+00 7.47E+00 1.25E+01 2.49E+01 4.98E+01 1.25E+02 2.49E+02 3.74E+02
 4.98E+02 7.47E+02 1.25E+03 2.49E+03 4.98E+03 7.47E+03
 1.00E-74 1.00E-74 1.00E-74 1.00E-74 1.00E-74 2.06E-26 1.46E-19 2.58E-17
 3.29E-16 3.98E-15 2.68E-14 9.95E-14 1.71E-13 1.96E-13
 1.00E-74 1.00E-74 1.00E-74 1.00E-74 1.00E-74 2.06E-26 1.46E-19 2.58E-17
 3.29E-16 3.98E-15 2.68E-14 9.95E-14 1.71E-13 1.96E-13
 1.00E-74 1.00E-74 1.00E-74 1.00E-74 1.00E-74 2.06E-26 1.46E-19 2.58E-17
 3.29E-16 3.98E-15 2.68E-14 9.95E-14 1.71E-13 1.96E-13
 1.00E-74 1.00E-74 1.00E-74 1.00E-74 1.00E-74 2.06E-26 1.46E-19 2.58E-17
 3.29E-16 3.98E-15 2.68E-14 9.95E-14 1.71E-13 1.96E-13
 1.00E-74 1.00E-74 1.00E-74 1.00E-74 5.45E-47 2.06E-26 1.46E-19 2.58E-17
 3.29E-16 3.98E-15 2.68E-14 9.95E-14 1.71E-13 1.96E-13
 1.00E-74 1.00E-74 1.00E-74 1.00E-74 3.27E-47 2.07E-26 1.46E-19 2.58E-17
 3.29E-16 3.98E-15 2.68E-14 9.95E-14 1.71E-13 1.96E-13
 1.00E-74 1.00E-74 1.00E-74 1.00E-74 3.27E-47 2.07E-26 1.47E-19 2.58E-17
 3.29E-16 3.98E-15 2.69E-14 9.96E-14 1.71E-13 1.96E-13
  3.12625    7  14 /pl=01:ss=16:pb= 1:sz=16/type=excit/ispb = t/isel =    2
 1.00E+10 1.00E+11 1.00E+12 1.00E+13 1.00E+14 1.00E+15 1.00E+16
 4.98E+00 7.47E+00 1.25E+01 2.49E+01 4.98E+01 1.25E+02 2.49E+02 3.74E+02
 4.98E+02 7.47E+02 1.25E+03 2.49E+03 4.98E+03 7.47E+03
 1.00E-74 1.00E-74 1.00E-74 1.00E-74 1.00E-74 5.45E-26 3.19E-19 5.28E-17
 6.53E-16 7.64E-15 5.03E-14 1.83E-13 3.12E-13 3.56E-13
 1.00E-74 1.00E-74 1.00E-74 1.00E-74 1.00E-74 5.45E-26 3.19E-19 5.28E-17
 6.53E-16 7.64E-15 5.03E-14 1.83E-13 3.12E-13 3.56E-13
 1.00E-74 1.00E-74 1.00E-74 1.00E-74 1.00E-74 5.45E-26 3.19E-19 5.28E-17
 6.53E-16 7.64E-15 5.03E-14 1.83E-13 3.12E-13 3.56E-13
 1.00E-74 1.00E-74 1.00E-74 1.00E-74 1.00E-74 5.45E-26 3.19E-19 5.28E-17
 6.53E-16 7.64E-15 5.03E-14 1.83E-13 3.12E-13 3.56E-13
 1.00E-74 1.00E-74 1.00E-74 1.00E-74 1.80E-46 5.45E-26 3.19E-19 5.28E-17
 6.53E-16 7.64E-15 5.03E-14 1.83E-13 3.12E-13 3.56E-13
 1.00E-74 1.00E-74 1.00E-74 1.00E-74 1.53E-46 5.45E-26 3.19E-19 5.28E-17
 6.53E-16 7.65E-15 5.03E-14 1.83E-13 3.12E-13 3.56E-13
 1.00E-74 1.00E-74 1.00E-74 1.00E-74 1.54E-46 5.46E-26 3.19E-19 5.29E-17
 6.53E-16 7.65E-15 5.03E-14 1.83E-13 3.12E-13 3.57E-13
  3.19763    7  14 /pl=01:ss=16:pb= 1:sz=16/type=excit/ispb = t/isel =    3
 1.00E+10 1.00E+11 1.00E+12 1.00E+13 1.00E+14 1.00E+15 1.00E+16
 4.98E+00 7.47E+00 1.25E+01 2.49E+01 4.98E+01 1.25E+02 2.49E+02 3.74E+02
 4.98E+02 7.47E+02 1.25E+03 2.49E+03 4.98E+03 7.47E+03
 1.00E-74 1.00E-74 1.00E-74 1.00E-74 1.00E-74 2.32E-25 9.54E-19 1.41E-16
 1.64E-15 1.81E-14 1.14E-13 4.03E-13 6.76E-13 7.68E-13
 1.00E-74 1.00E-74 1.00E-74 1.00E-74 1.00E-74 2.32E-25 9.54E-19 1.41E-16
 1.64E-15 1.81E-14 1.14E-13 4.03E-13 6.76E-13 7.68E-13
 1.00E-74 1.00E-74 1.00E-74 1.00E-74 1.00E-74 2.32E-25 9.54E-19 1.41E-16
 1.64E-15 1.81E-14 1.14E-13 4.03E-13 6.76E-13 7.68E-13
 1.00E-74 1.00E-74 1.00E-74 1.00E-74 1.75E-45 2.32E-25 9.54E-19 1.41E-16
 1.64E-15 1.81E-14 1.14E-13 4.03E-13 6.76E-13 7.68E-13
 1.00E-74 1.00E-74 1.00E-74 1.00E-74 1.93E-45 2.32E-25 9.54E-19 1.41E-16
 1.64E-15 1.81E-14 1.14E-13 4.03E-13 6.76E-13 7.68E-13
 1.00E-74 1.00E-74 1.00E-74 1.00E-74 1.89E-45 2.32E-25 9.54E-19 1.41E-16
 1.64E-15 1.81E-14 1.14E-13 4.03E-13 6.76E-13 7.68E-13
 1.00E-74 1.00E-74 1.00E-74 1.00E-74 1.90E-45 2.32E-25 9.54E-19 1.41E-16
 1.64E-15 1.81E-14 1.14E-13 4.03E-13 6.76E-13 7.68E-13
  3.36358    7  14 /pl=01:ss=16:pb= 1:sz=16/type=excit/ispb = t/isel =    4
 1.00E+10 1.00E+11 1.00E+12 1.00E+13 1.00E+14 1.00E+15 1.00E+16
 4.98E+00 7.47E+00 1.25E+01 2.49E+01 4.98E+01 1.25E+02 2.49E+02 3.74E+02
 4.98E+02 7.47E+02 1.25E+03 2.49E+03 4.98E+03 7.47E+03
 1.00E-74 1.00E-74 1.00E-74 1.00E-74 1.00E-74 2.96E-24 5.71E-18 6.54E-16
 6.72E-15 6.57E-14 3.76E-13 1.24E-12 2.01E-12 2.28E-12
 1.00E-74 1.00E-74 1.00E-74 1.00E-74 4.25E-43 2.96E-24 5.71E-18 6.54E-16
 6.72E-15 6.57E-14 3.76E-13 1.24E-12 2.01E-12 2.28E-12
 1.00E-74 1.00E-74 1.00E-74 1.00E-74 2.55E-43 2.96E-24 5.71E-18 6.54E-16
 6.72E-15 6.57E-14 3.76E-13 1.24E-12 2.01E-12 2.28E-12
 1.00E-74 1.00E-74 1.00E-74 1.00E-74 2.42E-43 2.96E-24 5.71E-18 6.54E-16
 6.72E-15 6.57E-14 3.76E-13 1.24E-12 2.01E-12 2.28E-12
 1.00E-74 1.00E-74 1.00E-74 1.00E-74 2.43E-43 2.96E-24 5.71E-18 6.54E-16
 6.72E-15 6.57E-14 3.76E-13 1.24E-12 2.01E-12 2.28E-12
 1.00E-74 1.00E-74 1.00E-74 1.00E-74 2.43E-43 2.96E-24 5.70E-18 6.54E-16
 6.72E-15 6.57E-14 3.76E-13 1.24E-12 2.01E-12 2.28E-12
 1.00E-74 1.00E-74 1.00E-74 1.00E-74 2.43E-43 2.96E-24 5.70E-18 6.54E-16
 6.72E-15 6.57E-14 3.76E-13 1.24E-12 2.01E-12 2.28E-12
  3.36675    7  14 /pl=01:ss=16:pb= 1:sz=16/type=excit/ispb = t/isel =    5
 1.00E+10 1.00E+11 1.00E+12 1.00E+13 1.00E+14 1.00E+15 1.00E+16
 4.98E+00 7.47E+00 1.25E+01 2.49E+01 4.98E+01 1.25E+02 2.49E+02 3.74E+02
 4.98E+02 7.47E+02 1.25E+03 2.49E+03 4.98E+03 7.47E+03
 1.00E-74 1.00E-74 1.00E-74 1.00E-74 1.00E-74 5.60E-27 1.13E-20 1.34E-18
 1.42E-17 1.42E-16 8.34E-16 2.81E-15 4.65E-15 5.27E-15
 1.00E-74 1.00E-74 1.00E-74 1.00E-74 1.00E-74 5.60E-27 1.13E-20 1.34E-18
 1.42E-17 1.42E-16 8.34E-16 2.81E-15 4.65E-15 5.27E-15
 1.00E-74 1.00E-74 1.00E-74 1.00E-74 5.21E-46 5.60E-27 1.13E-20 1.34E-18
 1.42E-17 1.42E-16 8.34E-16 2.81E-15 4.65E-15 5.27E-15
 1.00E-74 1.00E-74 1.00E-74 1.00E-74 4.69E-46 5.60E-27 1.13E-20 1.34E-18
 1.42E-17 1.42E-16 8.34E-16 2.81E-15 4.65E-15 5.27E-15
 1.00E-74 1.00E-74 1.00E-74 1.00E-74 4.59E-46 5.60E-27 1.13E-20 1.34E-18
 1.42E-17 1.42E-16 8.34E-16 2.81E-15 4.65E-15 5.27E-15
 1.00E-74 1.00E-74 1.00E-74 1.00E-74 4.58E-46 5.60E-27 1.13E-20 1.34E-18
 1.42E-17 1.42E-16 8.34E-16 2.81E-15 4.65E-15 5.27E-15
 1.00E-74 1.00E-74 1.00E-74 1.00E-74 4.58E-46 5.60E-27 1.13E-20 1.34E-18
 1.42E-17 1.42E-16 8.34E-16 2.81E-15 4.65E-15 5.27E-15
  3.94817    7  14 /pl=01:ss=16:pb= 1:sz=16/type=excit/ispb = t/isel =    6
 1.00E+10 1.00E+11 1.00E+12 1.00E+13 1.00E+14 1.00E+15 1.00E+16
 4.98E+00 7.47E+00 1.25E+01 2.49E+01 4.98E+01 1.25E+02 2.49E+02 3.74E+02
 4.98E+02 7.47E+02 1.25E+03 2.49E+03 4.98E+03 7.47E+03
 1.00E-74 1.00E-74 1.00E-74 1.00E-74 8.56E-38 1.42E-21 3.00E-16 1.65E-14
 1.18E-13 8.06E-13 3.46E-12 9.24E-12 1.37E-11 1.49E-11
 1.00E-74 1.00E-74 1.00E-74 1.00E-74 8.56E-38 1.42E-21 3.00E-16 1.65E-14
 1.18E-13 8.06E-13 3.46E-12 9.24E-12 1.37E-11 1.49E-11
 1.00E-74 1.00E-74 1.00E-74 1.00E-74 8.56E-38 1.42E-21 3.00E-16 1.65E-14
 1.18E-13 8.06E-13 3.46E-12 9.24E-12 1.37E-11 1.49E-11
 1.00E-74 1.00E-74 1.00E-74 1.00E-74 8.56E-38 1.42E-21 3.00E-16 1.65E-14
 1.18E-13 8.06E-13 3.46E-12 9.24E-12 1.37E-11 1.49E-11
 1.00E-74 1.00E-74 1.00E-74 1.00E-74 8.56E-38 1.42E-21 3.00E-16 1.65E-14
 1.18E-13 8.06E-13 3.46E-12 9.24E-12 1.37E-11 1.49E-11
 1.00E-74 1.00E-74 1.00E-74 1.00E-74 8.56E-38 1.42E-21 3.00E-16 1.65E-14
 1.18E-13 8.06E-13 3.46E-12 9.24E-12 1.37E-11 1.49E-11
 1.00E-74 1.00E-74 1.00E-74 1.00E-74 8.56E-38 1.42E-21 3.00E-16 1.65E-14
 1.18E-13 8.06E-13 3.46E-12 9.24E-12 1.37E-11 1.49E-11
  3.96445    7  14 /pl=01:ss=16:pb= 1:sz=16/type=excit/ispb = t/isel =    7
 1.00E+10 1.00E+11 1.00E+12 1.00E+13 1.00E+14 1.00E+15 1.00E+16
 4.98E+00 7.47E+00 1.25E+01 2.49E+01 4.98E+01 1.25E+02 2.49E+02 3.74E+02
 4.98E+02 7.47E+02 1.25E+03 2.49E+03 4.98E+03 7.47E+03
 1.00E-74 1.00E-74 1.00E-74 1.00E-74 1.95E-39 2.73E-23 5.86E-18 3.44E-16
 2.61E-15 1.94E-14 9.11E-14 2.62E-13 3.96E-13 4.33E-13
 1.00E-74 1.00E-74 1.00E-74 1.00E-74 1.95E-39 2.73E-23 5.86E-18 3.44E-16
 2.61E-15 1.94E-14 9.11E-14 2.62E-13 3.96E-13 4.33E-13
 1.00E-74 1.00E-74 1.00E-74 1.00E-74 1.95E-39 2.73E-23 5.86E-18 3.44E-16
 2.61E-15 1.94E-14 9.11E-14 2.62E-13 3.96E-13 4.33E-13
 1.00E-74 1.00E-74 1.00E-74 1.00E-74 1.95E-39 2.73E-23 5.86E-18 3.44E-16
 2.61E-15 1.94E-14 9.11E-14 2.62E-13 3.96E-13 4.33E-13
 1.00E-74 1.00E-74 1.00E-74 1.00E-74 1.95E-39 2.73E-23 5.86E-18 3.44E-16
 2.61E-15 1.94E-14 9.11E-14 2.62E-13 3.96E-13 4.33E-13
 1.00E-74 1.00E-74 1.00E-74 1.00E-74 1.95E-39 2.73E-23 5.86E-18 3.44E-16
 2.61E-15 1.94E-14 9.11E-14 2.62E-13 3.96E-13 4.33E-13
 1.00E-74 1.00E-74 1.00E-74 1.00E-74 1.95E-39 2.73E-23 5.86E-18 3.44E-16
 2.61E-15 1.94E-14 9.11E-14 2.62E-13 3.96E-13 4.33E-13
  13.6705    7  14 /pl=01:ss=16:pb= 1:sz=16/type=excit/ispb = t/isel =    8
 1.00E+10 1.00E+11 1.00E+12 1.00E+13 1.00E+14 1.00E+15 1.00E+16
 4.98E+00 7.47E+00 1.25E+01 2.49E+01 4.98E+01 1.25E+02 2.49E+02 3.74E+02
 4.98E+02 7.47E+02 1.25E+03 2.49E+03 4.98E+03 7.47E+03
 1.00E-74 1.00E-74 1.00E-74 1.00E-74 1.00E-74 2.58E-28 1.83E-21 3.23E-19
 4.12E-18 4.99E-17 3.39E-16 1.26E-15 2.18E-15 2.51E-15
 1.00E-74 1.00E-74 1.00E-74 1.00E-74 1.00E-74 2.58E-28 1.83E-21 3.23E-19
 4.12E-18 4.99E-17 3.39E-16 1.26E-15 2.18E-15 2.51E-15
 1.00E-74 1.00E-74 1.00E-74 1.00E-74 1.00E-74 2.58E-28 1.83E-21 3.23E-19
 4.12E-18 4.99E-17 3.39E-16 1.26E-15 2.18E-15 2.51E-15
 1.00E-74 1.00E-74 1.00E-74 1.00E-74 1.00E-74 2.58E-28 1.83E-21 3.23E-19
 4.12E-18 4.99E-17 3.39E-16 1.26E-15 2.18E-15 2.51E-15
 1.00E-74 1.00E-74 1.00E-74 1.00E-74 1.00E-74 2.58E-28 1.83E-21 3.23E-19
 4.12E-18 4.99E-17 3.39E-16 1.26E-15 2.18E-15 2.51E-15
 1.00E-74 1.00E-74 1.00E-74 1.00E-74 3.27E-49 2.58E-28 1.83E-21 3.23E-19
 4.12E-18 4.99E-17 3.39E-16 1.26E-15 2.18E-15 2.51E-15
 1.00E-74 1.00E-74 1.00E-74 1.00E-74 4.24E-49 2.57E-28 1.82E-21 3.22E-19
 4.11E-18 4.98E-17 3.38E-16 1.26E-15 2.18E-15 2.51E-15
  13.9334    7  14 /pl=01:ss=16:pb= 1:sz=16/type=excit/ispb = t/isel =    9
 1.00E+10 1.00E+11 1.00E+12 1.00E+13 1.00E+14 1.00E+15 1.00E+16
 4.98E+00 7.47E+00 1.25E+01 2.49E+01 4.98E+01 1.25E+02 2.49E+02 3.74E+02
 4.98E+02 7.47E+02 1.25E+03 2.49E+03 4.98E+03 7.47E+03
 1.00E-74 1.00E-74 1.00E-74 1.00E-74 1.00E-74 1.42E-27 1.00E-20 1.77E-18
 2.26E-17 2.73E-16 1.84E-15 6.83E-15 1.17E-14 1.35E-14
 1.00E-74 1.00E-74 1.00E-74 1.00E-74 1.00E-74 1.42E-27 1.00E-20 1.77E-18
 2.26E-17 2.73E-16 1.84E-15 6.83E-15 1.17E-14 1.35E-14
 1.00E-74 1.00E-74 1.00E-74 1.00E-74 1.00E-74 1.42E-27 1.00E-20 1.77E-18
 2.26E-17 2.73E-16 1.84E-15 6.83E-15 1.17E-14 1.35E-14
 1.00E-74 1.00E-74 1.00E-74 1.00E-74 1.00E-74 1.42E-27 1.00E-20 1.77E-18
 2.26E-17 2.73E-16 1.84E-15 6.83E-15 1.17E-14 1.35E-14
 1.00E-74 1.00E-74 1.00E-74 1.00E-74 3.74E-48 1.42E-27 1.00E-20 1.77E-18
 2.26E-17 2.73E-16 1.84E-15 6.83E-15 1.17E-14 1.35E-14
 1.00E-74 1.00E-74 1.00E-74 1.00E-74 2.24E-48 1.42E-27 1.00E-20 1.77E-18
 2.26E-17 2.73E-16 1.84E-15 6.83E-15 1.17E-14 1.35E-14
 1.00E-74 1.00E-74 1.00E-74 1.00E-74 2.24E-48 1.42E-27 1.01E-20 1.77E-18
 2.26E-17 2.73E-16 1.84E-15 6.84E-15 1.17E-14 1.35E-14
  13.9841    7  14 /pl=01:ss=16:pb= 1:sz=16/type=excit/ispb = t/isel =   10
 1.00E+10 1.00E+11 1.00E+12 1.00E+13 1.00E+14 1.00E+15 1.00E+16
 4.98E+00 7.47E+00 1.25E+01 2.49E+01 4.98E+01 1.25E+02 2.49E+02 3.74E+02
 4.98E+02 7.47E+02 1.25E+03 2.49E+03 4.98E+03 7.47E+03
 1.00E-74 1.00E-74 1.00E-74 1.00E-74 1.00E-74 3.29E-28 2.30E-21 4.03E-19
 5.12E-18 6.16E-17 4.12E-16 1.49E-15 2.45E-15 2.70E-15
 1.00E-74 1.00E-74 1.00E-74 1.00E-74 1.00E-74 3.29E-28 2.30E-21 4.03E-19
 5.12E-18 6.16E-17 4.12E-16 1.49E-15 2.45E-15 2.70E-15
 1.00E-74 1.00E-74 1.00E-74 1.00E-74 1.00E-74 3.29E-28 2.30E-21 4.03E-19
 5.12E-18 6.16E-17 4.12E-16 1.49E-15 2.45E-15 2.70E-15
 1.00E-74 1.00E-74 1.00E-74 1.00E-74 1.00E-74 3.29E-28 2.30E-21 4.03E-19
 5.12E-18 6.16E-17 4.12E-16 1.49E-15 2.45E-15 2.70E-15
 1.00E-74 1.00E-74 1.00E-74 1.00E-74 1.00E-74 3.29E-28 2.30E-21 4.03E-19
 5.12E-18 6.16E-17 4.12E-16 1.49E-15 2.45E-15 2.70E-15
 1.00E-74 1.00E-74 1.00E-74 1.00E-74 5.98E-49 3.29E-28 2.30E-21 4.04E-19
 5.13E-18 6.16E-17 4.12E-16 1.49E-15 2.46E-15 2.70E-15
 1.00E-74 1.00E-74 1.00E-74 1.00E-74 5.39E-49 3.33E-28 2.32E-21 4.07E-19
 5.17E-18 6.20E-17 4.15E-16 1.50E-15 2.46E-15 2.71E-15
  14.1884    7  14 /pl=01:ss=16:pb= 1:sz=16/type=excit/ispb = t/isel =   11
 1.00E+10 1.00E+11 1.00E+12 1.00E+13 1.00E+14 1.00E+15 1.00E+16
 4.98E+00 7.47E+00 1.25E+01 2.49E+01 4.98E+01 1.25E+02 2.49E+02 3.74E+02
 4.98E+02 7.47E+02 1.25E+03 2.49E+03 4.98E+03 7.47E+03
 1.00E-74 1.00E-74 1.00E-74 1.00E-74 1.00E-74 1.45E-27 1.01E-20 1.77E-18
 2.25E-17 2.70E-16 1.80E-15 6.51E-15 1.07E-14 1.18E-14
 1.00E-74 1.00E-74 1.00E-74 1.00E-74 1.00E-74 1.45E-27 1.01E-20 1.77E-18
 2.25E-17 2.70E-16 1.80E-15 6.51E-15 1.07E-14 1.18E-14
 1.00E-74 1.00E-74 1.00E-74 1.00E-74 1.00E-74 1.45E-27 1.01E-20 1.77E-18
 2.25E-17 2.70E-16 1.80E-15 6.51E-15 1.07E-14 1.18E-14
 1.00E-74 1.00E-74 1.00E-74 1.00E-74 1.00E-74 1.45E-27 1.01E-20 1.77E-18
 2.25E-17 2.70E-16 1.80E-15 6.51E-15 1.07E-14 1.18E-14
 1.00E-74 1.00E-74 1.00E-74 1.00E-74 1.00E-74 1.45E-27 1.01E-20 1.77E-18
 2.25E-17 2.70E-16 1.80E-15 6.51E-15 1.07E-14 1.18E-14
 1.00E-74 1.00E-74 1.00E-74 1.00E-74 2.25E-48 1.45E-27 1.01E-20 1.77E-18
 2.25E-17 2.70E-16 1.80E-15 6.51E-15 1.07E-14 1.18E-14
 1.00E-74 1.00E-74 1.00E-74 1.00E-74 2.42E-48 1.46E-27 1.02E-20 1.79E-18
 2.26E-17 2.71E-16 1.81E-15 6.53E-15 1.07E-14 1.18E-14
  14.1985    7  14 /pl=01:ss=16:pb= 1:sz=16/type=excit/ispb = t/isel =   12
 1.00E+10 1.00E+11 1.00E+12 1.00E+13 1.00E+14 1.00E+15 1.00E+16
 4.98E+00 7.47E+00 1.25E+01 2.49E+01 4.98E+01 1.25E+02 2.49E+02 3.74E+02
 4.98E+02 7.47E+02 1.25E+03 2.49E+03 4.98E+03 7.47E+03
 1.00E-74 1.00E-74 1.00E-74 1.00E-74 1.00E-74 1.81E-27 1.27E-20 2.24E-18
 2.84E-17 3.41E-16 2.27E-15 8.10E-15 1.30E-14 1.40E-14
 1.00E-74 1.00E-74 1.00E-74 1.00E-74 1.00E-74 1.81E-27 1.27E-20 2.24E-18
 2.84E-17 3.41E-16 2.27E-15 8.10E-15 1.30E-14 1.40E-14
 1.00E-74 1.00E-74 1.00E-74 1.00E-74 1.00E-74 1.81E-27 1.27E-20 2.24E-18
 2.84E-17 3.41E-16 2.27E-15 8.10E-15 1.30E-14 1.40E-14
 1.00E-74 1.00E-74 1.00E-74 1.00E-74 1.00E-74 1.81E-27 1.27E-20 2.24E-18
 2.84E-17 3.41E-16 2.27E-15 8.10E-15 1.30E-14 1.40E-14
 1.00E-74 1.00E-74 1.00E-74 1.00E-74 2.89E-48 1.81E-27 1.27E-20 2.24E-18
 2.84E-17 3.41E-16 2.27E-15 8.10E-15 1.30E-14 1.40E-14
 1.00E-74 1.00E-74 1.00E-74 1.00E-74 2.89E-48 1.81E-27 1.27E-20 2.23E-18
 2.84E-17 3.40E-16 2.27E-15 8.09E-15 1.30E-14 1.40E-14
 1.00E-74 1.00E-74 1.00E-74 1.00E-74 2.80E-48 1.76E-27 1.25E-20 2.19E-18
 2.79E-17 3.36E-16 2.24E-15 8.02E-15 1.29E-14 1.40E-14
  14.4404    7  14 /pl=01:ss=16:pb= 1:sz=16/type=excit/ispb = t/isel =   13
 1.00E+10 1.00E+11 1.00E+12 1.00E+13 1.00E+14 1.00E+15 1.00E+16
 4.98E+00 7.47E+00 1.25E+01 2.49E+01 4.98E+01 1.25E+02 2.49E+02 3.74E+02
 4.98E+02 7.47E+02 1.25E+03 2.49E+03 4.98E+03 7.47E+03
 1.00E-74 1.00E-74 1.00E-74 1.00E-74 1.00E-74 7.54E-28 4.42E-21 7.33E-19
 9.12E-18 1.07E-16 7.05E-16 2.59E-15 4.43E-15 5.09E-15
 1.00E-74 1.00E-74 1.00E-74 1.00E-74 1.00E-74 7.54E-28 4.42E-21 7.33E-19
 9.12E-18 1.07E-16 7.05E-16 2.59E-15 4.43E-15 5.09E-15
 1.00E-74 1.00E-74 1.00E-74 1.00E-74 1.00E-74 7.54E-28 4.42E-21 7.33E-19
 9.12E-18 1.07E-16 7.05E-16 2.59E-15 4.43E-15 5.09E-15
 1.00E-74 1.00E-74 1.00E-74 1.00E-74 1.00E-74 7.54E-28 4.42E-21 7.33E-19
 9.12E-18 1.07E-16 7.05E-16 2.59E-15 4.43E-15 5.09E-15
 1.00E-74 1.00E-74 1.00E-74 1.00E-74 1.00E-74 7.54E-28 4.42E-21 7.33E-19
 9.12E-18 1.07E-16 7.05E-16 2.59E-15 4.43E-15 5.09E-15
 1.00E-74 1.00E-74 1.00E-74 1.00E-74 2.33E-48 7.54E-28 4.42E-21 7.33E-19
 9.12E-18 1.07E-16 7.05E-16 2.59E-15 4.43E-15 5.09E-15
 1.00E-74 1.00E-74 1.00E-74 1.00E-74 2.09E-48 7.55E-28 4.42E-21 7.33E-19
 9.12E-18 1.07E-16 7.05E-16 2.59E-15 4.43E-15 5.09E-15
  14.7297    7  14 /pl=01:ss=16:pb= 1:sz=16/type=excit/ispb = t/isel =   14
 1.00E+10 1.00E+11 1.00E+12 1.00E+13 1.00E+14 1.00E+15 1.00E+16
 4.98E+00 7.47E+00 1.25E+01 2.49E+01 4.98E+01 1.25E+02 2.49E+02 3.74E+02
 4.98E+02 7.47E+02 1.25E+03 2.49E+03 4.98E+03 7.47E+03
 1.00E-74 1.00E-74 1.00E-74 1.00E-74 1.00E-74 3.58E-27 2.10E-20 3.47E-18
 4.29E-17 5.02E-16 3.30E-15 1.20E-14 2.05E-14 2.34E-14
 1.00E-74 1.00E-74 1.00E-74 1.00E-74 1.00E-74 3.58E-27 2.10E-20 3.47E-18
 4.29E-17 5.02E-16 3.30E-15 1.20E-14 2.05E-14 2.34E-14
 1.00E-74 1.00E-74 1.00E-74 1.00E-74 1.00E-74 3.58E-27 2.10E-20 3.47E-18
 4.29E-17 5.02E-16 3.30E-15 1.20E-14 2.05E-14 2.34E-14
 1.00E-74 1.00E-74 1.00E-74 1.00E-74 1.00E-74 3.58E-27 2.10E-20 3.47E-18
 4.29E-17 5.02E-16 3.30E-15 1.20E-14 2.05E-14 2.34E-14
 1.00E-74 1.00E-74 1.00E-74 1.00E-74 1.19E-47 3.58E-27 2.10E-20 3.47E-18
 4.29E-17 5.02E-16 3.30E-15 1.20E-14 2.05E-14 2.34E-14
 1.00E-74 1.00E-74 1.00E-74 1.00E-74 1.01E-47 3.58E-27 2.10E-20 3.47E-18
 4.29E-17 5.02E-16 3.30E-15 1.20E-14 2.05E-14 2.34E-14
 1.00E-74 1.00E-74 1.00E-74 1.00E-74 1.01E-47 3.59E-27 2.10E-20 3.47E-18
 4.29E-17 5.02E-16 3.30E-15 1.20E-14 2.05E-14 2.34E-14
  14.7842    7  14 /pl=01:ss=16:pb= 1:sz=16/type=excit/ispb = t/isel =   15
 1.00E+10 1.00E+11 1.00E+12 1.00E+13 1.00E+14 1.00E+15 1.00E+16
 4.98E+00 7.47E+00 1.25E+01 2.49E+01 4.98E+01 1.25E+02 2.49E+02 3.74E+02
 4.98E+02 7.47E+02 1.25E+03 2.49E+03 4.98E+03 7.47E+03
 1.00E-74 1.00E-74 1.00E-74 1.00E-74 1.00E-74 4.84E-28 2.79E-21 4.57E-19
 5.61E-18 6.52E-17 4.24E-16 1.50E-15 2.44E-15 2.68E-15
 1.00E-74 1.00E-74 1.00E-74 1.00E-74 1.00E-74 4.84E-28 2.79E-21 4.57E-19
 5.61E-18 6.52E-17 4.24E-16 1.50E-15 2.44E-15 2.68E-15
 1.00E-74 1.00E-74 1.00E-74 1.00E-74 1.00E-74 4.84E-28 2.79E-21 4.57E-19
 5.61E-18 6.52E-17 4.24E-16 1.50E-15 2.44E-15 2.68E-15
 1.00E-74 1.00E-74 1.00E-74 1.00E-74 1.00E-74 4.84E-28 2.79E-21 4.57E-19
 5.61E-18 6.52E-17 4.24E-16 1.50E-15 2.44E-15 2.68E-15
 1.00E-74 1.00E-74 1.00E-74 1.00E-74 1.25E-48 4.84E-28 2.79E-21 4.57E-19
 5.61E-18 6.52E-17 4.24E-16 1.50E-15 2.44E-15 2.68E-15
 1.00E-74 1.00E-74 1.00E-74 1.00E-74 1.37E-48 4.84E-28 2.79E-21 4.57E-19
 5.61E-18 6.52E-17 4.24E-16 1.50E-15 2.44E-15 2.68E-15
 1.00E-74 1.00E-74 1.00E-74 1.00E-74 1.43E-48 4.86E-28 2.79E-21 4.58E-19
 5.63E-18 6.53E-17 4.25E-16 1.51E-15 2.45E-15 2.69E-15
  14.7863    7  14 /pl=01:ss=16:pb= 1:sz=16/type=excit/ispb = t/isel =   16
 1.00E+10 1.00E+11 1.00E+12 1.00E+13 1.00E+14 1.00E+15 1.00E+16
 4.98E+00 7.47E+00 1.25E+01 2.49E+01 4.98E+01 1.25E+02 2.49E+02 3.74E+02
 4.98E+02 7.47E+02 1.25E+03 2.49E+03 4.98E+03 7.47E+03
 1.00E-74 1.00E-74 1.00E-74 1.00E-74 1.00E-74 9.36E-28 5.38E-21 8.84E-19
 1.09E-17 1.27E-16 8.31E-16 2.95E-15 4.78E-15 5.27E-15
 1.00E-74 1.00E-74 1.00E-74 1.00E-74 1.00E-74 9.36E-28 5.38E-21 8.84E-19
 1.09E-17 1.27E-16 8.31E-16 2.95E-15 4.78E-15 5.27E-15
 1.00E-74 1.00E-74 1.00E-74 1.00E-74 1.00E-74 9.36E-28 5.38E-21 8.84E-19
 1.09E-17 1.27E-16 8.31E-16 2.95E-15 4.78E-15 5.27E-15
 1.00E-74 1.00E-74 1.00E-74 1.00E-74 1.00E-74 9.36E-28 5.38E-21 8.84E-19
 1.09E-17 1.27E-16 8.31E-16 2.95E-15 4.78E-15 5.27E-15
 1.00E-74 1.00E-74 1.00E-74 1.00E-74 1.00E-74 9.36E-28 5.38E-21 8.84E-19
 1.09E-17 1.27E-16 8.31E-16 2.95E-15 4.78E-15 5.27E-15
 1.00E-74 1.00E-74 1.00E-74 1.00E-74 2.21E-48 9.37E-28 5.38E-21 8.84E-19
 1.09E-17 1.27E-16 8.31E-16 2.95E-15 4.78E-15 5.27E-15
 1.00E-74 1.00E-74 1.00E-74 1.00E-74 2.76E-48 9.40E-28 5.40E-21 8.86E-19
 1.10E-17 1.27E-16 8.32E-16 2.95E-15 4.79E-15 5.27E-15
  15.0150    7  14 /pl=01:ss=16:pb= 1:sz=16/type=excit/ispb = t/isel =   17
 1.00E+10 1.00E+11 1.00E+12 1.00E+13 1.00E+14 1.00E+15 1.00E+16
 4.98E+00 7.47E+00 1.25E+01 2.49E+01 4.98E+01 1.25E+02 2.49E+02 3.74E+02
 4.98E+02 7.47E+02 1.25E+03 2.49E+03 4.98E+03 7.47E+03
 1.00E-74 1.00E-74 1.00E-74 1.00E-74 1.00E-74 3.85E-27 2.22E-20 3.64E-18
 4.46E-17 5.18E-16 3.37E-15 1.20E-14 1.94E-14 2.14E-14
 1.00E-74 1.00E-74 1.00E-74 1.00E-74 1.00E-74 3.85E-27 2.22E-20 3.64E-18
 4.46E-17 5.18E-16 3.37E-15 1.20E-14 1.94E-14 2.14E-14
 1.00E-74 1.00E-74 1.00E-74 1.00E-74 1.00E-74 3.85E-27 2.22E-20 3.64E-18
 4.46E-17 5.18E-16 3.37E-15 1.20E-14 1.94E-14 2.14E-14
 1.00E-74 1.00E-74 1.00E-74 1.00E-74 1.00E-74 3.85E-27 2.22E-20 3.64E-18
 4.46E-17 5.18E-16 3.37E-15 1.20E-14 1.94E-14 2.14E-14
 1.00E-74 1.00E-74 1.00E-74 1.00E-74 9.91E-48 3.85E-27 2.22E-20 3.64E-18
 4.46E-17 5.18E-16 3.37E-15 1.20E-14 1.94E-14 2.14E-14
 1.00E-74 1.00E-74 1.00E-74 1.00E-74 1.09E-47 3.85E-27 2.22E-20 3.64E-18
 4.46E-17 5.18E-16 3.37E-15 1.20E-14 1.94E-14 2.14E-14
 1.00E-74 1.00E-74 1.00E-74 1.00E-74 1.14E-47 3.86E-27 2.22E-20 3.64E-18
 4.47E-17 5.19E-16 3.38E-15 1.20E-14 1.95E-14 2.14E-14
  15.0353    7  14 /pl=01:ss=16:pb= 1:sz=16/type=excit/ispb = t/isel =   18
 1.00E+10 1.00E+11 1.00E+12 1.00E+13 1.00E+14 1.00E+15 1.00E+16
 4.98E+00 7.47E+00 1.25E+01 2.49E+01 4.98E+01 1.25E+02 2.49E+02 3.74E+02
 4.98E+02 7.47E+02 1.25E+03 2.49E+03 4.98E+03 7.47E+03
 1.00E-74 1.00E-74 1.00E-74 1.00E-74 1.00E-74 4.97E-27 2.88E-20 4.74E-18
 5.83E-17 6.77E-16 4.39E-15 1.54E-14 2.45E-14 2.64E-14
 1.00E-74 1.00E-74 1.00E-74 1.00E-74 1.00E-74 4.97E-27 2.88E-20 4.74E-18
 5.83E-17 6.77E-16 4.39E-15 1.54E-14 2.45E-14 2.64E-14
 1.00E-74 1.00E-74 1.00E-74 1.00E-74 1.00E-74 4.97E-27 2.88E-20 4.74E-18
 5.83E-17 6.77E-16 4.39E-15 1.54E-14 2.45E-14 2.64E-14
 1.00E-74 1.00E-74 1.00E-74 1.00E-74 2.03E-47 4.97E-27 2.88E-20 4.74E-18
 5.83E-17 6.77E-16 4.39E-15 1.54E-14 2.45E-14 2.64E-14
 1.00E-74 1.00E-74 1.00E-74 1.00E-74 1.42E-47 4.97E-27 2.88E-20 4.74E-18
 5.83E-17 6.77E-16 4.39E-15 1.54E-14 2.45E-14 2.64E-14
 1.00E-74 1.00E-74 1.00E-74 1.00E-74 1.44E-47 4.97E-27 2.87E-20 4.73E-18
 5.82E-17 6.76E-16 4.39E-15 1.54E-14 2.45E-14 2.64E-14
 1.00E-74 1.00E-74 1.00E-74 1.00E-74 1.41E-47 4.92E-27 2.85E-20 4.70E-18
 5.79E-17 6.73E-16 4.37E-15 1.53E-14 2.44E-14 2.63E-14
  16.1186    7  14 /pl=01:ss=16:pb= 1:sz=16/type=excit/ispb = t/isel =   19
 1.00E+10 1.00E+11 1.00E+12 1.00E+13 1.00E+14 1.00E+15 1.00E+16
 4.98E+00 7.47E+00 1.25E+01 2.49E+01 4.98E+01 1.25E+02 2.49E+02 3.74E+02
 4.98E+02 7.47E+02 1.25E+03 2.49E+03 4.98E+03 7.47E+03
 1.00E-74 1.00E-74 1.00E-74 1.00E-74 1.00E-74 3.63E-27 1.53E-20 2.27E-18
 2.67E-17 2.98E-16 1.89E-15 6.72E-15 1.14E-14 1.29E-14
 1.00E-74 1.00E-74 1.00E-74 1.00E-74 1.00E-74 3.63E-27 1.53E-20 2.27E-18
 2.67E-17 2.98E-16 1.89E-15 6.72E-15 1.14E-14 1.29E-14
 1.00E-74 1.00E-74 1.00E-74 1.00E-74 1.00E-74 3.63E-27 1.53E-20 2.27E-18
 2.67E-17 2.98E-16 1.89E-15 6.72E-15 1.14E-14 1.29E-14
 1.00E-74 1.00E-74 1.00E-74 1.00E-74 1.00E-74 3.63E-27 1.53E-20 2.27E-18
 2.67E-17 2.98E-16 1.89E-15 6.72E-15 1.14E-14 1.29E-14
 1.00E-74 1.00E-74 1.00E-74 1.00E-74 3.43E-47 3.63E-27 1.53E-20 2.27E-18
 2.67E-17 2.98E-16 1.89E-15 6.72E-15 1.14E-14 1.29E-14
 1.00E-74 1.00E-74 1.00E-74 1.00E-74 2.86E-47 3.63E-27 1.53E-20 2.27E-18
 2.67E-17 2.98E-16 1.89E-15 6.72E-15 1.14E-14 1.29E-14
 1.00E-74 1.00E-74 1.00E-74 1.00E-74 2.89E-47 3.63E-27 1.53E-20 2.27E-18
 2.67E-17 2.98E-16 1.89E-15 6.73E-15 1.14E-14 1.29E-14
  16.4609    7  14 /pl=01:ss=16:pb= 1:sz=16/type=excit/ispb = t/isel =   20
 1.00E+10 1.00E+11 1.00E+12 1.00E+13 1.00E+14 1.00E+15 1.00E+16
 4.98E+00 7.47E+00 1.25E+01 2.49E+01 4.98E+01 1.25E+02 2.49E+02 3.74E+02
 4.98E+02 7.47E+02 1.25E+03 2.49E+03 4.98E+03 7.47E+03
 1.00E-74 1.00E-74 1.00E-74 1.00E-74 1.00E-74 1.48E-26 6.08E-20 9.01E-18
 1.05E-16 1.16E-15 7.28E-15 2.57E-14 4.31E-14 4.90E-14
 1.00E-74 1.00E-74 1.00E-74 1.00E-74 1.00E-74 1.48E-26 6.08E-20 9.01E-18
 1.05E-16 1.16E-15 7.28E-15 2.57E-14 4.31E-14 4.90E-14
 1.00E-74 1.00E-74 1.00E-74 1.00E-74 1.00E-74 1.48E-26 6.08E-20 9.01E-18
 1.05E-16 1.16E-15 7.28E-15 2.57E-14 4.31E-14 4.90E-14
 1.00E-74 1.00E-74 1.00E-74 1.00E-74 1.12E-46 1.48E-26 6.08E-20 9.01E-18
 1.05E-16 1.16E-15 7.28E-15 2.57E-14 4.31E-14 4.90E-14
 1.00E-74 1.00E-74 1.00E-74 1.00E-74 1.23E-46 1.48E-26 6.08E-20 9.01E-18
 1.05E-16 1.16E-15 7.28E-15 2.57E-14 4.31E-14 4.90E-14
 1.00E-74 1.00E-74 1.00E-74 1.00E-74 1.21E-46 1.48E-26 6.08E-20 9.01E-18
 1.05E-16 1.16E-15 7.28E-15 2.57E-14 4.31E-14 4.90E-14
 1.00E-74 1.00E-74 1.00E-74 1.00E-74 1.21E-46 1.48E-26 6.08E-20 9.01E-18
 1.05E-16 1.16E-15 7.28E-15 2.57E-14 4.31E-14 4.90E-14
  16.5317    7  14 /pl=01:ss=16:pb= 1:sz=16/type=excit/ispb = t/isel =   21
 1.00E+10 1.00E+11 1.00E+12 1.00E+13 1.00E+14 1.00E+15 1.00E+16
 4.98E+00 7.47E+00 1.25E+01 2.49E+01 4.98E+01 1.25E+02 2.49E+02 3.74E+02
 4.98E+02 7.47E+02 1.25E+03 2.49E+03 4.98E+03 7.47E+03
 1.00E-74 1.00E-74 1.00E-74 1.00E-74 1.00E-74 2.42E-27 9.66E-21 1.40E-18
 1.63E-17 1.77E-16 1.10E-15 3.76E-15 6.01E-15 6.56E-15
 1.00E-74 1.00E-74 1.00E-74 1.00E-74 1.00E-74 2.42E-27 9.66E-21 1.40E-18
 1.63E-17 1.77E-16 1.10E-15 3.76E-15 6.01E-15 6.56E-15
 1.00E-74 1.00E-74 1.00E-74 1.00E-74 1.00E-74 2.42E-27 9.66E-21 1.40E-18
 1.63E-17 1.77E-16 1.10E-15 3.76E-15 6.01E-15 6.56E-15
 1.00E-74 1.00E-74 1.00E-74 1.00E-74 2.98E-47 2.42E-27 9.66E-21 1.40E-18
 1.63E-17 1.77E-16 1.10E-15 3.76E-15 6.01E-15 6.56E-15
 1.00E-74 1.00E-74 1.00E-74 1.00E-74 2.09E-47 2.42E-27 9.66E-21 1.40E-18
 1.63E-17 1.77E-16 1.10E-15 3.76E-15 6.01E-15 6.56E-15
 1.00E-74 1.00E-74 1.00E-74 1.00E-74 2.09E-47 2.42E-27 9.66E-21 1.40E-18
 1.63E-17 1.77E-16 1.10E-15 3.76E-15 6.01E-15 6.56E-15
 1.00E-74 1.00E-74 1.00E-74 1.00E-74 2.10E-47 2.42E-27 9.66E-21 1.40E-18
 1.63E-17 1.77E-16 1.10E-15 3.76E-15 6.01E-15 6.56E-15
  16.5344    7  14 /pl=01:ss=16:pb= 1:sz=16/type=excit/ispb = t/isel =   22
 1.00E+10 1.00E+11 1.00E+12 1.00E+13 1.00E+14 1.00E+15 1.00E+16
 4.98E+00 7.47E+00 1.25E+01 2.49E+01 4.98E+01 1.25E+02 2.49E+02 3.74E+02
 4.98E+02 7.47E+02 1.25E+03 2.49E+03 4.98E+03 7.47E+03
 1.00E-74 1.00E-74 1.00E-74 1.00E-74 1.00E-74 4.57E-27 1.83E-20 2.68E-18
 3.10E-17 3.41E-16 2.12E-15 7.26E-15 1.16E-14 1.27E-14
 1.00E-74 1.00E-74 1.00E-74 1.00E-74 1.00E-74 4.57E-27 1.83E-20 2.68E-18
 3.10E-17 3.41E-16 2.12E-15 7.26E-15 1.16E-14 1.27E-14
 1.00E-74 1.00E-74 1.00E-74 1.00E-74 1.00E-74 4.57E-27 1.83E-20 2.68E-18
 3.10E-17 3.41E-16 2.12E-15 7.26E-15 1.16E-14 1.27E-14
 1.00E-74 1.00E-74 1.00E-74 1.00E-74 1.00E-74 4.57E-27 1.83E-20 2.68E-18
 3.10E-17 3.41E-16 2.12E-15 7.26E-15 1.16E-14 1.27E-14
 1.00E-74 1.00E-74 1.00E-74 1.00E-74 4.82E-47 4.57E-27 1.83E-20 2.68E-18
 3.10E-17 3.41E-16 2.12E-15 7.26E-15 1.16E-14 1.27E-14
 1.00E-74 1.00E-74 1.00E-74 1.00E-74 3.86E-47 4.57E-27 1.83E-20 2.68E-18
 3.10E-17 3.41E-16 2.12E-15 7.26E-15 1.16E-14 1.27E-14
 1.00E-74 1.00E-74 1.00E-74 1.00E-74 3.95E-47 4.57E-27 1.83E-20 2.68E-18
 3.10E-17 3.41E-16 2.12E-15 7.26E-15 1.16E-14 1.27E-14
  16.8209    7  14 /pl=01:ss=16:pb= 1:sz=16/type=excit/ispb = t/isel =   23
 1.00E+10 1.00E+11 1.00E+12 1.00E+13 1.00E+14 1.00E+15 1.00E+16
 4.98E+00 7.47E+00 1.25E+01 2.49E+01 4.98E+01 1.25E+02 2.49E+02 3.74E+02
 4.98E+02 7.47E+02 1.25E+03 2.49E+03 4.98E+03 7.47E+03
 1.00E-74 1.00E-74 1.00E-74 1.00E-74 1.00E-74 1.71E-26 6.85E-20 9.94E-18
 1.16E-16 1.26E-15 7.79E-15 2.66E-14 4.26E-14 4.65E-14
 1.00E-74 1.00E-74 1.00E-74 1.00E-74 1.00E-74 1.71E-26 6.85E-20 9.94E-18
 1.16E-16 1.26E-15 7.79E-15 2.66E-14 4.26E-14 4.65E-14
 1.00E-74 1.00E-74 1.00E-74 1.00E-74 1.00E-74 1.71E-26 6.85E-20 9.94E-18
 1.16E-16 1.26E-15 7.79E-15 2.66E-14 4.26E-14 4.65E-14
 1.00E-74 1.00E-74 1.00E-74 1.00E-74 2.12E-46 1.71E-26 6.85E-20 9.94E-18
 1.16E-16 1.26E-15 7.79E-15 2.66E-14 4.26E-14 4.65E-14
 1.00E-74 1.00E-74 1.00E-74 1.00E-74 1.48E-46 1.71E-26 6.85E-20 9.94E-18
 1.16E-16 1.26E-15 7.79E-15 2.66E-14 4.26E-14 4.65E-14
 1.00E-74 1.00E-74 1.00E-74 1.00E-74 1.48E-46 1.71E-26 6.85E-20 9.94E-18
 1.16E-16 1.26E-15 7.79E-15 2.66E-14 4.26E-14 4.65E-14
 1.00E-74 1.00E-74 1.00E-74 1.00E-74 1.49E-46 1.72E-26 6.85E-20 9.94E-18
 1.16E-16 1.26E-15 7.79E-15 2.66E-14 4.26E-14 4.65E-14
  16.8663    7  14 /pl=01:ss=16:pb= 1:sz=16/type=excit/ispb = t/isel =   24
 1.00E+10 1.00E+11 1.00E+12 1.00E+13 1.00E+14 1.00E+15 1.00E+16
 4.98E+00 7.47E+00 1.25E+01 2.49E+01 4.98E+01 1.25E+02 2.49E+02 3.74E+02
 4.98E+02 7.47E+02 1.25E+03 2.49E+03 4.98E+03 7.47E+03
 1.00E-74 1.00E-74 1.00E-74 1.00E-74 1.00E-74 2.60E-26 1.05E-19 1.54E-17
 1.79E-16 1.95E-15 1.21E-14 4.10E-14 6.43E-14 6.92E-14
 1.00E-74 1.00E-74 1.00E-74 1.00E-74 1.00E-74 2.60E-26 1.05E-19 1.54E-17
 1.79E-16 1.95E-15 1.21E-14 4.10E-14 6.43E-14 6.92E-14
 1.00E-74 1.00E-74 1.00E-74 1.00E-74 3.71E-46 2.60E-26 1.05E-19 1.54E-17
 1.79E-16 1.95E-15 1.21E-14 4.10E-14 6.43E-14 6.92E-14
 1.00E-74 1.00E-74 1.00E-74 1.00E-74 2.23E-46 2.60E-26 1.05E-19 1.54E-17
 1.79E-16 1.95E-15 1.21E-14 4.10E-14 6.43E-14 6.92E-14
 1.00E-74 1.00E-74 1.00E-74 1.00E-74 2.19E-46 2.60E-26 1.05E-19 1.54E-17
 1.79E-16 1.95E-15 1.21E-14 4.10E-14 6.43E-14 6.92E-14
 1.00E-74 1.00E-74 1.00E-74 1.00E-74 2.19E-46 2.60E-26 1.05E-19 1.54E-17
 1.79E-16 1.95E-15 1.21E-14 4.10E-14 6.43E-14 6.92E-14
 1.00E-74 1.00E-74 1.00E-74 1.00E-74 2.18E-46 2.59E-26 1.05E-19 1.54E-17
 1.78E-16 1.95E-15 1.21E-14 4.10E-14 6.42E-14 6.91E-14
  21.3995    7  14 /pl=01:ss=16:pb= 1:sz=16/type=excit/ispb = t/isel =   25
 1.00E+10 1.00E+11 1.00E+12 1.00E+13 1.00E+14 1.00E+15 1.00E+16
 4.98E+00 7.47E+00 1.25E+01 2.49E+01 4.98E+01 1.25E+02 2.49E+02 3.74E+02
 4.98E+02 7.47E+02 1.25E+03 2.49E+03 4.98E+03 7.47E+03
 1.00E-74 1.00E-74 1.00E-74 1.00E-74 1.00E-74 3.40E-27 6.55E-21 7.51E-19
 7.72E-18 7.55E-17 4.31E-16 1.42E-15 2.31E-15 2.62E-15
 1.00E-74 1.00E-74 1.00E-74 1.00E-74 4.88E-46 3.40E-27 6.55E-21 7.51E-19
 7.72E-18 7.55E-17 4.31E-16 1.42E-15 2.31E-15 2.62E-15
 1.00E-74 1.00E-74 1.00E-74 1.00E-74 2.93E-46 3.40E-27 6.55E-21 7.51E-19
 7.72E-18 7.55E-17 4.31E-16 1.42E-15 2.31E-15 2.62E-15
 1.00E-74 1.00E-74 1.00E-74 1.00E-74 2.78E-46 3.40E-27 6.55E-21 7.51E-19
 7.72E-18 7.55E-17 4.31E-16 1.42E-15 2.31E-15 2.62E-15
 1.00E-74 1.00E-74 1.00E-74 1.00E-74 2.79E-46 3.40E-27 6.55E-21 7.51E-19
 7.72E-18 7.55E-17 4.31E-16 1.42E-15 2.31E-15 2.62E-15
 1.00E-74 1.00E-74 1.00E-74 1.00E-74 2.79E-46 3.40E-27 6.55E-21 7.51E-19
 7.72E-18 7.55E-17 4.31E-16 1.42E-15 2.31E-15 2.62E-15
 1.00E-74 1.00E-74 1.00E-74 1.00E-74 2.79E-46 3.40E-27 6.55E-21 7.51E-19
 7.72E-18 7.55E-17 4.31E-16 1.42E-15 2.31E-15 2.62E-15
  21.5285    7  14 /pl=01:ss=16:pb= 1:sz=16/type=excit/ispb = t/isel =   26
 1.00E+10 1.00E+11 1.00E+12 1.00E+13 1.00E+14 1.00E+15 1.00E+16
 4.98E+00 7.47E+00 1.25E+01 2.49E+01 4.98E+01 1.25E+02 2.49E+02 3.74E+02
 4.98E+02 7.47E+02 1.25E+03 2.49E+03 4.98E+03 7.47E+03
 1.00E-74 1.00E-74 1.00E-74 1.00E-74 1.00E-74 5.66E-26 1.14E-19 1.36E-17
 1.43E-16 1.44E-15 8.43E-15 2.84E-14 4.70E-14 5.32E-14
 1.00E-74 1.00E-74 1.00E-74 1.00E-74 1.00E-74 5.66E-26 1.14E-19 1.36E-17
 1.43E-16 1.44E-15 8.43E-15 2.84E-14 4.70E-14 5.32E-14
 1.00E-74 1.00E-74 1.00E-74 1.00E-74 5.27E-45 5.66E-26 1.14E-19 1.36E-17
 1.43E-16 1.44E-15 8.43E-15 2.84E-14 4.70E-14 5.32E-14
 1.00E-74 1.00E-74 1.00E-74 1.00E-74 4.74E-45 5.66E-26 1.14E-19 1.36E-17
 1.43E-16 1.44E-15 8.43E-15 2.84E-14 4.70E-14 5.32E-14
 1.00E-74 1.00E-74 1.00E-74 1.00E-74 4.64E-45 5.66E-26 1.14E-19 1.36E-17
 1.43E-16 1.44E-15 8.43E-15 2.84E-14 4.70E-14 5.32E-14
 1.00E-74 1.00E-74 1.00E-74 1.00E-74 4.63E-45 5.66E-26 1.14E-19 1.36E-17
 1.43E-16 1.44E-15 8.43E-15 2.84E-14 4.70E-14 5.32E-14
 1.00E-74 1.00E-74 1.00E-74 1.00E-74 4.63E-45 5.66E-26 1.15E-19 1.36E-17
 1.43E-16 1.44E-15 8.43E-15 2.84E-14 4.70E-14 5.32E-14
  22.0653    7  14 /pl=01:ss=16:pb= 1:sz=16/type=excit/ispb = t/isel =   27
 1.00E+10 1.00E+11 1.00E+12 1.00E+13 1.00E+14 1.00E+15 1.00E+16
 4.98E+00 7.47E+00 1.25E+01 2.49E+01 4.98E+01 1.25E+02 2.49E+02 3.74E+02
 4.98E+02 7.47E+02 1.25E+03 2.49E+03 4.98E+03 7.47E+03
 1.00E-74 1.00E-74 1.00E-74 1.00E-74 1.00E-74 1.75E-25 3.37E-19 3.86E-17
 3.97E-16 3.88E-15 2.22E-14 7.31E-14 1.19E-13 1.35E-13
 1.00E-74 1.00E-74 1.00E-74 1.00E-74 2.51E-44 1.75E-25 3.37E-19 3.86E-17
 3.97E-16 3.88E-15 2.22E-14 7.31E-14 1.19E-13 1.35E-13
 1.00E-74 1.00E-74 1.00E-74 1.00E-74 1.50E-44 1.75E-25 3.37E-19 3.86E-17
 3.97E-16 3.88E-15 2.22E-14 7.31E-14 1.19E-13 1.35E-13
 1.00E-74 1.00E-74 1.00E-74 1.00E-74 1.43E-44 1.75E-25 3.37E-19 3.86E-17
 3.97E-16 3.88E-15 2.22E-14 7.31E-14 1.19E-13 1.35E-13
 1.00E-74 1.00E-74 1.00E-74 1.00E-74 1.43E-44 1.75E-25 3.37E-19 3.86E-17
 3.97E-16 3.88E-15 2.22E-14 7.31E-14 1.19E-13 1.35E-13
 1.00E-74 1.00E-74 1.00E-74 1.00E-74 1.44E-44 1.75E-25 3.37E-19 3.86E-17
 3.97E-16 3.88E-15 2.22E-14 7.31E-14 1.19E-13 1.35E-13
 1.00E-74 1.00E-74 1.00E-74 1.00E-74 1.44E-44 1.75E-25 3.37E-19 3.86E-17
 3.97E-16 3.88E-15 2.22E-14 7.31E-14 1.19E-13 1.35E-13
  22.1976    7  14 /pl=01:ss=16:pb= 1:sz=16/type=excit/ispb = t/isel =   28
 1.00E+10 1.00E+11 1.00E+12 1.00E+13 1.00E+14 1.00E+15 1.00E+16
 4.98E+00 7.47E+00 1.25E+01 2.49E+01 4.98E+01 1.25E+02 2.49E+02 3.74E+02
 4.98E+02 7.47E+02 1.25E+03 2.49E+03 4.98E+03 7.47E+03
 1.00E-74 1.00E-74 1.00E-74 1.00E-74 1.00E-74 4.96E-26 8.90E-20 9.87E-18
 9.99E-17 9.53E-16 5.29E-15 1.66E-14 2.54E-14 2.72E-14
 1.00E-74 1.00E-74 1.00E-74 1.00E-74 1.00E-74 4.96E-26 8.90E-20 9.87E-18
 9.99E-17 9.53E-16 5.29E-15 1.66E-14 2.54E-14 2.72E-14
 1.00E-74 1.00E-74 1.00E-74 1.00E-74 4.57E-45 4.96E-26 8.90E-20 9.87E-18
 9.99E-17 9.53E-16 5.29E-15 1.66E-14 2.54E-14 2.72E-14
 1.00E-74 1.00E-74 1.00E-74 1.00E-74 4.68E-45 4.96E-26 8.90E-20 9.87E-18
 9.99E-17 9.53E-16 5.29E-15 1.66E-14 2.54E-14 2.72E-14
 1.00E-74 1.00E-74 1.00E-74 1.00E-74 4.68E-45 4.96E-26 8.90E-20 9.87E-18
 9.99E-17 9.53E-16 5.29E-15 1.66E-14 2.54E-14 2.72E-14
 1.00E-74 1.00E-74 1.00E-74 1.00E-74 4.68E-45 4.96E-26 8.90E-20 9.87E-18
 9.99E-17 9.53E-16 5.29E-15 1.66E-14 2.54E-14 2.72E-14
 1.00E-74 1.00E-74 1.00E-74 1.00E-74 4.68E-45 4.96E-26 8.90E-20 9.87E-18
 9.99E-17 9.53E-16 5.29E-15 1.66E-14 2.54E-14 2.72E-14
  22.2074    7  14 /pl=01:ss=16:pb= 1:sz=16/type=excit/ispb = t/isel =   29
 1.00E+10 1.00E+11 1.00E+12 1.00E+13 1.00E+14 1.00E+15 1.00E+16
 4.98E+00 7.47E+00 1.25E+01 2.49E+01 4.98E+01 1.25E+02 2.49E+02 3.74E+02
 4.98E+02 7.47E+02 1.25E+03 2.49E+03 4.98E+03 7.47E+03
 1.00E-74 1.00E-74 1.00E-74 1.00E-74 1.00E-74 9.17E-26 1.65E-19 1.85E-17
 1.87E-16 1.80E-15 1.01E-14 3.21E-14 4.93E-14 5.29E-14
 1.00E-74 1.00E-74 1.00E-74 1.00E-74 1.00E-74 9.17E-26 1.65E-19 1.85E-17
 1.87E-16 1.80E-15 1.01E-14 3.21E-14 4.93E-14 5.29E-14
 1.00E-74 1.00E-74 1.00E-74 1.00E-74 7.41E-45 9.17E-26 1.65E-19 1.85E-17
 1.87E-16 1.80E-15 1.01E-14 3.21E-14 4.93E-14 5.29E-14
 1.00E-74 1.00E-74 1.00E-74 1.00E-74 8.90E-45 9.17E-26 1.65E-19 1.85E-17
 1.87E-16 1.80E-15 1.01E-14 3.21E-14 4.93E-14 5.29E-14
 1.00E-74 1.00E-74 1.00E-74 1.00E-74 8.67E-45 9.17E-26 1.65E-19 1.85E-17
 1.87E-16 1.80E-15 1.01E-14 3.21E-14 4.93E-14 5.29E-14
 1.00E-74 1.00E-74 1.00E-74 1.00E-74 8.68E-45 9.17E-26 1.65E-19 1.85E-17
 1.87E-16 1.80E-15 1.01E-14 3.21E-14 4.93E-14 5.29E-14
 1.00E-74 1.00E-74 1.00E-74 1.00E-74 8.68E-45 9.17E-26 1.65E-19 1.85E-17
 1.87E-16 1.80E-15 1.01E-14 3.21E-14 4.93E-14 5.29E-14
  22.3814    7  14 /pl=01:ss=16:pb= 1:sz=16/type=excit/ispb = t/isel =   30
 1.00E+10 1.00E+11 1.00E+12 1.00E+13 1.00E+14 1.00E+15 1.00E+16
 4.98E+00 7.47E+00 1.25E+01 2.49E+01 4.98E+01 1.25E+02 2.49E+02 3.74E+02
 4.98E+02 7.47E+02 1.25E+03 2.49E+03 4.98E+03 7.47E+03
 1.00E-74 1.00E-74 1.00E-74 1.00E-74 1.47E-45 9.41E-27 1.76E-20 1.99E-18
 2.04E-17 1.97E-16 1.11E-15 3.49E-15 5.29E-15 5.62E-15
 1.00E-74 1.00E-74 1.00E-74 1.00E-74 8.83E-46 9.41E-27 1.76E-20 1.99E-18
 2.04E-17 1.97E-16 1.11E-15 3.49E-15 5.29E-15 5.62E-15
 1.00E-74 1.00E-74 1.00E-74 1.00E-74 8.39E-46 9.41E-27 1.76E-20 1.99E-18
 2.04E-17 1.97E-16 1.11E-15 3.49E-15 5.29E-15 5.62E-15
 1.00E-74 1.00E-74 1.00E-74 1.00E-74 8.39E-46 9.41E-27 1.76E-20 1.99E-18
 2.04E-17 1.97E-16 1.11E-15 3.49E-15 5.29E-15 5.62E-15
 1.00E-74 1.00E-74 1.00E-74 1.00E-74 8.39E-46 9.41E-27 1.76E-20 1.99E-18
 2.04E-17 1.97E-16 1.11E-15 3.49E-15 5.29E-15 5.62E-15
 1.00E-74 1.00E-74 1.00E-74 1.00E-74 8.38E-46 9.41E-27 1.76E-20 1.99E-18
 2.04E-17 1.97E-16 1.11E-15 3.49E-15 5.29E-15 5.62E-15
 1.00E-74 1.00E-74 1.00E-74 1.00E-74 8.38E-46 9.41E-27 1.76E-20 1.99E-18
 2.04E-17 1.97E-16 1.11E-15 3.49E-15 5.29E-15 5.62E-15
  22.5683    7  14 /pl=01:ss=16:pb= 1:sz=16/type=excit/ispb = t/isel =   31
 1.00E+10 1.00E+11 1.00E+12 1.00E+13 1.00E+14 1.00E+15 1.00E+16
 4.98E+00 7.47E+00 1.25E+01 2.49E+01 4.98E+01 1.25E+02 2.49E+02 3.74E+02
 4.98E+02 7.47E+02 1.25E+03 2.49E+03 4.98E+03 7.47E+03
 1.00E-74 1.00E-74 1.00E-74 1.00E-74 1.00E-74 1.55E-27 7.45E-21 1.18E-18
 1.44E-17 1.67E-16 1.09E-15 3.99E-15 6.81E-15 7.77E-15
 1.00E-74 1.00E-74 1.00E-74 1.00E-74 1.00E-74 1.55E-27 7.45E-21 1.18E-18
 1.44E-17 1.67E-16 1.09E-15 3.99E-15 6.81E-15 7.77E-15
 1.00E-74 1.00E-74 1.00E-74 1.00E-74 1.00E-74 1.55E-27 7.45E-21 1.18E-18
 1.44E-17 1.67E-16 1.09E-15 3.99E-15 6.81E-15 7.77E-15
 1.00E-74 1.00E-74 1.00E-74 1.00E-74 1.00E-74 1.55E-27 7.45E-21 1.18E-18
 1.44E-17 1.67E-16 1.09E-15 3.99E-15 6.81E-15 7.77E-15
 1.00E-74 1.00E-74 1.00E-74 1.00E-74 9.04E-48 1.56E-27 7.45E-21 1.18E-18
 1.44E-17 1.67E-16 1.09E-15 3.99E-15 6.81E-15 7.77E-15
 1.00E-74 1.00E-74 1.00E-74 1.00E-74 1.08E-47 1.56E-27 7.45E-21 1.18E-18
 1.44E-17 1.67E-16 1.09E-15 3.99E-15 6.81E-15 7.77E-15
 1.00E-74 1.00E-74 1.00E-74 1.00E-74 1.12E-47 1.56E-27 7.46E-21 1.18E-18
 1.44E-17 1.67E-16 1.09E-15 3.99E-15 6.81E-15 7.77E-15
  22.7221    7  14 /pl=01:ss=16:pb= 1:sz=16/type=excit/ispb = t/isel =   32
 1.00E+10 1.00E+11 1.00E+12 1.00E+13 1.00E+14 1.00E+15 1.00E+16
 4.98E+00 7.47E+00 1.25E+01 2.49E+01 4.98E+01 1.25E+02 2.49E+02 3.74E+02
 4.98E+02 7.47E+02 1.25E+03 2.49E+03 4.98E+03 7.47E+03
 1.00E-74 1.00E-74 1.00E-74 1.00E-74 1.00E-74 2.76E-25 4.96E-19 5.50E-17
 5.56E-16 5.31E-15 2.95E-14 9.26E-14 1.41E-13 1.52E-13
 1.00E-74 1.00E-74 1.00E-74 1.00E-74 1.00E-74 2.76E-25 4.96E-19 5.50E-17
 5.56E-16 5.31E-15 2.95E-14 9.26E-14 1.41E-13 1.52E-13
 1.00E-74 1.00E-74 1.00E-74 1.00E-74 2.54E-44 2.76E-25 4.96E-19 5.50E-17
 5.56E-16 5.31E-15 2.95E-14 9.26E-14 1.41E-13 1.52E-13
 1.00E-74 1.00E-74 1.00E-74 1.00E-74 2.61E-44 2.76E-25 4.96E-19 5.50E-17
 5.56E-16 5.31E-15 2.95E-14 9.26E-14 1.41E-13 1.52E-13
 1.00E-74 1.00E-74 1.00E-74 1.00E-74 2.61E-44 2.76E-25 4.96E-19 5.50E-17
 5.56E-16 5.31E-15 2.95E-14 9.26E-14 1.41E-13 1.52E-13
 1.00E-74 1.00E-74 1.00E-74 1.00E-74 2.61E-44 2.76E-25 4.96E-19 5.50E-17
 5.56E-16 5.31E-15 2.95E-14 9.26E-14 1.41E-13 1.52E-13
 1.00E-74 1.00E-74 1.00E-74 1.00E-74 2.61E-44 2.76E-25 4.96E-19 5.50E-17
 5.56E-16 5.31E-15 2.95E-14 9.26E-14 1.41E-13 1.52E-13
  22.7324    7  14 /pl=01:ss=16:pb= 1:sz=16/type=excit/ispb = t/isel =   33
 1.00E+10 1.00E+11 1.00E+12 1.00E+13 1.00E+14 1.00E+15 1.00E+16
 4.98E+00 7.47E+00 1.25E+01 2.49E+01 4.98E+01 1.25E+02 2.49E+02 3.74E+02
 4.98E+02 7.47E+02 1.25E+03 2.49E+03 4.98E+03 7.47E+03
 1.00E-74 1.00E-74 1.00E-74 1.00E-74 1.00E-74 4.54E-27 8.19E-21 9.15E-19
 9.28E-18 8.93E-17 5.01E-16 1.59E-15 2.44E-15 2.62E-15
 1.00E-74 1.00E-74 1.00E-74 1.00E-74 1.00E-74 4.54E-27 8.19E-21 9.15E-19
 9.28E-18 8.93E-17 5.01E-16 1.59E-15 2.44E-15 2.62E-15
 1.00E-74 1.00E-74 1.00E-74 1.00E-74 3.67E-46 4.54E-27 8.19E-21 9.15E-19
 9.28E-18 8.93E-17 5.01E-16 1.59E-15 2.44E-15 2.62E-15
 1.00E-74 1.00E-74 1.00E-74 1.00E-74 4.41E-46 4.54E-27 8.19E-21 9.15E-19
 9.28E-18 8.93E-17 5.01E-16 1.59E-15 2.44E-15 2.62E-15
 1.00E-74 1.00E-74 1.00E-74 1.00E-74 4.30E-46 4.54E-27 8.19E-21 9.15E-19
 9.28E-18 8.93E-17 5.01E-16 1.59E-15 2.44E-15 2.62E-15
 1.00E-74 1.00E-74 1.00E-74 1.00E-74 4.30E-46 4.54E-27 8.19E-21 9.15E-19
 9.28E-18 8.93E-17 5.01E-16 1.59E-15 2.44E-15 2.62E-15
 1.00E-74 1.00E-74 1.00E-74 1.00E-74 4.30E-46 4.54E-27 8.19E-21 9.15E-19
 9.28E-18 8.93E-17 5.02E-16 1.59E-15 2.44E-15 2.62E-15
  22.9148    7  14 /pl=01:ss=16:pb= 1:sz=16/type=excit/ispb = t/isel =   34
 1.00E+10 1.00E+11 1.00E+12 1.00E+13 1.00E+14 1.00E+15 1.00E+16
 4.98E+00 7.47E+00 1.25E+01 2.49E+01 4.98E+01 1.25E+02 2.49E+02 3.74E+02
 4.98E+02 7.47E+02 1.25E+03 2.49E+03 4.98E+03 7.47E+03
 1.00E-74 1.00E-74 1.00E-74 1.00E-74 8.77E-44 5.61E-25 1.05E-18 1.19E-16
 1.22E-15 1.17E-14 6.60E-14 2.08E-13 3.16E-13 3.35E-13
 1.00E-74 1.00E-74 1.00E-74 1.00E-74 5.26E-44 5.61E-25 1.05E-18 1.19E-16
 1.22E-15 1.17E-14 6.60E-14 2.08E-13 3.16E-13 3.35E-13
 1.00E-74 1.00E-74 1.00E-74 1.00E-74 5.00E-44 5.61E-25 1.05E-18 1.19E-16
 1.22E-15 1.17E-14 6.60E-14 2.08E-13 3.16E-13 3.35E-13
 1.00E-74 1.00E-74 1.00E-74 1.00E-74 5.00E-44 5.61E-25 1.05E-18 1.19E-16
 1.22E-15 1.17E-14 6.60E-14 2.08E-13 3.16E-13 3.35E-13
 1.00E-74 1.00E-74 1.00E-74 1.00E-74 5.00E-44 5.61E-25 1.05E-18 1.19E-16
 1.22E-15 1.17E-14 6.60E-14 2.08E-13 3.16E-13 3.35E-13
 1.00E-74 1.00E-74 1.00E-74 1.00E-74 5.00E-44 5.61E-25 1.05E-18 1.19E-16
 1.22E-15 1.17E-14 6.60E-14 2.08E-13 3.16E-13 3.35E-13
 1.00E-74 1.00E-74 1.00E-74 1.00E-74 5.00E-44 5.61E-25 1.05E-18 1.19E-16
 1.22E-15 1.17E-14 6.60E-14 2.08E-13 3.15E-13 3.35E-13
  37.2717    7  14 /pl=01:ss=16:pb= 1:sz=16/type=excit/ispb = t/isel =   35
 1.00E+10 1.00E+11 1.00E+12 1.00E+13 1.00E+14 1.00E+15 1.00E+16
 4.98E+00 7.47E+00 1.25E+01 2.49E+01 4.98E+01 1.25E+02 2.49E+02 3.74E+02
 4.98E+02 7.47E+02 1.25E+03 2.49E+03 4.98E+03 7.47E+03
 1.00E-74 1.00E-74 1.00E-74 1.00E-74 1.00E-74 4.37E-28 3.09E-21 5.46E-19
 6.96E-18 8.42E-17 5.68E-16 2.11E-15 3.62E-15 4.15E-15
 1.00E-74 1.00E-74 1.00E-74 1.00E-74 1.00E-74 4.37E-28 3.09E-21 5.46E-19
 6.96E-18 8.42E-17 5.68E-16 2.11E-15 3.62E-15 4.15E-15
 1.00E-74 1.00E-74 1.00E-74 1.00E-74 1.00E-74 4.37E-28 3.09E-21 5.46E-19
 6.96E-18 8.42E-17 5.68E-16 2.11E-15 3.62E-15 4.15E-15
 1.00E-74 1.00E-74 1.00E-74 1.00E-74 1.00E-74 4.37E-28 3.09E-21 5.46E-19
 6.96E-18 8.42E-17 5.68E-16 2.11E-15 3.62E-15 4.15E-15
 1.00E-74 1.00E-74 1.00E-74 1.00E-74 1.15E-48 4.37E-28 3.09E-21 5.46E-19
 6.96E-18 8.42E-17 5.68E-16 2.11E-15 3.62E-15 4.15E-15
 1.00E-74 1.00E-74 1.00E-74 1.00E-74 6.92E-49 4.37E-28 3.09E-21 5.46E-19
 6.96E-18 8.42E-17 5.68E-16 2.11E-15 3.62E-15 4.15E-15
 1.00E-74 1.00E-74 1.00E-74 1.00E-74 6.92E-49 4.38E-28 3.10E-21 5.47E-19
 6.97E-18 8.43E-17 5.69E-16 2.11E-15 3.62E-15 4.15E-15
  37.7929    7  14 /pl=01:ss=16:pb= 1:sz=16/type=excit/ispb = t/isel =   36
 1.00E+10 1.00E+11 1.00E+12 1.00E+13 1.00E+14 1.00E+15 1.00E+16
 4.98E+00 7.47E+00 1.25E+01 2.49E+01 4.98E+01 1.25E+02 2.49E+02 3.74E+02
 4.98E+02 7.47E+02 1.25E+03 2.49E+03 4.98E+03 7.47E+03
 1.00E-74 1.00E-74 1.00E-74 1.00E-74 1.00E-74 5.20E-28 3.63E-21 6.37E-19
 8.07E-18 9.68E-17 6.46E-16 2.34E-15 3.84E-15 4.23E-15
 1.00E-74 1.00E-74 1.00E-74 1.00E-74 1.00E-74 5.20E-28 3.63E-21 6.37E-19
 8.07E-18 9.68E-17 6.46E-16 2.34E-15 3.84E-15 4.23E-15
 1.00E-74 1.00E-74 1.00E-74 1.00E-74 1.00E-74 5.20E-28 3.63E-21 6.37E-19
 8.07E-18 9.68E-17 6.46E-16 2.34E-15 3.84E-15 4.23E-15
 1.00E-74 1.00E-74 1.00E-74 1.00E-74 1.00E-74 5.20E-28 3.63E-21 6.37E-19
 8.07E-18 9.68E-17 6.46E-16 2.34E-15 3.84E-15 4.23E-15
 1.00E-74 1.00E-74 1.00E-74 1.00E-74 1.00E-74 5.20E-28 3.63E-21 6.37E-19
 8.07E-18 9.68E-17 6.46E-16 2.34E-15 3.84E-15 4.23E-15
 1.00E-74 1.00E-74 1.00E-74 1.00E-74 8.07E-49 5.20E-28 3.64E-21 6.37E-19
 8.07E-18 9.69E-17 6.46E-16 2.34E-15 3.84E-15 4.23E-15
 1.00E-74 1.00E-74 1.00E-74 1.00E-74 8.68E-49 5.26E-28 3.67E-21 6.42E-19
 8.12E-18 9.74E-17 6.49E-16 2.35E-15 3.85E-15 4.24E-15
  37.8644    7  14 /pl=01:ss=16:pb= 1:sz=16/type=excit/ispb = t/isel =   37
 1.00E+10 1.00E+11 1.00E+12 1.00E+13 1.00E+14 1.00E+15 1.00E+16
 4.98E+00 7.47E+00 1.25E+01 2.49E+01 4.98E+01 1.25E+02 2.49E+02 3.74E+02
 4.98E+02 7.47E+02 1.25E+03 2.49E+03 4.98E+03 7.47E+03
 1.00E-74 1.00E-74 1.00E-74 1.00E-74 1.00E-74 9.73E-28 6.84E-21 1.20E-18
 1.53E-17 1.83E-16 1.22E-15 4.35E-15 6.97E-15 7.54E-15
 1.00E-74 1.00E-74 1.00E-74 1.00E-74 1.00E-74 9.73E-28 6.84E-21 1.20E-18
 1.53E-17 1.83E-16 1.22E-15 4.35E-15 6.97E-15 7.54E-15
 1.00E-74 1.00E-74 1.00E-74 1.00E-74 1.00E-74 9.73E-28 6.84E-21 1.20E-18
 1.53E-17 1.83E-16 1.22E-15 4.35E-15 6.97E-15 7.54E-15
 1.00E-74 1.00E-74 1.00E-74 1.00E-74 1.00E-74 9.73E-28 6.84E-21 1.20E-18
 1.53E-17 1.83E-16 1.22E-15 4.35E-15 6.97E-15 7.54E-15
 1.00E-74 1.00E-74 1.00E-74 1.00E-74 1.55E-48 9.73E-28 6.84E-21 1.20E-18
 1.53E-17 1.83E-16 1.22E-15 4.35E-15 6.97E-15 7.54E-15
 1.00E-74 1.00E-74 1.00E-74 1.00E-74 1.55E-48 9.70E-28 6.83E-21 1.20E-18
 1.52E-17 1.83E-16 1.22E-15 4.34E-15 6.97E-15 7.53E-15
 1.00E-74 1.00E-74 1.00E-74 1.00E-74 1.50E-48 9.45E-28 6.69E-21 1.18E-18
 1.50E-17 1.80E-16 1.20E-15 4.31E-15 6.92E-15 7.49E-15
  43.5730    7  14 /pl=01:ss=16:pb= 1:sz=16/type=excit/ispb = t/isel =   38
 1.00E+10 1.00E+11 1.00E+12 1.00E+13 1.00E+14 1.00E+15 1.00E+16
 4.98E+00 7.47E+00 1.25E+01 2.49E+01 4.98E+01 1.25E+02 2.49E+02 3.74E+02
 4.98E+02 7.47E+02 1.25E+03 2.49E+03 4.98E+03 7.47E+03
 1.00E-74 1.00E-74 1.00E-74 1.00E-74 1.00E-74 1.13E-27 6.59E-21 1.09E-18
 1.35E-17 1.58E-16 1.04E-15 3.78E-15 6.44E-15 7.36E-15
 1.00E-74 1.00E-74 1.00E-74 1.00E-74 1.00E-74 1.13E-27 6.59E-21 1.09E-18
 1.35E-17 1.58E-16 1.04E-15 3.78E-15 6.44E-15 7.36E-15
 1.00E-74 1.00E-74 1.00E-74 1.00E-74 1.00E-74 1.13E-27 6.59E-21 1.09E-18
 1.35E-17 1.58E-16 1.04E-15 3.78E-15 6.44E-15 7.36E-15
 1.00E-74 1.00E-74 1.00E-74 1.00E-74 1.00E-74 1.13E-27 6.59E-21 1.09E-18
 1.35E-17 1.58E-16 1.04E-15 3.78E-15 6.44E-15 7.36E-15
 1.00E-74 1.00E-74 1.00E-74 1.00E-74 3.73E-48 1.13E-27 6.59E-21 1.09E-18
 1.35E-17 1.58E-16 1.04E-15 3.78E-15 6.44E-15 7.36E-15
 1.00E-74 1.00E-74 1.00E-74 1.00E-74 3.17E-48 1.13E-27 6.59E-21 1.09E-18
 1.35E-17 1.58E-16 1.04E-15 3.78E-15 6.44E-15 7.36E-15
 1.00E-74 1.00E-74 1.00E-74 1.00E-74 3.19E-48 1.13E-27 6.60E-21 1.09E-18
 1.35E-17 1.58E-16 1.04E-15 3.78E-15 6.44E-15 7.36E-15
  44.2870    7  14 /pl=01:ss=16:pb= 1:sz=16/type=excit/ispb = t/isel =   39
 1.00E+10 1.00E+11 1.00E+12 1.00E+13 1.00E+14 1.00E+15 1.00E+16
 4.98E+00 7.47E+00 1.25E+01 2.49E+01 4.98E+01 1.25E+02 2.49E+02 3.74E+02
 4.98E+02 7.47E+02 1.25E+03 2.49E+03 4.98E+03 7.47E+03
 1.00E-74 1.00E-74 1.00E-74 1.00E-74 1.00E-74 1.38E-27 7.96E-21 1.31E-18
 1.60E-17 1.86E-16 1.21E-15 4.30E-15 6.98E-15 7.67E-15
 1.00E-74 1.00E-74 1.00E-74 1.00E-74 1.00E-74 1.38E-27 7.96E-21 1.31E-18
 1.60E-17 1.86E-16 1.21E-15 4.30E-15 6.98E-15 7.67E-15
 1.00E-74 1.00E-74 1.00E-74 1.00E-74 1.00E-74 1.38E-27 7.96E-21 1.31E-18
 1.60E-17 1.86E-16 1.21E-15 4.30E-15 6.98E-15 7.67E-15
 1.00E-74 1.00E-74 1.00E-74 1.00E-74 1.00E-74 1.38E-27 7.96E-21 1.31E-18
 1.60E-17 1.86E-16 1.21E-15 4.30E-15 6.98E-15 7.67E-15
 1.00E-74 1.00E-74 1.00E-74 1.00E-74 3.56E-48 1.38E-27 7.96E-21 1.31E-18
 1.60E-17 1.86E-16 1.21E-15 4.30E-15 6.98E-15 7.67E-15
 1.00E-74 1.00E-74 1.00E-74 1.00E-74 3.92E-48 1.38E-27 7.96E-21 1.31E-18
 1.60E-17 1.86E-16 1.21E-15 4.30E-15 6.98E-15 7.67E-15
 1.00E-74 1.00E-74 1.00E-74 1.00E-74 4.09E-48 1.39E-27 7.98E-21 1.31E-18
 1.61E-17 1.87E-16 1.21E-15 4.30E-15 6.99E-15 7.68E-15
  44.4642    7  14 /pl=01:ss=16:pb= 1:sz=16/type=excit/ispb = t/isel =   40
 1.00E+10 1.00E+11 1.00E+12 1.00E+13 1.00E+14 1.00E+15 1.00E+16
 4.98E+00 7.47E+00 1.25E+01 2.49E+01 4.98E+01 1.25E+02 2.49E+02 3.74E+02
 4.98E+02 7.47E+02 1.25E+03 2.49E+03 4.98E+03 7.47E+03
 1.00E-74 1.00E-74 1.00E-74 1.00E-74 1.00E-74 3.06E-27 1.77E-20 2.92E-18
 3.59E-17 4.17E-16 2.71E-15 9.48E-15 1.51E-14 1.63E-14
 1.00E-74 1.00E-74 1.00E-74 1.00E-74 1.00E-74 3.06E-27 1.77E-20 2.92E-18
 3.59E-17 4.17E-16 2.71E-15 9.48E-15 1.51E-14 1.63E-14
 1.00E-74 1.00E-74 1.00E-74 1.00E-74 1.00E-74 3.06E-27 1.77E-20 2.92E-18
 3.59E-17 4.17E-16 2.71E-15 9.48E-15 1.51E-14 1.63E-14
 1.00E-74 1.00E-74 1.00E-74 1.00E-74 1.25E-47 3.06E-27 1.77E-20 2.92E-18
 3.59E-17 4.17E-16 2.71E-15 9.48E-15 1.51E-14 1.63E-14
 1.00E-74 1.00E-74 1.00E-74 1.00E-74 8.76E-48 3.06E-27 1.77E-20 2.92E-18
 3.59E-17 4.17E-16 2.70E-15 9.48E-15 1.51E-14 1.63E-14
 1.00E-74 1.00E-74 1.00E-74 1.00E-74 8.88E-48 3.06E-27 1.77E-20 2.92E-18
 3.59E-17 4.16E-16 2.70E-15 9.48E-15 1.51E-14 1.62E-14
 1.00E-74 1.00E-74 1.00E-74 1.00E-74 8.71E-48 3.03E-27 1.76E-20 2.90E-18
 3.57E-17 4.14E-16 2.69E-15 9.45E-15 1.51E-14 1.62E-14
  62.2665    7  14 /pl=01:ss=16:pb= 1:sz=16/type=excit/ispb = t/isel =   41
 1.00E+10 1.00E+11 1.00E+12 1.00E+13 1.00E+14 1.00E+15 1.00E+16
 4.98E+00 7.47E+00 1.25E+01 2.49E+01 4.98E+01 1.25E+02 2.49E+02 3.74E+02
 4.98E+02 7.47E+02 1.25E+03 2.49E+03 4.98E+03 7.47E+03
 1.00E-74 1.00E-74 1.00E-74 1.00E-74 1.00E-74 1.09E-27 4.61E-21 6.86E-19
 8.06E-18 8.99E-17 5.71E-16 2.03E-15 3.43E-15 3.90E-15
 1.00E-74 1.00E-74 1.00E-74 1.00E-74 1.00E-74 1.09E-27 4.61E-21 6.86E-19
 8.06E-18 8.99E-17 5.71E-16 2.03E-15 3.43E-15 3.90E-15
 1.00E-74 1.00E-74 1.00E-74 1.00E-74 1.00E-74 1.09E-27 4.61E-21 6.86E-19
 8.06E-18 8.99E-17 5.71E-16 2.03E-15 3.43E-15 3.90E-15
 1.00E-74 1.00E-74 1.00E-74 1.00E-74 1.00E-74 1.09E-27 4.61E-21 6.86E-19
 8.06E-18 8.99E-17 5.71E-16 2.03E-15 3.43E-15 3.90E-15
 1.00E-74 1.00E-74 1.00E-74 1.00E-74 1.03E-47 1.09E-27 4.61E-21 6.86E-19
 8.06E-18 8.99E-17 5.71E-16 2.03E-15 3.43E-15 3.90E-15
 1.00E-74 1.00E-74 1.00E-74 1.00E-74 8.62E-48 1.09E-27 4.61E-21 6.86E-19
 8.06E-18 8.99E-17 5.71E-16 2.03E-15 3.43E-15 3.90E-15
 1.00E-74 1.00E-74 1.00E-74 1.00E-74 8.72E-48 1.10E-27 4.62E-21 6.86E-19
 8.07E-18 9.00E-17 5.72E-16 2.03E-15 3.43E-15 3.90E-15
  63.2511    7  14 /pl=01:ss=16:pb= 1:sz=16/type=excit/ispb = t/isel =   42
 1.00E+10 1.00E+11 1.00E+12 1.00E+13 1.00E+14 1.00E+15 1.00E+16
 4.98E+00 7.47E+00 1.25E+01 2.49E+01 4.98E+01 1.25E+02 2.49E+02 3.74E+02
 4.98E+02 7.47E+02 1.25E+03 2.49E+03 4.98E+03 7.47E+03
 1.00E-74 1.00E-74 1.00E-74 1.00E-74 1.00E-74 4.46E-27 1.83E-20 2.71E-18
 3.15E-17 3.48E-16 2.19E-15 7.74E-15 1.30E-14 1.47E-14
 1.00E-74 1.00E-74 1.00E-74 1.00E-74 1.00E-74 4.46E-27 1.83E-20 2.71E-18
 3.15E-17 3.48E-16 2.19E-15 7.74E-15 1.30E-14 1.47E-14
 1.00E-74 1.00E-74 1.00E-74 1.00E-74 1.00E-74 4.46E-27 1.83E-20 2.71E-18
 3.15E-17 3.48E-16 2.19E-15 7.74E-15 1.30E-14 1.47E-14
 1.00E-74 1.00E-74 1.00E-74 1.00E-74 3.36E-47 4.46E-27 1.83E-20 2.71E-18
 3.15E-17 3.48E-16 2.19E-15 7.74E-15 1.30E-14 1.47E-14
 1.00E-74 1.00E-74 1.00E-74 1.00E-74 3.70E-47 4.46E-27 1.83E-20 2.71E-18
 3.15E-17 3.48E-16 2.19E-15 7.74E-15 1.30E-14 1.47E-14
 1.00E-74 1.00E-74 1.00E-74 1.00E-74 3.63E-47 4.46E-27 1.83E-20 2.71E-18
 3.15E-17 3.48E-16 2.19E-15 7.74E-15 1.30E-14 1.47E-14
 1.00E-74 1.00E-74 1.00E-74 1.00E-74 3.64E-47 4.46E-27 1.83E-20 2.71E-18
 3.15E-17 3.48E-16 2.19E-15 7.74E-15 1.30E-14 1.47E-14
  63.6943    7  14 /pl=01:ss=16:pb= 1:sz=16/type=excit/ispb = t/isel =   43
 1.00E+10 1.00E+11 1.00E+12 1.00E+13 1.00E+14 1.00E+15 1.00E+16
 4.98E+00 7.47E+00 1.25E+01 2.49E+01 4.98E+01 1.25E+02 2.49E+02 3.74E+02
 4.98E+02 7.47E+02 1.25E+03 2.49E+03 4.98E+03 7.47E+03
 1.00E-74 1.00E-74 1.00E-74 1.00E-74 1.00E-74 1.51E-27 6.05E-21 8.84E-19
 1.02E-17 1.13E-16 6.99E-16 2.40E-15 3.84E-15 4.19E-15
 1.00E-74 1.00E-74 1.00E-74 1.00E-74 1.00E-74 1.51E-27 6.05E-21 8.84E-19
 1.02E-17 1.13E-16 6.99E-16 2.40E-15 3.84E-15 4.19E-15
 1.00E-74 1.00E-74 1.00E-74 1.00E-74 1.00E-74 1.51E-27 6.05E-21 8.84E-19
 1.02E-17 1.13E-16 6.99E-16 2.40E-15 3.84E-15 4.19E-15
 1.00E-74 1.00E-74 1.00E-74 1.00E-74 1.00E-74 1.51E-27 6.05E-21 8.84E-19
 1.02E-17 1.13E-16 6.99E-16 2.40E-15 3.84E-15 4.19E-15
 1.00E-74 1.00E-74 1.00E-74 1.00E-74 1.59E-47 1.51E-27 6.05E-21 8.84E-19
 1.02E-17 1.13E-16 6.99E-16 2.40E-15 3.84E-15 4.19E-15
 1.00E-74 1.00E-74 1.00E-74 1.00E-74 1.27E-47 1.51E-27 6.05E-21 8.84E-19
 1.02E-17 1.13E-16 6.99E-16 2.40E-15 3.84E-15 4.19E-15
 1.00E-74 1.00E-74 1.00E-74 1.00E-74 1.31E-47 1.51E-27 6.06E-21 8.85E-19
 1.02E-17 1.13E-16 6.99E-16 2.40E-15 3.84E-15 4.19E-15
  64.8088    7  14 /pl=01:ss=16:pb= 1:sz=16/type=excit/ispb = t/isel =   44
 1.00E+10 1.00E+11 1.00E+12 1.00E+13 1.00E+14 1.00E+15 1.00E+16
 4.98E+00 7.47E+00 1.25E+01 2.49E+01 4.98E+01 1.25E+02 2.49E+02 3.74E+02
 4.98E+02 7.47E+02 1.25E+03 2.49E+03 4.98E+03 7.47E+03
 1.00E-74 1.00E-74 1.00E-74 1.00E-74 1.00E-74 5.82E-27 2.33E-20 3.38E-18
 3.93E-17 4.27E-16 2.65E-15 9.05E-15 1.45E-14 1.58E-14
 1.00E-74 1.00E-74 1.00E-74 1.00E-74 1.00E-74 5.82E-27 2.33E-20 3.38E-18
 3.93E-17 4.27E-16 2.65E-15 9.05E-15 1.45E-14 1.58E-14
 1.00E-74 1.00E-74 1.00E-74 1.00E-74 1.00E-74 5.82E-27 2.33E-20 3.38E-18
 3.93E-17 4.27E-16 2.65E-15 9.05E-15 1.45E-14 1.58E-14
 1.00E-74 1.00E-74 1.00E-74 1.00E-74 7.19E-47 5.82E-27 2.33E-20 3.38E-18
 3.93E-17 4.27E-16 2.65E-15 9.05E-15 1.45E-14 1.58E-14
 1.00E-74 1.00E-74 1.00E-74 1.00E-74 5.03E-47 5.82E-27 2.33E-20 3.38E-18
 3.93E-17 4.27E-16 2.65E-15 9.05E-15 1.45E-14 1.58E-14
 1.00E-74 1.00E-74 1.00E-74 1.00E-74 5.03E-47 5.82E-27 2.33E-20 3.38E-18
 3.93E-17 4.27E-16 2.65E-15 9.05E-15 1.45E-14 1.58E-14
 1.00E-74 1.00E-74 1.00E-74 1.00E-74 5.07E-47 5.83E-27 2.33E-20 3.38E-18
 3.93E-17 4.27E-16 2.65E-15 9.05E-15 1.45E-14 1.58E-14
  65.4879    7  14 /pl=01:ss=16:pb= 1:sz=16/type=excit/ispb = t/isel =   45
 1.00E+10 1.00E+11 1.00E+12 1.00E+13 1.00E+14 1.00E+15 1.00E+16
 4.98E+00 7.47E+00 1.25E+01 2.49E+01 4.98E+01 1.25E+02 2.49E+02 3.74E+02
 4.98E+02 7.47E+02 1.25E+03 2.49E+03 4.98E+03 7.47E+03
 1.00E-74 1.00E-74 1.00E-74 1.00E-74 1.00E-74 1.72E-26 7.00E-20 1.02E-17
 1.19E-16 1.30E-15 8.04E-15 2.73E-14 4.27E-14 4.59E-14
 1.00E-74 1.00E-74 1.00E-74 1.00E-74 1.00E-74 1.72E-26 7.00E-20 1.02E-17
 1.19E-16 1.30E-15 8.04E-15 2.73E-14 4.27E-14 4.59E-14
 1.00E-74 1.00E-74 1.00E-74 1.00E-74 2.47E-46 1.72E-26 7.00E-20 1.02E-17
 1.19E-16 1.30E-15 8.04E-15 2.73E-14 4.27E-14 4.59E-14
 1.00E-74 1.00E-74 1.00E-74 1.00E-74 1.48E-46 1.72E-26 7.00E-20 1.02E-17
 1.19E-16 1.30E-15 8.04E-15 2.73E-14 4.27E-14 4.59E-14
 1.00E-74 1.00E-74 1.00E-74 1.00E-74 1.46E-46 1.72E-26 7.00E-20 1.02E-17
 1.19E-16 1.30E-15 8.04E-15 2.73E-14 4.27E-14 4.59E-14
 1.00E-74 1.00E-74 1.00E-74 1.00E-74 1.45E-46 1.72E-26 7.00E-20 1.02E-17
 1.19E-16 1.30E-15 8.04E-15 2.73E-14 4.27E-14 4.59E-14
 1.00E-74 1.00E-74 1.00E-74 1.00E-74 1.45E-46 1.72E-26 6.98E-20 1.02E-17
 1.18E-16 1.29E-15 8.03E-15 2.72E-14 4.27E-14 4.59E-14
  91.0747    7  14 /pl=01:ss=16:pb= 1:sz=16/type=excit/ispb = t/isel =   46
 1.00E+10 1.00E+11 1.00E+12 1.00E+13 1.00E+14 1.00E+15 1.00E+16
 4.98E+00 7.47E+00 1.25E+01 2.49E+01 4.98E+01 1.25E+02 2.49E+02 3.74E+02
 4.98E+02 7.47E+02 1.25E+03 2.49E+03 4.98E+03 7.47E+03
 1.00E-74 1.00E-74 1.00E-74 1.00E-74 1.00E-74 6.25E-28 4.39E-21 7.71E-19
 9.80E-18 1.17E-16 7.82E-16 2.79E-15 4.48E-15 4.84E-15
 1.00E-74 1.00E-74 1.00E-74 1.00E-74 1.00E-74 6.25E-28 4.39E-21 7.71E-19
 9.80E-18 1.17E-16 7.82E-16 2.79E-15 4.48E-15 4.84E-15
 1.00E-74 1.00E-74 1.00E-74 1.00E-74 1.00E-74 6.25E-28 4.39E-21 7.71E-19
 9.80E-18 1.17E-16 7.82E-16 2.79E-15 4.48E-15 4.84E-15
 1.00E-74 1.00E-74 1.00E-74 1.00E-74 1.00E-74 6.25E-28 4.39E-21 7.71E-19
 9.80E-18 1.17E-16 7.82E-16 2.79E-15 4.48E-15 4.84E-15
 1.00E-74 1.00E-74 1.00E-74 1.00E-74 9.95E-49 6.25E-28 4.39E-21 7.70E-19
 9.80E-18 1.17E-16 7.82E-16 2.79E-15 4.48E-15 4.84E-15
 1.00E-74 1.00E-74 1.00E-74 1.00E-74 9.95E-49 6.23E-28 4.38E-21 7.69E-19
 9.78E-18 1.17E-16 7.81E-16 2.79E-15 4.47E-15 4.84E-15
 1.00E-74 1.00E-74 1.00E-74 1.00E-74 9.65E-49 6.06E-28 4.29E-21 7.55E-19
 9.62E-18 1.16E-16 7.72E-16 2.76E-15 4.45E-15 4.81E-15
  136.986    7  14 /pl=01:ss=16:pb= 1:sz=16/type=excit/ispb = t/isel =   47
 1.00E+10 1.00E+11 1.00E+12 1.00E+13 1.00E+14 1.00E+15 1.00E+16
 4.98E+00 7.47E+00 1.25E+01 2.49E+01 4.98E+01 1.25E+02 2.49E+02 3.74E+02
 4.98E+02 7.47E+02 1.25E+03 2.49E+03 4.98E+03 7.47E+03
 1.00E-74 1.00E-74 1.00E-74 1.00E-74 1.00E-74 4.84E-28 2.83E-21 4.69E-19
 5.80E-18 6.79E-17 4.47E-16 1.63E-15 2.77E-15 3.17E-15
 1.00E-74 1.00E-74 1.00E-74 1.00E-74 1.00E-74 4.84E-28 2.83E-21 4.69E-19
 5.80E-18 6.79E-17 4.47E-16 1.63E-15 2.77E-15 3.17E-15
 1.00E-74 1.00E-74 1.00E-74 1.00E-74 1.00E-74 4.84E-28 2.83E-21 4.69E-19
 5.80E-18 6.79E-17 4.47E-16 1.63E-15 2.77E-15 3.17E-15
 1.00E-74 1.00E-74 1.00E-74 1.00E-74 1.00E-74 4.84E-28 2.83E-21 4.69E-19
 5.80E-18 6.79E-17 4.47E-16 1.63E-15 2.77E-15 3.17E-15
 1.00E-74 1.00E-74 1.00E-74 1.00E-74 1.60E-48 4.84E-28 2.83E-21 4.69E-19
 5.80E-18 6.79E-17 4.47E-16 1.63E-15 2.77E-15 3.17E-15
 1.00E-74 1.00E-74 1.00E-74 1.00E-74 1.36E-48 4.84E-28 2.83E-21 4.69E-19
 5.80E-18 6.79E-17 4.47E-16 1.63E-15 2.77E-15 3.17E-15
 1.00E-74 1.00E-74 1.00E-74 1.00E-74 1.37E-48 4.85E-28 2.84E-21 4.70E-19
 5.80E-18 6.79E-17 4.47E-16 1.63E-15 2.77E-15 3.17E-15
  139.860    7  14 /pl=01:ss=16:pb= 1:sz=16/type=excit/ispb = t/isel =   48
 1.00E+10 1.00E+11 1.00E+12 1.00E+13 1.00E+14 1.00E+15 1.00E+16
 4.98E+00 7.47E+00 1.25E+01 2.49E+01 4.98E+01 1.25E+02 2.49E+02 3.74E+02
 4.98E+02 7.47E+02 1.25E+03 2.49E+03 4.98E+03 7.47E+03
 1.00E-74 1.00E-74 1.00E-74 1.00E-74 1.00E-74 5.99E-28 3.45E-21 5.66E-19
 6.95E-18 8.06E-17 5.25E-16 1.86E-15 3.02E-15 3.32E-15
 1.00E-74 1.00E-74 1.00E-74 1.00E-74 1.00E-74 5.99E-28 3.45E-21 5.66E-19
 6.95E-18 8.06E-17 5.25E-16 1.86E-15 3.02E-15 3.32E-15
 1.00E-74 1.00E-74 1.00E-74 1.00E-74 1.00E-74 5.99E-28 3.45E-21 5.66E-19
 6.95E-18 8.06E-17 5.25E-16 1.86E-15 3.02E-15 3.32E-15
 1.00E-74 1.00E-74 1.00E-74 1.00E-74 1.00E-74 5.99E-28 3.45E-21 5.66E-19
 6.95E-18 8.06E-17 5.25E-16 1.86E-15 3.02E-15 3.32E-15
 1.00E-74 1.00E-74 1.00E-74 1.00E-74 1.54E-48 5.99E-28 3.45E-21 5.66E-19
 6.95E-18 8.06E-17 5.25E-16 1.86E-15 3.02E-15 3.32E-15
 1.00E-74 1.00E-74 1.00E-74 1.00E-74 1.70E-48 5.99E-28 3.45E-21 5.66E-19
 6.95E-18 8.06E-17 5.25E-16 1.86E-15 3.02E-15 3.32E-15
 1.00E-74 1.00E-74 1.00E-74 1.00E-74 1.77E-48 6.01E-28 3.46E-21 5.67E-19
 6.96E-18 8.08E-17 5.26E-16 1.86E-15 3.03E-15 3.32E-15
  141.643    7  14 /pl=01:ss=16:pb= 1:sz=16/type=excit/ispb = t/isel =   49
 1.00E+10 1.00E+11 1.00E+12 1.00E+13 1.00E+14 1.00E+15 1.00E+16
 4.98E+00 7.47E+00 1.25E+01 2.49E+01 4.98E+01 1.25E+02 2.49E+02 3.74E+02
 4.98E+02 7.47E+02 1.25E+03 2.49E+03 4.98E+03 7.47E+03
 1.00E-74 1.00E-74 1.00E-74 1.00E-74 1.00E-74 2.10E-27 1.21E-20 2.00E-18
 2.46E-17 2.86E-16 1.85E-15 6.50E-15 1.03E-14 1.11E-14
 1.00E-74 1.00E-74 1.00E-74 1.00E-74 1.00E-74 2.10E-27 1.21E-20 2.00E-18
 2.46E-17 2.86E-16 1.85E-15 6.50E-15 1.03E-14 1.11E-14
 1.00E-74 1.00E-74 1.00E-74 1.00E-74 1.00E-74 2.10E-27 1.21E-20 2.00E-18
 2.46E-17 2.86E-16 1.85E-15 6.50E-15 1.03E-14 1.11E-14
 1.00E-74 1.00E-74 1.00E-74 1.00E-74 8.58E-48 2.10E-27 1.21E-20 2.00E-18
 2.46E-17 2.86E-16 1.85E-15 6.50E-15 1.03E-14 1.11E-14
 1.00E-74 1.00E-74 1.00E-74 1.00E-74 6.00E-48 2.10E-27 1.21E-20 2.00E-18
 2.46E-17 2.86E-16 1.85E-15 6.50E-15 1.03E-14 1.11E-14
 1.00E-74 1.00E-74 1.00E-74 1.00E-74 6.09E-48 2.10E-27 1.21E-20 2.00E-18
 2.46E-17 2.85E-16 1.85E-15 6.50E-15 1.03E-14 1.11E-14
 1.00E-74 1.00E-74 1.00E-74 1.00E-74 5.97E-48 2.08E-27 1.20E-20 1.99E-18
 2.44E-17 2.84E-16 1.85E-15 6.48E-15 1.03E-14 1.11E-14
  260.417    7  14 /pl=01:ss=16:pb= 1:sz=16/type=excit/ispb = t/isel =   50
 1.00E+10 1.00E+11 1.00E+12 1.00E+13 1.00E+14 1.00E+15 1.00E+16
 4.98E+00 7.47E+00 1.25E+01 2.49E+01 4.98E+01 1.25E+02 2.49E+02 3.74E+02
 4.98E+02 7.47E+02 1.25E+03 2.49E+03 4.98E+03 7.47E+03
 1.00E-74 1.00E-74 1.00E-74 1.00E-74 1.00E-74 4.51E-28 3.17E-21 5.56E-19
 7.06E-18 8.47E-17 5.64E-16 2.01E-15 3.23E-15 3.49E-15
 1.00E-74 1.00E-74 1.00E-74 1.00E-74 1.00E-74 4.51E-28 3.17E-21 5.56E-19
 7.06E-18 8.47E-17 5.64E-16 2.01E-15 3.23E-15 3.49E-15
 1.00E-74 1.00E-74 1.00E-74 1.00E-74 1.00E-74 4.51E-28 3.17E-21 5.56E-19
 7.06E-18 8.47E-17 5.64E-16 2.01E-15 3.23E-15 3.49E-15
 1.00E-74 1.00E-74 1.00E-74 1.00E-74 1.00E-74 4.51E-28 3.17E-21 5.56E-19
 7.06E-18 8.47E-17 5.64E-16 2.01E-15 3.23E-15 3.49E-15
 1.00E-74 1.00E-74 1.00E-74 1.00E-74 7.17E-49 4.50E-28 3.17E-21 5.56E-19
 7.06E-18 8.47E-17 5.64E-16 2.01E-15 3.23E-15 3.49E-15
 1.00E-74 1.00E-74 1.00E-74 1.00E-74 7.17E-49 4.49E-28 3.16E-21 5.55E-19
 7.05E-18 8.46E-17 5.63E-16 2.01E-15 3.23E-15 3.49E-15
 1.00E-74 1.00E-74 1.00E-74 1.00E-74 6.96E-49 4.37E-28 3.10E-21 5.45E-19
 6.94E-18 8.34E-17 5.57E-16 1.99E-15 3.21E-15 3.47E-15
c-------------------------------------------------------------------------------
 
C  root partition information
C  ==========================
C
C  nuclear charge : 18
C  ion charge+1   : 17
C
C  population calculation information
C  ----------------------------------
C
C  population processing code: adas810
C
C  adf04 source file    : adf04_copmm#18_ls_40#ar16.dat
C  adf18/a17_p208 file  : NULL
C
C  meta. ion. coeff. selector  : 
 
C  options  : lnorm =T  lpsel =F  lzsel =T  liosel=F
C           : lhsel =F  lrsel =F  lisel =F  lnsel =F
 
C  energy levels
C  -------------
C
C   lv      configuration    (2S+1)L(w-1/2)      energy (cm^-1)
C  ---   ------------------- --------------      --------------
c    1   21                     (1)0(  0.0)             0.0
c    2   11512                  (3)0(  1.0)      25057201.6
c    3   11512                  (1)0(  0.0)      25198201.6
c    4   11513                  (3)1(  4.0)      25224201.6
c    5   11513                  (1)1(  1.0)      25328201.6
c    6   11514                  (3)0(  1.0)      29655201.6
c    7   11514                  (1)0(  0.0)      29692201.6
c    8   11515                  (3)1(  4.0)      29702201.6
c    9   11516                  (3)2(  7.0)      29727201.6
c   10   11516                  (1)2(  2.0)      29729201.6
c   11   11515                  (1)1(  1.0)      29730201.6
c   12   11517                  (3)0(  1.0)      31242201.6
c   13   11517                  (1)0(  0.0)      31257201.6
c   14   11518                  (3)1(  4.0)      31261201.6
c   15   11519                  (3)2(  7.0)      31272201.6
c   16   11518                  (1)1(  1.0)      31273201.6
c   17   11519                  (1)2(  2.0)      31273201.6
c   18   1151B                  (3)0(  1.0)      31972201.6
c   19   1151B                  (1)0(  0.0)      31979201.6
c   20   1151C                  (3)1(  4.0)      31982201.6
c   21   1151D                  (3)2(  7.0)      31987201.6
c   22   1151C                  (1)1(  1.0)      31987201.6
c   23   1151D                  (1)2(  2.0)      31988201.6
c   24   1151G                  (3)0(  1.0)      32367201.6
c   25   1151G                  (1)0(  0.0)      32371201.6
c   26   1151H                  (3)1(  4.0)      32372201.6
c   27   1151H                  (1)1(  1.0)      32375201.6
c   28   1151I                  (3)2(  7.0)      32375201.6
c   29   1151I                  (1)2(  2.0)      32376201.6
 
 
 
c-------------------------------------------------------------------------------
 
C  superstage partition information
C  ================================
C
C  element symbol   : AR
C  parent template  : 
C  partition level  :  1
C  superstage label : 16
C
C  tabulation       : photon emissivity coefft (te,ne)
C  units            : ph. emis coef(cm^3 s^-1); te (ev); ne (cm^-3)
C
C  photon emissivity atomic transitions
C  ------------------------------------
C  
C   isel  wvlen(A)            transition                type  ispb nspb
C                                                             ispp nspp sz    tg pr wr
C  ----- ---------- ----------------------------------- ----- ---- ---- --    -- -- --
C      1   3.08878   27(1)1(  1.0)-  1(1)0(  0.0)       excit   1    1  16    21  7  1
C      2   3.12625   22(1)1(  1.0)-  1(1)0(  0.0)       excit   1    1  16    17  5  2
C      3   3.19763   16(1)1(  1.0)-  1(1)0(  0.0)       excit   1    1  16    12  3  3
C      4   3.36358   11(1)1(  1.0)-  1(1)0(  0.0)       excit   1    1  16     8  2  4
C      5   3.36675    8(3)1(  4.0)-  1(1)0(  0.0)       excit   1    1  16     5 36  5
C      6   3.94817    5(1)1(  1.0)-  1(1)0(  0.0)       excit   1    1  16     3  1  6
C      7   3.96445    4(3)1(  4.0)-  1(1)0(  0.0)       excit   1    1  16     2  4  7
C      8   13.6705   26(3)1(  4.0)-  2(3)0(  1.0)       excit   1    1  16    42 50  8
C      9   13.9334   27(1)1(  1.0)-  3(1)0(  0.0)       excit   1    1  16    65 24  9
C     10   13.9841   28(3)2(  7.0)-  4(3)1(  4.0)       excit   1    1  16    91 46 10
C     11   14.1884   29(1)2(  2.0)-  5(1)1(  1.0)       excit   1    1  16   116 27 11
C     12   14.1985   25(1)0(  0.0)-  5(1)1(  1.0)       excit   1    1  16   112 23 12
C     13   14.4404   20(3)1(  4.0)-  2(3)0(  1.0)       excit   1    1  16    37 37 13
C     14   14.7297   22(1)1(  1.0)-  3(1)0(  0.0)       excit   1    1  16    61 18 14
C     15   14.7842   23(1)2(  2.0)-  4(3)1(  4.0)       excit   1    1  16    86 47 15
C     16   14.7863   21(3)2(  7.0)-  4(3)1(  4.0)       excit   1    1  16    84 35 16
C     17   15.0150   23(1)2(  2.0)-  5(1)1(  1.0)       excit   1    1  16   110 19 17
C     18   15.0353   19(1)0(  0.0)-  5(1)1(  1.0)       excit   1    1  16   106 17 18
C     19   16.1186   14(3)1(  4.0)-  2(3)0(  1.0)       excit   1    1  16    32 25 19
C     20   16.4609   16(1)1(  1.0)-  3(1)0(  0.0)       excit   1    1  16    56 13 20
C     21   16.5317   17(1)2(  2.0)-  4(3)1(  4.0)       excit   1    1  16    80 33 21
C     22   16.5344   15(3)2(  7.0)-  4(3)1(  4.0)       excit   1    1  16    78 26 22
C     23   16.8209   17(1)2(  2.0)-  5(1)1(  1.0)       excit   1    1  16   104 14 23
C     24   16.8663   13(1)0(  0.0)-  5(1)1(  1.0)       excit   1    1  16   100 10 24
C     25   21.3995   11(1)1(  1.0)-  2(3)0(  1.0)       excit   1    1  16    30 49 25
C     26   21.5285    8(3)1(  4.0)-  2(3)0(  1.0)       excit   1    1  16    27 11 26
C     27   22.0653   11(1)1(  1.0)-  3(1)0(  0.0)       excit   1    1  16    52  9 27
C     28   22.1976   10(1)2(  2.0)-  4(3)1(  4.0)       excit   1    1  16    73 16 28
C     29   22.2074    9(3)2(  7.0)-  4(3)1(  4.0)       excit   1    1  16    72 12 29
C     30   22.3814    7(1)0(  0.0)-  4(3)1(  4.0)       excit   1    1  16    70 34 30
C     31   22.5683    6(3)0(  1.0)-  4(3)1(  4.0)       excit   1    1  16    69 29 31
C     32   22.7221   10(1)2(  2.0)-  5(1)1(  1.0)       excit   1    1  16    97  8 32
C     33   22.7324    9(3)2(  7.0)-  5(1)1(  1.0)       excit   1    1  16    96 48 33
C     34   22.9148    7(1)0(  0.0)-  5(1)1(  1.0)       excit   1    1  16    94  6 34
C     35   37.2717   27(1)1(  1.0)-  7(1)0(  0.0)       excit   1    1  16   152 41 35
C     36   37.7929   29(1)2(  2.0)- 11(1)1(  1.0)       excit   1    1  16   232 39 36
C     37   37.8644   25(1)0(  0.0)- 11(1)1(  1.0)       excit   1    1  16   228 31 37
C     38   43.5730   22(1)1(  1.0)-  7(1)0(  0.0)       excit   1    1  16   148 32 38
C     39   44.2870   23(1)2(  2.0)- 11(1)1(  1.0)       excit   1    1  16   226 30 39
C     40   44.4642   19(1)0(  0.0)- 11(1)1(  1.0)       excit   1    1  16   222 20 40
C     41   62.2665   14(3)1(  4.0)-  6(3)0(  1.0)       excit   1    1  16   122 42 41
C     42   63.2511   16(1)1(  1.0)-  7(1)0(  0.0)       excit   1    1  16   143 22 42
C     43   63.6943   15(3)2(  7.0)-  8(3)1(  4.0)       excit   1    1  16   161 40 43
C     44   64.8088   17(1)2(  2.0)- 11(1)1(  1.0)       excit   1    1  16   220 21 44
C     45   65.4879   13(1)0(  0.0)- 11(1)1(  1.0)       excit   1    1  16   216 15 45
C     46   91.0747   25(1)0(  0.0)- 16(1)1(  1.0)       excit   1    1  16   298 38 46
C     47   136.986   22(1)1(  1.0)- 13(1)0(  0.0)       excit   1    1  16   254 45 47
C     48   139.860   23(1)2(  2.0)- 16(1)1(  1.0)       excit   1    1  16   296 44 48
C     49   141.643   19(1)0(  0.0)- 16(1)1(  1.0)       excit   1    1  16   292 28 49
C     50   260.417   25(1)0(  0.0)- 22(1)1(  1.0)       excit   1    1  16   352 43 50
c-------------------------------------------------------------------------------
                                                                                
C  code     : adas810
C  producer : Adam Foster
C  date     : 13/05/09
                                                                                
c-------------------------------------------------------------------------------
