   50    /Ar:16 photon emissivity coefficients/
--------------------------------------------------------------------------------
    1    1    1    1    1    1    1    1    1    1    1    1    1    1
    1    1    1    1    1
--------------------------------------------------------------------------------
//#01/p00/ 00/p01/ 01/p02/ 02/p03/ 03/p04/ 04/p05/ 05/p06/ 06/p07/ 07/p08/ 08/  
      p09/ 09/p10/ 10/p11/ 11/p12/ 12/p13/ 13/p14/ 14/p15/ 15/p16/ 16/p17/ 17/  
      p18/ 18/                                                                  
--------------------------------------------------------------------------------
  3.08877    7  14 /pl=01:ss=16:pb= 1:sz=16/type=excit/ispb = t/isel =    1
 1.00E+10 1.00E+11 1.00E+12 1.00E+13 1.00E+14 1.00E+15 1.00E+16
 4.98E+00 7.47E+00 1.25E+01 2.49E+01 4.98E+01 1.25E+02 2.49E+02 3.74E+02
 4.98E+02 7.47E+02 1.25E+03 2.49E+03 4.98E+03 7.47E+03
 1.00E-74 1.00E-74 1.00E-74 1.00E-74 1.00E-74 6.11E-30 4.26E-23 7.45E-21
 9.48E-20 1.14E-18 7.62E-18 2.76E-17 4.53E-17 4.99E-17
 1.00E-74 1.00E-74 1.00E-74 1.00E-74 1.00E-74 6.11E-30 4.26E-23 7.45E-21
 9.48E-20 1.14E-18 7.62E-18 2.76E-17 4.53E-17 4.99E-17
 1.00E-74 1.00E-74 1.00E-74 1.00E-74 1.00E-74 6.11E-30 4.26E-23 7.45E-21
 9.48E-20 1.14E-18 7.62E-18 2.76E-17 4.53E-17 4.99E-17
 1.00E-74 1.00E-74 1.00E-74 1.00E-74 1.00E-74 6.11E-30 4.26E-23 7.45E-21
 9.48E-20 1.14E-18 7.62E-18 2.76E-17 4.53E-17 4.99E-17
 1.00E-74 1.00E-74 1.00E-74 1.00E-74 1.96E-50 6.11E-30 4.26E-23 7.46E-21
 9.48E-20 1.14E-18 7.62E-18 2.76E-17 4.53E-17 4.99E-17
 1.00E-74 1.00E-74 1.00E-74 1.00E-74 9.81E-51 6.13E-30 4.27E-23 7.47E-21
 9.50E-20 1.14E-18 7.63E-18 2.76E-17 4.54E-17 4.99E-17
 1.00E-74 1.00E-74 1.00E-74 1.00E-74 1.04E-50 6.28E-30 4.35E-23 7.59E-21
 9.64E-20 1.16E-18 7.71E-18 2.78E-17 4.57E-17 5.02E-17
  3.08900    7  14 /pl=01:ss=16:pb= 1:sz=16/type=excit/ispb = t/isel =    2
 1.00E+10 1.00E+11 1.00E+12 1.00E+13 1.00E+14 1.00E+15 1.00E+16
 4.98E+00 7.47E+00 1.25E+01 2.49E+01 4.98E+01 1.25E+02 2.49E+02 3.74E+02
 4.98E+02 7.47E+02 1.25E+03 2.49E+03 4.98E+03 7.47E+03
 1.00E-74 1.00E-74 1.00E-74 1.00E-74 1.00E-74 1.54E-26 1.09E-19 1.92E-17
 2.45E-16 2.96E-15 2.00E-14 7.41E-14 1.28E-13 1.46E-13
 1.00E-74 1.00E-74 1.00E-74 1.00E-74 1.00E-74 1.54E-26 1.09E-19 1.92E-17
 2.45E-16 2.96E-15 2.00E-14 7.41E-14 1.28E-13 1.46E-13
 1.00E-74 1.00E-74 1.00E-74 1.00E-74 1.00E-74 1.54E-26 1.09E-19 1.92E-17
 2.45E-16 2.96E-15 2.00E-14 7.41E-14 1.28E-13 1.46E-13
 1.00E-74 1.00E-74 1.00E-74 1.00E-74 1.00E-74 1.54E-26 1.09E-19 1.92E-17
 2.45E-16 2.96E-15 2.00E-14 7.41E-14 1.28E-13 1.46E-13
 1.00E-74 1.00E-74 1.00E-74 1.00E-74 2.47E-47 1.54E-26 1.09E-19 1.92E-17
 2.45E-16 2.96E-15 2.00E-14 7.41E-14 1.28E-13 1.46E-13
 1.00E-74 1.00E-74 1.00E-74 1.00E-74 2.47E-47 1.54E-26 1.09E-19 1.92E-17
 2.45E-16 2.96E-15 2.00E-14 7.41E-14 1.28E-13 1.46E-13
 1.00E-74 1.00E-74 1.00E-74 1.00E-74 2.46E-47 1.54E-26 1.09E-19 1.92E-17
 2.45E-16 2.96E-15 2.00E-14 7.41E-14 1.28E-13 1.46E-13
  3.12626    7  14 /pl=01:ss=16:pb= 1:sz=16/type=excit/ispb = t/isel =    3
 1.00E+10 1.00E+11 1.00E+12 1.00E+13 1.00E+14 1.00E+15 1.00E+16
 4.98E+00 7.47E+00 1.25E+01 2.49E+01 4.98E+01 1.25E+02 2.49E+02 3.74E+02
 4.98E+02 7.47E+02 1.25E+03 2.49E+03 4.98E+03 7.47E+03
 1.00E-74 1.00E-74 1.00E-74 1.00E-74 1.00E-74 1.52E-29 8.77E-23 1.44E-20
 1.78E-19 2.07E-18 1.35E-17 4.79E-17 7.81E-17 8.57E-17
 1.00E-74 1.00E-74 1.00E-74 1.00E-74 1.00E-74 1.52E-29 8.77E-23 1.44E-20
 1.78E-19 2.07E-18 1.35E-17 4.79E-17 7.81E-17 8.57E-17
 1.00E-74 1.00E-74 1.00E-74 1.00E-74 1.00E-74 1.52E-29 8.77E-23 1.44E-20
 1.78E-19 2.07E-18 1.35E-17 4.79E-17 7.81E-17 8.57E-17
 1.00E-74 1.00E-74 1.00E-74 1.00E-74 1.00E-74 1.52E-29 8.77E-23 1.44E-20
 1.78E-19 2.07E-18 1.35E-17 4.79E-17 7.81E-17 8.57E-17
 1.00E-74 1.00E-74 1.00E-74 1.00E-74 3.22E-50 1.52E-29 8.77E-23 1.44E-20
 1.78E-19 2.07E-18 1.35E-17 4.79E-17 7.81E-17 8.57E-17
 1.00E-74 1.00E-74 1.00E-74 1.00E-74 4.51E-50 1.53E-29 8.78E-23 1.44E-20
 1.78E-19 2.07E-18 1.35E-17 4.79E-17 7.81E-17 8.58E-17
 1.00E-74 1.00E-74 1.00E-74 1.00E-74 4.54E-50 1.54E-29 8.82E-23 1.45E-20
 1.79E-19 2.08E-18 1.35E-17 4.80E-17 7.82E-17 8.59E-17
  3.12666    7  14 /pl=01:ss=16:pb= 1:sz=16/type=excit/ispb = t/isel =    4
 1.00E+10 1.00E+11 1.00E+12 1.00E+13 1.00E+14 1.00E+15 1.00E+16
 4.98E+00 7.47E+00 1.25E+01 2.49E+01 4.98E+01 1.25E+02 2.49E+02 3.74E+02
 4.98E+02 7.47E+02 1.25E+03 2.49E+03 4.98E+03 7.47E+03
 1.00E-74 1.00E-74 1.00E-74 1.00E-74 1.00E-74 4.21E-26 2.46E-19 4.06E-17
 5.02E-16 5.88E-15 3.87E-14 1.41E-13 2.41E-13 2.75E-13
 1.00E-74 1.00E-74 1.00E-74 1.00E-74 1.00E-74 4.21E-26 2.46E-19 4.06E-17
 5.02E-16 5.88E-15 3.87E-14 1.41E-13 2.41E-13 2.75E-13
 1.00E-74 1.00E-74 1.00E-74 1.00E-74 1.00E-74 4.21E-26 2.46E-19 4.06E-17
 5.02E-16 5.88E-15 3.87E-14 1.41E-13 2.41E-13 2.75E-13
 1.00E-74 1.00E-74 1.00E-74 1.00E-74 2.16E-46 4.21E-26 2.46E-19 4.06E-17
 5.02E-16 5.88E-15 3.87E-14 1.41E-13 2.41E-13 2.75E-13
 1.00E-74 1.00E-74 1.00E-74 1.00E-74 1.29E-46 4.21E-26 2.46E-19 4.06E-17
 5.02E-16 5.88E-15 3.87E-14 1.41E-13 2.41E-13 2.75E-13
 1.00E-74 1.00E-74 1.00E-74 1.00E-74 1.19E-46 4.21E-26 2.46E-19 4.06E-17
 5.02E-16 5.88E-15 3.87E-14 1.41E-13 2.41E-13 2.75E-13
 1.00E-74 1.00E-74 1.00E-74 1.00E-74 1.19E-46 4.21E-26 2.46E-19 4.06E-17
 5.02E-16 5.88E-15 3.87E-14 1.41E-13 2.41E-13 2.75E-13
  3.19771    7  14 /pl=01:ss=16:pb= 1:sz=16/type=excit/ispb = t/isel =    5
 1.00E+10 1.00E+11 1.00E+12 1.00E+13 1.00E+14 1.00E+15 1.00E+16
 4.98E+00 7.47E+00 1.25E+01 2.49E+01 4.98E+01 1.25E+02 2.49E+02 3.74E+02
 4.98E+02 7.47E+02 1.25E+03 2.49E+03 4.98E+03 7.47E+03
 1.00E-74 1.00E-74 1.00E-74 1.00E-74 1.00E-74 5.67E-29 2.29E-22 3.33E-20
 3.87E-19 4.26E-18 2.64E-17 9.12E-17 1.45E-16 1.59E-16
 1.00E-74 1.00E-74 1.00E-74 1.00E-74 1.00E-74 5.67E-29 2.29E-22 3.33E-20
 3.87E-19 4.26E-18 2.64E-17 9.12E-17 1.45E-16 1.59E-16
 1.00E-74 1.00E-74 1.00E-74 1.00E-74 1.00E-74 5.67E-29 2.29E-22 3.33E-20
 3.87E-19 4.26E-18 2.64E-17 9.12E-17 1.45E-16 1.59E-16
 1.00E-74 1.00E-74 1.00E-74 1.00E-74 5.69E-49 5.67E-29 2.29E-22 3.33E-20
 3.87E-19 4.26E-18 2.64E-17 9.12E-17 1.45E-16 1.59E-16
 1.00E-74 1.00E-74 1.00E-74 1.00E-74 5.12E-49 5.67E-29 2.29E-22 3.33E-20
 3.87E-19 4.26E-18 2.64E-17 9.12E-17 1.45E-16 1.59E-16
 1.00E-74 1.00E-74 1.00E-74 1.00E-74 4.95E-49 5.67E-29 2.29E-22 3.34E-20
 3.87E-19 4.26E-18 2.64E-17 9.12E-17 1.45E-16 1.59E-16
 1.00E-74 1.00E-74 1.00E-74 1.00E-74 4.98E-49 5.68E-29 2.29E-22 3.34E-20
 3.87E-19 4.26E-18 2.65E-17 9.12E-17 1.45E-16 1.59E-16
  3.19854    7  14 /pl=01:ss=16:pb= 1:sz=16/type=excit/ispb = t/isel =    6
 1.00E+10 1.00E+11 1.00E+12 1.00E+13 1.00E+14 1.00E+15 1.00E+16
 4.98E+00 7.47E+00 1.25E+01 2.49E+01 4.98E+01 1.25E+02 2.49E+02 3.74E+02
 4.98E+02 7.47E+02 1.25E+03 2.49E+03 4.98E+03 7.47E+03
 1.00E-74 1.00E-74 1.00E-74 1.00E-74 1.00E-74 1.86E-25 7.70E-19 1.13E-16
 1.32E-15 1.45E-14 9.21E-14 3.23E-13 5.42E-13 6.17E-13
 1.00E-74 1.00E-74 1.00E-74 1.00E-74 1.00E-74 1.86E-25 7.70E-19 1.13E-16
 1.32E-15 1.45E-14 9.21E-14 3.23E-13 5.42E-13 6.17E-13
 1.00E-74 1.00E-74 1.00E-74 1.00E-74 1.00E-74 1.86E-25 7.70E-19 1.13E-16
 1.32E-15 1.45E-14 9.21E-14 3.23E-13 5.42E-13 6.17E-13
 1.00E-74 1.00E-74 1.00E-74 1.00E-74 1.71E-45 1.86E-25 7.70E-19 1.13E-16
 1.32E-15 1.45E-14 9.21E-14 3.23E-13 5.42E-13 6.17E-13
 1.00E-74 1.00E-74 1.00E-74 1.00E-74 1.54E-45 1.86E-25 7.70E-19 1.13E-16
 1.32E-15 1.45E-14 9.21E-14 3.23E-13 5.42E-13 6.17E-13
 1.00E-74 1.00E-74 1.00E-74 1.00E-74 1.54E-45 1.86E-25 7.70E-19 1.13E-16
 1.32E-15 1.45E-14 9.21E-14 3.23E-13 5.42E-13 6.17E-13
 1.00E-74 1.00E-74 1.00E-74 1.00E-74 1.54E-45 1.87E-25 7.70E-19 1.13E-16
 1.32E-15 1.45E-14 9.21E-14 3.23E-13 5.42E-13 6.17E-13
  3.36386    7  14 /pl=01:ss=16:pb= 1:sz=16/type=excit/ispb = t/isel =    7
 1.00E+10 1.00E+11 1.00E+12 1.00E+13 1.00E+14 1.00E+15 1.00E+16
 4.98E+00 7.47E+00 1.25E+01 2.49E+01 4.98E+01 1.25E+02 2.49E+02 3.74E+02
 4.98E+02 7.47E+02 1.25E+03 2.49E+03 4.98E+03 7.47E+03
 1.00E-74 1.00E-74 1.00E-74 1.00E-74 1.00E-74 5.79E-28 1.04E-21 1.16E-19
 1.19E-18 1.15E-17 6.47E-17 2.06E-16 3.18E-16 3.42E-16
 1.00E-74 1.00E-74 1.00E-74 1.00E-74 1.03E-46 5.79E-28 1.04E-21 1.16E-19
 1.19E-18 1.15E-17 6.47E-17 2.06E-16 3.18E-16 3.42E-16
 1.00E-74 1.00E-74 1.00E-74 1.00E-74 5.15E-47 5.79E-28 1.04E-21 1.16E-19
 1.19E-18 1.15E-17 6.47E-17 2.06E-16 3.18E-16 3.42E-16
 1.00E-74 1.00E-74 1.00E-74 1.00E-74 5.66E-47 5.79E-28 1.04E-21 1.16E-19
 1.19E-18 1.15E-17 6.47E-17 2.06E-16 3.18E-16 3.42E-16
 1.00E-74 1.00E-74 1.00E-74 1.00E-74 5.61E-47 5.79E-28 1.04E-21 1.16E-19
 1.19E-18 1.15E-17 6.47E-17 2.06E-16 3.18E-16 3.42E-16
 1.00E-74 1.00E-74 1.00E-74 1.00E-74 5.61E-47 5.79E-28 1.04E-21 1.16E-19
 1.19E-18 1.15E-17 6.47E-17 2.06E-16 3.18E-16 3.42E-16
 1.00E-74 1.00E-74 1.00E-74 1.00E-74 5.61E-47 5.79E-28 1.04E-21 1.17E-19
 1.19E-18 1.15E-17 6.47E-17 2.06E-16 3.18E-16 3.42E-16
  3.36603    7  14 /pl=01:ss=16:pb= 1:sz=16/type=excit/ispb = t/isel =    8
 1.00E+10 1.00E+11 1.00E+12 1.00E+13 1.00E+14 1.00E+15 1.00E+16
 4.98E+00 7.47E+00 1.25E+01 2.49E+01 4.98E+01 1.25E+02 2.49E+02 3.74E+02
 4.98E+02 7.47E+02 1.25E+03 2.49E+03 4.98E+03 7.47E+03
 1.00E-74 1.00E-74 1.00E-74 1.00E-74 1.00E-74 2.58E-24 4.92E-18 5.64E-16
 5.80E-15 5.67E-14 3.24E-13 1.07E-12 1.75E-12 1.97E-12
 1.00E-74 1.00E-74 1.00E-74 1.00E-74 2.10E-43 2.58E-24 4.92E-18 5.64E-16
 5.80E-15 5.67E-14 3.24E-13 1.07E-12 1.75E-12 1.97E-12
 1.00E-74 1.00E-74 1.00E-74 1.00E-74 2.20E-43 2.58E-24 4.92E-18 5.64E-16
 5.80E-15 5.67E-14 3.24E-13 1.07E-12 1.75E-12 1.97E-12
 1.00E-74 1.00E-74 1.00E-74 1.00E-74 2.19E-43 2.58E-24 4.92E-18 5.64E-16
 5.80E-15 5.67E-14 3.24E-13 1.07E-12 1.75E-12 1.97E-12
 1.00E-74 1.00E-74 1.00E-74 1.00E-74 2.19E-43 2.58E-24 4.92E-18 5.64E-16
 5.80E-15 5.67E-14 3.24E-13 1.07E-12 1.75E-12 1.97E-12
 1.00E-74 1.00E-74 1.00E-74 1.00E-74 2.19E-43 2.58E-24 4.92E-18 5.64E-16
 5.80E-15 5.67E-14 3.24E-13 1.07E-12 1.75E-12 1.97E-12
 1.00E-74 1.00E-74 1.00E-74 1.00E-74 2.19E-43 2.58E-24 4.92E-18 5.64E-16
 5.80E-15 5.67E-14 3.24E-13 1.07E-12 1.75E-12 1.97E-12
  3.96042    7  14 /pl=01:ss=16:pb= 1:sz=16/type=excit/ispb = t/isel =    9
 1.00E+10 1.00E+11 1.00E+12 1.00E+13 1.00E+14 1.00E+15 1.00E+16
 4.98E+00 7.47E+00 1.25E+01 2.49E+01 4.98E+01 1.25E+02 2.49E+02 3.74E+02
 4.98E+02 7.47E+02 1.25E+03 2.49E+03 4.98E+03 7.47E+03
 1.00E-74 1.00E-74 1.00E-74 1.00E-74 1.08E-37 1.57E-21 3.20E-16 1.75E-14
 1.25E-13 8.49E-13 3.66E-12 9.83E-12 1.45E-11 1.59E-11
 1.00E-74 1.00E-74 1.00E-74 1.00E-74 1.08E-37 1.57E-21 3.20E-16 1.75E-14
 1.25E-13 8.49E-13 3.66E-12 9.83E-12 1.45E-11 1.59E-11
 1.00E-74 1.00E-74 1.00E-74 1.00E-74 1.08E-37 1.57E-21 3.20E-16 1.75E-14
 1.25E-13 8.49E-13 3.66E-12 9.83E-12 1.45E-11 1.59E-11
 1.00E-74 1.00E-74 1.00E-74 1.00E-74 1.08E-37 1.57E-21 3.20E-16 1.75E-14
 1.25E-13 8.49E-13 3.66E-12 9.83E-12 1.45E-11 1.59E-11
 1.00E-74 1.00E-74 1.00E-74 1.00E-74 1.08E-37 1.57E-21 3.20E-16 1.75E-14
 1.25E-13 8.49E-13 3.66E-12 9.83E-12 1.45E-11 1.59E-11
 1.00E-74 1.00E-74 1.00E-74 1.00E-74 1.08E-37 1.57E-21 3.20E-16 1.75E-14
 1.25E-13 8.49E-13 3.66E-12 9.83E-12 1.45E-11 1.59E-11
 1.00E-74 1.00E-74 1.00E-74 1.00E-74 1.08E-37 1.57E-21 3.20E-16 1.75E-14
 1.25E-13 8.49E-13 3.66E-12 9.83E-12 1.45E-11 1.59E-11
  13.7355    7  14 /pl=01:ss=16:pb= 1:sz=16/type=excit/ispb = t/isel =   10
 1.00E+10 1.00E+11 1.00E+12 1.00E+13 1.00E+14 1.00E+15 1.00E+16
 4.98E+00 7.47E+00 1.25E+01 2.49E+01 4.98E+01 1.25E+02 2.49E+02 3.74E+02
 4.98E+02 7.47E+02 1.25E+03 2.49E+03 4.98E+03 7.47E+03
 1.00E-74 1.00E-74 1.00E-74 1.00E-74 1.00E-74 4.24E-27 3.00E-20 5.29E-18
 6.74E-17 8.16E-16 5.51E-15 2.04E-14 3.52E-14 4.03E-14
 1.00E-74 1.00E-74 1.00E-74 1.00E-74 1.00E-74 4.24E-27 3.00E-20 5.29E-18
 6.74E-17 8.16E-16 5.51E-15 2.04E-14 3.52E-14 4.03E-14
 1.00E-74 1.00E-74 1.00E-74 1.00E-74 1.00E-74 4.24E-27 3.00E-20 5.29E-18
 6.74E-17 8.16E-16 5.51E-15 2.04E-14 3.52E-14 4.03E-14
 1.00E-74 1.00E-74 1.00E-74 1.00E-74 1.00E-74 4.24E-27 3.00E-20 5.29E-18
 6.74E-17 8.16E-16 5.51E-15 2.04E-14 3.52E-14 4.03E-14
 1.00E-74 1.00E-74 1.00E-74 1.00E-74 6.81E-48 4.24E-27 3.00E-20 5.29E-18
 6.74E-17 8.16E-16 5.51E-15 2.04E-14 3.52E-14 4.03E-14
 1.00E-74 1.00E-74 1.00E-74 1.00E-74 6.81E-48 4.24E-27 3.00E-20 5.29E-18
 6.74E-17 8.16E-16 5.51E-15 2.04E-14 3.52E-14 4.03E-14
 1.00E-74 1.00E-74 1.00E-74 1.00E-74 6.78E-48 4.24E-27 3.00E-20 5.29E-18
 6.75E-17 8.17E-16 5.51E-15 2.04E-14 3.52E-14 4.03E-14
  14.0341    7  14 /pl=01:ss=16:pb= 1:sz=16/type=excit/ispb = t/isel =   11
 1.00E+10 1.00E+11 1.00E+12 1.00E+13 1.00E+14 1.00E+15 1.00E+16
 4.98E+00 7.47E+00 1.25E+01 2.49E+01 4.98E+01 1.25E+02 2.49E+02 3.74E+02
 4.98E+02 7.47E+02 1.25E+03 2.49E+03 4.98E+03 7.47E+03
 1.00E-74 1.00E-74 1.00E-74 1.00E-74 1.00E-74 1.94E-27 1.35E-20 2.36E-18
 3.01E-17 3.61E-16 2.42E-15 8.74E-15 1.44E-14 1.58E-14
 1.00E-74 1.00E-74 1.00E-74 1.00E-74 1.00E-74 1.94E-27 1.35E-20 2.36E-18
 3.01E-17 3.61E-16 2.42E-15 8.74E-15 1.44E-14 1.58E-14
 1.00E-74 1.00E-74 1.00E-74 1.00E-74 1.00E-74 1.94E-27 1.35E-20 2.36E-18
 3.01E-17 3.61E-16 2.42E-15 8.74E-15 1.44E-14 1.58E-14
 1.00E-74 1.00E-74 1.00E-74 1.00E-74 1.00E-74 1.94E-27 1.35E-20 2.36E-18
 3.01E-17 3.61E-16 2.42E-15 8.74E-15 1.44E-14 1.58E-14
 1.00E-74 1.00E-74 1.00E-74 1.00E-74 6.22E-48 1.94E-27 1.35E-20 2.36E-18
 3.01E-17 3.61E-16 2.42E-15 8.74E-15 1.44E-14 1.58E-14
 1.00E-74 1.00E-74 1.00E-74 1.00E-74 3.11E-48 1.94E-27 1.35E-20 2.37E-18
 3.01E-17 3.62E-16 2.42E-15 8.75E-15 1.44E-14 1.58E-14
 1.00E-74 1.00E-74 1.00E-74 1.00E-74 3.30E-48 1.99E-27 1.38E-20 2.41E-18
 3.06E-17 3.66E-16 2.45E-15 8.82E-15 1.45E-14 1.59E-14
  14.0494    7  14 /pl=01:ss=16:pb= 1:sz=16/type=excit/ispb = t/isel =   12
 1.00E+10 1.00E+11 1.00E+12 1.00E+13 1.00E+14 1.00E+15 1.00E+16
 4.98E+00 7.47E+00 1.25E+01 2.49E+01 4.98E+01 1.25E+02 2.49E+02 3.74E+02
 4.98E+02 7.47E+02 1.25E+03 2.49E+03 4.98E+03 7.47E+03
 1.00E-74 1.00E-74 1.00E-74 1.00E-74 1.00E-74 1.49E-27 1.04E-20 1.83E-18
 2.33E-17 2.80E-16 1.86E-15 6.66E-15 1.07E-14 1.16E-14
 1.00E-74 1.00E-74 1.00E-74 1.00E-74 1.00E-74 1.49E-27 1.04E-20 1.83E-18
 2.33E-17 2.80E-16 1.86E-15 6.66E-15 1.07E-14 1.16E-14
 1.00E-74 1.00E-74 1.00E-74 1.00E-74 1.00E-74 1.49E-27 1.04E-20 1.83E-18
 2.33E-17 2.80E-16 1.86E-15 6.66E-15 1.07E-14 1.16E-14
 1.00E-74 1.00E-74 1.00E-74 1.00E-74 1.00E-74 1.49E-27 1.04E-20 1.83E-18
 2.33E-17 2.80E-16 1.86E-15 6.66E-15 1.07E-14 1.16E-14
 1.00E-74 1.00E-74 1.00E-74 1.00E-74 2.04E-48 1.49E-27 1.04E-20 1.83E-18
 2.33E-17 2.79E-16 1.86E-15 6.66E-15 1.07E-14 1.16E-14
 1.00E-74 1.00E-74 1.00E-74 1.00E-74 2.45E-48 1.49E-27 1.04E-20 1.83E-18
 2.33E-17 2.79E-16 1.86E-15 6.65E-15 1.07E-14 1.16E-14
 1.00E-74 1.00E-74 1.00E-74 1.00E-74 2.33E-48 1.45E-27 1.02E-20 1.80E-18
 2.29E-17 2.76E-16 1.84E-15 6.60E-15 1.06E-14 1.15E-14
  14.5129    7  14 /pl=01:ss=16:pb= 1:sz=16/type=excit/ispb = t/isel =   13
 1.00E+10 1.00E+11 1.00E+12 1.00E+13 1.00E+14 1.00E+15 1.00E+16
 4.98E+00 7.47E+00 1.25E+01 2.49E+01 4.98E+01 1.25E+02 2.49E+02 3.74E+02
 4.98E+02 7.47E+02 1.25E+03 2.49E+03 4.98E+03 7.47E+03
 1.00E-74 1.00E-74 1.00E-74 1.00E-74 1.00E-74 1.15E-26 6.72E-20 1.11E-17
 1.37E-16 1.61E-15 1.06E-14 3.86E-14 6.58E-14 7.52E-14
 1.00E-74 1.00E-74 1.00E-74 1.00E-74 1.00E-74 1.15E-26 6.72E-20 1.11E-17
 1.37E-16 1.61E-15 1.06E-14 3.86E-14 6.58E-14 7.52E-14
 1.00E-74 1.00E-74 1.00E-74 1.00E-74 1.00E-74 1.15E-26 6.72E-20 1.11E-17
 1.37E-16 1.61E-15 1.06E-14 3.86E-14 6.58E-14 7.52E-14
 1.00E-74 1.00E-74 1.00E-74 1.00E-74 5.90E-47 1.15E-26 6.72E-20 1.11E-17
 1.37E-16 1.61E-15 1.06E-14 3.86E-14 6.58E-14 7.52E-14
 1.00E-74 1.00E-74 1.00E-74 1.00E-74 3.54E-47 1.15E-26 6.72E-20 1.11E-17
 1.37E-16 1.61E-15 1.06E-14 3.86E-14 6.58E-14 7.52E-14
 1.00E-74 1.00E-74 1.00E-74 1.00E-74 3.24E-47 1.15E-26 6.72E-20 1.11E-17
 1.37E-16 1.61E-15 1.06E-14 3.86E-14 6.58E-14 7.52E-14
 1.00E-74 1.00E-74 1.00E-74 1.00E-74 3.26E-47 1.15E-26 6.72E-20 1.11E-17
 1.37E-16 1.61E-15 1.06E-14 3.86E-14 6.58E-14 7.52E-14
  14.8428    7  14 /pl=01:ss=16:pb= 1:sz=16/type=excit/ispb = t/isel =   14
 1.00E+10 1.00E+11 1.00E+12 1.00E+13 1.00E+14 1.00E+15 1.00E+16
 4.98E+00 7.47E+00 1.25E+01 2.49E+01 4.98E+01 1.25E+02 2.49E+02 3.74E+02
 4.98E+02 7.47E+02 1.25E+03 2.49E+03 4.98E+03 7.47E+03
 1.00E-74 1.00E-74 1.00E-74 1.00E-74 1.00E-74 5.38E-27 3.10E-20 5.09E-18
 6.28E-17 7.30E-16 4.76E-15 1.69E-14 2.76E-14 3.03E-14
 1.00E-74 1.00E-74 1.00E-74 1.00E-74 1.00E-74 5.38E-27 3.10E-20 5.09E-18
 6.28E-17 7.30E-16 4.76E-15 1.69E-14 2.76E-14 3.03E-14
 1.00E-74 1.00E-74 1.00E-74 1.00E-74 1.00E-74 5.38E-27 3.10E-20 5.09E-18
 6.28E-17 7.30E-16 4.76E-15 1.69E-14 2.76E-14 3.03E-14
 1.00E-74 1.00E-74 1.00E-74 1.00E-74 1.00E-74 5.38E-27 3.10E-20 5.09E-18
 6.28E-17 7.30E-16 4.76E-15 1.69E-14 2.76E-14 3.03E-14
 1.00E-74 1.00E-74 1.00E-74 1.00E-74 1.14E-47 5.38E-27 3.10E-20 5.09E-18
 6.28E-17 7.30E-16 4.76E-15 1.69E-14 2.76E-14 3.03E-14
 1.00E-74 1.00E-74 1.00E-74 1.00E-74 1.59E-47 5.39E-27 3.10E-20 5.09E-18
 6.28E-17 7.30E-16 4.77E-15 1.69E-14 2.76E-14 3.03E-14
 1.00E-74 1.00E-74 1.00E-74 1.00E-74 1.60E-47 5.42E-27 3.11E-20 5.12E-18
 6.30E-17 7.33E-16 4.78E-15 1.70E-14 2.76E-14 3.03E-14
  14.8520    7  14 /pl=01:ss=16:pb= 1:sz=16/type=excit/ispb = t/isel =   15
 1.00E+10 1.00E+11 1.00E+12 1.00E+13 1.00E+14 1.00E+15 1.00E+16
 4.98E+00 7.47E+00 1.25E+01 2.49E+01 4.98E+01 1.25E+02 2.49E+02 3.74E+02
 4.98E+02 7.47E+02 1.25E+03 2.49E+03 4.98E+03 7.47E+03
 1.00E-74 1.00E-74 1.00E-74 1.00E-74 1.00E-74 3.55E-30 2.07E-23 3.43E-21
 4.24E-20 4.96E-19 3.27E-18 1.19E-17 2.03E-17 2.32E-17
 1.00E-74 1.00E-74 1.00E-74 1.00E-74 1.00E-74 3.55E-30 2.07E-23 3.43E-21
 4.24E-20 4.96E-19 3.27E-18 1.19E-17 2.03E-17 2.32E-17
 1.00E-74 1.00E-74 1.00E-74 1.00E-74 1.00E-74 3.55E-30 2.07E-23 3.43E-21
 4.24E-20 4.96E-19 3.27E-18 1.19E-17 2.03E-17 2.32E-17
 1.00E-74 1.00E-74 1.00E-74 1.00E-74 1.82E-50 3.55E-30 2.07E-23 3.43E-21
 4.24E-20 4.96E-19 3.27E-18 1.19E-17 2.03E-17 2.32E-17
 1.00E-74 1.00E-74 1.00E-74 1.00E-74 1.09E-50 3.55E-30 2.07E-23 3.43E-21
 4.24E-20 4.96E-19 3.27E-18 1.19E-17 2.03E-17 2.32E-17
 1.00E-74 1.00E-74 1.00E-74 1.00E-74 1.00E-50 3.55E-30 2.07E-23 3.43E-21
 4.24E-20 4.96E-19 3.27E-18 1.19E-17 2.03E-17 2.32E-17
 1.00E-74 1.00E-74 1.00E-74 1.00E-74 1.01E-50 3.55E-30 2.08E-23 3.43E-21
 4.24E-20 4.96E-19 3.27E-18 1.19E-17 2.03E-17 2.32E-17
  14.8725    7  14 /pl=01:ss=16:pb= 1:sz=16/type=excit/ispb = t/isel =   16
 1.00E+10 1.00E+11 1.00E+12 1.00E+13 1.00E+14 1.00E+15 1.00E+16
 4.98E+00 7.47E+00 1.25E+01 2.49E+01 4.98E+01 1.25E+02 2.49E+02 3.74E+02
 4.98E+02 7.47E+02 1.25E+03 2.49E+03 4.98E+03 7.47E+03
 1.00E-74 1.00E-74 1.00E-74 1.00E-74 1.00E-74 4.69E-27 2.71E-20 4.47E-18
 5.51E-17 6.41E-16 4.17E-15 1.47E-14 2.35E-14 2.54E-14
 1.00E-74 1.00E-74 1.00E-74 1.00E-74 1.00E-74 4.69E-27 2.71E-20 4.47E-18
 5.51E-17 6.41E-16 4.17E-15 1.47E-14 2.35E-14 2.54E-14
 1.00E-74 1.00E-74 1.00E-74 1.00E-74 1.00E-74 4.69E-27 2.71E-20 4.47E-18
 5.51E-17 6.41E-16 4.17E-15 1.47E-14 2.35E-14 2.54E-14
 1.00E-74 1.00E-74 1.00E-74 1.00E-74 1.79E-47 4.69E-27 2.71E-20 4.47E-18
 5.51E-17 6.41E-16 4.17E-15 1.47E-14 2.35E-14 2.54E-14
 1.00E-74 1.00E-74 1.00E-74 1.00E-74 1.43E-47 4.69E-27 2.71E-20 4.47E-18
 5.51E-17 6.41E-16 4.17E-15 1.47E-14 2.35E-14 2.54E-14
 1.00E-74 1.00E-74 1.00E-74 1.00E-74 1.35E-47 4.68E-27 2.71E-20 4.47E-18
 5.51E-17 6.41E-16 4.17E-15 1.47E-14 2.34E-14 2.54E-14
 1.00E-74 1.00E-74 1.00E-74 1.00E-74 1.34E-47 4.64E-27 2.70E-20 4.45E-18
 5.48E-17 6.38E-16 4.15E-15 1.46E-14 2.34E-14 2.53E-14
  16.2030    7  14 /pl=01:ss=16:pb= 1:sz=16/type=excit/ispb = t/isel =   17
 1.00E+10 1.00E+11 1.00E+12 1.00E+13 1.00E+14 1.00E+15 1.00E+16
 4.98E+00 7.47E+00 1.25E+01 2.49E+01 4.98E+01 1.25E+02 2.49E+02 3.74E+02
 4.98E+02 7.47E+02 1.25E+03 2.49E+03 4.98E+03 7.47E+03
 1.00E-74 1.00E-74 1.00E-74 1.00E-74 1.00E-74 5.00E-26 2.06E-19 3.03E-17
 3.55E-16 3.89E-15 2.47E-14 8.66E-14 1.45E-13 1.65E-13
 1.00E-74 1.00E-74 1.00E-74 1.00E-74 1.00E-74 5.00E-26 2.06E-19 3.03E-17
 3.55E-16 3.89E-15 2.47E-14 8.66E-14 1.45E-13 1.65E-13
 1.00E-74 1.00E-74 1.00E-74 1.00E-74 1.00E-74 5.00E-26 2.06E-19 3.03E-17
 3.55E-16 3.89E-15 2.47E-14 8.66E-14 1.45E-13 1.65E-13
 1.00E-74 1.00E-74 1.00E-74 1.00E-74 4.59E-46 5.00E-26 2.06E-19 3.03E-17
 3.55E-16 3.89E-15 2.47E-14 8.66E-14 1.45E-13 1.65E-13
 1.00E-74 1.00E-74 1.00E-74 1.00E-74 4.13E-46 5.00E-26 2.06E-19 3.03E-17
 3.55E-16 3.89E-15 2.47E-14 8.66E-14 1.45E-13 1.65E-13
 1.00E-74 1.00E-74 1.00E-74 1.00E-74 4.14E-46 5.00E-26 2.06E-19 3.03E-17
 3.55E-16 3.89E-15 2.47E-14 8.66E-14 1.45E-13 1.65E-13
 1.00E-74 1.00E-74 1.00E-74 1.00E-74 4.14E-46 5.00E-26 2.06E-19 3.03E-17
 3.55E-16 3.89E-15 2.47E-14 8.66E-14 1.45E-13 1.65E-13
  16.6044    7  14 /pl=01:ss=16:pb= 1:sz=16/type=excit/ispb = t/isel =   18
 1.00E+10 1.00E+11 1.00E+12 1.00E+13 1.00E+14 1.00E+15 1.00E+16
 4.98E+00 7.47E+00 1.25E+01 2.49E+01 4.98E+01 1.25E+02 2.49E+02 3.74E+02
 4.98E+02 7.47E+02 1.25E+03 2.49E+03 4.98E+03 7.47E+03
 1.00E-74 1.00E-74 1.00E-74 1.00E-74 1.00E-74 2.47E-26 9.97E-20 1.45E-17
 1.69E-16 1.86E-15 1.15E-14 3.97E-14 6.34E-14 6.94E-14
 1.00E-74 1.00E-74 1.00E-74 1.00E-74 1.00E-74 2.47E-26 9.97E-20 1.45E-17
 1.69E-16 1.86E-15 1.15E-14 3.97E-14 6.34E-14 6.94E-14
 1.00E-74 1.00E-74 1.00E-74 1.00E-74 1.00E-74 2.47E-26 9.97E-20 1.45E-17
 1.69E-16 1.86E-15 1.15E-14 3.97E-14 6.34E-14 6.94E-14
 1.00E-74 1.00E-74 1.00E-74 1.00E-74 2.48E-46 2.47E-26 9.97E-20 1.45E-17
 1.69E-16 1.86E-15 1.15E-14 3.97E-14 6.34E-14 6.94E-14
 1.00E-74 1.00E-74 1.00E-74 1.00E-74 2.23E-46 2.47E-26 9.97E-20 1.45E-17
 1.69E-16 1.86E-15 1.15E-14 3.97E-14 6.34E-14 6.94E-14
 1.00E-74 1.00E-74 1.00E-74 1.00E-74 2.16E-46 2.47E-26 9.97E-20 1.45E-17
 1.69E-16 1.86E-15 1.15E-14 3.97E-14 6.34E-14 6.94E-14
 1.00E-74 1.00E-74 1.00E-74 1.00E-74 2.17E-46 2.47E-26 9.98E-20 1.46E-17
 1.69E-16 1.86E-15 1.15E-14 3.98E-14 6.34E-14 6.94E-14
  16.6268    7  14 /pl=01:ss=16:pb= 1:sz=16/type=excit/ispb = t/isel =   19
 1.00E+10 1.00E+11 1.00E+12 1.00E+13 1.00E+14 1.00E+15 1.00E+16
 4.98E+00 7.47E+00 1.25E+01 2.49E+01 4.98E+01 1.25E+02 2.49E+02 3.74E+02
 4.98E+02 7.47E+02 1.25E+03 2.49E+03 4.98E+03 7.47E+03
 1.00E-74 1.00E-74 1.00E-74 1.00E-74 1.00E-74 1.55E-29 6.41E-23 9.41E-21
 1.10E-19 1.21E-18 7.67E-18 2.69E-17 4.52E-17 5.14E-17
 1.00E-74 1.00E-74 1.00E-74 1.00E-74 1.00E-74 1.55E-29 6.41E-23 9.41E-21
 1.10E-19 1.21E-18 7.67E-18 2.69E-17 4.52E-17 5.14E-17
 1.00E-74 1.00E-74 1.00E-74 1.00E-74 1.00E-74 1.55E-29 6.41E-23 9.41E-21
 1.10E-19 1.21E-18 7.67E-18 2.69E-17 4.52E-17 5.14E-17
 1.00E-74 1.00E-74 1.00E-74 1.00E-74 1.42E-49 1.55E-29 6.41E-23 9.41E-21
 1.10E-19 1.21E-18 7.67E-18 2.69E-17 4.52E-17 5.14E-17
 1.00E-74 1.00E-74 1.00E-74 1.00E-74 1.28E-49 1.55E-29 6.41E-23 9.41E-21
 1.10E-19 1.21E-18 7.67E-18 2.69E-17 4.52E-17 5.14E-17
 1.00E-74 1.00E-74 1.00E-74 1.00E-74 1.28E-49 1.55E-29 6.41E-23 9.41E-21
 1.10E-19 1.21E-18 7.67E-18 2.69E-17 4.52E-17 5.14E-17
 1.00E-74 1.00E-74 1.00E-74 1.00E-74 1.28E-49 1.55E-29 6.41E-23 9.41E-21
 1.10E-19 1.21E-18 7.67E-18 2.69E-17 4.51E-17 5.14E-17
  16.6777    7  14 /pl=01:ss=16:pb= 1:sz=16/type=excit/ispb = t/isel =   20
 1.00E+10 1.00E+11 1.00E+12 1.00E+13 1.00E+14 1.00E+15 1.00E+16
 4.98E+00 7.47E+00 1.25E+01 2.49E+01 4.98E+01 1.25E+02 2.49E+02 3.74E+02
 4.98E+02 7.47E+02 1.25E+03 2.49E+03 4.98E+03 7.47E+03
 1.00E-74 1.00E-74 1.00E-74 1.00E-74 1.00E-74 2.63E-26 1.08E-19 1.60E-17
 1.86E-16 2.04E-15 1.27E-14 4.35E-14 6.88E-14 7.45E-14
 1.00E-74 1.00E-74 1.00E-74 1.00E-74 1.00E-74 2.63E-26 1.08E-19 1.60E-17
 1.86E-16 2.04E-15 1.27E-14 4.35E-14 6.88E-14 7.45E-14
 1.00E-74 1.00E-74 1.00E-74 1.00E-74 3.63E-46 2.63E-26 1.08E-19 1.60E-17
 1.86E-16 2.04E-15 1.27E-14 4.35E-14 6.88E-14 7.45E-14
 1.00E-74 1.00E-74 1.00E-74 1.00E-74 2.18E-46 2.63E-26 1.08E-19 1.60E-17
 1.86E-16 2.04E-15 1.27E-14 4.35E-14 6.88E-14 7.45E-14
 1.00E-74 1.00E-74 1.00E-74 1.00E-74 2.21E-46 2.63E-26 1.08E-19 1.60E-17
 1.86E-16 2.04E-15 1.27E-14 4.35E-14 6.87E-14 7.45E-14
 1.00E-74 1.00E-74 1.00E-74 1.00E-74 2.22E-46 2.63E-26 1.08E-19 1.60E-17
 1.86E-16 2.04E-15 1.27E-14 4.35E-14 6.87E-14 7.44E-14
 1.00E-74 1.00E-74 1.00E-74 1.00E-74 2.21E-46 2.62E-26 1.08E-19 1.59E-17
 1.86E-16 2.04E-15 1.27E-14 4.35E-14 6.87E-14 7.44E-14
  21.5741    7  14 /pl=01:ss=16:pb= 1:sz=16/type=excit/ispb = t/isel =   21
 1.00E+10 1.00E+11 1.00E+12 1.00E+13 1.00E+14 1.00E+15 1.00E+16
 4.98E+00 7.47E+00 1.25E+01 2.49E+01 4.98E+01 1.25E+02 2.49E+02 3.74E+02
 4.98E+02 7.47E+02 1.25E+03 2.49E+03 4.98E+03 7.47E+03
 1.00E-74 1.00E-74 1.00E-74 1.00E-74 1.00E-74 1.12E-28 2.01E-22 2.25E-20
 2.30E-19 2.21E-18 1.25E-17 3.97E-17 6.14E-17 6.60E-17
 1.00E-74 1.00E-74 1.00E-74 1.00E-74 1.99E-47 1.12E-28 2.01E-22 2.25E-20
 2.30E-19 2.21E-18 1.25E-17 3.97E-17 6.14E-17 6.60E-17
 1.00E-74 1.00E-74 1.00E-74 1.00E-74 9.95E-48 1.12E-28 2.01E-22 2.25E-20
 2.30E-19 2.21E-18 1.25E-17 3.97E-17 6.14E-17 6.60E-17
 1.00E-74 1.00E-74 1.00E-74 1.00E-74 1.09E-47 1.12E-28 2.01E-22 2.25E-20
 2.30E-19 2.21E-18 1.25E-17 3.97E-17 6.14E-17 6.60E-17
 1.00E-74 1.00E-74 1.00E-74 1.00E-74 1.08E-47 1.12E-28 2.01E-22 2.25E-20
 2.30E-19 2.21E-18 1.25E-17 3.97E-17 6.14E-17 6.60E-17
 1.00E-74 1.00E-74 1.00E-74 1.00E-74 1.08E-47 1.12E-28 2.01E-22 2.25E-20
 2.30E-19 2.21E-18 1.25E-17 3.97E-17 6.14E-17 6.60E-17
 1.00E-74 1.00E-74 1.00E-74 1.00E-74 1.08E-47 1.12E-28 2.01E-22 2.25E-20
 2.30E-19 2.21E-18 1.25E-17 3.97E-17 6.14E-17 6.60E-17
  21.6635    7  14 /pl=01:ss=16:pb= 1:sz=16/type=excit/ispb = t/isel =   22
 1.00E+10 1.00E+11 1.00E+12 1.00E+13 1.00E+14 1.00E+15 1.00E+16
 4.98E+00 7.47E+00 1.25E+01 2.49E+01 4.98E+01 1.25E+02 2.49E+02 3.74E+02
 4.98E+02 7.47E+02 1.25E+03 2.49E+03 4.98E+03 7.47E+03
 1.00E-74 1.00E-74 1.00E-74 1.00E-74 1.00E-74 6.45E-25 1.23E-18 1.41E-16
 1.45E-15 1.42E-14 8.10E-14 2.66E-13 4.36E-13 4.92E-13
 1.00E-74 1.00E-74 1.00E-74 1.00E-74 5.24E-44 6.45E-25 1.23E-18 1.41E-16
 1.45E-15 1.42E-14 8.10E-14 2.66E-13 4.36E-13 4.92E-13
 1.00E-74 1.00E-74 1.00E-74 1.00E-74 5.50E-44 6.45E-25 1.23E-18 1.41E-16
 1.45E-15 1.42E-14 8.10E-14 2.66E-13 4.36E-13 4.92E-13
 1.00E-74 1.00E-74 1.00E-74 1.00E-74 5.48E-44 6.45E-25 1.23E-18 1.41E-16
 1.45E-15 1.42E-14 8.10E-14 2.66E-13 4.36E-13 4.92E-13
 1.00E-74 1.00E-74 1.00E-74 1.00E-74 5.47E-44 6.45E-25 1.23E-18 1.41E-16
 1.45E-15 1.42E-14 8.10E-14 2.66E-13 4.36E-13 4.92E-13
 1.00E-74 1.00E-74 1.00E-74 1.00E-74 5.47E-44 6.45E-25 1.23E-18 1.41E-16
 1.45E-15 1.42E-14 8.10E-14 2.66E-13 4.36E-13 4.92E-13
 1.00E-74 1.00E-74 1.00E-74 1.00E-74 5.47E-44 6.45E-25 1.23E-18 1.41E-16
 1.45E-15 1.42E-14 8.10E-14 2.66E-13 4.36E-13 4.92E-13
  22.3320    7  14 /pl=01:ss=16:pb= 1:sz=16/type=excit/ispb = t/isel =   23
 1.00E+10 1.00E+11 1.00E+12 1.00E+13 1.00E+14 1.00E+15 1.00E+16
 4.98E+00 7.47E+00 1.25E+01 2.49E+01 4.98E+01 1.25E+02 2.49E+02 3.74E+02
 4.98E+02 7.47E+02 1.25E+03 2.49E+03 4.98E+03 7.47E+03
 1.00E-74 1.00E-74 1.00E-74 1.00E-74 1.00E-74 4.34E-25 7.81E-19 8.73E-17
 8.91E-16 8.59E-15 4.85E-14 1.54E-13 2.38E-13 2.56E-13
 1.00E-74 1.00E-74 1.00E-74 1.00E-74 7.72E-44 4.34E-25 7.81E-19 8.73E-17
 8.91E-16 8.59E-15 4.85E-14 1.54E-13 2.38E-13 2.56E-13
 1.00E-74 1.00E-74 1.00E-74 1.00E-74 3.86E-44 4.34E-25 7.81E-19 8.73E-17
 8.91E-16 8.59E-15 4.85E-14 1.54E-13 2.38E-13 2.56E-13
 1.00E-74 1.00E-74 1.00E-74 1.00E-74 4.25E-44 4.34E-25 7.81E-19 8.73E-17
 8.91E-16 8.59E-15 4.85E-14 1.54E-13 2.38E-13 2.56E-13
 1.00E-74 1.00E-74 1.00E-74 1.00E-74 4.21E-44 4.34E-25 7.81E-19 8.73E-17
 8.91E-16 8.59E-15 4.85E-14 1.54E-13 2.38E-13 2.56E-13
 1.00E-74 1.00E-74 1.00E-74 1.00E-74 4.21E-44 4.34E-25 7.81E-19 8.73E-17
 8.91E-16 8.59E-15 4.85E-14 1.54E-13 2.38E-13 2.56E-13
 1.00E-74 1.00E-74 1.00E-74 1.00E-74 4.21E-44 4.34E-25 7.81E-19 8.73E-17
 8.91E-16 8.59E-15 4.85E-14 1.54E-13 2.38E-13 2.56E-13
  22.4279    7  14 /pl=01:ss=16:pb= 1:sz=16/type=excit/ispb = t/isel =   24
 1.00E+10 1.00E+11 1.00E+12 1.00E+13 1.00E+14 1.00E+15 1.00E+16
 4.98E+00 7.47E+00 1.25E+01 2.49E+01 4.98E+01 1.25E+02 2.49E+02 3.74E+02
 4.98E+02 7.47E+02 1.25E+03 2.49E+03 4.98E+03 7.47E+03
 1.00E-74 1.00E-74 1.00E-74 1.00E-74 1.00E-74 2.05E-28 3.91E-22 4.48E-20
 4.61E-19 4.50E-18 2.58E-17 8.47E-17 1.39E-16 1.57E-16
 1.00E-74 1.00E-74 1.00E-74 1.00E-74 1.67E-47 2.05E-28 3.91E-22 4.48E-20
 4.61E-19 4.50E-18 2.58E-17 8.47E-17 1.39E-16 1.57E-16
 1.00E-74 1.00E-74 1.00E-74 1.00E-74 1.75E-47 2.05E-28 3.91E-22 4.48E-20
 4.61E-19 4.50E-18 2.58E-17 8.47E-17 1.39E-16 1.57E-16
 1.00E-74 1.00E-74 1.00E-74 1.00E-74 1.74E-47 2.05E-28 3.91E-22 4.48E-20
 4.61E-19 4.50E-18 2.58E-17 8.47E-17 1.39E-16 1.57E-16
 1.00E-74 1.00E-74 1.00E-74 1.00E-74 1.74E-47 2.05E-28 3.91E-22 4.48E-20
 4.61E-19 4.50E-18 2.58E-17 8.47E-17 1.39E-16 1.57E-16
 1.00E-74 1.00E-74 1.00E-74 1.00E-74 1.74E-47 2.05E-28 3.91E-22 4.48E-20
 4.61E-19 4.50E-18 2.58E-17 8.47E-17 1.39E-16 1.57E-16
 1.00E-74 1.00E-74 1.00E-74 1.00E-74 1.74E-47 2.05E-28 3.91E-22 4.48E-20
 4.61E-19 4.50E-18 2.58E-17 8.47E-17 1.39E-16 1.57E-16
  22.6525    7  14 /pl=01:ss=16:pb= 1:sz=16/type=excit/ispb = t/isel =   25
 1.00E+10 1.00E+11 1.00E+12 1.00E+13 1.00E+14 1.00E+15 1.00E+16
 4.98E+00 7.47E+00 1.25E+01 2.49E+01 4.98E+01 1.25E+02 2.49E+02 3.74E+02
 4.98E+02 7.47E+02 1.25E+03 2.49E+03 4.98E+03 7.47E+03
 1.00E-74 1.00E-74 1.00E-74 1.00E-74 9.04E-44 5.98E-25 1.14E-18 1.31E-16
 1.36E-15 1.33E-14 7.60E-14 2.44E-13 3.76E-13 4.05E-13
 1.00E-74 1.00E-74 1.00E-74 1.00E-74 5.42E-44 5.98E-25 1.14E-18 1.31E-16
 1.36E-15 1.33E-14 7.60E-14 2.44E-13 3.76E-13 4.05E-13
 1.00E-74 1.00E-74 1.00E-74 1.00E-74 5.51E-44 5.98E-25 1.14E-18 1.31E-16
 1.36E-15 1.33E-14 7.60E-14 2.44E-13 3.76E-13 4.05E-13
 1.00E-74 1.00E-74 1.00E-74 1.00E-74 5.48E-44 5.98E-25 1.14E-18 1.31E-16
 1.36E-15 1.33E-14 7.60E-14 2.44E-13 3.76E-13 4.05E-13
 1.00E-74 1.00E-74 1.00E-74 1.00E-74 5.48E-44 5.98E-25 1.14E-18 1.31E-16
 1.36E-15 1.33E-14 7.60E-14 2.44E-13 3.76E-13 4.05E-13
 1.00E-74 1.00E-74 1.00E-74 1.00E-74 5.48E-44 5.98E-25 1.14E-18 1.31E-16
 1.36E-15 1.33E-14 7.60E-14 2.44E-13 3.76E-13 4.05E-13
 1.00E-74 1.00E-74 1.00E-74 1.00E-74 5.48E-44 5.98E-25 1.14E-18 1.31E-16
 1.36E-15 1.33E-14 7.60E-14 2.44E-13 3.76E-13 4.05E-13
  36.9199    7  14 /pl=01:ss=16:pb= 1:sz=16/type=excit/ispb = t/isel =   26
 1.00E+10 1.00E+11 1.00E+12 1.00E+13 1.00E+14 1.00E+15 1.00E+16
 4.98E+00 7.47E+00 1.25E+01 2.49E+01 4.98E+01 1.25E+02 2.49E+02 3.74E+02
 4.98E+02 7.47E+02 1.25E+03 2.49E+03 4.98E+03 7.47E+03
 1.00E-74 1.00E-74 1.00E-74 1.00E-74 1.00E-74 1.38E-27 9.74E-21 1.72E-18
 2.19E-17 2.65E-16 1.79E-15 6.63E-15 1.14E-14 1.31E-14
 1.00E-74 1.00E-74 1.00E-74 1.00E-74 1.00E-74 1.38E-27 9.74E-21 1.72E-18
 2.19E-17 2.65E-16 1.79E-15 6.63E-15 1.14E-14 1.31E-14
 1.00E-74 1.00E-74 1.00E-74 1.00E-74 1.00E-74 1.38E-27 9.74E-21 1.72E-18
 2.19E-17 2.65E-16 1.79E-15 6.63E-15 1.14E-14 1.31E-14
 1.00E-74 1.00E-74 1.00E-74 1.00E-74 1.00E-74 1.38E-27 9.74E-21 1.72E-18
 2.19E-17 2.65E-16 1.79E-15 6.63E-15 1.14E-14 1.31E-14
 1.00E-74 1.00E-74 1.00E-74 1.00E-74 2.21E-48 1.38E-27 9.74E-21 1.72E-18
 2.19E-17 2.65E-16 1.79E-15 6.63E-15 1.14E-14 1.31E-14
 1.00E-74 1.00E-74 1.00E-74 1.00E-74 2.21E-48 1.38E-27 9.74E-21 1.72E-18
 2.19E-17 2.65E-16 1.79E-15 6.63E-15 1.14E-14 1.31E-14
 1.00E-74 1.00E-74 1.00E-74 1.00E-74 2.20E-48 1.38E-27 9.74E-21 1.72E-18
 2.19E-17 2.65E-16 1.79E-15 6.63E-15 1.14E-14 1.31E-14
  37.4989    7  14 /pl=01:ss=16:pb= 1:sz=16/type=excit/ispb = t/isel =   27
 1.00E+10 1.00E+11 1.00E+12 1.00E+13 1.00E+14 1.00E+15 1.00E+16
 4.98E+00 7.47E+00 1.25E+01 2.49E+01 4.98E+01 1.25E+02 2.49E+02 3.74E+02
 4.98E+02 7.47E+02 1.25E+03 2.49E+03 4.98E+03 7.47E+03
 1.00E-74 1.00E-74 1.00E-74 1.00E-74 1.00E-74 6.94E-28 4.84E-21 8.47E-19
 1.08E-17 1.29E-16 8.66E-16 3.13E-15 5.15E-15 5.67E-15
 1.00E-74 1.00E-74 1.00E-74 1.00E-74 1.00E-74 6.94E-28 4.84E-21 8.47E-19
 1.08E-17 1.29E-16 8.66E-16 3.13E-15 5.15E-15 5.67E-15
 1.00E-74 1.00E-74 1.00E-74 1.00E-74 1.00E-74 6.94E-28 4.84E-21 8.47E-19
 1.08E-17 1.29E-16 8.66E-16 3.13E-15 5.15E-15 5.67E-15
 1.00E-74 1.00E-74 1.00E-74 1.00E-74 1.00E-74 6.94E-28 4.84E-21 8.47E-19
 1.08E-17 1.29E-16 8.66E-16 3.13E-15 5.15E-15 5.67E-15
 1.00E-74 1.00E-74 1.00E-74 1.00E-74 2.23E-48 6.94E-28 4.84E-21 8.47E-19
 1.08E-17 1.29E-16 8.66E-16 3.13E-15 5.15E-15 5.67E-15
 1.00E-74 1.00E-74 1.00E-74 1.00E-74 1.11E-48 6.96E-28 4.85E-21 8.48E-19
 1.08E-17 1.30E-16 8.67E-16 3.13E-15 5.15E-15 5.67E-15
 1.00E-74 1.00E-74 1.00E-74 1.00E-74 1.18E-48 7.13E-28 4.94E-21 8.62E-19
 1.09E-17 1.31E-16 8.76E-16 3.16E-15 5.19E-15 5.70E-15
  37.6081    7  14 /pl=01:ss=16:pb= 1:sz=16/type=excit/ispb = t/isel =   28
 1.00E+10 1.00E+11 1.00E+12 1.00E+13 1.00E+14 1.00E+15 1.00E+16
 4.98E+00 7.47E+00 1.25E+01 2.49E+01 4.98E+01 1.25E+02 2.49E+02 3.74E+02
 4.98E+02 7.47E+02 1.25E+03 2.49E+03 4.98E+03 7.47E+03
 1.00E-74 1.00E-74 1.00E-74 1.00E-74 1.00E-74 1.01E-27 7.05E-21 1.24E-18
 1.57E-17 1.89E-16 1.26E-15 4.49E-15 7.22E-15 7.81E-15
 1.00E-74 1.00E-74 1.00E-74 1.00E-74 1.00E-74 1.01E-27 7.05E-21 1.24E-18
 1.57E-17 1.89E-16 1.26E-15 4.49E-15 7.22E-15 7.81E-15
 1.00E-74 1.00E-74 1.00E-74 1.00E-74 1.00E-74 1.01E-27 7.05E-21 1.24E-18
 1.57E-17 1.89E-16 1.26E-15 4.49E-15 7.22E-15 7.81E-15
 1.00E-74 1.00E-74 1.00E-74 1.00E-74 1.00E-74 1.01E-27 7.05E-21 1.24E-18
 1.57E-17 1.89E-16 1.26E-15 4.49E-15 7.22E-15 7.81E-15
 1.00E-74 1.00E-74 1.00E-74 1.00E-74 1.38E-48 1.01E-27 7.05E-21 1.24E-18
 1.57E-17 1.89E-16 1.26E-15 4.49E-15 7.22E-15 7.81E-15
 1.00E-74 1.00E-74 1.00E-74 1.00E-74 1.65E-48 1.00E-27 7.04E-21 1.23E-18
 1.57E-17 1.88E-16 1.26E-15 4.49E-15 7.21E-15 7.81E-15
 1.00E-74 1.00E-74 1.00E-74 1.00E-74 1.57E-48 9.77E-28 6.90E-21 1.21E-18
 1.55E-17 1.86E-16 1.24E-15 4.45E-15 7.17E-15 7.77E-15
  37.8041    7  14 /pl=01:ss=16:pb= 1:sz=16/type=excit/ispb = t/isel =   29
 1.00E+10 1.00E+11 1.00E+12 1.00E+13 1.00E+14 1.00E+15 1.00E+16
 4.98E+00 7.47E+00 1.25E+01 2.49E+01 4.98E+01 1.25E+02 2.49E+02 3.74E+02
 4.98E+02 7.47E+02 1.25E+03 2.49E+03 4.98E+03 7.47E+03
 1.00E-74 1.00E-74 1.00E-74 1.00E-74 1.00E-74 1.26E-28 8.90E-22 1.57E-19
 2.00E-18 2.42E-17 1.64E-16 6.06E-16 1.04E-15 1.20E-15
 1.00E-74 1.00E-74 1.00E-74 1.00E-74 1.00E-74 1.26E-28 8.90E-22 1.57E-19
 2.00E-18 2.42E-17 1.64E-16 6.06E-16 1.04E-15 1.20E-15
 1.00E-74 1.00E-74 1.00E-74 1.00E-74 1.00E-74 1.26E-28 8.90E-22 1.57E-19
 2.00E-18 2.42E-17 1.64E-16 6.06E-16 1.04E-15 1.20E-15
 1.00E-74 1.00E-74 1.00E-74 1.00E-74 1.00E-74 1.26E-28 8.90E-22 1.57E-19
 2.00E-18 2.42E-17 1.64E-16 6.06E-16 1.04E-15 1.20E-15
 1.00E-74 1.00E-74 1.00E-74 1.00E-74 2.02E-49 1.26E-28 8.90E-22 1.57E-19
 2.00E-18 2.42E-17 1.64E-16 6.06E-16 1.04E-15 1.20E-15
 1.00E-74 1.00E-74 1.00E-74 1.00E-74 2.02E-49 1.26E-28 8.90E-22 1.57E-19
 2.00E-18 2.42E-17 1.64E-16 6.06E-16 1.04E-15 1.20E-15
 1.00E-74 1.00E-74 1.00E-74 1.00E-74 2.01E-49 1.26E-28 8.90E-22 1.57E-19
 2.00E-18 2.42E-17 1.64E-16 6.06E-16 1.04E-15 1.20E-15
  43.1296    7  14 /pl=01:ss=16:pb= 1:sz=16/type=excit/ispb = t/isel =   30
 1.00E+10 1.00E+11 1.00E+12 1.00E+13 1.00E+14 1.00E+15 1.00E+16
 4.98E+00 7.47E+00 1.25E+01 2.49E+01 4.98E+01 1.25E+02 2.49E+02 3.74E+02
 4.98E+02 7.47E+02 1.25E+03 2.49E+03 4.98E+03 7.47E+03
 1.00E-74 1.00E-74 1.00E-74 1.00E-74 1.00E-74 3.66E-27 2.14E-20 3.53E-18
 4.37E-17 5.11E-16 3.37E-15 1.23E-14 2.09E-14 2.39E-14
 1.00E-74 1.00E-74 1.00E-74 1.00E-74 1.00E-74 3.66E-27 2.14E-20 3.53E-18
 4.37E-17 5.11E-16 3.37E-15 1.23E-14 2.09E-14 2.39E-14
 1.00E-74 1.00E-74 1.00E-74 1.00E-74 1.00E-74 3.66E-27 2.14E-20 3.53E-18
 4.37E-17 5.11E-16 3.37E-15 1.23E-14 2.09E-14 2.39E-14
 1.00E-74 1.00E-74 1.00E-74 1.00E-74 1.88E-47 3.66E-27 2.14E-20 3.53E-18
 4.37E-17 5.11E-16 3.37E-15 1.23E-14 2.09E-14 2.39E-14
 1.00E-74 1.00E-74 1.00E-74 1.00E-74 1.13E-47 3.66E-27 2.14E-20 3.53E-18
 4.37E-17 5.11E-16 3.37E-15 1.23E-14 2.09E-14 2.39E-14
 1.00E-74 1.00E-74 1.00E-74 1.00E-74 1.03E-47 3.66E-27 2.14E-20 3.53E-18
 4.37E-17 5.11E-16 3.37E-15 1.23E-14 2.09E-14 2.39E-14
 1.00E-74 1.00E-74 1.00E-74 1.00E-74 1.04E-47 3.66E-27 2.14E-20 3.53E-18
 4.37E-17 5.12E-16 3.37E-15 1.23E-14 2.10E-14 2.39E-14
  43.8877    7  14 /pl=01:ss=16:pb= 1:sz=16/type=excit/ispb = t/isel =   31
 1.00E+10 1.00E+11 1.00E+12 1.00E+13 1.00E+14 1.00E+15 1.00E+16
 4.98E+00 7.47E+00 1.25E+01 2.49E+01 4.98E+01 1.25E+02 2.49E+02 3.74E+02
 4.98E+02 7.47E+02 1.25E+03 2.49E+03 4.98E+03 7.47E+03
 1.00E-74 1.00E-74 1.00E-74 1.00E-74 1.00E-74 1.90E-27 1.09E-20 1.79E-18
 2.21E-17 2.57E-16 1.68E-15 5.96E-15 9.71E-15 1.07E-14
 1.00E-74 1.00E-74 1.00E-74 1.00E-74 1.00E-74 1.90E-27 1.09E-20 1.79E-18
 2.21E-17 2.57E-16 1.68E-15 5.96E-15 9.71E-15 1.07E-14
 1.00E-74 1.00E-74 1.00E-74 1.00E-74 1.00E-74 1.90E-27 1.09E-20 1.79E-18
 2.21E-17 2.57E-16 1.68E-15 5.96E-15 9.71E-15 1.07E-14
 1.00E-74 1.00E-74 1.00E-74 1.00E-74 1.00E-74 1.90E-27 1.09E-20 1.79E-18
 2.21E-17 2.57E-16 1.68E-15 5.96E-15 9.71E-15 1.07E-14
 1.00E-74 1.00E-74 1.00E-74 1.00E-74 4.01E-48 1.90E-27 1.09E-20 1.79E-18
 2.21E-17 2.57E-16 1.68E-15 5.96E-15 9.71E-15 1.07E-14
 1.00E-74 1.00E-74 1.00E-74 1.00E-74 5.61E-48 1.90E-27 1.09E-20 1.79E-18
 2.21E-17 2.57E-16 1.68E-15 5.96E-15 9.71E-15 1.07E-14
 1.00E-74 1.00E-74 1.00E-74 1.00E-74 5.65E-48 1.91E-27 1.10E-20 1.80E-18
 2.22E-17 2.58E-16 1.68E-15 5.97E-15 9.73E-15 1.07E-14
  44.1484    7  14 /pl=01:ss=16:pb= 1:sz=16/type=excit/ispb = t/isel =   32
 1.00E+10 1.00E+11 1.00E+12 1.00E+13 1.00E+14 1.00E+15 1.00E+16
 4.98E+00 7.47E+00 1.25E+01 2.49E+01 4.98E+01 1.25E+02 2.49E+02 3.74E+02
 4.98E+02 7.47E+02 1.25E+03 2.49E+03 4.98E+03 7.47E+03
 1.00E-74 1.00E-74 1.00E-74 1.00E-74 1.00E-74 3.23E-27 1.87E-20 3.09E-18
 3.80E-17 4.42E-16 2.88E-15 1.01E-14 1.62E-14 1.75E-14
 1.00E-74 1.00E-74 1.00E-74 1.00E-74 1.00E-74 3.23E-27 1.87E-20 3.09E-18
 3.80E-17 4.42E-16 2.88E-15 1.01E-14 1.62E-14 1.75E-14
 1.00E-74 1.00E-74 1.00E-74 1.00E-74 1.00E-74 3.23E-27 1.87E-20 3.09E-18
 3.80E-17 4.42E-16 2.88E-15 1.01E-14 1.62E-14 1.75E-14
 1.00E-74 1.00E-74 1.00E-74 1.00E-74 1.24E-47 3.23E-27 1.87E-20 3.09E-18
 3.80E-17 4.42E-16 2.88E-15 1.01E-14 1.62E-14 1.75E-14
 1.00E-74 1.00E-74 1.00E-74 1.00E-74 9.90E-48 3.23E-27 1.87E-20 3.09E-18
 3.80E-17 4.42E-16 2.88E-15 1.01E-14 1.62E-14 1.75E-14
 1.00E-74 1.00E-74 1.00E-74 1.00E-74 9.28E-48 3.23E-27 1.87E-20 3.09E-18
 3.80E-17 4.42E-16 2.87E-15 1.01E-14 1.62E-14 1.75E-14
 1.00E-74 1.00E-74 1.00E-74 1.00E-74 9.23E-48 3.20E-27 1.86E-20 3.07E-18
 3.78E-17 4.40E-16 2.86E-15 1.01E-14 1.61E-14 1.75E-14
  44.3411    7  14 /pl=01:ss=16:pb= 1:sz=16/type=excit/ispb = t/isel =   33
 1.00E+10 1.00E+11 1.00E+12 1.00E+13 1.00E+14 1.00E+15 1.00E+16
 4.98E+00 7.47E+00 1.25E+01 2.49E+01 4.98E+01 1.25E+02 2.49E+02 3.74E+02
 4.98E+02 7.47E+02 1.25E+03 2.49E+03 4.98E+03 7.47E+03
 1.00E-74 1.00E-74 1.00E-74 1.00E-74 1.00E-74 3.77E-28 2.20E-21 3.64E-19
 4.50E-18 5.27E-17 3.47E-16 1.26E-15 2.16E-15 2.46E-15
 1.00E-74 1.00E-74 1.00E-74 1.00E-74 1.00E-74 3.77E-28 2.20E-21 3.64E-19
 4.50E-18 5.27E-17 3.47E-16 1.26E-15 2.16E-15 2.46E-15
 1.00E-74 1.00E-74 1.00E-74 1.00E-74 1.00E-74 3.77E-28 2.20E-21 3.64E-19
 4.50E-18 5.27E-17 3.47E-16 1.26E-15 2.16E-15 2.46E-15
 1.00E-74 1.00E-74 1.00E-74 1.00E-74 1.93E-48 3.77E-28 2.20E-21 3.64E-19
 4.50E-18 5.27E-17 3.47E-16 1.26E-15 2.16E-15 2.46E-15
 1.00E-74 1.00E-74 1.00E-74 1.00E-74 1.16E-48 3.77E-28 2.20E-21 3.64E-19
 4.50E-18 5.27E-17 3.47E-16 1.26E-15 2.16E-15 2.46E-15
 1.00E-74 1.00E-74 1.00E-74 1.00E-74 1.06E-48 3.77E-28 2.20E-21 3.64E-19
 4.50E-18 5.27E-17 3.47E-16 1.26E-15 2.16E-15 2.46E-15
 1.00E-74 1.00E-74 1.00E-74 1.00E-74 1.07E-48 3.77E-28 2.20E-21 3.64E-19
 4.50E-18 5.27E-17 3.47E-16 1.26E-15 2.16E-15 2.46E-15
  62.5059    7  14 /pl=01:ss=16:pb= 1:sz=16/type=excit/ispb = t/isel =   34
 1.00E+10 1.00E+11 1.00E+12 1.00E+13 1.00E+14 1.00E+15 1.00E+16
 4.98E+00 7.47E+00 1.25E+01 2.49E+01 4.98E+01 1.25E+02 2.49E+02 3.74E+02
 4.98E+02 7.47E+02 1.25E+03 2.49E+03 4.98E+03 7.47E+03
 1.00E-74 1.00E-74 1.00E-74 1.00E-74 1.00E-74 1.51E-26 6.23E-20 9.15E-18
 1.07E-16 1.17E-15 7.46E-15 2.61E-14 4.39E-14 4.99E-14
 1.00E-74 1.00E-74 1.00E-74 1.00E-74 1.00E-74 1.51E-26 6.23E-20 9.15E-18
 1.07E-16 1.17E-15 7.46E-15 2.61E-14 4.39E-14 4.99E-14
 1.00E-74 1.00E-74 1.00E-74 1.00E-74 1.00E-74 1.51E-26 6.23E-20 9.15E-18
 1.07E-16 1.17E-15 7.46E-15 2.61E-14 4.39E-14 4.99E-14
 1.00E-74 1.00E-74 1.00E-74 1.00E-74 1.38E-46 1.51E-26 6.23E-20 9.15E-18
 1.07E-16 1.17E-15 7.46E-15 2.61E-14 4.39E-14 4.99E-14
 1.00E-74 1.00E-74 1.00E-74 1.00E-74 1.25E-46 1.51E-26 6.23E-20 9.15E-18
 1.07E-16 1.17E-15 7.46E-15 2.61E-14 4.39E-14 4.99E-14
 1.00E-74 1.00E-74 1.00E-74 1.00E-74 1.25E-46 1.51E-26 6.23E-20 9.15E-18
 1.07E-16 1.17E-15 7.46E-15 2.61E-14 4.39E-14 4.99E-14
 1.00E-74 1.00E-74 1.00E-74 1.00E-74 1.25E-46 1.51E-26 6.23E-20 9.15E-18
 1.07E-16 1.17E-15 7.46E-15 2.61E-14 4.39E-14 4.99E-14
  63.9486    7  14 /pl=01:ss=16:pb= 1:sz=16/type=excit/ispb = t/isel =   35
 1.00E+10 1.00E+11 1.00E+12 1.00E+13 1.00E+14 1.00E+15 1.00E+16
 4.98E+00 7.47E+00 1.25E+01 2.49E+01 4.98E+01 1.25E+02 2.49E+02 3.74E+02
 4.98E+02 7.47E+02 1.25E+03 2.49E+03 4.98E+03 7.47E+03
 1.00E-74 1.00E-74 1.00E-74 1.00E-74 1.00E-74 8.21E-27 3.31E-20 4.83E-18
 5.60E-17 6.16E-16 3.83E-15 1.32E-14 2.10E-14 2.30E-14
 1.00E-74 1.00E-74 1.00E-74 1.00E-74 1.00E-74 8.21E-27 3.31E-20 4.83E-18
 5.60E-17 6.16E-16 3.83E-15 1.32E-14 2.10E-14 2.30E-14
 1.00E-74 1.00E-74 1.00E-74 1.00E-74 1.00E-74 8.21E-27 3.31E-20 4.83E-18
 5.60E-17 6.16E-16 3.83E-15 1.32E-14 2.10E-14 2.30E-14
 1.00E-74 1.00E-74 1.00E-74 1.00E-74 8.24E-47 8.21E-27 3.31E-20 4.83E-18
 5.60E-17 6.16E-16 3.83E-15 1.32E-14 2.10E-14 2.30E-14
 1.00E-74 1.00E-74 1.00E-74 1.00E-74 7.42E-47 8.21E-27 3.31E-20 4.83E-18
 5.60E-17 6.16E-16 3.83E-15 1.32E-14 2.10E-14 2.30E-14
 1.00E-74 1.00E-74 1.00E-74 1.00E-74 7.17E-47 8.21E-27 3.31E-20 4.83E-18
 5.60E-17 6.16E-16 3.83E-15 1.32E-14 2.10E-14 2.30E-14
 1.00E-74 1.00E-74 1.00E-74 1.00E-74 7.21E-47 8.22E-27 3.32E-20 4.83E-18
 5.60E-17 6.17E-16 3.83E-15 1.32E-14 2.11E-14 2.31E-14
  65.0487    7  14 /pl=01:ss=16:pb= 1:sz=16/type=excit/ispb = t/isel =   36
 1.00E+10 1.00E+11 1.00E+12 1.00E+13 1.00E+14 1.00E+15 1.00E+16
 4.98E+00 7.47E+00 1.25E+01 2.49E+01 4.98E+01 1.25E+02 2.49E+02 3.74E+02
 4.98E+02 7.47E+02 1.25E+03 2.49E+03 4.98E+03 7.47E+03
 1.00E-74 1.00E-74 1.00E-74 1.00E-74 1.00E-74 1.85E-26 7.62E-20 1.12E-17
 1.31E-16 1.44E-15 8.96E-15 3.06E-14 4.83E-14 5.23E-14
 1.00E-74 1.00E-74 1.00E-74 1.00E-74 1.00E-74 1.85E-26 7.62E-20 1.12E-17
 1.31E-16 1.44E-15 8.96E-15 3.06E-14 4.83E-14 5.23E-14
 1.00E-74 1.00E-74 1.00E-74 1.00E-74 2.55E-46 1.85E-26 7.62E-20 1.12E-17
 1.31E-16 1.44E-15 8.96E-15 3.06E-14 4.83E-14 5.23E-14
 1.00E-74 1.00E-74 1.00E-74 1.00E-74 1.53E-46 1.85E-26 7.62E-20 1.12E-17
 1.31E-16 1.44E-15 8.96E-15 3.06E-14 4.83E-14 5.23E-14
 1.00E-74 1.00E-74 1.00E-74 1.00E-74 1.56E-46 1.85E-26 7.62E-20 1.12E-17
 1.31E-16 1.44E-15 8.96E-15 3.06E-14 4.83E-14 5.23E-14
 1.00E-74 1.00E-74 1.00E-74 1.00E-74 1.56E-46 1.85E-26 7.62E-20 1.12E-17
 1.31E-16 1.44E-15 8.96E-15 3.06E-14 4.83E-14 5.23E-14
 1.00E-74 1.00E-74 1.00E-74 1.00E-74 1.56E-46 1.84E-26 7.60E-20 1.12E-17
 1.30E-16 1.43E-15 8.95E-15 3.06E-14 4.83E-14 5.23E-14
  65.0831    7  14 /pl=01:ss=16:pb= 1:sz=16/type=excit/ispb = t/isel =   37
 1.00E+10 1.00E+11 1.00E+12 1.00E+13 1.00E+14 1.00E+15 1.00E+16
 4.98E+00 7.47E+00 1.25E+01 2.49E+01 4.98E+01 1.25E+02 2.49E+02 3.74E+02
 4.98E+02 7.47E+02 1.25E+03 2.49E+03 4.98E+03 7.47E+03
 1.00E-74 1.00E-74 1.00E-74 1.00E-74 1.00E-74 1.96E-27 8.10E-21 1.19E-18
 1.39E-17 1.53E-16 9.69E-16 3.40E-15 5.71E-15 6.49E-15
 1.00E-74 1.00E-74 1.00E-74 1.00E-74 1.00E-74 1.96E-27 8.10E-21 1.19E-18
 1.39E-17 1.53E-16 9.69E-16 3.40E-15 5.71E-15 6.49E-15
 1.00E-74 1.00E-74 1.00E-74 1.00E-74 1.00E-74 1.96E-27 8.10E-21 1.19E-18
 1.39E-17 1.53E-16 9.69E-16 3.40E-15 5.71E-15 6.49E-15
 1.00E-74 1.00E-74 1.00E-74 1.00E-74 1.80E-47 1.96E-27 8.10E-21 1.19E-18
 1.39E-17 1.53E-16 9.69E-16 3.40E-15 5.71E-15 6.49E-15
 1.00E-74 1.00E-74 1.00E-74 1.00E-74 1.62E-47 1.96E-27 8.10E-21 1.19E-18
 1.39E-17 1.53E-16 9.69E-16 3.40E-15 5.71E-15 6.49E-15
 1.00E-74 1.00E-74 1.00E-74 1.00E-74 1.62E-47 1.96E-27 8.10E-21 1.19E-18
 1.39E-17 1.53E-16 9.69E-16 3.40E-15 5.71E-15 6.49E-15
 1.00E-74 1.00E-74 1.00E-74 1.00E-74 1.62E-47 1.96E-27 8.10E-21 1.19E-18
 1.39E-17 1.53E-16 9.69E-16 3.40E-15 5.71E-15 6.49E-15
  88.7276    7  14 /pl=01:ss=16:pb= 1:sz=16/type=excit/ispb = t/isel =   38
 1.00E+10 1.00E+11 1.00E+12 1.00E+13 1.00E+14 1.00E+15 1.00E+16
 4.98E+00 7.47E+00 1.25E+01 2.49E+01 4.98E+01 1.25E+02 2.49E+02 3.74E+02
 4.98E+02 7.47E+02 1.25E+03 2.49E+03 4.98E+03 7.47E+03
 1.00E-74 1.00E-74 1.00E-74 1.00E-74 1.00E-74 6.28E-28 4.44E-21 7.83E-19
 9.99E-18 1.21E-16 8.17E-16 3.02E-15 5.21E-15 5.97E-15
 1.00E-74 1.00E-74 1.00E-74 1.00E-74 1.00E-74 6.28E-28 4.44E-21 7.83E-19
 9.99E-18 1.21E-16 8.17E-16 3.02E-15 5.21E-15 5.97E-15
 1.00E-74 1.00E-74 1.00E-74 1.00E-74 1.00E-74 6.28E-28 4.44E-21 7.83E-19
 9.99E-18 1.21E-16 8.17E-16 3.02E-15 5.21E-15 5.97E-15
 1.00E-74 1.00E-74 1.00E-74 1.00E-74 1.00E-74 6.28E-28 4.44E-21 7.83E-19
 9.99E-18 1.21E-16 8.17E-16 3.02E-15 5.21E-15 5.97E-15
 1.00E-74 1.00E-74 1.00E-74 1.00E-74 1.01E-48 6.28E-28 4.44E-21 7.83E-19
 9.99E-18 1.21E-16 8.17E-16 3.02E-15 5.21E-15 5.97E-15
 1.00E-74 1.00E-74 1.00E-74 1.00E-74 1.01E-48 6.28E-28 4.44E-21 7.84E-19
 9.99E-18 1.21E-16 8.17E-16 3.02E-15 5.21E-15 5.97E-15
 1.00E-74 1.00E-74 1.00E-74 1.00E-74 1.00E-48 6.29E-28 4.45E-21 7.84E-19
 1.00E-17 1.21E-16 8.17E-16 3.03E-15 5.21E-15 5.97E-15
  90.0000    7  14 /pl=01:ss=16:pb= 1:sz=16/type=excit/ispb = t/isel =   39
 1.00E+10 1.00E+11 1.00E+12 1.00E+13 1.00E+14 1.00E+15 1.00E+16
 4.98E+00 7.47E+00 1.25E+01 2.49E+01 4.98E+01 1.25E+02 2.49E+02 3.74E+02
 4.98E+02 7.47E+02 1.25E+03 2.49E+03 4.98E+03 7.47E+03
 1.00E-74 1.00E-74 1.00E-74 1.00E-74 1.00E-74 3.14E-28 2.19E-21 3.83E-19
 4.88E-18 5.86E-17 3.92E-16 1.42E-15 2.33E-15 2.57E-15
 1.00E-74 1.00E-74 1.00E-74 1.00E-74 1.00E-74 3.14E-28 2.19E-21 3.83E-19
 4.88E-18 5.86E-17 3.92E-16 1.42E-15 2.33E-15 2.57E-15
 1.00E-74 1.00E-74 1.00E-74 1.00E-74 1.00E-74 3.14E-28 2.19E-21 3.83E-19
 4.88E-18 5.86E-17 3.92E-16 1.42E-15 2.33E-15 2.57E-15
 1.00E-74 1.00E-74 1.00E-74 1.00E-74 1.00E-74 3.14E-28 2.19E-21 3.83E-19
 4.88E-18 5.86E-17 3.92E-16 1.42E-15 2.33E-15 2.57E-15
 1.00E-74 1.00E-74 1.00E-74 1.00E-74 1.01E-48 3.14E-28 2.19E-21 3.83E-19
 4.88E-18 5.86E-17 3.92E-16 1.42E-15 2.33E-15 2.57E-15
 1.00E-74 1.00E-74 1.00E-74 1.00E-74 5.04E-49 3.15E-28 2.20E-21 3.84E-19
 4.88E-18 5.87E-17 3.92E-16 1.42E-15 2.33E-15 2.57E-15
 1.00E-74 1.00E-74 1.00E-74 1.00E-74 5.35E-49 3.23E-28 2.24E-21 3.90E-19
 4.96E-18 5.94E-17 3.97E-16 1.43E-15 2.35E-15 2.58E-15
  90.6319    7  14 /pl=01:ss=16:pb= 1:sz=16/type=excit/ispb = t/isel =   40
 1.00E+10 1.00E+11 1.00E+12 1.00E+13 1.00E+14 1.00E+15 1.00E+16
 4.98E+00 7.47E+00 1.25E+01 2.49E+01 4.98E+01 1.25E+02 2.49E+02 3.74E+02
 4.98E+02 7.47E+02 1.25E+03 2.49E+03 4.98E+03 7.47E+03
 1.00E-74 1.00E-74 1.00E-74 1.00E-74 1.00E-74 7.03E-28 4.93E-21 8.64E-19
 1.10E-17 1.32E-16 8.79E-16 3.14E-15 5.05E-15 5.46E-15
 1.00E-74 1.00E-74 1.00E-74 1.00E-74 1.00E-74 7.03E-28 4.93E-21 8.64E-19
 1.10E-17 1.32E-16 8.79E-16 3.14E-15 5.05E-15 5.46E-15
 1.00E-74 1.00E-74 1.00E-74 1.00E-74 1.00E-74 7.03E-28 4.93E-21 8.64E-19
 1.10E-17 1.32E-16 8.79E-16 3.14E-15 5.05E-15 5.46E-15
 1.00E-74 1.00E-74 1.00E-74 1.00E-74 1.00E-74 7.03E-28 4.93E-21 8.64E-19
 1.10E-17 1.32E-16 8.79E-16 3.14E-15 5.05E-15 5.46E-15
 1.00E-74 1.00E-74 1.00E-74 1.00E-74 9.64E-49 7.03E-28 4.93E-21 8.64E-19
 1.10E-17 1.32E-16 8.79E-16 3.14E-15 5.05E-15 5.46E-15
 1.00E-74 1.00E-74 1.00E-74 1.00E-74 1.16E-48 7.01E-28 4.92E-21 8.63E-19
 1.10E-17 1.32E-16 8.78E-16 3.14E-15 5.04E-15 5.46E-15
 1.00E-74 1.00E-74 1.00E-74 1.00E-74 1.10E-48 6.83E-28 4.82E-21 8.48E-19
 1.08E-17 1.30E-16 8.69E-16 3.11E-15 5.01E-15 5.43E-15
  90.8596    7  14 /pl=01:ss=16:pb= 1:sz=16/type=excit/ispb = t/isel =   41
 1.00E+10 1.00E+11 1.00E+12 1.00E+13 1.00E+14 1.00E+15 1.00E+16
 4.98E+00 7.47E+00 1.25E+01 2.49E+01 4.98E+01 1.25E+02 2.49E+02 3.74E+02
 4.98E+02 7.47E+02 1.25E+03 2.49E+03 4.98E+03 7.47E+03
 1.00E-74 1.00E-74 1.00E-74 1.00E-74 1.00E-74 1.49E-28 1.06E-21 1.86E-19
 2.38E-18 2.87E-17 1.94E-16 7.19E-16 1.24E-15 1.42E-15
 1.00E-74 1.00E-74 1.00E-74 1.00E-74 1.00E-74 1.49E-28 1.06E-21 1.86E-19
 2.38E-18 2.87E-17 1.94E-16 7.19E-16 1.24E-15 1.42E-15
 1.00E-74 1.00E-74 1.00E-74 1.00E-74 1.00E-74 1.49E-28 1.06E-21 1.86E-19
 2.38E-18 2.87E-17 1.94E-16 7.19E-16 1.24E-15 1.42E-15
 1.00E-74 1.00E-74 1.00E-74 1.00E-74 1.00E-74 1.49E-28 1.06E-21 1.86E-19
 2.38E-18 2.87E-17 1.94E-16 7.19E-16 1.24E-15 1.42E-15
 1.00E-74 1.00E-74 1.00E-74 1.00E-74 2.40E-49 1.49E-28 1.06E-21 1.86E-19
 2.38E-18 2.87E-17 1.94E-16 7.19E-16 1.24E-15 1.42E-15
 1.00E-74 1.00E-74 1.00E-74 1.00E-74 2.40E-49 1.49E-28 1.06E-21 1.86E-19
 2.38E-18 2.88E-17 1.94E-16 7.19E-16 1.24E-15 1.42E-15
 1.00E-74 1.00E-74 1.00E-74 1.00E-74 2.39E-49 1.49E-28 1.06E-21 1.86E-19
 2.38E-18 2.88E-17 1.94E-16 7.19E-16 1.24E-15 1.42E-15
  135.672    7  14 /pl=01:ss=16:pb= 1:sz=16/type=excit/ispb = t/isel =   42
 1.00E+10 1.00E+11 1.00E+12 1.00E+13 1.00E+14 1.00E+15 1.00E+16
 4.98E+00 7.47E+00 1.25E+01 2.49E+01 4.98E+01 1.25E+02 2.49E+02 3.74E+02
 4.98E+02 7.47E+02 1.25E+03 2.49E+03 4.98E+03 7.47E+03
 1.00E-74 1.00E-74 1.00E-74 1.00E-74 1.00E-74 1.60E-27 9.32E-21 1.54E-18
 1.90E-17 2.23E-16 1.47E-15 5.35E-15 9.13E-15 1.04E-14
 1.00E-74 1.00E-74 1.00E-74 1.00E-74 1.00E-74 1.60E-27 9.32E-21 1.54E-18
 1.90E-17 2.23E-16 1.47E-15 5.35E-15 9.13E-15 1.04E-14
 1.00E-74 1.00E-74 1.00E-74 1.00E-74 1.00E-74 1.60E-27 9.32E-21 1.54E-18
 1.90E-17 2.23E-16 1.47E-15 5.35E-15 9.13E-15 1.04E-14
 1.00E-74 1.00E-74 1.00E-74 1.00E-74 8.18E-48 1.60E-27 9.32E-21 1.54E-18
 1.90E-17 2.23E-16 1.47E-15 5.35E-15 9.13E-15 1.04E-14
 1.00E-74 1.00E-74 1.00E-74 1.00E-74 4.91E-48 1.60E-27 9.32E-21 1.54E-18
 1.90E-17 2.23E-16 1.47E-15 5.35E-15 9.13E-15 1.04E-14
 1.00E-74 1.00E-74 1.00E-74 1.00E-74 4.50E-48 1.60E-27 9.32E-21 1.54E-18
 1.90E-17 2.23E-16 1.47E-15 5.35E-15 9.13E-15 1.04E-14
 1.00E-74 1.00E-74 1.00E-74 1.00E-74 4.53E-48 1.60E-27 9.32E-21 1.54E-18
 1.90E-17 2.23E-16 1.47E-15 5.35E-15 9.13E-15 1.04E-14
  138.331    7  14 /pl=01:ss=16:pb= 1:sz=16/type=excit/ispb = t/isel =   43
 1.00E+10 1.00E+11 1.00E+12 1.00E+13 1.00E+14 1.00E+15 1.00E+16
 4.98E+00 7.47E+00 1.25E+01 2.49E+01 4.98E+01 1.25E+02 2.49E+02 3.74E+02
 4.98E+02 7.47E+02 1.25E+03 2.49E+03 4.98E+03 7.47E+03
 1.00E-74 1.00E-74 1.00E-74 1.00E-74 1.00E-74 8.15E-28 4.69E-21 7.71E-19
 9.51E-18 1.11E-16 7.22E-16 2.56E-15 4.18E-15 4.59E-15
 1.00E-74 1.00E-74 1.00E-74 1.00E-74 1.00E-74 8.15E-28 4.69E-21 7.71E-19
 9.51E-18 1.11E-16 7.22E-16 2.56E-15 4.18E-15 4.59E-15
 1.00E-74 1.00E-74 1.00E-74 1.00E-74 1.00E-74 8.15E-28 4.69E-21 7.71E-19
 9.51E-18 1.11E-16 7.22E-16 2.56E-15 4.18E-15 4.59E-15
 1.00E-74 1.00E-74 1.00E-74 1.00E-74 1.00E-74 8.15E-28 4.69E-21 7.71E-19
 9.51E-18 1.11E-16 7.22E-16 2.56E-15 4.18E-15 4.59E-15
 1.00E-74 1.00E-74 1.00E-74 1.00E-74 1.72E-48 8.15E-28 4.69E-21 7.71E-19
 9.51E-18 1.11E-16 7.22E-16 2.56E-15 4.18E-15 4.59E-15
 1.00E-74 1.00E-74 1.00E-74 1.00E-74 2.41E-48 8.16E-28 4.69E-21 7.72E-19
 9.51E-18 1.11E-16 7.22E-16 2.56E-15 4.18E-15 4.59E-15
 1.00E-74 1.00E-74 1.00E-74 1.00E-74 2.43E-48 8.21E-28 4.72E-21 7.75E-19
 9.55E-18 1.11E-16 7.24E-16 2.57E-15 4.18E-15 4.59E-15
  140.721    7  14 /pl=01:ss=16:pb= 1:sz=16/type=excit/ispb = t/isel =   44
 1.00E+10 1.00E+11 1.00E+12 1.00E+13 1.00E+14 1.00E+15 1.00E+16
 4.98E+00 7.47E+00 1.25E+01 2.49E+01 4.98E+01 1.25E+02 2.49E+02 3.74E+02
 4.98E+02 7.47E+02 1.25E+03 2.49E+03 4.98E+03 7.47E+03
 1.00E-74 1.00E-74 1.00E-74 1.00E-74 1.00E-74 4.70E-28 2.74E-21 4.53E-19
 5.60E-18 6.56E-17 4.32E-16 1.58E-15 2.69E-15 3.07E-15
 1.00E-74 1.00E-74 1.00E-74 1.00E-74 1.00E-74 4.70E-28 2.74E-21 4.53E-19
 5.60E-18 6.56E-17 4.32E-16 1.58E-15 2.69E-15 3.07E-15
 1.00E-74 1.00E-74 1.00E-74 1.00E-74 1.00E-74 4.70E-28 2.74E-21 4.53E-19
 5.60E-18 6.56E-17 4.32E-16 1.58E-15 2.69E-15 3.07E-15
 1.00E-74 1.00E-74 1.00E-74 1.00E-74 2.41E-48 4.70E-28 2.74E-21 4.53E-19
 5.60E-18 6.56E-17 4.32E-16 1.58E-15 2.69E-15 3.07E-15
 1.00E-74 1.00E-74 1.00E-74 1.00E-74 1.45E-48 4.70E-28 2.74E-21 4.53E-19
 5.60E-18 6.56E-17 4.32E-16 1.58E-15 2.69E-15 3.07E-15
 1.00E-74 1.00E-74 1.00E-74 1.00E-74 1.33E-48 4.70E-28 2.74E-21 4.54E-19
 5.60E-18 6.56E-17 4.32E-16 1.58E-15 2.69E-15 3.07E-15
 1.00E-74 1.00E-74 1.00E-74 1.00E-74 1.33E-48 4.70E-28 2.75E-21 4.54E-19
 5.60E-18 6.57E-17 4.32E-16 1.58E-15 2.69E-15 3.07E-15
  140.954    7  14 /pl=01:ss=16:pb= 1:sz=16/type=excit/ispb = t/isel =   45
 1.00E+10 1.00E+11 1.00E+12 1.00E+13 1.00E+14 1.00E+15 1.00E+16
 4.98E+00 7.47E+00 1.25E+01 2.49E+01 4.98E+01 1.25E+02 2.49E+02 3.74E+02
 4.98E+02 7.47E+02 1.25E+03 2.49E+03 4.98E+03 7.47E+03
 1.00E-74 1.00E-74 1.00E-74 1.00E-74 1.00E-74 2.30E-27 1.33E-20 2.20E-18
 2.71E-17 3.15E-16 2.05E-15 7.21E-15 1.15E-14 1.25E-14
 1.00E-74 1.00E-74 1.00E-74 1.00E-74 1.00E-74 2.30E-27 1.33E-20 2.20E-18
 2.71E-17 3.15E-16 2.05E-15 7.21E-15 1.15E-14 1.25E-14
 1.00E-74 1.00E-74 1.00E-74 1.00E-74 1.00E-74 2.30E-27 1.33E-20 2.20E-18
 2.71E-17 3.15E-16 2.05E-15 7.21E-15 1.15E-14 1.25E-14
 1.00E-74 1.00E-74 1.00E-74 1.00E-74 8.81E-48 2.30E-27 1.33E-20 2.20E-18
 2.71E-17 3.15E-16 2.05E-15 7.21E-15 1.15E-14 1.25E-14
 1.00E-74 1.00E-74 1.00E-74 1.00E-74 7.05E-48 2.30E-27 1.33E-20 2.20E-18
 2.71E-17 3.15E-16 2.05E-15 7.21E-15 1.15E-14 1.25E-14
 1.00E-74 1.00E-74 1.00E-74 1.00E-74 6.61E-48 2.30E-27 1.33E-20 2.20E-18
 2.71E-17 3.15E-16 2.05E-15 7.21E-15 1.15E-14 1.25E-14
 1.00E-74 1.00E-74 1.00E-74 1.00E-74 6.58E-48 2.28E-27 1.32E-20 2.19E-18
 2.69E-17 3.14E-16 2.04E-15 7.19E-15 1.15E-14 1.24E-14
  250.458    7  14 /pl=01:ss=16:pb= 1:sz=16/type=excit/ispb = t/isel =   46
 1.00E+10 1.00E+11 1.00E+12 1.00E+13 1.00E+14 1.00E+15 1.00E+16
 4.98E+00 7.47E+00 1.25E+01 2.49E+01 4.98E+01 1.25E+02 2.49E+02 3.74E+02
 4.98E+02 7.47E+02 1.25E+03 2.49E+03 4.98E+03 7.47E+03
 1.00E-74 1.00E-74 1.00E-74 1.00E-74 1.00E-74 3.33E-28 2.36E-21 4.16E-19
 5.30E-18 6.41E-17 4.33E-16 1.60E-15 2.77E-15 3.17E-15
 1.00E-74 1.00E-74 1.00E-74 1.00E-74 1.00E-74 3.33E-28 2.36E-21 4.16E-19
 5.30E-18 6.41E-17 4.33E-16 1.60E-15 2.77E-15 3.17E-15
 1.00E-74 1.00E-74 1.00E-74 1.00E-74 1.00E-74 3.33E-28 2.36E-21 4.16E-19
 5.30E-18 6.41E-17 4.33E-16 1.60E-15 2.77E-15 3.17E-15
 1.00E-74 1.00E-74 1.00E-74 1.00E-74 1.00E-74 3.33E-28 2.36E-21 4.16E-19
 5.30E-18 6.41E-17 4.33E-16 1.60E-15 2.77E-15 3.17E-15
 1.00E-74 1.00E-74 1.00E-74 1.00E-74 5.35E-49 3.33E-28 2.36E-21 4.16E-19
 5.30E-18 6.41E-17 4.33E-16 1.60E-15 2.77E-15 3.17E-15
 1.00E-74 1.00E-74 1.00E-74 1.00E-74 5.35E-49 3.33E-28 2.36E-21 4.16E-19
 5.30E-18 6.42E-17 4.33E-16 1.60E-15 2.77E-15 3.17E-15
 1.00E-74 1.00E-74 1.00E-74 1.00E-74 5.33E-49 3.33E-28 2.36E-21 4.16E-19
 5.30E-18 6.42E-17 4.33E-16 1.60E-15 2.77E-15 3.17E-15
  254.864    7  14 /pl=01:ss=16:pb= 1:sz=16/type=excit/ispb = t/isel =   47
 1.00E+10 1.00E+11 1.00E+12 1.00E+13 1.00E+14 1.00E+15 1.00E+16
 4.98E+00 7.47E+00 1.25E+01 2.49E+01 4.98E+01 1.25E+02 2.49E+02 3.74E+02
 4.98E+02 7.47E+02 1.25E+03 2.49E+03 4.98E+03 7.47E+03
 1.00E-74 1.00E-74 1.00E-74 1.00E-74 1.00E-74 1.61E-28 1.12E-21 1.96E-19
 2.50E-18 3.00E-17 2.01E-16 7.27E-16 1.20E-15 1.32E-15
 1.00E-74 1.00E-74 1.00E-74 1.00E-74 1.00E-74 1.61E-28 1.12E-21 1.96E-19
 2.50E-18 3.00E-17 2.01E-16 7.27E-16 1.20E-15 1.32E-15
 1.00E-74 1.00E-74 1.00E-74 1.00E-74 1.00E-74 1.61E-28 1.12E-21 1.96E-19
 2.50E-18 3.00E-17 2.01E-16 7.27E-16 1.20E-15 1.32E-15
 1.00E-74 1.00E-74 1.00E-74 1.00E-74 1.00E-74 1.61E-28 1.12E-21 1.96E-19
 2.50E-18 3.00E-17 2.01E-16 7.27E-16 1.20E-15 1.32E-15
 1.00E-74 1.00E-74 1.00E-74 1.00E-74 5.17E-49 1.61E-28 1.12E-21 1.97E-19
 2.50E-18 3.00E-17 2.01E-16 7.27E-16 1.20E-15 1.32E-15
 1.00E-74 1.00E-74 1.00E-74 1.00E-74 2.59E-49 1.62E-28 1.13E-21 1.97E-19
 2.50E-18 3.01E-17 2.01E-16 7.27E-16 1.20E-15 1.32E-15
 1.00E-74 1.00E-74 1.00E-74 1.00E-74 2.74E-49 1.65E-28 1.15E-21 2.00E-19
 2.54E-18 3.04E-17 2.03E-16 7.33E-16 1.20E-15 1.32E-15
  259.192    7  14 /pl=01:ss=16:pb= 1:sz=16/type=excit/ispb = t/isel =   48
 1.00E+10 1.00E+11 1.00E+12 1.00E+13 1.00E+14 1.00E+15 1.00E+16
 4.98E+00 7.47E+00 1.25E+01 2.49E+01 4.98E+01 1.25E+02 2.49E+02 3.74E+02
 4.98E+02 7.47E+02 1.25E+03 2.49E+03 4.98E+03 7.47E+03
 1.00E-74 1.00E-74 1.00E-74 1.00E-74 1.00E-74 1.51E-28 1.07E-21 1.89E-19
 2.41E-18 2.92E-17 1.97E-16 7.29E-16 1.26E-15 1.44E-15
 1.00E-74 1.00E-74 1.00E-74 1.00E-74 1.00E-74 1.51E-28 1.07E-21 1.89E-19
 2.41E-18 2.92E-17 1.97E-16 7.29E-16 1.26E-15 1.44E-15
 1.00E-74 1.00E-74 1.00E-74 1.00E-74 1.00E-74 1.51E-28 1.07E-21 1.89E-19
 2.41E-18 2.92E-17 1.97E-16 7.29E-16 1.26E-15 1.44E-15
 1.00E-74 1.00E-74 1.00E-74 1.00E-74 1.00E-74 1.51E-28 1.07E-21 1.89E-19
 2.41E-18 2.92E-17 1.97E-16 7.29E-16 1.26E-15 1.44E-15
 1.00E-74 1.00E-74 1.00E-74 1.00E-74 2.43E-49 1.51E-28 1.07E-21 1.89E-19
 2.41E-18 2.92E-17 1.97E-16 7.29E-16 1.26E-15 1.44E-15
 1.00E-74 1.00E-74 1.00E-74 1.00E-74 2.43E-49 1.51E-28 1.07E-21 1.89E-19
 2.41E-18 2.92E-17 1.97E-16 7.29E-16 1.26E-15 1.44E-15
 1.00E-74 1.00E-74 1.00E-74 1.00E-74 2.42E-49 1.52E-28 1.07E-21 1.89E-19
 2.41E-18 2.92E-17 1.97E-16 7.29E-16 1.26E-15 1.44E-15
  259.998    7  14 /pl=01:ss=16:pb= 1:sz=16/type=excit/ispb = t/isel =   49
 1.00E+10 1.00E+11 1.00E+12 1.00E+13 1.00E+14 1.00E+15 1.00E+16
 4.98E+00 7.47E+00 1.25E+01 2.49E+01 4.98E+01 1.25E+02 2.49E+02 3.74E+02
 4.98E+02 7.47E+02 1.25E+03 2.49E+03 4.98E+03 7.47E+03
 1.00E-74 1.00E-74 1.00E-74 1.00E-74 1.00E-74 5.29E-28 3.71E-21 6.51E-19
 8.28E-18 9.93E-17 6.62E-16 2.37E-15 3.80E-15 4.11E-15
 1.00E-74 1.00E-74 1.00E-74 1.00E-74 1.00E-74 5.29E-28 3.71E-21 6.51E-19
 8.28E-18 9.93E-17 6.62E-16 2.37E-15 3.80E-15 4.11E-15
 1.00E-74 1.00E-74 1.00E-74 1.00E-74 1.00E-74 5.29E-28 3.71E-21 6.51E-19
 8.28E-18 9.93E-17 6.62E-16 2.37E-15 3.80E-15 4.11E-15
 1.00E-74 1.00E-74 1.00E-74 1.00E-74 1.00E-74 5.29E-28 3.71E-21 6.51E-19
 8.28E-18 9.93E-17 6.62E-16 2.37E-15 3.80E-15 4.11E-15
 1.00E-74 1.00E-74 1.00E-74 1.00E-74 7.26E-49 5.29E-28 3.71E-21 6.51E-19
 8.28E-18 9.93E-17 6.62E-16 2.37E-15 3.80E-15 4.11E-15
 1.00E-74 1.00E-74 1.00E-74 1.00E-74 8.71E-49 5.28E-28 3.70E-21 6.50E-19
 8.27E-18 9.92E-17 6.61E-16 2.36E-15 3.80E-15 4.11E-15
 1.00E-74 1.00E-74 1.00E-74 1.00E-74 8.27E-49 5.15E-28 3.63E-21 6.39E-19
 8.14E-18 9.79E-17 6.54E-16 2.34E-15 3.78E-15 4.09E-15
  635.650    7  14 /pl=01:ss=16:pb= 1:sz=16/type=excit/ispb = t/isel =   50
 1.00E+10 1.00E+11 1.00E+12 1.00E+13 1.00E+14 1.00E+15 1.00E+16
 4.98E+00 7.47E+00 1.25E+01 2.49E+01 4.98E+01 1.25E+02 2.49E+02 3.74E+02
 4.98E+02 7.47E+02 1.25E+03 2.49E+03 4.98E+03 7.47E+03
 1.00E-74 1.00E-74 1.00E-74 1.00E-74 9.25E-43 1.34E-26 2.75E-21 1.50E-19
 1.07E-18 7.27E-18 3.13E-17 8.42E-17 1.25E-16 1.36E-16
 1.00E-74 1.00E-74 1.00E-74 1.00E-74 9.25E-43 1.34E-26 2.75E-21 1.50E-19
 1.07E-18 7.27E-18 3.13E-17 8.42E-17 1.25E-16 1.36E-16
 1.00E-74 1.00E-74 1.00E-74 1.00E-74 9.25E-43 1.34E-26 2.75E-21 1.50E-19
 1.07E-18 7.27E-18 3.13E-17 8.42E-17 1.25E-16 1.36E-16
 1.00E-74 1.00E-74 1.00E-74 1.00E-74 9.25E-43 1.34E-26 2.75E-21 1.50E-19
 1.07E-18 7.27E-18 3.13E-17 8.42E-17 1.25E-16 1.36E-16
 1.00E-74 1.00E-74 1.00E-74 1.00E-74 9.25E-43 1.34E-26 2.75E-21 1.50E-19
 1.07E-18 7.27E-18 3.13E-17 8.42E-17 1.25E-16 1.36E-16
 1.00E-74 1.00E-74 1.00E-74 1.00E-74 9.25E-43 1.34E-26 2.75E-21 1.50E-19
 1.07E-18 7.27E-18 3.13E-17 8.42E-17 1.25E-16 1.36E-16
 1.00E-74 1.00E-74 1.00E-74 1.00E-74 9.25E-43 1.34E-26 2.75E-21 1.50E-19
 1.07E-18 7.27E-18 3.13E-17 8.42E-17 1.25E-16 1.36E-16
c-------------------------------------------------------------------------------
 
C  root partition information
C  ==========================
C
C  nuclear charge : 18
C  ion charge+1   : 17
C
C  population calculation information
C  ----------------------------------
C
C  population processing code: adas810
C
C  adf04 source file    : adf04_copmm#18_ca_40#ar16_t3.dat
C  adf18/a17_p208 file  : NULL
C
C  meta. ion. coeff. selector  : 
 
C  options  : lnorm =T  lpsel =F  lzsel =T  liosel=F
C           : lhsel =F  lrsel =F  lisel =F  lnsel =F
 
C  energy levels
C  -------------
C
C   lv      configuration    (2S+1)L(w-1/2)      energy (cm^-1)
C  ---   ------------------- --------------      --------------
c    1   21                     (0)0(  0.0)             0.0
c    2   11512                  (0)0(  1.5)      25092532.8
c    3   11513                  (0)0(  5.5)      25249852.2
c    4   11514                  (0)0(  1.5)      29664373.7
c    5   11515                  (0)0(  5.5)      29708586.8
c    6   11516                  (0)0(  9.5)      29727725.0
c    7   11517                  (0)0(  1.5)      31245896.1
c    8   11518                  (0)0(  5.5)      31264222.2
c    9   11519                  (0)0(  9.5)      31272342.7
c   10   1151B                  (0)0(  1.5)      31973673.6
c   11   1151C                  (0)0(  5.5)      31982968.3
c   12   1151D                  (0)0(  9.5)      31987127.4
c   13   1151G                  (0)0(  1.5)      32367586.4
c   14   1151H                  (0)0(  5.5)      32372941.6
c   15   1151I                  (0)0(  9.5)      32375333.9
 
 
 
c-------------------------------------------------------------------------------
 
C  superstage partition information
C  ================================
C
C  element symbol   : Ar
C  parent template  : 
C  partition level  :  1
C  superstage label : 16
C
C  tabulation       : photon emissivity coefft (te,ne)
C  units            : ph. emis coef(cm^3 s^-1); te (ev); ne (cm^-3)
C
C  photon emissivity atomic transitions
C  ------------------------------------
C  
C   isel  wvlen(A)            transition                type  ispb nspb
C                                                             ispp nspp sz    tg pr wr
C  ----- ---------- ----------------------------------- ----- ---- ---- --    -- -- --
C      1   3.08877   15(0)0(  9.5)-  1(0)0(  0.0)       excit   1    1  16    14 49  1
C      2   3.08900   14(0)0(  5.5)-  1(0)0(  0.0)       excit   1    1  16    13  9  2
C      3   3.12626   12(0)0(  9.5)-  1(0)0(  0.0)       excit   1    1  16    11 46  3
C      4   3.12666   11(0)0(  5.5)-  1(0)0(  0.0)       excit   1    1  16    10  6  4
C      5   3.19771    9(0)0(  9.5)-  1(0)0(  0.0)       excit   1    1  16     8 43  5
C      6   3.19854    8(0)0(  5.5)-  1(0)0(  0.0)       excit   1    1  16     7  3  6
C      7   3.36386    6(0)0(  9.5)-  1(0)0(  0.0)       excit   1    1  16     5 42  7
C      8   3.36603    5(0)0(  5.5)-  1(0)0(  0.0)       excit   1    1  16     4  2  8
C      9   3.96042    3(0)0(  5.5)-  1(0)0(  0.0)       excit   1    1  16     2  1  9
C     10   13.7355   14(0)0(  5.5)-  2(0)0(  1.5)       excit   1    1  16    26 15 10
C     11   14.0341   15(0)0(  9.5)-  3(0)0(  5.5)       excit   1    1  16    39 21 11
C     12   14.0494   13(0)0(  1.5)-  3(0)0(  5.5)       excit   1    1  16    37 24 12
C     13   14.5129   11(0)0(  5.5)-  2(0)0(  1.5)       excit   1    1  16    23 10 13
C     14   14.8428   12(0)0(  9.5)-  3(0)0(  5.5)       excit   1    1  16    36 16 14
C     15   14.8520   11(0)0(  5.5)-  3(0)0(  5.5)       excit   1    1  16    35 50 15
C     16   14.8725   10(0)0(  1.5)-  3(0)0(  5.5)       excit   1    1  16    34 17 16
C     17   16.2030    8(0)0(  5.5)-  2(0)0(  1.5)       excit   1    1  16    20  8 17
C     18   16.6044    9(0)0(  9.5)-  3(0)0(  5.5)       excit   1    1  16    33 12 18
C     19   16.6268    8(0)0(  5.5)-  3(0)0(  5.5)       excit   1    1  16    32 48 19
C     20   16.6777    7(0)0(  1.5)-  3(0)0(  5.5)       excit   1    1  16    31 11 20
C     21   21.5741    6(0)0(  9.5)-  2(0)0(  1.5)       excit   1    1  16    18 47 21
C     22   21.6635    5(0)0(  5.5)-  2(0)0(  1.5)       excit   1    1  16    17  4 22
C     23   22.3320    6(0)0(  9.5)-  3(0)0(  5.5)       excit   1    1  16    30  7 23
C     24   22.4279    5(0)0(  5.5)-  3(0)0(  5.5)       excit   1    1  16    29 44 24
C     25   22.6525    4(0)0(  1.5)-  3(0)0(  5.5)       excit   1    1  16    28  5 25
C     26   36.9199   14(0)0(  5.5)-  4(0)0(  1.5)       excit   1    1  16    49 22 26
C     27   37.4989   15(0)0(  9.5)-  5(0)0(  5.5)       excit   1    1  16    60 30 27
C     28   37.6081   13(0)0(  1.5)-  5(0)0(  5.5)       excit   1    1  16    58 27 28
C     29   37.8041   14(0)0(  5.5)-  6(0)0(  9.5)       excit   1    1  16    68 41 29
C     30   43.1296   11(0)0(  5.5)-  4(0)0(  1.5)       excit   1    1  16    46 18 30
C     31   43.8877   12(0)0(  9.5)-  5(0)0(  5.5)       excit   1    1  16    57 25 31
C     32   44.1484   10(0)0(  1.5)-  5(0)0(  5.5)       excit   1    1  16    55 20 32
C     33   44.3411   11(0)0(  5.5)-  6(0)0(  9.5)       excit   1    1  16    65 37 33
C     34   62.5059    8(0)0(  5.5)-  4(0)0(  1.5)       excit   1    1  16    43 14 34
C     35   63.9486    9(0)0(  9.5)-  5(0)0(  5.5)       excit   1    1  16    54 19 35
C     36   65.0487    7(0)0(  1.5)-  5(0)0(  5.5)       excit   1    1  16    52 13 36
C     37   65.0831    8(0)0(  5.5)-  6(0)0(  9.5)       excit   1    1  16    62 28 37
C     38   88.7276   14(0)0(  5.5)-  7(0)0(  1.5)       excit   1    1  16    76 29 38
C     39   90.0000   15(0)0(  9.5)-  8(0)0(  5.5)       excit   1    1  16    84 36 39
C     40   90.6319   13(0)0(  1.5)-  8(0)0(  5.5)       excit   1    1  16    82 31 40
C     41   90.8596   14(0)0(  5.5)-  9(0)0(  9.5)       excit   1    1  16    89 39 41
C     42   135.672   11(0)0(  5.5)-  7(0)0(  1.5)       excit   1    1  16    73 26 42
C     43   138.331   12(0)0(  9.5)-  8(0)0(  5.5)       excit   1    1  16    81 32 43
C     44   140.721   11(0)0(  5.5)-  9(0)0(  9.5)       excit   1    1  16    86 35 44
C     45   140.954   10(0)0(  1.5)-  8(0)0(  5.5)       excit   1    1  16    79 23 45
C     46   250.458   14(0)0(  5.5)- 10(0)0(  1.5)       excit   1    1  16    94 34 46
C     47   254.864   15(0)0(  9.5)- 11(0)0(  5.5)       excit   1    1  16    99 40 47
C     48   259.192   14(0)0(  5.5)- 12(0)0(  9.5)       excit   1    1  16   101 38 48
C     49   259.998   13(0)0(  1.5)- 11(0)0(  5.5)       excit   1    1  16    97 33 49
C     50   635.650    3(0)0(  5.5)-  2(0)0(  1.5)       excit   1    1  16    15 45 50
c-------------------------------------------------------------------------------
                                                                                
C  code     : adas810
C  producer : Adam Foster
C  date     : 13/05/09
                                                                                
c-------------------------------------------------------------------------------
