   50    /Ar: 7 photon emissivity coefficients/
--------------------------------------------------------------------------------
    1    1    1    1    1    1    1    1    1    1    1    1    1    1
    1    1    1    1    1
--------------------------------------------------------------------------------
//#01/p00/ 00/p01/ 01/p02/ 02/p03/ 03/p04/ 04/p05/ 05/p06/ 06/p07/ 07/p08/ 08/  
      p09/ 09/p10/ 10/p11/ 11/p12/ 12/p13/ 13/p14/ 14/p15/ 15/p16/ 16/p17/ 17/  
      p18/ 18/                                                                  
--------------------------------------------------------------------------------
  30.5741    7  14 /pl=01:ss= 7:pb= 1:sz= 7/type=excit/ispb = t/isel =    1
 1.00E+10 1.00E+11 1.00E+12 1.00E+13 1.00E+14 1.00E+15 1.00E+16
 1.10E+00 1.65E+00 2.76E+00 5.51E+00 1.10E+01 2.76E+01 5.51E+01 8.27E+01
 1.10E+02 1.65E+02 2.76E+02 5.51E+02 1.10E+03 1.65E+03
 1.00E-74 1.00E-74 1.00E-74 2.64E-42 1.49E-26 3.62E-17 4.06E-14 3.94E-13
 1.18E-12 3.41E-12 7.61E-12 1.32E-11 1.71E-11 1.85E-11
 1.00E-74 1.00E-74 1.00E-74 2.64E-42 1.49E-26 3.62E-17 4.06E-14 3.94E-13
 1.18E-12 3.41E-12 7.61E-12 1.32E-11 1.71E-11 1.85E-11
 1.00E-74 1.00E-74 1.00E-74 2.64E-42 1.49E-26 3.62E-17 4.06E-14 3.94E-13
 1.18E-12 3.41E-12 7.61E-12 1.32E-11 1.71E-11 1.85E-11
 1.00E-74 1.00E-74 1.00E-74 2.64E-42 1.49E-26 3.62E-17 4.06E-14 3.94E-13
 1.18E-12 3.41E-12 7.61E-12 1.32E-11 1.71E-11 1.85E-11
 1.00E-74 1.00E-74 1.00E-74 2.64E-42 1.49E-26 3.62E-17 4.06E-14 3.94E-13
 1.18E-12 3.40E-12 7.57E-12 1.31E-11 1.70E-11 1.84E-11
 1.00E-74 1.00E-74 1.00E-74 2.69E-42 1.50E-26 3.61E-17 4.03E-14 3.91E-13
 1.17E-12 3.35E-12 7.44E-12 1.28E-11 1.66E-11 1.80E-11
 1.00E-74 1.00E-74 1.00E-74 3.17E-42 1.61E-26 3.55E-17 3.85E-14 3.70E-13
 1.10E-12 3.15E-12 6.98E-12 1.20E-11 1.56E-11 1.68E-11
  36.5265    7  14 /pl=01:ss= 7:pb= 1:sz= 7/type=excit/ispb = t/isel =    2
 1.00E+10 1.00E+11 1.00E+12 1.00E+13 1.00E+14 1.00E+15 1.00E+16
 1.10E+00 1.65E+00 2.76E+00 5.51E+00 1.10E+01 2.76E+01 5.51E+01 8.27E+01
 1.10E+02 1.65E+02 2.76E+02 5.51E+02 1.10E+03 1.65E+03
 1.00E-74 1.00E-74 1.00E-74 1.59E-35 9.27E-23 5.13E-15 1.98E-12 1.38E-11
 3.54E-11 8.68E-11 1.66E-10 2.46E-10 2.71E-10 2.68E-10
 1.00E-74 1.00E-74 1.00E-74 1.59E-35 9.27E-23 5.13E-15 1.98E-12 1.38E-11
 3.54E-11 8.68E-11 1.66E-10 2.46E-10 2.71E-10 2.68E-10
 1.00E-74 1.00E-74 1.00E-74 1.59E-35 9.27E-23 5.13E-15 1.98E-12 1.38E-11
 3.54E-11 8.68E-11 1.66E-10 2.46E-10 2.71E-10 2.68E-10
 1.00E-74 1.00E-74 1.00E-74 1.59E-35 9.27E-23 5.13E-15 1.98E-12 1.38E-11
 3.54E-11 8.68E-11 1.66E-10 2.46E-10 2.71E-10 2.67E-10
 1.00E-74 1.00E-74 1.00E-74 1.59E-35 9.28E-23 5.12E-15 1.97E-12 1.38E-11
 3.53E-11 8.65E-11 1.65E-10 2.44E-10 2.69E-10 2.66E-10
 1.00E-74 1.00E-74 1.00E-74 1.60E-35 9.33E-23 5.11E-15 1.96E-12 1.36E-11
 3.49E-11 8.51E-11 1.62E-10 2.38E-10 2.63E-10 2.60E-10
 1.00E-74 1.00E-74 1.00E-74 1.65E-35 9.78E-23 5.01E-15 1.84E-12 1.26E-11
 3.21E-11 7.81E-11 1.49E-10 2.20E-10 2.45E-10 2.43E-10
  36.8368    7  14 /pl=01:ss= 7:pb= 1:sz= 7/type=excit/ispb = t/isel =    3
 1.00E+10 1.00E+11 1.00E+12 1.00E+13 1.00E+14 1.00E+15 1.00E+16
 1.10E+00 1.65E+00 2.76E+00 5.51E+00 1.10E+01 2.76E+01 5.51E+01 8.27E+01
 1.10E+02 1.65E+02 2.76E+02 5.51E+02 1.10E+03 1.65E+03
 1.00E-74 1.00E-74 1.00E-74 7.60E-36 9.59E-23 5.48E-15 1.75E-12 1.11E-11
 2.69E-11 6.27E-11 1.16E-10 1.72E-10 1.98E-10 2.01E-10
 1.00E-74 1.00E-74 1.00E-74 7.60E-36 9.59E-23 5.48E-15 1.75E-12 1.11E-11
 2.69E-11 6.27E-11 1.16E-10 1.72E-10 1.98E-10 2.01E-10
 1.00E-74 1.00E-74 1.00E-74 7.60E-36 9.59E-23 5.48E-15 1.75E-12 1.11E-11
 2.69E-11 6.27E-11 1.16E-10 1.72E-10 1.98E-10 2.01E-10
 1.00E-74 1.00E-74 1.00E-74 7.61E-36 9.60E-23 5.49E-15 1.75E-12 1.11E-11
 2.69E-11 6.28E-11 1.16E-10 1.72E-10 1.98E-10 2.01E-10
 1.00E-74 1.00E-74 1.00E-74 7.75E-36 9.72E-23 5.52E-15 1.76E-12 1.11E-11
 2.70E-11 6.29E-11 1.16E-10 1.72E-10 1.98E-10 2.01E-10
 1.00E-74 1.00E-74 1.00E-74 9.19E-36 1.05E-22 5.62E-15 1.77E-12 1.12E-11
 2.70E-11 6.28E-11 1.16E-10 1.71E-10 1.97E-10 2.00E-10
 1.00E-74 1.00E-74 1.00E-74 2.59E-35 1.28E-22 5.36E-15 1.62E-12 1.01E-11
 2.45E-11 5.70E-11 1.06E-10 1.58E-10 1.84E-10 1.88E-10
  43.1864    7  14 /pl=01:ss= 7:pb= 1:sz= 7/type=excit/ispb = t/isel =    4
 1.00E+10 1.00E+11 1.00E+12 1.00E+13 1.00E+14 1.00E+15 1.00E+16
 1.10E+00 1.65E+00 2.76E+00 5.51E+00 1.10E+01 2.76E+01 5.51E+01 8.27E+01
 1.10E+02 1.65E+02 2.76E+02 5.51E+02 1.10E+03 1.65E+03
 1.00E-74 1.00E-74 1.00E-74 2.82E-31 4.03E-20 1.59E-13 2.13E-11 1.02E-10
 2.15E-10 4.38E-10 7.35E-10 1.02E-09 1.14E-09 1.16E-09
 1.00E-74 1.00E-74 1.00E-74 2.82E-31 4.03E-20 1.59E-13 2.13E-11 1.02E-10
 2.15E-10 4.38E-10 7.35E-10 1.02E-09 1.14E-09 1.16E-09
 1.00E-74 1.00E-74 1.00E-74 2.83E-31 4.04E-20 1.59E-13 2.14E-11 1.02E-10
 2.16E-10 4.39E-10 7.36E-10 1.02E-09 1.14E-09 1.16E-09
 1.00E-74 1.00E-74 1.00E-74 2.93E-31 4.15E-20 1.62E-13 2.17E-11 1.03E-10
 2.19E-10 4.44E-10 7.43E-10 1.03E-09 1.15E-09 1.16E-09
 1.00E-74 1.00E-74 1.00E-74 3.94E-31 5.14E-20 1.87E-13 2.43E-11 1.15E-10
 2.41E-10 4.84E-10 8.00E-10 1.09E-09 1.20E-09 1.20E-09
 1.00E-74 1.00E-74 1.00E-74 1.30E-30 1.10E-19 2.72E-13 3.19E-11 1.46E-10
 3.02E-10 5.97E-10 9.67E-10 1.28E-09 1.38E-09 1.37E-09
 1.00E-74 1.00E-74 1.00E-74 5.48E-30 1.78E-19 2.89E-13 3.13E-11 1.41E-10
 2.92E-10 5.78E-10 9.46E-10 1.27E-09 1.39E-09 1.39E-09
  47.3519    7  14 /pl=01:ss= 7:pb= 1:sz= 7/type=excit/ispb = t/isel =    5
 1.00E+10 1.00E+11 1.00E+12 1.00E+13 1.00E+14 1.00E+15 1.00E+16
 1.10E+00 1.65E+00 2.76E+00 5.51E+00 1.10E+01 2.76E+01 5.51E+01 8.27E+01
 1.10E+02 1.65E+02 2.76E+02 5.51E+02 1.10E+03 1.65E+03
 1.00E-74 1.00E-74 1.00E-74 1.20E-29 1.76E-19 1.81E-13 1.59E-11 6.64E-11
 1.31E-10 2.48E-10 3.83E-10 4.76E-10 4.71E-10 4.43E-10
 1.00E-74 1.00E-74 1.00E-74 1.20E-29 1.76E-19 1.81E-13 1.59E-11 6.64E-11
 1.31E-10 2.48E-10 3.83E-10 4.76E-10 4.71E-10 4.43E-10
 1.00E-74 1.00E-74 4.08E-50 1.20E-29 1.76E-19 1.81E-13 1.59E-11 6.62E-11
 1.31E-10 2.47E-10 3.82E-10 4.75E-10 4.71E-10 4.43E-10
 1.00E-74 1.00E-74 4.08E-50 1.20E-29 1.75E-19 1.78E-13 1.55E-11 6.48E-11
 1.28E-10 2.42E-10 3.74E-10 4.66E-10 4.64E-10 4.37E-10
 1.00E-74 1.00E-74 4.07E-50 1.19E-29 1.64E-19 1.52E-13 1.28E-11 5.30E-11
 1.05E-10 1.99E-10 3.11E-10 3.96E-10 4.03E-10 3.85E-10
 1.00E-74 1.00E-74 3.97E-50 1.08E-29 1.03E-19 6.20E-14 4.61E-12 1.87E-11
 3.68E-11 7.07E-11 1.15E-10 1.56E-10 1.73E-10 1.75E-10
 1.00E-74 1.00E-74 3.18E-50 5.55E-30 2.08E-20 8.04E-15 5.52E-13 2.21E-12
 4.37E-12 8.50E-12 1.42E-11 2.04E-11 2.42E-11 2.55E-11
  96.2186    7  14 /pl=01:ss= 7:pb= 1:sz= 7/type=excit/ispb = t/isel =    6
 1.00E+10 1.00E+11 1.00E+12 1.00E+13 1.00E+14 1.00E+15 1.00E+16
 1.10E+00 1.65E+00 2.76E+00 5.51E+00 1.10E+01 2.76E+01 5.51E+01 8.27E+01
 1.10E+02 1.65E+02 2.76E+02 5.51E+02 1.10E+03 1.65E+03
 1.00E-74 4.93E-45 1.29E-31 1.28E-21 1.08E-16 7.73E-14 5.90E-13 1.10E-12
 1.46E-12 1.93E-12 2.37E-12 2.73E-12 2.89E-12 2.89E-12
 1.00E-74 4.89E-45 1.29E-31 1.28E-21 1.08E-16 7.73E-14 5.90E-13 1.10E-12
 1.46E-12 1.93E-12 2.37E-12 2.73E-12 2.89E-12 2.89E-12
 1.00E-74 4.91E-45 1.29E-31 1.29E-21 1.08E-16 7.74E-14 5.90E-13 1.10E-12
 1.47E-12 1.93E-12 2.37E-12 2.73E-12 2.89E-12 2.89E-12
 1.00E-74 5.03E-45 1.32E-31 1.31E-21 1.10E-16 7.83E-14 5.96E-13 1.11E-12
 1.47E-12 1.94E-12 2.37E-12 2.73E-12 2.89E-12 2.88E-12
 1.00E-74 5.95E-45 1.52E-31 1.48E-21 1.23E-16 8.56E-14 6.41E-13 1.18E-12
 1.56E-12 2.02E-12 2.43E-12 2.74E-12 2.86E-12 2.84E-12
 1.00E-74 8.49E-45 2.07E-31 1.92E-21 1.54E-16 1.05E-13 7.71E-13 1.39E-12
 1.81E-12 2.28E-12 2.62E-12 2.76E-12 2.71E-12 2.63E-12
 1.00E-74 1.76E-44 3.84E-31 3.09E-21 2.16E-16 1.28E-13 8.91E-13 1.58E-12
 2.03E-12 2.51E-12 2.81E-12 2.80E-12 2.55E-12 2.37E-12
  99.9405    7  14 /pl=01:ss= 7:pb= 1:sz= 7/type=excit/ispb = t/isel =    7
 1.00E+10 1.00E+11 1.00E+12 1.00E+13 1.00E+14 1.00E+15 1.00E+16
 1.10E+00 1.65E+00 2.76E+00 5.51E+00 1.10E+01 2.76E+01 5.51E+01 8.27E+01
 1.10E+02 1.65E+02 2.76E+02 5.51E+02 1.10E+03 1.65E+03
 1.00E-74 1.56E-43 1.31E-30 5.62E-21 3.14E-16 1.76E-13 1.24E-12 2.24E-12
 2.95E-12 3.81E-12 4.60E-12 5.18E-12 5.40E-12 5.36E-12
 1.00E-74 1.56E-43 1.31E-30 5.62E-21 3.14E-16 1.76E-13 1.24E-12 2.24E-12
 2.95E-12 3.81E-12 4.60E-12 5.18E-12 5.40E-12 5.36E-12
 1.00E-74 1.56E-43 1.31E-30 5.62E-21 3.14E-16 1.76E-13 1.24E-12 2.24E-12
 2.95E-12 3.81E-12 4.60E-12 5.18E-12 5.40E-12 5.36E-12
 1.00E-74 1.58E-43 1.32E-30 5.66E-21 3.16E-16 1.77E-13 1.24E-12 2.25E-12
 2.95E-12 3.81E-12 4.60E-12 5.18E-12 5.40E-12 5.35E-12
 1.00E-74 1.74E-43 1.43E-30 6.00E-21 3.30E-16 1.83E-13 1.27E-12 2.29E-12
 3.00E-12 3.86E-12 4.61E-12 5.16E-12 5.35E-12 5.30E-12
 1.00E-74 2.61E-43 2.00E-30 7.79E-21 4.06E-16 2.14E-13 1.45E-12 2.56E-12
 3.31E-12 4.14E-12 4.78E-12 5.12E-12 5.13E-12 5.03E-12
 1.00E-74 5.59E-43 3.82E-30 1.28E-20 5.79E-16 2.66E-13 1.70E-12 2.94E-12
 3.74E-12 4.58E-12 5.09E-12 5.11E-12 4.74E-12 4.45E-12
  106.438    7  14 /pl=01:ss= 7:pb= 1:sz= 7/type=excit/ispb = t/isel =    8
 1.00E+10 1.00E+11 1.00E+12 1.00E+13 1.00E+14 1.00E+15 1.00E+16
 1.10E+00 1.65E+00 2.76E+00 5.51E+00 1.10E+01 2.76E+01 5.51E+01 8.27E+01
 1.10E+02 1.65E+02 2.76E+02 5.51E+02 1.10E+03 1.65E+03
 1.00E-74 3.01E-41 4.03E-29 4.46E-20 1.30E-15 5.00E-13 3.12E-12 5.41E-12
 7.02E-12 8.81E-12 1.05E-11 1.16E-11 1.18E-11 1.16E-11
 1.00E-74 3.01E-41 4.03E-29 4.46E-20 1.30E-15 5.00E-13 3.12E-12 5.41E-12
 7.02E-12 8.81E-12 1.05E-11 1.16E-11 1.18E-11 1.16E-11
 1.00E-74 3.01E-41 4.04E-29 4.46E-20 1.30E-15 5.00E-13 3.12E-12 5.41E-12
 7.02E-12 8.81E-12 1.05E-11 1.16E-11 1.18E-11 1.16E-11
 1.00E-74 3.03E-41 4.05E-29 4.47E-20 1.30E-15 5.01E-13 3.12E-12 5.41E-12
 7.02E-12 8.81E-12 1.05E-11 1.16E-11 1.18E-11 1.16E-11
 1.00E-74 3.21E-41 4.24E-29 4.61E-20 1.32E-15 5.06E-13 3.14E-12 5.44E-12
 7.04E-12 8.81E-12 1.04E-11 1.15E-11 1.17E-11 1.15E-11
 1.00E-74 4.67E-41 5.75E-29 5.75E-20 1.54E-15 5.56E-13 3.35E-12 5.71E-12
 7.31E-12 9.02E-12 1.05E-11 1.13E-11 1.14E-11 1.12E-11
 1.00E-74 1.14E-40 1.25E-28 1.06E-19 2.41E-15 7.35E-13 4.11E-12 6.79E-12
 8.48E-12 1.02E-11 1.12E-11 1.13E-11 1.07E-11 1.02E-11
  110.584    7  14 /pl=01:ss= 7:pb= 1:sz= 7/type=excit/ispb = t/isel =    9
 1.00E+10 1.00E+11 1.00E+12 1.00E+13 1.00E+14 1.00E+15 1.00E+16
 1.10E+00 1.65E+00 2.76E+00 5.51E+00 1.10E+01 2.76E+01 5.51E+01 8.27E+01
 1.10E+02 1.65E+02 2.76E+02 5.51E+02 1.10E+03 1.65E+03
 1.00E-74 9.47E-45 3.16E-31 3.71E-21 3.38E-16 2.52E-13 1.92E-12 3.51E-12
 4.59E-12 5.75E-12 6.42E-12 6.18E-12 5.25E-12 4.62E-12
 1.00E-74 9.66E-45 3.16E-31 3.71E-21 3.38E-16 2.52E-13 1.92E-12 3.51E-12
 4.59E-12 5.75E-12 6.42E-12 6.18E-12 5.25E-12 4.62E-12
 1.00E-74 9.68E-45 3.16E-31 3.71E-21 3.38E-16 2.52E-13 1.92E-12 3.51E-12
 4.59E-12 5.75E-12 6.42E-12 6.18E-12 5.25E-12 4.62E-12
 1.00E-74 9.71E-45 3.17E-31 3.72E-21 3.39E-16 2.52E-13 1.92E-12 3.52E-12
 4.59E-12 5.76E-12 6.42E-12 6.19E-12 5.26E-12 4.62E-12
 1.00E-74 1.02E-44 3.29E-31 3.82E-21 3.46E-16 2.56E-13 1.94E-12 3.55E-12
 4.64E-12 5.80E-12 6.47E-12 6.25E-12 5.33E-12 4.69E-12
 1.00E-74 1.45E-44 4.41E-31 4.84E-21 4.21E-16 2.99E-13 2.21E-12 4.00E-12
 5.18E-12 6.42E-12 7.12E-12 6.89E-12 5.95E-12 5.28E-12
 1.00E-74 3.49E-44 9.46E-31 8.95E-21 6.76E-16 4.19E-13 2.94E-12 5.22E-12
 6.71E-12 8.28E-12 9.17E-12 8.97E-12 7.92E-12 7.15E-12
  112.186    7  14 /pl=01:ss= 7:pb= 1:sz= 7/type=excit/ispb = t/isel =   10
 1.00E+10 1.00E+11 1.00E+12 1.00E+13 1.00E+14 1.00E+15 1.00E+16
 1.10E+00 1.65E+00 2.76E+00 5.51E+00 1.10E+01 2.76E+01 5.51E+01 8.27E+01
 1.10E+02 1.65E+02 2.76E+02 5.51E+02 1.10E+03 1.65E+03
 1.00E-74 1.48E-44 3.24E-31 2.84E-21 2.24E-16 1.52E-13 1.11E-12 2.00E-12
 2.58E-12 3.17E-12 3.44E-12 3.21E-12 2.65E-12 2.29E-12
 1.00E-74 1.46E-44 3.24E-31 2.84E-21 2.24E-16 1.52E-13 1.11E-12 2.00E-12
 2.58E-12 3.17E-12 3.44E-12 3.21E-12 2.65E-12 2.29E-12
 1.00E-74 1.46E-44 3.24E-31 2.84E-21 2.24E-16 1.52E-13 1.11E-12 2.00E-12
 2.58E-12 3.17E-12 3.44E-12 3.21E-12 2.65E-12 2.29E-12
 1.00E-74 1.45E-44 3.20E-31 2.81E-21 2.22E-16 1.51E-13 1.11E-12 1.99E-12
 2.56E-12 3.15E-12 3.43E-12 3.20E-12 2.64E-12 2.29E-12
 1.00E-74 1.33E-44 2.94E-31 2.58E-21 2.05E-16 1.41E-13 1.04E-12 1.89E-12
 2.44E-12 3.02E-12 3.30E-12 3.11E-12 2.59E-12 2.25E-12
 1.00E-74 1.02E-44 2.17E-31 1.85E-21 1.45E-16 1.01E-13 7.64E-13 1.41E-12
 1.85E-12 2.33E-12 2.63E-12 2.60E-12 2.28E-12 2.04E-12
 1.00E-74 1.55E-44 2.87E-31 2.06E-21 1.37E-16 7.98E-14 5.57E-13 9.94E-13
 1.29E-12 1.60E-12 1.81E-12 1.82E-12 1.66E-12 1.53E-12
  115.023    7  14 /pl=01:ss= 7:pb= 1:sz= 7/type=excit/ispb = t/isel =   11
 1.00E+10 1.00E+11 1.00E+12 1.00E+13 1.00E+14 1.00E+15 1.00E+16
 1.10E+00 1.65E+00 2.76E+00 5.51E+00 1.10E+01 2.76E+01 5.51E+01 8.27E+01
 1.10E+02 1.65E+02 2.76E+02 5.51E+02 1.10E+03 1.65E+03
 1.00E-74 2.15E-43 2.48E-30 1.34E-20 8.29E-16 4.92E-13 3.47E-12 6.21E-12
 8.03E-12 9.96E-12 1.11E-11 1.07E-11 9.14E-12 8.08E-12
 1.00E-74 2.15E-43 2.48E-30 1.34E-20 8.29E-16 4.92E-13 3.47E-12 6.21E-12
 8.03E-12 9.96E-12 1.11E-11 1.07E-11 9.14E-12 8.08E-12
 1.00E-74 2.15E-43 2.48E-30 1.34E-20 8.30E-16 4.92E-13 3.47E-12 6.21E-12
 8.03E-12 9.96E-12 1.11E-11 1.07E-11 9.14E-12 8.08E-12
 1.00E-74 2.16E-43 2.49E-30 1.34E-20 8.31E-16 4.92E-13 3.48E-12 6.21E-12
 8.04E-12 9.97E-12 1.11E-11 1.07E-11 9.14E-12 8.09E-12
 1.00E-74 2.22E-43 2.54E-30 1.37E-20 8.44E-16 4.98E-13 3.51E-12 6.26E-12
 8.09E-12 1.00E-11 1.11E-11 1.07E-11 9.18E-12 8.12E-12
 1.00E-74 2.94E-43 3.19E-30 1.63E-20 9.67E-16 5.51E-13 3.81E-12 6.73E-12
 8.65E-12 1.06E-11 1.17E-11 1.13E-11 9.72E-12 8.62E-12
 1.00E-74 7.78E-43 7.37E-30 3.16E-20 1.61E-15 7.86E-13 5.10E-12 8.83E-12
 1.12E-11 1.37E-11 1.50E-11 1.46E-11 1.28E-11 1.15E-11
  117.688    7  14 /pl=01:ss= 7:pb= 1:sz= 7/type=excit/ispb = t/isel =   12
 1.00E+10 1.00E+11 1.00E+12 1.00E+13 1.00E+14 1.00E+15 1.00E+16
 1.10E+00 1.65E+00 2.76E+00 5.51E+00 1.10E+01 2.76E+01 5.51E+01 8.27E+01
 1.10E+02 1.65E+02 2.76E+02 5.51E+02 1.10E+03 1.65E+03
 1.00E-74 6.13E-43 3.90E-30 1.34E-20 6.63E-16 3.41E-13 2.28E-12 3.96E-12
 5.04E-12 6.10E-12 6.55E-12 6.09E-12 5.01E-12 4.33E-12
 1.00E-74 6.13E-43 3.90E-30 1.34E-20 6.63E-16 3.41E-13 2.28E-12 3.96E-12
 5.04E-12 6.10E-12 6.55E-12 6.09E-12 5.01E-12 4.33E-12
 1.00E-74 6.13E-43 3.90E-30 1.34E-20 6.63E-16 3.41E-13 2.28E-12 3.96E-12
 5.04E-12 6.10E-12 6.55E-12 6.09E-12 5.01E-12 4.33E-12
 1.00E-74 6.11E-43 3.89E-30 1.34E-20 6.61E-16 3.40E-13 2.27E-12 3.95E-12
 5.03E-12 6.09E-12 6.54E-12 6.08E-12 5.00E-12 4.32E-12
 1.00E-74 5.95E-43 3.77E-30 1.30E-20 6.41E-16 3.31E-13 2.22E-12 3.87E-12
 4.93E-12 5.98E-12 6.43E-12 6.00E-12 4.95E-12 4.29E-12
 1.00E-74 5.18E-43 3.18E-30 1.07E-20 5.26E-16 2.74E-13 1.87E-12 3.31E-12
 4.25E-12 5.21E-12 5.71E-12 5.46E-12 4.62E-12 4.06E-12
 1.00E-74 6.61E-43 3.56E-30 1.01E-20 4.27E-16 1.93E-13 1.25E-12 2.18E-12
 2.81E-12 3.48E-12 3.91E-12 3.93E-12 3.56E-12 3.26E-12
  119.806    7  14 /pl=01:ss= 7:pb= 1:sz= 7/type=excit/ispb = t/isel =   13
 1.00E+10 1.00E+11 1.00E+12 1.00E+13 1.00E+14 1.00E+15 1.00E+16
 1.10E+00 1.65E+00 2.76E+00 5.51E+00 1.10E+01 2.76E+01 5.51E+01 8.27E+01
 1.10E+02 1.65E+02 2.76E+02 5.51E+02 1.10E+03 1.65E+03
 1.00E-74 2.00E-37 1.15E-26 1.19E-18 1.09E-14 2.17E-12 1.10E-11 1.80E-11
 2.25E-11 2.76E-11 3.16E-11 3.42E-11 3.43E-11 3.34E-11
 1.00E-74 2.00E-37 1.15E-26 1.19E-18 1.09E-14 2.17E-12 1.10E-11 1.80E-11
 2.25E-11 2.76E-11 3.16E-11 3.42E-11 3.43E-11 3.34E-11
 1.00E-74 2.00E-37 1.15E-26 1.19E-18 1.09E-14 2.17E-12 1.10E-11 1.80E-11
 2.25E-11 2.76E-11 3.16E-11 3.42E-11 3.43E-11 3.34E-11
 1.00E-74 2.01E-37 1.16E-26 1.19E-18 1.09E-14 2.17E-12 1.10E-11 1.80E-11
 2.25E-11 2.76E-11 3.16E-11 3.42E-11 3.42E-11 3.34E-11
 1.00E-74 2.09E-37 1.19E-26 1.22E-18 1.10E-14 2.19E-12 1.11E-11 1.80E-11
 2.25E-11 2.75E-11 3.15E-11 3.40E-11 3.41E-11 3.32E-11
 8.63E-51 2.88E-37 1.54E-26 1.47E-18 1.25E-14 2.33E-12 1.15E-11 1.85E-11
 2.29E-11 2.77E-11 3.14E-11 3.35E-11 3.34E-11 3.25E-11
 2.93E-50 8.06E-37 3.90E-26 3.13E-18 2.18E-14 3.29E-12 1.46E-11 2.25E-11
 2.71E-11 3.16E-11 3.41E-11 3.43E-11 3.27E-11 3.13E-11
  122.650    7  14 /pl=01:ss= 7:pb= 1:sz= 7/type=excit/ispb = t/isel =   14
 1.00E+10 1.00E+11 1.00E+12 1.00E+13 1.00E+14 1.00E+15 1.00E+16
 1.10E+00 1.65E+00 2.76E+00 5.51E+00 1.10E+01 2.76E+01 5.51E+01 8.27E+01
 1.10E+02 1.65E+02 2.76E+02 5.51E+02 1.10E+03 1.65E+03
 1.00E-74 2.22E-41 5.05E-29 8.10E-20 2.77E-15 1.15E-12 7.25E-12 1.25E-11
 1.60E-11 1.95E-11 2.15E-11 2.07E-11 1.79E-11 1.59E-11
 1.00E-74 2.22E-41 5.05E-29 8.10E-20 2.77E-15 1.15E-12 7.25E-12 1.25E-11
 1.60E-11 1.95E-11 2.15E-11 2.07E-11 1.79E-11 1.59E-11
 1.00E-74 2.22E-41 5.05E-29 8.10E-20 2.77E-15 1.15E-12 7.25E-12 1.25E-11
 1.60E-11 1.95E-11 2.15E-11 2.07E-11 1.79E-11 1.59E-11
 1.00E-74 2.22E-41 5.06E-29 8.11E-20 2.77E-15 1.15E-12 7.26E-12 1.25E-11
 1.60E-11 1.95E-11 2.15E-11 2.07E-11 1.79E-11 1.58E-11
 1.00E-74 2.26E-41 5.13E-29 8.20E-20 2.80E-15 1.16E-12 7.30E-12 1.26E-11
 1.60E-11 1.95E-11 2.15E-11 2.07E-11 1.78E-11 1.58E-11
 1.00E-74 2.74E-41 5.98E-29 9.19E-20 3.05E-15 1.23E-12 7.66E-12 1.31E-11
 1.66E-11 2.01E-11 2.21E-11 2.11E-11 1.82E-11 1.61E-11
 1.00E-74 8.05E-41 1.50E-28 1.90E-19 5.23E-15 1.77E-12 1.02E-11 1.69E-11
 2.12E-11 2.52E-11 2.74E-11 2.62E-11 2.28E-11 2.03E-11
  127.689    7  14 /pl=01:ss= 7:pb= 1:sz= 7/type=excit/ispb = t/isel =   15
 1.00E+10 1.00E+11 1.00E+12 1.00E+13 1.00E+14 1.00E+15 1.00E+16
 1.10E+00 1.65E+00 2.76E+00 5.51E+00 1.10E+01 2.76E+01 5.51E+01 8.27E+01
 1.10E+02 1.65E+02 2.76E+02 5.51E+02 1.10E+03 1.65E+03
 1.00E-74 2.02E-40 1.74E-28 1.34E-19 3.14E-15 1.03E-12 5.97E-12 9.92E-12
 1.23E-11 1.46E-11 1.54E-11 1.41E-11 1.16E-11 1.01E-11
 1.00E-74 2.02E-40 1.74E-28 1.34E-19 3.14E-15 1.03E-12 5.97E-12 9.92E-12
 1.23E-11 1.46E-11 1.54E-11 1.41E-11 1.16E-11 1.01E-11
 1.00E-74 2.02E-40 1.74E-28 1.34E-19 3.14E-15 1.03E-12 5.97E-12 9.92E-12
 1.23E-11 1.46E-11 1.54E-11 1.41E-11 1.16E-11 1.01E-11
 1.00E-74 2.01E-40 1.74E-28 1.34E-19 3.13E-15 1.03E-12 5.97E-12 9.91E-12
 1.23E-11 1.46E-11 1.54E-11 1.41E-11 1.16E-11 1.00E-11
 1.00E-74 2.00E-40 1.73E-28 1.33E-19 3.10E-15 1.03E-12 5.92E-12 9.84E-12
 1.22E-11 1.45E-11 1.53E-11 1.40E-11 1.15E-11 9.98E-12
 1.00E-74 1.95E-40 1.64E-28 1.24E-19 2.87E-15 9.49E-13 5.52E-12 9.21E-12
 1.14E-11 1.36E-11 1.45E-11 1.34E-11 1.11E-11 9.66E-12
 1.00E-74 2.33E-40 1.76E-28 1.16E-19 2.36E-15 6.99E-13 3.97E-12 6.65E-12
 8.35E-12 1.01E-11 1.11E-11 1.08E-11 9.51E-12 8.57E-12
  137.929    7  14 /pl=01:ss= 7:pb= 1:sz= 7/type=excit/ispb = t/isel =   16
 1.00E+10 1.00E+11 1.00E+12 1.00E+13 1.00E+14 1.00E+15 1.00E+16
 1.10E+00 1.65E+00 2.76E+00 5.51E+00 1.10E+01 2.76E+01 5.51E+01 8.27E+01
 1.10E+02 1.65E+02 2.76E+02 5.51E+02 1.10E+03 1.65E+03
 1.00E-74 3.99E-38 6.06E-27 1.28E-18 1.59E-14 3.66E-12 1.91E-11 3.10E-11
 3.84E-11 4.58E-11 4.98E-11 4.76E-11 4.13E-11 3.68E-11
 1.00E-74 3.99E-38 6.06E-27 1.28E-18 1.59E-14 3.66E-12 1.91E-11 3.10E-11
 3.84E-11 4.58E-11 4.98E-11 4.76E-11 4.13E-11 3.68E-11
 1.00E-74 4.00E-38 6.06E-27 1.28E-18 1.59E-14 3.66E-12 1.91E-11 3.10E-11
 3.84E-11 4.58E-11 4.98E-11 4.76E-11 4.13E-11 3.68E-11
 1.00E-74 4.00E-38 6.06E-27 1.28E-18 1.59E-14 3.66E-12 1.91E-11 3.10E-11
 3.84E-11 4.58E-11 4.97E-11 4.76E-11 4.13E-11 3.68E-11
 1.00E-74 4.05E-38 6.13E-27 1.29E-18 1.60E-14 3.68E-12 1.92E-11 3.11E-11
 3.85E-11 4.58E-11 4.97E-11 4.75E-11 4.11E-11 3.67E-11
 1.00E-74 4.68E-38 6.86E-27 1.40E-18 1.70E-14 3.82E-12 1.98E-11 3.19E-11
 3.94E-11 4.66E-11 5.03E-11 4.78E-11 4.13E-11 3.67E-11
 1.63E-51 1.41E-37 1.75E-26 2.86E-18 2.84E-14 5.29E-12 2.51E-11 3.95E-11
 4.79E-11 5.59E-11 5.96E-11 5.66E-11 4.88E-11 4.35E-11
  149.929    7  14 /pl=01:ss= 7:pb= 1:sz= 7/type=excit/ispb = t/isel =   17
 1.00E+10 1.00E+11 1.00E+12 1.00E+13 1.00E+14 1.00E+15 1.00E+16
 1.10E+00 1.65E+00 2.76E+00 5.51E+00 1.10E+01 2.76E+01 5.51E+01 8.27E+01
 1.10E+02 1.65E+02 2.76E+02 5.51E+02 1.10E+03 1.65E+03
 1.00E-74 3.91E-36 1.04E-25 5.89E-18 3.75E-14 5.67E-12 2.53E-11 3.88E-11
 4.62E-11 5.26E-11 5.41E-11 4.86E-11 3.97E-11 3.43E-11
 1.00E-74 3.91E-36 1.04E-25 5.89E-18 3.75E-14 5.67E-12 2.53E-11 3.88E-11
 4.62E-11 5.26E-11 5.41E-11 4.86E-11 3.97E-11 3.43E-11
 1.00E-74 3.91E-36 1.04E-25 5.89E-18 3.75E-14 5.67E-12 2.53E-11 3.88E-11
 4.62E-11 5.26E-11 5.41E-11 4.86E-11 3.97E-11 3.43E-11
 1.00E-74 3.91E-36 1.04E-25 5.89E-18 3.75E-14 5.67E-12 2.53E-11 3.88E-11
 4.62E-11 5.25E-11 5.40E-11 4.85E-11 3.97E-11 3.43E-11
 3.84E-49 3.92E-36 1.04E-25 5.88E-18 3.74E-14 5.65E-12 2.53E-11 3.86E-11
 4.60E-11 5.23E-11 5.37E-11 4.83E-11 3.94E-11 3.41E-11
 3.26E-49 3.98E-36 1.05E-25 5.83E-18 3.67E-14 5.51E-12 2.46E-11 3.77E-11
 4.49E-11 5.10E-11 5.23E-11 4.69E-11 3.84E-11 3.33E-11
 4.24E-49 4.84E-36 1.19E-25 6.00E-18 3.41E-14 4.69E-12 2.06E-11 3.15E-11
 3.78E-11 4.35E-11 4.56E-11 4.23E-11 3.57E-11 3.14E-11
  158.481    7  14 /pl=01:ss= 7:pb= 1:sz= 7/type=excit/ispb = t/isel =   18
 1.00E+10 1.00E+11 1.00E+12 1.00E+13 1.00E+14 1.00E+15 1.00E+16
 1.10E+00 1.65E+00 2.76E+00 5.51E+00 1.10E+01 2.76E+01 5.51E+01 8.27E+01
 1.10E+02 1.65E+02 2.76E+02 5.51E+02 1.10E+03 1.65E+03
 2.56E-40 3.88E-30 4.95E-22 5.16E-16 4.64E-13 2.41E-11 8.11E-11 1.16E-10
 1.36E-10 1.57E-10 1.72E-10 1.80E-10 1.76E-10 1.70E-10
 2.56E-40 3.88E-30 4.95E-22 5.16E-16 4.64E-13 2.41E-11 8.11E-11 1.16E-10
 1.36E-10 1.57E-10 1.72E-10 1.80E-10 1.76E-10 1.70E-10
 2.56E-40 3.89E-30 4.95E-22 5.16E-16 4.65E-13 2.41E-11 8.11E-11 1.16E-10
 1.36E-10 1.57E-10 1.72E-10 1.80E-10 1.76E-10 1.70E-10
 2.58E-40 3.90E-30 4.96E-22 5.17E-16 4.65E-13 2.41E-11 8.11E-11 1.16E-10
 1.36E-10 1.57E-10 1.72E-10 1.80E-10 1.76E-10 1.69E-10
 2.71E-40 4.07E-30 5.12E-22 5.29E-16 4.72E-13 2.43E-11 8.16E-11 1.17E-10
 1.37E-10 1.57E-10 1.72E-10 1.79E-10 1.75E-10 1.69E-10
 3.97E-40 5.64E-30 6.69E-22 6.44E-16 5.43E-13 2.64E-11 8.59E-11 1.21E-10
 1.41E-10 1.61E-10 1.73E-10 1.78E-10 1.73E-10 1.66E-10
 1.29E-39 1.75E-29 1.91E-21 1.58E-15 1.10E-12 4.19E-11 1.20E-10 1.61E-10
 1.81E-10 1.97E-10 2.02E-10 1.95E-10 1.81E-10 1.70E-10
  164.923    7  14 /pl=01:ss= 7:pb= 1:sz= 7/type=excit/ispb = t/isel =   19
 1.00E+10 1.00E+11 1.00E+12 1.00E+13 1.00E+14 1.00E+15 1.00E+16
 1.10E+00 1.65E+00 2.76E+00 5.51E+00 1.10E+01 2.76E+01 5.51E+01 8.27E+01
 1.10E+02 1.65E+02 2.76E+02 5.51E+02 1.10E+03 1.65E+03
 1.00E-74 1.13E-41 1.52E-29 1.68E-20 4.88E-16 1.88E-13 1.17E-12 2.04E-12
 2.64E-12 3.32E-12 3.94E-12 4.35E-12 4.44E-12 4.37E-12
 1.00E-74 1.13E-41 1.52E-29 1.68E-20 4.88E-16 1.88E-13 1.17E-12 2.04E-12
 2.64E-12 3.32E-12 3.94E-12 4.35E-12 4.44E-12 4.37E-12
 1.00E-74 1.13E-41 1.52E-29 1.68E-20 4.88E-16 1.88E-13 1.17E-12 2.04E-12
 2.64E-12 3.32E-12 3.94E-12 4.35E-12 4.44E-12 4.37E-12
 1.00E-74 1.14E-41 1.53E-29 1.68E-20 4.89E-16 1.89E-13 1.17E-12 2.04E-12
 2.64E-12 3.32E-12 3.94E-12 4.35E-12 4.44E-12 4.37E-12
 1.00E-74 1.21E-41 1.60E-29 1.74E-20 4.98E-16 1.91E-13 1.18E-12 2.05E-12
 2.65E-12 3.32E-12 3.93E-12 4.33E-12 4.41E-12 4.34E-12
 1.00E-74 1.76E-41 2.16E-29 2.17E-20 5.81E-16 2.09E-13 1.26E-12 2.15E-12
 2.75E-12 3.39E-12 3.94E-12 4.25E-12 4.28E-12 4.20E-12
 1.00E-74 4.28E-41 4.71E-29 4.00E-20 9.07E-16 2.76E-13 1.55E-12 2.56E-12
 3.19E-12 3.83E-12 4.23E-12 4.26E-12 4.02E-12 3.83E-12
  165.884    7  14 /pl=01:ss= 7:pb= 1:sz= 7/type=excit/ispb = t/isel =   20
 1.00E+10 1.00E+11 1.00E+12 1.00E+13 1.00E+14 1.00E+15 1.00E+16
 1.10E+00 1.65E+00 2.76E+00 5.51E+00 1.10E+01 2.76E+01 5.51E+01 8.27E+01
 1.10E+02 1.65E+02 2.76E+02 5.51E+02 1.10E+03 1.65E+03
 1.00E-74 1.00E-74 1.00E-74 3.18E-36 4.01E-23 2.29E-15 7.32E-13 4.63E-12
 1.13E-11 2.62E-11 4.85E-11 7.20E-11 8.26E-11 8.42E-11
 1.00E-74 1.00E-74 1.00E-74 3.18E-36 4.01E-23 2.29E-15 7.32E-13 4.63E-12
 1.13E-11 2.62E-11 4.85E-11 7.20E-11 8.26E-11 8.42E-11
 1.00E-74 1.00E-74 1.00E-74 3.18E-36 4.01E-23 2.29E-15 7.32E-13 4.63E-12
 1.13E-11 2.62E-11 4.85E-11 7.20E-11 8.26E-11 8.42E-11
 1.00E-74 1.00E-74 1.00E-74 3.18E-36 4.02E-23 2.29E-15 7.32E-13 4.64E-12
 1.13E-11 2.62E-11 4.85E-11 7.20E-11 8.26E-11 8.42E-11
 1.00E-74 1.00E-74 1.00E-74 3.24E-36 4.06E-23 2.31E-15 7.36E-13 4.66E-12
 1.13E-11 2.63E-11 4.86E-11 7.20E-11 8.26E-11 8.42E-11
 1.00E-74 1.00E-74 1.00E-74 3.84E-36 4.38E-23 2.35E-15 7.41E-13 4.67E-12
 1.13E-11 2.63E-11 4.84E-11 7.16E-11 8.22E-11 8.38E-11
 1.00E-74 1.00E-74 1.00E-74 1.08E-35 5.37E-23 2.24E-15 6.77E-13 4.24E-12
 1.02E-11 2.38E-11 4.42E-11 6.61E-11 7.68E-11 7.88E-11
  166.162    7  14 /pl=01:ss= 7:pb= 1:sz= 7/type=excit/ispb = t/isel =   21
 1.00E+10 1.00E+11 1.00E+12 1.00E+13 1.00E+14 1.00E+15 1.00E+16
 1.10E+00 1.65E+00 2.76E+00 5.51E+00 1.10E+01 2.76E+01 5.51E+01 8.27E+01
 1.10E+02 1.65E+02 2.76E+02 5.51E+02 1.10E+03 1.65E+03
 1.00E-74 1.00E-74 1.00E-74 1.45E-42 1.91E-26 7.21E-17 9.29E-14 9.28E-13
 2.82E-12 8.10E-12 1.73E-11 2.67E-11 2.86E-11 2.70E-11
 1.00E-74 1.00E-74 1.00E-74 1.45E-42 1.91E-26 7.21E-17 9.29E-14 9.28E-13
 2.82E-12 8.10E-12 1.73E-11 2.67E-11 2.86E-11 2.70E-11
 1.00E-74 1.00E-74 1.00E-74 1.45E-42 1.91E-26 7.21E-17 9.29E-14 9.28E-13
 2.82E-12 8.10E-12 1.73E-11 2.67E-11 2.86E-11 2.70E-11
 1.00E-74 1.00E-74 1.00E-74 1.45E-42 1.91E-26 7.21E-17 9.29E-14 9.28E-13
 2.81E-12 8.10E-12 1.73E-11 2.67E-11 2.85E-11 2.70E-11
 1.00E-74 1.00E-74 1.00E-74 1.45E-42 1.90E-26 7.20E-17 9.27E-14 9.26E-13
 2.81E-12 8.07E-12 1.72E-11 2.65E-11 2.84E-11 2.68E-11
 1.00E-74 1.00E-74 1.00E-74 1.44E-42 1.89E-26 7.09E-17 9.11E-14 9.09E-13
 2.75E-12 7.89E-12 1.68E-11 2.58E-11 2.76E-11 2.61E-11
 1.00E-74 1.00E-74 1.00E-74 1.40E-42 1.74E-26 6.19E-17 7.85E-14 7.84E-13
 2.38E-12 6.87E-12 1.47E-11 2.31E-11 2.51E-11 2.39E-11
  179.454    7  14 /pl=01:ss= 7:pb= 1:sz= 7/type=excit/ispb = t/isel =   22
 1.00E+10 1.00E+11 1.00E+12 1.00E+13 1.00E+14 1.00E+15 1.00E+16
 1.10E+00 1.65E+00 2.76E+00 5.51E+00 1.10E+01 2.76E+01 5.51E+01 8.27E+01
 1.10E+02 1.65E+02 2.76E+02 5.51E+02 1.10E+03 1.65E+03
 1.41E-43 2.81E-32 2.79E-23 1.35E-16 2.54E-13 1.94E-11 7.15E-11 1.04E-10
 1.23E-10 1.40E-10 1.47E-10 1.39E-10 1.21E-10 1.08E-10
 1.42E-43 2.81E-32 2.79E-23 1.35E-16 2.54E-13 1.94E-11 7.15E-11 1.04E-10
 1.23E-10 1.40E-10 1.47E-10 1.39E-10 1.21E-10 1.08E-10
 1.42E-43 2.81E-32 2.79E-23 1.35E-16 2.54E-13 1.94E-11 7.15E-11 1.04E-10
 1.23E-10 1.40E-10 1.47E-10 1.39E-10 1.21E-10 1.08E-10
 1.42E-43 2.82E-32 2.79E-23 1.35E-16 2.54E-13 1.94E-11 7.15E-11 1.04E-10
 1.23E-10 1.40E-10 1.47E-10 1.39E-10 1.21E-10 1.08E-10
 1.45E-43 2.86E-32 2.83E-23 1.36E-16 2.56E-13 1.95E-11 7.17E-11 1.05E-10
 1.23E-10 1.40E-10 1.47E-10 1.39E-10 1.20E-10 1.08E-10
 1.75E-43 3.34E-32 3.19E-23 1.48E-16 2.71E-13 2.02E-11 7.37E-11 1.07E-10
 1.25E-10 1.42E-10 1.48E-10 1.39E-10 1.20E-10 1.08E-10
 6.89E-43 1.13E-31 9.01E-23 3.28E-16 4.79E-13 2.87E-11 9.51E-11 1.34E-10
 1.54E-10 1.71E-10 1.76E-10 1.64E-10 1.41E-10 1.25E-10
  199.398    7  14 /pl=01:ss= 7:pb= 1:sz= 7/type=excit/ispb = t/isel =   23
 1.00E+10 1.00E+11 1.00E+12 1.00E+13 1.00E+14 1.00E+15 1.00E+16
 1.10E+00 1.65E+00 2.76E+00 5.51E+00 1.10E+01 2.76E+01 5.51E+01 8.27E+01
 1.10E+02 1.65E+02 2.76E+02 5.51E+02 1.10E+03 1.65E+03
 1.00E-74 9.12E-38 5.25E-27 5.44E-19 4.95E-15 9.91E-13 5.03E-12 8.21E-12
 1.03E-11 1.26E-11 1.44E-11 1.56E-11 1.56E-11 1.52E-11
 1.00E-74 9.12E-38 5.25E-27 5.44E-19 4.95E-15 9.91E-13 5.03E-12 8.21E-12
 1.03E-11 1.26E-11 1.44E-11 1.56E-11 1.56E-11 1.52E-11
 1.00E-74 9.12E-38 5.26E-27 5.44E-19 4.95E-15 9.91E-13 5.03E-12 8.21E-12
 1.03E-11 1.26E-11 1.44E-11 1.56E-11 1.56E-11 1.52E-11
 1.00E-74 9.16E-38 5.27E-27 5.45E-19 4.96E-15 9.92E-13 5.03E-12 8.22E-12
 1.03E-11 1.26E-11 1.44E-11 1.56E-11 1.56E-11 1.52E-11
 1.00E-74 9.54E-38 5.44E-27 5.57E-19 5.03E-15 9.98E-13 5.05E-12 8.23E-12
 1.03E-11 1.26E-11 1.44E-11 1.55E-11 1.55E-11 1.51E-11
 3.94E-51 1.31E-37 7.04E-27 6.70E-19 5.68E-15 1.06E-12 5.24E-12 8.45E-12
 1.05E-11 1.27E-11 1.43E-11 1.53E-11 1.52E-11 1.48E-11
 1.34E-50 3.68E-37 1.78E-26 1.43E-18 9.93E-15 1.50E-12 6.67E-12 1.03E-11
 1.24E-11 1.44E-11 1.56E-11 1.57E-11 1.49E-11 1.43E-11
  208.762    7  14 /pl=01:ss= 7:pb= 1:sz= 7/type=excit/ispb = t/isel =   24
 1.00E+10 1.00E+11 1.00E+12 1.00E+13 1.00E+14 1.00E+15 1.00E+16
 1.10E+00 1.65E+00 2.76E+00 5.51E+00 1.10E+01 2.76E+01 5.51E+01 8.27E+01
 1.10E+02 1.65E+02 2.76E+02 5.51E+02 1.10E+03 1.65E+03
 1.00E-74 1.00E-74 1.00E-74 1.74E-41 3.97E-26 5.88E-17 5.59E-14 5.09E-13
 1.46E-12 4.01E-12 8.23E-12 1.23E-11 1.30E-11 1.23E-11
 1.00E-74 1.00E-74 1.00E-74 1.74E-41 3.97E-26 5.88E-17 5.59E-14 5.09E-13
 1.46E-12 4.01E-12 8.23E-12 1.23E-11 1.30E-11 1.23E-11
 1.00E-74 1.00E-74 1.00E-74 1.74E-41 3.97E-26 5.88E-17 5.59E-14 5.09E-13
 1.46E-12 4.01E-12 8.23E-12 1.23E-11 1.30E-11 1.22E-11
 1.00E-74 1.00E-74 1.00E-74 1.74E-41 3.97E-26 5.87E-17 5.59E-14 5.08E-13
 1.46E-12 4.00E-12 8.23E-12 1.23E-11 1.30E-11 1.22E-11
 1.00E-74 1.00E-74 1.00E-74 1.74E-41 3.96E-26 5.86E-17 5.58E-14 5.07E-13
 1.46E-12 3.99E-12 8.18E-12 1.22E-11 1.29E-11 1.22E-11
 1.00E-74 1.00E-74 1.00E-74 1.73E-41 3.92E-26 5.76E-17 5.48E-14 4.97E-13
 1.43E-12 3.89E-12 7.97E-12 1.19E-11 1.26E-11 1.18E-11
 1.00E-74 1.00E-74 1.00E-74 1.66E-41 3.57E-26 4.94E-17 4.64E-14 4.22E-13
 1.22E-12 3.34E-12 6.93E-12 1.05E-11 1.13E-11 1.08E-11
  229.614    7  14 /pl=01:ss= 7:pb= 1:sz= 7/type=excit/ispb = t/isel =   25
 1.00E+10 1.00E+11 1.00E+12 1.00E+13 1.00E+14 1.00E+15 1.00E+16
 1.10E+00 1.65E+00 2.76E+00 5.51E+00 1.10E+01 2.76E+01 5.51E+01 8.27E+01
 1.10E+02 1.65E+02 2.76E+02 5.51E+02 1.10E+03 1.65E+03
 5.28E-37 1.09E-27 2.83E-20 8.79E-15 4.15E-12 1.33E-10 3.59E-10 4.66E-10
 5.15E-10 5.44E-10 5.27E-10 4.55E-10 3.65E-10 3.15E-10
 5.28E-37 1.09E-27 2.83E-20 8.79E-15 4.15E-12 1.33E-10 3.59E-10 4.66E-10
 5.15E-10 5.44E-10 5.27E-10 4.55E-10 3.65E-10 3.15E-10
 5.28E-37 1.09E-27 2.83E-20 8.79E-15 4.15E-12 1.33E-10 3.59E-10 4.66E-10
 5.15E-10 5.44E-10 5.27E-10 4.55E-10 3.65E-10 3.15E-10
 5.28E-37 1.09E-27 2.83E-20 8.79E-15 4.15E-12 1.33E-10 3.59E-10 4.66E-10
 5.15E-10 5.43E-10 5.27E-10 4.55E-10 3.65E-10 3.15E-10
 5.30E-37 1.09E-27 2.83E-20 8.80E-15 4.15E-12 1.33E-10 3.59E-10 4.65E-10
 5.14E-10 5.42E-10 5.25E-10 4.52E-10 3.63E-10 3.13E-10
 5.47E-37 1.12E-27 2.89E-20 8.89E-15 4.15E-12 1.32E-10 3.55E-10 4.60E-10
 5.07E-10 5.34E-10 5.16E-10 4.44E-10 3.56E-10 3.07E-10
 6.89E-37 1.37E-27 3.40E-20 9.83E-15 4.22E-12 1.24E-10 3.26E-10 4.23E-10
 4.68E-10 4.97E-10 4.87E-10 4.28E-10 3.49E-10 3.04E-10
  234.404    7  14 /pl=01:ss= 7:pb= 1:sz= 7/type=excit/ispb = t/isel =   26
 1.00E+10 1.00E+11 1.00E+12 1.00E+13 1.00E+14 1.00E+15 1.00E+16
 1.10E+00 1.65E+00 2.76E+00 5.51E+00 1.10E+01 2.76E+01 5.51E+01 8.27E+01
 1.10E+02 1.65E+02 2.76E+02 5.51E+02 1.10E+03 1.65E+03
 1.00E-74 1.00E-74 1.00E-74 2.96E-37 5.09E-24 3.50E-16 1.19E-13 7.65E-13
 1.87E-12 4.34E-12 7.93E-12 1.11E-11 1.17E-11 1.11E-11
 1.00E-74 1.00E-74 1.00E-74 2.97E-37 5.10E-24 3.51E-16 1.19E-13 7.66E-13
 1.87E-12 4.34E-12 7.94E-12 1.11E-11 1.17E-11 1.11E-11
 1.00E-74 1.00E-74 1.00E-74 3.04E-37 5.19E-24 3.55E-16 1.20E-13 7.72E-13
 1.88E-12 4.37E-12 7.98E-12 1.12E-11 1.17E-11 1.12E-11
 1.00E-74 1.00E-74 1.00E-74 3.75E-37 6.07E-24 3.95E-16 1.31E-13 8.31E-13
 2.01E-12 4.63E-12 8.37E-12 1.16E-11 1.20E-11 1.14E-11
 1.00E-74 1.00E-74 1.00E-74 1.08E-36 1.43E-23 7.37E-16 2.16E-13 1.30E-12
 3.06E-12 6.75E-12 1.16E-11 1.51E-11 1.49E-11 1.38E-11
 1.00E-74 1.00E-74 1.00E-74 7.43E-36 6.32E-23 1.94E-15 4.72E-13 2.68E-12
 6.10E-12 1.30E-11 2.16E-11 2.71E-11 2.57E-11 2.32E-11
 1.00E-74 1.00E-74 1.00E-74 3.82E-35 1.27E-22 2.56E-15 5.76E-13 3.21E-12
 7.28E-12 1.55E-11 2.60E-11 3.34E-11 3.26E-11 3.00E-11
  262.658    7  14 /pl=01:ss= 7:pb= 1:sz= 7/type=excit/ispb = t/isel =   27
 1.00E+10 1.00E+11 1.00E+12 1.00E+13 1.00E+14 1.00E+15 1.00E+16
 1.10E+00 1.65E+00 2.76E+00 5.51E+00 1.10E+01 2.76E+01 5.51E+01 8.27E+01
 1.10E+02 1.65E+02 2.76E+02 5.51E+02 1.10E+03 1.65E+03
 1.00E-74 5.86E-44 6.75E-31 3.64E-21 2.26E-16 1.34E-13 9.46E-13 1.69E-12
 2.19E-12 2.71E-12 3.02E-12 2.92E-12 2.49E-12 2.20E-12
 1.00E-74 5.86E-44 6.75E-31 3.64E-21 2.26E-16 1.34E-13 9.46E-13 1.69E-12
 2.19E-12 2.71E-12 3.02E-12 2.92E-12 2.49E-12 2.20E-12
 1.00E-74 5.86E-44 6.76E-31 3.64E-21 2.26E-16 1.34E-13 9.46E-13 1.69E-12
 2.19E-12 2.71E-12 3.02E-12 2.92E-12 2.49E-12 2.20E-12
 1.00E-74 5.88E-44 6.77E-31 3.65E-21 2.26E-16 1.34E-13 9.47E-13 1.69E-12
 2.19E-12 2.71E-12 3.02E-12 2.92E-12 2.49E-12 2.20E-12
 1.00E-74 6.04E-44 6.92E-31 3.72E-21 2.30E-16 1.36E-13 9.55E-13 1.71E-12
 2.20E-12 2.73E-12 3.03E-12 2.93E-12 2.50E-12 2.21E-12
 1.00E-74 8.01E-44 8.69E-31 4.43E-21 2.63E-16 1.50E-13 1.04E-12 1.83E-12
 2.36E-12 2.90E-12 3.20E-12 3.08E-12 2.65E-12 2.35E-12
 1.00E-74 2.12E-43 2.01E-30 8.61E-21 4.38E-16 2.14E-13 1.39E-12 2.40E-12
 3.06E-12 3.72E-12 4.09E-12 3.97E-12 3.48E-12 3.13E-12
  276.485    7  14 /pl=01:ss= 7:pb= 1:sz= 7/type=excit/ispb = t/isel =   28
 1.00E+10 1.00E+11 1.00E+12 1.00E+13 1.00E+14 1.00E+15 1.00E+16
 1.10E+00 1.65E+00 2.76E+00 5.51E+00 1.10E+01 2.76E+01 5.51E+01 8.27E+01
 1.10E+02 1.65E+02 2.76E+02 5.51E+02 1.10E+03 1.65E+03
 1.00E-74 9.71E-42 1.30E-29 1.44E-20 4.18E-16 1.61E-13 1.01E-12 1.75E-12
 2.26E-12 2.84E-12 3.37E-12 3.73E-12 3.81E-12 3.75E-12
 1.00E-74 9.71E-42 1.30E-29 1.44E-20 4.18E-16 1.61E-13 1.01E-12 1.75E-12
 2.26E-12 2.84E-12 3.37E-12 3.73E-12 3.81E-12 3.75E-12
 1.00E-74 9.71E-42 1.30E-29 1.44E-20 4.18E-16 1.61E-13 1.01E-12 1.75E-12
 2.26E-12 2.84E-12 3.37E-12 3.73E-12 3.81E-12 3.75E-12
 1.00E-74 9.77E-42 1.31E-29 1.44E-20 4.19E-16 1.62E-13 1.01E-12 1.75E-12
 2.26E-12 2.84E-12 3.37E-12 3.73E-12 3.80E-12 3.75E-12
 1.00E-74 1.04E-41 1.37E-29 1.49E-20 4.27E-16 1.63E-13 1.01E-12 1.75E-12
 2.27E-12 2.84E-12 3.36E-12 3.71E-12 3.78E-12 3.72E-12
 1.00E-74 1.51E-41 1.85E-29 1.86E-20 4.98E-16 1.79E-13 1.08E-12 1.84E-12
 2.36E-12 2.91E-12 3.37E-12 3.64E-12 3.67E-12 3.60E-12
 1.00E-74 3.67E-41 4.04E-29 3.43E-20 7.77E-16 2.37E-13 1.32E-12 2.19E-12
 2.74E-12 3.28E-12 3.62E-12 3.65E-12 3.45E-12 3.28E-12
  276.981    7  14 /pl=01:ss= 7:pb= 1:sz= 7/type=excit/ispb = t/isel =   29
 1.00E+10 1.00E+11 1.00E+12 1.00E+13 1.00E+14 1.00E+15 1.00E+16
 1.10E+00 1.65E+00 2.76E+00 5.51E+00 1.10E+01 2.76E+01 5.51E+01 8.27E+01
 1.10E+02 1.65E+02 2.76E+02 5.51E+02 1.10E+03 1.65E+03
 1.00E-74 3.80E-43 2.42E-30 8.32E-21 4.11E-16 2.11E-13 1.41E-12 2.45E-12
 3.12E-12 3.78E-12 4.06E-12 3.77E-12 3.10E-12 2.68E-12
 1.00E-74 3.80E-43 2.42E-30 8.32E-21 4.11E-16 2.11E-13 1.41E-12 2.45E-12
 3.12E-12 3.78E-12 4.06E-12 3.77E-12 3.10E-12 2.68E-12
 1.00E-74 3.80E-43 2.42E-30 8.32E-21 4.11E-16 2.11E-13 1.41E-12 2.45E-12
 3.12E-12 3.78E-12 4.06E-12 3.77E-12 3.10E-12 2.68E-12
 1.00E-74 3.79E-43 2.41E-30 8.29E-21 4.09E-16 2.11E-13 1.41E-12 2.45E-12
 3.12E-12 3.77E-12 4.05E-12 3.76E-12 3.10E-12 2.68E-12
 1.00E-74 3.69E-43 2.34E-30 8.03E-21 3.97E-16 2.05E-13 1.37E-12 2.40E-12
 3.05E-12 3.70E-12 3.99E-12 3.71E-12 3.07E-12 2.66E-12
 1.00E-74 3.21E-43 1.97E-30 6.62E-21 3.26E-16 1.70E-13 1.16E-12 2.05E-12
 2.63E-12 3.23E-12 3.54E-12 3.38E-12 2.86E-12 2.52E-12
 1.00E-74 4.10E-43 2.20E-30 6.27E-21 2.64E-16 1.19E-13 7.73E-13 1.35E-12
 1.74E-12 2.15E-12 2.42E-12 2.43E-12 2.21E-12 2.02E-12
  302.445    7  14 /pl=01:ss= 7:pb= 1:sz= 7/type=excit/ispb = t/isel =   30
 1.00E+10 1.00E+11 1.00E+12 1.00E+13 1.00E+14 1.00E+15 1.00E+16
 1.10E+00 1.65E+00 2.76E+00 5.51E+00 1.10E+01 2.76E+01 5.51E+01 8.27E+01
 1.10E+02 1.65E+02 2.76E+02 5.51E+02 1.10E+03 1.65E+03
 1.00E-74 1.00E-74 1.00E-74 3.73E-43 2.11E-27 5.12E-18 5.75E-15 5.58E-14
 1.67E-13 4.82E-13 1.08E-12 1.87E-12 2.42E-12 2.62E-12
 1.00E-74 1.00E-74 1.00E-74 3.73E-43 2.11E-27 5.12E-18 5.75E-15 5.58E-14
 1.67E-13 4.82E-13 1.08E-12 1.87E-12 2.42E-12 2.62E-12
 1.00E-74 1.00E-74 1.00E-74 3.73E-43 2.11E-27 5.12E-18 5.75E-15 5.58E-14
 1.67E-13 4.82E-13 1.08E-12 1.87E-12 2.42E-12 2.62E-12
 1.00E-74 1.00E-74 1.00E-74 3.73E-43 2.11E-27 5.12E-18 5.75E-15 5.58E-14
 1.67E-13 4.82E-13 1.08E-12 1.87E-12 2.42E-12 2.62E-12
 1.00E-74 1.00E-74 1.00E-74 3.74E-43 2.11E-27 5.12E-18 5.74E-15 5.57E-14
 1.67E-13 4.81E-13 1.07E-12 1.86E-12 2.41E-12 2.60E-12
 1.00E-74 1.00E-74 1.00E-74 3.81E-43 2.13E-27 5.10E-18 5.71E-15 5.53E-14
 1.65E-13 4.74E-13 1.05E-12 1.82E-12 2.35E-12 2.54E-12
 1.00E-74 1.00E-74 1.00E-74 4.48E-43 2.27E-27 5.02E-18 5.45E-15 5.23E-14
 1.56E-13 4.46E-13 9.87E-13 1.70E-12 2.20E-12 2.38E-12
  303.139    7  14 /pl=01:ss= 7:pb= 1:sz= 7/type=excit/ispb = t/isel =   31
 1.00E+10 1.00E+11 1.00E+12 1.00E+13 1.00E+14 1.00E+15 1.00E+16
 1.10E+00 1.65E+00 2.76E+00 5.51E+00 1.10E+01 2.76E+01 5.51E+01 8.27E+01
 1.10E+02 1.65E+02 2.76E+02 5.51E+02 1.10E+03 1.65E+03
 1.00E-74 1.00E-74 1.00E-74 1.60E-35 9.42E-23 3.41E-15 9.32E-13 5.57E-12
 1.31E-11 2.91E-11 5.07E-11 6.73E-11 6.69E-11 6.20E-11
 1.00E-74 1.00E-74 1.00E-74 1.60E-35 9.42E-23 3.41E-15 9.33E-13 5.57E-12
 1.31E-11 2.91E-11 5.07E-11 6.73E-11 6.69E-11 6.20E-11
 1.00E-74 1.00E-74 1.00E-74 1.60E-35 9.44E-23 3.41E-15 9.33E-13 5.58E-12
 1.31E-11 2.91E-11 5.07E-11 6.73E-11 6.69E-11 6.21E-11
 1.00E-74 1.00E-74 1.00E-74 1.65E-35 9.63E-23 3.46E-15 9.43E-13 5.63E-12
 1.32E-11 2.93E-11 5.10E-11 6.76E-11 6.72E-11 6.22E-11
 1.00E-74 1.00E-74 1.00E-74 2.10E-35 1.14E-22 3.84E-15 1.02E-12 6.02E-12
 1.40E-11 3.09E-11 5.33E-11 6.99E-11 6.90E-11 6.37E-11
 1.00E-74 1.00E-74 1.00E-74 6.14E-35 2.17E-22 5.08E-15 1.22E-12 7.02E-12
 1.61E-11 3.50E-11 5.95E-11 7.69E-11 7.52E-11 6.91E-11
 1.00E-74 1.00E-74 1.00E-74 2.33E-34 3.05E-22 4.66E-15 1.05E-12 6.00E-12
 1.38E-11 3.02E-11 5.24E-11 6.97E-11 7.03E-11 6.57E-11
  306.133    7  14 /pl=01:ss= 7:pb= 1:sz= 7/type=excit/ispb = t/isel =   32
 1.00E+10 1.00E+11 1.00E+12 1.00E+13 1.00E+14 1.00E+15 1.00E+16
 1.10E+00 1.65E+00 2.76E+00 5.51E+00 1.10E+01 2.76E+01 5.51E+01 8.27E+01
 1.10E+02 1.65E+02 2.76E+02 5.51E+02 1.10E+03 1.65E+03
 1.00E-74 5.40E-42 1.23E-29 1.97E-20 6.74E-16 2.80E-13 1.77E-12 3.05E-12
 3.89E-12 4.74E-12 5.23E-12 5.04E-12 4.35E-12 3.86E-12
 1.00E-74 5.40E-42 1.23E-29 1.97E-20 6.74E-16 2.80E-13 1.77E-12 3.05E-12
 3.89E-12 4.74E-12 5.23E-12 5.04E-12 4.35E-12 3.86E-12
 1.00E-74 5.40E-42 1.23E-29 1.97E-20 6.74E-16 2.80E-13 1.77E-12 3.05E-12
 3.89E-12 4.74E-12 5.23E-12 5.04E-12 4.35E-12 3.86E-12
 1.00E-74 5.41E-42 1.23E-29 1.98E-20 6.75E-16 2.80E-13 1.77E-12 3.05E-12
 3.89E-12 4.74E-12 5.23E-12 5.04E-12 4.35E-12 3.86E-12
 1.00E-74 5.50E-42 1.25E-29 2.00E-20 6.81E-16 2.83E-13 1.78E-12 3.06E-12
 3.90E-12 4.75E-12 5.24E-12 5.03E-12 4.35E-12 3.86E-12
 1.00E-74 6.69E-42 1.46E-29 2.24E-20 7.43E-16 3.00E-13 1.87E-12 3.19E-12
 4.05E-12 4.91E-12 5.37E-12 5.14E-12 4.43E-12 3.93E-12
 1.00E-74 1.96E-41 3.67E-29 4.62E-20 1.27E-15 4.32E-13 2.48E-12 4.13E-12
 5.16E-12 6.15E-12 6.67E-12 6.39E-12 5.55E-12 4.96E-12
  335.778    7  14 /pl=01:ss= 7:pb= 1:sz= 7/type=excit/ispb = t/isel =   33
 1.00E+10 1.00E+11 1.00E+12 1.00E+13 1.00E+14 1.00E+15 1.00E+16
 1.10E+00 1.65E+00 2.76E+00 5.51E+00 1.10E+01 2.76E+01 5.51E+01 8.27E+01
 1.10E+02 1.65E+02 2.76E+02 5.51E+02 1.10E+03 1.65E+03
 1.95E-40 2.96E-30 3.77E-22 3.93E-16 3.54E-13 1.84E-11 6.19E-11 8.86E-11
 1.04E-10 1.20E-10 1.32E-10 1.37E-10 1.34E-10 1.29E-10
 1.95E-40 2.96E-30 3.77E-22 3.93E-16 3.54E-13 1.84E-11 6.19E-11 8.86E-11
 1.04E-10 1.20E-10 1.32E-10 1.37E-10 1.34E-10 1.29E-10
 1.96E-40 2.97E-30 3.77E-22 3.94E-16 3.54E-13 1.84E-11 6.19E-11 8.86E-11
 1.04E-10 1.20E-10 1.32E-10 1.37E-10 1.34E-10 1.29E-10
 1.97E-40 2.98E-30 3.79E-22 3.94E-16 3.55E-13 1.84E-11 6.19E-11 8.86E-11
 1.04E-10 1.20E-10 1.32E-10 1.37E-10 1.34E-10 1.29E-10
 2.07E-40 3.10E-30 3.91E-22 4.04E-16 3.60E-13 1.86E-11 6.22E-11 8.89E-11
 1.04E-10 1.20E-10 1.31E-10 1.37E-10 1.33E-10 1.29E-10
 3.03E-40 4.30E-30 5.11E-22 4.92E-16 4.14E-13 2.01E-11 6.55E-11 9.25E-11
 1.08E-10 1.22E-10 1.32E-10 1.36E-10 1.32E-10 1.27E-10
 9.85E-40 1.33E-29 1.46E-21 1.21E-15 8.38E-13 3.20E-11 9.18E-11 1.23E-10
 1.38E-10 1.50E-10 1.54E-10 1.49E-10 1.38E-10 1.30E-10
  339.582    7  14 /pl=01:ss= 7:pb= 1:sz= 7/type=excit/ispb = t/isel =   34
 1.00E+10 1.00E+11 1.00E+12 1.00E+13 1.00E+14 1.00E+15 1.00E+16
 1.10E+00 1.65E+00 2.76E+00 5.51E+00 1.10E+01 2.76E+01 5.51E+01 8.27E+01
 1.10E+02 1.65E+02 2.76E+02 5.51E+02 1.10E+03 1.65E+03
 1.00E-74 1.29E-40 1.12E-28 8.62E-20 2.02E-15 6.65E-13 3.84E-12 6.37E-12
 7.90E-12 9.37E-12 9.89E-12 9.08E-12 7.44E-12 6.46E-12
 1.00E-74 1.29E-40 1.12E-28 8.62E-20 2.02E-15 6.65E-13 3.84E-12 6.37E-12
 7.90E-12 9.37E-12 9.89E-12 9.08E-12 7.44E-12 6.46E-12
 1.00E-74 1.29E-40 1.12E-28 8.62E-20 2.02E-15 6.65E-13 3.84E-12 6.37E-12
 7.90E-12 9.37E-12 9.89E-12 9.08E-12 7.44E-12 6.46E-12
 1.00E-74 1.29E-40 1.12E-28 8.62E-20 2.01E-15 6.64E-13 3.83E-12 6.37E-12
 7.89E-12 9.36E-12 9.88E-12 9.07E-12 7.43E-12 6.45E-12
 1.00E-74 1.29E-40 1.11E-28 8.54E-20 1.99E-15 6.59E-13 3.80E-12 6.32E-12
 7.83E-12 9.29E-12 9.80E-12 9.00E-12 7.38E-12 6.41E-12
 1.00E-74 1.25E-40 1.06E-28 7.97E-20 1.85E-15 6.10E-13 3.54E-12 5.92E-12
 7.36E-12 8.75E-12 9.29E-12 8.59E-12 7.11E-12 6.21E-12
 1.00E-74 1.49E-40 1.13E-28 7.42E-20 1.52E-15 4.49E-13 2.55E-12 4.27E-12
 5.36E-12 6.50E-12 7.14E-12 6.96E-12 6.11E-12 5.50E-12
  389.331    7  14 /pl=01:ss= 7:pb= 1:sz= 7/type=excit/ispb = t/isel =   35
 1.00E+10 1.00E+11 1.00E+12 1.00E+13 1.00E+14 1.00E+15 1.00E+16
 1.10E+00 1.65E+00 2.76E+00 5.51E+00 1.10E+01 2.76E+01 5.51E+01 8.27E+01
 1.10E+02 1.65E+02 2.76E+02 5.51E+02 1.10E+03 1.65E+03
 1.00E-74 5.29E-38 3.05E-27 3.15E-19 2.87E-15 5.75E-13 2.92E-12 4.77E-12
 5.95E-12 7.29E-12 8.37E-12 9.05E-12 9.07E-12 8.84E-12
 1.00E-74 5.29E-38 3.05E-27 3.15E-19 2.87E-15 5.75E-13 2.92E-12 4.77E-12
 5.95E-12 7.29E-12 8.37E-12 9.05E-12 9.07E-12 8.84E-12
 1.00E-74 5.29E-38 3.05E-27 3.15E-19 2.87E-15 5.75E-13 2.92E-12 4.77E-12
 5.95E-12 7.29E-12 8.37E-12 9.05E-12 9.07E-12 8.84E-12
 1.00E-74 5.31E-38 3.06E-27 3.16E-19 2.88E-15 5.75E-13 2.92E-12 4.77E-12
 5.95E-12 7.29E-12 8.37E-12 9.04E-12 9.06E-12 8.83E-12
 1.00E-74 5.53E-38 3.16E-27 3.23E-19 2.92E-15 5.79E-13 2.93E-12 4.77E-12
 5.95E-12 7.28E-12 8.34E-12 9.00E-12 9.01E-12 8.79E-12
 2.28E-51 7.61E-38 4.08E-27 3.89E-19 3.29E-15 6.17E-13 3.04E-12 4.90E-12
 6.07E-12 7.34E-12 8.32E-12 8.87E-12 8.83E-12 8.59E-12
 7.77E-51 2.13E-37 1.03E-26 8.28E-19 5.76E-15 8.71E-13 3.87E-12 5.96E-12
 7.17E-12 8.35E-12 9.03E-12 9.08E-12 8.66E-12 8.28E-12
  416.751    7  14 /pl=01:ss= 7:pb= 1:sz= 7/type=excit/ispb = t/isel =   36
 1.00E+10 1.00E+11 1.00E+12 1.00E+13 1.00E+14 1.00E+15 1.00E+16
 1.10E+00 1.65E+00 2.76E+00 5.51E+00 1.10E+01 2.76E+01 5.51E+01 8.27E+01
 1.10E+02 1.65E+02 2.76E+02 5.51E+02 1.10E+03 1.65E+03
 1.00E-74 1.19E-41 1.59E-29 1.76E-20 5.12E-16 1.98E-13 1.23E-12 2.14E-12
 2.77E-12 3.48E-12 4.13E-12 4.57E-12 4.66E-12 4.59E-12
 1.00E-74 1.19E-41 1.59E-29 1.76E-20 5.12E-16 1.98E-13 1.23E-12 2.14E-12
 2.77E-12 3.48E-12 4.13E-12 4.57E-12 4.66E-12 4.59E-12
 1.00E-74 1.19E-41 1.59E-29 1.76E-20 5.12E-16 1.98E-13 1.23E-12 2.14E-12
 2.77E-12 3.48E-12 4.13E-12 4.57E-12 4.66E-12 4.59E-12
 1.00E-74 1.20E-41 1.60E-29 1.77E-20 5.13E-16 1.98E-13 1.23E-12 2.14E-12
 2.77E-12 3.48E-12 4.13E-12 4.57E-12 4.66E-12 4.59E-12
 1.00E-74 1.27E-41 1.68E-29 1.82E-20 5.23E-16 2.00E-13 1.24E-12 2.15E-12
 2.78E-12 3.48E-12 4.12E-12 4.54E-12 4.63E-12 4.56E-12
 1.00E-74 1.85E-41 2.27E-29 2.27E-20 6.10E-16 2.20E-13 1.32E-12 2.26E-12
 2.89E-12 3.56E-12 4.13E-12 4.46E-12 4.49E-12 4.41E-12
 1.00E-74 4.49E-41 4.95E-29 4.20E-20 9.52E-16 2.90E-13 1.62E-12 2.68E-12
 3.35E-12 4.02E-12 4.44E-12 4.47E-12 4.22E-12 4.02E-12
  423.117    7  14 /pl=01:ss= 7:pb= 1:sz= 7/type=excit/ispb = t/isel =   37
 1.00E+10 1.00E+11 1.00E+12 1.00E+13 1.00E+14 1.00E+15 1.00E+16
 1.10E+00 1.65E+00 2.76E+00 5.51E+00 1.10E+01 2.76E+01 5.51E+01 8.27E+01
 1.10E+02 1.65E+02 2.76E+02 5.51E+02 1.10E+03 1.65E+03
 1.00E-74 6.85E-39 1.04E-27 2.19E-19 2.72E-15 6.27E-13 3.28E-12 5.33E-12
 6.59E-12 7.85E-12 8.54E-12 8.17E-12 7.08E-12 6.31E-12
 1.00E-74 6.85E-39 1.04E-27 2.19E-19 2.72E-15 6.27E-13 3.28E-12 5.33E-12
 6.59E-12 7.85E-12 8.54E-12 8.17E-12 7.08E-12 6.31E-12
 1.00E-74 6.85E-39 1.04E-27 2.19E-19 2.72E-15 6.28E-13 3.28E-12 5.33E-12
 6.59E-12 7.85E-12 8.54E-12 8.17E-12 7.08E-12 6.31E-12
 1.00E-74 6.86E-39 1.04E-27 2.19E-19 2.72E-15 6.28E-13 3.28E-12 5.33E-12
 6.59E-12 7.85E-12 8.53E-12 8.17E-12 7.08E-12 6.31E-12
 1.00E-74 6.96E-39 1.05E-27 2.21E-19 2.74E-15 6.31E-13 3.29E-12 5.34E-12
 6.61E-12 7.85E-12 8.52E-12 8.15E-12 7.06E-12 6.29E-12
 1.00E-74 8.04E-39 1.18E-27 2.40E-19 2.91E-15 6.56E-13 3.39E-12 5.48E-12
 6.75E-12 7.99E-12 8.62E-12 8.20E-12 7.08E-12 6.30E-12
 2.79E-52 2.42E-38 3.00E-27 4.90E-19 4.87E-15 9.08E-13 4.31E-12 6.77E-12
 8.21E-12 9.58E-12 1.02E-11 9.70E-12 8.38E-12 7.46E-12
  490.932    7  14 /pl=01:ss= 7:pb= 1:sz= 7/type=excit/ispb = t/isel =   38
 1.00E+10 1.00E+11 1.00E+12 1.00E+13 1.00E+14 1.00E+15 1.00E+16
 1.10E+00 1.65E+00 2.76E+00 5.51E+00 1.10E+01 2.76E+01 5.51E+01 8.27E+01
 1.10E+02 1.65E+02 2.76E+02 5.51E+02 1.10E+03 1.65E+03
 1.00E-74 1.00E-74 1.00E-74 1.81E-32 2.59E-21 1.02E-14 1.37E-12 6.55E-12
 1.39E-11 2.82E-11 4.73E-11 6.54E-11 7.32E-11 7.44E-11
 1.00E-74 1.00E-74 1.00E-74 1.81E-32 2.59E-21 1.02E-14 1.37E-12 6.55E-12
 1.39E-11 2.82E-11 4.73E-11 6.54E-11 7.32E-11 7.44E-11
 1.00E-74 1.00E-74 1.00E-74 1.82E-32 2.60E-21 1.02E-14 1.37E-12 6.56E-12
 1.39E-11 2.82E-11 4.73E-11 6.55E-11 7.33E-11 7.44E-11
 1.00E-74 1.00E-74 1.00E-74 1.89E-32 2.67E-21 1.04E-14 1.40E-12 6.65E-12
 1.41E-11 2.86E-11 4.78E-11 6.60E-11 7.36E-11 7.47E-11
 1.00E-74 1.00E-74 1.00E-74 2.53E-32 3.30E-21 1.20E-14 1.57E-12 7.37E-12
 1.55E-11 3.11E-11 5.14E-11 6.99E-11 7.69E-11 7.75E-11
 1.00E-74 1.00E-74 1.00E-74 8.34E-32 7.06E-21 1.75E-14 2.05E-12 9.39E-12
 1.94E-11 3.84E-11 6.22E-11 8.25E-11 8.86E-11 8.80E-11
 1.00E-74 1.00E-74 1.00E-74 3.53E-31 1.14E-20 1.86E-14 2.01E-12 9.09E-12
 1.87E-11 3.72E-11 6.08E-11 8.19E-11 8.94E-11 8.95E-11
  494.153    7  14 /pl=01:ss= 7:pb= 1:sz= 7/type=excit/ispb = t/isel =   39
 1.00E+10 1.00E+11 1.00E+12 1.00E+13 1.00E+14 1.00E+15 1.00E+16
 1.10E+00 1.65E+00 2.76E+00 5.51E+00 1.10E+01 2.76E+01 5.51E+01 8.27E+01
 1.10E+02 1.65E+02 2.76E+02 5.51E+02 1.10E+03 1.65E+03
 1.00E-74 1.00E-74 1.00E-74 5.54E-38 6.70E-24 1.63E-15 8.44E-13 6.28E-12
 1.65E-11 4.08E-11 7.76E-11 1.11E-10 1.15E-10 1.08E-10
 1.00E-74 1.00E-74 1.00E-74 5.54E-38 6.70E-24 1.63E-15 8.44E-13 6.28E-12
 1.65E-11 4.08E-11 7.76E-11 1.11E-10 1.15E-10 1.08E-10
 1.00E-74 1.00E-74 1.00E-74 5.54E-38 6.70E-24 1.63E-15 8.44E-13 6.28E-12
 1.65E-11 4.08E-11 7.76E-11 1.11E-10 1.15E-10 1.08E-10
 1.00E-74 1.00E-74 1.00E-74 5.54E-38 6.70E-24 1.63E-15 8.44E-13 6.28E-12
 1.65E-11 4.08E-11 7.75E-11 1.11E-10 1.14E-10 1.08E-10
 1.00E-74 1.00E-74 1.00E-74 5.54E-38 6.70E-24 1.62E-15 8.43E-13 6.26E-12
 1.64E-11 4.06E-11 7.71E-11 1.10E-10 1.14E-10 1.07E-10
 1.00E-74 1.00E-74 1.00E-74 5.51E-38 6.63E-24 1.60E-15 8.28E-13 6.15E-12
 1.61E-11 3.98E-11 7.52E-11 1.07E-10 1.11E-10 1.04E-10
 1.00E-74 1.00E-74 1.00E-74 5.25E-38 6.06E-24 1.39E-15 7.14E-13 5.31E-12
 1.39E-11 3.46E-11 6.63E-11 9.58E-11 1.01E-10 9.56E-11
  523.958    7  14 /pl=01:ss= 7:pb= 1:sz= 7/type=excit/ispb = t/isel =   40
 1.00E+10 1.00E+11 1.00E+12 1.00E+13 1.00E+14 1.00E+15 1.00E+16
 1.10E+00 1.65E+00 2.76E+00 5.51E+00 1.10E+01 2.76E+01 5.51E+01 8.27E+01
 1.10E+02 1.65E+02 2.76E+02 5.51E+02 1.10E+03 1.65E+03
 2.30E-24 4.96E-19 8.35E-15 1.06E-11 3.20E-10 1.95E-09 2.98E-09 3.20E-09
 3.19E-09 3.00E-09 2.64E-09 2.09E-09 1.58E-09 1.34E-09
 2.30E-24 4.96E-19 8.35E-15 1.06E-11 3.20E-10 1.95E-09 2.98E-09 3.20E-09
 3.19E-09 3.00E-09 2.64E-09 2.09E-09 1.58E-09 1.34E-09
 2.30E-24 4.96E-19 8.35E-15 1.06E-11 3.20E-10 1.95E-09 2.98E-09 3.20E-09
 3.19E-09 3.00E-09 2.64E-09 2.09E-09 1.58E-09 1.34E-09
 2.31E-24 4.98E-19 8.37E-15 1.06E-11 3.20E-10 1.95E-09 2.98E-09 3.20E-09
 3.19E-09 3.00E-09 2.64E-09 2.09E-09 1.58E-09 1.34E-09
 2.40E-24 5.15E-19 8.60E-15 1.08E-11 3.24E-10 1.97E-09 3.00E-09 3.23E-09
 3.21E-09 3.02E-09 2.65E-09 2.09E-09 1.59E-09 1.34E-09
 3.30E-24 6.74E-19 1.07E-14 1.28E-11 3.67E-10 2.15E-09 3.24E-09 3.46E-09
 3.43E-09 3.20E-09 2.79E-09 2.19E-09 1.65E-09 1.39E-09
 8.86E-24 1.75E-18 2.63E-14 2.81E-11 7.03E-10 3.58E-09 5.10E-09 5.32E-09
 5.23E-09 4.86E-09 4.20E-09 3.24E-09 2.40E-09 1.99E-09
  560.814    7  14 /pl=01:ss= 7:pb= 1:sz= 7/type=excit/ispb = t/isel =   41
 1.00E+10 1.00E+11 1.00E+12 1.00E+13 1.00E+14 1.00E+15 1.00E+16
 1.10E+00 1.65E+00 2.76E+00 5.51E+00 1.10E+01 2.76E+01 5.51E+01 8.27E+01
 1.10E+02 1.65E+02 2.76E+02 5.51E+02 1.10E+03 1.65E+03
 1.00E-74 2.73E-36 7.27E-26 4.12E-18 2.62E-14 3.96E-12 1.77E-11 2.71E-11
 3.23E-11 3.68E-11 3.78E-11 3.40E-11 2.77E-11 2.40E-11
 1.00E-74 2.73E-36 7.27E-26 4.12E-18 2.62E-14 3.96E-12 1.77E-11 2.71E-11
 3.23E-11 3.68E-11 3.78E-11 3.40E-11 2.77E-11 2.40E-11
 1.00E-74 2.73E-36 7.27E-26 4.12E-18 2.62E-14 3.96E-12 1.77E-11 2.71E-11
 3.23E-11 3.68E-11 3.78E-11 3.40E-11 2.77E-11 2.40E-11
 1.00E-74 2.73E-36 7.27E-26 4.12E-18 2.62E-14 3.96E-12 1.77E-11 2.71E-11
 3.23E-11 3.67E-11 3.78E-11 3.39E-11 2.77E-11 2.40E-11
 2.68E-49 2.74E-36 7.27E-26 4.11E-18 2.61E-14 3.95E-12 1.77E-11 2.70E-11
 3.22E-11 3.66E-11 3.76E-11 3.37E-11 2.76E-11 2.39E-11
 2.28E-49 2.78E-36 7.31E-26 4.08E-18 2.57E-14 3.86E-12 1.72E-11 2.64E-11
 3.14E-11 3.56E-11 3.66E-11 3.28E-11 2.69E-11 2.33E-11
 2.97E-49 3.38E-36 8.30E-26 4.19E-18 2.38E-14 3.28E-12 1.44E-11 2.20E-11
 2.64E-11 3.04E-11 3.19E-11 2.96E-11 2.50E-11 2.20E-11
  635.561    7  14 /pl=01:ss= 7:pb= 1:sz= 7/type=excit/ispb = t/isel =   42
 1.00E+10 1.00E+11 1.00E+12 1.00E+13 1.00E+14 1.00E+15 1.00E+16
 1.10E+00 1.65E+00 2.76E+00 5.51E+00 1.10E+01 2.76E+01 5.51E+01 8.27E+01
 1.10E+02 1.65E+02 2.76E+02 5.51E+02 1.10E+03 1.65E+03
 1.00E-74 2.70E-43 1.72E-30 5.91E-21 2.92E-16 1.50E-13 1.00E-12 1.74E-12
 2.22E-12 2.68E-12 2.88E-12 2.68E-12 2.20E-12 1.90E-12
 1.00E-74 2.70E-43 1.72E-30 5.91E-21 2.92E-16 1.50E-13 1.00E-12 1.74E-12
 2.22E-12 2.68E-12 2.88E-12 2.68E-12 2.20E-12 1.90E-12
 1.00E-74 2.70E-43 1.72E-30 5.90E-21 2.92E-16 1.50E-13 1.00E-12 1.74E-12
 2.22E-12 2.68E-12 2.88E-12 2.68E-12 2.20E-12 1.90E-12
 1.00E-74 2.69E-43 1.71E-30 5.88E-21 2.91E-16 1.49E-13 9.98E-13 1.74E-12
 2.21E-12 2.68E-12 2.88E-12 2.67E-12 2.20E-12 1.90E-12
 1.00E-74 2.62E-43 1.66E-30 5.70E-21 2.82E-16 1.46E-13 9.76E-13 1.70E-12
 2.17E-12 2.63E-12 2.83E-12 2.64E-12 2.18E-12 1.89E-12
 1.00E-74 2.28E-43 1.40E-30 4.70E-21 2.31E-16 1.21E-13 8.23E-13 1.45E-12
 1.87E-12 2.29E-12 2.51E-12 2.40E-12 2.03E-12 1.79E-12
 1.00E-74 2.91E-43 1.56E-30 4.45E-21 1.88E-16 8.47E-14 5.49E-13 9.60E-13
 1.23E-12 1.53E-12 1.72E-12 1.73E-12 1.57E-12 1.43E-12
  702.650    7  14 /pl=01:ss= 7:pb= 1:sz= 7/type=excit/ispb = t/isel =   43
 1.00E+10 1.00E+11 1.00E+12 1.00E+13 1.00E+14 1.00E+15 1.00E+16
 1.10E+00 1.65E+00 2.76E+00 5.51E+00 1.10E+01 2.76E+01 5.51E+01 8.27E+01
 1.10E+02 1.65E+02 2.76E+02 5.51E+02 1.10E+03 1.65E+03
 3.52E-14 5.96E-12 3.31E-10 5.83E-09 2.13E-08 4.00E-08 4.42E-08 4.37E-08
 4.26E-08 3.99E-08 3.58E-08 3.01E-08 2.46E-08 2.16E-08
 3.52E-14 5.96E-12 3.31E-10 5.83E-09 2.13E-08 4.00E-08 4.42E-08 4.37E-08
 4.26E-08 3.99E-08 3.58E-08 3.01E-08 2.46E-08 2.16E-08
 3.52E-14 5.96E-12 3.31E-10 5.83E-09 2.13E-08 4.00E-08 4.42E-08 4.37E-08
 4.26E-08 3.99E-08 3.58E-08 3.01E-08 2.46E-08 2.16E-08
 3.52E-14 5.96E-12 3.30E-10 5.83E-09 2.13E-08 3.99E-08 4.42E-08 4.37E-08
 4.26E-08 3.99E-08 3.58E-08 3.01E-08 2.46E-08 2.16E-08
 3.50E-14 5.94E-12 3.30E-10 5.82E-09 2.13E-08 3.99E-08 4.41E-08 4.36E-08
 4.25E-08 3.97E-08 3.56E-08 2.99E-08 2.45E-08 2.15E-08
 3.39E-14 5.78E-12 3.23E-10 5.72E-09 2.09E-08 3.90E-08 4.31E-08 4.26E-08
 4.15E-08 3.88E-08 3.46E-08 2.90E-08 2.37E-08 2.09E-08
 2.54E-14 4.53E-12 2.65E-10 4.87E-09 1.76E-08 3.21E-08 3.55E-08 3.53E-08
 3.45E-08 3.26E-08 2.96E-08 2.53E-08 2.11E-08 1.88E-08
  740.086    7  14 /pl=01:ss= 7:pb= 1:sz= 7/type=excit/ispb = t/isel =   44
 1.00E+10 1.00E+11 1.00E+12 1.00E+13 1.00E+14 1.00E+15 1.00E+16
 1.10E+00 1.65E+00 2.76E+00 5.51E+00 1.10E+01 2.76E+01 5.51E+01 8.27E+01
 1.10E+02 1.65E+02 2.76E+02 5.51E+02 1.10E+03 1.65E+03
 1.00E-74 1.08E-37 6.25E-27 6.46E-19 5.89E-15 1.18E-12 5.98E-12 9.76E-12
 1.22E-11 1.49E-11 1.72E-11 1.85E-11 1.86E-11 1.81E-11
 1.00E-74 1.08E-37 6.25E-27 6.46E-19 5.89E-15 1.18E-12 5.98E-12 9.76E-12
 1.22E-11 1.49E-11 1.72E-11 1.85E-11 1.86E-11 1.81E-11
 1.00E-74 1.08E-37 6.25E-27 6.46E-19 5.89E-15 1.18E-12 5.98E-12 9.76E-12
 1.22E-11 1.49E-11 1.72E-11 1.85E-11 1.86E-11 1.81E-11
 1.00E-74 1.09E-37 6.27E-27 6.48E-19 5.89E-15 1.18E-12 5.98E-12 9.77E-12
 1.22E-11 1.49E-11 1.72E-11 1.85E-11 1.86E-11 1.81E-11
 1.00E-74 1.13E-37 6.47E-27 6.62E-19 5.97E-15 1.19E-12 6.00E-12 9.78E-12
 1.22E-11 1.49E-11 1.71E-11 1.84E-11 1.85E-11 1.80E-11
 4.68E-51 1.56E-37 8.36E-27 7.97E-19 6.75E-15 1.26E-12 6.23E-12 1.00E-11
 1.24E-11 1.50E-11 1.70E-11 1.82E-11 1.81E-11 1.76E-11
 1.59E-50 4.37E-37 2.11E-26 1.70E-18 1.18E-14 1.78E-12 7.92E-12 1.22E-11
 1.47E-11 1.71E-11 1.85E-11 1.86E-11 1.77E-11 1.70E-11
  1101.50    7  14 /pl=01:ss= 7:pb= 1:sz= 7/type=excit/ispb = t/isel =   45
 1.00E+10 1.00E+11 1.00E+12 1.00E+13 1.00E+14 1.00E+15 1.00E+16
 1.10E+00 1.65E+00 2.76E+00 5.51E+00 1.10E+01 2.76E+01 5.51E+01 8.27E+01
 1.10E+02 1.65E+02 2.76E+02 5.51E+02 1.10E+03 1.65E+03
 1.00E-74 9.99E-41 8.64E-29 6.66E-20 1.56E-15 5.13E-13 2.96E-12 4.92E-12
 6.09E-12 7.23E-12 7.63E-12 7.01E-12 5.74E-12 4.98E-12
 1.00E-74 9.99E-41 8.64E-29 6.66E-20 1.56E-15 5.13E-13 2.96E-12 4.92E-12
 6.09E-12 7.23E-12 7.63E-12 7.01E-12 5.74E-12 4.98E-12
 1.00E-74 9.99E-41 8.64E-29 6.65E-20 1.56E-15 5.13E-13 2.96E-12 4.92E-12
 6.09E-12 7.23E-12 7.63E-12 7.00E-12 5.74E-12 4.98E-12
 1.00E-74 9.99E-41 8.64E-29 6.65E-20 1.55E-15 5.13E-13 2.96E-12 4.91E-12
 6.09E-12 7.22E-12 7.63E-12 7.00E-12 5.74E-12 4.98E-12
 1.00E-74 9.94E-41 8.58E-29 6.59E-20 1.54E-15 5.08E-13 2.94E-12 4.88E-12
 6.04E-12 7.17E-12 7.57E-12 6.94E-12 5.70E-12 4.95E-12
 1.00E-74 9.65E-41 8.15E-29 6.15E-20 1.43E-15 4.71E-13 2.74E-12 4.57E-12
 5.68E-12 6.76E-12 7.17E-12 6.63E-12 5.49E-12 4.79E-12
 1.00E-74 1.15E-40 8.72E-29 5.73E-20 1.17E-15 3.47E-13 1.97E-12 3.30E-12
 4.14E-12 5.02E-12 5.51E-12 5.37E-12 4.71E-12 4.25E-12
  1385.33    7  14 /pl=01:ss= 7:pb= 1:sz= 7/type=excit/ispb = t/isel =   46
 1.00E+10 1.00E+11 1.00E+12 1.00E+13 1.00E+14 1.00E+15 1.00E+16
 1.10E+00 1.65E+00 2.76E+00 5.51E+00 1.10E+01 2.76E+01 5.51E+01 8.27E+01
 1.10E+02 1.65E+02 2.76E+02 5.51E+02 1.10E+03 1.65E+03
 1.00E-74 1.20E-41 1.60E-29 1.77E-20 5.15E-16 1.99E-13 1.24E-12 2.15E-12
 2.79E-12 3.51E-12 4.16E-12 4.60E-12 4.70E-12 4.62E-12
 1.00E-74 1.20E-41 1.60E-29 1.77E-20 5.15E-16 1.99E-13 1.24E-12 2.15E-12
 2.79E-12 3.51E-12 4.16E-12 4.60E-12 4.70E-12 4.62E-12
 1.00E-74 1.20E-41 1.61E-29 1.77E-20 5.15E-16 1.99E-13 1.24E-12 2.15E-12
 2.79E-12 3.51E-12 4.16E-12 4.60E-12 4.70E-12 4.62E-12
 1.00E-74 1.21E-41 1.61E-29 1.78E-20 5.17E-16 1.99E-13 1.24E-12 2.15E-12
 2.79E-12 3.51E-12 4.16E-12 4.60E-12 4.69E-12 4.62E-12
 1.00E-74 1.28E-41 1.69E-29 1.84E-20 5.27E-16 2.01E-13 1.25E-12 2.16E-12
 2.80E-12 3.51E-12 4.15E-12 4.57E-12 4.66E-12 4.59E-12
 1.00E-74 1.86E-41 2.29E-29 2.29E-20 6.14E-16 2.21E-13 1.33E-12 2.27E-12
 2.91E-12 3.59E-12 4.16E-12 4.49E-12 4.52E-12 4.44E-12
 1.00E-74 4.52E-41 4.98E-29 4.23E-20 9.59E-16 2.92E-13 1.63E-12 2.70E-12
 3.37E-12 4.04E-12 4.47E-12 4.50E-12 4.25E-12 4.05E-12
  1443.94    7  14 /pl=01:ss= 7:pb= 1:sz= 7/type=excit/ispb = t/isel =   47
 1.00E+10 1.00E+11 1.00E+12 1.00E+13 1.00E+14 1.00E+15 1.00E+16
 1.10E+00 1.65E+00 2.76E+00 5.51E+00 1.10E+01 2.76E+01 5.51E+01 8.27E+01
 1.10E+02 1.65E+02 2.76E+02 5.51E+02 1.10E+03 1.65E+03
 1.00E-74 1.00E-74 1.00E-74 2.20E-37 2.78E-24 1.59E-16 5.07E-14 3.21E-13
 7.80E-13 1.82E-12 3.36E-12 4.99E-12 5.73E-12 5.84E-12
 1.00E-74 1.00E-74 1.00E-74 2.20E-37 2.78E-24 1.59E-16 5.07E-14 3.21E-13
 7.80E-13 1.82E-12 3.36E-12 4.99E-12 5.73E-12 5.84E-12
 1.00E-74 1.00E-74 1.00E-74 2.20E-37 2.78E-24 1.59E-16 5.08E-14 3.21E-13
 7.80E-13 1.82E-12 3.36E-12 4.99E-12 5.73E-12 5.84E-12
 1.00E-74 1.00E-74 1.00E-74 2.21E-37 2.78E-24 1.59E-16 5.08E-14 3.22E-13
 7.81E-13 1.82E-12 3.36E-12 4.99E-12 5.73E-12 5.84E-12
 1.00E-74 1.00E-74 1.00E-74 2.25E-37 2.82E-24 1.60E-16 5.10E-14 3.23E-13
 7.83E-13 1.82E-12 3.37E-12 4.99E-12 5.73E-12 5.84E-12
 1.00E-74 1.00E-74 1.00E-74 2.67E-37 3.04E-24 1.63E-16 5.14E-14 3.24E-13
 7.84E-13 1.82E-12 3.35E-12 4.97E-12 5.70E-12 5.81E-12
 1.00E-74 1.00E-74 1.00E-74 7.51E-37 3.73E-24 1.56E-16 4.70E-14 2.94E-13
 7.10E-13 1.65E-12 3.07E-12 4.59E-12 5.33E-12 5.47E-12
  1458.26    7  14 /pl=01:ss= 7:pb= 1:sz= 7/type=excit/ispb = t/isel =   48
 1.00E+10 1.00E+11 1.00E+12 1.00E+13 1.00E+14 1.00E+15 1.00E+16
 1.10E+00 1.65E+00 2.76E+00 5.51E+00 1.10E+01 2.76E+01 5.51E+01 8.27E+01
 1.10E+02 1.65E+02 2.76E+02 5.51E+02 1.10E+03 1.65E+03
 1.34E-44 2.67E-33 2.65E-24 1.28E-17 2.41E-14 1.84E-12 6.79E-12 9.92E-12
 1.17E-11 1.33E-11 1.40E-11 1.32E-11 1.15E-11 1.03E-11
 1.35E-44 2.67E-33 2.65E-24 1.28E-17 2.41E-14 1.84E-12 6.79E-12 9.92E-12
 1.17E-11 1.33E-11 1.40E-11 1.32E-11 1.15E-11 1.03E-11
 1.35E-44 2.67E-33 2.65E-24 1.28E-17 2.41E-14 1.84E-12 6.79E-12 9.92E-12
 1.17E-11 1.33E-11 1.40E-11 1.32E-11 1.15E-11 1.03E-11
 1.35E-44 2.68E-33 2.66E-24 1.28E-17 2.41E-14 1.84E-12 6.80E-12 9.93E-12
 1.17E-11 1.33E-11 1.40E-11 1.32E-11 1.14E-11 1.03E-11
 1.38E-44 2.72E-33 2.69E-24 1.29E-17 2.43E-14 1.85E-12 6.81E-12 9.94E-12
 1.17E-11 1.33E-11 1.40E-11 1.32E-11 1.14E-11 1.02E-11
 1.67E-44 3.17E-33 3.03E-24 1.41E-17 2.58E-14 1.92E-12 7.00E-12 1.02E-11
 1.19E-11 1.35E-11 1.41E-11 1.32E-11 1.14E-11 1.02E-11
 6.55E-44 1.08E-32 8.56E-24 3.12E-17 4.55E-14 2.72E-12 9.03E-12 1.27E-11
 1.46E-11 1.62E-11 1.67E-11 1.56E-11 1.34E-11 1.19E-11
  1881.23    7  14 /pl=01:ss= 7:pb= 1:sz= 7/type=excit/ispb = t/isel =   49
 1.00E+10 1.00E+11 1.00E+12 1.00E+13 1.00E+14 1.00E+15 1.00E+16
 1.10E+00 1.65E+00 2.76E+00 5.51E+00 1.10E+01 2.76E+01 5.51E+01 8.27E+01
 1.10E+02 1.65E+02 2.76E+02 5.51E+02 1.10E+03 1.65E+03
 1.40E-41 2.12E-31 2.70E-23 2.82E-17 2.54E-14 1.32E-12 4.43E-12 6.34E-12
 7.45E-12 8.59E-12 9.41E-12 9.82E-12 9.59E-12 9.26E-12
 1.40E-41 2.12E-31 2.70E-23 2.82E-17 2.54E-14 1.32E-12 4.43E-12 6.34E-12
 7.45E-12 8.59E-12 9.41E-12 9.82E-12 9.59E-12 9.26E-12
 1.40E-41 2.12E-31 2.70E-23 2.82E-17 2.54E-14 1.32E-12 4.43E-12 6.34E-12
 7.45E-12 8.59E-12 9.41E-12 9.82E-12 9.59E-12 9.26E-12
 1.41E-41 2.13E-31 2.71E-23 2.82E-17 2.54E-14 1.32E-12 4.43E-12 6.34E-12
 7.45E-12 8.58E-12 9.41E-12 9.81E-12 9.59E-12 9.25E-12
 1.48E-41 2.22E-31 2.80E-23 2.89E-17 2.58E-14 1.33E-12 4.45E-12 6.36E-12
 7.47E-12 8.59E-12 9.39E-12 9.78E-12 9.55E-12 9.21E-12
 2.16E-41 3.08E-31 3.66E-23 3.52E-17 2.96E-14 1.44E-12 4.69E-12 6.62E-12
 7.71E-12 8.76E-12 9.47E-12 9.73E-12 9.43E-12 9.08E-12
 7.05E-41 9.53E-31 1.04E-22 8.63E-17 6.00E-14 2.29E-12 6.57E-12 8.77E-12
 9.88E-12 1.07E-11 1.10E-11 1.06E-11 9.86E-12 9.30E-12
  1904.43    7  14 /pl=01:ss= 7:pb= 1:sz= 7/type=excit/ispb = t/isel =   50
 1.00E+10 1.00E+11 1.00E+12 1.00E+13 1.00E+14 1.00E+15 1.00E+16
 1.10E+00 1.65E+00 2.76E+00 5.51E+00 1.10E+01 2.76E+01 5.51E+01 8.27E+01
 1.10E+02 1.65E+02 2.76E+02 5.51E+02 1.10E+03 1.65E+03
 1.00E-74 2.23E-43 1.42E-30 4.89E-21 2.41E-16 1.24E-13 8.29E-13 1.44E-12
 1.84E-12 2.22E-12 2.39E-12 2.22E-12 1.82E-12 1.58E-12
 1.00E-74 2.23E-43 1.42E-30 4.89E-21 2.41E-16 1.24E-13 8.29E-13 1.44E-12
 1.84E-12 2.22E-12 2.39E-12 2.22E-12 1.82E-12 1.58E-12
 1.00E-74 2.23E-43 1.42E-30 4.89E-21 2.41E-16 1.24E-13 8.28E-13 1.44E-12
 1.83E-12 2.22E-12 2.39E-12 2.22E-12 1.82E-12 1.58E-12
 1.00E-74 2.23E-43 1.42E-30 4.87E-21 2.41E-16 1.24E-13 8.26E-13 1.44E-12
 1.83E-12 2.22E-12 2.38E-12 2.21E-12 1.82E-12 1.57E-12
 1.00E-74 2.17E-43 1.37E-30 4.72E-21 2.33E-16 1.21E-13 8.08E-13 1.41E-12
 1.80E-12 2.18E-12 2.34E-12 2.18E-12 1.80E-12 1.56E-12
 1.00E-74 1.89E-43 1.16E-30 3.89E-21 1.91E-16 9.98E-14 6.81E-13 1.20E-12
 1.55E-12 1.90E-12 2.08E-12 1.99E-12 1.68E-12 1.48E-12
 1.00E-74 2.41E-43 1.30E-30 3.69E-21 1.55E-16 7.01E-14 4.54E-13 7.95E-13
 1.02E-12 1.27E-12 1.42E-12 1.43E-12 1.30E-12 1.19E-12
c-------------------------------------------------------------------------------
 
C  root partition information
C  ==========================
C
C  nuclear charge : 18
C  ion charge+1   :  8
C
C  population calculation information
C  ----------------------------------
C
C  population processing code: adas810
C
C  adf04 source file    : adf04_copmm#18_ca_40#ar7_t3.dat
C  adf18/a17_p208 file  : NULL
C
C  meta. ion. coeff. selector  : 
 
C  options  : lnorm =T  lpsel =F  lzsel =T  liosel=F
C           : lhsel =F  lrsel =F  lisel =F  lnsel =F
 
C  energy levels
C  -------------
C
C   lv      configuration    (2S+1)L(w-1/2)      energy (cm^-1)
C  ---   ------------------- --------------      --------------
c    1   14                     (0)0(  0.5)             0.0
c    2   15                     (0)0(  2.5)        142318.3
c    3   16                     (0)0(  4.5)        333173.3
c    4   17                     (0)0(  0.5)        577832.5
c    5   18                     (0)0(  2.5)        630989.2
c    6   19                     (0)0(  4.5)        699564.1
c    7   1B                     (0)0(  0.5)        809301.3
c    8   1C                     (0)0(  2.5)        834683.5
c    9   1D                     (0)0(  4.5)        867330.4
c   10   1G                     (0)0(  0.5)        925469.2
c   11   1H                     (0)0(  2.5)        939515.6
c   12   1I                     (0)0(  4.5)        957644.1
c   13   1M                     (0)0(  0.5)        992024.8
c   14   1N                     (0)0(  2.5)       1000595.3
c   15   1O                     (0)0(  4.5)       1011711.7
c   16   1T                     (0)0(  0.5)       1033692.1
c   17   1U                     (0)0(  2.5)       1039299.6
c   18   1V                     (0)0(  4.5)       1046608.1
c   19   22553514515            (0)0( 35.5)       2111849.7
c   20   22553514516            (0)0( 59.5)       2315544.0
c   21   12563524               (0)0(  0.5)       2619088.2
c   22   22553514518            (0)0( 35.5)       2645425.2
c   23   22553514519            (0)0( 59.5)       2714680.3
c   24   12563514515            (0)0( 11.5)       2737736.1
c   25   2255351451A            (0)0( 83.5)       2742158.5
c   26   12563514516            (0)0( 19.5)       2940102.6
c   27   12563514517            (0)0(  3.5)       3216750.2
c   28   12563514518            (0)0( 11.5)       3270741.0
c   29   12563514519            (0)0( 19.5)       3339557.2
 
 
 
c-------------------------------------------------------------------------------
 
C  superstage partition information
C  ================================
C
C  element symbol   : Ar
C  parent template  : 
C  partition level  :  1
C  superstage label :  7
C
C  tabulation       : photon emissivity coefft (te,ne)
C  units            : ph. emis coef(cm^3 s^-1); te (ev); ne (cm^-3)
C
C  photon emissivity atomic transitions
C  ------------------------------------
C  
C   isel  wvlen(A)            transition                type  ispb nspb
C                                                             ispp nspp sz    tg pr wr
C  ----- ---------- ----------------------------------- ----- ---- ---- --    -- -- --
C      1   30.5741   28(0)0( 11.5)-  1(0)0(  0.5)       excit   1    1   7    22 22  1
C      2   36.5265   24(0)0( 11.5)-  1(0)0(  0.5)       excit   1    1   7    19  6  2
C      3   36.8368   23(0)0( 59.5)-  1(0)0(  0.5)       excit   1    1   7    27  7  3
C      4   43.1864   20(0)0( 59.5)-  1(0)0(  0.5)       excit   1    1   7    25  3  4
C      5   47.3519   19(0)0( 35.5)-  1(0)0(  0.5)       excit   1    1   7    24  5  5
C      6   96.2186   17(0)0(  2.5)-  1(0)0(  0.5)       excit   1    1   7    16 47  6
C      7   99.9405   14(0)0(  2.5)-  1(0)0(  0.5)       excit   1    1   7    13 38  7
C      8   106.438   11(0)0(  2.5)-  1(0)0(  0.5)       excit   1    1   7    10 27  8
C      9   110.584   18(0)0(  4.5)-  2(0)0(  2.5)       excit   1    1   7    44 36  9
C     10   112.186   16(0)0(  0.5)-  2(0)0(  2.5)       excit   1    1   7    42 45 10
C     11   115.023   15(0)0(  4.5)-  2(0)0(  2.5)       excit   1    1   7    41 29 11
C     12   117.688   13(0)0(  0.5)-  2(0)0(  2.5)       excit   1    1   7    39 35 12
C     13   119.806    8(0)0(  2.5)-  1(0)0(  0.5)       excit   1    1   7     7 18 13
C     14   122.650   12(0)0(  4.5)-  2(0)0(  2.5)       excit   1    1   7    38 20 14
C     15   127.689   10(0)0(  0.5)-  2(0)0(  2.5)       excit   1    1   7    36 24 15
C     16   137.929    9(0)0(  4.5)-  2(0)0(  2.5)       excit   1    1   7    35 16 16
C     17   149.929    7(0)0(  0.5)-  2(0)0(  2.5)       excit   1    1   7    33 15 17
C     18   158.481    5(0)0(  2.5)-  1(0)0(  0.5)       excit   1    1   7     4  8 18
C     19   164.923   11(0)0(  2.5)-  3(0)0(  4.5)       excit   1    1   7    53 42 19
C     20   165.884   23(0)0( 59.5)- 19(0)0( 35.5)       excit   1    1   7   184 12 20
C     21   166.162   29(0)0( 19.5)- 24(0)0( 11.5)       excit   1    1   7   175 19 21
C     22   179.454    6(0)0(  4.5)-  2(0)0(  2.5)       excit   1    1   7    32  9 22
C     23   199.398    8(0)0(  2.5)-  3(0)0(  4.5)       excit   1    1   7    50 23 23
C     24   208.762   27(0)0(  3.5)- 24(0)0( 11.5)       excit   1    1   7   173 26 24
C     25   229.614    4(0)0(  0.5)-  2(0)0(  2.5)       excit   1    1   7    30  4 25
C     26   234.404   25(0)0( 83.5)- 20(0)0( 59.5)       excit   1    1   7   188 28 26
C     27   262.658   15(0)0(  4.5)-  5(0)0(  2.5)       excit   1    1   7    84 46 27
C     28   276.485   11(0)0(  2.5)-  4(0)0(  0.5)       excit   1    1   7    67 44 28
C     29   276.981   13(0)0(  0.5)-  5(0)0(  2.5)       excit   1    1   7    82 43 29
C     30   302.445   28(0)0( 11.5)- 26(0)0( 19.5)       excit   1    1   7   177 49 30
C     31   303.139   22(0)0( 35.5)- 20(0)0( 59.5)       excit   1    1   7   186 14 31
C     32   306.133   12(0)0(  4.5)-  5(0)0(  2.5)       excit   1    1   7    81 39 32
C     33   335.778    5(0)0(  2.5)-  3(0)0(  4.5)       excit   1    1   7    47 10 33
C     34   339.582   10(0)0(  0.5)-  5(0)0(  2.5)       excit   1    1   7    79 30 34
C     35   389.331    8(0)0(  2.5)-  4(0)0(  0.5)       excit   1    1   7    64 32 35
C     36   416.751   11(0)0(  2.5)-  6(0)0(  4.5)       excit   1    1   7    93 41 36
C     37   423.117    9(0)0(  4.5)-  5(0)0(  2.5)       excit   1    1   7    78 33 37
C     38   490.932   20(0)0( 59.5)- 19(0)0( 35.5)       excit   1    1   7   182 13 38
C     39   494.153   26(0)0( 19.5)- 24(0)0( 11.5)       excit   1    1   7   172 11 39
C     40   523.958    3(0)0(  4.5)-  2(0)0(  2.5)       excit   1    1   7    29  2 40
C     41   560.814    7(0)0(  0.5)-  5(0)0(  2.5)       excit   1    1   7    76 17 41
C     42   635.561   13(0)0(  0.5)-  8(0)0(  2.5)       excit   1    1   7   116 48 42
C     43   702.650    2(0)0(  2.5)-  1(0)0(  0.5)       excit   1    1   7     1  1 43
C     44   740.086    8(0)0(  2.5)-  6(0)0(  4.5)       excit   1    1   7    90 21 44
C     45   1101.50   10(0)0(  0.5)-  8(0)0(  2.5)       excit   1    1   7   113 34 45
C     46   1385.33   11(0)0(  2.5)-  9(0)0(  4.5)       excit   1    1   7   123 40 46
C     47   1443.94   23(0)0( 59.5)- 22(0)0( 35.5)       excit   1    1   7   189 37 47
C     48   1458.26    6(0)0(  4.5)-  5(0)0(  2.5)       excit   1    1   7    75 25 48
C     49   1881.23    5(0)0(  2.5)-  4(0)0(  0.5)       excit   1    1   7    61 31 49
C     50   1904.43   13(0)0(  0.5)- 11(0)0(  2.5)       excit   1    1   7   140 50 50
c-------------------------------------------------------------------------------
                                                                                
C  code     : adas810
C  producer : Adam Foster
C  date     : 02/06/09
                                                                                
c-------------------------------------------------------------------------------
