   50    /Ar:11 photon emissivity coefficients/
--------------------------------------------------------------------------------
    1    1    1    1    1    1    1    1    1    1    1    1    1    1
    1    1    1    1    1
--------------------------------------------------------------------------------
//#01/p00/ 00/p01/ 01/p02/ 02/p03/ 03/p04/ 04/p05/ 05/p06/ 06/p07/ 07/p08/ 08/  
      p09/ 09/p10/ 10/p11/ 11/p12/ 12/p13/ 13/p14/ 14/p15/ 15/p16/ 16/p17/ 17/  
      p18/ 18/                                                                  
--------------------------------------------------------------------------------
  20.3882    7  14 /pl=01:ss=11:pb= 1:sz=11/type=excit/ispb = t/isel =    1
 1.00E+10 1.00E+11 1.00E+12 1.00E+13 1.00E+14 1.00E+15 1.00E+16
 2.48E+00 3.72E+00 6.20E+00 1.24E+01 2.48E+01 6.20E+01 1.24E+02 1.86E+02
 2.48E+02 3.72E+02 6.20E+02 1.24E+03 2.48E+03 3.72E+03
 1.00E-74 1.00E-74 1.00E-74 1.72E-32 5.36E-22 8.32E-16 8.10E-14 3.47E-13
 6.98E-13 1.36E-12 2.24E-12 3.16E-12 3.69E-12 3.83E-12
 1.00E-74 1.00E-74 1.00E-74 1.72E-32 5.36E-22 8.32E-16 8.10E-14 3.47E-13
 6.98E-13 1.36E-12 2.24E-12 3.16E-12 3.69E-12 3.83E-12
 1.00E-74 1.00E-74 1.00E-74 1.72E-32 5.36E-22 8.32E-16 8.10E-14 3.47E-13
 6.98E-13 1.36E-12 2.24E-12 3.16E-12 3.69E-12 3.83E-12
 1.00E-74 1.00E-74 1.00E-74 1.72E-32 5.36E-22 8.32E-16 8.09E-14 3.47E-13
 6.98E-13 1.36E-12 2.24E-12 3.16E-12 3.69E-12 3.83E-12
 1.00E-74 1.00E-74 1.00E-74 1.72E-32 5.36E-22 8.32E-16 8.09E-14 3.47E-13
 6.98E-13 1.36E-12 2.24E-12 3.16E-12 3.69E-12 3.83E-12
 1.00E-74 1.00E-74 1.00E-74 1.71E-32 5.32E-22 8.26E-16 8.05E-14 3.45E-13
 6.94E-13 1.36E-12 2.23E-12 3.15E-12 3.68E-12 3.82E-12
 1.00E-74 1.00E-74 1.00E-74 1.60E-32 4.99E-22 7.82E-16 7.67E-14 3.31E-13
 6.66E-13 1.31E-12 2.16E-12 3.06E-12 3.59E-12 3.74E-12
  21.3056    7  14 /pl=01:ss=11:pb= 1:sz=11/type=excit/ispb = t/isel =    2
 1.00E+10 1.00E+11 1.00E+12 1.00E+13 1.00E+14 1.00E+15 1.00E+16
 2.48E+00 3.72E+00 6.20E+00 1.24E+01 2.48E+01 6.20E+01 1.24E+02 1.86E+02
 2.48E+02 3.72E+02 6.20E+02 1.24E+03 2.48E+03 3.72E+03
 1.00E-74 1.00E-74 1.00E-74 2.85E-31 3.10E-21 2.59E-15 2.06E-13 8.25E-13
 1.61E-12 3.03E-12 4.87E-12 6.78E-12 7.84E-12 8.08E-12
 1.00E-74 1.00E-74 1.00E-74 2.85E-31 3.10E-21 2.59E-15 2.06E-13 8.25E-13
 1.61E-12 3.03E-12 4.87E-12 6.78E-12 7.84E-12 8.08E-12
 1.00E-74 1.00E-74 1.00E-74 2.85E-31 3.10E-21 2.59E-15 2.06E-13 8.25E-13
 1.61E-12 3.03E-12 4.87E-12 6.78E-12 7.84E-12 8.08E-12
 1.00E-74 1.00E-74 1.00E-74 2.84E-31 3.10E-21 2.59E-15 2.06E-13 8.25E-13
 1.61E-12 3.03E-12 4.87E-12 6.78E-12 7.84E-12 8.08E-12
 1.00E-74 1.00E-74 1.00E-74 2.84E-31 3.10E-21 2.59E-15 2.06E-13 8.25E-13
 1.61E-12 3.03E-12 4.87E-12 6.78E-12 7.84E-12 8.08E-12
 1.00E-74 1.00E-74 1.00E-74 2.84E-31 3.10E-21 2.59E-15 2.05E-13 8.24E-13
 1.60E-12 3.03E-12 4.87E-12 6.77E-12 7.84E-12 8.08E-12
 1.00E-74 1.00E-74 1.00E-74 2.82E-31 3.07E-21 2.56E-15 2.03E-13 8.16E-13
 1.59E-12 3.00E-12 4.83E-12 6.72E-12 7.79E-12 8.03E-12
  21.6377    7  14 /pl=01:ss=11:pb= 1:sz=11/type=excit/ispb = t/isel =    3
 1.00E+10 1.00E+11 1.00E+12 1.00E+13 1.00E+14 1.00E+15 1.00E+16
 2.48E+00 3.72E+00 6.20E+00 1.24E+01 2.48E+01 6.20E+01 1.24E+02 1.86E+02
 2.48E+02 3.72E+02 6.20E+02 1.24E+03 2.48E+03 3.72E+03
 1.00E-74 1.00E-74 1.00E-74 7.90E-31 5.95E-21 3.94E-15 2.87E-13 1.11E-12
 2.10E-12 3.82E-12 5.84E-12 7.41E-12 7.73E-12 7.56E-12
 1.00E-74 1.00E-74 1.00E-74 7.90E-31 5.95E-21 3.94E-15 2.87E-13 1.11E-12
 2.10E-12 3.82E-12 5.84E-12 7.41E-12 7.73E-12 7.56E-12
 1.00E-74 1.00E-74 1.00E-74 7.90E-31 5.95E-21 3.94E-15 2.87E-13 1.11E-12
 2.10E-12 3.82E-12 5.84E-12 7.41E-12 7.73E-12 7.56E-12
 1.00E-74 1.00E-74 1.00E-74 7.90E-31 5.95E-21 3.94E-15 2.87E-13 1.11E-12
 2.10E-12 3.82E-12 5.84E-12 7.41E-12 7.73E-12 7.56E-12
 1.00E-74 1.00E-74 1.00E-74 7.90E-31 5.95E-21 3.94E-15 2.86E-13 1.11E-12
 2.10E-12 3.82E-12 5.84E-12 7.41E-12 7.72E-12 7.56E-12
 1.00E-74 1.00E-74 1.00E-74 7.87E-31 5.93E-21 3.93E-15 2.86E-13 1.11E-12
 2.10E-12 3.81E-12 5.83E-12 7.40E-12 7.71E-12 7.55E-12
 1.00E-74 1.00E-74 1.18E-50 7.56E-31 5.72E-21 3.82E-15 2.79E-13 1.08E-12
 2.06E-12 3.74E-12 5.73E-12 7.28E-12 7.60E-12 7.44E-12
  22.2131    7  14 /pl=01:ss=11:pb= 1:sz=11/type=excit/ispb = t/isel =    4
 1.00E+10 1.00E+11 1.00E+12 1.00E+13 1.00E+14 1.00E+15 1.00E+16
 2.48E+00 3.72E+00 6.20E+00 1.24E+01 2.48E+01 6.20E+01 1.24E+02 1.86E+02
 2.48E+02 3.72E+02 6.20E+02 1.24E+03 2.48E+03 3.72E+03
 1.00E-74 1.00E-74 1.00E-74 4.66E-30 1.94E-20 9.09E-15 5.88E-13 2.20E-12
 4.10E-12 7.31E-12 1.10E-11 1.38E-11 1.44E-11 1.40E-11
 1.00E-74 1.00E-74 1.00E-74 4.66E-30 1.94E-20 9.09E-15 5.88E-13 2.20E-12
 4.10E-12 7.31E-12 1.10E-11 1.38E-11 1.44E-11 1.40E-11
 1.00E-74 1.00E-74 1.00E-74 4.66E-30 1.94E-20 9.09E-15 5.88E-13 2.20E-12
 4.10E-12 7.31E-12 1.10E-11 1.38E-11 1.44E-11 1.40E-11
 1.00E-74 1.00E-74 1.00E-74 4.66E-30 1.94E-20 9.09E-15 5.88E-13 2.20E-12
 4.10E-12 7.31E-12 1.10E-11 1.38E-11 1.44E-11 1.40E-11
 1.00E-74 1.00E-74 1.00E-74 4.66E-30 1.94E-20 9.09E-15 5.88E-13 2.20E-12
 4.10E-12 7.31E-12 1.10E-11 1.38E-11 1.44E-11 1.40E-11
 1.00E-74 1.00E-74 1.92E-49 4.66E-30 1.94E-20 9.08E-15 5.88E-13 2.19E-12
 4.10E-12 7.30E-12 1.10E-11 1.38E-11 1.44E-11 1.40E-11
 1.00E-74 1.00E-74 1.92E-49 4.64E-30 1.93E-20 9.05E-15 5.86E-13 2.19E-12
 4.08E-12 7.28E-12 1.10E-11 1.38E-11 1.43E-11 1.40E-11
  22.5736    7  14 /pl=01:ss=11:pb= 1:sz=11/type=excit/ispb = t/isel =    5
 1.00E+10 1.00E+11 1.00E+12 1.00E+13 1.00E+14 1.00E+15 1.00E+16
 2.48E+00 3.72E+00 6.20E+00 1.24E+01 2.48E+01 6.20E+01 1.24E+02 1.86E+02
 2.48E+02 3.72E+02 6.20E+02 1.24E+03 2.48E+03 3.72E+03
 1.00E-74 1.00E-74 1.00E-74 1.98E-32 6.63E-22 1.07E-15 1.03E-13 4.35E-13
 8.58E-13 1.60E-12 2.41E-12 2.83E-12 2.61E-12 2.34E-12
 1.00E-74 1.00E-74 1.00E-74 1.98E-32 6.63E-22 1.07E-15 1.03E-13 4.35E-13
 8.58E-13 1.60E-12 2.41E-12 2.83E-12 2.61E-12 2.34E-12
 1.00E-74 1.00E-74 1.00E-74 1.98E-32 6.63E-22 1.07E-15 1.03E-13 4.35E-13
 8.58E-13 1.60E-12 2.41E-12 2.83E-12 2.61E-12 2.34E-12
 1.00E-74 1.00E-74 1.00E-74 1.98E-32 6.63E-22 1.07E-15 1.03E-13 4.35E-13
 8.58E-13 1.60E-12 2.41E-12 2.83E-12 2.61E-12 2.34E-12
 1.00E-74 1.00E-74 1.00E-74 1.98E-32 6.63E-22 1.07E-15 1.03E-13 4.35E-13
 8.58E-13 1.60E-12 2.41E-12 2.83E-12 2.61E-12 2.34E-12
 1.00E-74 1.00E-74 1.00E-74 2.00E-32 6.68E-22 1.07E-15 1.04E-13 4.37E-13
 8.61E-13 1.60E-12 2.41E-12 2.84E-12 2.62E-12 2.35E-12
 1.00E-74 1.00E-74 1.00E-74 2.14E-32 7.05E-22 1.12E-15 1.07E-13 4.51E-13
 8.86E-13 1.65E-12 2.48E-12 2.92E-12 2.69E-12 2.41E-12
  23.2437    7  14 /pl=01:ss=11:pb= 1:sz=11/type=excit/ispb = t/isel =    6
 1.00E+10 1.00E+11 1.00E+12 1.00E+13 1.00E+14 1.00E+15 1.00E+16
 2.48E+00 3.72E+00 6.20E+00 1.24E+01 2.48E+01 6.20E+01 1.24E+02 1.86E+02
 2.48E+02 3.72E+02 6.20E+02 1.24E+03 2.48E+03 3.72E+03
 1.00E-74 1.00E-74 1.00E-74 7.11E-29 1.10E-19 2.84E-14 1.52E-12 5.30E-12
 9.58E-12 1.66E-11 2.44E-11 3.03E-11 3.14E-11 3.06E-11
 1.00E-74 1.00E-74 1.00E-74 7.11E-29 1.10E-19 2.84E-14 1.52E-12 5.30E-12
 9.58E-12 1.66E-11 2.44E-11 3.03E-11 3.14E-11 3.06E-11
 1.00E-74 1.00E-74 1.00E-74 7.11E-29 1.10E-19 2.84E-14 1.52E-12 5.30E-12
 9.58E-12 1.66E-11 2.44E-11 3.03E-11 3.14E-11 3.06E-11
 1.00E-74 1.00E-74 3.46E-47 7.11E-29 1.10E-19 2.84E-14 1.52E-12 5.30E-12
 9.58E-12 1.66E-11 2.44E-11 3.03E-11 3.14E-11 3.06E-11
 1.00E-74 1.00E-74 2.08E-47 7.11E-29 1.10E-19 2.84E-14 1.52E-12 5.30E-12
 9.58E-12 1.66E-11 2.44E-11 3.03E-11 3.14E-11 3.06E-11
 1.00E-74 1.00E-74 2.15E-47 7.12E-29 1.10E-19 2.85E-14 1.52E-12 5.30E-12
 9.58E-12 1.66E-11 2.45E-11 3.03E-11 3.14E-11 3.06E-11
 1.00E-74 1.00E-74 2.17E-47 7.17E-29 1.11E-19 2.86E-14 1.52E-12 5.31E-12
 9.60E-12 1.67E-11 2.45E-11 3.04E-11 3.15E-11 3.06E-11
  23.2811    7  14 /pl=01:ss=11:pb= 1:sz=11/type=excit/ispb = t/isel =    7
 1.00E+10 1.00E+11 1.00E+12 1.00E+13 1.00E+14 1.00E+15 1.00E+16
 2.48E+00 3.72E+00 6.20E+00 1.24E+01 2.48E+01 6.20E+01 1.24E+02 1.86E+02
 2.48E+02 3.72E+02 6.20E+02 1.24E+03 2.48E+03 3.72E+03
 1.00E-74 1.00E-74 1.00E-74 3.81E-29 5.68E-20 1.47E-14 8.00E-13 2.85E-12
 5.24E-12 9.34E-12 1.44E-11 1.94E-11 2.22E-11 2.28E-11
 1.00E-74 1.00E-74 1.00E-74 3.81E-29 5.68E-20 1.47E-14 8.00E-13 2.85E-12
 5.24E-12 9.34E-12 1.44E-11 1.94E-11 2.22E-11 2.28E-11
 1.00E-74 1.00E-74 1.00E-74 3.81E-29 5.68E-20 1.47E-14 8.00E-13 2.85E-12
 5.24E-12 9.34E-12 1.44E-11 1.94E-11 2.22E-11 2.28E-11
 1.00E-74 1.00E-74 2.09E-47 3.81E-29 5.68E-20 1.47E-14 8.00E-13 2.85E-12
 5.24E-12 9.34E-12 1.44E-11 1.94E-11 2.22E-11 2.28E-11
 1.00E-74 1.00E-74 1.25E-47 3.81E-29 5.68E-20 1.47E-14 8.00E-13 2.85E-12
 5.24E-12 9.34E-12 1.44E-11 1.94E-11 2.22E-11 2.28E-11
 1.00E-74 1.00E-74 1.23E-47 3.82E-29 5.68E-20 1.48E-14 8.00E-13 2.85E-12
 5.24E-12 9.34E-12 1.44E-11 1.94E-11 2.22E-11 2.28E-11
 1.00E-74 1.00E-74 1.25E-47 3.85E-29 5.72E-20 1.48E-14 8.01E-13 2.85E-12
 5.24E-12 9.34E-12 1.43E-11 1.94E-11 2.21E-11 2.28E-11
  23.5432    7  14 /pl=01:ss=11:pb= 1:sz=11/type=excit/ispb = t/isel =    8
 1.00E+10 1.00E+11 1.00E+12 1.00E+13 1.00E+14 1.00E+15 1.00E+16
 2.48E+00 3.72E+00 6.20E+00 1.24E+01 2.48E+01 6.20E+01 1.24E+02 1.86E+02
 2.48E+02 3.72E+02 6.20E+02 1.24E+03 2.48E+03 3.72E+03
 1.00E-74 1.00E-74 1.00E-74 2.16E-30 2.79E-21 7.04E-16 3.81E-14 1.34E-13
 2.43E-13 4.21E-13 6.17E-13 7.57E-13 7.77E-13 7.58E-13
 1.00E-74 1.00E-74 1.00E-74 2.16E-30 2.79E-21 7.04E-16 3.81E-14 1.34E-13
 2.43E-13 4.21E-13 6.17E-13 7.57E-13 7.77E-13 7.58E-13
 1.00E-74 1.00E-74 1.00E-74 2.16E-30 2.79E-21 7.04E-16 3.81E-14 1.34E-13
 2.43E-13 4.21E-13 6.17E-13 7.57E-13 7.77E-13 7.58E-13
 1.00E-74 1.00E-74 1.00E-74 2.16E-30 2.79E-21 7.04E-16 3.81E-14 1.34E-13
 2.43E-13 4.21E-13 6.17E-13 7.57E-13 7.77E-13 7.58E-13
 1.00E-74 1.00E-74 1.43E-48 2.17E-30 2.79E-21 7.04E-16 3.81E-14 1.34E-13
 2.43E-13 4.21E-13 6.17E-13 7.57E-13 7.77E-13 7.58E-13
 1.00E-74 1.00E-74 1.15E-48 2.21E-30 2.84E-21 7.10E-16 3.83E-14 1.34E-13
 2.44E-13 4.22E-13 6.19E-13 7.58E-13 7.78E-13 7.59E-13
 1.00E-74 1.00E-74 1.35E-48 2.63E-30 3.24E-21 7.70E-16 4.05E-14 1.41E-13
 2.54E-13 4.37E-13 6.36E-13 7.74E-13 7.90E-13 7.69E-13
  23.6371    7  14 /pl=01:ss=11:pb= 1:sz=11/type=excit/ispb = t/isel =    9
 1.00E+10 1.00E+11 1.00E+12 1.00E+13 1.00E+14 1.00E+15 1.00E+16
 2.48E+00 3.72E+00 6.20E+00 1.24E+01 2.48E+01 6.20E+01 1.24E+02 1.86E+02
 2.48E+02 3.72E+02 6.20E+02 1.24E+03 2.48E+03 3.72E+03
 1.00E-74 1.00E-74 1.00E-74 3.16E-31 3.93E-21 3.50E-15 2.79E-13 1.10E-12
 2.11E-12 3.81E-12 5.59E-12 6.51E-12 6.03E-12 5.39E-12
 1.00E-74 1.00E-74 1.00E-74 3.16E-31 3.93E-21 3.50E-15 2.79E-13 1.10E-12
 2.11E-12 3.81E-12 5.59E-12 6.51E-12 6.03E-12 5.39E-12
 1.00E-74 1.00E-74 1.00E-74 3.16E-31 3.93E-21 3.50E-15 2.79E-13 1.10E-12
 2.11E-12 3.81E-12 5.59E-12 6.51E-12 6.03E-12 5.39E-12
 1.00E-74 1.00E-74 1.00E-74 3.16E-31 3.93E-21 3.50E-15 2.79E-13 1.10E-12
 2.11E-12 3.81E-12 5.59E-12 6.51E-12 6.03E-12 5.39E-12
 1.00E-74 1.00E-74 1.00E-74 3.17E-31 3.93E-21 3.50E-15 2.79E-13 1.10E-12
 2.11E-12 3.81E-12 5.59E-12 6.51E-12 6.03E-12 5.39E-12
 1.00E-74 1.00E-74 1.00E-74 3.18E-31 3.94E-21 3.50E-15 2.80E-13 1.10E-12
 2.11E-12 3.82E-12 5.60E-12 6.51E-12 6.03E-12 5.40E-12
 1.00E-74 1.00E-74 1.00E-74 3.29E-31 4.05E-21 3.57E-15 2.84E-13 1.12E-12
 2.13E-12 3.85E-12 5.65E-12 6.57E-12 6.09E-12 5.45E-12
  25.4320    7  14 /pl=01:ss=11:pb= 1:sz=11/type=excit/ispb = t/isel =   10
 1.00E+10 1.00E+11 1.00E+12 1.00E+13 1.00E+14 1.00E+15 1.00E+16
 2.48E+00 3.72E+00 6.20E+00 1.24E+01 2.48E+01 6.20E+01 1.24E+02 1.86E+02
 2.48E+02 3.72E+02 6.20E+02 1.24E+03 2.48E+03 3.72E+03
 1.00E-74 1.00E-74 7.27E-44 7.97E-27 1.93E-18 1.65E-13 6.13E-12 1.90E-11
 3.26E-11 5.33E-11 7.58E-11 9.13E-11 9.45E-11 9.20E-11
 1.00E-74 1.00E-74 9.45E-44 7.97E-27 1.93E-18 1.65E-13 6.13E-12 1.90E-11
 3.26E-11 5.33E-11 7.58E-11 9.13E-11 9.45E-11 9.20E-11
 1.00E-74 1.00E-74 9.75E-44 7.97E-27 1.93E-18 1.65E-13 6.13E-12 1.90E-11
 3.26E-11 5.33E-11 7.58E-11 9.13E-11 9.45E-11 9.20E-11
 1.00E-74 1.00E-74 9.75E-44 7.97E-27 1.93E-18 1.65E-13 6.13E-12 1.90E-11
 3.26E-11 5.33E-11 7.58E-11 9.13E-11 9.45E-11 9.20E-11
 1.00E-74 1.00E-74 9.75E-44 7.97E-27 1.93E-18 1.65E-13 6.13E-12 1.90E-11
 3.26E-11 5.33E-11 7.58E-11 9.13E-11 9.45E-11 9.20E-11
 1.00E-74 1.00E-74 9.76E-44 7.98E-27 1.93E-18 1.65E-13 6.13E-12 1.90E-11
 3.27E-11 5.33E-11 7.59E-11 9.14E-11 9.45E-11 9.21E-11
 1.00E-74 1.00E-74 9.89E-44 8.05E-27 1.94E-18 1.66E-13 6.16E-12 1.91E-11
 3.28E-11 5.35E-11 7.61E-11 9.16E-11 9.48E-11 9.23E-11
  25.8996    7  14 /pl=01:ss=11:pb= 1:sz=11/type=excit/ispb = t/isel =   11
 1.00E+10 1.00E+11 1.00E+12 1.00E+13 1.00E+14 1.00E+15 1.00E+16
 2.48E+00 3.72E+00 6.20E+00 1.24E+01 2.48E+01 6.20E+01 1.24E+02 1.86E+02
 2.48E+02 3.72E+02 6.20E+02 1.24E+03 2.48E+03 3.72E+03
 1.00E-74 1.00E-74 1.00E-74 3.83E-29 7.50E-20 2.22E-14 1.23E-12 4.30E-12
 7.73E-12 1.32E-11 1.86E-11 2.10E-11 1.92E-11 1.72E-11
 1.00E-74 1.00E-74 1.00E-74 3.83E-29 7.50E-20 2.22E-14 1.23E-12 4.30E-12
 7.73E-12 1.32E-11 1.86E-11 2.10E-11 1.92E-11 1.72E-11
 1.00E-74 1.00E-74 1.00E-74 3.83E-29 7.50E-20 2.22E-14 1.23E-12 4.30E-12
 7.73E-12 1.32E-11 1.86E-11 2.10E-11 1.92E-11 1.72E-11
 1.00E-74 1.00E-74 1.00E-74 3.83E-29 7.50E-20 2.22E-14 1.23E-12 4.30E-12
 7.73E-12 1.32E-11 1.86E-11 2.10E-11 1.92E-11 1.72E-11
 1.00E-74 1.00E-74 5.20E-48 3.83E-29 7.51E-20 2.22E-14 1.23E-12 4.30E-12
 7.73E-12 1.32E-11 1.86E-11 2.10E-11 1.92E-11 1.72E-11
 1.00E-74 1.00E-74 7.28E-48 3.84E-29 7.52E-20 2.22E-14 1.23E-12 4.31E-12
 7.73E-12 1.32E-11 1.86E-11 2.10E-11 1.92E-11 1.72E-11
 1.00E-74 1.00E-74 7.38E-48 3.93E-29 7.64E-20 2.24E-14 1.24E-12 4.33E-12
 7.77E-12 1.32E-11 1.87E-11 2.10E-11 1.92E-11 1.73E-11
  26.1743    7  14 /pl=01:ss=11:pb= 1:sz=11/type=excit/ispb = t/isel =   12
 1.00E+10 1.00E+11 1.00E+12 1.00E+13 1.00E+14 1.00E+15 1.00E+16
 2.48E+00 3.72E+00 6.20E+00 1.24E+01 2.48E+01 6.20E+01 1.24E+02 1.86E+02
 2.48E+02 3.72E+02 6.20E+02 1.24E+03 2.48E+03 3.72E+03
 1.00E-74 1.00E-74 1.50E-44 4.84E-28 7.27E-20 5.71E-15 2.27E-13 7.27E-13
 1.27E-12 2.11E-12 2.98E-12 3.55E-12 3.56E-12 3.42E-12
 1.00E-74 1.00E-74 1.80E-44 4.84E-28 7.27E-20 5.71E-15 2.27E-13 7.27E-13
 1.27E-12 2.11E-12 2.98E-12 3.55E-12 3.56E-12 3.42E-12
 1.00E-74 1.00E-74 1.77E-44 4.84E-28 7.27E-20 5.71E-15 2.27E-13 7.27E-13
 1.27E-12 2.11E-12 2.98E-12 3.55E-12 3.56E-12 3.42E-12
 1.00E-74 1.00E-74 1.77E-44 4.84E-28 7.27E-20 5.71E-15 2.27E-13 7.27E-13
 1.27E-12 2.11E-12 2.98E-12 3.55E-12 3.56E-12 3.42E-12
 1.00E-74 1.00E-74 1.77E-44 4.84E-28 7.27E-20 5.71E-15 2.27E-13 7.27E-13
 1.27E-12 2.11E-12 2.98E-12 3.55E-12 3.56E-12 3.42E-12
 1.00E-74 1.00E-74 1.79E-44 4.90E-28 7.33E-20 5.73E-15 2.27E-13 7.28E-13
 1.27E-12 2.11E-12 2.98E-12 3.55E-12 3.56E-12 3.42E-12
 1.00E-74 1.00E-74 1.98E-44 5.37E-28 7.87E-20 5.92E-15 2.30E-13 7.34E-13
 1.27E-12 2.12E-12 3.00E-12 3.57E-12 3.58E-12 3.44E-12
  29.4576    7  14 /pl=01:ss=11:pb= 1:sz=11/type=excit/ispb = t/isel =   13
 1.00E+10 1.00E+11 1.00E+12 1.00E+13 1.00E+14 1.00E+15 1.00E+16
 2.48E+00 3.72E+00 6.20E+00 1.24E+01 2.48E+01 6.20E+01 1.24E+02 1.86E+02
 2.48E+02 3.72E+02 6.20E+02 1.24E+03 2.48E+03 3.72E+03
 1.00E-74 1.00E-74 3.23E-39 1.23E-24 2.04E-17 3.56E-13 8.22E-12 2.24E-11
 3.63E-11 5.77E-11 8.21E-11 1.06E-10 1.19E-10 1.22E-10
 1.00E-74 1.00E-74 3.23E-39 1.23E-24 2.04E-17 3.56E-13 8.22E-12 2.24E-11
 3.63E-11 5.77E-11 8.21E-11 1.06E-10 1.19E-10 1.22E-10
 1.00E-74 1.00E-74 3.23E-39 1.23E-24 2.04E-17 3.56E-13 8.22E-12 2.24E-11
 3.63E-11 5.77E-11 8.21E-11 1.06E-10 1.19E-10 1.22E-10
 1.00E-74 1.00E-74 3.23E-39 1.23E-24 2.04E-17 3.56E-13 8.22E-12 2.24E-11
 3.63E-11 5.77E-11 8.21E-11 1.06E-10 1.19E-10 1.22E-10
 1.00E-74 1.00E-74 3.23E-39 1.23E-24 2.04E-17 3.56E-13 8.22E-12 2.24E-11
 3.63E-11 5.77E-11 8.21E-11 1.06E-10 1.19E-10 1.22E-10
 1.00E-74 1.00E-74 3.24E-39 1.24E-24 2.04E-17 3.57E-13 8.22E-12 2.24E-11
 3.63E-11 5.77E-11 8.21E-11 1.06E-10 1.19E-10 1.22E-10
 1.00E-74 1.00E-74 3.31E-39 1.25E-24 2.07E-17 3.59E-13 8.26E-12 2.25E-11
 3.64E-11 5.78E-11 8.22E-11 1.06E-10 1.19E-10 1.22E-10
  32.0160    7  14 /pl=01:ss=11:pb= 1:sz=11/type=excit/ispb = t/isel =   14
 1.00E+10 1.00E+11 1.00E+12 1.00E+13 1.00E+14 1.00E+15 1.00E+16
 2.48E+00 3.72E+00 6.20E+00 1.24E+01 2.48E+01 6.20E+01 1.24E+02 1.86E+02
 2.48E+02 3.72E+02 6.20E+02 1.24E+03 2.48E+03 3.72E+03
 1.00E-74 1.00E-74 5.36E-36 1.36E-22 5.78E-16 4.36E-12 7.31E-11 1.75E-10
 2.65E-10 3.89E-10 5.08E-10 5.92E-10 6.08E-10 5.95E-10
 1.00E-74 1.00E-74 5.36E-36 1.36E-22 5.78E-16 4.36E-12 7.31E-11 1.75E-10
 2.65E-10 3.89E-10 5.08E-10 5.92E-10 6.08E-10 5.95E-10
 1.00E-74 1.00E-74 5.36E-36 1.36E-22 5.78E-16 4.36E-12 7.31E-11 1.75E-10
 2.65E-10 3.89E-10 5.08E-10 5.92E-10 6.08E-10 5.95E-10
 1.00E-74 1.00E-74 5.36E-36 1.36E-22 5.78E-16 4.36E-12 7.31E-11 1.75E-10
 2.65E-10 3.89E-10 5.08E-10 5.92E-10 6.08E-10 5.95E-10
 1.00E-74 1.00E-74 5.36E-36 1.36E-22 5.78E-16 4.36E-12 7.31E-11 1.75E-10
 2.65E-10 3.89E-10 5.08E-10 5.92E-10 6.08E-10 5.95E-10
 1.00E-74 1.00E-74 5.40E-36 1.37E-22 5.80E-16 4.37E-12 7.33E-11 1.76E-10
 2.66E-10 3.89E-10 5.09E-10 5.93E-10 6.08E-10 5.95E-10
 1.00E-74 1.00E-74 5.74E-36 1.43E-22 6.00E-16 4.48E-12 7.49E-11 1.79E-10
 2.71E-10 3.96E-10 5.16E-10 5.98E-10 6.12E-10 5.99E-10
  32.7438    7  14 /pl=01:ss=11:pb= 1:sz=11/type=excit/ispb = t/isel =   15
 1.00E+10 1.00E+11 1.00E+12 1.00E+13 1.00E+14 1.00E+15 1.00E+16
 2.48E+00 3.72E+00 6.20E+00 1.24E+01 2.48E+01 6.20E+01 1.24E+02 1.86E+02
 2.48E+02 3.72E+02 6.20E+02 1.24E+03 2.48E+03 3.72E+03
 1.00E-74 1.00E-74 4.42E-40 7.48E-25 2.61E-17 6.80E-13 1.69E-11 4.52E-11
 7.13E-11 1.07E-10 1.37E-10 1.45E-10 1.29E-10 1.15E-10
 1.00E-74 1.00E-74 4.42E-40 7.48E-25 2.61E-17 6.80E-13 1.69E-11 4.52E-11
 7.13E-11 1.07E-10 1.37E-10 1.45E-10 1.29E-10 1.15E-10
 1.00E-74 1.00E-74 4.42E-40 7.48E-25 2.61E-17 6.80E-13 1.69E-11 4.52E-11
 7.13E-11 1.07E-10 1.37E-10 1.45E-10 1.29E-10 1.15E-10
 1.00E-74 1.00E-74 4.42E-40 7.48E-25 2.61E-17 6.80E-13 1.69E-11 4.52E-11
 7.13E-11 1.07E-10 1.37E-10 1.45E-10 1.29E-10 1.15E-10
 1.00E-74 1.00E-74 4.42E-40 7.49E-25 2.61E-17 6.80E-13 1.69E-11 4.52E-11
 7.13E-11 1.07E-10 1.37E-10 1.45E-10 1.29E-10 1.15E-10
 1.00E-74 1.00E-74 4.43E-40 7.50E-25 2.61E-17 6.80E-13 1.69E-11 4.53E-11
 7.13E-11 1.07E-10 1.37E-10 1.45E-10 1.29E-10 1.15E-10
 1.00E-74 1.00E-74 4.55E-40 7.65E-25 2.65E-17 6.86E-13 1.70E-11 4.55E-11
 7.16E-11 1.08E-10 1.37E-10 1.46E-10 1.29E-10 1.15E-10
  33.6400    7  14 /pl=01:ss=11:pb= 1:sz=11/type=excit/ispb = t/isel =   16
 1.00E+10 1.00E+11 1.00E+12 1.00E+13 1.00E+14 1.00E+15 1.00E+16
 2.48E+00 3.72E+00 6.20E+00 1.24E+01 2.48E+01 6.20E+01 1.24E+02 1.86E+02
 2.48E+02 3.72E+02 6.20E+02 1.24E+03 2.48E+03 3.72E+03
 1.00E-74 1.00E-74 1.89E-36 1.06E-23 2.12E-17 1.04E-13 1.56E-12 3.62E-12
 5.36E-12 7.59E-12 9.42E-12 9.84E-12 8.93E-12 8.10E-12
 1.00E-74 1.00E-74 1.89E-36 1.06E-23 2.12E-17 1.04E-13 1.56E-12 3.62E-12
 5.36E-12 7.59E-12 9.42E-12 9.84E-12 8.93E-12 8.10E-12
 1.00E-74 1.00E-74 1.89E-36 1.06E-23 2.12E-17 1.04E-13 1.56E-12 3.62E-12
 5.36E-12 7.59E-12 9.42E-12 9.84E-12 8.92E-12 8.10E-12
 1.00E-74 1.00E-74 1.89E-36 1.06E-23 2.12E-17 1.04E-13 1.56E-12 3.62E-12
 5.36E-12 7.59E-12 9.42E-12 9.84E-12 8.92E-12 8.10E-12
 1.00E-74 1.00E-74 1.89E-36 1.06E-23 2.12E-17 1.04E-13 1.55E-12 3.61E-12
 5.35E-12 7.58E-12 9.41E-12 9.83E-12 8.92E-12 8.10E-12
 1.00E-74 1.00E-74 1.85E-36 1.04E-23 2.08E-17 1.02E-13 1.53E-12 3.57E-12
 5.29E-12 7.50E-12 9.32E-12 9.76E-12 8.87E-12 8.06E-12
 1.00E-74 1.43E-53 1.55E-36 8.88E-24 1.79E-17 8.90E-14 1.35E-12 3.18E-12
 4.74E-12 6.79E-12 8.54E-12 9.08E-12 8.36E-12 7.65E-12
  35.2910    7  14 /pl=01:ss=11:pb= 1:sz=11/type=excit/ispb = t/isel =   17
 1.00E+10 1.00E+11 1.00E+12 1.00E+13 1.00E+14 1.00E+15 1.00E+16
 2.48E+00 3.72E+00 6.20E+00 1.24E+01 2.48E+01 6.20E+01 1.24E+02 1.86E+02
 2.48E+02 3.72E+02 6.20E+02 1.24E+03 2.48E+03 3.72E+03
 1.00E-74 1.00E-74 8.32E-35 2.40E-22 4.05E-16 1.90E-12 2.92E-11 6.94E-11
 1.04E-10 1.50E-10 1.90E-10 2.03E-10 1.88E-10 1.74E-10
 1.00E-74 1.00E-74 8.32E-35 2.40E-22 4.05E-16 1.90E-12 2.92E-11 6.94E-11
 1.04E-10 1.50E-10 1.90E-10 2.03E-10 1.88E-10 1.74E-10
 1.00E-74 1.00E-74 8.32E-35 2.40E-22 4.05E-16 1.90E-12 2.92E-11 6.94E-11
 1.04E-10 1.50E-10 1.90E-10 2.03E-10 1.88E-10 1.74E-10
 1.00E-74 1.00E-74 8.32E-35 2.40E-22 4.05E-16 1.90E-12 2.92E-11 6.94E-11
 1.04E-10 1.50E-10 1.90E-10 2.03E-10 1.88E-10 1.74E-10
 1.00E-74 1.00E-74 8.32E-35 2.40E-22 4.04E-16 1.90E-12 2.92E-11 6.94E-11
 1.04E-10 1.50E-10 1.90E-10 2.03E-10 1.88E-10 1.73E-10
 1.00E-74 1.00E-74 8.32E-35 2.39E-22 4.02E-16 1.89E-12 2.90E-11 6.90E-11
 1.04E-10 1.49E-10 1.89E-10 2.02E-10 1.88E-10 1.73E-10
 1.00E-74 1.00E-74 8.31E-35 2.34E-22 3.85E-16 1.78E-12 2.74E-11 6.54E-11
 9.85E-11 1.43E-10 1.81E-10 1.96E-10 1.83E-10 1.69E-10
  56.2296    7  14 /pl=01:ss=11:pb= 1:sz=11/type=excit/ispb = t/isel =   18
 1.00E+10 1.00E+11 1.00E+12 1.00E+13 1.00E+14 1.00E+15 1.00E+16
 2.48E+00 3.72E+00 6.20E+00 1.24E+01 2.48E+01 6.20E+01 1.24E+02 1.86E+02
 2.48E+02 3.72E+02 6.20E+02 1.24E+03 2.48E+03 3.72E+03
 1.00E-74 1.00E-74 1.00E-74 1.42E-31 1.02E-21 6.49E-16 4.63E-14 1.76E-13
 3.30E-13 5.87E-13 8.51E-13 9.77E-13 8.94E-13 8.00E-13
 1.00E-74 1.00E-74 1.00E-74 1.42E-31 1.02E-21 6.49E-16 4.63E-14 1.76E-13
 3.30E-13 5.87E-13 8.51E-13 9.77E-13 8.94E-13 8.00E-13
 1.00E-74 1.00E-74 1.00E-74 1.42E-31 1.02E-21 6.49E-16 4.63E-14 1.76E-13
 3.30E-13 5.87E-13 8.51E-13 9.77E-13 8.94E-13 8.00E-13
 1.00E-74 1.00E-74 1.00E-74 1.42E-31 1.02E-21 6.49E-16 4.63E-14 1.76E-13
 3.30E-13 5.87E-13 8.51E-13 9.77E-13 8.94E-13 8.00E-13
 1.00E-74 1.00E-74 1.00E-74 1.41E-31 1.01E-21 6.47E-16 4.62E-14 1.76E-13
 3.29E-13 5.85E-13 8.49E-13 9.76E-13 8.93E-13 8.00E-13
 1.00E-74 1.00E-74 1.00E-74 1.35E-31 9.73E-22 6.27E-16 4.50E-14 1.72E-13
 3.23E-13 5.75E-13 8.38E-13 9.67E-13 8.88E-13 7.96E-13
 1.00E-74 1.00E-74 1.79E-51 1.06E-31 7.79E-22 5.17E-16 3.80E-14 1.47E-13
 2.80E-13 5.07E-13 7.53E-13 8.93E-13 8.42E-13 7.66E-13
  60.5031    7  14 /pl=01:ss=11:pb= 1:sz=11/type=excit/ispb = t/isel =   19
 1.00E+10 1.00E+11 1.00E+12 1.00E+13 1.00E+14 1.00E+15 1.00E+16
 2.48E+00 3.72E+00 6.20E+00 1.24E+01 2.48E+01 6.20E+01 1.24E+02 1.86E+02
 2.48E+02 3.72E+02 6.20E+02 1.24E+03 2.48E+03 3.72E+03
 1.00E-74 1.00E-74 1.00E-74 9.55E-31 3.70E-21 1.65E-15 1.04E-13 3.81E-13
 7.01E-13 1.22E-12 1.75E-12 2.00E-12 1.84E-12 1.65E-12
 1.00E-74 1.00E-74 1.00E-74 9.55E-31 3.70E-21 1.65E-15 1.04E-13 3.81E-13
 7.01E-13 1.22E-12 1.75E-12 2.00E-12 1.84E-12 1.65E-12
 1.00E-74 1.00E-74 1.00E-74 9.55E-31 3.70E-21 1.65E-15 1.04E-13 3.81E-13
 7.01E-13 1.22E-12 1.75E-12 2.00E-12 1.84E-12 1.65E-12
 1.00E-74 1.00E-74 1.00E-74 9.55E-31 3.70E-21 1.65E-15 1.04E-13 3.81E-13
 7.01E-13 1.22E-12 1.75E-12 2.00E-12 1.84E-12 1.65E-12
 1.00E-74 1.00E-74 1.00E-74 9.53E-31 3.70E-21 1.65E-15 1.04E-13 3.81E-13
 7.01E-13 1.22E-12 1.75E-12 2.00E-12 1.84E-12 1.65E-12
 1.00E-74 1.00E-74 5.63E-50 9.38E-31 3.65E-21 1.63E-15 1.03E-13 3.78E-13
 6.96E-13 1.21E-12 1.74E-12 1.99E-12 1.83E-12 1.65E-12
 1.00E-74 1.00E-74 3.94E-50 8.30E-31 3.26E-21 1.48E-15 9.52E-14 3.52E-13
 6.52E-13 1.14E-12 1.66E-12 1.93E-12 1.79E-12 1.62E-12
  60.6460    7  14 /pl=01:ss=11:pb= 1:sz=11/type=excit/ispb = t/isel =   20
 1.00E+10 1.00E+11 1.00E+12 1.00E+13 1.00E+14 1.00E+15 1.00E+16
 2.48E+00 3.72E+00 6.20E+00 1.24E+01 2.48E+01 6.20E+01 1.24E+02 1.86E+02
 2.48E+02 3.72E+02 6.20E+02 1.24E+03 2.48E+03 3.72E+03
 1.00E-74 1.00E-74 1.00E-74 2.71E-31 2.04E-21 1.35E-15 9.84E-14 3.80E-13
 7.22E-13 1.31E-12 2.00E-12 2.54E-12 2.65E-12 2.59E-12
 1.00E-74 1.00E-74 1.00E-74 2.71E-31 2.04E-21 1.35E-15 9.84E-14 3.80E-13
 7.22E-13 1.31E-12 2.00E-12 2.54E-12 2.65E-12 2.59E-12
 1.00E-74 1.00E-74 1.00E-74 2.71E-31 2.04E-21 1.35E-15 9.84E-14 3.80E-13
 7.22E-13 1.31E-12 2.00E-12 2.54E-12 2.65E-12 2.59E-12
 1.00E-74 1.00E-74 1.00E-74 2.71E-31 2.04E-21 1.35E-15 9.84E-14 3.80E-13
 7.22E-13 1.31E-12 2.00E-12 2.54E-12 2.65E-12 2.59E-12
 1.00E-74 1.00E-74 1.00E-74 2.71E-31 2.04E-21 1.35E-15 9.83E-14 3.80E-13
 7.22E-13 1.31E-12 2.00E-12 2.54E-12 2.65E-12 2.59E-12
 1.00E-74 1.00E-74 1.00E-74 2.70E-31 2.04E-21 1.35E-15 9.81E-14 3.79E-13
 7.20E-13 1.31E-12 2.00E-12 2.54E-12 2.65E-12 2.59E-12
 1.00E-74 1.00E-74 4.05E-51 2.60E-31 1.96E-21 1.31E-15 9.58E-14 3.71E-13
 7.06E-13 1.29E-12 1.97E-12 2.50E-12 2.61E-12 2.55E-12
  65.3942    7  14 /pl=01:ss=11:pb= 1:sz=11/type=excit/ispb = t/isel =   21
 1.00E+10 1.00E+11 1.00E+12 1.00E+13 1.00E+14 1.00E+15 1.00E+16
 2.48E+00 3.72E+00 6.20E+00 1.24E+01 2.48E+01 6.20E+01 1.24E+02 1.86E+02
 2.48E+02 3.72E+02 6.20E+02 1.24E+03 2.48E+03 3.72E+03
 1.00E-74 1.00E-74 1.00E-74 1.57E-30 6.53E-21 3.05E-15 1.98E-13 7.37E-13
 1.38E-12 2.45E-12 3.70E-12 4.63E-12 4.83E-12 4.71E-12
 1.00E-74 1.00E-74 1.00E-74 1.57E-30 6.53E-21 3.05E-15 1.98E-13 7.37E-13
 1.38E-12 2.45E-12 3.70E-12 4.63E-12 4.83E-12 4.71E-12
 1.00E-74 1.00E-74 1.00E-74 1.57E-30 6.53E-21 3.05E-15 1.98E-13 7.37E-13
 1.38E-12 2.45E-12 3.70E-12 4.63E-12 4.83E-12 4.71E-12
 1.00E-74 1.00E-74 1.00E-74 1.57E-30 6.53E-21 3.05E-15 1.98E-13 7.37E-13
 1.38E-12 2.45E-12 3.70E-12 4.63E-12 4.83E-12 4.71E-12
 1.00E-74 1.00E-74 1.00E-74 1.57E-30 6.53E-21 3.05E-15 1.98E-13 7.37E-13
 1.38E-12 2.45E-12 3.70E-12 4.63E-12 4.83E-12 4.71E-12
 1.00E-74 1.00E-74 6.45E-50 1.57E-30 6.53E-21 3.05E-15 1.98E-13 7.37E-13
 1.38E-12 2.45E-12 3.70E-12 4.63E-12 4.83E-12 4.71E-12
 1.00E-74 1.00E-74 6.45E-50 1.56E-30 6.50E-21 3.04E-15 1.97E-13 7.34E-13
 1.37E-12 2.44E-12 3.68E-12 4.62E-12 4.81E-12 4.70E-12
  65.5555    7  14 /pl=01:ss=11:pb= 1:sz=11/type=excit/ispb = t/isel =   22
 1.00E+10 1.00E+11 1.00E+12 1.00E+13 1.00E+14 1.00E+15 1.00E+16
 2.48E+00 3.72E+00 6.20E+00 1.24E+01 2.48E+01 6.20E+01 1.24E+02 1.86E+02
 2.48E+02 3.72E+02 6.20E+02 1.24E+03 2.48E+03 3.72E+03
 1.00E-74 1.00E-74 1.00E-74 9.22E-33 3.09E-22 4.97E-16 4.81E-14 2.03E-13
 4.00E-13 7.44E-13 1.12E-12 1.32E-12 1.22E-12 1.09E-12
 1.00E-74 1.00E-74 1.00E-74 9.22E-33 3.09E-22 4.97E-16 4.81E-14 2.03E-13
 4.00E-13 7.44E-13 1.12E-12 1.32E-12 1.22E-12 1.09E-12
 1.00E-74 1.00E-74 1.00E-74 9.22E-33 3.09E-22 4.97E-16 4.81E-14 2.03E-13
 4.00E-13 7.44E-13 1.12E-12 1.32E-12 1.22E-12 1.09E-12
 1.00E-74 1.00E-74 1.00E-74 9.22E-33 3.09E-22 4.97E-16 4.81E-14 2.03E-13
 4.00E-13 7.44E-13 1.12E-12 1.32E-12 1.22E-12 1.09E-12
 1.00E-74 1.00E-74 1.00E-74 9.22E-33 3.09E-22 4.97E-16 4.81E-14 2.03E-13
 4.00E-13 7.45E-13 1.12E-12 1.32E-12 1.22E-12 1.09E-12
 1.00E-74 1.00E-74 1.00E-74 9.30E-33 3.11E-22 5.00E-16 4.83E-14 2.04E-13
 4.01E-13 7.47E-13 1.13E-12 1.32E-12 1.22E-12 1.09E-12
 1.00E-74 1.00E-74 1.00E-74 9.95E-33 3.28E-22 5.21E-16 5.00E-14 2.10E-13
 4.13E-13 7.68E-13 1.15E-12 1.36E-12 1.25E-12 1.12E-12
  66.5489    7  14 /pl=01:ss=11:pb= 1:sz=11/type=excit/ispb = t/isel =   23
 1.00E+10 1.00E+11 1.00E+12 1.00E+13 1.00E+14 1.00E+15 1.00E+16
 2.48E+00 3.72E+00 6.20E+00 1.24E+01 2.48E+01 6.20E+01 1.24E+02 1.86E+02
 2.48E+02 3.72E+02 6.20E+02 1.24E+03 2.48E+03 3.72E+03
 1.00E-74 1.00E-74 1.00E-74 1.35E-31 1.04E-21 6.95E-16 5.03E-14 1.94E-13
 3.67E-13 6.60E-13 9.83E-13 1.18E-12 1.13E-12 1.03E-12
 1.00E-74 1.00E-74 1.00E-74 1.35E-31 1.04E-21 6.95E-16 5.03E-14 1.94E-13
 3.67E-13 6.60E-13 9.83E-13 1.18E-12 1.13E-12 1.03E-12
 1.00E-74 1.00E-74 1.00E-74 1.35E-31 1.04E-21 6.95E-16 5.03E-14 1.94E-13
 3.67E-13 6.60E-13 9.83E-13 1.18E-12 1.13E-12 1.03E-12
 1.00E-74 1.00E-74 1.00E-74 1.35E-31 1.04E-21 6.95E-16 5.03E-14 1.94E-13
 3.67E-13 6.60E-13 9.83E-13 1.18E-12 1.13E-12 1.03E-12
 1.00E-74 1.00E-74 1.00E-74 1.35E-31 1.04E-21 6.97E-16 5.05E-14 1.94E-13
 3.67E-13 6.62E-13 9.85E-13 1.18E-12 1.13E-12 1.03E-12
 1.00E-74 1.00E-74 1.00E-74 1.43E-31 1.09E-21 7.21E-16 5.18E-14 1.99E-13
 3.75E-13 6.74E-13 1.00E-12 1.19E-12 1.14E-12 1.04E-12
 1.00E-74 1.00E-74 4.51E-51 1.97E-31 1.44E-21 9.06E-16 6.30E-14 2.37E-13
 4.42E-13 7.81E-13 1.14E-12 1.34E-12 1.26E-12 1.15E-12
  69.3855    7  14 /pl=01:ss=11:pb= 1:sz=11/type=excit/ispb = t/isel =   24
 1.00E+10 1.00E+11 1.00E+12 1.00E+13 1.00E+14 1.00E+15 1.00E+16
 2.48E+00 3.72E+00 6.20E+00 1.24E+01 2.48E+01 6.20E+01 1.24E+02 1.86E+02
 2.48E+02 3.72E+02 6.20E+02 1.24E+03 2.48E+03 3.72E+03
 1.00E-74 1.00E-74 1.00E-74 1.84E-29 2.51E-20 6.07E-15 3.17E-13 1.09E-12
 1.95E-12 3.29E-12 4.63E-12 5.24E-12 4.81E-12 4.36E-12
 1.00E-74 1.00E-74 1.00E-74 1.84E-29 2.51E-20 6.07E-15 3.17E-13 1.09E-12
 1.95E-12 3.29E-12 4.63E-12 5.24E-12 4.81E-12 4.36E-12
 1.00E-74 1.00E-74 1.00E-74 1.84E-29 2.51E-20 6.07E-15 3.17E-13 1.09E-12
 1.95E-12 3.29E-12 4.63E-12 5.24E-12 4.81E-12 4.36E-12
 1.00E-74 1.00E-74 9.44E-48 1.84E-29 2.51E-20 6.07E-15 3.17E-13 1.09E-12
 1.94E-12 3.29E-12 4.63E-12 5.24E-12 4.81E-12 4.36E-12
 1.00E-74 1.00E-74 7.08E-48 1.84E-29 2.51E-20 6.06E-15 3.17E-13 1.09E-12
 1.94E-12 3.29E-12 4.63E-12 5.24E-12 4.81E-12 4.36E-12
 1.00E-74 1.00E-74 7.27E-48 1.83E-29 2.50E-20 6.05E-15 3.16E-13 1.08E-12
 1.94E-12 3.28E-12 4.63E-12 5.23E-12 4.81E-12 4.35E-12
 1.00E-74 1.00E-74 7.06E-48 1.78E-29 2.43E-20 5.89E-15 3.09E-13 1.06E-12
 1.90E-12 3.23E-12 4.56E-12 5.18E-12 4.77E-12 4.32E-12
  72.1693    7  14 /pl=01:ss=11:pb= 1:sz=11/type=excit/ispb = t/isel =   25
 1.00E+10 1.00E+11 1.00E+12 1.00E+13 1.00E+14 1.00E+15 1.00E+16
 2.48E+00 3.72E+00 6.20E+00 1.24E+01 2.48E+01 6.20E+01 1.24E+02 1.86E+02
 2.48E+02 3.72E+02 6.20E+02 1.24E+03 2.48E+03 3.72E+03
 1.00E-74 1.00E-74 1.00E-74 7.61E-31 3.29E-21 1.55E-15 1.01E-13 3.74E-13
 6.94E-13 1.23E-12 1.80E-12 2.14E-12 2.04E-12 1.87E-12
 1.00E-74 1.00E-74 1.00E-74 7.61E-31 3.29E-21 1.55E-15 1.01E-13 3.74E-13
 6.94E-13 1.23E-12 1.80E-12 2.14E-12 2.04E-12 1.87E-12
 1.00E-74 1.00E-74 1.00E-74 7.61E-31 3.29E-21 1.55E-15 1.01E-13 3.74E-13
 6.94E-13 1.23E-12 1.80E-12 2.14E-12 2.04E-12 1.87E-12
 1.00E-74 1.00E-74 1.00E-74 7.61E-31 3.29E-21 1.56E-15 1.01E-13 3.74E-13
 6.94E-13 1.23E-12 1.80E-12 2.14E-12 2.04E-12 1.87E-12
 1.00E-74 1.00E-74 1.00E-74 7.63E-31 3.30E-21 1.56E-15 1.01E-13 3.74E-13
 6.95E-13 1.23E-12 1.80E-12 2.14E-12 2.04E-12 1.87E-12
 1.00E-74 1.00E-74 1.00E-74 7.81E-31 3.35E-21 1.58E-15 1.02E-13 3.78E-13
 7.01E-13 1.24E-12 1.81E-12 2.15E-12 2.05E-12 1.88E-12
 1.00E-74 1.00E-74 3.92E-50 9.35E-31 3.89E-21 1.77E-15 1.12E-13 4.10E-13
 7.55E-13 1.32E-12 1.92E-12 2.25E-12 2.13E-12 1.95E-12
  75.2107    7  14 /pl=01:ss=11:pb= 1:sz=11/type=excit/ispb = t/isel =   26
 1.00E+10 1.00E+11 1.00E+12 1.00E+13 1.00E+14 1.00E+15 1.00E+16
 2.48E+00 3.72E+00 6.20E+00 1.24E+01 2.48E+01 6.20E+01 1.24E+02 1.86E+02
 2.48E+02 3.72E+02 6.20E+02 1.24E+03 2.48E+03 3.72E+03
 1.00E-74 1.00E-74 1.00E-74 2.27E-29 3.51E-20 9.07E-15 4.84E-13 1.69E-12
 3.06E-12 5.31E-12 7.80E-12 9.68E-12 1.00E-11 9.77E-12
 1.00E-74 1.00E-74 1.00E-74 2.27E-29 3.51E-20 9.07E-15 4.84E-13 1.69E-12
 3.06E-12 5.31E-12 7.80E-12 9.68E-12 1.00E-11 9.77E-12
 1.00E-74 1.00E-74 1.00E-74 2.27E-29 3.51E-20 9.07E-15 4.84E-13 1.69E-12
 3.06E-12 5.31E-12 7.80E-12 9.68E-12 1.00E-11 9.77E-12
 1.00E-74 1.00E-74 1.10E-47 2.27E-29 3.51E-20 9.07E-15 4.84E-13 1.69E-12
 3.06E-12 5.31E-12 7.80E-12 9.68E-12 1.00E-11 9.77E-12
 1.00E-74 1.00E-74 6.63E-48 2.27E-29 3.51E-20 9.07E-15 4.84E-13 1.69E-12
 3.06E-12 5.31E-12 7.80E-12 9.68E-12 1.00E-11 9.77E-12
 1.00E-74 1.00E-74 6.85E-48 2.27E-29 3.51E-20 9.08E-15 4.84E-13 1.69E-12
 3.06E-12 5.31E-12 7.80E-12 9.68E-12 1.00E-11 9.77E-12
 1.00E-74 1.00E-74 6.93E-48 2.29E-29 3.53E-20 9.11E-15 4.86E-13 1.69E-12
 3.06E-12 5.32E-12 7.81E-12 9.69E-12 1.00E-11 9.78E-12
  75.4086    7  14 /pl=01:ss=11:pb= 1:sz=11/type=excit/ispb = t/isel =   27
 1.00E+10 1.00E+11 1.00E+12 1.00E+13 1.00E+14 1.00E+15 1.00E+16
 2.48E+00 3.72E+00 6.20E+00 1.24E+01 2.48E+01 6.20E+01 1.24E+02 1.86E+02
 2.48E+02 3.72E+02 6.20E+02 1.24E+03 2.48E+03 3.72E+03
 1.00E-74 1.00E-74 1.00E-74 1.41E-31 1.75E-21 1.56E-15 1.24E-13 4.90E-13
 9.40E-13 1.70E-12 2.49E-12 2.90E-12 2.69E-12 2.40E-12
 1.00E-74 1.00E-74 1.00E-74 1.41E-31 1.75E-21 1.56E-15 1.24E-13 4.90E-13
 9.40E-13 1.70E-12 2.49E-12 2.90E-12 2.69E-12 2.40E-12
 1.00E-74 1.00E-74 1.00E-74 1.41E-31 1.75E-21 1.56E-15 1.24E-13 4.90E-13
 9.40E-13 1.70E-12 2.49E-12 2.90E-12 2.69E-12 2.40E-12
 1.00E-74 1.00E-74 1.00E-74 1.41E-31 1.75E-21 1.56E-15 1.24E-13 4.90E-13
 9.40E-13 1.70E-12 2.49E-12 2.90E-12 2.69E-12 2.40E-12
 1.00E-74 1.00E-74 1.00E-74 1.41E-31 1.75E-21 1.56E-15 1.24E-13 4.90E-13
 9.40E-13 1.70E-12 2.49E-12 2.90E-12 2.69E-12 2.40E-12
 1.00E-74 1.00E-74 1.00E-74 1.42E-31 1.76E-21 1.56E-15 1.25E-13 4.91E-13
 9.41E-13 1.70E-12 2.49E-12 2.90E-12 2.69E-12 2.40E-12
 1.00E-74 1.00E-74 1.00E-74 1.47E-31 1.80E-21 1.59E-15 1.26E-13 4.97E-13
 9.51E-13 1.72E-12 2.52E-12 2.93E-12 2.71E-12 2.43E-12
  83.9321    7  14 /pl=01:ss=11:pb= 1:sz=11/type=excit/ispb = t/isel =   28
 1.00E+10 1.00E+11 1.00E+12 1.00E+13 1.00E+14 1.00E+15 1.00E+16
 2.48E+00 3.72E+00 6.20E+00 1.24E+01 2.48E+01 6.20E+01 1.24E+02 1.86E+02
 2.48E+02 3.72E+02 6.20E+02 1.24E+03 2.48E+03 3.72E+03
 1.00E-74 1.00E-74 1.00E-74 1.07E-29 1.75E-20 4.66E-15 2.49E-13 8.68E-13
 1.56E-12 2.68E-12 3.84E-12 4.50E-12 4.27E-12 3.91E-12
 1.00E-74 1.00E-74 1.00E-74 1.07E-29 1.75E-20 4.66E-15 2.49E-13 8.68E-13
 1.56E-12 2.68E-12 3.84E-12 4.50E-12 4.27E-12 3.91E-12
 1.00E-74 1.00E-74 1.00E-74 1.07E-29 1.75E-20 4.66E-15 2.49E-13 8.68E-13
 1.56E-12 2.68E-12 3.84E-12 4.50E-12 4.27E-12 3.91E-12
 1.00E-74 1.00E-74 1.00E-74 1.07E-29 1.75E-20 4.66E-15 2.49E-13 8.68E-13
 1.56E-12 2.68E-12 3.84E-12 4.50E-12 4.27E-12 3.91E-12
 1.00E-74 1.00E-74 3.19E-48 1.07E-29 1.76E-20 4.66E-15 2.49E-13 8.69E-13
 1.56E-12 2.68E-12 3.84E-12 4.50E-12 4.27E-12 3.91E-12
 1.00E-74 1.00E-74 2.88E-48 1.08E-29 1.77E-20 4.69E-15 2.51E-13 8.72E-13
 1.57E-12 2.69E-12 3.85E-12 4.51E-12 4.27E-12 3.91E-12
 1.00E-74 1.00E-74 3.31E-48 1.20E-29 1.91E-20 4.96E-15 2.62E-13 9.06E-13
 1.62E-12 2.77E-12 3.95E-12 4.60E-12 4.34E-12 3.97E-12
  86.8536    7  14 /pl=01:ss=11:pb= 1:sz=11/type=excit/ispb = t/isel =   29
 1.00E+10 1.00E+11 1.00E+12 1.00E+13 1.00E+14 1.00E+15 1.00E+16
 2.48E+00 3.72E+00 6.20E+00 1.24E+01 2.48E+01 6.20E+01 1.24E+02 1.86E+02
 2.48E+02 3.72E+02 6.20E+02 1.24E+03 2.48E+03 3.72E+03
 1.00E-74 1.00E-74 1.00E-74 4.12E-30 5.62E-21 1.36E-15 7.09E-14 2.43E-13
 4.35E-13 7.36E-13 1.04E-12 1.17E-12 1.08E-12 9.75E-13
 1.00E-74 1.00E-74 1.00E-74 4.12E-30 5.62E-21 1.36E-15 7.09E-14 2.43E-13
 4.35E-13 7.36E-13 1.04E-12 1.17E-12 1.08E-12 9.75E-13
 1.00E-74 1.00E-74 1.00E-74 4.12E-30 5.62E-21 1.36E-15 7.09E-14 2.43E-13
 4.35E-13 7.36E-13 1.04E-12 1.17E-12 1.08E-12 9.75E-13
 1.00E-74 1.00E-74 2.11E-48 4.12E-30 5.62E-21 1.36E-15 7.09E-14 2.43E-13
 4.35E-13 7.36E-13 1.04E-12 1.17E-12 1.08E-12 9.75E-13
 1.00E-74 1.00E-74 1.58E-48 4.12E-30 5.61E-21 1.36E-15 7.09E-14 2.43E-13
 4.35E-13 7.36E-13 1.04E-12 1.17E-12 1.08E-12 9.75E-13
 1.00E-74 1.00E-74 1.63E-48 4.10E-30 5.60E-21 1.35E-15 7.08E-14 2.42E-13
 4.34E-13 7.35E-13 1.03E-12 1.17E-12 1.08E-12 9.74E-13
 1.00E-74 1.00E-74 1.58E-48 3.98E-30 5.43E-21 1.32E-15 6.92E-14 2.38E-13
 4.26E-13 7.23E-13 1.02E-12 1.16E-12 1.07E-12 9.68E-13
  87.0012    7  14 /pl=01:ss=11:pb= 1:sz=11/type=excit/ispb = t/isel =   30
 1.00E+10 1.00E+11 1.00E+12 1.00E+13 1.00E+14 1.00E+15 1.00E+16
 2.48E+00 3.72E+00 6.20E+00 1.24E+01 2.48E+01 6.20E+01 1.24E+02 1.86E+02
 2.48E+02 3.72E+02 6.20E+02 1.24E+03 2.48E+03 3.72E+03
 1.00E-74 1.00E-74 1.00E-74 2.78E-32 3.04E-22 2.54E-16 2.01E-14 8.06E-14
 1.57E-13 2.96E-13 4.77E-13 6.63E-13 7.67E-13 7.90E-13
 1.00E-74 1.00E-74 1.00E-74 2.78E-32 3.04E-22 2.54E-16 2.01E-14 8.06E-14
 1.57E-13 2.96E-13 4.77E-13 6.63E-13 7.67E-13 7.90E-13
 1.00E-74 1.00E-74 1.00E-74 2.78E-32 3.04E-22 2.54E-16 2.01E-14 8.06E-14
 1.57E-13 2.96E-13 4.77E-13 6.63E-13 7.67E-13 7.90E-13
 1.00E-74 1.00E-74 1.00E-74 2.78E-32 3.04E-22 2.54E-16 2.01E-14 8.06E-14
 1.57E-13 2.96E-13 4.77E-13 6.63E-13 7.67E-13 7.90E-13
 1.00E-74 1.00E-74 1.00E-74 2.78E-32 3.04E-22 2.53E-16 2.01E-14 8.06E-14
 1.57E-13 2.96E-13 4.77E-13 6.63E-13 7.67E-13 7.90E-13
 1.00E-74 1.00E-74 1.00E-74 2.78E-32 3.03E-22 2.53E-16 2.01E-14 8.05E-14
 1.57E-13 2.96E-13 4.76E-13 6.62E-13 7.66E-13 7.90E-13
 1.00E-74 1.00E-74 1.00E-74 2.76E-32 3.00E-22 2.51E-16 1.99E-14 7.98E-14
 1.55E-13 2.93E-13 4.72E-13 6.57E-13 7.61E-13 7.85E-13
  95.9593    7  14 /pl=01:ss=11:pb= 1:sz=11/type=excit/ispb = t/isel =   31
 1.00E+10 1.00E+11 1.00E+12 1.00E+13 1.00E+14 1.00E+15 1.00E+16
 2.48E+00 3.72E+00 6.20E+00 1.24E+01 2.48E+01 6.20E+01 1.24E+02 1.86E+02
 2.48E+02 3.72E+02 6.20E+02 1.24E+03 2.48E+03 3.72E+03
 1.00E-74 1.00E-74 7.35E-44 3.47E-27 6.41E-19 4.81E-14 1.73E-12 5.32E-12
 8.96E-12 1.44E-11 1.94E-11 2.16E-11 1.98E-11 1.81E-11
 1.00E-74 1.00E-74 7.43E-44 3.47E-27 6.41E-19 4.81E-14 1.73E-12 5.32E-12
 8.96E-12 1.44E-11 1.94E-11 2.16E-11 1.98E-11 1.81E-11
 1.00E-74 1.00E-74 7.42E-44 3.47E-27 6.41E-19 4.81E-14 1.73E-12 5.32E-12
 8.96E-12 1.44E-11 1.94E-11 2.16E-11 1.98E-11 1.81E-11
 1.00E-74 1.00E-74 7.42E-44 3.47E-27 6.41E-19 4.81E-14 1.73E-12 5.32E-12
 8.96E-12 1.44E-11 1.94E-11 2.16E-11 1.98E-11 1.81E-11
 1.00E-74 1.00E-74 7.42E-44 3.47E-27 6.41E-19 4.81E-14 1.73E-12 5.32E-12
 8.96E-12 1.44E-11 1.94E-11 2.16E-11 1.98E-11 1.81E-11
 1.00E-74 1.00E-74 7.47E-44 3.49E-27 6.42E-19 4.82E-14 1.73E-12 5.32E-12
 8.97E-12 1.44E-11 1.95E-11 2.16E-11 1.99E-11 1.81E-11
 1.00E-74 1.00E-74 7.79E-44 3.58E-27 6.52E-19 4.86E-14 1.74E-12 5.35E-12
 9.00E-12 1.44E-11 1.95E-11 2.16E-11 1.99E-11 1.81E-11
  104.232    7  14 /pl=01:ss=11:pb= 1:sz=11/type=excit/ispb = t/isel =   32
 1.00E+10 1.00E+11 1.00E+12 1.00E+13 1.00E+14 1.00E+15 1.00E+16
 2.48E+00 3.72E+00 6.20E+00 1.24E+01 2.48E+01 6.20E+01 1.24E+02 1.86E+02
 2.48E+02 3.72E+02 6.20E+02 1.24E+03 2.48E+03 3.72E+03
 1.00E-74 1.00E-74 1.99E-44 2.18E-27 5.27E-19 4.51E-14 1.68E-12 5.20E-12
 8.93E-12 1.46E-11 2.07E-11 2.50E-11 2.59E-11 2.52E-11
 1.00E-74 1.00E-74 2.59E-44 2.18E-27 5.27E-19 4.51E-14 1.68E-12 5.20E-12
 8.93E-12 1.46E-11 2.07E-11 2.50E-11 2.59E-11 2.52E-11
 1.00E-74 1.00E-74 2.67E-44 2.18E-27 5.27E-19 4.51E-14 1.68E-12 5.20E-12
 8.93E-12 1.46E-11 2.07E-11 2.50E-11 2.59E-11 2.52E-11
 1.00E-74 1.00E-74 2.67E-44 2.18E-27 5.27E-19 4.51E-14 1.68E-12 5.20E-12
 8.93E-12 1.46E-11 2.07E-11 2.50E-11 2.59E-11 2.52E-11
 1.00E-74 1.00E-74 2.67E-44 2.18E-27 5.27E-19 4.51E-14 1.68E-12 5.20E-12
 8.93E-12 1.46E-11 2.07E-11 2.50E-11 2.59E-11 2.52E-11
 1.00E-74 1.00E-74 2.67E-44 2.18E-27 5.28E-19 4.51E-14 1.68E-12 5.20E-12
 8.93E-12 1.46E-11 2.08E-11 2.50E-11 2.59E-11 2.52E-11
 1.00E-74 1.00E-74 2.71E-44 2.20E-27 5.31E-19 4.54E-14 1.69E-12 5.22E-12
 8.97E-12 1.46E-11 2.08E-11 2.51E-11 2.59E-11 2.53E-11
  104.545    7  14 /pl=01:ss=11:pb= 1:sz=11/type=excit/ispb = t/isel =   33
 1.00E+10 1.00E+11 1.00E+12 1.00E+13 1.00E+14 1.00E+15 1.00E+16
 2.48E+00 3.72E+00 6.20E+00 1.24E+01 2.48E+01 6.20E+01 1.24E+02 1.86E+02
 2.48E+02 3.72E+02 6.20E+02 1.24E+03 2.48E+03 3.72E+03
 1.00E-74 1.00E-74 1.00E-74 1.47E-29 2.87E-20 8.49E-15 4.69E-13 1.65E-12
 2.96E-12 5.04E-12 7.11E-12 8.02E-12 7.33E-12 6.58E-12
 1.00E-74 1.00E-74 1.00E-74 1.47E-29 2.87E-20 8.49E-15 4.69E-13 1.65E-12
 2.96E-12 5.04E-12 7.11E-12 8.02E-12 7.33E-12 6.58E-12
 1.00E-74 1.00E-74 1.00E-74 1.47E-29 2.87E-20 8.49E-15 4.69E-13 1.65E-12
 2.96E-12 5.04E-12 7.11E-12 8.02E-12 7.33E-12 6.58E-12
 1.00E-74 1.00E-74 1.00E-74 1.47E-29 2.87E-20 8.49E-15 4.69E-13 1.65E-12
 2.96E-12 5.04E-12 7.11E-12 8.02E-12 7.33E-12 6.58E-12
 1.00E-74 1.00E-74 1.99E-48 1.47E-29 2.87E-20 8.49E-15 4.69E-13 1.65E-12
 2.96E-12 5.04E-12 7.11E-12 8.02E-12 7.33E-12 6.58E-12
 1.00E-74 1.00E-74 2.79E-48 1.47E-29 2.88E-20 8.49E-15 4.70E-13 1.65E-12
 2.96E-12 5.04E-12 7.12E-12 8.02E-12 7.33E-12 6.59E-12
 1.00E-74 1.00E-74 2.83E-48 1.51E-29 2.92E-20 8.58E-15 4.73E-13 1.66E-12
 2.98E-12 5.07E-12 7.15E-12 8.05E-12 7.36E-12 6.61E-12
  117.941    7  14 /pl=01:ss=11:pb= 1:sz=11/type=excit/ispb = t/isel =   34
 1.00E+10 1.00E+11 1.00E+12 1.00E+13 1.00E+14 1.00E+15 1.00E+16
 2.48E+00 3.72E+00 6.20E+00 1.24E+01 2.48E+01 6.20E+01 1.24E+02 1.86E+02
 2.48E+02 3.72E+02 6.20E+02 1.24E+03 2.48E+03 3.72E+03
 1.00E-74 1.00E-74 1.26E-44 4.08E-28 6.13E-20 4.81E-15 1.91E-13 6.13E-13
 1.07E-12 1.78E-12 2.51E-12 2.99E-12 3.00E-12 2.88E-12
 1.00E-74 1.00E-74 1.52E-44 4.08E-28 6.13E-20 4.81E-15 1.91E-13 6.13E-13
 1.07E-12 1.78E-12 2.51E-12 2.99E-12 3.00E-12 2.88E-12
 1.00E-74 1.00E-74 1.49E-44 4.08E-28 6.13E-20 4.81E-15 1.91E-13 6.13E-13
 1.07E-12 1.78E-12 2.51E-12 2.99E-12 3.00E-12 2.88E-12
 1.00E-74 1.00E-74 1.49E-44 4.08E-28 6.13E-20 4.81E-15 1.91E-13 6.13E-13
 1.07E-12 1.78E-12 2.51E-12 2.99E-12 3.00E-12 2.88E-12
 1.00E-74 1.00E-74 1.49E-44 4.08E-28 6.13E-20 4.81E-15 1.91E-13 6.13E-13
 1.07E-12 1.78E-12 2.51E-12 2.99E-12 3.00E-12 2.88E-12
 1.00E-74 1.00E-74 1.51E-44 4.13E-28 6.18E-20 4.83E-15 1.91E-13 6.13E-13
 1.07E-12 1.78E-12 2.51E-12 2.99E-12 3.00E-12 2.88E-12
 1.00E-74 1.00E-74 1.67E-44 4.52E-28 6.64E-20 4.99E-15 1.94E-13 6.19E-13
 1.07E-12 1.79E-12 2.53E-12 3.01E-12 3.02E-12 2.90E-12
  119.992    7  14 /pl=01:ss=11:pb= 1:sz=11/type=excit/ispb = t/isel =   35
 1.00E+10 1.00E+11 1.00E+12 1.00E+13 1.00E+14 1.00E+15 1.00E+16
 2.48E+00 3.72E+00 6.20E+00 1.24E+01 2.48E+01 6.20E+01 1.24E+02 1.86E+02
 2.48E+02 3.72E+02 6.20E+02 1.24E+03 2.48E+03 3.72E+03
 1.00E-74 1.00E-74 1.00E-74 9.61E-28 2.62E-19 2.38E-14 8.98E-13 2.79E-12
 4.75E-12 7.68E-12 1.05E-11 1.20E-11 1.12E-11 1.03E-11
 1.00E-74 1.00E-74 8.80E-45 9.61E-28 2.62E-19 2.38E-14 8.98E-13 2.79E-12
 4.75E-12 7.68E-12 1.05E-11 1.20E-11 1.12E-11 1.03E-11
 1.00E-74 1.00E-74 9.24E-45 9.61E-28 2.62E-19 2.38E-14 8.98E-13 2.79E-12
 4.75E-12 7.68E-12 1.05E-11 1.20E-11 1.12E-11 1.03E-11
 1.00E-74 1.00E-74 9.20E-45 9.61E-28 2.62E-19 2.38E-14 8.98E-13 2.79E-12
 4.75E-12 7.68E-12 1.05E-11 1.20E-11 1.12E-11 1.03E-11
 1.00E-74 1.00E-74 9.21E-45 9.63E-28 2.63E-19 2.39E-14 8.99E-13 2.79E-12
 4.75E-12 7.68E-12 1.05E-11 1.20E-11 1.12E-11 1.03E-11
 1.00E-74 1.00E-74 9.49E-45 9.84E-28 2.67E-19 2.41E-14 9.06E-13 2.81E-12
 4.78E-12 7.72E-12 1.06E-11 1.20E-11 1.13E-11 1.03E-11
 1.00E-74 1.00E-74 1.18E-44 1.16E-27 3.02E-19 2.63E-14 9.70E-13 2.99E-12
 5.05E-12 8.10E-12 1.10E-11 1.24E-11 1.15E-11 1.05E-11
  132.935    7  14 /pl=01:ss=11:pb= 1:sz=11/type=excit/ispb = t/isel =   36
 1.00E+10 1.00E+11 1.00E+12 1.00E+13 1.00E+14 1.00E+15 1.00E+16
 2.48E+00 3.72E+00 6.20E+00 1.24E+01 2.48E+01 6.20E+01 1.24E+02 1.86E+02
 2.48E+02 3.72E+02 6.20E+02 1.24E+03 2.48E+03 3.72E+03
 1.00E-74 1.00E-74 2.37E-44 1.12E-27 2.07E-19 1.55E-14 5.59E-13 1.72E-12
 2.89E-12 4.64E-12 6.27E-12 6.96E-12 6.40E-12 5.83E-12
 1.00E-74 1.00E-74 2.40E-44 1.12E-27 2.07E-19 1.55E-14 5.59E-13 1.72E-12
 2.89E-12 4.64E-12 6.27E-12 6.96E-12 6.40E-12 5.83E-12
 1.00E-74 1.00E-74 2.39E-44 1.12E-27 2.07E-19 1.55E-14 5.59E-13 1.72E-12
 2.89E-12 4.64E-12 6.27E-12 6.96E-12 6.40E-12 5.83E-12
 1.00E-74 1.00E-74 2.39E-44 1.12E-27 2.07E-19 1.55E-14 5.59E-13 1.72E-12
 2.89E-12 4.64E-12 6.27E-12 6.96E-12 6.40E-12 5.83E-12
 1.00E-74 1.00E-74 2.39E-44 1.12E-27 2.07E-19 1.55E-14 5.59E-13 1.72E-12
 2.89E-12 4.64E-12 6.27E-12 6.96E-12 6.40E-12 5.83E-12
 1.00E-74 1.00E-74 2.41E-44 1.12E-27 2.07E-19 1.55E-14 5.59E-13 1.72E-12
 2.89E-12 4.64E-12 6.27E-12 6.96E-12 6.40E-12 5.83E-12
 1.00E-74 1.00E-74 2.51E-44 1.15E-27 2.10E-19 1.57E-14 5.62E-13 1.72E-12
 2.90E-12 4.66E-12 6.29E-12 6.97E-12 6.41E-12 5.83E-12
  133.131    7  14 /pl=01:ss=11:pb= 1:sz=11/type=excit/ispb = t/isel =   37
 1.00E+10 1.00E+11 1.00E+12 1.00E+13 1.00E+14 1.00E+15 1.00E+16
 2.48E+00 3.72E+00 6.20E+00 1.24E+01 2.48E+01 6.20E+01 1.24E+02 1.86E+02
 2.48E+02 3.72E+02 6.20E+02 1.24E+03 2.48E+03 3.72E+03
 1.00E-74 1.00E-74 1.00E-74 4.78E-30 7.13E-21 1.85E-15 1.00E-13 3.58E-13
 6.58E-13 1.17E-12 1.80E-12 2.44E-12 2.78E-12 2.86E-12
 1.00E-74 1.00E-74 1.00E-74 4.78E-30 7.13E-21 1.85E-15 1.00E-13 3.58E-13
 6.58E-13 1.17E-12 1.80E-12 2.44E-12 2.78E-12 2.86E-12
 1.00E-74 1.00E-74 1.00E-74 4.78E-30 7.13E-21 1.85E-15 1.00E-13 3.58E-13
 6.58E-13 1.17E-12 1.80E-12 2.44E-12 2.78E-12 2.86E-12
 1.00E-74 1.00E-74 2.62E-48 4.78E-30 7.13E-21 1.85E-15 1.00E-13 3.58E-13
 6.58E-13 1.17E-12 1.80E-12 2.44E-12 2.78E-12 2.86E-12
 1.00E-74 1.00E-74 1.57E-48 4.79E-30 7.13E-21 1.85E-15 1.00E-13 3.58E-13
 6.58E-13 1.17E-12 1.80E-12 2.44E-12 2.78E-12 2.86E-12
 1.00E-74 1.00E-74 1.55E-48 4.79E-30 7.13E-21 1.85E-15 1.00E-13 3.58E-13
 6.58E-13 1.17E-12 1.80E-12 2.44E-12 2.78E-12 2.86E-12
 1.00E-74 1.00E-74 1.57E-48 4.83E-30 7.17E-21 1.86E-15 1.01E-13 3.58E-13
 6.58E-13 1.17E-12 1.80E-12 2.44E-12 2.78E-12 2.86E-12
  134.071    7  14 /pl=01:ss=11:pb= 1:sz=11/type=excit/ispb = t/isel =   38
 1.00E+10 1.00E+11 1.00E+12 1.00E+13 1.00E+14 1.00E+15 1.00E+16
 2.48E+00 3.72E+00 6.20E+00 1.24E+01 2.48E+01 6.20E+01 1.24E+02 1.86E+02
 2.48E+02 3.72E+02 6.20E+02 1.24E+03 2.48E+03 3.72E+03
 1.00E-74 1.00E-74 1.00E-74 1.03E-31 7.77E-22 5.15E-16 3.74E-14 1.45E-13
 2.75E-13 4.99E-13 7.63E-13 9.68E-13 1.01E-12 9.87E-13
 1.00E-74 1.00E-74 1.00E-74 1.03E-31 7.77E-22 5.15E-16 3.74E-14 1.45E-13
 2.75E-13 4.99E-13 7.63E-13 9.68E-13 1.01E-12 9.87E-13
 1.00E-74 1.00E-74 1.00E-74 1.03E-31 7.77E-22 5.15E-16 3.74E-14 1.45E-13
 2.75E-13 4.99E-13 7.63E-13 9.68E-13 1.01E-12 9.87E-13
 1.00E-74 1.00E-74 1.00E-74 1.03E-31 7.77E-22 5.15E-16 3.74E-14 1.45E-13
 2.75E-13 4.99E-13 7.63E-13 9.68E-13 1.01E-12 9.87E-13
 1.00E-74 1.00E-74 1.00E-74 1.03E-31 7.77E-22 5.15E-16 3.74E-14 1.45E-13
 2.75E-13 4.99E-13 7.63E-13 9.68E-13 1.01E-12 9.87E-13
 1.00E-74 1.00E-74 1.00E-74 1.03E-31 7.75E-22 5.13E-16 3.74E-14 1.44E-13
 2.74E-13 4.98E-13 7.61E-13 9.66E-13 1.01E-12 9.86E-13
 1.00E-74 1.00E-74 1.54E-51 9.88E-32 7.48E-22 4.99E-16 3.65E-14 1.41E-13
 2.69E-13 4.89E-13 7.49E-13 9.51E-13 9.93E-13 9.72E-13
  150.183    7  14 /pl=01:ss=11:pb= 1:sz=11/type=excit/ispb = t/isel =   39
 1.00E+10 1.00E+11 1.00E+12 1.00E+13 1.00E+14 1.00E+15 1.00E+16
 2.48E+00 3.72E+00 6.20E+00 1.24E+01 2.48E+01 6.20E+01 1.24E+02 1.86E+02
 2.48E+02 3.72E+02 6.20E+02 1.24E+03 2.48E+03 3.72E+03
 1.00E-74 1.00E-74 1.00E-74 3.77E-31 1.46E-21 6.50E-16 4.11E-14 1.50E-13
 2.77E-13 4.81E-13 6.90E-13 7.90E-13 7.25E-13 6.52E-13
 1.00E-74 1.00E-74 1.00E-74 3.77E-31 1.46E-21 6.50E-16 4.11E-14 1.50E-13
 2.77E-13 4.81E-13 6.90E-13 7.90E-13 7.25E-13 6.52E-13
 1.00E-74 1.00E-74 1.00E-74 3.77E-31 1.46E-21 6.50E-16 4.11E-14 1.50E-13
 2.77E-13 4.81E-13 6.90E-13 7.90E-13 7.25E-13 6.52E-13
 1.00E-74 1.00E-74 1.00E-74 3.77E-31 1.46E-21 6.50E-16 4.11E-14 1.50E-13
 2.77E-13 4.81E-13 6.90E-13 7.90E-13 7.25E-13 6.52E-13
 1.00E-74 1.00E-74 1.00E-74 3.76E-31 1.46E-21 6.49E-16 4.10E-14 1.50E-13
 2.76E-13 4.81E-13 6.90E-13 7.89E-13 7.24E-13 6.51E-13
 1.00E-74 1.00E-74 2.22E-50 3.70E-31 1.44E-21 6.42E-16 4.07E-14 1.49E-13
 2.75E-13 4.78E-13 6.86E-13 7.86E-13 7.23E-13 6.50E-13
 1.00E-74 1.00E-74 1.56E-50 3.27E-31 1.29E-21 5.85E-16 3.76E-14 1.39E-13
 2.57E-13 4.52E-13 6.55E-13 7.60E-13 7.05E-13 6.38E-13
  159.706    7  14 /pl=01:ss=11:pb= 1:sz=11/type=excit/ispb = t/isel =   40
 1.00E+10 1.00E+11 1.00E+12 1.00E+13 1.00E+14 1.00E+15 1.00E+16
 2.48E+00 3.72E+00 6.20E+00 1.24E+01 2.48E+01 6.20E+01 1.24E+02 1.86E+02
 2.48E+02 3.72E+02 6.20E+02 1.24E+03 2.48E+03 3.72E+03
 1.00E-74 1.00E-74 1.00E-74 5.72E-31 2.38E-21 1.11E-15 7.21E-14 2.69E-13
 5.03E-13 8.96E-13 1.35E-12 1.69E-12 1.76E-12 1.72E-12
 1.00E-74 1.00E-74 1.00E-74 5.72E-31 2.38E-21 1.11E-15 7.21E-14 2.69E-13
 5.03E-13 8.96E-13 1.35E-12 1.69E-12 1.76E-12 1.72E-12
 1.00E-74 1.00E-74 1.00E-74 5.72E-31 2.38E-21 1.11E-15 7.21E-14 2.69E-13
 5.03E-13 8.96E-13 1.35E-12 1.69E-12 1.76E-12 1.72E-12
 1.00E-74 1.00E-74 1.00E-74 5.72E-31 2.38E-21 1.11E-15 7.21E-14 2.69E-13
 5.03E-13 8.96E-13 1.35E-12 1.69E-12 1.76E-12 1.72E-12
 1.00E-74 1.00E-74 1.00E-74 5.72E-31 2.38E-21 1.11E-15 7.21E-14 2.69E-13
 5.03E-13 8.96E-13 1.35E-12 1.69E-12 1.76E-12 1.72E-12
 1.00E-74 1.00E-74 2.35E-50 5.72E-31 2.38E-21 1.11E-15 7.21E-14 2.69E-13
 5.03E-13 8.96E-13 1.35E-12 1.69E-12 1.76E-12 1.72E-12
 1.00E-74 1.00E-74 2.35E-50 5.69E-31 2.37E-21 1.11E-15 7.19E-14 2.68E-13
 5.01E-13 8.93E-13 1.35E-12 1.69E-12 1.76E-12 1.72E-12
  173.304    7  14 /pl=01:ss=11:pb= 1:sz=11/type=excit/ispb = t/isel =   41
 1.00E+10 1.00E+11 1.00E+12 1.00E+13 1.00E+14 1.00E+15 1.00E+16
 2.48E+00 3.72E+00 6.20E+00 1.24E+01 2.48E+01 6.20E+01 1.24E+02 1.86E+02
 2.48E+02 3.72E+02 6.20E+02 1.24E+03 2.48E+03 3.72E+03
 1.00E-74 1.00E-74 1.00E-74 3.93E-31 1.70E-21 8.02E-16 5.20E-14 1.93E-13
 3.58E-13 6.32E-13 9.29E-13 1.10E-12 1.05E-12 9.65E-13
 1.00E-74 1.00E-74 1.00E-74 3.93E-31 1.70E-21 8.02E-16 5.20E-14 1.93E-13
 3.58E-13 6.32E-13 9.29E-13 1.10E-12 1.05E-12 9.65E-13
 1.00E-74 1.00E-74 1.00E-74 3.93E-31 1.70E-21 8.02E-16 5.20E-14 1.93E-13
 3.58E-13 6.32E-13 9.29E-13 1.10E-12 1.05E-12 9.65E-13
 1.00E-74 1.00E-74 1.00E-74 3.93E-31 1.70E-21 8.03E-16 5.20E-14 1.93E-13
 3.58E-13 6.33E-13 9.29E-13 1.10E-12 1.05E-12 9.65E-13
 1.00E-74 1.00E-74 1.00E-74 3.94E-31 1.70E-21 8.04E-16 5.21E-14 1.93E-13
 3.59E-13 6.33E-13 9.29E-13 1.10E-12 1.05E-12 9.66E-13
 1.00E-74 1.00E-74 1.00E-74 4.03E-31 1.73E-21 8.14E-16 5.26E-14 1.95E-13
 3.62E-13 6.38E-13 9.35E-13 1.11E-12 1.06E-12 9.70E-13
 1.00E-74 1.00E-74 2.02E-50 4.83E-31 2.01E-21 9.12E-16 5.77E-14 2.11E-13
 3.89E-13 6.81E-13 9.89E-13 1.16E-12 1.10E-12 1.01E-12
  204.009    7  14 /pl=01:ss=11:pb= 1:sz=11/type=excit/ispb = t/isel =   42
 1.00E+10 1.00E+11 1.00E+12 1.00E+13 1.00E+14 1.00E+15 1.00E+16
 2.48E+00 3.72E+00 6.20E+00 1.24E+01 2.48E+01 6.20E+01 1.24E+02 1.86E+02
 2.48E+02 3.72E+02 6.20E+02 1.24E+03 2.48E+03 3.72E+03
 5.95E-19 1.70E-15 9.05E-13 8.66E-11 7.22E-10 2.08E-09 2.60E-09 2.66E-09
 2.65E-09 2.54E-09 2.34E-09 1.98E-09 1.63E-09 1.43E-09
 5.95E-19 1.70E-15 9.05E-13 8.66E-11 7.22E-10 2.08E-09 2.60E-09 2.66E-09
 2.65E-09 2.54E-09 2.34E-09 1.98E-09 1.63E-09 1.43E-09
 5.95E-19 1.70E-15 9.05E-13 8.66E-11 7.22E-10 2.08E-09 2.60E-09 2.66E-09
 2.65E-09 2.54E-09 2.34E-09 1.98E-09 1.63E-09 1.43E-09
 5.95E-19 1.70E-15 9.05E-13 8.66E-11 7.22E-10 2.08E-09 2.60E-09 2.66E-09
 2.65E-09 2.54E-09 2.34E-09 1.98E-09 1.63E-09 1.43E-09
 5.95E-19 1.70E-15 9.05E-13 8.66E-11 7.22E-10 2.08E-09 2.60E-09 2.66E-09
 2.65E-09 2.54E-09 2.34E-09 1.98E-09 1.63E-09 1.43E-09
 5.94E-19 1.70E-15 9.04E-13 8.65E-11 7.22E-10 2.08E-09 2.60E-09 2.66E-09
 2.65E-09 2.54E-09 2.33E-09 1.98E-09 1.63E-09 1.43E-09
 5.90E-19 1.69E-15 9.00E-13 8.62E-11 7.20E-10 2.08E-09 2.59E-09 2.65E-09
 2.64E-09 2.53E-09 2.33E-09 1.98E-09 1.63E-09 1.43E-09
  220.134    7  14 /pl=01:ss=11:pb= 1:sz=11/type=excit/ispb = t/isel =   43
 1.00E+10 1.00E+11 1.00E+12 1.00E+13 1.00E+14 1.00E+15 1.00E+16
 2.48E+00 3.72E+00 6.20E+00 1.24E+01 2.48E+01 6.20E+01 1.24E+02 1.86E+02
 2.48E+02 3.72E+02 6.20E+02 1.24E+03 2.48E+03 3.72E+03
 1.00E-74 1.00E-74 1.00E-74 6.50E-30 8.86E-21 2.14E-15 1.12E-13 3.83E-13
 6.87E-13 1.16E-12 1.64E-12 1.85E-12 1.70E-12 1.54E-12
 1.00E-74 1.00E-74 1.00E-74 6.50E-30 8.86E-21 2.14E-15 1.12E-13 3.83E-13
 6.87E-13 1.16E-12 1.64E-12 1.85E-12 1.70E-12 1.54E-12
 1.00E-74 1.00E-74 1.00E-74 6.50E-30 8.86E-21 2.14E-15 1.12E-13 3.83E-13
 6.87E-13 1.16E-12 1.64E-12 1.85E-12 1.70E-12 1.54E-12
 1.00E-74 1.00E-74 3.34E-48 6.50E-30 8.86E-21 2.14E-15 1.12E-13 3.83E-13
 6.87E-13 1.16E-12 1.64E-12 1.85E-12 1.70E-12 1.54E-12
 1.00E-74 1.00E-74 2.50E-48 6.50E-30 8.86E-21 2.14E-15 1.12E-13 3.83E-13
 6.87E-13 1.16E-12 1.64E-12 1.85E-12 1.70E-12 1.54E-12
 1.00E-74 1.00E-74 2.57E-48 6.48E-30 8.84E-21 2.14E-15 1.12E-13 3.83E-13
 6.85E-13 1.16E-12 1.63E-12 1.85E-12 1.70E-12 1.54E-12
 1.00E-74 1.00E-74 2.49E-48 6.28E-30 8.57E-21 2.08E-15 1.09E-13 3.75E-13
 6.73E-13 1.14E-12 1.61E-12 1.83E-12 1.68E-12 1.53E-12
  234.434    7  14 /pl=01:ss=11:pb= 1:sz=11/type=excit/ispb = t/isel =   44
 1.00E+10 1.00E+11 1.00E+12 1.00E+13 1.00E+14 1.00E+15 1.00E+16
 2.48E+00 3.72E+00 6.20E+00 1.24E+01 2.48E+01 6.20E+01 1.24E+02 1.86E+02
 2.48E+02 3.72E+02 6.20E+02 1.24E+03 2.48E+03 3.72E+03
 1.00E-74 1.00E-74 1.00E-74 7.28E-30 1.13E-20 2.91E-15 1.55E-13 5.42E-13
 9.81E-13 1.70E-12 2.50E-12 3.11E-12 3.22E-12 3.14E-12
 1.00E-74 1.00E-74 1.00E-74 7.28E-30 1.13E-20 2.91E-15 1.55E-13 5.42E-13
 9.81E-13 1.70E-12 2.50E-12 3.11E-12 3.22E-12 3.14E-12
 1.00E-74 1.00E-74 1.00E-74 7.28E-30 1.13E-20 2.91E-15 1.55E-13 5.42E-13
 9.81E-13 1.70E-12 2.50E-12 3.11E-12 3.22E-12 3.14E-12
 1.00E-74 1.00E-74 3.55E-48 7.28E-30 1.13E-20 2.91E-15 1.55E-13 5.42E-13
 9.81E-13 1.70E-12 2.50E-12 3.11E-12 3.22E-12 3.14E-12
 1.00E-74 1.00E-74 2.13E-48 7.28E-30 1.13E-20 2.91E-15 1.55E-13 5.42E-13
 9.81E-13 1.70E-12 2.50E-12 3.11E-12 3.22E-12 3.14E-12
 1.00E-74 1.00E-74 2.20E-48 7.29E-30 1.13E-20 2.91E-15 1.56E-13 5.43E-13
 9.81E-13 1.70E-12 2.50E-12 3.11E-12 3.22E-12 3.14E-12
 1.00E-74 1.00E-74 2.23E-48 7.34E-30 1.13E-20 2.93E-15 1.56E-13 5.44E-13
 9.84E-13 1.71E-12 2.51E-12 3.11E-12 3.22E-12 3.14E-12
  235.020    7  14 /pl=01:ss=11:pb= 1:sz=11/type=excit/ispb = t/isel =   45
 1.00E+10 1.00E+11 1.00E+12 1.00E+13 1.00E+14 1.00E+15 1.00E+16
 2.48E+00 3.72E+00 6.20E+00 1.24E+01 2.48E+01 6.20E+01 1.24E+02 1.86E+02
 2.48E+02 3.72E+02 6.20E+02 1.24E+03 2.48E+03 3.72E+03
 1.00E-74 1.00E-74 1.00E-74 4.53E-32 5.63E-22 5.01E-16 4.00E-14 1.58E-13
 3.02E-13 5.46E-13 8.01E-13 9.31E-13 8.63E-13 7.72E-13
 1.00E-74 1.00E-74 1.00E-74 4.53E-32 5.63E-22 5.01E-16 4.00E-14 1.58E-13
 3.02E-13 5.46E-13 8.01E-13 9.31E-13 8.63E-13 7.72E-13
 1.00E-74 1.00E-74 1.00E-74 4.53E-32 5.63E-22 5.01E-16 4.00E-14 1.58E-13
 3.02E-13 5.46E-13 8.01E-13 9.31E-13 8.63E-13 7.72E-13
 1.00E-74 1.00E-74 1.00E-74 4.53E-32 5.63E-22 5.01E-16 4.00E-14 1.58E-13
 3.02E-13 5.46E-13 8.01E-13 9.31E-13 8.63E-13 7.72E-13
 1.00E-74 1.00E-74 1.00E-74 4.53E-32 5.63E-22 5.01E-16 4.00E-14 1.58E-13
 3.02E-13 5.46E-13 8.01E-13 9.32E-13 8.63E-13 7.72E-13
 1.00E-74 1.00E-74 1.00E-74 4.55E-32 5.65E-22 5.02E-16 4.01E-14 1.58E-13
 3.02E-13 5.47E-13 8.02E-13 9.32E-13 8.64E-13 7.73E-13
 1.00E-74 1.00E-74 1.00E-74 4.71E-32 5.79E-22 5.11E-16 4.06E-14 1.60E-13
 3.06E-13 5.52E-13 8.09E-13 9.40E-13 8.72E-13 7.80E-13
  261.213    7  14 /pl=01:ss=11:pb= 1:sz=11/type=excit/ispb = t/isel =   46
 1.00E+10 1.00E+11 1.00E+12 1.00E+13 1.00E+14 1.00E+15 1.00E+16
 2.48E+00 3.72E+00 6.20E+00 1.24E+01 2.48E+01 6.20E+01 1.24E+02 1.86E+02
 2.48E+02 3.72E+02 6.20E+02 1.24E+03 2.48E+03 3.72E+03
 1.00E-74 1.00E-74 1.00E-74 5.01E-30 8.22E-21 2.18E-15 1.17E-13 4.07E-13
 7.32E-13 1.26E-12 1.80E-12 2.11E-12 2.00E-12 1.83E-12
 1.00E-74 1.00E-74 1.00E-74 5.01E-30 8.22E-21 2.18E-15 1.17E-13 4.07E-13
 7.32E-13 1.26E-12 1.80E-12 2.11E-12 2.00E-12 1.83E-12
 1.00E-74 1.00E-74 1.00E-74 5.01E-30 8.22E-21 2.18E-15 1.17E-13 4.07E-13
 7.32E-13 1.26E-12 1.80E-12 2.11E-12 2.00E-12 1.83E-12
 1.00E-74 1.00E-74 1.00E-74 5.01E-30 8.22E-21 2.18E-15 1.17E-13 4.07E-13
 7.32E-13 1.26E-12 1.80E-12 2.11E-12 2.00E-12 1.83E-12
 1.00E-74 1.00E-74 1.50E-48 5.02E-30 8.22E-21 2.18E-15 1.17E-13 4.07E-13
 7.32E-13 1.26E-12 1.80E-12 2.11E-12 2.00E-12 1.83E-12
 1.00E-74 1.00E-74 1.35E-48 5.08E-30 8.30E-21 2.20E-15 1.17E-13 4.09E-13
 7.35E-13 1.26E-12 1.81E-12 2.11E-12 2.00E-12 1.83E-12
 1.00E-74 1.00E-74 1.55E-48 5.62E-30 8.96E-21 2.32E-15 1.23E-13 4.24E-13
 7.61E-13 1.30E-12 1.85E-12 2.15E-12 2.03E-12 1.86E-12
  291.755    7  14 /pl=01:ss=11:pb= 1:sz=11/type=excit/ispb = t/isel =   47
 1.00E+10 1.00E+11 1.00E+12 1.00E+13 1.00E+14 1.00E+15 1.00E+16
 2.48E+00 3.72E+00 6.20E+00 1.24E+01 2.48E+01 6.20E+01 1.24E+02 1.86E+02
 2.48E+02 3.72E+02 6.20E+02 1.24E+03 2.48E+03 3.72E+03
 1.00E-74 1.00E-74 1.00E-74 4.93E-30 6.73E-21 1.63E-15 8.49E-14 2.91E-13
 5.21E-13 8.82E-13 1.24E-12 1.40E-12 1.29E-12 1.17E-12
 1.00E-74 1.00E-74 1.00E-74 4.93E-30 6.73E-21 1.63E-15 8.49E-14 2.91E-13
 5.21E-13 8.82E-13 1.24E-12 1.40E-12 1.29E-12 1.17E-12
 1.00E-74 1.00E-74 1.00E-74 4.93E-30 6.73E-21 1.63E-15 8.49E-14 2.91E-13
 5.21E-13 8.82E-13 1.24E-12 1.40E-12 1.29E-12 1.17E-12
 1.00E-74 1.00E-74 2.53E-48 4.93E-30 6.73E-21 1.63E-15 8.49E-14 2.91E-13
 5.21E-13 8.82E-13 1.24E-12 1.40E-12 1.29E-12 1.17E-12
 1.00E-74 1.00E-74 1.90E-48 4.93E-30 6.72E-21 1.62E-15 8.49E-14 2.91E-13
 5.21E-13 8.81E-13 1.24E-12 1.40E-12 1.29E-12 1.17E-12
 1.00E-74 1.00E-74 1.95E-48 4.92E-30 6.70E-21 1.62E-15 8.47E-14 2.90E-13
 5.20E-13 8.80E-13 1.24E-12 1.40E-12 1.29E-12 1.17E-12
 1.00E-74 1.00E-74 1.89E-48 4.77E-30 6.50E-21 1.58E-15 8.28E-14 2.84E-13
 5.10E-13 8.66E-13 1.22E-12 1.39E-12 1.28E-12 1.16E-12
  292.092    7  14 /pl=01:ss=11:pb= 1:sz=11/type=excit/ispb = t/isel =   48
 1.00E+10 1.00E+11 1.00E+12 1.00E+13 1.00E+14 1.00E+15 1.00E+16
 2.48E+00 3.72E+00 6.20E+00 1.24E+01 2.48E+01 6.20E+01 1.24E+02 1.86E+02
 2.48E+02 3.72E+02 6.20E+02 1.24E+03 2.48E+03 3.72E+03
 1.00E-74 1.00E-74 1.00E-74 3.34E-32 3.65E-22 3.05E-16 2.42E-14 9.69E-14
 1.89E-13 3.56E-13 5.73E-13 7.97E-13 9.22E-13 9.50E-13
 1.00E-74 1.00E-74 1.00E-74 3.34E-32 3.65E-22 3.05E-16 2.42E-14 9.69E-14
 1.89E-13 3.56E-13 5.73E-13 7.97E-13 9.22E-13 9.50E-13
 1.00E-74 1.00E-74 1.00E-74 3.34E-32 3.65E-22 3.05E-16 2.42E-14 9.69E-14
 1.89E-13 3.56E-13 5.73E-13 7.97E-13 9.22E-13 9.50E-13
 1.00E-74 1.00E-74 1.00E-74 3.34E-32 3.65E-22 3.05E-16 2.42E-14 9.69E-14
 1.89E-13 3.56E-13 5.73E-13 7.97E-13 9.22E-13 9.50E-13
 1.00E-74 1.00E-74 1.00E-74 3.34E-32 3.65E-22 3.05E-16 2.42E-14 9.69E-14
 1.89E-13 3.56E-13 5.73E-13 7.97E-13 9.22E-13 9.50E-13
 1.00E-74 1.00E-74 1.00E-74 3.34E-32 3.65E-22 3.04E-16 2.41E-14 9.68E-14
 1.89E-13 3.56E-13 5.72E-13 7.96E-13 9.21E-13 9.49E-13
 1.00E-74 1.00E-74 1.00E-74 3.31E-32 3.61E-22 3.01E-16 2.39E-14 9.59E-14
 1.87E-13 3.53E-13 5.68E-13 7.90E-13 9.15E-13 9.43E-13
  663.174    7  14 /pl=01:ss=11:pb= 1:sz=11/type=excit/ispb = t/isel =   49
 1.00E+10 1.00E+11 1.00E+12 1.00E+13 1.00E+14 1.00E+15 1.00E+16
 2.48E+00 3.72E+00 6.20E+00 1.24E+01 2.48E+01 6.20E+01 1.24E+02 1.86E+02
 2.48E+02 3.72E+02 6.20E+02 1.24E+03 2.48E+03 3.72E+03
 1.00E-74 1.00E-74 6.93E-39 1.76E-25 7.47E-19 5.64E-15 9.46E-14 2.27E-13
 3.43E-13 5.03E-13 6.58E-13 7.66E-13 7.86E-13 7.70E-13
 1.00E-74 1.00E-74 6.93E-39 1.76E-25 7.47E-19 5.64E-15 9.46E-14 2.27E-13
 3.43E-13 5.03E-13 6.58E-13 7.66E-13 7.86E-13 7.70E-13
 1.00E-74 1.00E-74 6.93E-39 1.76E-25 7.47E-19 5.64E-15 9.46E-14 2.27E-13
 3.43E-13 5.03E-13 6.58E-13 7.66E-13 7.86E-13 7.70E-13
 1.00E-74 1.00E-74 6.93E-39 1.76E-25 7.47E-19 5.64E-15 9.46E-14 2.27E-13
 3.43E-13 5.03E-13 6.58E-13 7.66E-13 7.86E-13 7.70E-13
 1.00E-74 1.00E-74 6.93E-39 1.76E-25 7.48E-19 5.64E-15 9.46E-14 2.27E-13
 3.43E-13 5.03E-13 6.58E-13 7.66E-13 7.86E-13 7.70E-13
 1.00E-74 1.00E-74 6.99E-39 1.77E-25 7.51E-19 5.66E-15 9.48E-14 2.27E-13
 3.44E-13 5.04E-13 6.59E-13 7.67E-13 7.87E-13 7.70E-13
 1.00E-74 1.00E-74 7.42E-39 1.85E-25 7.77E-19 5.80E-15 9.69E-14 2.32E-13
 3.50E-13 5.12E-13 6.67E-13 7.74E-13 7.92E-13 7.74E-13
  719.062    7  14 /pl=01:ss=11:pb= 1:sz=11/type=excit/ispb = t/isel =   50
 1.00E+10 1.00E+11 1.00E+12 1.00E+13 1.00E+14 1.00E+15 1.00E+16
 2.48E+00 3.72E+00 6.20E+00 1.24E+01 2.48E+01 6.20E+01 1.24E+02 1.86E+02
 2.48E+02 3.72E+02 6.20E+02 1.24E+03 2.48E+03 3.72E+03
 1.00E-74 1.00E-74 2.93E-35 1.64E-22 3.28E-16 1.61E-12 2.41E-11 5.60E-11
 8.30E-11 1.18E-10 1.46E-10 1.52E-10 1.38E-10 1.26E-10
 1.00E-74 1.00E-74 2.93E-35 1.64E-22 3.28E-16 1.61E-12 2.41E-11 5.60E-11
 8.30E-11 1.18E-10 1.46E-10 1.52E-10 1.38E-10 1.26E-10
 1.00E-74 1.00E-74 2.93E-35 1.64E-22 3.28E-16 1.61E-12 2.41E-11 5.60E-11
 8.30E-11 1.18E-10 1.46E-10 1.52E-10 1.38E-10 1.26E-10
 1.00E-74 1.00E-74 2.93E-35 1.64E-22 3.28E-16 1.61E-12 2.41E-11 5.60E-11
 8.30E-11 1.18E-10 1.46E-10 1.52E-10 1.38E-10 1.26E-10
 1.00E-74 1.00E-74 2.92E-35 1.64E-22 3.28E-16 1.61E-12 2.41E-11 5.60E-11
 8.29E-11 1.17E-10 1.46E-10 1.52E-10 1.38E-10 1.25E-10
 1.00E-74 1.00E-74 2.87E-35 1.61E-22 3.22E-16 1.58E-12 2.37E-11 5.53E-11
 8.19E-11 1.16E-10 1.44E-10 1.51E-10 1.37E-10 1.25E-10
 1.00E-74 2.21E-52 2.41E-35 1.37E-22 2.77E-16 1.38E-12 2.10E-11 4.92E-11
 7.34E-11 1.05E-10 1.32E-10 1.41E-10 1.30E-10 1.19E-10
c-------------------------------------------------------------------------------
 
C  root partition information
C  ==========================
C
C  nuclear charge : 18
C  ion charge+1   : 12
C
C  population calculation information
C  ----------------------------------
C
C  population processing code: adas810
C
C  adf04 source file    : adf04_copmm#18_ca_40#ar11_t3.dat
C  adf18/a17_p208 file  : NULL
C
C  meta. ion. coeff. selector  : 
 
C  options  : lnorm =T  lpsel =F  lzsel =T  liosel=F
C           : lhsel =F  lrsel =F  lisel =F  lnsel =F
 
C  energy levels
C  -------------
C
C   lv      configuration    (2S+1)L(w-1/2)      energy (cm^-1)
C  ---   ------------------- --------------      --------------
c    1   22533                  (0)0(  9.5)             0.0
c    2   12543                  (0)0( 14.5)        490174.4
c    3   22523514               (0)0( 14.5)       2833580.7
c    4   22523515               (0)0( 44.5)       2972650.7
c    5   22523516               (0)0( 74.5)       3123440.7
c    6   12533515               (0)0(119.5)       3394711.2
c    7   12533516               (0)0(199.0)       3544184.3
c    8   22523517               (0)0( 14.5)       3820535.6
c    9   22523518               (0)0( 44.5)       3875689.6
c   10   22523519               (0)0( 74.5)       3932050.6
c   11   2252351A               (0)0(104.0)       3956829.3
c   12   2252351B               (0)0( 14.5)       4247512.3
c   13   2252351C               (0)0( 44.5)       4274804.0
c   14   12533518               (0)0(119.5)       4295324.9
c   15   2252351D               (0)0( 74.5)       4302249.3
c   16   2252351E               (0)0(104.0)       4314880.0
c   17   12533519               (0)0(199.0)       4351236.0
c   18   2252351G               (0)0( 14.5)       4470937.4
c   19   2252351H               (0)0( 44.5)       4486388.4
c   20   2252351I               (0)0( 74.5)       4501839.4
c   21   2252351J               (0)0(104.0)       4509071.1
c   22   2252351M               (0)0( 14.5)       4602424.6
c   23   2252351N               (0)0( 44.5)       4612004.6
c   24   2252351O               (0)0( 74.5)       4621562.8
c   25   2252351P               (0)0(104.0)       4626094.9
c   26   1253351C               (0)0(119.5)       4693594.3
c   27   1253351D               (0)0(199.0)       4720820.1
c   28   1253351H               (0)0(119.5)       4904794.6
c   29   1253351I               (0)0(199.0)       4920135.9
 
 
 
c-------------------------------------------------------------------------------
 
C  superstage partition information
C  ================================
C
C  element symbol   : Ar
C  parent template  : 
C  partition level  :  1
C  superstage label : 11
C
C  tabulation       : photon emissivity coefft (te,ne)
C  units            : ph. emis coef(cm^3 s^-1); te (ev); ne (cm^-3)
C
C  photon emissivity atomic transitions
C  ------------------------------------
C  
C   isel  wvlen(A)            transition                type  ispb nspb
C                                                             ispp nspp sz    tg pr wr
C  ----- ---------- ----------------------------------- ----- ---- ---- --    -- -- --
C      1   20.3882   28(0)0(119.5)-  1(0)0(  9.5)       excit   1    1  11    27 25  1
C      2   21.3056   26(0)0(119.5)-  1(0)0(  9.5)       excit   1    1  11    25 17  2
C      3   21.6377   24(0)0( 74.5)-  1(0)0(  9.5)       excit   1    1  11    18 19  3
C      4   22.2131   20(0)0( 74.5)-  1(0)0(  9.5)       excit   1    1  11    14 13  4
C      5   22.5736   29(0)0(199.0)-  2(0)0( 14.5)       excit   1    1  11   189 31  5
C      6   23.2437   15(0)0( 74.5)-  1(0)0(  9.5)       excit   1    1  11    10  8  6
C      7   23.2811   14(0)0(119.5)-  1(0)0(  9.5)       excit   1    1  11    23 10  7
C      8   23.5432   12(0)0( 14.5)-  1(0)0(  9.5)       excit   1    1  11     8 50  8
C      9   23.6371   27(0)0(199.0)-  2(0)0( 14.5)       excit   1    1  11   187 21  9
C     10   25.4320   10(0)0( 74.5)-  1(0)0(  9.5)       excit   1    1  11     6  7 10
C     11   25.8996   17(0)0(199.0)-  2(0)0( 14.5)       excit   1    1  11   185 12 11
C     12   26.1743    8(0)0( 14.5)-  1(0)0(  9.5)       excit   1    1  11     4 26 12
C     13   29.4576    6(0)0(119.5)-  1(0)0(  9.5)       excit   1    1  11    21  6 13
C     14   32.0160    5(0)0( 74.5)-  1(0)0(  9.5)       excit   1    1  11     3  2 14
C     15   32.7438    7(0)0(199.0)-  2(0)0( 14.5)       excit   1    1  11   183  5 15
C     16   33.6400    4(0)0( 44.5)-  1(0)0(  9.5)       excit   1    1  11     2 16 16
C     17   35.2910    3(0)0( 14.5)-  1(0)0(  9.5)       excit   1    1  11     1  3 17
C     18   56.2296   23(0)0( 44.5)-  3(0)0( 14.5)       excit   1    1  11    41 44 18
C     19   60.5031   19(0)0( 44.5)-  3(0)0( 14.5)       excit   1    1  11    38 35 19
C     20   60.6460   24(0)0( 74.5)-  4(0)0( 44.5)       excit   1    1  11    58 32 20
C     21   65.3942   20(0)0( 74.5)-  4(0)0( 44.5)       excit   1    1  11    54 23 21
C     22   65.5555   29(0)0(199.0)-  6(0)0(119.5)       excit   1    1  11   196 39 22
C     23   66.5489   25(0)0(104.0)-  5(0)0( 74.5)       excit   1    1  11    75 40 23
C     24   69.3855   13(0)0( 44.5)-  3(0)0( 14.5)       excit   1    1  11    35 22 24
C     25   72.1693   21(0)0(104.0)-  5(0)0( 74.5)       excit   1    1  11    71 33 25
C     26   75.2107   15(0)0( 74.5)-  4(0)0( 44.5)       excit   1    1  11    50 15 26
C     27   75.4086   27(0)0(199.0)-  6(0)0(119.5)       excit   1    1  11   194 29 27
C     28   83.9321   16(0)0(104.0)-  5(0)0( 74.5)       excit   1    1  11    67 24 28
C     29   86.8536   13(0)0( 44.5)-  5(0)0( 74.5)       excit   1    1  11    65 41 29
C     30   87.0012   26(0)0(119.5)-  7(0)0(199.0)       excit   1    1  11   199 47 30
C     31   95.9593    9(0)0( 44.5)-  3(0)0( 14.5)       excit   1    1  11    32 11 31
C     32   104.232   10(0)0( 74.5)-  4(0)0( 44.5)       excit   1    1  11    46  9 32
C     33   104.545   17(0)0(199.0)-  6(0)0(119.5)       excit   1    1  11   192 18 33
C     34   117.941    8(0)0( 14.5)-  4(0)0( 44.5)       excit   1    1  11    44 28 34
C     35   119.992   11(0)0(104.0)-  5(0)0( 74.5)       excit   1    1  11    63 14 35
C     36   132.935    9(0)0( 44.5)-  5(0)0( 74.5)       excit   1    1  11    61 20 36
C     37   133.131   14(0)0(119.5)-  7(0)0(199.0)       excit   1    1  11   197 30 37
C     38   134.071   24(0)0( 74.5)-  9(0)0( 44.5)       excit   1    1  11    99 43 38
C     39   150.183   19(0)0( 44.5)-  8(0)0( 14.5)       excit   1    1  11    82 48 39
C     40   159.706   20(0)0( 74.5)-  9(0)0( 44.5)       excit   1    1  11    95 37 40
C     41   173.304   21(0)0(104.0)- 10(0)0( 74.5)       excit   1    1  11   109 42 41
C     42   204.009    2(0)0( 14.5)-  1(0)0(  9.5)       excit   1    1  11    20  1 42
C     43   220.134   13(0)0( 44.5)-  8(0)0( 14.5)       excit   1    1  11    79 36 43
C     44   234.434   15(0)0( 74.5)-  9(0)0( 44.5)       excit   1    1  11    91 27 44
C     45   235.020   27(0)0(199.0)- 14(0)0(119.5)       excit   1    1  11   205 46 45
C     46   261.213   16(0)0(104.0)- 10(0)0( 74.5)       excit   1    1  11   105 34 46
C     47   291.755   13(0)0( 44.5)- 10(0)0( 74.5)       excit   1    1  11   103 38 47
C     48   292.092   26(0)0(119.5)- 17(0)0(199.0)       excit   1    1  11   208 45 48
C     49   663.174    5(0)0( 74.5)-  4(0)0( 44.5)       excit   1    1  11    43 49 49
C     50   719.062    4(0)0( 44.5)-  3(0)0( 14.5)       excit   1    1  11    29  4 50
c-------------------------------------------------------------------------------
                                                                                
C  code     : adas810
C  producer : Adam Foster
C  date     : 03/06/09
                                                                                
c-------------------------------------------------------------------------------
