   50    /AR: 7 photon emissivity coefficients/
--------------------------------------------------------------------------------
    1    1    1    1    1    1    1    1    1    1    1    1    1    1
    1    1    1    1    1
--------------------------------------------------------------------------------
//#01/p00/ 00/p01/ 01/p02/ 02/p03/ 03/p04/ 04/p05/ 05/p06/ 06/p07/ 07/p08/ 08/  
      p09/ 09/p10/ 10/p11/ 11/p12/ 12/p13/ 13/p14/ 14/p15/ 15/p16/ 16/p17/ 17/  
      p18/ 18/                                                                  
--------------------------------------------------------------------------------
  30.5804    7  14 /pl=01:ss= 7:pb= 1:sz= 7/type=excit/ispb = t/isel =    1
 1.00E+10 1.00E+11 1.00E+12 1.00E+13 1.00E+14 1.00E+15 1.00E+16
 1.10E+00 1.65E+00 2.76E+00 5.51E+00 1.10E+01 2.76E+01 5.51E+01 8.27E+01
 1.10E+02 1.65E+02 2.76E+02 5.51E+02 1.10E+03 1.65E+03
 1.00E-74 1.00E-74 1.00E-74 1.65E-42 1.12E-26 2.82E-17 3.22E-14 3.12E-13
 9.37E-13 2.70E-12 6.03E-12 1.04E-11 1.36E-11 1.48E-11
 1.00E-74 1.00E-74 1.00E-74 1.65E-42 1.12E-26 2.82E-17 3.22E-14 3.12E-13
 9.37E-13 2.70E-12 6.03E-12 1.04E-11 1.36E-11 1.48E-11
 1.00E-74 1.00E-74 1.00E-74 1.65E-42 1.12E-26 2.82E-17 3.22E-14 3.12E-13
 9.37E-13 2.70E-12 6.03E-12 1.04E-11 1.36E-11 1.48E-11
 1.00E-74 1.00E-74 1.00E-74 1.65E-42 1.12E-26 2.82E-17 3.22E-14 3.12E-13
 9.37E-13 2.70E-12 6.03E-12 1.04E-11 1.36E-11 1.48E-11
 1.00E-74 1.00E-74 1.00E-74 1.65E-42 1.12E-26 2.83E-17 3.22E-14 3.11E-13
 9.37E-13 2.70E-12 6.02E-12 1.04E-11 1.36E-11 1.48E-11
 1.00E-74 1.00E-74 1.00E-74 1.69E-42 1.14E-26 2.83E-17 3.22E-14 3.11E-13
 9.34E-13 2.68E-12 5.98E-12 1.03E-11 1.35E-11 1.47E-11
 1.00E-74 1.00E-74 1.00E-74 2.02E-42 1.27E-26 2.91E-17 3.19E-14 3.05E-13
 9.09E-13 2.59E-12 5.73E-12 9.81E-12 1.27E-11 1.38E-11
  35.8955    7  14 /pl=01:ss= 7:pb= 1:sz= 7/type=excit/ispb = t/isel =    2
 1.00E+10 1.00E+11 1.00E+12 1.00E+13 1.00E+14 1.00E+15 1.00E+16
 1.10E+00 1.65E+00 2.76E+00 5.51E+00 1.10E+01 2.76E+01 5.51E+01 8.27E+01
 1.10E+02 1.65E+02 2.76E+02 5.51E+02 1.10E+03 1.65E+03
 1.00E-74 1.00E-74 1.00E-74 2.30E-38 8.77E-25 1.72E-16 1.14E-13 9.66E-13
 2.72E-12 7.34E-12 1.51E-11 2.29E-11 2.50E-11 2.42E-11
 1.00E-74 1.00E-74 1.00E-74 2.30E-38 8.77E-25 1.72E-16 1.14E-13 9.66E-13
 2.72E-12 7.34E-12 1.51E-11 2.29E-11 2.50E-11 2.42E-11
 1.00E-74 1.00E-74 1.00E-74 2.30E-38 8.77E-25 1.72E-16 1.14E-13 9.66E-13
 2.72E-12 7.34E-12 1.51E-11 2.29E-11 2.50E-11 2.42E-11
 1.00E-74 1.00E-74 1.00E-74 2.33E-38 8.82E-25 1.72E-16 1.14E-13 9.67E-13
 2.72E-12 7.34E-12 1.51E-11 2.29E-11 2.50E-11 2.42E-11
 1.00E-74 1.00E-74 1.00E-74 2.55E-38 9.28E-25 1.75E-16 1.15E-13 9.71E-13
 2.73E-12 7.36E-12 1.51E-11 2.29E-11 2.50E-11 2.42E-11
 1.00E-74 1.00E-74 1.00E-74 4.76E-38 1.38E-24 2.03E-16 1.23E-13 1.01E-12
 2.82E-12 7.53E-12 1.53E-11 2.31E-11 2.51E-11 2.43E-11
 1.00E-74 1.00E-74 1.00E-74 2.36E-37 4.94E-24 4.03E-16 1.75E-13 1.29E-12
 3.41E-12 8.65E-12 1.69E-11 2.46E-11 2.62E-11 2.51E-11
  36.4370    7  14 /pl=01:ss= 7:pb= 1:sz= 7/type=excit/ispb = t/isel =    3
 1.00E+10 1.00E+11 1.00E+12 1.00E+13 1.00E+14 1.00E+15 1.00E+16
 1.10E+00 1.65E+00 2.76E+00 5.51E+00 1.10E+01 2.76E+01 5.51E+01 8.27E+01
 1.10E+02 1.65E+02 2.76E+02 5.51E+02 1.10E+03 1.65E+03
 1.00E-74 1.00E-74 1.00E-74 2.54E-37 5.38E-24 5.98E-16 2.72E-13 1.98E-12
 5.12E-12 1.26E-11 2.41E-11 3.40E-11 3.49E-11 3.25E-11
 1.00E-74 1.00E-74 1.00E-74 2.54E-37 5.38E-24 5.98E-16 2.72E-13 1.98E-12
 5.12E-12 1.26E-11 2.41E-11 3.40E-11 3.49E-11 3.25E-11
 1.00E-74 1.00E-74 1.00E-74 2.54E-37 5.38E-24 5.98E-16 2.72E-13 1.98E-12
 5.12E-12 1.26E-11 2.41E-11 3.40E-11 3.49E-11 3.25E-11
 1.00E-74 1.00E-74 1.00E-74 2.54E-37 5.38E-24 5.98E-16 2.72E-13 1.98E-12
 5.12E-12 1.26E-11 2.41E-11 3.40E-11 3.49E-11 3.25E-11
 1.00E-74 1.00E-74 1.00E-74 2.55E-37 5.39E-24 5.97E-16 2.72E-13 1.97E-12
 5.11E-12 1.26E-11 2.41E-11 3.39E-11 3.48E-11 3.24E-11
 1.00E-74 1.00E-74 1.00E-74 2.66E-37 5.49E-24 5.93E-16 2.68E-13 1.94E-12
 5.03E-12 1.24E-11 2.37E-11 3.34E-11 3.43E-11 3.20E-11
 1.00E-74 1.00E-74 1.00E-74 3.38E-37 6.04E-24 5.51E-16 2.36E-13 1.69E-12
 4.38E-12 1.08E-11 2.07E-11 2.97E-11 3.10E-11 2.92E-11
  36.6024    7  14 /pl=01:ss= 7:pb= 1:sz= 7/type=excit/ispb = t/isel =    4
 1.00E+10 1.00E+11 1.00E+12 1.00E+13 1.00E+14 1.00E+15 1.00E+16
 1.10E+00 1.65E+00 2.76E+00 5.51E+00 1.10E+01 2.76E+01 5.51E+01 8.27E+01
 1.10E+02 1.65E+02 2.76E+02 5.51E+02 1.10E+03 1.65E+03
 1.00E-74 1.00E-74 1.00E-74 2.40E-36 3.75E-23 2.52E-15 8.77E-13 5.74E-12
 1.42E-11 3.38E-11 6.42E-11 9.77E-11 1.15E-10 1.19E-10
 1.00E-74 1.00E-74 1.00E-74 2.40E-36 3.75E-23 2.52E-15 8.77E-13 5.74E-12
 1.42E-11 3.38E-11 6.42E-11 9.77E-11 1.15E-10 1.19E-10
 1.00E-74 1.00E-74 1.00E-74 2.40E-36 3.75E-23 2.52E-15 8.77E-13 5.74E-12
 1.42E-11 3.38E-11 6.42E-11 9.77E-11 1.15E-10 1.19E-10
 1.00E-74 1.00E-74 1.00E-74 2.40E-36 3.75E-23 2.52E-15 8.76E-13 5.74E-12
 1.42E-11 3.38E-11 6.42E-11 9.76E-11 1.15E-10 1.19E-10
 1.00E-74 1.00E-74 1.00E-74 2.40E-36 3.75E-23 2.52E-15 8.75E-13 5.73E-12
 1.42E-11 3.38E-11 6.41E-11 9.75E-11 1.15E-10 1.19E-10
 1.00E-74 1.00E-74 1.00E-74 2.42E-36 3.74E-23 2.50E-15 8.66E-13 5.67E-12
 1.40E-11 3.34E-11 6.33E-11 9.63E-11 1.13E-10 1.18E-10
 1.00E-74 1.00E-74 1.00E-74 2.61E-36 3.75E-23 2.32E-15 7.84E-13 5.11E-12
 1.26E-11 3.01E-11 5.72E-11 8.76E-11 1.04E-10 1.09E-10
  36.7152    7  14 /pl=01:ss= 7:pb= 1:sz= 7/type=excit/ispb = t/isel =    5
 1.00E+10 1.00E+11 1.00E+12 1.00E+13 1.00E+14 1.00E+15 1.00E+16
 1.10E+00 1.65E+00 2.76E+00 5.51E+00 1.10E+01 2.76E+01 5.51E+01 8.27E+01
 1.10E+02 1.65E+02 2.76E+02 5.51E+02 1.10E+03 1.65E+03
 1.00E-74 1.00E-74 1.00E-74 9.99E-37 1.41E-23 8.91E-16 3.03E-13 1.97E-12
 4.85E-12 1.15E-11 2.18E-11 3.30E-11 3.88E-11 4.01E-11
 1.00E-74 1.00E-74 1.00E-74 9.99E-37 1.41E-23 8.91E-16 3.03E-13 1.97E-12
 4.85E-12 1.15E-11 2.18E-11 3.30E-11 3.88E-11 4.01E-11
 1.00E-74 1.00E-74 1.00E-74 9.99E-37 1.41E-23 8.91E-16 3.03E-13 1.97E-12
 4.85E-12 1.15E-11 2.18E-11 3.30E-11 3.88E-11 4.01E-11
 1.00E-74 1.00E-74 1.00E-74 9.99E-37 1.41E-23 8.91E-16 3.03E-13 1.97E-12
 4.85E-12 1.15E-11 2.18E-11 3.30E-11 3.88E-11 4.01E-11
 1.00E-74 1.00E-74 1.00E-74 1.00E-36 1.41E-23 8.91E-16 3.03E-13 1.97E-12
 4.85E-12 1.15E-11 2.18E-11 3.29E-11 3.87E-11 4.00E-11
 1.00E-74 1.00E-74 1.00E-74 1.02E-36 1.42E-23 8.88E-16 3.00E-13 1.95E-12
 4.81E-12 1.14E-11 2.15E-11 3.26E-11 3.83E-11 3.96E-11
 1.00E-74 1.00E-74 1.00E-74 1.18E-36 1.50E-23 8.53E-16 2.81E-13 1.81E-12
 4.45E-12 1.05E-11 1.99E-11 3.02E-11 3.58E-11 3.71E-11
  36.7747    7  14 /pl=01:ss= 7:pb= 1:sz= 7/type=excit/ispb = t/isel =    6
 1.00E+10 1.00E+11 1.00E+12 1.00E+13 1.00E+14 1.00E+15 1.00E+16
 1.10E+00 1.65E+00 2.76E+00 5.51E+00 1.10E+01 2.76E+01 5.51E+01 8.27E+01
 1.10E+02 1.65E+02 2.76E+02 5.51E+02 1.10E+03 1.65E+03
 1.00E-74 1.00E-74 1.00E-74 2.41E-36 3.26E-23 2.03E-15 6.94E-13 4.53E-12
 1.12E-11 2.66E-11 5.04E-11 7.65E-11 9.02E-11 9.38E-11
 1.00E-74 1.00E-74 1.00E-74 2.41E-36 3.26E-23 2.03E-15 6.94E-13 4.53E-12
 1.12E-11 2.66E-11 5.04E-11 7.65E-11 9.02E-11 9.38E-11
 1.00E-74 1.00E-74 1.00E-74 2.41E-36 3.26E-23 2.03E-15 6.94E-13 4.53E-12
 1.12E-11 2.66E-11 5.04E-11 7.65E-11 9.02E-11 9.38E-11
 1.00E-74 1.00E-74 1.00E-74 2.41E-36 3.26E-23 2.03E-15 6.93E-13 4.53E-12
 1.12E-11 2.66E-11 5.04E-11 7.65E-11 9.02E-11 9.38E-11
 1.00E-74 1.00E-74 1.00E-74 2.41E-36 3.26E-23 2.03E-15 6.93E-13 4.53E-12
 1.12E-11 2.66E-11 5.03E-11 7.64E-11 9.01E-11 9.36E-11
 1.00E-74 1.00E-74 1.00E-74 2.44E-36 3.27E-23 2.02E-15 6.86E-13 4.48E-12
 1.11E-11 2.63E-11 4.98E-11 7.55E-11 8.91E-11 9.27E-11
 1.00E-74 1.00E-74 1.00E-74 2.70E-36 3.35E-23 1.91E-15 6.31E-13 4.09E-12
 1.01E-11 2.40E-11 4.54E-11 6.92E-11 8.23E-11 8.60E-11
  36.7801    7  14 /pl=01:ss= 7:pb= 1:sz= 7/type=excit/ispb = t/isel =    7
 1.00E+10 1.00E+11 1.00E+12 1.00E+13 1.00E+14 1.00E+15 1.00E+16
 1.10E+00 1.65E+00 2.76E+00 5.51E+00 1.10E+01 2.76E+01 5.51E+01 8.27E+01
 1.10E+02 1.65E+02 2.76E+02 5.51E+02 1.10E+03 1.65E+03
 1.00E-74 1.00E-74 1.00E-74 1.19E-36 1.59E-23 9.54E-16 3.14E-13 2.02E-12
 4.95E-12 1.16E-11 2.19E-11 3.30E-11 3.87E-11 4.00E-11
 1.00E-74 1.00E-74 1.00E-74 1.19E-36 1.59E-23 9.54E-16 3.14E-13 2.02E-12
 4.95E-12 1.16E-11 2.19E-11 3.30E-11 3.87E-11 4.00E-11
 1.00E-74 1.00E-74 1.00E-74 1.19E-36 1.59E-23 9.54E-16 3.14E-13 2.02E-12
 4.95E-12 1.16E-11 2.19E-11 3.30E-11 3.87E-11 4.00E-11
 1.00E-74 1.00E-74 1.00E-74 1.19E-36 1.59E-23 9.54E-16 3.14E-13 2.02E-12
 4.95E-12 1.16E-11 2.19E-11 3.30E-11 3.87E-11 4.00E-11
 1.00E-74 1.00E-74 1.00E-74 1.19E-36 1.59E-23 9.53E-16 3.14E-13 2.01E-12
 4.94E-12 1.16E-11 2.18E-11 3.29E-11 3.87E-11 4.00E-11
 1.00E-74 1.00E-74 1.00E-74 1.19E-36 1.58E-23 9.43E-16 3.10E-13 1.99E-12
 4.87E-12 1.15E-11 2.15E-11 3.25E-11 3.82E-11 3.95E-11
 1.00E-74 1.00E-74 1.00E-74 1.24E-36 1.54E-23 8.56E-16 2.76E-13 1.77E-12
 4.33E-12 1.02E-11 1.93E-11 2.93E-11 3.49E-11 3.64E-11
  36.7949    7  14 /pl=01:ss= 7:pb= 1:sz= 7/type=excit/ispb = t/isel =    8
 1.00E+10 1.00E+11 1.00E+12 1.00E+13 1.00E+14 1.00E+15 1.00E+16
 1.10E+00 1.65E+00 2.76E+00 5.51E+00 1.10E+01 2.76E+01 5.51E+01 8.27E+01
 1.10E+02 1.65E+02 2.76E+02 5.51E+02 1.10E+03 1.65E+03
 1.00E-74 1.00E-74 1.00E-74 2.52E-36 3.31E-23 1.94E-15 6.33E-13 4.04E-12
 9.85E-12 2.31E-11 4.31E-11 6.47E-11 7.56E-11 7.83E-11
 1.00E-74 1.00E-74 1.00E-74 2.52E-36 3.31E-23 1.94E-15 6.33E-13 4.04E-12
 9.85E-12 2.31E-11 4.31E-11 6.47E-11 7.56E-11 7.83E-11
 1.00E-74 1.00E-74 1.00E-74 2.52E-36 3.31E-23 1.94E-15 6.33E-13 4.04E-12
 9.85E-12 2.31E-11 4.31E-11 6.47E-11 7.56E-11 7.83E-11
 1.00E-74 1.00E-74 1.00E-74 2.52E-36 3.31E-23 1.94E-15 6.33E-13 4.04E-12
 9.85E-12 2.31E-11 4.31E-11 6.47E-11 7.56E-11 7.83E-11
 1.00E-74 1.00E-74 1.00E-74 2.52E-36 3.31E-23 1.94E-15 6.32E-13 4.04E-12
 9.83E-12 2.30E-11 4.31E-11 6.46E-11 7.55E-11 7.82E-11
 1.00E-74 1.00E-74 1.00E-74 2.53E-36 3.30E-23 1.92E-15 6.24E-13 3.99E-12
 9.71E-12 2.28E-11 4.25E-11 6.38E-11 7.46E-11 7.74E-11
 1.00E-74 1.00E-74 1.00E-74 2.77E-36 3.28E-23 1.76E-15 5.59E-13 3.56E-12
 8.68E-12 2.04E-11 3.83E-11 5.80E-11 6.87E-11 7.17E-11
  36.9063    7  14 /pl=01:ss= 7:pb= 1:sz= 7/type=excit/ispb = t/isel =    9
 1.00E+10 1.00E+11 1.00E+12 1.00E+13 1.00E+14 1.00E+15 1.00E+16
 1.10E+00 1.65E+00 2.76E+00 5.51E+00 1.10E+01 2.76E+01 5.51E+01 8.27E+01
 1.10E+02 1.65E+02 2.76E+02 5.51E+02 1.10E+03 1.65E+03
 1.00E-74 1.00E-74 1.00E-74 5.64E-37 6.75E-24 3.78E-16 1.22E-13 7.78E-13
 1.90E-12 4.43E-12 8.30E-12 1.25E-11 1.46E-11 1.51E-11
 1.00E-74 1.00E-74 1.00E-74 5.64E-37 6.75E-24 3.78E-16 1.22E-13 7.78E-13
 1.90E-12 4.43E-12 8.30E-12 1.25E-11 1.46E-11 1.51E-11
 1.00E-74 1.00E-74 1.00E-74 5.64E-37 6.75E-24 3.78E-16 1.22E-13 7.78E-13
 1.90E-12 4.43E-12 8.30E-12 1.25E-11 1.46E-11 1.51E-11
 1.00E-74 1.00E-74 1.00E-74 5.64E-37 6.75E-24 3.78E-16 1.22E-13 7.78E-13
 1.90E-12 4.43E-12 8.30E-12 1.25E-11 1.46E-11 1.51E-11
 1.00E-74 1.00E-74 1.00E-74 5.65E-37 6.76E-24 3.78E-16 1.22E-13 7.78E-13
 1.90E-12 4.43E-12 8.31E-12 1.25E-11 1.46E-11 1.51E-11
 1.00E-74 1.00E-74 1.00E-74 5.79E-37 6.83E-24 3.78E-16 1.22E-13 7.78E-13
 1.90E-12 4.44E-12 8.33E-12 1.25E-11 1.47E-11 1.52E-11
 1.00E-74 1.00E-74 1.00E-74 8.50E-37 7.84E-24 3.68E-16 1.15E-13 7.29E-13
 1.78E-12 4.18E-12 7.89E-12 1.20E-11 1.43E-11 1.49E-11
  39.4820    7  14 /pl=01:ss= 7:pb= 1:sz= 7/type=excit/ispb = t/isel =   10
 1.00E+10 1.00E+11 1.00E+12 1.00E+13 1.00E+14 1.00E+15 1.00E+16
 1.10E+00 1.65E+00 2.76E+00 5.51E+00 1.10E+01 2.76E+01 5.51E+01 8.27E+01
 1.10E+02 1.65E+02 2.76E+02 5.51E+02 1.10E+03 1.65E+03
 1.00E-74 1.00E-74 1.00E-74 5.09E-36 4.19E-23 1.85E-15 5.42E-13 3.31E-12
 7.86E-12 1.77E-11 3.11E-11 4.14E-11 4.10E-11 3.78E-11
 1.00E-74 1.00E-74 1.00E-74 5.09E-36 4.19E-23 1.85E-15 5.42E-13 3.31E-12
 7.86E-12 1.77E-11 3.11E-11 4.14E-11 4.10E-11 3.78E-11
 1.00E-74 1.00E-74 1.00E-74 5.09E-36 4.19E-23 1.85E-15 5.42E-13 3.31E-12
 7.86E-12 1.77E-11 3.11E-11 4.14E-11 4.10E-11 3.78E-11
 1.00E-74 1.00E-74 1.00E-74 5.09E-36 4.19E-23 1.85E-15 5.42E-13 3.31E-12
 7.86E-12 1.77E-11 3.11E-11 4.14E-11 4.10E-11 3.78E-11
 1.00E-74 1.00E-74 1.00E-74 5.08E-36 4.19E-23 1.85E-15 5.40E-13 3.30E-12
 7.84E-12 1.76E-11 3.10E-11 4.13E-11 4.09E-11 3.77E-11
 1.00E-74 1.00E-74 1.00E-74 5.05E-36 4.13E-23 1.81E-15 5.30E-13 3.24E-12
 7.69E-12 1.73E-11 3.04E-11 4.06E-11 4.03E-11 3.72E-11
 1.00E-74 1.00E-74 1.00E-74 4.77E-36 3.68E-23 1.53E-15 4.42E-13 2.71E-12
 6.47E-12 1.47E-11 2.61E-11 3.54E-11 3.59E-11 3.35E-11
  42.5249    7  14 /pl=01:ss= 7:pb= 1:sz= 7/type=excit/ispb = t/isel =   11
 1.00E+10 1.00E+11 1.00E+12 1.00E+13 1.00E+14 1.00E+15 1.00E+16
 1.10E+00 1.65E+00 2.76E+00 5.51E+00 1.10E+01 2.76E+01 5.51E+01 8.27E+01
 1.10E+02 1.65E+02 2.76E+02 5.51E+02 1.10E+03 1.65E+03
 1.00E-74 1.00E-74 1.00E-74 8.93E-32 1.91E-20 9.54E-14 1.37E-11 6.69E-11
 1.43E-10 2.94E-10 4.99E-10 7.01E-10 7.96E-10 8.13E-10
 1.00E-74 1.00E-74 1.00E-74 8.93E-32 1.91E-20 9.54E-14 1.37E-11 6.69E-11
 1.43E-10 2.94E-10 4.99E-10 7.01E-10 7.96E-10 8.13E-10
 1.00E-74 1.00E-74 1.00E-74 8.93E-32 1.91E-20 9.54E-14 1.37E-11 6.69E-11
 1.43E-10 2.94E-10 4.99E-10 7.01E-10 7.96E-10 8.13E-10
 1.00E-74 1.00E-74 1.00E-74 8.93E-32 1.91E-20 9.54E-14 1.37E-11 6.69E-11
 1.43E-10 2.94E-10 4.99E-10 7.00E-10 7.95E-10 8.13E-10
 1.00E-74 1.00E-74 1.00E-74 8.93E-32 1.91E-20 9.53E-14 1.37E-11 6.68E-11
 1.43E-10 2.94E-10 4.98E-10 6.99E-10 7.94E-10 8.12E-10
 1.00E-74 1.00E-74 1.00E-74 8.95E-32 1.91E-20 9.42E-14 1.35E-11 6.59E-11
 1.41E-10 2.90E-10 4.91E-10 6.90E-10 7.85E-10 8.03E-10
 1.00E-74 1.00E-74 1.00E-74 9.14E-32 1.84E-20 8.54E-14 1.20E-11 5.85E-11
 1.25E-10 2.58E-10 4.40E-10 6.24E-10 7.18E-10 7.39E-10
  42.9007    7  14 /pl=01:ss= 7:pb= 1:sz= 7/type=excit/ispb = t/isel =   12
 1.00E+10 1.00E+11 1.00E+12 1.00E+13 1.00E+14 1.00E+15 1.00E+16
 1.10E+00 1.65E+00 2.76E+00 5.51E+00 1.10E+01 2.76E+01 5.51E+01 8.27E+01
 1.10E+02 1.65E+02 2.76E+02 5.51E+02 1.10E+03 1.65E+03
 1.00E-74 1.00E-74 1.00E-74 5.61E-32 9.55E-21 4.12E-14 5.68E-12 2.72E-11
 5.77E-11 1.18E-10 1.99E-10 2.78E-10 3.16E-10 3.22E-10
 1.00E-74 1.00E-74 1.00E-74 5.61E-32 9.55E-21 4.12E-14 5.68E-12 2.72E-11
 5.77E-11 1.18E-10 1.99E-10 2.78E-10 3.16E-10 3.22E-10
 1.00E-74 1.00E-74 1.00E-74 5.61E-32 9.55E-21 4.12E-14 5.68E-12 2.72E-11
 5.77E-11 1.18E-10 1.99E-10 2.78E-10 3.16E-10 3.22E-10
 1.00E-74 1.00E-74 1.00E-74 5.61E-32 9.55E-21 4.12E-14 5.68E-12 2.72E-11
 5.77E-11 1.18E-10 1.99E-10 2.78E-10 3.16E-10 3.22E-10
 1.00E-74 1.00E-74 1.00E-74 5.62E-32 9.56E-21 4.12E-14 5.68E-12 2.72E-11
 5.77E-11 1.18E-10 1.98E-10 2.78E-10 3.15E-10 3.22E-10
 1.00E-74 1.00E-74 1.00E-74 5.74E-32 9.65E-21 4.12E-14 5.67E-12 2.71E-11
 5.76E-11 1.17E-10 1.98E-10 2.76E-10 3.14E-10 3.20E-10
 1.00E-74 1.00E-74 1.00E-74 6.90E-32 1.02E-20 3.92E-14 5.27E-12 2.52E-11
 5.36E-11 1.10E-10 1.85E-10 2.60E-10 2.97E-10 3.04E-10
  43.2177    7  14 /pl=01:ss= 7:pb= 1:sz= 7/type=excit/ispb = t/isel =   13
 1.00E+10 1.00E+11 1.00E+12 1.00E+13 1.00E+14 1.00E+15 1.00E+16
 1.10E+00 1.65E+00 2.76E+00 5.51E+00 1.10E+01 2.76E+01 5.51E+01 8.27E+01
 1.10E+02 1.65E+02 2.76E+02 5.51E+02 1.10E+03 1.65E+03
 1.00E-74 1.00E-74 1.00E-74 1.62E-32 2.30E-21 9.55E-15 1.38E-12 6.85E-12
 1.48E-11 3.09E-11 5.27E-11 7.31E-11 8.08E-11 8.09E-11
 1.00E-74 1.00E-74 1.00E-74 1.62E-32 2.30E-21 9.55E-15 1.38E-12 6.85E-12
 1.48E-11 3.09E-11 5.27E-11 7.31E-11 8.08E-11 8.09E-11
 1.00E-74 1.00E-74 1.00E-74 1.63E-32 2.30E-21 9.55E-15 1.38E-12 6.85E-12
 1.48E-11 3.09E-11 5.27E-11 7.31E-11 8.08E-11 8.09E-11
 1.00E-74 1.00E-74 1.00E-74 1.63E-32 2.31E-21 9.57E-15 1.38E-12 6.86E-12
 1.49E-11 3.10E-11 5.28E-11 7.32E-11 8.09E-11 8.10E-11
 1.00E-74 1.00E-74 1.00E-74 1.71E-32 2.38E-21 9.79E-15 1.41E-12 6.98E-12
 1.51E-11 3.15E-11 5.35E-11 7.40E-11 8.16E-11 8.16E-11
 1.00E-74 1.00E-74 1.00E-74 2.43E-32 3.08E-21 1.16E-14 1.62E-12 7.95E-12
 1.71E-11 3.54E-11 5.95E-11 8.09E-11 8.76E-11 8.68E-11
 1.00E-74 1.00E-74 1.00E-74 8.35E-32 7.20E-21 1.79E-14 2.21E-12 1.05E-11
 2.24E-11 4.57E-11 7.59E-11 1.02E-10 1.08E-10 1.06E-10
  47.3784    7  14 /pl=01:ss= 7:pb= 1:sz= 7/type=excit/ispb = t/isel =   14
 1.00E+10 1.00E+11 1.00E+12 1.00E+13 1.00E+14 1.00E+15 1.00E+16
 1.10E+00 1.65E+00 2.76E+00 5.51E+00 1.10E+01 2.76E+01 5.51E+01 8.27E+01
 1.10E+02 1.65E+02 2.76E+02 5.51E+02 1.10E+03 1.65E+03
 1.00E-74 1.00E-74 1.00E-74 6.03E-31 8.71E-21 8.97E-15 8.18E-13 3.52E-12
 7.12E-12 1.38E-11 2.20E-11 2.81E-11 2.82E-11 2.66E-11
 1.00E-74 1.00E-74 1.00E-74 6.03E-31 8.71E-21 8.97E-15 8.18E-13 3.52E-12
 7.12E-12 1.38E-11 2.20E-11 2.81E-11 2.82E-11 2.66E-11
 1.00E-74 1.00E-74 1.00E-74 6.03E-31 8.71E-21 8.97E-15 8.18E-13 3.52E-12
 7.11E-12 1.38E-11 2.20E-11 2.81E-11 2.82E-11 2.66E-11
 1.00E-74 1.00E-74 3.84E-51 6.02E-31 8.70E-21 8.95E-15 8.16E-13 3.51E-12
 7.10E-12 1.38E-11 2.20E-11 2.80E-11 2.81E-11 2.65E-11
 1.00E-74 1.00E-74 1.92E-51 6.00E-31 8.61E-21 8.76E-15 7.96E-13 3.43E-12
 6.93E-12 1.35E-11 2.15E-11 2.75E-11 2.77E-11 2.62E-11
 1.00E-74 1.00E-74 2.03E-51 5.75E-31 7.82E-21 7.27E-15 6.42E-13 2.76E-12
 5.59E-12 1.10E-11 1.77E-11 2.32E-11 2.40E-11 2.30E-11
 1.00E-74 1.00E-74 1.61E-51 4.19E-31 4.20E-21 2.73E-15 2.21E-13 9.44E-13
 1.93E-12 3.88E-12 6.58E-12 9.30E-12 1.05E-11 1.07E-11
  47.8867    7  14 /pl=01:ss= 7:pb= 1:sz= 7/type=excit/ispb = t/isel =   15
 1.00E+10 1.00E+11 1.00E+12 1.00E+13 1.00E+14 1.00E+15 1.00E+16
 1.10E+00 1.65E+00 2.76E+00 5.51E+00 1.10E+01 2.76E+01 5.51E+01 8.27E+01
 1.10E+02 1.65E+02 2.76E+02 5.51E+02 1.10E+03 1.65E+03
 1.00E-74 1.00E-74 1.00E-74 1.10E-31 1.26E-21 1.39E-15 1.72E-13 8.69E-13
 1.92E-12 4.10E-12 7.11E-12 9.85E-12 1.07E-11 1.05E-11
 1.00E-74 1.00E-74 1.00E-74 1.10E-31 1.26E-21 1.39E-15 1.72E-13 8.69E-13
 1.92E-12 4.10E-12 7.11E-12 9.84E-12 1.07E-11 1.05E-11
 1.00E-74 1.00E-74 1.00E-74 1.10E-31 1.26E-21 1.39E-15 1.72E-13 8.69E-13
 1.92E-12 4.10E-12 7.11E-12 9.84E-12 1.06E-11 1.05E-11
 1.00E-74 1.00E-74 7.85E-52 1.10E-31 1.26E-21 1.39E-15 1.72E-13 8.68E-13
 1.92E-12 4.09E-12 7.10E-12 9.82E-12 1.06E-11 1.05E-11
 1.00E-74 1.00E-74 6.28E-52 1.09E-31 1.24E-21 1.36E-15 1.67E-13 8.41E-13
 1.86E-12 3.96E-12 6.89E-12 9.57E-12 1.04E-11 1.03E-11
 1.00E-74 1.00E-74 5.96E-52 1.03E-31 1.12E-21 1.09E-15 1.24E-13 6.12E-13
 1.34E-12 2.88E-12 5.06E-12 7.25E-12 8.16E-12 8.25E-12
 1.00E-74 1.00E-74 5.11E-52 8.16E-32 6.48E-22 4.03E-16 3.78E-14 1.76E-13
 3.80E-13 8.09E-13 1.45E-12 2.19E-12 2.66E-12 2.82E-12
  48.8591    7  14 /pl=01:ss= 7:pb= 1:sz= 7/type=excit/ispb = t/isel =   16
 1.00E+10 1.00E+11 1.00E+12 1.00E+13 1.00E+14 1.00E+15 1.00E+16
 1.10E+00 1.65E+00 2.76E+00 5.51E+00 1.10E+01 2.76E+01 5.51E+01 8.27E+01
 1.10E+02 1.65E+02 2.76E+02 5.51E+02 1.10E+03 1.65E+03
 1.00E-74 1.00E-74 1.00E-74 1.25E-30 4.36E-20 7.27E-14 7.30E-12 3.16E-11
 6.35E-11 1.21E-10 1.88E-10 2.30E-10 2.19E-10 1.99E-10
 1.00E-74 1.00E-74 1.00E-74 1.25E-30 4.36E-20 7.27E-14 7.30E-12 3.16E-11
 6.35E-11 1.21E-10 1.88E-10 2.30E-10 2.19E-10 1.99E-10
 1.00E-74 1.00E-74 1.00E-74 1.25E-30 4.36E-20 7.27E-14 7.30E-12 3.16E-11
 6.35E-11 1.21E-10 1.88E-10 2.30E-10 2.19E-10 1.99E-10
 1.00E-74 1.00E-74 1.00E-74 1.25E-30 4.36E-20 7.27E-14 7.29E-12 3.16E-11
 6.34E-11 1.21E-10 1.88E-10 2.30E-10 2.19E-10 1.99E-10
 1.00E-74 1.00E-74 1.00E-74 1.25E-30 4.35E-20 7.26E-14 7.28E-12 3.15E-11
 6.33E-11 1.21E-10 1.88E-10 2.29E-10 2.18E-10 1.99E-10
 1.00E-74 1.00E-74 1.00E-74 1.25E-30 4.32E-20 7.17E-14 7.17E-12 3.10E-11
 6.23E-11 1.19E-10 1.85E-10 2.26E-10 2.15E-10 1.97E-10
 1.00E-74 1.00E-74 1.00E-74 1.24E-30 4.07E-20 6.33E-14 6.22E-12 2.69E-11
 5.41E-11 1.04E-10 1.62E-10 2.00E-10 1.94E-10 1.79E-10
  49.6401    7  14 /pl=01:ss= 7:pb= 1:sz= 7/type=excit/ispb = t/isel =   17
 1.00E+10 1.00E+11 1.00E+12 1.00E+13 1.00E+14 1.00E+15 1.00E+16
 1.10E+00 1.65E+00 2.76E+00 5.51E+00 1.10E+01 2.76E+01 5.51E+01 8.27E+01
 1.10E+02 1.65E+02 2.76E+02 5.51E+02 1.10E+03 1.65E+03
 1.00E-74 1.00E-74 1.00E-74 2.25E-31 5.55E-21 7.82E-15 7.85E-13 3.47E-12
 7.07E-12 1.38E-11 2.20E-11 2.79E-11 2.80E-11 2.64E-11
 1.00E-74 1.00E-74 1.00E-74 2.25E-31 5.55E-21 7.82E-15 7.85E-13 3.47E-12
 7.07E-12 1.38E-11 2.20E-11 2.79E-11 2.80E-11 2.64E-11
 1.00E-74 1.00E-74 1.00E-74 2.25E-31 5.55E-21 7.82E-15 7.85E-13 3.47E-12
 7.07E-12 1.38E-11 2.20E-11 2.79E-11 2.80E-11 2.64E-11
 1.00E-74 1.00E-74 1.00E-74 2.25E-31 5.55E-21 7.82E-15 7.85E-13 3.46E-12
 7.07E-12 1.38E-11 2.20E-11 2.79E-11 2.80E-11 2.64E-11
 1.00E-74 1.00E-74 1.00E-74 2.25E-31 5.55E-21 7.80E-15 7.83E-13 3.46E-12
 7.05E-12 1.38E-11 2.20E-11 2.79E-11 2.79E-11 2.63E-11
 1.00E-74 1.00E-74 1.00E-74 2.26E-31 5.52E-21 7.63E-15 7.63E-13 3.37E-12
 6.88E-12 1.35E-11 2.15E-11 2.73E-11 2.75E-11 2.59E-11
 1.00E-74 1.00E-74 2.68E-52 2.36E-31 5.07E-21 5.88E-15 5.59E-13 2.46E-12
 5.06E-12 1.00E-11 1.64E-11 2.17E-11 2.27E-11 2.19E-11
  49.6944    7  14 /pl=01:ss= 7:pb= 1:sz= 7/type=excit/ispb = t/isel =   18
 1.00E+10 1.00E+11 1.00E+12 1.00E+13 1.00E+14 1.00E+15 1.00E+16
 1.10E+00 1.65E+00 2.76E+00 5.51E+00 1.10E+01 2.76E+01 5.51E+01 8.27E+01
 1.10E+02 1.65E+02 2.76E+02 5.51E+02 1.10E+03 1.65E+03
 1.00E-74 1.00E-74 1.00E-74 1.05E-31 2.50E-21 3.56E-15 3.81E-13 1.75E-12
 3.68E-12 7.43E-12 1.22E-11 1.61E-11 1.66E-11 1.59E-11
 1.00E-74 1.00E-74 1.00E-74 1.05E-31 2.50E-21 3.56E-15 3.81E-13 1.75E-12
 3.68E-12 7.43E-12 1.22E-11 1.61E-11 1.66E-11 1.59E-11
 1.00E-74 1.00E-74 1.00E-74 1.05E-31 2.50E-21 3.56E-15 3.81E-13 1.75E-12
 3.68E-12 7.43E-12 1.22E-11 1.61E-11 1.66E-11 1.59E-11
 1.00E-74 1.00E-74 1.00E-74 1.05E-31 2.50E-21 3.56E-15 3.80E-13 1.75E-12
 3.68E-12 7.43E-12 1.22E-11 1.61E-11 1.66E-11 1.59E-11
 1.00E-74 1.00E-74 1.00E-74 1.05E-31 2.50E-21 3.55E-15 3.79E-13 1.75E-12
 3.66E-12 7.41E-12 1.22E-11 1.60E-11 1.65E-11 1.59E-11
 1.00E-74 1.00E-74 1.24E-52 1.03E-31 2.43E-21 3.40E-15 3.59E-13 1.65E-12
 3.46E-12 7.02E-12 1.16E-11 1.54E-11 1.60E-11 1.55E-11
 1.00E-74 1.00E-74 1.11E-52 8.63E-32 1.76E-21 1.86E-15 1.79E-13 8.11E-13
 1.71E-12 3.53E-12 6.08E-12 8.68E-12 9.79E-12 9.92E-12
  50.6022    7  14 /pl=01:ss= 7:pb= 1:sz= 7/type=excit/ispb = t/isel =   19
 1.00E+10 1.00E+11 1.00E+12 1.00E+13 1.00E+14 1.00E+15 1.00E+16
 1.10E+00 1.65E+00 2.76E+00 5.51E+00 1.10E+01 2.76E+01 5.51E+01 8.27E+01
 1.10E+02 1.65E+02 2.76E+02 5.51E+02 1.10E+03 1.65E+03
 1.00E-74 1.00E-74 1.00E-74 3.91E-31 6.20E-21 6.69E-15 6.39E-13 2.83E-12
 5.88E-12 1.17E-11 1.91E-11 2.45E-11 2.42E-11 2.27E-11
 1.00E-74 1.00E-74 1.00E-74 3.91E-31 6.20E-21 6.69E-15 6.39E-13 2.83E-12
 5.88E-12 1.17E-11 1.91E-11 2.45E-11 2.42E-11 2.27E-11
 1.00E-74 1.00E-74 1.00E-74 3.91E-31 6.20E-21 6.69E-15 6.39E-13 2.83E-12
 5.88E-12 1.17E-11 1.91E-11 2.45E-11 2.42E-11 2.27E-11
 1.00E-74 1.00E-74 1.00E-74 3.91E-31 6.20E-21 6.69E-15 6.39E-13 2.83E-12
 5.88E-12 1.17E-11 1.91E-11 2.45E-11 2.42E-11 2.27E-11
 1.00E-74 1.00E-74 1.00E-74 3.92E-31 6.21E-21 6.70E-15 6.39E-13 2.84E-12
 5.88E-12 1.17E-11 1.91E-11 2.44E-11 2.42E-11 2.26E-11
 1.00E-74 1.00E-74 1.54E-51 3.97E-31 6.25E-21 6.69E-15 6.38E-13 2.83E-12
 5.86E-12 1.17E-11 1.90E-11 2.43E-11 2.41E-11 2.26E-11
 1.00E-74 1.00E-74 1.23E-51 4.27E-31 6.21E-21 5.95E-15 5.49E-13 2.43E-12
 5.04E-12 1.01E-11 1.66E-11 2.17E-11 2.20E-11 2.08E-11
  50.8233    7  14 /pl=01:ss= 7:pb= 1:sz= 7/type=excit/ispb = t/isel =   20
 1.00E+10 1.00E+11 1.00E+12 1.00E+13 1.00E+14 1.00E+15 1.00E+16
 1.10E+00 1.65E+00 2.76E+00 5.51E+00 1.10E+01 2.76E+01 5.51E+01 8.27E+01
 1.10E+02 1.65E+02 2.76E+02 5.51E+02 1.10E+03 1.65E+03
 1.00E-74 1.00E-74 1.00E-74 4.27E-32 7.46E-22 1.60E-15 2.82E-13 1.61E-12
 3.77E-12 8.53E-12 1.54E-11 2.16E-11 2.31E-11 2.23E-11
 1.00E-74 1.00E-74 1.00E-74 4.27E-32 7.46E-22 1.60E-15 2.82E-13 1.61E-12
 3.77E-12 8.53E-12 1.54E-11 2.16E-11 2.31E-11 2.23E-11
 1.00E-74 1.00E-74 1.00E-74 4.27E-32 7.46E-22 1.60E-15 2.82E-13 1.61E-12
 3.77E-12 8.53E-12 1.54E-11 2.16E-11 2.30E-11 2.23E-11
 1.00E-74 1.00E-74 1.00E-74 4.29E-32 7.49E-22 1.61E-15 2.82E-13 1.61E-12
 3.77E-12 8.53E-12 1.54E-11 2.16E-11 2.30E-11 2.23E-11
 1.00E-74 1.00E-74 1.00E-74 4.46E-32 7.76E-22 1.62E-15 2.81E-13 1.60E-12
 3.75E-12 8.46E-12 1.53E-11 2.14E-11 2.29E-11 2.22E-11
 1.00E-74 1.00E-74 1.46E-52 6.09E-32 1.00E-21 1.74E-15 2.72E-13 1.50E-12
 3.48E-12 7.78E-12 1.40E-11 1.98E-11 2.13E-11 2.08E-11
 1.00E-74 1.00E-74 5.53E-52 1.56E-31 1.66E-21 1.40E-15 1.58E-13 7.96E-13
 1.78E-12 3.92E-12 7.13E-12 1.06E-11 1.22E-11 1.24E-11
  50.8388    7  14 /pl=01:ss= 7:pb= 1:sz= 7/type=excit/ispb = t/isel =   21
 1.00E+10 1.00E+11 1.00E+12 1.00E+13 1.00E+14 1.00E+15 1.00E+16
 1.10E+00 1.65E+00 2.76E+00 5.51E+00 1.10E+01 2.76E+01 5.51E+01 8.27E+01
 1.10E+02 1.65E+02 2.76E+02 5.51E+02 1.10E+03 1.65E+03
 1.00E-74 1.00E-74 1.00E-74 3.23E-31 4.67E-21 4.81E-15 4.39E-13 1.89E-12
 3.82E-12 7.42E-12 1.18E-11 1.51E-11 1.51E-11 1.43E-11
 1.00E-74 1.00E-74 1.00E-74 3.23E-31 4.67E-21 4.81E-15 4.39E-13 1.89E-12
 3.82E-12 7.42E-12 1.18E-11 1.51E-11 1.51E-11 1.43E-11
 1.00E-74 1.00E-74 1.00E-74 3.23E-31 4.67E-21 4.81E-15 4.39E-13 1.89E-12
 3.82E-12 7.41E-12 1.18E-11 1.51E-11 1.51E-11 1.43E-11
 1.00E-74 1.00E-74 2.06E-51 3.23E-31 4.67E-21 4.80E-15 4.38E-13 1.88E-12
 3.81E-12 7.40E-12 1.18E-11 1.50E-11 1.51E-11 1.42E-11
 1.00E-74 1.00E-74 1.03E-51 3.22E-31 4.62E-21 4.70E-15 4.27E-13 1.84E-12
 3.72E-12 7.23E-12 1.15E-11 1.48E-11 1.49E-11 1.40E-11
 1.00E-74 1.00E-74 1.09E-51 3.09E-31 4.20E-21 3.90E-15 3.44E-13 1.48E-12
 3.00E-12 5.88E-12 9.52E-12 1.25E-11 1.29E-11 1.24E-11
 1.00E-74 1.00E-74 8.66E-52 2.25E-31 2.25E-21 1.46E-15 1.18E-13 5.06E-13
 1.04E-12 2.08E-12 3.53E-12 4.99E-12 5.65E-12 5.74E-12
  51.1640    7  14 /pl=01:ss= 7:pb= 1:sz= 7/type=excit/ispb = t/isel =   22
 1.00E+10 1.00E+11 1.00E+12 1.00E+13 1.00E+14 1.00E+15 1.00E+16
 1.10E+00 1.65E+00 2.76E+00 5.51E+00 1.10E+01 2.76E+01 5.51E+01 8.27E+01
 1.10E+02 1.65E+02 2.76E+02 5.51E+02 1.10E+03 1.65E+03
 1.00E-74 1.00E-74 1.00E-74 7.61E-31 9.60E-21 9.42E-15 8.72E-13 3.78E-12
 7.71E-12 1.51E-11 2.42E-11 3.12E-11 3.19E-11 3.05E-11
 1.00E-74 1.00E-74 1.00E-74 7.61E-31 9.60E-21 9.42E-15 8.72E-13 3.78E-12
 7.71E-12 1.51E-11 2.42E-11 3.12E-11 3.19E-11 3.05E-11
 1.00E-74 1.00E-74 1.00E-74 7.61E-31 9.60E-21 9.42E-15 8.72E-13 3.78E-12
 7.71E-12 1.51E-11 2.42E-11 3.12E-11 3.19E-11 3.05E-11
 1.00E-74 1.00E-74 1.00E-74 7.61E-31 9.60E-21 9.42E-15 8.73E-13 3.79E-12
 7.72E-12 1.51E-11 2.42E-11 3.13E-11 3.20E-11 3.05E-11
 1.00E-74 1.00E-74 3.87E-51 7.62E-31 9.59E-21 9.41E-15 8.74E-13 3.80E-12
 7.75E-12 1.52E-11 2.44E-11 3.15E-11 3.22E-11 3.07E-11
 1.00E-74 1.00E-74 3.58E-51 7.70E-31 9.49E-21 8.97E-15 8.28E-13 3.61E-12
 7.39E-12 1.45E-11 2.35E-11 3.06E-11 3.16E-11 3.03E-11
 1.00E-74 1.00E-74 3.76E-51 7.74E-31 7.47E-21 4.99E-15 4.16E-13 1.79E-12
 3.69E-12 7.40E-12 1.25E-11 1.74E-11 1.95E-11 1.96E-11
  51.4245    7  14 /pl=01:ss= 7:pb= 1:sz= 7/type=excit/ispb = t/isel =   23
 1.00E+10 1.00E+11 1.00E+12 1.00E+13 1.00E+14 1.00E+15 1.00E+16
 1.10E+00 1.65E+00 2.76E+00 5.51E+00 1.10E+01 2.76E+01 5.51E+01 8.27E+01
 1.10E+02 1.65E+02 2.76E+02 5.51E+02 1.10E+03 1.65E+03
 1.00E-74 1.00E-74 1.00E-74 2.11E-31 2.41E-21 2.66E-15 3.29E-13 1.66E-12
 3.67E-12 7.84E-12 1.36E-11 1.88E-11 2.03E-11 2.01E-11
 1.00E-74 1.00E-74 1.00E-74 2.11E-31 2.41E-21 2.66E-15 3.29E-13 1.66E-12
 3.67E-12 7.84E-12 1.36E-11 1.88E-11 2.03E-11 2.01E-11
 1.00E-74 1.00E-74 1.00E-74 2.11E-31 2.41E-21 2.66E-15 3.29E-13 1.66E-12
 3.67E-12 7.84E-12 1.36E-11 1.88E-11 2.03E-11 2.01E-11
 1.00E-74 1.00E-74 1.50E-51 2.10E-31 2.41E-21 2.66E-15 3.28E-13 1.66E-12
 3.66E-12 7.82E-12 1.36E-11 1.88E-11 2.03E-11 2.00E-11
 1.00E-74 1.00E-74 1.20E-51 2.08E-31 2.38E-21 2.60E-15 3.19E-13 1.61E-12
 3.55E-12 7.57E-12 1.32E-11 1.83E-11 1.99E-11 1.96E-11
 1.00E-74 1.00E-74 1.14E-51 1.97E-31 2.13E-21 2.08E-15 2.37E-13 1.17E-12
 2.57E-12 5.49E-12 9.67E-12 1.38E-11 1.56E-11 1.58E-11
 1.00E-74 1.00E-74 9.77E-52 1.56E-31 1.24E-21 7.71E-16 7.22E-14 3.37E-13
 7.27E-13 1.55E-12 2.77E-12 4.18E-12 5.08E-12 5.40E-12
  87.0095    7  14 /pl=01:ss= 7:pb= 1:sz= 7/type=excit/ispb = t/isel =   24
 1.00E+10 1.00E+11 1.00E+12 1.00E+13 1.00E+14 1.00E+15 1.00E+16
 1.10E+00 1.65E+00 2.76E+00 5.51E+00 1.10E+01 2.76E+01 5.51E+01 8.27E+01
 1.10E+02 1.65E+02 2.76E+02 5.51E+02 1.10E+03 1.65E+03
 1.00E-74 1.00E-74 1.00E-74 5.58E-32 1.94E-21 3.25E-15 3.25E-13 1.41E-12
 2.83E-12 5.42E-12 8.40E-12 1.03E-11 9.76E-12 8.90E-12
 1.00E-74 1.00E-74 1.00E-74 5.58E-32 1.94E-21 3.25E-15 3.25E-13 1.41E-12
 2.83E-12 5.42E-12 8.40E-12 1.03E-11 9.76E-12 8.90E-12
 1.00E-74 1.00E-74 1.00E-74 5.58E-32 1.94E-21 3.25E-15 3.25E-13 1.41E-12
 2.83E-12 5.42E-12 8.39E-12 1.03E-11 9.76E-12 8.90E-12
 1.00E-74 1.00E-74 1.00E-74 5.58E-32 1.94E-21 3.25E-15 3.25E-13 1.41E-12
 2.83E-12 5.42E-12 8.39E-12 1.02E-11 9.76E-12 8.90E-12
 1.00E-74 1.00E-74 1.00E-74 5.58E-32 1.94E-21 3.24E-15 3.25E-13 1.41E-12
 2.83E-12 5.41E-12 8.38E-12 1.02E-11 9.74E-12 8.88E-12
 1.00E-74 1.00E-74 1.00E-74 5.57E-32 1.93E-21 3.20E-15 3.20E-13 1.38E-12
 2.78E-12 5.32E-12 8.24E-12 1.01E-11 9.61E-12 8.77E-12
 1.00E-74 1.00E-74 1.00E-74 5.52E-32 1.82E-21 2.82E-15 2.78E-13 1.20E-12
 2.41E-12 4.63E-12 7.22E-12 8.94E-12 8.66E-12 7.98E-12
  106.240    7  14 /pl=01:ss= 7:pb= 1:sz= 7/type=excit/ispb = t/isel =   25
 1.00E+10 1.00E+11 1.00E+12 1.00E+13 1.00E+14 1.00E+15 1.00E+16
 1.10E+00 1.65E+00 2.76E+00 5.51E+00 1.10E+01 2.76E+01 5.51E+01 8.27E+01
 1.10E+02 1.65E+02 2.76E+02 5.51E+02 1.10E+03 1.65E+03
 1.00E-74 2.69E-41 3.80E-29 4.37E-20 1.29E-15 5.06E-13 3.21E-12 5.68E-12
 7.49E-12 9.72E-12 1.18E-11 1.34E-11 1.37E-11 1.34E-11
 1.00E-74 2.69E-41 3.80E-29 4.37E-20 1.29E-15 5.06E-13 3.21E-12 5.68E-12
 7.49E-12 9.72E-12 1.18E-11 1.34E-11 1.37E-11 1.34E-11
 1.00E-74 2.69E-41 3.80E-29 4.37E-20 1.29E-15 5.06E-13 3.21E-12 5.68E-12
 7.49E-12 9.72E-12 1.18E-11 1.34E-11 1.37E-11 1.34E-11
 1.00E-74 2.71E-41 3.82E-29 4.38E-20 1.30E-15 5.07E-13 3.21E-12 5.68E-12
 7.50E-12 9.72E-12 1.18E-11 1.34E-11 1.37E-11 1.34E-11
 1.00E-74 2.87E-41 3.99E-29 4.52E-20 1.32E-15 5.12E-13 3.23E-12 5.71E-12
 7.53E-12 9.75E-12 1.18E-11 1.33E-11 1.37E-11 1.34E-11
 1.00E-74 4.15E-41 5.38E-29 5.62E-20 1.54E-15 5.62E-13 3.44E-12 5.99E-12
 7.81E-12 9.98E-12 1.19E-11 1.32E-11 1.34E-11 1.32E-11
 1.00E-74 1.01E-40 1.17E-28 1.04E-19 2.41E-15 7.44E-13 4.20E-12 7.03E-12
 8.88E-12 1.09E-11 1.22E-11 1.27E-11 1.21E-11 1.16E-11
  114.969    7  14 /pl=01:ss= 7:pb= 1:sz= 7/type=excit/ispb = t/isel =   26
 1.00E+10 1.00E+11 1.00E+12 1.00E+13 1.00E+14 1.00E+15 1.00E+16
 1.10E+00 1.65E+00 2.76E+00 5.51E+00 1.10E+01 2.76E+01 5.51E+01 8.27E+01
 1.10E+02 1.65E+02 2.76E+02 5.51E+02 1.10E+03 1.65E+03
 1.00E-74 1.89E-43 2.29E-30 1.29E-20 8.14E-16 4.88E-13 3.48E-12 6.29E-12
 8.24E-12 1.04E-11 1.18E-11 1.16E-11 1.01E-11 8.95E-12
 1.00E-74 1.89E-43 2.29E-30 1.29E-20 8.14E-16 4.88E-13 3.48E-12 6.29E-12
 8.24E-12 1.04E-11 1.18E-11 1.16E-11 1.01E-11 8.95E-12
 1.00E-74 1.89E-43 2.29E-30 1.29E-20 8.14E-16 4.88E-13 3.48E-12 6.29E-12
 8.24E-12 1.04E-11 1.18E-11 1.16E-11 1.01E-11 8.95E-12
 1.00E-74 1.89E-43 2.30E-30 1.29E-20 8.15E-16 4.89E-13 3.49E-12 6.30E-12
 8.25E-12 1.04E-11 1.18E-11 1.16E-11 1.01E-11 8.96E-12
 1.00E-74 1.94E-43 2.35E-30 1.31E-20 8.27E-16 4.94E-13 3.52E-12 6.35E-12
 8.31E-12 1.05E-11 1.19E-11 1.17E-11 1.02E-11 9.05E-12
 1.00E-74 2.55E-43 2.92E-30 1.55E-20 9.42E-16 5.44E-13 3.81E-12 6.85E-12
 8.96E-12 1.13E-11 1.28E-11 1.26E-11 1.11E-11 9.83E-12
 1.00E-74 6.64E-43 6.64E-30 2.97E-20 1.55E-15 7.70E-13 5.08E-12 8.97E-12
 1.16E-11 1.46E-11 1.66E-11 1.66E-11 1.48E-11 1.34E-11
  119.557    7  14 /pl=01:ss= 7:pb= 1:sz= 7/type=excit/ispb = t/isel =   27
 1.00E+10 1.00E+11 1.00E+12 1.00E+13 1.00E+14 1.00E+15 1.00E+16
 1.10E+00 1.65E+00 2.76E+00 5.51E+00 1.10E+01 2.76E+01 5.51E+01 8.27E+01
 1.10E+02 1.65E+02 2.76E+02 5.51E+02 1.10E+03 1.65E+03
 1.00E-74 1.78E-37 1.08E-26 1.16E-18 1.08E-14 2.18E-12 1.12E-11 1.84E-11
 2.33E-11 2.88E-11 3.37E-11 3.70E-11 3.73E-11 3.65E-11
 1.00E-74 1.78E-37 1.08E-26 1.16E-18 1.08E-14 2.18E-12 1.12E-11 1.84E-11
 2.33E-11 2.88E-11 3.37E-11 3.70E-11 3.73E-11 3.65E-11
 1.00E-74 1.78E-37 1.08E-26 1.16E-18 1.08E-14 2.18E-12 1.12E-11 1.84E-11
 2.33E-11 2.88E-11 3.37E-11 3.70E-11 3.73E-11 3.65E-11
 1.00E-74 1.79E-37 1.08E-26 1.17E-18 1.08E-14 2.18E-12 1.12E-11 1.84E-11
 2.33E-11 2.88E-11 3.37E-11 3.70E-11 3.73E-11 3.64E-11
 1.00E-74 1.86E-37 1.11E-26 1.19E-18 1.09E-14 2.19E-12 1.12E-11 1.84E-11
 2.33E-11 2.89E-11 3.37E-11 3.70E-11 3.73E-11 3.64E-11
 8.97E-51 2.55E-37 1.44E-26 1.43E-18 1.23E-14 2.34E-12 1.17E-11 1.90E-11
 2.38E-11 2.93E-11 3.40E-11 3.69E-11 3.71E-11 3.62E-11
 2.42E-50 7.10E-37 3.62E-26 3.03E-18 2.15E-14 3.30E-12 1.48E-11 2.29E-11
 2.78E-11 3.28E-11 3.61E-11 3.70E-11 3.57E-11 3.43E-11
  122.588    7  14 /pl=01:ss= 7:pb= 1:sz= 7/type=excit/ispb = t/isel =   28
 1.00E+10 1.00E+11 1.00E+12 1.00E+13 1.00E+14 1.00E+15 1.00E+16
 1.10E+00 1.65E+00 2.76E+00 5.51E+00 1.10E+01 2.76E+01 5.51E+01 8.27E+01
 1.10E+02 1.65E+02 2.76E+02 5.51E+02 1.10E+03 1.65E+03
 1.00E-74 1.94E-41 4.66E-29 7.78E-20 2.71E-15 1.14E-12 7.25E-12 1.26E-11
 1.62E-11 2.01E-11 2.25E-11 2.20E-11 1.92E-11 1.71E-11
 1.00E-74 1.94E-41 4.66E-29 7.78E-20 2.71E-15 1.14E-12 7.25E-12 1.26E-11
 1.62E-11 2.01E-11 2.25E-11 2.20E-11 1.92E-11 1.71E-11
 1.00E-74 1.94E-41 4.66E-29 7.78E-20 2.71E-15 1.14E-12 7.25E-12 1.26E-11
 1.62E-11 2.01E-11 2.25E-11 2.20E-11 1.92E-11 1.71E-11
 1.00E-74 1.95E-41 4.67E-29 7.79E-20 2.71E-15 1.14E-12 7.26E-12 1.26E-11
 1.62E-11 2.01E-11 2.25E-11 2.20E-11 1.92E-11 1.71E-11
 1.00E-74 1.98E-41 4.73E-29 7.87E-20 2.74E-15 1.15E-12 7.30E-12 1.27E-11
 1.63E-11 2.01E-11 2.25E-11 2.20E-11 1.92E-11 1.71E-11
 1.00E-74 2.39E-41 5.48E-29 8.79E-20 2.97E-15 1.22E-12 7.64E-12 1.32E-11
 1.69E-11 2.07E-11 2.31E-11 2.25E-11 1.97E-11 1.75E-11
 1.00E-74 6.87E-41 1.36E-28 1.78E-19 5.04E-15 1.74E-12 1.01E-11 1.69E-11
 2.13E-11 2.57E-11 2.83E-11 2.75E-11 2.42E-11 2.17E-11
  127.624    7  14 /pl=01:ss= 7:pb= 1:sz= 7/type=excit/ispb = t/isel =   29
 1.00E+10 1.00E+11 1.00E+12 1.00E+13 1.00E+14 1.00E+15 1.00E+16
 1.10E+00 1.65E+00 2.76E+00 5.51E+00 1.10E+01 2.76E+01 5.51E+01 8.27E+01
 1.10E+02 1.65E+02 2.76E+02 5.51E+02 1.10E+03 1.65E+03
 1.00E-74 1.73E-40 1.58E-28 1.27E-19 3.03E-15 1.01E-12 5.84E-12 9.75E-12
 1.22E-11 1.44E-11 1.54E-11 1.42E-11 1.17E-11 1.02E-11
 1.00E-74 1.73E-40 1.58E-28 1.27E-19 3.03E-15 1.01E-12 5.84E-12 9.75E-12
 1.22E-11 1.44E-11 1.54E-11 1.42E-11 1.17E-11 1.02E-11
 1.00E-74 1.73E-40 1.58E-28 1.27E-19 3.03E-15 1.01E-12 5.84E-12 9.75E-12
 1.22E-11 1.44E-11 1.53E-11 1.42E-11 1.17E-11 1.02E-11
 1.00E-74 1.73E-40 1.58E-28 1.26E-19 3.03E-15 1.01E-12 5.84E-12 9.74E-12
 1.22E-11 1.44E-11 1.53E-11 1.42E-11 1.17E-11 1.02E-11
 1.00E-74 1.73E-40 1.57E-28 1.25E-19 3.00E-15 9.98E-13 5.80E-12 9.67E-12
 1.21E-11 1.44E-11 1.53E-11 1.41E-11 1.16E-11 1.01E-11
 1.00E-74 1.68E-40 1.49E-28 1.17E-19 2.78E-15 9.25E-13 5.41E-12 9.08E-12
 1.14E-11 1.36E-11 1.46E-11 1.36E-11 1.14E-11 9.94E-12
 1.00E-74 2.00E-40 1.59E-28 1.09E-19 2.28E-15 6.84E-13 3.91E-12 6.59E-12
 8.35E-12 1.02E-11 1.13E-11 1.11E-11 9.79E-12 8.84E-12
  137.851    7  14 /pl=01:ss= 7:pb= 1:sz= 7/type=excit/ispb = t/isel =   30
 1.00E+10 1.00E+11 1.00E+12 1.00E+13 1.00E+14 1.00E+15 1.00E+16
 1.10E+00 1.65E+00 2.76E+00 5.51E+00 1.10E+01 2.76E+01 5.51E+01 8.27E+01
 1.10E+02 1.65E+02 2.76E+02 5.51E+02 1.10E+03 1.65E+03
 1.00E-74 3.49E-38 5.57E-27 1.22E-18 1.55E-14 3.62E-12 1.90E-11 3.11E-11
 3.88E-11 4.67E-11 5.11E-11 4.97E-11 4.34E-11 3.89E-11
 1.00E-74 3.49E-38 5.57E-27 1.22E-18 1.55E-14 3.62E-12 1.90E-11 3.11E-11
 3.88E-11 4.67E-11 5.11E-11 4.97E-11 4.34E-11 3.89E-11
 1.00E-74 3.49E-38 5.57E-27 1.22E-18 1.55E-14 3.63E-12 1.90E-11 3.11E-11
 3.88E-11 4.67E-11 5.11E-11 4.97E-11 4.34E-11 3.89E-11
 1.00E-74 3.49E-38 5.58E-27 1.22E-18 1.56E-14 3.63E-12 1.91E-11 3.11E-11
 3.88E-11 4.67E-11 5.12E-11 4.97E-11 4.34E-11 3.89E-11
 1.00E-74 3.54E-38 5.64E-27 1.23E-18 1.56E-14 3.64E-12 1.91E-11 3.12E-11
 3.89E-11 4.67E-11 5.12E-11 4.97E-11 4.34E-11 3.89E-11
 1.00E-74 4.07E-38 6.29E-27 1.34E-18 1.66E-14 3.78E-12 1.97E-11 3.19E-11
 3.97E-11 4.76E-11 5.19E-11 5.02E-11 4.38E-11 3.92E-11
 1.63E-51 1.20E-37 1.58E-26 2.69E-18 2.74E-14 5.19E-12 2.49E-11 3.92E-11
 4.78E-11 5.62E-11 6.05E-11 5.81E-11 5.06E-11 4.53E-11
  149.842    7  14 /pl=01:ss= 7:pb= 1:sz= 7/type=excit/ispb = t/isel =   31
 1.00E+10 1.00E+11 1.00E+12 1.00E+13 1.00E+14 1.00E+15 1.00E+16
 1.10E+00 1.65E+00 2.76E+00 5.51E+00 1.10E+01 2.76E+01 5.51E+01 8.27E+01
 1.10E+02 1.65E+02 2.76E+02 5.51E+02 1.10E+03 1.65E+03
 1.00E-74 3.39E-36 9.51E-26 5.59E-18 3.63E-14 5.55E-12 2.49E-11 3.82E-11
 4.58E-11 5.23E-11 5.40E-11 4.88E-11 4.01E-11 3.48E-11
 1.00E-74 3.39E-36 9.51E-26 5.59E-18 3.63E-14 5.55E-12 2.49E-11 3.82E-11
 4.58E-11 5.23E-11 5.40E-11 4.88E-11 4.01E-11 3.48E-11
 1.00E-74 3.39E-36 9.51E-26 5.59E-18 3.63E-14 5.55E-12 2.49E-11 3.82E-11
 4.58E-11 5.23E-11 5.40E-11 4.88E-11 4.01E-11 3.48E-11
 1.00E-74 3.39E-36 9.51E-26 5.59E-18 3.63E-14 5.55E-12 2.49E-11 3.82E-11
 4.57E-11 5.23E-11 5.39E-11 4.88E-11 4.01E-11 3.48E-11
 1.93E-49 3.39E-36 9.52E-26 5.58E-18 3.62E-14 5.54E-12 2.49E-11 3.81E-11
 4.56E-11 5.21E-11 5.38E-11 4.87E-11 4.00E-11 3.47E-11
 2.71E-49 3.45E-36 9.56E-26 5.54E-18 3.55E-14 5.40E-12 2.43E-11 3.72E-11
 4.46E-11 5.10E-11 5.27E-11 4.78E-11 3.94E-11 3.42E-11
 3.44E-49 4.19E-36 1.08E-25 5.69E-18 3.30E-14 4.60E-12 2.03E-11 3.12E-11
 3.76E-11 4.35E-11 4.58E-11 4.27E-11 3.63E-11 3.21E-11
  157.928    7  14 /pl=01:ss= 7:pb= 1:sz= 7/type=excit/ispb = t/isel =   32
 1.00E+10 1.00E+11 1.00E+12 1.00E+13 1.00E+14 1.00E+15 1.00E+16
 1.10E+00 1.65E+00 2.76E+00 5.51E+00 1.10E+01 2.76E+01 5.51E+01 8.27E+01
 1.10E+02 1.65E+02 2.76E+02 5.51E+02 1.10E+03 1.65E+03
 1.00E-74 1.00E-74 1.00E-74 7.48E-38 1.59E-24 1.76E-16 8.02E-14 5.83E-13
 1.51E-12 3.73E-12 7.11E-12 1.00E-11 1.03E-11 9.57E-12
 1.00E-74 1.00E-74 1.00E-74 7.48E-38 1.59E-24 1.76E-16 8.02E-14 5.83E-13
 1.51E-12 3.73E-12 7.11E-12 1.00E-11 1.03E-11 9.57E-12
 1.00E-74 1.00E-74 1.00E-74 7.48E-38 1.59E-24 1.76E-16 8.02E-14 5.83E-13
 1.51E-12 3.73E-12 7.11E-12 1.00E-11 1.03E-11 9.57E-12
 1.00E-74 1.00E-74 1.00E-74 7.48E-38 1.59E-24 1.76E-16 8.02E-14 5.83E-13
 1.51E-12 3.73E-12 7.11E-12 1.00E-11 1.03E-11 9.57E-12
 1.00E-74 1.00E-74 1.00E-74 7.51E-38 1.59E-24 1.76E-16 8.01E-14 5.82E-13
 1.51E-12 3.72E-12 7.10E-12 1.00E-11 1.03E-11 9.55E-12
 1.00E-74 1.00E-74 1.00E-74 7.83E-38 1.62E-24 1.75E-16 7.91E-14 5.73E-13
 1.48E-12 3.66E-12 6.98E-12 9.85E-12 1.01E-11 9.43E-12
 1.00E-74 1.00E-74 1.00E-74 9.95E-38 1.78E-24 1.63E-16 6.96E-14 4.99E-13
 1.29E-12 3.19E-12 6.12E-12 8.75E-12 9.13E-12 8.59E-12
  158.084    7  14 /pl=01:ss= 7:pb= 1:sz= 7/type=excit/ispb = t/isel =   33
 1.00E+10 1.00E+11 1.00E+12 1.00E+13 1.00E+14 1.00E+15 1.00E+16
 1.10E+00 1.65E+00 2.76E+00 5.51E+00 1.10E+01 2.76E+01 5.51E+01 8.27E+01
 1.10E+02 1.65E+02 2.76E+02 5.51E+02 1.10E+03 1.65E+03
 2.13E-40 3.43E-30 4.58E-22 4.95E-16 4.54E-13 2.39E-11 8.10E-11 1.17E-10
 1.38E-10 1.61E-10 1.79E-10 1.89E-10 1.87E-10 1.81E-10
 2.13E-40 3.43E-30 4.58E-22 4.95E-16 4.54E-13 2.39E-11 8.10E-11 1.17E-10
 1.38E-10 1.61E-10 1.79E-10 1.89E-10 1.87E-10 1.81E-10
 2.13E-40 3.43E-30 4.58E-22 4.95E-16 4.54E-13 2.39E-11 8.10E-11 1.17E-10
 1.38E-10 1.61E-10 1.79E-10 1.89E-10 1.87E-10 1.81E-10
 2.14E-40 3.45E-30 4.60E-22 4.97E-16 4.55E-13 2.39E-11 8.10E-11 1.17E-10
 1.38E-10 1.61E-10 1.79E-10 1.89E-10 1.87E-10 1.81E-10
 2.25E-40 3.59E-30 4.75E-22 5.08E-16 4.62E-13 2.41E-11 8.14E-11 1.17E-10
 1.39E-10 1.61E-10 1.79E-10 1.89E-10 1.87E-10 1.81E-10
 3.29E-40 4.97E-30 6.19E-22 6.18E-16 5.30E-13 2.61E-11 8.57E-11 1.22E-10
 1.43E-10 1.65E-10 1.82E-10 1.91E-10 1.87E-10 1.81E-10
 1.08E-39 1.54E-29 1.77E-21 1.52E-15 1.07E-12 4.17E-11 1.20E-10 1.62E-10
 1.82E-10 2.00E-10 2.09E-10 2.05E-10 1.92E-10 1.82E-10
  160.953    7  14 /pl=01:ss= 7:pb= 1:sz= 7/type=excit/ispb = t/isel =   34
 1.00E+10 1.00E+11 1.00E+12 1.00E+13 1.00E+14 1.00E+15 1.00E+16
 1.10E+00 1.65E+00 2.76E+00 5.51E+00 1.10E+01 2.76E+01 5.51E+01 8.27E+01
 1.10E+02 1.65E+02 2.76E+02 5.51E+02 1.10E+03 1.65E+03
 1.00E-74 1.00E-74 1.00E-74 3.80E-37 4.55E-24 2.55E-16 8.22E-14 5.24E-13
 1.28E-12 2.98E-12 5.59E-12 8.39E-12 9.84E-12 1.02E-11
 1.00E-74 1.00E-74 1.00E-74 3.80E-37 4.55E-24 2.55E-16 8.22E-14 5.24E-13
 1.28E-12 2.98E-12 5.59E-12 8.39E-12 9.84E-12 1.02E-11
 1.00E-74 1.00E-74 1.00E-74 3.80E-37 4.55E-24 2.55E-16 8.22E-14 5.24E-13
 1.28E-12 2.98E-12 5.59E-12 8.39E-12 9.84E-12 1.02E-11
 1.00E-74 1.00E-74 1.00E-74 3.80E-37 4.55E-24 2.55E-16 8.22E-14 5.24E-13
 1.28E-12 2.98E-12 5.59E-12 8.39E-12 9.85E-12 1.02E-11
 1.00E-74 1.00E-74 1.00E-74 3.81E-37 4.55E-24 2.55E-16 8.22E-14 5.24E-13
 1.28E-12 2.98E-12 5.59E-12 8.40E-12 9.86E-12 1.02E-11
 1.00E-74 1.00E-74 1.00E-74 3.89E-37 4.59E-24 2.54E-16 8.21E-14 5.24E-13
 1.28E-12 2.99E-12 5.61E-12 8.44E-12 9.93E-12 1.03E-11
 1.00E-74 1.00E-74 1.00E-74 5.72E-37 5.28E-24 2.48E-16 7.73E-14 4.91E-13
 1.20E-12 2.81E-12 5.31E-12 8.10E-12 9.65E-12 1.00E-11
  179.324    7  14 /pl=01:ss= 7:pb= 1:sz= 7/type=excit/ispb = t/isel =   35
 1.00E+10 1.00E+11 1.00E+12 1.00E+13 1.00E+14 1.00E+15 1.00E+16
 1.10E+00 1.65E+00 2.76E+00 5.51E+00 1.10E+01 2.76E+01 5.51E+01 8.27E+01
 1.10E+02 1.65E+02 2.76E+02 5.51E+02 1.10E+03 1.65E+03
 1.17E-43 2.45E-32 2.57E-23 1.29E-16 2.48E-13 1.91E-11 7.08E-11 1.04E-10
 1.23E-10 1.41E-10 1.49E-10 1.43E-10 1.25E-10 1.12E-10
 1.16E-43 2.45E-32 2.57E-23 1.29E-16 2.48E-13 1.91E-11 7.08E-11 1.04E-10
 1.23E-10 1.41E-10 1.49E-10 1.43E-10 1.25E-10 1.12E-10
 1.16E-43 2.45E-32 2.57E-23 1.29E-16 2.48E-13 1.91E-11 7.08E-11 1.04E-10
 1.23E-10 1.41E-10 1.49E-10 1.43E-10 1.25E-10 1.12E-10
 1.16E-43 2.46E-32 2.57E-23 1.29E-16 2.48E-13 1.91E-11 7.08E-11 1.04E-10
 1.23E-10 1.41E-10 1.49E-10 1.43E-10 1.25E-10 1.12E-10
 1.18E-43 2.49E-32 2.60E-23 1.30E-16 2.50E-13 1.92E-11 7.10E-11 1.04E-10
 1.23E-10 1.41E-10 1.49E-10 1.43E-10 1.25E-10 1.12E-10
 1.43E-43 2.90E-32 2.92E-23 1.41E-16 2.64E-13 1.99E-11 7.29E-11 1.06E-10
 1.25E-10 1.43E-10 1.52E-10 1.44E-10 1.26E-10 1.13E-10
 5.51E-43 9.68E-32 8.12E-23 3.08E-16 4.61E-13 2.80E-11 9.36E-11 1.32E-10
 1.52E-10 1.71E-10 1.77E-10 1.67E-10 1.45E-10 1.30E-10
  180.473    7  14 /pl=01:ss= 7:pb= 1:sz= 7/type=excit/ispb = t/isel =   36
 1.00E+10 1.00E+11 1.00E+12 1.00E+13 1.00E+14 1.00E+15 1.00E+16
 1.10E+00 1.65E+00 2.76E+00 5.51E+00 1.10E+01 2.76E+01 5.51E+01 8.27E+01
 1.10E+02 1.65E+02 2.76E+02 5.51E+02 1.10E+03 1.65E+03
 1.00E-74 1.00E-74 1.00E-74 2.05E-37 4.35E-24 4.83E-16 2.20E-13 1.60E-12
 4.14E-12 1.02E-11 1.95E-11 2.75E-11 2.82E-11 2.62E-11
 1.00E-74 1.00E-74 1.00E-74 2.05E-37 4.35E-24 4.83E-16 2.20E-13 1.60E-12
 4.14E-12 1.02E-11 1.95E-11 2.75E-11 2.82E-11 2.62E-11
 1.00E-74 1.00E-74 1.00E-74 2.05E-37 4.35E-24 4.83E-16 2.20E-13 1.60E-12
 4.14E-12 1.02E-11 1.95E-11 2.75E-11 2.82E-11 2.62E-11
 1.00E-74 1.00E-74 1.00E-74 2.05E-37 4.35E-24 4.83E-16 2.20E-13 1.60E-12
 4.14E-12 1.02E-11 1.95E-11 2.75E-11 2.82E-11 2.62E-11
 1.00E-74 1.00E-74 1.00E-74 2.06E-37 4.36E-24 4.83E-16 2.20E-13 1.60E-12
 4.13E-12 1.02E-11 1.95E-11 2.74E-11 2.81E-11 2.62E-11
 1.00E-74 1.00E-74 1.00E-74 2.15E-37 4.43E-24 4.80E-16 2.17E-13 1.57E-12
 4.07E-12 1.00E-11 1.91E-11 2.70E-11 2.78E-11 2.59E-11
 1.00E-74 1.00E-74 1.00E-74 2.73E-37 4.88E-24 4.46E-16 1.91E-13 1.37E-12
 3.54E-12 8.74E-12 1.68E-11 2.40E-11 2.50E-11 2.36E-11
  181.028    7  14 /pl=01:ss= 7:pb= 1:sz= 7/type=excit/ispb = t/isel =   37
 1.00E+10 1.00E+11 1.00E+12 1.00E+13 1.00E+14 1.00E+15 1.00E+16
 1.10E+00 1.65E+00 2.76E+00 5.51E+00 1.10E+01 2.76E+01 5.51E+01 8.27E+01
 1.10E+02 1.65E+02 2.76E+02 5.51E+02 1.10E+03 1.65E+03
 1.00E-74 1.00E-74 1.00E-74 6.19E-43 8.66E-27 3.29E-17 4.24E-14 4.24E-13
 1.29E-12 3.70E-12 7.92E-12 1.22E-11 1.31E-11 1.24E-11
 1.00E-74 1.00E-74 1.00E-74 6.19E-43 8.66E-27 3.29E-17 4.24E-14 4.24E-13
 1.29E-12 3.70E-12 7.92E-12 1.22E-11 1.31E-11 1.24E-11
 1.00E-74 1.00E-74 1.00E-74 6.19E-43 8.66E-27 3.29E-17 4.24E-14 4.24E-13
 1.29E-12 3.70E-12 7.92E-12 1.22E-11 1.31E-11 1.24E-11
 1.00E-74 1.00E-74 1.00E-74 6.19E-43 8.66E-27 3.29E-17 4.24E-14 4.24E-13
 1.29E-12 3.70E-12 7.92E-12 1.22E-11 1.31E-11 1.24E-11
 1.00E-74 1.00E-74 1.00E-74 6.19E-43 8.65E-27 3.28E-17 4.23E-14 4.23E-13
 1.29E-12 3.69E-12 7.90E-12 1.22E-11 1.31E-11 1.24E-11
 1.00E-74 1.00E-74 1.00E-74 6.15E-43 8.56E-27 3.23E-17 4.16E-14 4.16E-13
 1.26E-12 3.63E-12 7.77E-12 1.20E-11 1.29E-11 1.22E-11
 1.00E-74 1.00E-74 1.00E-74 5.84E-43 7.83E-27 2.81E-17 3.58E-14 3.58E-13
 1.09E-12 3.15E-12 6.79E-12 1.06E-11 1.16E-11 1.11E-11
  199.390    7  14 /pl=01:ss= 7:pb= 1:sz= 7/type=excit/ispb = t/isel =   38
 1.00E+10 1.00E+11 1.00E+12 1.00E+13 1.00E+14 1.00E+15 1.00E+16
 1.10E+00 1.65E+00 2.76E+00 5.51E+00 1.10E+01 2.76E+01 5.51E+01 8.27E+01
 1.10E+02 1.65E+02 2.76E+02 5.51E+02 1.10E+03 1.65E+03
 1.00E-74 7.85E-38 4.75E-27 5.13E-19 4.74E-15 9.60E-13 4.92E-12 8.11E-12
 1.02E-11 1.27E-11 1.49E-11 1.63E-11 1.64E-11 1.61E-11
 1.00E-74 7.85E-38 4.75E-27 5.13E-19 4.74E-15 9.60E-13 4.92E-12 8.11E-12
 1.02E-11 1.27E-11 1.49E-11 1.63E-11 1.64E-11 1.61E-11
 1.00E-74 7.86E-38 4.75E-27 5.13E-19 4.74E-15 9.60E-13 4.92E-12 8.11E-12
 1.02E-11 1.27E-11 1.49E-11 1.63E-11 1.64E-11 1.61E-11
 1.00E-74 7.89E-38 4.76E-27 5.14E-19 4.75E-15 9.60E-13 4.93E-12 8.11E-12
 1.03E-11 1.27E-11 1.49E-11 1.63E-11 1.64E-11 1.61E-11
 1.00E-74 8.21E-38 4.91E-27 5.25E-19 4.81E-15 9.66E-13 4.94E-12 8.13E-12
 1.03E-11 1.27E-11 1.49E-11 1.63E-11 1.64E-11 1.60E-11
 3.95E-51 1.12E-37 6.33E-27 6.30E-19 5.43E-15 1.03E-12 5.13E-12 8.36E-12
 1.05E-11 1.29E-11 1.50E-11 1.63E-11 1.63E-11 1.59E-11
 1.07E-50 3.13E-37 1.59E-26 1.34E-18 9.49E-15 1.45E-12 6.52E-12 1.01E-11
 1.23E-11 1.45E-11 1.59E-11 1.63E-11 1.57E-11 1.51E-11
  229.421    7  14 /pl=01:ss= 7:pb= 1:sz= 7/type=excit/ispb = t/isel =   39
 1.00E+10 1.00E+11 1.00E+12 1.00E+13 1.00E+14 1.00E+15 1.00E+16
 1.10E+00 1.65E+00 2.76E+00 5.51E+00 1.10E+01 2.76E+01 5.51E+01 8.27E+01
 1.10E+02 1.65E+02 2.76E+02 5.51E+02 1.10E+03 1.65E+03
 4.31E-37 9.52E-28 2.58E-20 8.38E-15 4.03E-12 1.30E-10 3.55E-10 4.61E-10
 5.09E-10 5.38E-10 5.24E-10 4.55E-10 3.67E-10 3.17E-10
 4.31E-37 9.52E-28 2.58E-20 8.38E-15 4.03E-12 1.30E-10 3.55E-10 4.61E-10
 5.09E-10 5.38E-10 5.24E-10 4.55E-10 3.67E-10 3.17E-10
 4.31E-37 9.52E-28 2.58E-20 8.38E-15 4.03E-12 1.30E-10 3.55E-10 4.61E-10
 5.09E-10 5.38E-10 5.24E-10 4.55E-10 3.67E-10 3.17E-10
 4.32E-37 9.52E-28 2.58E-20 8.38E-15 4.03E-12 1.30E-10 3.55E-10 4.61E-10
 5.09E-10 5.38E-10 5.24E-10 4.55E-10 3.67E-10 3.17E-10
 4.33E-37 9.54E-28 2.59E-20 8.39E-15 4.03E-12 1.30E-10 3.54E-10 4.61E-10
 5.08E-10 5.38E-10 5.23E-10 4.55E-10 3.66E-10 3.16E-10
 4.47E-37 9.79E-28 2.64E-20 8.47E-15 4.03E-12 1.29E-10 3.51E-10 4.56E-10
 5.03E-10 5.32E-10 5.18E-10 4.51E-10 3.64E-10 3.14E-10
 5.62E-37 1.19E-27 3.10E-20 9.35E-15 4.10E-12 1.21E-10 3.23E-10 4.19E-10
 4.64E-10 4.94E-10 4.86E-10 4.31E-10 3.53E-10 3.08E-10
  307.787    7  14 /pl=01:ss= 7:pb= 1:sz= 7/type=excit/ispb = t/isel =   40
 1.00E+10 1.00E+11 1.00E+12 1.00E+13 1.00E+14 1.00E+15 1.00E+16
 1.10E+00 1.65E+00 2.76E+00 5.51E+00 1.10E+01 2.76E+01 5.51E+01 8.27E+01
 1.10E+02 1.65E+02 2.76E+02 5.51E+02 1.10E+03 1.65E+03
 1.00E-74 1.00E-74 1.00E-74 2.75E-36 2.27E-23 1.00E-15 2.93E-13 1.79E-12
 4.25E-12 9.55E-12 1.68E-11 2.23E-11 2.21E-11 2.04E-11
 1.00E-74 1.00E-74 1.00E-74 2.75E-36 2.27E-23 1.00E-15 2.93E-13 1.79E-12
 4.25E-12 9.55E-12 1.68E-11 2.23E-11 2.21E-11 2.04E-11
 1.00E-74 1.00E-74 1.00E-74 2.75E-36 2.27E-23 1.00E-15 2.93E-13 1.79E-12
 4.25E-12 9.55E-12 1.68E-11 2.23E-11 2.21E-11 2.04E-11
 1.00E-74 1.00E-74 1.00E-74 2.75E-36 2.27E-23 1.00E-15 2.93E-13 1.79E-12
 4.25E-12 9.55E-12 1.68E-11 2.23E-11 2.21E-11 2.04E-11
 1.00E-74 1.00E-74 1.00E-74 2.75E-36 2.26E-23 9.98E-16 2.92E-13 1.78E-12
 4.24E-12 9.53E-12 1.68E-11 2.23E-11 2.21E-11 2.04E-11
 1.00E-74 1.00E-74 1.00E-74 2.73E-36 2.23E-23 9.79E-16 2.86E-13 1.75E-12
 4.16E-12 9.35E-12 1.64E-11 2.19E-11 2.18E-11 2.01E-11
 1.00E-74 1.00E-74 1.00E-74 2.58E-36 1.99E-23 8.25E-16 2.39E-13 1.47E-12
 3.50E-12 7.93E-12 1.41E-11 1.91E-11 1.94E-11 1.81E-11
  331.016    7  14 /pl=01:ss= 7:pb= 1:sz= 7/type=excit/ispb = t/isel =   41
 1.00E+10 1.00E+11 1.00E+12 1.00E+13 1.00E+14 1.00E+15 1.00E+16
 1.10E+00 1.65E+00 2.76E+00 5.51E+00 1.10E+01 2.76E+01 5.51E+01 8.27E+01
 1.10E+02 1.65E+02 2.76E+02 5.51E+02 1.10E+03 1.65E+03
 1.00E-74 1.00E-74 1.00E-74 3.86E-36 1.64E-23 5.07E-16 1.40E-13 8.62E-13
 2.07E-12 4.74E-12 8.51E-12 1.17E-11 1.20E-11 1.13E-11
 1.00E-74 1.00E-74 1.00E-74 3.86E-36 1.64E-23 5.07E-16 1.40E-13 8.62E-13
 2.07E-12 4.74E-12 8.51E-12 1.17E-11 1.20E-11 1.13E-11
 1.00E-74 1.00E-74 1.00E-74 3.86E-36 1.64E-23 5.07E-16 1.40E-13 8.62E-13
 2.07E-12 4.74E-12 8.51E-12 1.17E-11 1.20E-11 1.13E-11
 1.00E-74 1.00E-74 1.00E-74 3.86E-36 1.64E-23 5.06E-16 1.40E-13 8.61E-13
 2.07E-12 4.73E-12 8.51E-12 1.17E-11 1.20E-11 1.13E-11
 1.00E-74 1.00E-74 1.00E-74 3.85E-36 1.63E-23 5.04E-16 1.39E-13 8.57E-13
 2.06E-12 4.71E-12 8.47E-12 1.16E-11 1.19E-11 1.12E-11
 1.00E-74 1.00E-74 1.00E-74 3.81E-36 1.59E-23 4.82E-16 1.33E-13 8.16E-13
 1.96E-12 4.50E-12 8.12E-12 1.12E-11 1.15E-11 1.09E-11
 1.00E-74 1.00E-74 1.00E-74 3.42E-36 1.25E-23 3.29E-16 8.79E-14 5.42E-13
 1.31E-12 3.07E-12 5.68E-12 8.21E-12 8.85E-12 8.58E-12
  335.931    7  14 /pl=01:ss= 7:pb= 1:sz= 7/type=excit/ispb = t/isel =   42
 1.00E+10 1.00E+11 1.00E+12 1.00E+13 1.00E+14 1.00E+15 1.00E+16
 1.10E+00 1.65E+00 2.76E+00 5.51E+00 1.10E+01 2.76E+01 5.51E+01 8.27E+01
 1.10E+02 1.65E+02 2.76E+02 5.51E+02 1.10E+03 1.65E+03
 1.56E-40 2.52E-30 3.37E-22 3.64E-16 3.33E-13 1.76E-11 5.95E-11 8.58E-11
 1.01E-10 1.18E-10 1.32E-10 1.39E-10 1.37E-10 1.33E-10
 1.56E-40 2.52E-30 3.37E-22 3.64E-16 3.33E-13 1.76E-11 5.95E-11 8.58E-11
 1.01E-10 1.18E-10 1.32E-10 1.39E-10 1.37E-10 1.33E-10
 1.57E-40 2.52E-30 3.37E-22 3.64E-16 3.33E-13 1.76E-11 5.95E-11 8.58E-11
 1.01E-10 1.18E-10 1.32E-10 1.39E-10 1.37E-10 1.33E-10
 1.57E-40 2.53E-30 3.38E-22 3.65E-16 3.34E-13 1.76E-11 5.95E-11 8.58E-11
 1.02E-10 1.18E-10 1.32E-10 1.39E-10 1.37E-10 1.33E-10
 1.65E-40 2.64E-30 3.49E-22 3.73E-16 3.39E-13 1.77E-11 5.98E-11 8.62E-11
 1.02E-10 1.18E-10 1.32E-10 1.39E-10 1.37E-10 1.33E-10
 2.42E-40 3.65E-30 4.55E-22 4.54E-16 3.89E-13 1.92E-11 6.30E-11 8.97E-11
 1.05E-10 1.21E-10 1.34E-10 1.40E-10 1.37E-10 1.33E-10
 7.91E-40 1.13E-29 1.30E-21 1.11E-15 7.89E-13 3.06E-11 8.81E-11 1.19E-10
 1.34E-10 1.47E-10 1.54E-10 1.51E-10 1.41E-10 1.34E-10
  432.152    7  14 /pl=01:ss= 7:pb= 1:sz= 7/type=excit/ispb = t/isel =   43
 1.00E+10 1.00E+11 1.00E+12 1.00E+13 1.00E+14 1.00E+15 1.00E+16
 1.10E+00 1.65E+00 2.76E+00 5.51E+00 1.10E+01 2.76E+01 5.51E+01 8.27E+01
 1.10E+02 1.65E+02 2.76E+02 5.51E+02 1.10E+03 1.65E+03
 1.00E-74 1.00E-74 1.00E-74 2.94E-39 5.32E-25 1.48E-16 7.96E-14 5.99E-13
 1.57E-12 3.91E-12 7.53E-12 1.07E-11 1.11E-11 1.04E-11
 1.00E-74 1.00E-74 1.00E-74 2.94E-39 5.32E-25 1.48E-16 7.96E-14 5.99E-13
 1.57E-12 3.91E-12 7.53E-12 1.07E-11 1.11E-11 1.04E-11
 1.00E-74 1.00E-74 1.00E-74 2.94E-39 5.32E-25 1.48E-16 7.96E-14 5.99E-13
 1.57E-12 3.90E-12 7.53E-12 1.07E-11 1.11E-11 1.04E-11
 1.00E-74 1.00E-74 1.00E-74 2.94E-39 5.32E-25 1.48E-16 7.96E-14 5.99E-13
 1.57E-12 3.90E-12 7.53E-12 1.07E-11 1.11E-11 1.04E-11
 1.00E-74 1.00E-74 1.00E-74 2.94E-39 5.31E-25 1.48E-16 7.95E-14 5.98E-13
 1.57E-12 3.90E-12 7.52E-12 1.07E-11 1.11E-11 1.04E-11
 1.00E-74 1.00E-74 1.00E-74 2.93E-39 5.27E-25 1.46E-16 7.83E-14 5.89E-13
 1.54E-12 3.84E-12 7.40E-12 1.05E-11 1.10E-11 1.03E-11
 1.00E-74 1.00E-74 1.00E-74 2.83E-39 4.91E-25 1.29E-16 6.86E-14 5.16E-13
 1.35E-12 3.39E-12 6.57E-12 9.46E-12 9.96E-12 9.40E-12
  457.457    7  14 /pl=01:ss= 7:pb= 1:sz= 7/type=excit/ispb = t/isel =   44
 1.00E+10 1.00E+11 1.00E+12 1.00E+13 1.00E+14 1.00E+15 1.00E+16
 1.10E+00 1.65E+00 2.76E+00 5.51E+00 1.10E+01 2.76E+01 5.51E+01 8.27E+01
 1.10E+02 1.65E+02 2.76E+02 5.51E+02 1.10E+03 1.65E+03
 1.00E-74 1.00E-74 1.00E-74 3.11E-39 5.63E-25 1.57E-16 8.43E-14 6.35E-13
 1.66E-12 4.14E-12 7.98E-12 1.14E-11 1.18E-11 1.10E-11
 1.00E-74 1.00E-74 1.00E-74 3.11E-39 5.63E-25 1.57E-16 8.43E-14 6.35E-13
 1.66E-12 4.14E-12 7.98E-12 1.14E-11 1.18E-11 1.10E-11
 1.00E-74 1.00E-74 1.00E-74 3.11E-39 5.63E-25 1.57E-16 8.43E-14 6.35E-13
 1.66E-12 4.14E-12 7.98E-12 1.14E-11 1.18E-11 1.10E-11
 1.00E-74 1.00E-74 1.00E-74 3.11E-39 5.63E-25 1.57E-16 8.43E-14 6.35E-13
 1.66E-12 4.14E-12 7.98E-12 1.13E-11 1.18E-11 1.10E-11
 1.00E-74 1.00E-74 1.00E-74 3.11E-39 5.63E-25 1.57E-16 8.42E-14 6.34E-13
 1.66E-12 4.13E-12 7.96E-12 1.13E-11 1.18E-11 1.10E-11
 1.00E-74 1.00E-74 1.00E-74 3.10E-39 5.58E-25 1.54E-16 8.30E-14 6.24E-13
 1.63E-12 4.07E-12 7.84E-12 1.12E-11 1.16E-11 1.09E-11
 1.00E-74 1.00E-74 1.00E-74 3.00E-39 5.20E-25 1.37E-16 7.27E-14 5.47E-13
 1.43E-12 3.59E-12 6.96E-12 1.00E-11 1.06E-11 9.96E-12
  484.966    7  14 /pl=01:ss= 7:pb= 1:sz= 7/type=excit/ispb = t/isel =   45
 1.00E+10 1.00E+11 1.00E+12 1.00E+13 1.00E+14 1.00E+15 1.00E+16
 1.10E+00 1.65E+00 2.76E+00 5.51E+00 1.10E+01 2.76E+01 5.51E+01 8.27E+01
 1.10E+02 1.65E+02 2.76E+02 5.51E+02 1.10E+03 1.65E+03
 1.00E-74 1.00E-74 1.00E-74 1.53E-38 2.77E-24 7.71E-16 4.15E-13 3.12E-12
 8.17E-12 2.03E-11 3.92E-11 5.58E-11 5.79E-11 5.41E-11
 1.00E-74 1.00E-74 1.00E-74 1.53E-38 2.77E-24 7.71E-16 4.15E-13 3.12E-12
 8.17E-12 2.03E-11 3.92E-11 5.58E-11 5.79E-11 5.41E-11
 1.00E-74 1.00E-74 1.00E-74 1.53E-38 2.77E-24 7.70E-16 4.15E-13 3.12E-12
 8.16E-12 2.03E-11 3.92E-11 5.58E-11 5.79E-11 5.41E-11
 1.00E-74 1.00E-74 1.00E-74 1.53E-38 2.77E-24 7.70E-16 4.15E-13 3.12E-12
 8.16E-12 2.03E-11 3.92E-11 5.58E-11 5.79E-11 5.41E-11
 1.00E-74 1.00E-74 1.00E-74 1.53E-38 2.77E-24 7.69E-16 4.14E-13 3.11E-12
 8.15E-12 2.03E-11 3.91E-11 5.57E-11 5.78E-11 5.41E-11
 1.00E-74 1.00E-74 1.00E-74 1.52E-38 2.74E-24 7.59E-16 4.08E-13 3.07E-12
 8.03E-12 2.00E-11 3.86E-11 5.49E-11 5.70E-11 5.34E-11
 1.00E-74 1.00E-74 1.00E-74 1.47E-38 2.56E-24 6.73E-16 3.57E-13 2.69E-12
 7.05E-12 1.76E-11 3.42E-11 4.93E-11 5.19E-11 4.90E-11
  522.931    7  14 /pl=01:ss= 7:pb= 1:sz= 7/type=excit/ispb = t/isel =   46
 1.00E+10 1.00E+11 1.00E+12 1.00E+13 1.00E+14 1.00E+15 1.00E+16
 1.10E+00 1.65E+00 2.76E+00 5.51E+00 1.10E+01 2.76E+01 5.51E+01 8.27E+01
 1.10E+02 1.65E+02 2.76E+02 5.51E+02 1.10E+03 1.65E+03
 1.89E-24 4.36E-19 7.73E-15 1.02E-11 3.11E-10 1.93E-09 2.96E-09 3.16E-09
 3.15E-09 3.00E-09 2.63E-09 2.10E-09 1.59E-09 1.35E-09
 1.89E-24 4.36E-19 7.73E-15 1.02E-11 3.11E-10 1.93E-09 2.96E-09 3.16E-09
 3.15E-09 3.00E-09 2.63E-09 2.10E-09 1.59E-09 1.35E-09
 1.89E-24 4.36E-19 7.73E-15 1.02E-11 3.11E-10 1.93E-09 2.96E-09 3.16E-09
 3.15E-09 3.00E-09 2.63E-09 2.10E-09 1.59E-09 1.35E-09
 1.90E-24 4.38E-19 7.75E-15 1.02E-11 3.11E-10 1.93E-09 2.96E-09 3.17E-09
 3.16E-09 3.00E-09 2.63E-09 2.10E-09 1.60E-09 1.35E-09
 1.98E-24 4.52E-19 7.95E-15 1.04E-11 3.15E-10 1.95E-09 2.99E-09 3.19E-09
 3.18E-09 3.02E-09 2.64E-09 2.11E-09 1.60E-09 1.36E-09
 2.69E-24 5.87E-19 9.85E-15 1.22E-11 3.56E-10 2.13E-09 3.22E-09 3.42E-09
 3.40E-09 3.22E-09 2.81E-09 2.23E-09 1.68E-09 1.42E-09
 7.17E-24 1.51E-18 2.38E-14 2.65E-11 6.77E-10 3.51E-09 5.01E-09 5.24E-09
 5.15E-09 4.82E-09 4.18E-09 3.26E-09 2.42E-09 2.01E-09
  560.350    7  14 /pl=01:ss= 7:pb= 1:sz= 7/type=excit/ispb = t/isel =   47
 1.00E+10 1.00E+11 1.00E+12 1.00E+13 1.00E+14 1.00E+15 1.00E+16
 1.10E+00 1.65E+00 2.76E+00 5.51E+00 1.10E+01 2.76E+01 5.51E+01 8.27E+01
 1.10E+02 1.65E+02 2.76E+02 5.51E+02 1.10E+03 1.65E+03
 1.00E-74 2.36E-36 6.62E-26 3.89E-18 2.52E-14 3.86E-12 1.74E-11 2.66E-11
 3.18E-11 3.64E-11 3.75E-11 3.39E-11 2.79E-11 2.42E-11
 1.00E-74 2.36E-36 6.62E-26 3.89E-18 2.52E-14 3.86E-12 1.74E-11 2.66E-11
 3.18E-11 3.64E-11 3.75E-11 3.39E-11 2.79E-11 2.42E-11
 1.00E-74 2.36E-36 6.62E-26 3.89E-18 2.52E-14 3.86E-12 1.74E-11 2.66E-11
 3.18E-11 3.64E-11 3.75E-11 3.39E-11 2.79E-11 2.42E-11
 1.00E-74 2.36E-36 6.62E-26 3.89E-18 2.52E-14 3.86E-12 1.74E-11 2.66E-11
 3.18E-11 3.64E-11 3.75E-11 3.39E-11 2.79E-11 2.42E-11
 1.35E-49 2.36E-36 6.62E-26 3.88E-18 2.52E-14 3.85E-12 1.73E-11 2.65E-11
 3.17E-11 3.63E-11 3.74E-11 3.38E-11 2.78E-11 2.41E-11
 1.88E-49 2.40E-36 6.65E-26 3.85E-18 2.47E-14 3.76E-12 1.69E-11 2.59E-11
 3.10E-11 3.55E-11 3.67E-11 3.32E-11 2.74E-11 2.38E-11
 2.39E-49 2.91E-36 7.53E-26 3.96E-18 2.30E-14 3.20E-12 1.41E-11 2.17E-11
 2.62E-11 3.03E-11 3.19E-11 2.97E-11 2.53E-11 2.23E-11
  696.067    7  14 /pl=01:ss= 7:pb= 1:sz= 7/type=excit/ispb = t/isel =   48
 1.00E+10 1.00E+11 1.00E+12 1.00E+13 1.00E+14 1.00E+15 1.00E+16
 1.10E+00 1.65E+00 2.76E+00 5.51E+00 1.10E+01 2.76E+01 5.51E+01 8.27E+01
 1.10E+02 1.65E+02 2.76E+02 5.51E+02 1.10E+03 1.65E+03
 2.96E-14 5.28E-12 3.05E-10 5.54E-09 2.06E-08 3.89E-08 4.33E-08 4.29E-08
 4.17E-08 3.93E-08 3.57E-08 3.00E-08 2.46E-08 2.17E-08
 2.96E-14 5.28E-12 3.05E-10 5.54E-09 2.06E-08 3.89E-08 4.33E-08 4.29E-08
 4.17E-08 3.93E-08 3.57E-08 3.00E-08 2.46E-08 2.17E-08
 2.96E-14 5.28E-12 3.05E-10 5.54E-09 2.06E-08 3.89E-08 4.33E-08 4.29E-08
 4.17E-08 3.93E-08 3.57E-08 3.00E-08 2.46E-08 2.17E-08
 2.96E-14 5.28E-12 3.05E-10 5.54E-09 2.06E-08 3.89E-08 4.33E-08 4.29E-08
 4.17E-08 3.93E-08 3.57E-08 3.00E-08 2.46E-08 2.17E-08
 2.95E-14 5.27E-12 3.04E-10 5.53E-09 2.06E-08 3.88E-08 4.32E-08 4.28E-08
 4.16E-08 3.92E-08 3.56E-08 3.00E-08 2.46E-08 2.16E-08
 2.86E-14 5.13E-12 2.98E-10 5.44E-09 2.02E-08 3.80E-08 4.23E-08 4.20E-08
 4.07E-08 3.84E-08 3.49E-08 2.94E-08 2.42E-08 2.13E-08
 2.16E-14 4.05E-12 2.46E-10 4.65E-09 1.72E-08 3.15E-08 3.50E-08 3.49E-08
 3.41E-08 3.24E-08 2.98E-08 2.55E-08 2.14E-08 1.91E-08
  740.138    7  14 /pl=01:ss= 7:pb= 1:sz= 7/type=excit/ispb = t/isel =   49
 1.00E+10 1.00E+11 1.00E+12 1.00E+13 1.00E+14 1.00E+15 1.00E+16
 1.10E+00 1.65E+00 2.76E+00 5.51E+00 1.10E+01 2.76E+01 5.51E+01 8.27E+01
 1.10E+02 1.65E+02 2.76E+02 5.51E+02 1.10E+03 1.65E+03
 1.00E-74 9.30E-38 5.62E-27 6.07E-19 5.62E-15 1.14E-12 5.83E-12 9.60E-12
 1.21E-11 1.51E-11 1.76E-11 1.93E-11 1.95E-11 1.90E-11
 1.00E-74 9.30E-38 5.62E-27 6.07E-19 5.62E-15 1.14E-12 5.83E-12 9.60E-12
 1.21E-11 1.51E-11 1.76E-11 1.93E-11 1.95E-11 1.90E-11
 1.00E-74 9.31E-38 5.62E-27 6.08E-19 5.62E-15 1.14E-12 5.83E-12 9.60E-12
 1.21E-11 1.51E-11 1.76E-11 1.93E-11 1.95E-11 1.90E-11
 1.00E-74 9.34E-38 5.64E-27 6.09E-19 5.62E-15 1.14E-12 5.83E-12 9.60E-12
 1.21E-11 1.51E-11 1.76E-11 1.93E-11 1.95E-11 1.90E-11
 1.00E-74 9.72E-38 5.82E-27 6.22E-19 5.70E-15 1.14E-12 5.85E-12 9.63E-12
 1.22E-11 1.51E-11 1.76E-11 1.93E-11 1.95E-11 1.90E-11
 4.68E-51 1.33E-37 7.49E-27 7.46E-19 6.43E-15 1.22E-12 6.08E-12 9.90E-12
 1.24E-11 1.53E-11 1.77E-11 1.93E-11 1.93E-11 1.89E-11
 1.26E-50 3.71E-37 1.89E-26 1.58E-18 1.12E-14 1.72E-12 7.73E-12 1.20E-11
 1.45E-11 1.71E-11 1.88E-11 1.93E-11 1.86E-11 1.79E-11
  1454.76    7  14 /pl=01:ss= 7:pb= 1:sz= 7/type=excit/ispb = t/isel =   50
 1.00E+10 1.00E+11 1.00E+12 1.00E+13 1.00E+14 1.00E+15 1.00E+16
 1.10E+00 1.65E+00 2.76E+00 5.51E+00 1.10E+01 2.76E+01 5.51E+01 8.27E+01
 1.10E+02 1.65E+02 2.76E+02 5.51E+02 1.10E+03 1.65E+03
 1.11E-44 2.35E-33 2.45E-24 1.23E-17 2.37E-14 1.83E-12 6.77E-12 9.93E-12
 1.17E-11 1.34E-11 1.43E-11 1.36E-11 1.19E-11 1.07E-11
 1.11E-44 2.35E-33 2.45E-24 1.23E-17 2.37E-14 1.83E-12 6.77E-12 9.93E-12
 1.17E-11 1.34E-11 1.43E-11 1.36E-11 1.19E-11 1.07E-11
 1.11E-44 2.35E-33 2.45E-24 1.23E-17 2.37E-14 1.83E-12 6.77E-12 9.93E-12
 1.17E-11 1.34E-11 1.43E-11 1.36E-11 1.19E-11 1.07E-11
 1.11E-44 2.35E-33 2.46E-24 1.23E-17 2.37E-14 1.83E-12 6.77E-12 9.93E-12
 1.17E-11 1.34E-11 1.43E-11 1.36E-11 1.19E-11 1.07E-11
 1.13E-44 2.38E-33 2.48E-24 1.24E-17 2.39E-14 1.83E-12 6.79E-12 9.96E-12
 1.18E-11 1.35E-11 1.43E-11 1.37E-11 1.19E-11 1.07E-11
 1.36E-44 2.77E-33 2.79E-24 1.35E-17 2.53E-14 1.90E-12 6.97E-12 1.02E-11
 1.20E-11 1.37E-11 1.45E-11 1.38E-11 1.21E-11 1.08E-11
 5.27E-44 9.26E-33 7.76E-24 2.95E-17 4.41E-14 2.68E-12 8.95E-12 1.26E-11
 1.46E-11 1.63E-11 1.70E-11 1.60E-11 1.38E-11 1.24E-11
c-------------------------------------------------------------------------------
 
C  root partition information
C  ==========================
C
C  nuclear charge : 18
C  ion charge+1   :  8
C
C  population calculation information
C  ----------------------------------
C
C  population processing code: adas810
C
C  adf04 source file    : adf04_copmm#18_ls_40#ar7.dat
C  adf18/a17_p208 file  : NULL
C
C  meta. ion. coeff. selector  : 
 
C  options  : lnorm =T  lpsel =F  lzsel =T  liosel=F
C           : lhsel =F  lrsel =F  lisel =F  lnsel =F
 
C  energy levels
C  -------------
C
C   lv      configuration    (2S+1)L(w-1/2)      energy (cm^-1)
C  ---   ------------------- --------------      --------------
c    1   14                     (2)0(  0.5)             0.0
c    2   15                     (2)1(  2.5)        143664.4
c    3   16                     (2)2(  4.5)        334894.4
c    4   17                     (2)0(  0.5)        579544.4
c    5   18                     (2)1(  2.5)        632574.4
c    6   19                     (2)2(  4.5)        701314.4
c    7   1B                     (2)0(  0.5)        811034.4
c    8   1C                     (2)1(  2.5)        836424.4
c    9   1D                     (2)2(  4.5)        869084.4
c   10   1G                     (2)0(  0.5)        927214.4
c   11   1H                     (2)1(  2.5)        941264.4
c   12   1I                     (2)2(  4.5)        959404.4
c   13   1M                     (2)0(  0.5)        993784.4
c   14   1N                     (2)1(  2.5)       1002364.4
c   15   1O                     (2)2(  4.5)       1013464.4
c   16   1T                     (2)0(  0.5)       1035464.4
c   17   1U                     (2)1(  2.5)       1041064.4
c   18   1V                     (2)2(  4.5)       1048364.4
c   19   22553514515            (4)0(  1.5)       2075564.4
c   20   22553514515            (4)2(  9.5)       2088264.4
c   21   22553514515            (4)1(  5.5)       2098164.4
c   22   22553514515            (2)2(  4.5)       2110664.4
c   23   22553514515            (2)1(  2.5)       2111264.4
c   24   22553514515            (2)0(  0.5)       2119864.4
c   25   22553514515            (2)2(  4.5)       2155964.4
c   26   22553514515            (2)1(  2.5)       2158164.4
c   27   22553514515            (2)0(  0.5)       2190364.4
c   28   22553514516            (4)1(  5.5)       2294664.4
c   29   22553514516            (4)3( 13.5)       2300964.4
c   30   22553514516            (4)2(  9.5)       2313864.4
c   31   22553514516            (2)3(  6.5)       2319964.4
c   32   22553514516            (2)1(  2.5)       2321364.4
c   33   22553514516            (2)2(  4.5)       2330464.4
c   34   22553514516            (2)2(  4.5)       2330964.4
c   35   22553514516            (2)3(  6.5)       2333564.4
c   36   22553514516            (2)1(  2.5)       2351564.4
c   37   12563524               (2)0(  0.5)       2615964.4
c   38   22553514518            (4)0(  1.5)       2633564.4
c   39   22553514518            (4)2(  9.5)       2639064.4
c   40   22553514518            (2)1(  2.5)       2644764.4
c   41   22553514518            (4)1(  5.5)       2646564.4
c   42   22553514518            (2)0(  0.5)       2650564.4
c   43   22553514518            (2)2(  4.5)       2652364.4
c   44   22553514518            (2)2(  4.5)       2653164.4
c   45   22553514518            (2)1(  2.5)       2661364.4
c   46   22553514518            (2)0(  0.5)       2676464.4
c   47   22553514519            (4)1(  5.5)       2704464.4
c   48   22553514519            (4)3( 13.5)       2709564.4
c   49   22553514519            (2)3(  6.5)       2711164.4
c   50   22553514519            (2)2(  4.5)       2712264.4
c   51   22553514519            (4)2(  9.5)       2717764.4
c   52   12563514515            (4)1(  5.5)       2718864.4
c   53   22553514519            (2)1(  2.5)       2719264.4
c   54   22553514519            (2)1(  2.5)       2723664.4
c   55   22553514519            (2)3(  6.5)       2729364.4
c   56   22553514519            (2)2(  4.5)       2732064.4
c   57   2255351451A            (4)4( 17.5)       2737764.4
c   58   2255351451A            (2)4(  8.5)       2738064.4
c   59   2255351451A            (2)2(  4.5)       2738564.4
c   60   2255351451A            (4)3( 13.5)       2738664.4
c   61   2255351451A            (4)2(  9.5)       2740864.4
c   62   2255351451A            (2)3(  6.5)       2742464.4
c   63   12563514515            (2)1(  2.5)       2744464.4
c   64   2255351451A            (2)2(  4.5)       2756364.4
c   65   2255351451A            (2)4(  8.5)       2758264.4
c   66   2255351451A            (2)3(  6.5)       2758364.4
c   67   12563514515            (2)1(  2.5)       2785864.4
c   68   12563514516            (4)2(  9.5)       2927964.4
c   69   12563514516            (2)2(  4.5)       2950664.4
c   70   12563514516            (2)2(  4.5)       2964864.4
c   71   12563514517            (4)0(  1.5)       3207564.4
c   72   12563514517            (2)0(  0.5)       3221764.4
c   73   12563514517            (2)0(  0.5)       3239064.4
c   74   12563514518            (4)1(  5.5)       3264264.4
c   75   12563514518            (2)1(  2.5)       3270064.4
c   76   12563514518            (2)1(  2.5)       3292464.4
c   77   12563514519            (4)2(  9.5)       3333264.4
c   78   12563514519            (2)2(  4.5)       3338264.4
c   79   12563514519            (2)2(  4.5)       3360964.4
 
 
 
c-------------------------------------------------------------------------------
 
C  superstage partition information
C  ================================
C
C  element symbol   : AR
C  parent template  : 
C  partition level  :  1
C  superstage label :  7
C
C  tabulation       : photon emissivity coefft (te,ne)
C  units            : ph. emis coef(cm^3 s^-1); te (ev); ne (cm^-3)
C
C  photon emissivity atomic transitions
C  ------------------------------------
C  
C   isel  wvlen(A)            transition                type  ispb nspb
C                                                             ispp nspp sz    tg pr wr
C  ----- ---------- ----------------------------------- ----- ---- ---- --    -- -- --
C      1   30.5804   75(2)1(  2.5)-  1(2)0(  0.5)       excit   1    1   7    68 39  1
C      2   35.8955   67(2)1(  2.5)-  1(2)0(  0.5)       excit   1    1   7    60 27  2
C      3   36.4370   63(2)1(  2.5)-  1(2)0(  0.5)       excit   1    1   7    57 22  3
C      4   36.6024   56(2)2(  4.5)-  1(2)0(  0.5)       excit   1    1   7    51 10  4
C      5   36.7152   54(2)1(  2.5)-  1(2)0(  0.5)       excit   1    1   7    50 18  5
C      6   36.7747   53(2)1(  2.5)-  1(2)0(  0.5)       excit   1    1   7    49 11  6
C      7   36.7801   52(4)1(  5.5)-  1(2)0(  0.5)       excit   1    1   7    48 19  7
C      8   36.7949   51(4)2(  9.5)-  1(2)0(  0.5)       excit   1    1   7    47 13  8
C      9   36.9063   48(4)3( 13.5)-  1(2)0(  0.5)       excit   1    1   7    45 38  9
C     10   39.4820   46(2)0(  0.5)-  2(2)1(  2.5)       excit   1    1   7   116 17 10
C     11   42.5249   36(2)1(  2.5)-  1(2)0(  0.5)       excit   1    1   7    33  3 11
C     12   42.9007   34(2)2(  4.5)-  1(2)0(  0.5)       excit   1    1   7    32  5 12
C     13   43.2177   30(4)2(  9.5)-  1(2)0(  0.5)       excit   1    1   7    29 12 13
C     14   47.3784   22(2)2(  4.5)-  1(2)0(  0.5)       excit   1    1   7    21 25 14
C     15   47.8867   20(4)2(  9.5)-  1(2)0(  0.5)       excit   1    1   7    19 47 15
C     16   48.8591   27(2)0(  0.5)-  2(2)1(  2.5)       excit   1    1   7    97  6 16
C     17   49.6401   26(2)1(  2.5)-  2(2)1(  2.5)       excit   1    1   7    96 26 17
C     18   49.6944   25(2)2(  4.5)-  2(2)1(  2.5)       excit   1    1   7    95 34 18
C     19   50.6022   24(2)0(  0.5)-  2(2)1(  2.5)       excit   1    1   7    94 28 19
C     20   50.8233   23(2)1(  2.5)-  2(2)1(  2.5)       excit   1    1   7    93 29 20
C     21   50.8388   22(2)2(  4.5)-  2(2)1(  2.5)       excit   1    1   7    92 37 21
C     22   51.1640   21(4)1(  5.5)-  2(2)1(  2.5)       excit   1    1   7    91 23 22
C     23   51.4245   20(4)2(  9.5)-  2(2)1(  2.5)       excit   1    1   7    90 32 23
C     24   87.0095   27(2)0(  0.5)- 17(2)1(  2.5)       excit   1    1   7  1092 49 24
C     25   106.240   11(2)1(  2.5)-  1(2)0(  0.5)       excit   1    1   7    10 41 25
C     26   114.969   15(2)2(  4.5)-  2(2)1(  2.5)       excit   1    1   7    85 45 26
C     27   119.557    8(2)1(  2.5)-  1(2)0(  0.5)       excit   1    1   7     7 21 27
C     28   122.588   12(2)2(  4.5)-  2(2)1(  2.5)       excit   1    1   7    82 30 28
C     29   127.624   10(2)0(  0.5)-  2(2)1(  2.5)       excit   1    1   7    80 36 29
C     30   137.851    9(2)2(  4.5)-  2(2)1(  2.5)       excit   1    1   7    79 16 30
C     31   149.842    7(2)0(  0.5)-  2(2)1(  2.5)       excit   1    1   7    77 15 31
C     32   157.928   63(2)1(  2.5)- 23(2)1(  2.5)       excit   1    1   7  1477 48 32
C     33   158.084    5(2)1(  2.5)-  1(2)0(  0.5)       excit   1    1   7     4  7 33
C     34   160.953   48(4)3( 13.5)- 20(4)2(  9.5)       excit   1    1   7  1291 50 34
C     35   179.324    6(2)2(  4.5)-  2(2)1(  2.5)       excit   1    1   7    76  8 35
C     36   180.473   63(2)1(  2.5)- 27(2)0(  0.5)       excit   1    1   7  1680 24 36
C     37   181.028   78(2)2(  4.5)- 67(2)1(  2.5)       excit   1    1   7  2908 42 37
C     38   199.390    8(2)1(  2.5)-  3(2)2(  4.5)       excit   1    1   7   152 35 38
C     39   229.421    4(2)0(  0.5)-  2(2)1(  2.5)       excit   1    1   7    74  4 39
C     40   307.787   46(2)0(  0.5)- 36(2)1(  2.5)       excit   1    1   7  2073 31 40
C     41   331.016   37(2)0(  0.5)- 30(4)2(  9.5)       excit   1    1   7  1803 43 41
C     42   335.931    5(2)1(  2.5)-  3(2)2(  4.5)       excit   1    1   7   149  9 42
C     43   432.152   69(2)2(  4.5)- 53(2)1(  2.5)       excit   1    1   7  2656 46 43
C     44   457.457   69(2)2(  4.5)- 56(2)2(  4.5)       excit   1    1   7  2724 44 44
C     45   484.966   69(2)2(  4.5)- 63(2)1(  2.5)       excit   1    1   7  2850 14 45
C     46   522.931    3(2)2(  4.5)-  2(2)1(  2.5)       excit   1    1   7    73  2 46
C     47   560.350    7(2)0(  0.5)-  5(2)1(  2.5)       excit   1    1   7   294 20 47
C     48   696.067    2(2)1(  2.5)-  1(2)0(  0.5)       excit   1    1   7     1  1 48
C     49   740.138    8(2)1(  2.5)-  6(2)2(  4.5)       excit   1    1   7   366 33 49
C     50   1454.76    6(2)2(  4.5)-  5(2)1(  2.5)       excit   1    1   7   293 40 50
c-------------------------------------------------------------------------------
                                                                                
C  code     : adas810
C  producer : Adam Foster
C  date     : 03/06/09
                                                                                
c-------------------------------------------------------------------------------
