   50    /AR: 8 photon emissivity coefficients/
--------------------------------------------------------------------------------
    1    1    1    1    1    1    1    1    1    1    1    1    1    1
    1    1    1    1    1
--------------------------------------------------------------------------------
//#01/p00/ 00/p01/ 01/p02/ 02/p03/ 03/p04/ 04/p05/ 05/p06/ 06/p07/ 07/p08/ 08/  
      p09/ 09/p10/ 10/p11/ 11/p12/ 12/p13/ 13/p14/ 14/p15/ 15/p16/ 16/p17/ 17/  
      p18/ 18/                                                                  
--------------------------------------------------------------------------------
  27.5434    7  14 /pl=01:ss= 8:pb= 1:sz= 8/type=excit/ispb = t/isel =    1
 1.00E+10 1.00E+11 1.00E+12 1.00E+13 1.00E+14 1.00E+15 1.00E+16
 1.40E+00 2.09E+00 3.49E+00 6.98E+00 1.40E+01 3.49E+01 6.98E+01 1.05E+02
 1.40E+02 2.09E+02 3.49E+02 6.98E+02 1.40E+03 2.09E+03
 1.00E-74 1.00E-74 1.00E-74 6.52E-39 4.74E-25 7.82E-17 3.58E-14 2.57E-13
 6.64E-13 1.65E-12 3.29E-12 5.29E-12 6.62E-12 7.10E-12
 1.00E-74 1.00E-74 1.00E-74 6.52E-39 4.74E-25 7.82E-17 3.58E-14 2.57E-13
 6.64E-13 1.65E-12 3.29E-12 5.29E-12 6.62E-12 7.10E-12
 1.00E-74 1.00E-74 1.00E-74 6.52E-39 4.74E-25 7.82E-17 3.58E-14 2.57E-13
 6.64E-13 1.65E-12 3.29E-12 5.29E-12 6.62E-12 7.10E-12
 1.00E-74 1.00E-74 1.00E-74 6.52E-39 4.74E-25 7.82E-17 3.58E-14 2.57E-13
 6.64E-13 1.65E-12 3.29E-12 5.29E-12 6.62E-12 7.10E-12
 1.00E-74 1.00E-74 1.00E-74 6.55E-39 4.76E-25 7.84E-17 3.59E-14 2.57E-13
 6.65E-13 1.66E-12 3.30E-12 5.30E-12 6.63E-12 7.10E-12
 1.00E-74 1.00E-74 1.00E-74 6.86E-39 4.94E-25 8.07E-17 3.67E-14 2.63E-13
 6.78E-13 1.68E-12 3.34E-12 5.34E-12 6.66E-12 7.13E-12
 1.00E-74 1.00E-74 1.00E-74 9.38E-39 6.41E-25 9.95E-17 4.40E-14 3.09E-13
 7.88E-13 1.92E-12 3.72E-12 5.76E-12 6.99E-12 7.38E-12
  29.5455    7  14 /pl=01:ss= 8:pb= 1:sz= 8/type=excit/ispb = t/isel =    2
 1.00E+10 1.00E+11 1.00E+12 1.00E+13 1.00E+14 1.00E+15 1.00E+16
 1.40E+00 2.09E+00 3.49E+00 6.98E+00 1.40E+01 3.49E+01 6.98E+01 1.05E+02
 1.40E+02 2.09E+02 3.49E+02 6.98E+02 1.40E+03 2.09E+03
 1.00E-74 1.00E-74 1.00E-74 1.12E-36 9.63E-24 4.76E-16 1.51E-13 9.62E-13
 2.35E-12 5.51E-12 1.04E-11 1.57E-11 1.88E-11 1.95E-11
 1.00E-74 1.00E-74 1.00E-74 1.12E-36 9.63E-24 4.76E-16 1.51E-13 9.62E-13
 2.35E-12 5.51E-12 1.04E-11 1.57E-11 1.88E-11 1.95E-11
 1.00E-74 1.00E-74 1.00E-74 1.12E-36 9.63E-24 4.76E-16 1.51E-13 9.62E-13
 2.35E-12 5.51E-12 1.04E-11 1.57E-11 1.88E-11 1.95E-11
 1.00E-74 1.00E-74 1.00E-74 1.12E-36 9.63E-24 4.76E-16 1.51E-13 9.62E-13
 2.35E-12 5.51E-12 1.04E-11 1.57E-11 1.88E-11 1.95E-11
 1.00E-74 1.00E-74 1.00E-74 1.12E-36 9.65E-24 4.77E-16 1.51E-13 9.63E-13
 2.35E-12 5.52E-12 1.04E-11 1.57E-11 1.88E-11 1.95E-11
 1.00E-74 1.00E-74 1.00E-74 1.15E-36 9.82E-24 4.83E-16 1.53E-13 9.70E-13
 2.37E-12 5.54E-12 1.04E-11 1.58E-11 1.88E-11 1.96E-11
 1.00E-74 1.00E-74 1.00E-74 1.40E-36 1.15E-23 5.36E-16 1.65E-13 1.03E-12
 2.51E-12 5.82E-12 1.08E-11 1.62E-11 1.92E-11 1.98E-11
  30.8708    7  14 /pl=01:ss= 8:pb= 1:sz= 8/type=excit/ispb = t/isel =    3
 1.00E+10 1.00E+11 1.00E+12 1.00E+13 1.00E+14 1.00E+15 1.00E+16
 1.40E+00 2.09E+00 3.49E+00 6.98E+00 1.40E+01 3.49E+01 6.98E+01 1.05E+02
 1.40E+02 2.09E+02 3.49E+02 6.98E+02 1.40E+03 2.09E+03
 1.00E-74 1.00E-74 1.00E-74 2.58E-35 5.71E-23 1.14E-15 2.58E-13 1.45E-12
 3.32E-12 7.27E-12 1.29E-11 1.82E-11 2.03E-11 2.04E-11
 1.00E-74 1.00E-74 1.00E-74 2.58E-35 5.71E-23 1.14E-15 2.58E-13 1.45E-12
 3.32E-12 7.27E-12 1.29E-11 1.82E-11 2.03E-11 2.04E-11
 1.00E-74 1.00E-74 1.00E-74 2.58E-35 5.71E-23 1.14E-15 2.58E-13 1.45E-12
 3.32E-12 7.27E-12 1.29E-11 1.82E-11 2.03E-11 2.04E-11
 1.00E-74 1.00E-74 1.00E-74 2.58E-35 5.72E-23 1.14E-15 2.58E-13 1.45E-12
 3.32E-12 7.27E-12 1.29E-11 1.82E-11 2.03E-11 2.04E-11
 1.00E-74 1.00E-74 1.00E-74 2.60E-35 5.75E-23 1.15E-15 2.59E-13 1.46E-12
 3.34E-12 7.29E-12 1.29E-11 1.83E-11 2.03E-11 2.04E-11
 1.00E-74 1.00E-74 1.00E-74 2.72E-35 5.99E-23 1.19E-15 2.67E-13 1.50E-12
 3.42E-12 7.46E-12 1.31E-11 1.85E-11 2.05E-11 2.06E-11
 1.00E-74 1.00E-74 1.00E-74 2.90E-35 6.38E-23 1.27E-15 2.86E-13 1.61E-12
 3.67E-12 7.98E-12 1.40E-11 1.95E-11 2.14E-11 2.13E-11
  31.0269    7  14 /pl=01:ss= 8:pb= 1:sz= 8/type=excit/ispb = t/isel =    4
 1.00E+10 1.00E+11 1.00E+12 1.00E+13 1.00E+14 1.00E+15 1.00E+16
 1.40E+00 2.09E+00 3.49E+00 6.98E+00 1.40E+01 3.49E+01 6.98E+01 1.05E+02
 1.40E+02 2.09E+02 3.49E+02 6.98E+02 1.40E+03 2.09E+03
 1.00E-74 1.00E-74 1.00E-74 5.15E-35 9.84E-23 1.80E-15 3.94E-13 2.20E-12
 5.01E-12 1.09E-11 1.92E-11 2.71E-11 3.02E-11 3.02E-11
 1.00E-74 1.00E-74 1.00E-74 5.15E-35 9.84E-23 1.80E-15 3.94E-13 2.20E-12
 5.01E-12 1.09E-11 1.92E-11 2.71E-11 3.02E-11 3.02E-11
 1.00E-74 1.00E-74 1.00E-74 5.15E-35 9.84E-23 1.80E-15 3.94E-13 2.20E-12
 5.01E-12 1.09E-11 1.92E-11 2.71E-11 3.02E-11 3.02E-11
 1.00E-74 1.00E-74 1.00E-74 5.15E-35 9.84E-23 1.80E-15 3.94E-13 2.20E-12
 5.01E-12 1.09E-11 1.92E-11 2.71E-11 3.02E-11 3.02E-11
 1.00E-74 1.00E-74 1.00E-74 5.18E-35 9.89E-23 1.81E-15 3.95E-13 2.20E-12
 5.02E-12 1.09E-11 1.92E-11 2.71E-11 3.02E-11 3.02E-11
 1.00E-74 1.00E-74 1.00E-74 5.38E-35 1.02E-22 1.87E-15 4.05E-13 2.25E-12
 5.13E-12 1.11E-11 1.95E-11 2.74E-11 3.04E-11 3.04E-11
 1.00E-74 1.00E-74 1.00E-74 5.69E-35 1.08E-22 1.98E-15 4.31E-13 2.40E-12
 5.45E-12 1.18E-11 2.06E-11 2.87E-11 3.15E-11 3.13E-11
  31.5292    7  14 /pl=01:ss= 8:pb= 1:sz= 8/type=excit/ispb = t/isel =    5
 1.00E+10 1.00E+11 1.00E+12 1.00E+13 1.00E+14 1.00E+15 1.00E+16
 1.40E+00 2.09E+00 3.49E+00 6.98E+00 1.40E+01 3.49E+01 6.98E+01 1.05E+02
 1.40E+02 2.09E+02 3.49E+02 6.98E+02 1.40E+03 2.09E+03
 1.00E-74 1.00E-74 1.00E-74 1.40E-34 1.70E-22 2.39E-15 4.81E-13 2.61E-12
 5.89E-12 1.26E-11 2.20E-11 3.09E-11 3.42E-11 3.44E-11
 1.00E-74 1.00E-74 1.00E-74 1.40E-34 1.70E-22 2.39E-15 4.81E-13 2.61E-12
 5.89E-12 1.26E-11 2.20E-11 3.09E-11 3.42E-11 3.44E-11
 1.00E-74 1.00E-74 1.00E-74 1.40E-34 1.70E-22 2.39E-15 4.81E-13 2.61E-12
 5.89E-12 1.26E-11 2.20E-11 3.09E-11 3.42E-11 3.44E-11
 1.00E-74 1.00E-74 1.00E-74 1.40E-34 1.70E-22 2.39E-15 4.81E-13 2.61E-12
 5.89E-12 1.26E-11 2.20E-11 3.09E-11 3.42E-11 3.44E-11
 1.00E-74 1.00E-74 1.00E-74 1.40E-34 1.71E-22 2.39E-15 4.82E-13 2.61E-12
 5.90E-12 1.26E-11 2.20E-11 3.09E-11 3.42E-11 3.44E-11
 1.00E-74 1.00E-74 1.00E-74 1.44E-34 1.74E-22 2.43E-15 4.88E-13 2.64E-12
 5.96E-12 1.27E-11 2.22E-11 3.11E-11 3.44E-11 3.45E-11
 1.00E-74 1.00E-74 1.00E-74 1.57E-34 1.88E-22 2.60E-15 5.19E-13 2.80E-12
 6.30E-12 1.34E-11 2.31E-11 3.21E-11 3.52E-11 3.52E-11
  31.6896    7  14 /pl=01:ss= 8:pb= 1:sz= 8/type=excit/ispb = t/isel =    6
 1.00E+10 1.00E+11 1.00E+12 1.00E+13 1.00E+14 1.00E+15 1.00E+16
 1.40E+00 2.09E+00 3.49E+00 6.98E+00 1.40E+01 3.49E+01 6.98E+01 1.05E+02
 1.40E+02 2.09E+02 3.49E+02 6.98E+02 1.40E+03 2.09E+03
 1.00E-74 1.00E-74 1.00E-74 2.34E-34 2.46E-22 3.17E-15 6.22E-13 3.33E-12
 7.47E-12 1.60E-11 2.77E-11 3.88E-11 4.30E-11 4.31E-11
 1.00E-74 1.00E-74 1.00E-74 2.34E-34 2.46E-22 3.17E-15 6.22E-13 3.33E-12
 7.47E-12 1.60E-11 2.77E-11 3.88E-11 4.30E-11 4.31E-11
 1.00E-74 1.00E-74 1.00E-74 2.34E-34 2.46E-22 3.17E-15 6.22E-13 3.33E-12
 7.47E-12 1.60E-11 2.77E-11 3.88E-11 4.30E-11 4.31E-11
 1.00E-74 1.00E-74 1.00E-74 2.34E-34 2.46E-22 3.17E-15 6.22E-13 3.33E-12
 7.47E-12 1.60E-11 2.77E-11 3.88E-11 4.30E-11 4.31E-11
 1.00E-74 1.00E-74 1.00E-74 2.34E-34 2.47E-22 3.17E-15 6.22E-13 3.33E-12
 7.47E-12 1.60E-11 2.77E-11 3.88E-11 4.30E-11 4.31E-11
 1.00E-74 1.00E-74 1.00E-74 2.38E-34 2.50E-22 3.20E-15 6.28E-13 3.36E-12
 7.53E-12 1.61E-11 2.79E-11 3.89E-11 4.31E-11 4.32E-11
 1.00E-74 1.00E-74 1.00E-74 2.53E-34 2.64E-22 3.36E-15 6.55E-13 3.50E-12
 7.81E-12 1.67E-11 2.87E-11 3.98E-11 4.38E-11 4.37E-11
  32.6882    7  14 /pl=01:ss= 8:pb= 1:sz= 8/type=excit/ispb = t/isel =    7
 1.00E+10 1.00E+11 1.00E+12 1.00E+13 1.00E+14 1.00E+15 1.00E+16
 1.40E+00 2.09E+00 3.49E+00 6.98E+00 1.40E+01 3.49E+01 6.98E+01 1.05E+02
 1.40E+02 2.09E+02 3.49E+02 6.98E+02 1.40E+03 2.09E+03
 1.00E-74 1.00E-74 1.00E-74 2.20E-33 9.94E-22 7.69E-15 1.27E-12 6.48E-12
 1.41E-11 2.95E-11 5.00E-11 6.90E-11 7.62E-11 7.65E-11
 1.00E-74 1.00E-74 1.00E-74 2.20E-33 9.94E-22 7.69E-15 1.27E-12 6.48E-12
 1.41E-11 2.95E-11 5.00E-11 6.90E-11 7.62E-11 7.65E-11
 1.00E-74 1.00E-74 1.00E-74 2.20E-33 9.94E-22 7.69E-15 1.27E-12 6.48E-12
 1.41E-11 2.95E-11 5.00E-11 6.90E-11 7.62E-11 7.65E-11
 1.00E-74 1.00E-74 1.00E-74 2.20E-33 9.94E-22 7.69E-15 1.27E-12 6.48E-12
 1.41E-11 2.95E-11 5.00E-11 6.90E-11 7.62E-11 7.65E-11
 1.00E-74 1.00E-74 1.00E-74 2.21E-33 9.95E-22 7.70E-15 1.27E-12 6.48E-12
 1.41E-11 2.95E-11 5.00E-11 6.90E-11 7.62E-11 7.65E-11
 1.00E-74 1.00E-74 1.00E-74 2.23E-33 1.00E-21 7.74E-15 1.28E-12 6.50E-12
 1.42E-11 2.95E-11 5.01E-11 6.91E-11 7.63E-11 7.66E-11
 1.00E-74 1.00E-74 1.00E-74 2.41E-33 1.06E-21 8.09E-15 1.33E-12 6.71E-12
 1.46E-11 3.03E-11 5.10E-11 7.00E-11 7.69E-11 7.71E-11
  32.8598    7  14 /pl=01:ss= 8:pb= 1:sz= 8/type=excit/ispb = t/isel =    8
 1.00E+10 1.00E+11 1.00E+12 1.00E+13 1.00E+14 1.00E+15 1.00E+16
 1.40E+00 2.09E+00 3.49E+00 6.98E+00 1.40E+01 3.49E+01 6.98E+01 1.05E+02
 1.40E+02 2.09E+02 3.49E+02 6.98E+02 1.40E+03 2.09E+03
 1.00E-74 1.00E-74 1.00E-74 2.44E-33 9.56E-22 6.79E-15 1.10E-12 5.52E-12
 1.20E-11 2.49E-11 4.21E-11 5.79E-11 6.39E-11 6.39E-11
 1.00E-74 1.00E-74 1.00E-74 2.44E-33 9.56E-22 6.79E-15 1.10E-12 5.52E-12
 1.20E-11 2.49E-11 4.21E-11 5.79E-11 6.39E-11 6.39E-11
 1.00E-74 1.00E-74 1.00E-74 2.44E-33 9.56E-22 6.79E-15 1.10E-12 5.52E-12
 1.20E-11 2.49E-11 4.21E-11 5.79E-11 6.39E-11 6.39E-11
 1.00E-74 1.00E-74 1.00E-74 2.44E-33 9.56E-22 6.79E-15 1.10E-12 5.52E-12
 1.20E-11 2.49E-11 4.21E-11 5.79E-11 6.39E-11 6.39E-11
 1.00E-74 1.00E-74 1.00E-74 2.44E-33 9.57E-22 6.79E-15 1.10E-12 5.52E-12
 1.20E-11 2.49E-11 4.21E-11 5.79E-11 6.39E-11 6.39E-11
 1.00E-74 1.00E-74 1.00E-74 2.45E-33 9.59E-22 6.80E-15 1.10E-12 5.52E-12
 1.20E-11 2.49E-11 4.20E-11 5.79E-11 6.39E-11 6.39E-11
 1.00E-74 1.00E-74 1.00E-74 2.54E-33 9.85E-22 6.91E-15 1.11E-12 5.57E-12
 1.20E-11 2.50E-11 4.21E-11 5.78E-11 6.38E-11 6.38E-11
  33.3766    7  14 /pl=01:ss= 8:pb= 1:sz= 8/type=excit/ispb = t/isel =    9
 1.00E+10 1.00E+11 1.00E+12 1.00E+13 1.00E+14 1.00E+15 1.00E+16
 1.40E+00 2.09E+00 3.49E+00 6.98E+00 1.40E+01 3.49E+01 6.98E+01 1.05E+02
 1.40E+02 2.09E+02 3.49E+02 6.98E+02 1.40E+03 2.09E+03
 1.00E-74 1.00E-74 1.00E-74 8.61E-34 2.19E-22 1.20E-15 1.75E-13 8.47E-13
 1.79E-12 3.59E-12 5.77E-12 7.24E-12 7.03E-12 6.47E-12
 1.00E-74 1.00E-74 1.00E-74 8.61E-34 2.19E-22 1.20E-15 1.75E-13 8.47E-13
 1.79E-12 3.59E-12 5.77E-12 7.24E-12 7.03E-12 6.47E-12
 1.00E-74 1.00E-74 1.00E-74 8.61E-34 2.19E-22 1.20E-15 1.75E-13 8.47E-13
 1.79E-12 3.59E-12 5.77E-12 7.24E-12 7.03E-12 6.47E-12
 1.00E-74 1.00E-74 1.00E-74 8.61E-34 2.19E-22 1.20E-15 1.75E-13 8.46E-13
 1.79E-12 3.59E-12 5.77E-12 7.24E-12 7.03E-12 6.47E-12
 1.00E-74 1.00E-74 1.00E-74 8.61E-34 2.19E-22 1.20E-15 1.75E-13 8.46E-13
 1.79E-12 3.59E-12 5.77E-12 7.24E-12 7.03E-12 6.47E-12
 1.00E-74 1.00E-74 1.00E-74 8.55E-34 2.18E-22 1.19E-15 1.74E-13 8.43E-13
 1.78E-12 3.58E-12 5.75E-12 7.22E-12 7.01E-12 6.45E-12
 1.00E-74 1.00E-74 1.00E-74 8.02E-34 2.05E-22 1.13E-15 1.66E-13 8.09E-13
 1.72E-12 3.45E-12 5.57E-12 7.03E-12 6.86E-12 6.33E-12
  35.0590    7  14 /pl=01:ss= 8:pb= 1:sz= 8/type=excit/ispb = t/isel =   10
 1.00E+10 1.00E+11 1.00E+12 1.00E+13 1.00E+14 1.00E+15 1.00E+16
 1.40E+00 2.09E+00 3.49E+00 6.98E+00 1.40E+01 3.49E+01 6.98E+01 1.05E+02
 1.40E+02 2.09E+02 3.49E+02 6.98E+02 1.40E+03 2.09E+03
 1.00E-74 1.00E-74 1.00E-74 2.38E-31 1.71E-20 4.41E-14 5.08E-12 2.29E-11
 4.71E-11 9.26E-11 1.50E-10 2.01E-10 2.18E-10 2.18E-10
 1.00E-74 1.00E-74 1.00E-74 2.38E-31 1.71E-20 4.41E-14 5.08E-12 2.29E-11
 4.71E-11 9.26E-11 1.50E-10 2.01E-10 2.18E-10 2.18E-10
 1.00E-74 1.00E-74 1.00E-74 2.38E-31 1.71E-20 4.41E-14 5.08E-12 2.29E-11
 4.71E-11 9.26E-11 1.50E-10 2.01E-10 2.18E-10 2.18E-10
 1.00E-74 1.00E-74 1.00E-74 2.38E-31 1.71E-20 4.41E-14 5.08E-12 2.29E-11
 4.71E-11 9.26E-11 1.50E-10 2.01E-10 2.18E-10 2.18E-10
 1.00E-74 1.00E-74 1.00E-74 2.38E-31 1.71E-20 4.41E-14 5.08E-12 2.29E-11
 4.71E-11 9.26E-11 1.50E-10 2.01E-10 2.18E-10 2.18E-10
 1.00E-74 1.00E-74 1.00E-74 2.39E-31 1.71E-20 4.42E-14 5.09E-12 2.29E-11
 4.71E-11 9.27E-11 1.50E-10 2.01E-10 2.18E-10 2.18E-10
 1.00E-74 1.00E-74 1.00E-74 2.53E-31 1.78E-20 4.53E-14 5.17E-12 2.33E-11
 4.77E-11 9.34E-11 1.51E-10 2.02E-10 2.19E-10 2.18E-10
  35.2780    7  14 /pl=01:ss= 8:pb= 1:sz= 8/type=excit/ispb = t/isel =   11
 1.00E+10 1.00E+11 1.00E+12 1.00E+13 1.00E+14 1.00E+15 1.00E+16
 1.40E+00 2.09E+00 3.49E+00 6.98E+00 1.40E+01 3.49E+01 6.98E+01 1.05E+02
 1.40E+02 2.09E+02 3.49E+02 6.98E+02 1.40E+03 2.09E+03
 1.00E-74 1.00E-74 1.00E-74 9.99E-32 6.14E-21 1.46E-14 1.65E-12 7.43E-12
 1.52E-11 2.98E-11 4.80E-11 6.37E-11 6.84E-11 6.76E-11
 1.00E-74 1.00E-74 1.00E-74 9.99E-32 6.14E-21 1.46E-14 1.65E-12 7.43E-12
 1.52E-11 2.98E-11 4.80E-11 6.37E-11 6.84E-11 6.76E-11
 1.00E-74 1.00E-74 1.00E-74 9.99E-32 6.14E-21 1.46E-14 1.65E-12 7.43E-12
 1.52E-11 2.98E-11 4.80E-11 6.37E-11 6.84E-11 6.76E-11
 1.00E-74 1.00E-74 1.00E-74 9.99E-32 6.14E-21 1.46E-14 1.65E-12 7.43E-12
 1.52E-11 2.98E-11 4.80E-11 6.37E-11 6.84E-11 6.76E-11
 1.00E-74 1.00E-74 1.00E-74 9.99E-32 6.14E-21 1.46E-14 1.65E-12 7.43E-12
 1.52E-11 2.98E-11 4.80E-11 6.37E-11 6.84E-11 6.76E-11
 1.00E-74 1.00E-74 1.00E-74 1.00E-31 6.15E-21 1.46E-14 1.65E-12 7.41E-12
 1.51E-11 2.97E-11 4.79E-11 6.36E-11 6.83E-11 6.76E-11
 1.00E-74 1.00E-74 1.00E-74 1.04E-31 6.28E-21 1.47E-14 1.65E-12 7.39E-12
 1.51E-11 2.95E-11 4.75E-11 6.31E-11 6.79E-11 6.72E-11
  35.6428    7  14 /pl=01:ss= 8:pb= 1:sz= 8/type=excit/ispb = t/isel =   12
 1.00E+10 1.00E+11 1.00E+12 1.00E+13 1.00E+14 1.00E+15 1.00E+16
 1.40E+00 2.09E+00 3.49E+00 6.98E+00 1.40E+01 3.49E+01 6.98E+01 1.05E+02
 1.40E+02 2.09E+02 3.49E+02 6.98E+02 1.40E+03 2.09E+03
 1.00E-74 1.00E-74 1.00E-74 2.04E-31 1.17E-20 3.40E-14 4.57E-12 2.22E-11
 4.76E-11 9.78E-11 1.64E-10 2.21E-10 2.38E-10 2.35E-10
 1.00E-74 1.00E-74 1.00E-74 2.04E-31 1.17E-20 3.40E-14 4.57E-12 2.22E-11
 4.76E-11 9.78E-11 1.64E-10 2.21E-10 2.38E-10 2.35E-10
 1.00E-74 1.00E-74 1.00E-74 2.04E-31 1.17E-20 3.40E-14 4.57E-12 2.22E-11
 4.76E-11 9.78E-11 1.64E-10 2.21E-10 2.38E-10 2.35E-10
 1.00E-74 1.00E-74 1.00E-74 2.04E-31 1.17E-20 3.40E-14 4.57E-12 2.22E-11
 4.76E-11 9.78E-11 1.64E-10 2.21E-10 2.38E-10 2.35E-10
 1.00E-74 1.00E-74 1.00E-74 2.05E-31 1.17E-20 3.41E-14 4.57E-12 2.22E-11
 4.76E-11 9.79E-11 1.64E-10 2.22E-10 2.38E-10 2.35E-10
 1.00E-74 1.00E-74 1.00E-74 2.19E-31 1.22E-20 3.47E-14 4.62E-12 2.24E-11
 4.79E-11 9.84E-11 1.64E-10 2.22E-10 2.38E-10 2.35E-10
 1.00E-74 1.00E-74 1.00E-74 3.46E-31 1.61E-20 3.93E-14 4.97E-12 2.37E-11
 5.02E-11 1.02E-10 1.69E-10 2.27E-10 2.42E-10 2.38E-10
  36.7708    7  14 /pl=01:ss= 8:pb= 1:sz= 8/type=excit/ispb = t/isel =   13
 1.00E+10 1.00E+11 1.00E+12 1.00E+13 1.00E+14 1.00E+15 1.00E+16
 1.40E+00 2.09E+00 3.49E+00 6.98E+00 1.40E+01 3.49E+01 6.98E+01 1.05E+02
 1.40E+02 2.09E+02 3.49E+02 6.98E+02 1.40E+03 2.09E+03
 1.00E-74 1.00E-74 1.00E-74 5.15E-32 1.34E-21 2.16E-15 2.26E-13 1.00E-12
 2.03E-12 3.95E-12 6.32E-12 8.19E-12 8.57E-12 8.37E-12
 1.00E-74 1.00E-74 1.00E-74 5.15E-32 1.34E-21 2.16E-15 2.26E-13 1.00E-12
 2.03E-12 3.95E-12 6.32E-12 8.19E-12 8.57E-12 8.37E-12
 1.00E-74 1.00E-74 1.00E-74 5.15E-32 1.34E-21 2.16E-15 2.26E-13 1.00E-12
 2.03E-12 3.95E-12 6.32E-12 8.19E-12 8.57E-12 8.37E-12
 1.00E-74 1.00E-74 1.00E-74 5.15E-32 1.34E-21 2.16E-15 2.26E-13 1.00E-12
 2.03E-12 3.95E-12 6.32E-12 8.19E-12 8.57E-12 8.37E-12
 1.00E-74 1.00E-74 1.00E-74 5.16E-32 1.35E-21 2.16E-15 2.26E-13 1.00E-12
 2.03E-12 3.95E-12 6.31E-12 8.19E-12 8.57E-12 8.37E-12
 1.00E-74 1.00E-74 1.00E-74 5.26E-32 1.37E-21 2.18E-15 2.27E-13 1.00E-12
 2.03E-12 3.94E-12 6.30E-12 8.17E-12 8.56E-12 8.36E-12
 1.00E-74 1.00E-74 1.00E-74 6.18E-32 1.59E-21 2.40E-15 2.39E-13 1.04E-12
 2.09E-12 4.01E-12 6.36E-12 8.20E-12 8.56E-12 8.35E-12
  36.9900    7  14 /pl=01:ss= 8:pb= 1:sz= 8/type=excit/ispb = t/isel =   14
 1.00E+10 1.00E+11 1.00E+12 1.00E+13 1.00E+14 1.00E+15 1.00E+16
 1.40E+00 2.09E+00 3.49E+00 6.98E+00 1.40E+01 3.49E+01 6.98E+01 1.05E+02
 1.40E+02 2.09E+02 3.49E+02 6.98E+02 1.40E+03 2.09E+03
 1.00E-74 1.00E-74 1.00E-74 7.72E-32 1.67E-21 2.43E-15 2.49E-13 1.09E-12
 2.21E-12 4.30E-12 6.88E-12 9.02E-12 9.57E-12 9.41E-12
 1.00E-74 1.00E-74 1.00E-74 7.72E-32 1.67E-21 2.43E-15 2.49E-13 1.09E-12
 2.21E-12 4.30E-12 6.88E-12 9.02E-12 9.57E-12 9.41E-12
 1.00E-74 1.00E-74 1.00E-74 7.72E-32 1.67E-21 2.43E-15 2.49E-13 1.09E-12
 2.21E-12 4.30E-12 6.88E-12 9.02E-12 9.57E-12 9.41E-12
 1.00E-74 1.00E-74 1.00E-74 7.72E-32 1.67E-21 2.43E-15 2.49E-13 1.09E-12
 2.21E-12 4.30E-12 6.88E-12 9.02E-12 9.57E-12 9.41E-12
 1.00E-74 1.00E-74 1.00E-74 7.73E-32 1.67E-21 2.44E-15 2.49E-13 1.09E-12
 2.21E-12 4.30E-12 6.87E-12 9.02E-12 9.56E-12 9.41E-12
 1.00E-74 1.00E-74 1.00E-74 7.83E-32 1.69E-21 2.44E-15 2.48E-13 1.09E-12
 2.20E-12 4.28E-12 6.84E-12 8.99E-12 9.54E-12 9.39E-12
 1.00E-74 1.00E-74 1.00E-74 8.72E-32 1.83E-21 2.54E-15 2.51E-13 1.09E-12
 2.19E-12 4.24E-12 6.77E-12 8.88E-12 9.44E-12 9.31E-12
  41.6042    7  14 /pl=01:ss= 8:pb= 1:sz= 8/type=excit/ispb = t/isel =   15
 1.00E+10 1.00E+11 1.00E+12 1.00E+13 1.00E+14 1.00E+15 1.00E+16
 1.40E+00 2.09E+00 3.49E+00 6.98E+00 1.40E+01 3.49E+01 6.98E+01 1.05E+02
 1.40E+02 2.09E+02 3.49E+02 6.98E+02 1.40E+03 2.09E+03
 1.00E-74 1.00E-74 1.00E-74 2.93E-27 3.89E-18 9.26E-13 4.88E-11 1.71E-10
 3.10E-10 5.44E-10 8.12E-10 1.04E-09 1.13E-09 1.13E-09
 1.00E-74 1.00E-74 1.00E-74 2.93E-27 3.89E-18 9.26E-13 4.88E-11 1.71E-10
 3.10E-10 5.44E-10 8.12E-10 1.04E-09 1.13E-09 1.13E-09
 1.00E-74 1.00E-74 1.00E-74 2.93E-27 3.89E-18 9.26E-13 4.88E-11 1.71E-10
 3.10E-10 5.44E-10 8.12E-10 1.04E-09 1.13E-09 1.13E-09
 1.00E-74 1.00E-74 1.20E-45 2.93E-27 3.89E-18 9.26E-13 4.88E-11 1.71E-10
 3.10E-10 5.44E-10 8.12E-10 1.04E-09 1.13E-09 1.13E-09
 1.00E-74 1.00E-74 1.20E-45 2.93E-27 3.89E-18 9.26E-13 4.88E-11 1.71E-10
 3.10E-10 5.44E-10 8.12E-10 1.04E-09 1.13E-09 1.13E-09
 1.00E-74 1.00E-74 1.19E-45 2.93E-27 3.89E-18 9.27E-13 4.88E-11 1.71E-10
 3.10E-10 5.43E-10 8.11E-10 1.04E-09 1.13E-09 1.13E-09
 1.00E-74 1.00E-74 1.23E-45 3.00E-27 3.96E-18 9.35E-13 4.90E-11 1.71E-10
 3.10E-10 5.42E-10 8.08E-10 1.04E-09 1.12E-09 1.12E-09
  42.0785    7  14 /pl=01:ss= 8:pb= 1:sz= 8/type=excit/ispb = t/isel =   16
 1.00E+10 1.00E+11 1.00E+12 1.00E+13 1.00E+14 1.00E+15 1.00E+16
 1.40E+00 2.09E+00 3.49E+00 6.98E+00 1.40E+01 3.49E+01 6.98E+01 1.05E+02
 1.40E+02 2.09E+02 3.49E+02 6.98E+02 1.40E+03 2.09E+03
 1.00E-74 1.00E-74 1.00E-74 4.22E-28 4.41E-19 9.13E-14 4.66E-12 1.62E-11
 2.93E-11 5.12E-11 7.65E-11 9.75E-11 1.05E-10 1.04E-10
 1.00E-74 1.00E-74 1.00E-74 4.22E-28 4.41E-19 9.13E-14 4.66E-12 1.62E-11
 2.93E-11 5.12E-11 7.65E-11 9.75E-11 1.05E-10 1.04E-10
 1.00E-74 1.00E-74 3.46E-46 4.22E-28 4.41E-19 9.13E-14 4.66E-12 1.62E-11
 2.93E-11 5.12E-11 7.65E-11 9.75E-11 1.05E-10 1.04E-10
 1.00E-74 1.00E-74 2.77E-46 4.22E-28 4.41E-19 9.13E-14 4.66E-12 1.62E-11
 2.93E-11 5.12E-11 7.65E-11 9.75E-11 1.05E-10 1.04E-10
 1.00E-74 1.00E-74 2.77E-46 4.22E-28 4.41E-19 9.14E-14 4.66E-12 1.62E-11
 2.93E-11 5.12E-11 7.65E-11 9.75E-11 1.05E-10 1.04E-10
 1.00E-74 1.00E-74 2.77E-46 4.23E-28 4.41E-19 9.14E-14 4.66E-12 1.62E-11
 2.93E-11 5.11E-11 7.64E-11 9.74E-11 1.05E-10 1.04E-10
 1.00E-74 1.00E-74 2.84E-46 4.31E-28 4.48E-19 9.21E-14 4.67E-12 1.61E-11
 2.92E-11 5.09E-11 7.59E-11 9.68E-11 1.04E-10 1.04E-10
  48.8485    7  14 /pl=01:ss= 8:pb= 1:sz= 8/type=excit/ispb = t/isel =   17
 1.00E+10 1.00E+11 1.00E+12 1.00E+13 1.00E+14 1.00E+15 1.00E+16
 1.40E+00 2.09E+00 3.49E+00 6.98E+00 1.40E+01 3.49E+01 6.98E+01 1.05E+02
 1.40E+02 2.09E+02 3.49E+02 6.98E+02 1.40E+03 2.09E+03
 1.00E-74 1.00E-74 2.26E-41 1.14E-25 1.02E-17 6.81E-13 2.61E-11 8.42E-11
 1.47E-10 2.46E-10 3.47E-10 4.06E-10 3.91E-10 3.66E-10
 1.00E-74 1.00E-74 2.26E-41 1.14E-25 1.02E-17 6.81E-13 2.61E-11 8.42E-11
 1.47E-10 2.46E-10 3.47E-10 4.06E-10 3.91E-10 3.66E-10
 1.00E-74 1.00E-74 2.26E-41 1.14E-25 1.02E-17 6.81E-13 2.61E-11 8.42E-11
 1.47E-10 2.46E-10 3.47E-10 4.06E-10 3.91E-10 3.66E-10
 1.00E-74 1.00E-74 2.26E-41 1.14E-25 1.02E-17 6.81E-13 2.61E-11 8.42E-11
 1.47E-10 2.46E-10 3.47E-10 4.05E-10 3.91E-10 3.66E-10
 1.00E-74 1.00E-74 2.26E-41 1.14E-25 1.02E-17 6.80E-13 2.61E-11 8.41E-11
 1.47E-10 2.46E-10 3.47E-10 4.05E-10 3.91E-10 3.66E-10
 1.00E-74 1.00E-74 2.26E-41 1.14E-25 1.02E-17 6.79E-13 2.61E-11 8.39E-11
 1.46E-10 2.45E-10 3.46E-10 4.04E-10 3.90E-10 3.65E-10
 1.00E-74 1.00E-74 2.26E-41 1.14E-25 1.01E-17 6.67E-13 2.54E-11 8.16E-11
 1.42E-10 2.38E-10 3.36E-10 3.95E-10 3.83E-10 3.59E-10
  49.2529    7  14 /pl=01:ss= 8:pb= 1:sz= 8/type=excit/ispb = t/isel =   18
 1.00E+10 1.00E+11 1.00E+12 1.00E+13 1.00E+14 1.00E+15 1.00E+16
 1.40E+00 2.09E+00 3.49E+00 6.98E+00 1.40E+01 3.49E+01 6.98E+01 1.05E+02
 1.40E+02 2.09E+02 3.49E+02 6.98E+02 1.40E+03 2.09E+03
 1.00E-74 1.00E-74 2.19E-41 8.35E-26 6.40E-18 3.94E-13 1.52E-11 4.98E-11
 8.79E-11 1.50E-10 2.15E-10 2.56E-10 2.50E-10 2.35E-10
 1.00E-74 1.00E-74 2.19E-41 8.35E-26 6.40E-18 3.94E-13 1.52E-11 4.98E-11
 8.79E-11 1.50E-10 2.15E-10 2.56E-10 2.50E-10 2.35E-10
 1.00E-74 1.00E-74 2.19E-41 8.35E-26 6.40E-18 3.94E-13 1.52E-11 4.98E-11
 8.79E-11 1.50E-10 2.15E-10 2.56E-10 2.50E-10 2.35E-10
 1.00E-74 1.00E-74 2.19E-41 8.35E-26 6.40E-18 3.94E-13 1.52E-11 4.98E-11
 8.79E-11 1.50E-10 2.15E-10 2.56E-10 2.50E-10 2.35E-10
 1.00E-74 1.00E-74 2.19E-41 8.35E-26 6.40E-18 3.94E-13 1.52E-11 4.98E-11
 8.79E-11 1.50E-10 2.15E-10 2.56E-10 2.50E-10 2.35E-10
 1.00E-74 1.00E-74 2.19E-41 8.35E-26 6.39E-18 3.93E-13 1.52E-11 4.96E-11
 8.76E-11 1.49E-10 2.15E-10 2.56E-10 2.50E-10 2.35E-10
 1.00E-74 1.00E-74 2.19E-41 8.34E-26 6.35E-18 3.86E-13 1.48E-11 4.85E-11
 8.57E-11 1.46E-10 2.10E-10 2.51E-10 2.46E-10 2.32E-10
  101.798    7  14 /pl=01:ss= 8:pb= 1:sz= 8/type=excit/ispb = t/isel =   19
 1.00E+10 1.00E+11 1.00E+12 1.00E+13 1.00E+14 1.00E+15 1.00E+16
 1.40E+00 2.09E+00 3.49E+00 6.98E+00 1.40E+01 3.49E+01 6.98E+01 1.05E+02
 1.40E+02 2.09E+02 3.49E+02 6.98E+02 1.40E+03 2.09E+03
 1.00E-74 1.00E-74 1.00E-74 5.99E-34 2.06E-22 1.34E-15 2.08E-13 1.02E-12
 2.19E-12 4.41E-12 7.11E-12 8.81E-12 8.42E-12 7.70E-12
 1.00E-74 1.00E-74 1.00E-74 5.99E-34 2.06E-22 1.34E-15 2.08E-13 1.02E-12
 2.19E-12 4.41E-12 7.11E-12 8.81E-12 8.42E-12 7.70E-12
 1.00E-74 1.00E-74 1.00E-74 5.99E-34 2.06E-22 1.34E-15 2.08E-13 1.02E-12
 2.19E-12 4.41E-12 7.11E-12 8.81E-12 8.42E-12 7.70E-12
 1.00E-74 1.00E-74 1.00E-74 5.99E-34 2.06E-22 1.34E-15 2.08E-13 1.02E-12
 2.19E-12 4.41E-12 7.11E-12 8.81E-12 8.42E-12 7.70E-12
 1.00E-74 1.00E-74 1.00E-74 5.96E-34 2.05E-22 1.33E-15 2.07E-13 1.02E-12
 2.18E-12 4.40E-12 7.09E-12 8.80E-12 8.41E-12 7.70E-12
 1.00E-74 1.00E-74 1.00E-74 5.74E-34 1.98E-22 1.29E-15 2.02E-13 9.93E-13
 2.13E-12 4.31E-12 6.96E-12 8.67E-12 8.31E-12 7.61E-12
 1.00E-74 1.00E-74 1.00E-74 4.24E-34 1.47E-22 9.94E-16 1.59E-13 7.98E-13
 1.73E-12 3.57E-12 5.89E-12 7.54E-12 7.42E-12 6.89E-12
  103.544    7  14 /pl=01:ss= 8:pb= 1:sz= 8/type=excit/ispb = t/isel =   20
 1.00E+10 1.00E+11 1.00E+12 1.00E+13 1.00E+14 1.00E+15 1.00E+16
 1.40E+00 2.09E+00 3.49E+00 6.98E+00 1.40E+01 3.49E+01 6.98E+01 1.05E+02
 1.40E+02 2.09E+02 3.49E+02 6.98E+02 1.40E+03 2.09E+03
 1.00E-74 1.00E-74 1.00E-74 6.28E-34 1.60E-22 8.73E-16 1.27E-13 6.17E-13
 1.31E-12 2.62E-12 4.21E-12 5.28E-12 5.12E-12 4.71E-12
 1.00E-74 1.00E-74 1.00E-74 6.28E-34 1.60E-22 8.73E-16 1.27E-13 6.17E-13
 1.31E-12 2.62E-12 4.21E-12 5.28E-12 5.12E-12 4.71E-12
 1.00E-74 1.00E-74 1.00E-74 6.28E-34 1.60E-22 8.73E-16 1.27E-13 6.17E-13
 1.31E-12 2.62E-12 4.21E-12 5.28E-12 5.12E-12 4.71E-12
 1.00E-74 1.00E-74 1.00E-74 6.28E-34 1.60E-22 8.72E-16 1.27E-13 6.17E-13
 1.31E-12 2.62E-12 4.21E-12 5.28E-12 5.12E-12 4.71E-12
 1.00E-74 1.00E-74 1.00E-74 6.27E-34 1.60E-22 8.72E-16 1.27E-13 6.17E-13
 1.30E-12 2.62E-12 4.21E-12 5.28E-12 5.12E-12 4.71E-12
 1.00E-74 1.00E-74 1.00E-74 6.23E-34 1.59E-22 8.68E-16 1.27E-13 6.14E-13
 1.30E-12 2.61E-12 4.19E-12 5.26E-12 5.11E-12 4.70E-12
 1.00E-74 1.00E-74 1.00E-74 5.85E-34 1.50E-22 8.24E-16 1.21E-13 5.89E-13
 1.25E-12 2.52E-12 4.06E-12 5.12E-12 5.00E-12 4.61E-12
  134.051    7  14 /pl=01:ss= 8:pb= 1:sz= 8/type=excit/ispb = t/isel =   21
 1.00E+10 1.00E+11 1.00E+12 1.00E+13 1.00E+14 1.00E+15 1.00E+16
 1.40E+00 2.09E+00 3.49E+00 6.98E+00 1.40E+01 3.49E+01 6.98E+01 1.05E+02
 1.40E+02 2.09E+02 3.49E+02 6.98E+02 1.40E+03 2.09E+03
 1.00E-74 1.00E-74 1.00E-74 1.40E-31 5.87E-21 1.09E-14 1.11E-12 4.77E-12
 9.50E-12 1.79E-11 2.73E-11 3.27E-11 3.08E-11 2.79E-11
 1.00E-74 1.00E-74 1.00E-74 1.40E-31 5.87E-21 1.09E-14 1.11E-12 4.77E-12
 9.50E-12 1.79E-11 2.73E-11 3.27E-11 3.08E-11 2.79E-11
 1.00E-74 1.00E-74 1.00E-74 1.40E-31 5.87E-21 1.09E-14 1.11E-12 4.77E-12
 9.50E-12 1.79E-11 2.73E-11 3.27E-11 3.08E-11 2.79E-11
 1.00E-74 1.00E-74 1.00E-74 1.40E-31 5.87E-21 1.09E-14 1.11E-12 4.77E-12
 9.50E-12 1.79E-11 2.73E-11 3.27E-11 3.08E-11 2.79E-11
 1.00E-74 1.00E-74 1.00E-74 1.39E-31 5.86E-21 1.09E-14 1.11E-12 4.77E-12
 9.50E-12 1.79E-11 2.73E-11 3.27E-11 3.08E-11 2.79E-11
 1.00E-74 1.00E-74 1.00E-74 1.38E-31 5.80E-21 1.08E-14 1.10E-12 4.73E-12
 9.43E-12 1.78E-11 2.72E-11 3.26E-11 3.06E-11 2.78E-11
 1.00E-74 1.00E-74 1.00E-74 1.25E-31 5.25E-21 9.82E-15 1.01E-12 4.38E-12
 8.77E-12 1.66E-11 2.56E-11 3.09E-11 2.94E-11 2.68E-11
  135.510    7  14 /pl=01:ss= 8:pb= 1:sz= 8/type=excit/ispb = t/isel =   22
 1.00E+10 1.00E+11 1.00E+12 1.00E+13 1.00E+14 1.00E+15 1.00E+16
 1.40E+00 2.09E+00 3.49E+00 6.98E+00 1.40E+01 3.49E+01 6.98E+01 1.05E+02
 1.40E+02 2.09E+02 3.49E+02 6.98E+02 1.40E+03 2.09E+03
 1.00E-74 1.00E-74 1.00E-74 2.90E-32 9.87E-22 1.65E-15 1.64E-13 7.04E-13
 1.40E-12 2.65E-12 4.06E-12 4.92E-12 4.70E-12 4.32E-12
 1.00E-74 1.00E-74 1.00E-74 2.90E-32 9.87E-22 1.65E-15 1.64E-13 7.04E-13
 1.40E-12 2.65E-12 4.06E-12 4.92E-12 4.70E-12 4.32E-12
 1.00E-74 1.00E-74 1.00E-74 2.90E-32 9.87E-22 1.65E-15 1.64E-13 7.04E-13
 1.40E-12 2.65E-12 4.06E-12 4.92E-12 4.70E-12 4.32E-12
 1.00E-74 1.00E-74 1.00E-74 2.90E-32 9.87E-22 1.65E-15 1.64E-13 7.04E-13
 1.40E-12 2.65E-12 4.06E-12 4.92E-12 4.70E-12 4.32E-12
 1.00E-74 1.00E-74 1.00E-74 2.90E-32 9.87E-22 1.65E-15 1.64E-13 7.04E-13
 1.40E-12 2.65E-12 4.06E-12 4.91E-12 4.70E-12 4.32E-12
 1.00E-74 1.00E-74 1.00E-74 2.88E-32 9.82E-22 1.64E-15 1.64E-13 7.02E-13
 1.40E-12 2.64E-12 4.05E-12 4.91E-12 4.69E-12 4.32E-12
 1.00E-74 1.00E-74 1.00E-74 2.74E-32 9.31E-22 1.56E-15 1.57E-13 6.78E-13
 1.35E-12 2.56E-12 3.95E-12 4.80E-12 4.62E-12 4.25E-12
  154.167    7  14 /pl=01:ss= 8:pb= 1:sz= 8/type=excit/ispb = t/isel =   23
 1.00E+10 1.00E+11 1.00E+12 1.00E+13 1.00E+14 1.00E+15 1.00E+16
 1.40E+00 2.09E+00 3.49E+00 6.98E+00 1.40E+01 3.49E+01 6.98E+01 1.05E+02
 1.40E+02 2.09E+02 3.49E+02 6.98E+02 1.40E+03 2.09E+03
 1.00E-74 1.00E-74 1.00E-74 1.12E-36 1.67E-23 1.05E-15 3.45E-13 2.18E-12
 5.27E-12 1.21E-11 2.15E-11 2.89E-11 2.89E-11 2.68E-11
 1.00E-74 1.00E-74 1.00E-74 1.12E-36 1.67E-23 1.05E-15 3.45E-13 2.18E-12
 5.27E-12 1.21E-11 2.15E-11 2.89E-11 2.89E-11 2.68E-11
 1.00E-74 1.00E-74 1.00E-74 1.12E-36 1.67E-23 1.05E-15 3.45E-13 2.18E-12
 5.27E-12 1.21E-11 2.15E-11 2.89E-11 2.89E-11 2.68E-11
 1.00E-74 1.00E-74 1.00E-74 1.12E-36 1.67E-23 1.05E-15 3.45E-13 2.18E-12
 5.27E-12 1.21E-11 2.15E-11 2.89E-11 2.89E-11 2.68E-11
 1.00E-74 1.00E-74 1.00E-74 1.12E-36 1.67E-23 1.05E-15 3.45E-13 2.18E-12
 5.27E-12 1.21E-11 2.15E-11 2.89E-11 2.89E-11 2.68E-11
 1.00E-74 1.00E-74 1.00E-74 1.12E-36 1.67E-23 1.05E-15 3.44E-13 2.17E-12
 5.26E-12 1.21E-11 2.15E-11 2.89E-11 2.89E-11 2.68E-11
 1.00E-74 1.00E-74 1.00E-74 1.11E-36 1.65E-23 1.04E-15 3.42E-13 2.16E-12
 5.22E-12 1.20E-11 2.13E-11 2.87E-11 2.87E-11 2.66E-11
  154.658    7  14 /pl=01:ss= 8:pb= 1:sz= 8/type=excit/ispb = t/isel =   24
 1.00E+10 1.00E+11 1.00E+12 1.00E+13 1.00E+14 1.00E+15 1.00E+16
 1.40E+00 2.09E+00 3.49E+00 6.98E+00 1.40E+01 3.49E+01 6.98E+01 1.05E+02
 1.40E+02 2.09E+02 3.49E+02 6.98E+02 1.40E+03 2.09E+03
 1.00E-74 1.00E-74 1.00E-74 4.80E-31 7.21E-21 7.18E-15 5.99E-13 2.42E-12
 4.67E-12 8.56E-12 1.29E-11 1.54E-11 1.46E-11 1.34E-11
 1.00E-74 1.00E-74 1.00E-74 4.80E-31 7.21E-21 7.18E-15 5.99E-13 2.42E-12
 4.67E-12 8.56E-12 1.29E-11 1.54E-11 1.46E-11 1.34E-11
 1.00E-74 1.00E-74 1.00E-74 4.80E-31 7.21E-21 7.18E-15 5.98E-13 2.41E-12
 4.67E-12 8.56E-12 1.29E-11 1.54E-11 1.46E-11 1.34E-11
 1.00E-74 1.00E-74 1.00E-74 4.79E-31 7.21E-21 7.17E-15 5.98E-13 2.41E-12
 4.67E-12 8.55E-12 1.29E-11 1.54E-11 1.46E-11 1.34E-11
 1.00E-74 1.00E-74 1.00E-74 4.79E-31 7.19E-21 7.15E-15 5.96E-13 2.41E-12
 4.66E-12 8.53E-12 1.28E-11 1.53E-11 1.46E-11 1.34E-11
 1.00E-74 1.00E-74 1.48E-51 4.74E-31 7.04E-21 6.94E-15 5.79E-13 2.34E-12
 4.53E-12 8.32E-12 1.26E-11 1.51E-11 1.44E-11 1.32E-11
 1.00E-74 1.00E-74 1.48E-51 4.32E-31 5.82E-21 5.38E-15 4.47E-13 1.83E-12
 3.57E-12 6.66E-12 1.03E-11 1.27E-11 1.25E-11 1.16E-11
  158.786    7  14 /pl=01:ss= 8:pb= 1:sz= 8/type=excit/ispb = t/isel =   25
 1.00E+10 1.00E+11 1.00E+12 1.00E+13 1.00E+14 1.00E+15 1.00E+16
 1.40E+00 2.09E+00 3.49E+00 6.98E+00 1.40E+01 3.49E+01 6.98E+01 1.05E+02
 1.40E+02 2.09E+02 3.49E+02 6.98E+02 1.40E+03 2.09E+03
 1.00E-74 1.00E-74 1.00E-74 7.49E-31 1.13E-20 1.12E-14 9.34E-13 3.77E-12
 7.29E-12 1.34E-11 2.01E-11 2.40E-11 2.28E-11 2.09E-11
 1.00E-74 1.00E-74 1.00E-74 7.49E-31 1.13E-20 1.12E-14 9.34E-13 3.77E-12
 7.29E-12 1.34E-11 2.01E-11 2.40E-11 2.28E-11 2.09E-11
 1.00E-74 1.00E-74 1.00E-74 7.49E-31 1.13E-20 1.12E-14 9.34E-13 3.77E-12
 7.29E-12 1.34E-11 2.01E-11 2.40E-11 2.28E-11 2.09E-11
 1.00E-74 1.00E-74 1.00E-74 7.49E-31 1.12E-20 1.12E-14 9.34E-13 3.77E-12
 7.29E-12 1.34E-11 2.01E-11 2.40E-11 2.28E-11 2.09E-11
 1.00E-74 1.00E-74 1.00E-74 7.48E-31 1.12E-20 1.12E-14 9.31E-13 3.76E-12
 7.27E-12 1.33E-11 2.00E-11 2.40E-11 2.28E-11 2.09E-11
 1.00E-74 1.00E-74 2.30E-51 7.40E-31 1.10E-20 1.08E-14 9.04E-13 3.65E-12
 7.07E-12 1.30E-11 1.96E-11 2.35E-11 2.24E-11 2.06E-11
 1.00E-74 1.00E-74 2.30E-51 6.74E-31 9.09E-21 8.39E-15 6.98E-13 2.85E-12
 5.57E-12 1.04E-11 1.60E-11 1.98E-11 1.95E-11 1.82E-11
  159.775    7  14 /pl=01:ss= 8:pb= 1:sz= 8/type=excit/ispb = t/isel =   26
 1.00E+10 1.00E+11 1.00E+12 1.00E+13 1.00E+14 1.00E+15 1.00E+16
 1.40E+00 2.09E+00 3.49E+00 6.98E+00 1.40E+01 3.49E+01 6.98E+01 1.05E+02
 1.40E+02 2.09E+02 3.49E+02 6.98E+02 1.40E+03 2.09E+03
 1.00E-74 1.00E-74 1.00E-74 3.18E-34 1.09E-22 7.12E-16 1.11E-13 5.43E-13
 1.16E-12 2.34E-12 3.78E-12 4.68E-12 4.48E-12 4.10E-12
 1.00E-74 1.00E-74 1.00E-74 3.18E-34 1.09E-22 7.12E-16 1.11E-13 5.43E-13
 1.16E-12 2.34E-12 3.78E-12 4.68E-12 4.48E-12 4.10E-12
 1.00E-74 1.00E-74 1.00E-74 3.18E-34 1.09E-22 7.12E-16 1.11E-13 5.43E-13
 1.16E-12 2.34E-12 3.78E-12 4.68E-12 4.48E-12 4.10E-12
 1.00E-74 1.00E-74 1.00E-74 3.18E-34 1.09E-22 7.12E-16 1.10E-13 5.43E-13
 1.16E-12 2.34E-12 3.78E-12 4.68E-12 4.48E-12 4.10E-12
 1.00E-74 1.00E-74 1.00E-74 3.17E-34 1.09E-22 7.09E-16 1.10E-13 5.41E-13
 1.16E-12 2.34E-12 3.77E-12 4.68E-12 4.47E-12 4.09E-12
 1.00E-74 1.00E-74 1.00E-74 3.05E-34 1.05E-22 6.88E-16 1.07E-13 5.28E-13
 1.13E-12 2.29E-12 3.70E-12 4.61E-12 4.42E-12 4.05E-12
 1.00E-74 1.00E-74 1.00E-74 2.25E-34 7.84E-23 5.28E-16 8.47E-14 4.24E-13
 9.21E-13 1.90E-12 3.13E-12 4.01E-12 3.94E-12 3.66E-12
  168.774    7  14 /pl=01:ss= 8:pb= 1:sz= 8/type=excit/ispb = t/isel =   27
 1.00E+10 1.00E+11 1.00E+12 1.00E+13 1.00E+14 1.00E+15 1.00E+16
 1.40E+00 2.09E+00 3.49E+00 6.98E+00 1.40E+01 3.49E+01 6.98E+01 1.05E+02
 1.40E+02 2.09E+02 3.49E+02 6.98E+02 1.40E+03 2.09E+03
 1.00E-74 1.00E-74 1.00E-74 6.19E-34 1.58E-22 8.61E-16 1.26E-13 6.08E-13
 1.29E-12 2.58E-12 4.15E-12 5.21E-12 5.05E-12 4.65E-12
 1.00E-74 1.00E-74 1.00E-74 6.19E-34 1.58E-22 8.61E-16 1.26E-13 6.08E-13
 1.29E-12 2.58E-12 4.15E-12 5.21E-12 5.05E-12 4.65E-12
 1.00E-74 1.00E-74 1.00E-74 6.19E-34 1.58E-22 8.61E-16 1.26E-13 6.08E-13
 1.29E-12 2.58E-12 4.15E-12 5.21E-12 5.05E-12 4.65E-12
 1.00E-74 1.00E-74 1.00E-74 6.19E-34 1.58E-22 8.61E-16 1.26E-13 6.08E-13
 1.29E-12 2.58E-12 4.15E-12 5.21E-12 5.05E-12 4.65E-12
 1.00E-74 1.00E-74 1.00E-74 6.19E-34 1.58E-22 8.60E-16 1.26E-13 6.08E-13
 1.29E-12 2.58E-12 4.15E-12 5.20E-12 5.05E-12 4.65E-12
 1.00E-74 1.00E-74 1.00E-74 6.15E-34 1.57E-22 8.56E-16 1.25E-13 6.06E-13
 1.28E-12 2.57E-12 4.14E-12 5.19E-12 5.04E-12 4.64E-12
 1.00E-74 1.00E-74 1.00E-74 5.77E-34 1.47E-22 8.12E-16 1.19E-13 5.81E-13
 1.23E-12 2.48E-12 4.01E-12 5.05E-12 4.93E-12 4.55E-12
  189.030    7  14 /pl=01:ss= 8:pb= 1:sz= 8/type=excit/ispb = t/isel =   28
 1.00E+10 1.00E+11 1.00E+12 1.00E+13 1.00E+14 1.00E+15 1.00E+16
 1.40E+00 2.09E+00 3.49E+00 6.98E+00 1.40E+01 3.49E+01 6.98E+01 1.05E+02
 1.40E+02 2.09E+02 3.49E+02 6.98E+02 1.40E+03 2.09E+03
 1.00E-74 1.00E-74 1.00E-74 4.96E-36 2.56E-23 8.48E-16 2.26E-13 1.33E-12
 3.11E-12 6.88E-12 1.19E-11 1.57E-11 1.56E-11 1.43E-11
 1.00E-74 1.00E-74 1.00E-74 4.96E-36 2.56E-23 8.48E-16 2.26E-13 1.33E-12
 3.11E-12 6.88E-12 1.19E-11 1.57E-11 1.56E-11 1.43E-11
 1.00E-74 1.00E-74 1.00E-74 4.96E-36 2.56E-23 8.48E-16 2.26E-13 1.33E-12
 3.11E-12 6.88E-12 1.19E-11 1.57E-11 1.56E-11 1.43E-11
 1.00E-74 1.00E-74 1.00E-74 4.96E-36 2.56E-23 8.48E-16 2.26E-13 1.33E-12
 3.11E-12 6.88E-12 1.19E-11 1.57E-11 1.56E-11 1.43E-11
 1.00E-74 1.00E-74 1.00E-74 4.96E-36 2.56E-23 8.48E-16 2.26E-13 1.33E-12
 3.11E-12 6.88E-12 1.19E-11 1.57E-11 1.56E-11 1.43E-11
 1.00E-74 1.00E-74 1.00E-74 4.97E-36 2.56E-23 8.46E-16 2.25E-13 1.33E-12
 3.11E-12 6.87E-12 1.19E-11 1.57E-11 1.55E-11 1.43E-11
 1.00E-74 1.00E-74 1.00E-74 5.04E-36 2.52E-23 8.26E-16 2.20E-13 1.30E-12
 3.04E-12 6.72E-12 1.17E-11 1.54E-11 1.53E-11 1.41E-11
  256.718    7  14 /pl=01:ss= 8:pb= 1:sz= 8/type=excit/ispb = t/isel =   29
 1.00E+10 1.00E+11 1.00E+12 1.00E+13 1.00E+14 1.00E+15 1.00E+16
 1.40E+00 2.09E+00 3.49E+00 6.98E+00 1.40E+01 3.49E+01 6.98E+01 1.05E+02
 1.40E+02 2.09E+02 3.49E+02 6.98E+02 1.40E+03 2.09E+03
 1.00E-74 1.00E-74 1.00E-74 1.48E-31 6.21E-21 1.15E-14 1.18E-12 5.05E-12
 1.01E-11 1.89E-11 2.89E-11 3.47E-11 3.26E-11 2.95E-11
 1.00E-74 1.00E-74 1.00E-74 1.48E-31 6.21E-21 1.15E-14 1.18E-12 5.05E-12
 1.01E-11 1.89E-11 2.89E-11 3.47E-11 3.26E-11 2.95E-11
 1.00E-74 1.00E-74 1.00E-74 1.48E-31 6.21E-21 1.15E-14 1.18E-12 5.05E-12
 1.01E-11 1.89E-11 2.89E-11 3.47E-11 3.26E-11 2.95E-11
 1.00E-74 1.00E-74 1.00E-74 1.48E-31 6.21E-21 1.15E-14 1.18E-12 5.05E-12
 1.01E-11 1.89E-11 2.89E-11 3.47E-11 3.26E-11 2.95E-11
 1.00E-74 1.00E-74 1.00E-74 1.48E-31 6.20E-21 1.15E-14 1.17E-12 5.05E-12
 1.01E-11 1.89E-11 2.89E-11 3.46E-11 3.26E-11 2.95E-11
 1.00E-74 1.00E-74 1.00E-74 1.46E-31 6.14E-21 1.14E-14 1.16E-12 5.01E-12
 9.98E-12 1.88E-11 2.87E-11 3.45E-11 3.24E-11 2.94E-11
 1.00E-74 1.00E-74 1.00E-74 1.32E-31 5.55E-21 1.04E-14 1.07E-12 4.64E-12
 9.28E-12 1.76E-11 2.71E-11 3.28E-11 3.11E-11 2.83E-11
  365.867    7  14 /pl=01:ss= 8:pb= 1:sz= 8/type=excit/ispb = t/isel =   30
 1.00E+10 1.00E+11 1.00E+12 1.00E+13 1.00E+14 1.00E+15 1.00E+16
 1.40E+00 2.09E+00 3.49E+00 6.98E+00 1.40E+01 3.49E+01 6.98E+01 1.05E+02
 1.40E+02 2.09E+02 3.49E+02 6.98E+02 1.40E+03 2.09E+03
 1.00E-74 1.00E-74 1.00E-74 4.88E-31 7.33E-21 7.30E-15 6.09E-13 2.46E-12
 4.75E-12 8.70E-12 1.31E-11 1.56E-11 1.49E-11 1.36E-11
 1.00E-74 1.00E-74 1.00E-74 4.88E-31 7.33E-21 7.30E-15 6.09E-13 2.46E-12
 4.75E-12 8.70E-12 1.31E-11 1.56E-11 1.49E-11 1.36E-11
 1.00E-74 1.00E-74 1.00E-74 4.88E-31 7.33E-21 7.30E-15 6.09E-13 2.46E-12
 4.75E-12 8.70E-12 1.31E-11 1.56E-11 1.49E-11 1.36E-11
 1.00E-74 1.00E-74 1.00E-74 4.88E-31 7.33E-21 7.30E-15 6.09E-13 2.46E-12
 4.75E-12 8.70E-12 1.31E-11 1.56E-11 1.49E-11 1.36E-11
 1.00E-74 1.00E-74 1.00E-74 4.87E-31 7.31E-21 7.27E-15 6.07E-13 2.45E-12
 4.74E-12 8.68E-12 1.31E-11 1.56E-11 1.48E-11 1.36E-11
 1.00E-74 1.00E-74 1.50E-51 4.82E-31 7.16E-21 7.06E-15 5.89E-13 2.38E-12
 4.61E-12 8.46E-12 1.28E-11 1.53E-11 1.46E-11 1.34E-11
 1.00E-74 1.00E-74 1.50E-51 4.39E-31 5.92E-21 5.47E-15 4.55E-13 1.86E-12
 3.63E-12 6.77E-12 1.04E-11 1.29E-11 1.27E-11 1.18E-11
  453.230    7  14 /pl=01:ss= 8:pb= 1:sz= 8/type=excit/ispb = t/isel =   31
 1.00E+10 1.00E+11 1.00E+12 1.00E+13 1.00E+14 1.00E+15 1.00E+16
 1.40E+00 2.09E+00 3.49E+00 6.98E+00 1.40E+01 3.49E+01 6.98E+01 1.05E+02
 1.40E+02 2.09E+02 3.49E+02 6.98E+02 1.40E+03 2.09E+03
 1.00E-74 1.00E-74 2.93E-44 4.82E-27 1.64E-18 1.69E-13 6.62E-12 2.08E-11
 3.52E-11 5.71E-11 7.69E-11 8.48E-11 7.66E-11 6.88E-11
 1.00E-74 1.00E-74 2.94E-44 4.82E-27 1.64E-18 1.69E-13 6.62E-12 2.08E-11
 3.52E-11 5.71E-11 7.69E-11 8.48E-11 7.66E-11 6.88E-11
 1.00E-74 1.00E-74 2.95E-44 4.82E-27 1.64E-18 1.69E-13 6.62E-12 2.08E-11
 3.52E-11 5.71E-11 7.69E-11 8.48E-11 7.66E-11 6.88E-11
 1.00E-74 1.00E-74 2.95E-44 4.82E-27 1.64E-18 1.69E-13 6.62E-12 2.08E-11
 3.52E-11 5.71E-11 7.69E-11 8.48E-11 7.66E-11 6.88E-11
 1.00E-74 1.00E-74 2.94E-44 4.82E-27 1.64E-18 1.69E-13 6.61E-12 2.08E-11
 3.52E-11 5.70E-11 7.69E-11 8.48E-11 7.66E-11 6.87E-11
 1.00E-74 1.00E-74 2.92E-44 4.79E-27 1.63E-18 1.68E-13 6.59E-12 2.07E-11
 3.50E-11 5.68E-11 7.66E-11 8.46E-11 7.64E-11 6.86E-11
 1.00E-74 1.00E-74 2.73E-44 4.55E-27 1.55E-18 1.60E-13 6.31E-12 1.99E-11
 3.37E-11 5.49E-11 7.42E-11 8.22E-11 7.47E-11 6.72E-11
  490.601    7  14 /pl=01:ss= 8:pb= 1:sz= 8/type=excit/ispb = t/isel =   32
 1.00E+10 1.00E+11 1.00E+12 1.00E+13 1.00E+14 1.00E+15 1.00E+16
 1.40E+00 2.09E+00 3.49E+00 6.98E+00 1.40E+01 3.49E+01 6.98E+01 1.05E+02
 1.40E+02 2.09E+02 3.49E+02 6.98E+02 1.40E+03 2.09E+03
 1.00E-74 1.00E-74 6.70E-44 1.10E-26 3.75E-18 3.86E-13 1.51E-11 4.75E-11
 8.04E-11 1.30E-10 1.76E-10 1.94E-10 1.75E-10 1.57E-10
 1.00E-74 1.00E-74 6.73E-44 1.10E-26 3.75E-18 3.86E-13 1.51E-11 4.75E-11
 8.04E-11 1.30E-10 1.76E-10 1.94E-10 1.75E-10 1.57E-10
 1.00E-74 1.00E-74 6.73E-44 1.10E-26 3.75E-18 3.86E-13 1.51E-11 4.75E-11
 8.04E-11 1.30E-10 1.76E-10 1.94E-10 1.75E-10 1.57E-10
 1.00E-74 1.00E-74 6.73E-44 1.10E-26 3.75E-18 3.86E-13 1.51E-11 4.75E-11
 8.04E-11 1.30E-10 1.76E-10 1.94E-10 1.75E-10 1.57E-10
 1.00E-74 1.00E-74 6.73E-44 1.10E-26 3.75E-18 3.86E-13 1.51E-11 4.74E-11
 8.03E-11 1.30E-10 1.76E-10 1.94E-10 1.75E-10 1.57E-10
 1.00E-74 1.00E-74 6.68E-44 1.09E-26 3.73E-18 3.84E-13 1.50E-11 4.73E-11
 8.00E-11 1.30E-10 1.75E-10 1.93E-10 1.75E-10 1.57E-10
 1.00E-74 1.00E-74 6.25E-44 1.04E-26 3.55E-18 3.67E-13 1.44E-11 4.54E-11
 7.70E-11 1.25E-10 1.70E-10 1.88E-10 1.71E-10 1.54E-10
  524.953    7  14 /pl=01:ss= 8:pb= 1:sz= 8/type=excit/ispb = t/isel =   33
 1.00E+10 1.00E+11 1.00E+12 1.00E+13 1.00E+14 1.00E+15 1.00E+16
 1.40E+00 2.09E+00 3.49E+00 6.98E+00 1.40E+01 3.49E+01 6.98E+01 1.05E+02
 1.40E+02 2.09E+02 3.49E+02 6.98E+02 1.40E+03 2.09E+03
 1.00E-74 1.00E-74 1.00E-74 9.93E-33 2.53E-21 1.38E-14 2.01E-12 9.76E-12
 2.06E-11 4.14E-11 6.65E-11 8.35E-11 8.10E-11 7.45E-11
 1.00E-74 1.00E-74 1.00E-74 9.93E-33 2.53E-21 1.38E-14 2.01E-12 9.76E-12
 2.06E-11 4.14E-11 6.65E-11 8.35E-11 8.10E-11 7.45E-11
 1.00E-74 1.00E-74 1.00E-74 9.93E-33 2.53E-21 1.38E-14 2.01E-12 9.76E-12
 2.06E-11 4.14E-11 6.65E-11 8.35E-11 8.10E-11 7.45E-11
 1.00E-74 1.00E-74 1.00E-74 9.93E-33 2.53E-21 1.38E-14 2.01E-12 9.76E-12
 2.06E-11 4.14E-11 6.65E-11 8.35E-11 8.10E-11 7.45E-11
 1.00E-74 1.00E-74 1.00E-74 9.92E-33 2.53E-21 1.38E-14 2.01E-12 9.75E-12
 2.06E-11 4.14E-11 6.65E-11 8.34E-11 8.10E-11 7.45E-11
 1.00E-74 1.00E-74 1.00E-74 9.85E-33 2.51E-21 1.37E-14 2.00E-12 9.71E-12
 2.06E-11 4.12E-11 6.63E-11 8.32E-11 8.08E-11 7.44E-11
 1.00E-74 1.00E-74 1.00E-74 9.25E-33 2.36E-21 1.30E-14 1.92E-12 9.32E-12
 1.98E-11 3.98E-11 6.42E-11 8.10E-11 7.90E-11 7.29E-11
  527.873    7  14 /pl=01:ss= 8:pb= 1:sz= 8/type=excit/ispb = t/isel =   34
 1.00E+10 1.00E+11 1.00E+12 1.00E+13 1.00E+14 1.00E+15 1.00E+16
 1.40E+00 2.09E+00 3.49E+00 6.98E+00 1.40E+01 3.49E+01 6.98E+01 1.05E+02
 1.40E+02 2.09E+02 3.49E+02 6.98E+02 1.40E+03 2.09E+03
 1.00E-74 1.00E-74 1.00E-74 7.29E-30 7.28E-21 2.10E-15 1.67E-13 7.06E-13
 1.41E-12 2.69E-12 4.17E-12 5.08E-12 4.84E-12 4.43E-12
 1.00E-74 1.00E-74 1.00E-74 7.29E-30 7.29E-21 2.10E-15 1.67E-13 7.06E-13
 1.41E-12 2.69E-12 4.17E-12 5.08E-12 4.84E-12 4.43E-12
 1.00E-74 1.00E-74 7.03E-48 7.30E-30 7.29E-21 2.10E-15 1.67E-13 7.06E-13
 1.41E-12 2.69E-12 4.17E-12 5.08E-12 4.84E-12 4.43E-12
 1.00E-74 1.00E-74 4.92E-48 7.33E-30 7.31E-21 2.10E-15 1.67E-13 7.07E-13
 1.41E-12 2.70E-12 4.17E-12 5.08E-12 4.84E-12 4.43E-12
 1.00E-74 1.00E-74 5.28E-48 7.64E-30 7.54E-21 2.13E-15 1.69E-13 7.12E-13
 1.42E-12 2.71E-12 4.19E-12 5.10E-12 4.86E-12 4.45E-12
 1.00E-74 1.00E-74 8.33E-48 1.07E-29 9.77E-21 2.45E-15 1.83E-13 7.60E-13
 1.51E-12 2.85E-12 4.38E-12 5.28E-12 5.01E-12 4.57E-12
 1.00E-74 1.00E-74 3.16E-47 3.60E-29 2.91E-20 5.37E-15 3.18E-13 1.21E-12
 2.31E-12 4.18E-12 6.14E-12 7.08E-12 6.43E-12 5.74E-12
  528.721    7  14 /pl=01:ss= 8:pb= 1:sz= 8/type=excit/ispb = t/isel =   35
 1.00E+10 1.00E+11 1.00E+12 1.00E+13 1.00E+14 1.00E+15 1.00E+16
 1.40E+00 2.09E+00 3.49E+00 6.98E+00 1.40E+01 3.49E+01 6.98E+01 1.05E+02
 1.40E+02 2.09E+02 3.49E+02 6.98E+02 1.40E+03 2.09E+03
 1.00E-74 1.00E-74 1.00E-74 2.86E-29 2.52E-20 4.60E-15 2.42E-13 8.78E-13
 1.62E-12 2.85E-12 4.11E-12 4.68E-12 4.26E-12 3.81E-12
 1.00E-74 1.00E-74 1.00E-74 2.86E-29 2.52E-20 4.60E-15 2.42E-13 8.78E-13
 1.62E-12 2.85E-12 4.11E-12 4.68E-12 4.26E-12 3.81E-12
 1.00E-74 1.00E-74 2.54E-47 2.86E-29 2.52E-20 4.60E-15 2.43E-13 8.78E-13
 1.62E-12 2.85E-12 4.11E-12 4.68E-12 4.26E-12 3.81E-12
 1.00E-74 1.00E-74 2.29E-47 2.87E-29 2.53E-20 4.61E-15 2.43E-13 8.79E-13
 1.62E-12 2.86E-12 4.12E-12 4.68E-12 4.26E-12 3.82E-12
 1.00E-74 1.00E-74 2.35E-47 2.92E-29 2.56E-20 4.66E-15 2.45E-13 8.87E-13
 1.64E-12 2.88E-12 4.15E-12 4.71E-12 4.29E-12 3.84E-12
 1.00E-74 1.00E-74 2.88E-47 3.42E-29 2.90E-20 5.15E-15 2.69E-13 9.70E-13
 1.79E-12 3.14E-12 4.49E-12 5.06E-12 4.57E-12 4.07E-12
 1.00E-74 1.00E-74 6.80E-47 7.39E-29 5.77E-20 9.57E-15 4.92E-13 1.76E-12
 3.22E-12 5.58E-12 7.80E-12 8.47E-12 7.30E-12 6.33E-12
  564.491    7  14 /pl=01:ss= 8:pb= 1:sz= 8/type=excit/ispb = t/isel =   36
 1.00E+10 1.00E+11 1.00E+12 1.00E+13 1.00E+14 1.00E+15 1.00E+16
 1.40E+00 2.09E+00 3.49E+00 6.98E+00 1.40E+01 3.49E+01 6.98E+01 1.05E+02
 1.40E+02 2.09E+02 3.49E+02 6.98E+02 1.40E+03 2.09E+03
 1.00E-74 1.00E-74 1.00E-74 3.57E-34 1.23E-22 7.98E-16 1.24E-13 6.09E-13
 1.30E-12 2.63E-12 4.24E-12 5.25E-12 5.02E-12 4.59E-12
 1.00E-74 1.00E-74 1.00E-74 3.57E-34 1.23E-22 7.98E-16 1.24E-13 6.09E-13
 1.30E-12 2.63E-12 4.24E-12 5.25E-12 5.02E-12 4.59E-12
 1.00E-74 1.00E-74 1.00E-74 3.57E-34 1.23E-22 7.98E-16 1.24E-13 6.09E-13
 1.30E-12 2.63E-12 4.24E-12 5.25E-12 5.02E-12 4.59E-12
 1.00E-74 1.00E-74 1.00E-74 3.57E-34 1.23E-22 7.98E-16 1.24E-13 6.09E-13
 1.30E-12 2.63E-12 4.24E-12 5.25E-12 5.02E-12 4.59E-12
 1.00E-74 1.00E-74 1.00E-74 3.56E-34 1.22E-22 7.96E-16 1.24E-13 6.07E-13
 1.30E-12 2.62E-12 4.23E-12 5.25E-12 5.01E-12 4.59E-12
 1.00E-74 1.00E-74 1.00E-74 3.42E-34 1.18E-22 7.71E-16 1.20E-13 5.92E-13
 1.27E-12 2.57E-12 4.15E-12 5.17E-12 4.95E-12 4.54E-12
 1.00E-74 1.00E-74 1.00E-74 2.53E-34 8.79E-23 5.92E-16 9.50E-14 4.76E-13
 1.03E-12 2.13E-12 3.51E-12 4.49E-12 4.42E-12 4.11E-12
  634.848    7  14 /pl=01:ss= 8:pb= 1:sz= 8/type=excit/ispb = t/isel =   37
 1.00E+10 1.00E+11 1.00E+12 1.00E+13 1.00E+14 1.00E+15 1.00E+16
 1.40E+00 2.09E+00 3.49E+00 6.98E+00 1.40E+01 3.49E+01 6.98E+01 1.05E+02
 1.40E+02 2.09E+02 3.49E+02 6.98E+02 1.40E+03 2.09E+03
 1.00E-74 1.00E-74 8.60E-45 4.61E-28 9.40E-20 8.83E-15 4.43E-13 1.64E-12
 3.11E-12 5.68E-12 8.72E-12 1.11E-11 1.15E-11 1.12E-11
 1.00E-74 1.00E-74 8.57E-45 4.61E-28 9.40E-20 8.83E-15 4.43E-13 1.64E-12
 3.11E-12 5.68E-12 8.72E-12 1.11E-11 1.15E-11 1.12E-11
 1.00E-74 1.00E-74 8.56E-45 4.61E-28 9.39E-20 8.83E-15 4.43E-13 1.64E-12
 3.11E-12 5.68E-12 8.72E-12 1.11E-11 1.15E-11 1.12E-11
 1.00E-74 1.00E-74 8.56E-45 4.61E-28 9.39E-20 8.83E-15 4.43E-13 1.64E-12
 3.11E-12 5.68E-12 8.72E-12 1.11E-11 1.15E-11 1.12E-11
 1.00E-74 1.00E-74 8.55E-45 4.60E-28 9.39E-20 8.82E-15 4.43E-13 1.64E-12
 3.10E-12 5.67E-12 8.71E-12 1.11E-11 1.15E-11 1.12E-11
 1.00E-74 1.00E-74 8.43E-45 4.56E-28 9.31E-20 8.75E-15 4.40E-13 1.63E-12
 3.08E-12 5.64E-12 8.66E-12 1.10E-11 1.15E-11 1.12E-11
 1.00E-74 1.00E-74 7.42E-45 4.15E-28 8.58E-20 8.12E-15 4.09E-13 1.52E-12
 2.88E-12 5.29E-12 8.17E-12 1.05E-11 1.10E-11 1.07E-11
  650.957    7  14 /pl=01:ss= 8:pb= 1:sz= 8/type=excit/ispb = t/isel =   38
 1.00E+10 1.00E+11 1.00E+12 1.00E+13 1.00E+14 1.00E+15 1.00E+16
 1.40E+00 2.09E+00 3.49E+00 6.98E+00 1.40E+01 3.49E+01 6.98E+01 1.05E+02
 1.40E+02 2.09E+02 3.49E+02 6.98E+02 1.40E+03 2.09E+03
 1.00E-74 1.00E-74 8.36E-44 3.99E-27 7.28E-19 5.44E-14 2.15E-12 7.14E-12
 1.28E-11 2.21E-11 3.21E-11 3.81E-11 3.66E-11 3.38E-11
 1.00E-74 1.00E-74 8.37E-44 3.99E-27 7.28E-19 5.44E-14 2.15E-12 7.14E-12
 1.28E-11 2.21E-11 3.21E-11 3.81E-11 3.66E-11 3.38E-11
 1.00E-74 1.00E-74 8.37E-44 3.99E-27 7.28E-19 5.44E-14 2.15E-12 7.14E-12
 1.28E-11 2.21E-11 3.21E-11 3.81E-11 3.66E-11 3.38E-11
 1.00E-74 1.00E-74 8.36E-44 3.99E-27 7.28E-19 5.44E-14 2.15E-12 7.14E-12
 1.28E-11 2.21E-11 3.21E-11 3.81E-11 3.66E-11 3.38E-11
 1.00E-74 1.00E-74 8.35E-44 3.98E-27 7.27E-19 5.43E-14 2.15E-12 7.14E-12
 1.28E-11 2.21E-11 3.21E-11 3.81E-11 3.66E-11 3.38E-11
 1.00E-74 1.00E-74 8.20E-44 3.93E-27 7.20E-19 5.40E-14 2.14E-12 7.13E-12
 1.28E-11 2.21E-11 3.21E-11 3.81E-11 3.66E-11 3.38E-11
 1.00E-74 1.00E-74 6.98E-44 3.50E-27 6.59E-19 5.09E-14 2.07E-12 6.97E-12
 1.26E-11 2.18E-11 3.19E-11 3.79E-11 3.64E-11 3.37E-11
  666.233    7  14 /pl=01:ss= 8:pb= 1:sz= 8/type=excit/ispb = t/isel =   39
 1.00E+10 1.00E+11 1.00E+12 1.00E+13 1.00E+14 1.00E+15 1.00E+16
 1.40E+00 2.09E+00 3.49E+00 6.98E+00 1.40E+01 3.49E+01 6.98E+01 1.05E+02
 1.40E+02 2.09E+02 3.49E+02 6.98E+02 1.40E+03 2.09E+03
 1.00E-74 1.00E-74 2.93E-45 1.68E-28 3.59E-20 3.93E-15 2.33E-13 9.29E-13
 1.83E-12 3.51E-12 5.57E-12 7.21E-12 7.48E-12 7.23E-12
 1.00E-74 1.00E-74 3.01E-45 1.68E-28 3.59E-20 3.93E-15 2.33E-13 9.29E-13
 1.83E-12 3.51E-12 5.57E-12 7.21E-12 7.48E-12 7.23E-12
 1.00E-74 1.00E-74 3.01E-45 1.68E-28 3.59E-20 3.93E-15 2.33E-13 9.29E-13
 1.83E-12 3.51E-12 5.57E-12 7.21E-12 7.48E-12 7.23E-12
 1.00E-74 1.00E-74 3.00E-45 1.68E-28 3.59E-20 3.93E-15 2.33E-13 9.29E-13
 1.83E-12 3.51E-12 5.57E-12 7.21E-12 7.48E-12 7.24E-12
 1.00E-74 1.00E-74 3.00E-45 1.67E-28 3.59E-20 3.93E-15 2.33E-13 9.30E-13
 1.84E-12 3.51E-12 5.58E-12 7.22E-12 7.48E-12 7.24E-12
 1.00E-74 1.00E-74 2.97E-45 1.67E-28 3.60E-20 3.97E-15 2.35E-13 9.38E-13
 1.85E-12 3.53E-12 5.61E-12 7.25E-12 7.50E-12 7.25E-12
 1.00E-74 1.00E-74 2.72E-45 1.61E-28 3.67E-20 4.21E-15 2.50E-13 9.94E-13
 1.95E-12 3.71E-12 5.83E-12 7.46E-12 7.66E-12 7.37E-12
  674.957    7  14 /pl=01:ss= 8:pb= 1:sz= 8/type=excit/ispb = t/isel =   40
 1.00E+10 1.00E+11 1.00E+12 1.00E+13 1.00E+14 1.00E+15 1.00E+16
 1.40E+00 2.09E+00 3.49E+00 6.98E+00 1.40E+01 3.49E+01 6.98E+01 1.05E+02
 1.40E+02 2.09E+02 3.49E+02 6.98E+02 1.40E+03 2.09E+03
 1.00E-74 1.00E-74 5.43E-44 2.59E-27 4.73E-19 3.53E-14 1.40E-12 4.64E-12
 8.30E-12 1.43E-11 2.09E-11 2.47E-11 2.38E-11 2.20E-11
 1.00E-74 1.00E-74 5.44E-44 2.59E-27 4.73E-19 3.53E-14 1.40E-12 4.64E-12
 8.30E-12 1.43E-11 2.09E-11 2.47E-11 2.38E-11 2.20E-11
 1.00E-74 1.00E-74 5.44E-44 2.59E-27 4.73E-19 3.53E-14 1.40E-12 4.64E-12
 8.30E-12 1.43E-11 2.09E-11 2.47E-11 2.38E-11 2.20E-11
 1.00E-74 1.00E-74 5.43E-44 2.59E-27 4.73E-19 3.53E-14 1.40E-12 4.64E-12
 8.30E-12 1.43E-11 2.09E-11 2.47E-11 2.38E-11 2.20E-11
 1.00E-74 1.00E-74 5.42E-44 2.59E-27 4.72E-19 3.53E-14 1.40E-12 4.64E-12
 8.30E-12 1.43E-11 2.09E-11 2.47E-11 2.38E-11 2.20E-11
 1.00E-74 1.00E-74 5.33E-44 2.55E-27 4.68E-19 3.51E-14 1.39E-12 4.63E-12
 8.29E-12 1.43E-11 2.09E-11 2.47E-11 2.38E-11 2.20E-11
 1.00E-74 1.00E-74 4.54E-44 2.27E-27 4.28E-19 3.31E-14 1.34E-12 4.53E-12
 8.16E-12 1.42E-11 2.07E-11 2.46E-11 2.37E-11 2.19E-11
  689.807    7  14 /pl=01:ss= 8:pb= 1:sz= 8/type=excit/ispb = t/isel =   41
 1.00E+10 1.00E+11 1.00E+12 1.00E+13 1.00E+14 1.00E+15 1.00E+16
 1.40E+00 2.09E+00 3.49E+00 6.98E+00 1.40E+01 3.49E+01 6.98E+01 1.05E+02
 1.40E+02 2.09E+02 3.49E+02 6.98E+02 1.40E+03 2.09E+03
 1.00E-74 1.00E-74 6.46E-44 2.66E-27 4.51E-19 3.27E-14 1.31E-12 4.44E-12
 8.01E-12 1.40E-11 2.06E-11 2.46E-11 2.38E-11 2.20E-11
 1.00E-74 1.00E-74 6.46E-44 2.66E-27 4.51E-19 3.27E-14 1.31E-12 4.44E-12
 8.01E-12 1.40E-11 2.06E-11 2.46E-11 2.38E-11 2.20E-11
 1.00E-74 1.00E-74 6.46E-44 2.66E-27 4.51E-19 3.27E-14 1.31E-12 4.44E-12
 8.01E-12 1.40E-11 2.06E-11 2.46E-11 2.38E-11 2.20E-11
 1.00E-74 1.00E-74 6.46E-44 2.66E-27 4.51E-19 3.27E-14 1.31E-12 4.44E-12
 8.01E-12 1.40E-11 2.06E-11 2.46E-11 2.38E-11 2.20E-11
 1.00E-74 1.00E-74 6.44E-44 2.66E-27 4.50E-19 3.27E-14 1.31E-12 4.44E-12
 8.01E-12 1.40E-11 2.06E-11 2.46E-11 2.38E-11 2.20E-11
 1.00E-74 1.00E-74 6.31E-44 2.62E-27 4.45E-19 3.25E-14 1.31E-12 4.43E-12
 8.00E-12 1.40E-11 2.06E-11 2.46E-11 2.38E-11 2.20E-11
 1.00E-74 1.00E-74 5.23E-44 2.28E-27 4.02E-19 3.04E-14 1.26E-12 4.33E-12
 7.88E-12 1.39E-11 2.04E-11 2.45E-11 2.37E-11 2.20E-11
  690.505    7  14 /pl=01:ss= 8:pb= 1:sz= 8/type=excit/ispb = t/isel =   42
 1.00E+10 1.00E+11 1.00E+12 1.00E+13 1.00E+14 1.00E+15 1.00E+16
 1.40E+00 2.09E+00 3.49E+00 6.98E+00 1.40E+01 3.49E+01 6.98E+01 1.05E+02
 1.40E+02 2.09E+02 3.49E+02 6.98E+02 1.40E+03 2.09E+03
 1.00E-74 1.00E-74 3.12E-45 1.78E-28 3.82E-20 4.18E-15 2.47E-13 9.88E-13
 1.95E-12 3.73E-12 5.93E-12 7.67E-12 7.95E-12 7.70E-12
 1.00E-74 1.00E-74 3.20E-45 1.78E-28 3.82E-20 4.18E-15 2.47E-13 9.88E-13
 1.95E-12 3.73E-12 5.93E-12 7.67E-12 7.95E-12 7.70E-12
 1.00E-74 1.00E-74 3.20E-45 1.78E-28 3.82E-20 4.18E-15 2.47E-13 9.88E-13
 1.95E-12 3.73E-12 5.93E-12 7.67E-12 7.96E-12 7.70E-12
 1.00E-74 1.00E-74 3.20E-45 1.78E-28 3.82E-20 4.18E-15 2.47E-13 9.88E-13
 1.95E-12 3.73E-12 5.93E-12 7.67E-12 7.96E-12 7.70E-12
 1.00E-74 1.00E-74 3.19E-45 1.78E-28 3.82E-20 4.19E-15 2.48E-13 9.89E-13
 1.95E-12 3.73E-12 5.93E-12 7.68E-12 7.96E-12 7.70E-12
 1.00E-74 1.00E-74 3.16E-45 1.78E-28 3.83E-20 4.22E-15 2.50E-13 9.97E-13
 1.97E-12 3.76E-12 5.96E-12 7.71E-12 7.98E-12 7.71E-12
 1.00E-74 1.00E-74 2.90E-45 1.71E-28 3.90E-20 4.48E-15 2.66E-13 1.06E-12
 2.08E-12 3.94E-12 6.20E-12 7.94E-12 8.15E-12 7.84E-12
  690.831    7  14 /pl=01:ss= 8:pb= 1:sz= 8/type=excit/ispb = t/isel =   43
 1.00E+10 1.00E+11 1.00E+12 1.00E+13 1.00E+14 1.00E+15 1.00E+16
 1.40E+00 2.09E+00 3.49E+00 6.98E+00 1.40E+01 3.49E+01 6.98E+01 1.05E+02
 1.40E+02 2.09E+02 3.49E+02 6.98E+02 1.40E+03 2.09E+03
 1.00E-74 1.00E-74 3.13E-45 1.26E-28 2.60E-20 3.43E-15 2.36E-13 9.88E-13
 2.00E-12 3.90E-12 6.30E-12 8.26E-12 8.66E-12 8.43E-12
 1.00E-74 1.00E-74 3.08E-45 1.26E-28 2.60E-20 3.43E-15 2.36E-13 9.88E-13
 2.00E-12 3.90E-12 6.30E-12 8.26E-12 8.66E-12 8.43E-12
 1.00E-74 1.00E-74 3.08E-45 1.26E-28 2.60E-20 3.43E-15 2.36E-13 9.88E-13
 2.00E-12 3.90E-12 6.30E-12 8.26E-12 8.66E-12 8.43E-12
 1.00E-74 1.00E-74 3.08E-45 1.26E-28 2.60E-20 3.43E-15 2.36E-13 9.89E-13
 2.00E-12 3.90E-12 6.30E-12 8.26E-12 8.66E-12 8.43E-12
 1.00E-74 1.00E-74 3.07E-45 1.26E-28 2.60E-20 3.43E-15 2.36E-13 9.90E-13
 2.00E-12 3.90E-12 6.31E-12 8.26E-12 8.66E-12 8.43E-12
 1.00E-74 1.00E-74 3.06E-45 1.27E-28 2.64E-20 3.49E-15 2.39E-13 1.00E-12
 2.02E-12 3.94E-12 6.35E-12 8.31E-12 8.69E-12 8.46E-12
 1.00E-74 1.00E-74 2.91E-45 1.32E-28 2.94E-20 3.92E-15 2.63E-13 1.09E-12
 2.18E-12 4.20E-12 6.70E-12 8.64E-12 8.94E-12 8.65E-12
  692.276    7  14 /pl=01:ss= 8:pb= 1:sz= 8/type=excit/ispb = t/isel =   44
 1.00E+10 1.00E+11 1.00E+12 1.00E+13 1.00E+14 1.00E+15 1.00E+16
 1.40E+00 2.09E+00 3.49E+00 6.98E+00 1.40E+01 3.49E+01 6.98E+01 1.05E+02
 1.40E+02 2.09E+02 3.49E+02 6.98E+02 1.40E+03 2.09E+03
 1.00E-74 1.00E-74 1.97E-43 8.76E-27 1.51E-18 1.12E-13 4.73E-12 1.64E-11
 3.01E-11 5.38E-11 7.99E-11 9.67E-11 9.40E-11 8.75E-11
 1.00E-74 1.00E-74 1.97E-43 8.76E-27 1.51E-18 1.12E-13 4.73E-12 1.64E-11
 3.01E-11 5.38E-11 7.99E-11 9.67E-11 9.40E-11 8.75E-11
 1.00E-74 1.00E-74 1.97E-43 8.76E-27 1.51E-18 1.12E-13 4.73E-12 1.64E-11
 3.01E-11 5.38E-11 7.99E-11 9.67E-11 9.40E-11 8.75E-11
 1.00E-74 1.00E-74 1.97E-43 8.76E-27 1.51E-18 1.12E-13 4.73E-12 1.64E-11
 3.01E-11 5.38E-11 7.99E-11 9.67E-11 9.40E-11 8.75E-11
 1.00E-74 1.00E-74 1.97E-43 8.74E-27 1.51E-18 1.12E-13 4.73E-12 1.64E-11
 3.01E-11 5.37E-11 7.99E-11 9.67E-11 9.40E-11 8.75E-11
 1.00E-74 1.00E-74 1.92E-43 8.61E-27 1.49E-18 1.11E-13 4.72E-12 1.64E-11
 3.01E-11 5.37E-11 7.99E-11 9.67E-11 9.39E-11 8.75E-11
 1.00E-74 1.00E-74 1.58E-43 7.45E-27 1.34E-18 1.04E-13 4.56E-12 1.61E-11
 2.97E-11 5.33E-11 7.95E-11 9.63E-11 9.36E-11 8.72E-11
  692.431    7  14 /pl=01:ss= 8:pb= 1:sz= 8/type=excit/ispb = t/isel =   45
 1.00E+10 1.00E+11 1.00E+12 1.00E+13 1.00E+14 1.00E+15 1.00E+16
 1.40E+00 2.09E+00 3.49E+00 6.98E+00 1.40E+01 3.49E+01 6.98E+01 1.05E+02
 1.40E+02 2.09E+02 3.49E+02 6.98E+02 1.40E+03 2.09E+03
 1.00E-74 1.00E-74 6.58E-44 3.77E-27 7.60E-19 5.95E-14 2.28E-12 7.35E-12
 1.30E-11 2.18E-11 3.10E-11 3.61E-11 3.42E-11 3.15E-11
 1.00E-74 1.00E-74 6.59E-44 3.77E-27 7.60E-19 5.95E-14 2.28E-12 7.35E-12
 1.30E-11 2.18E-11 3.10E-11 3.61E-11 3.42E-11 3.15E-11
 1.00E-74 1.00E-74 6.59E-44 3.77E-27 7.60E-19 5.95E-14 2.28E-12 7.35E-12
 1.30E-11 2.18E-11 3.10E-11 3.61E-11 3.42E-11 3.15E-11
 1.00E-74 1.00E-74 6.59E-44 3.77E-27 7.60E-19 5.95E-14 2.28E-12 7.35E-12
 1.30E-11 2.18E-11 3.10E-11 3.61E-11 3.42E-11 3.15E-11
 1.00E-74 1.00E-74 6.58E-44 3.76E-27 7.59E-19 5.95E-14 2.28E-12 7.35E-12
 1.30E-11 2.18E-11 3.10E-11 3.61E-11 3.42E-11 3.15E-11
 1.00E-74 1.00E-74 6.46E-44 3.72E-27 7.53E-19 5.92E-14 2.27E-12 7.34E-12
 1.30E-11 2.18E-11 3.11E-11 3.61E-11 3.42E-11 3.15E-11
 1.00E-74 1.00E-74 5.51E-44 3.32E-27 6.96E-19 5.65E-14 2.22E-12 7.25E-12
 1.28E-11 2.17E-11 3.10E-11 3.61E-11 3.43E-11 3.16E-11
  692.746    7  14 /pl=01:ss= 8:pb= 1:sz= 8/type=excit/ispb = t/isel =   46
 1.00E+10 1.00E+11 1.00E+12 1.00E+13 1.00E+14 1.00E+15 1.00E+16
 1.40E+00 2.09E+00 3.49E+00 6.98E+00 1.40E+01 3.49E+01 6.98E+01 1.05E+02
 1.40E+02 2.09E+02 3.49E+02 6.98E+02 1.40E+03 2.09E+03
 1.00E-74 1.00E-74 7.53E-45 3.65E-28 7.14E-20 7.78E-15 4.72E-13 1.90E-12
 3.76E-12 7.21E-12 1.15E-11 1.48E-11 1.54E-11 1.49E-11
 1.00E-74 1.00E-74 7.61E-45 3.65E-28 7.14E-20 7.78E-15 4.72E-13 1.90E-12
 3.76E-12 7.21E-12 1.15E-11 1.48E-11 1.54E-11 1.49E-11
 1.00E-74 1.00E-74 7.62E-45 3.65E-28 7.14E-20 7.78E-15 4.72E-13 1.90E-12
 3.76E-12 7.21E-12 1.15E-11 1.48E-11 1.54E-11 1.49E-11
 1.00E-74 1.00E-74 7.62E-45 3.65E-28 7.14E-20 7.78E-15 4.72E-13 1.90E-12
 3.76E-12 7.21E-12 1.15E-11 1.48E-11 1.54E-11 1.49E-11
 1.00E-74 1.00E-74 7.61E-45 3.65E-28 7.15E-20 7.79E-15 4.73E-13 1.90E-12
 3.76E-12 7.21E-12 1.15E-11 1.48E-11 1.54E-11 1.49E-11
 1.00E-74 1.00E-74 7.55E-45 3.64E-28 7.18E-20 7.85E-15 4.76E-13 1.91E-12
 3.78E-12 7.24E-12 1.15E-11 1.49E-11 1.54E-11 1.49E-11
 1.00E-74 1.00E-74 6.98E-45 3.53E-28 7.40E-20 8.32E-15 4.99E-13 1.99E-12
 3.91E-12 7.45E-12 1.17E-11 1.51E-11 1.55E-11 1.50E-11
  716.818    7  14 /pl=01:ss= 8:pb= 1:sz= 8/type=excit/ispb = t/isel =   47
 1.00E+10 1.00E+11 1.00E+12 1.00E+13 1.00E+14 1.00E+15 1.00E+16
 1.40E+00 2.09E+00 3.49E+00 6.98E+00 1.40E+01 3.49E+01 6.98E+01 1.05E+02
 1.40E+02 2.09E+02 3.49E+02 6.98E+02 1.40E+03 2.09E+03
 1.00E-74 1.00E-74 7.87E-44 3.25E-27 5.50E-19 3.99E-14 1.60E-12 5.41E-12
 9.77E-12 1.71E-11 2.51E-11 3.00E-11 2.90E-11 2.69E-11
 1.00E-74 1.00E-74 7.87E-44 3.25E-27 5.50E-19 3.99E-14 1.60E-12 5.41E-12
 9.77E-12 1.71E-11 2.51E-11 3.00E-11 2.90E-11 2.69E-11
 1.00E-74 1.00E-74 7.87E-44 3.25E-27 5.50E-19 3.99E-14 1.60E-12 5.41E-12
 9.77E-12 1.71E-11 2.51E-11 3.00E-11 2.90E-11 2.69E-11
 1.00E-74 1.00E-74 7.87E-44 3.25E-27 5.50E-19 3.99E-14 1.60E-12 5.41E-12
 9.77E-12 1.71E-11 2.51E-11 3.00E-11 2.90E-11 2.69E-11
 1.00E-74 1.00E-74 7.85E-44 3.24E-27 5.49E-19 3.98E-14 1.60E-12 5.41E-12
 9.77E-12 1.71E-11 2.51E-11 3.00E-11 2.90E-11 2.69E-11
 1.00E-74 1.00E-74 7.69E-44 3.19E-27 5.43E-19 3.96E-14 1.60E-12 5.40E-12
 9.76E-12 1.71E-11 2.51E-11 3.00E-11 2.90E-11 2.69E-11
 1.00E-74 1.00E-74 6.37E-44 2.78E-27 4.90E-19 3.70E-14 1.54E-12 5.28E-12
 9.60E-12 1.69E-11 2.49E-11 2.99E-11 2.89E-11 2.68E-11
  716.964    7  14 /pl=01:ss= 8:pb= 1:sz= 8/type=excit/ispb = t/isel =   48
 1.00E+10 1.00E+11 1.00E+12 1.00E+13 1.00E+14 1.00E+15 1.00E+16
 1.40E+00 2.09E+00 3.49E+00 6.98E+00 1.40E+01 3.49E+01 6.98E+01 1.05E+02
 1.40E+02 2.09E+02 3.49E+02 6.98E+02 1.40E+03 2.09E+03
 1.00E-74 1.00E-74 2.65E-45 1.07E-28 2.20E-20 2.90E-15 1.99E-13 8.37E-13
 1.69E-12 3.30E-12 5.34E-12 6.99E-12 7.33E-12 7.14E-12
 1.00E-74 1.00E-74 2.60E-45 1.07E-28 2.20E-20 2.90E-15 1.99E-13 8.37E-13
 1.69E-12 3.30E-12 5.34E-12 6.99E-12 7.33E-12 7.14E-12
 1.00E-74 1.00E-74 2.60E-45 1.07E-28 2.20E-20 2.90E-15 1.99E-13 8.37E-13
 1.69E-12 3.30E-12 5.34E-12 6.99E-12 7.33E-12 7.14E-12
 1.00E-74 1.00E-74 2.60E-45 1.07E-28 2.20E-20 2.90E-15 2.00E-13 8.37E-13
 1.69E-12 3.30E-12 5.34E-12 6.99E-12 7.33E-12 7.14E-12
 1.00E-74 1.00E-74 2.60E-45 1.07E-28 2.21E-20 2.91E-15 2.00E-13 8.38E-13
 1.69E-12 3.30E-12 5.34E-12 7.00E-12 7.33E-12 7.14E-12
 1.00E-74 1.00E-74 2.59E-45 1.08E-28 2.24E-20 2.95E-15 2.02E-13 8.48E-13
 1.71E-12 3.33E-12 5.38E-12 7.03E-12 7.36E-12 7.16E-12
 1.00E-74 1.00E-74 2.46E-45 1.12E-28 2.49E-20 3.32E-15 2.23E-13 9.21E-13
 1.84E-12 3.56E-12 5.67E-12 7.32E-12 7.57E-12 7.33E-12
  771.476    7  14 /pl=01:ss= 8:pb= 1:sz= 8/type=excit/ispb = t/isel =   49
 1.00E+10 1.00E+11 1.00E+12 1.00E+13 1.00E+14 1.00E+15 1.00E+16
 1.40E+00 2.09E+00 3.49E+00 6.98E+00 1.40E+01 3.49E+01 6.98E+01 1.05E+02
 1.40E+02 2.09E+02 3.49E+02 6.98E+02 1.40E+03 2.09E+03
 1.00E-74 1.00E-74 9.38E-44 3.19E-27 4.86E-19 3.45E-14 1.46E-12 5.09E-12
 9.36E-12 1.66E-11 2.49E-11 3.02E-11 2.95E-11 2.76E-11
 1.00E-74 1.00E-74 9.38E-44 3.19E-27 4.86E-19 3.45E-14 1.46E-12 5.09E-12
 9.36E-12 1.66E-11 2.49E-11 3.02E-11 2.95E-11 2.76E-11
 1.00E-74 1.00E-74 9.38E-44 3.19E-27 4.86E-19 3.45E-14 1.46E-12 5.09E-12
 9.36E-12 1.66E-11 2.49E-11 3.02E-11 2.95E-11 2.76E-11
 1.00E-74 1.00E-74 9.38E-44 3.19E-27 4.86E-19 3.45E-14 1.46E-12 5.09E-12
 9.36E-12 1.66E-11 2.49E-11 3.02E-11 2.95E-11 2.76E-11
 1.00E-74 1.00E-74 9.35E-44 3.18E-27 4.85E-19 3.45E-14 1.46E-12 5.08E-12
 9.36E-12 1.66E-11 2.48E-11 3.02E-11 2.95E-11 2.76E-11
 1.00E-74 1.00E-74 9.05E-44 3.11E-27 4.77E-19 3.41E-14 1.45E-12 5.05E-12
 9.31E-12 1.66E-11 2.47E-11 3.01E-11 2.94E-11 2.75E-11
 1.00E-74 1.00E-74 6.88E-44 2.53E-27 4.06E-19 3.04E-14 1.34E-12 4.75E-12
 8.82E-12 1.58E-11 2.38E-11 2.91E-11 2.86E-11 2.68E-11
  805.418    7  14 /pl=01:ss= 8:pb= 1:sz= 8/type=excit/ispb = t/isel =   50
 1.00E+10 1.00E+11 1.00E+12 1.00E+13 1.00E+14 1.00E+15 1.00E+16
 1.40E+00 2.09E+00 3.49E+00 6.98E+00 1.40E+01 3.49E+01 6.98E+01 1.05E+02
 1.40E+02 2.09E+02 3.49E+02 6.98E+02 1.40E+03 2.09E+03
 1.00E-74 1.00E-74 1.79E-44 6.08E-28 9.27E-20 6.58E-15 2.78E-13 9.69E-13
 1.78E-12 3.17E-12 4.74E-12 5.75E-12 5.63E-12 5.26E-12
 1.00E-74 1.00E-74 1.79E-44 6.08E-28 9.27E-20 6.58E-15 2.78E-13 9.69E-13
 1.78E-12 3.17E-12 4.74E-12 5.75E-12 5.63E-12 5.26E-12
 1.00E-74 1.00E-74 1.79E-44 6.08E-28 9.27E-20 6.58E-15 2.78E-13 9.69E-13
 1.78E-12 3.17E-12 4.74E-12 5.75E-12 5.63E-12 5.26E-12
 1.00E-74 1.00E-74 1.79E-44 6.08E-28 9.26E-20 6.58E-15 2.78E-13 9.69E-13
 1.78E-12 3.17E-12 4.74E-12 5.75E-12 5.63E-12 5.26E-12
 1.00E-74 1.00E-74 1.78E-44 6.06E-28 9.25E-20 6.57E-15 2.78E-13 9.69E-13
 1.78E-12 3.17E-12 4.73E-12 5.75E-12 5.63E-12 5.26E-12
 1.00E-74 1.00E-74 1.72E-44 5.92E-28 9.08E-20 6.49E-15 2.76E-13 9.63E-13
 1.77E-12 3.16E-12 4.72E-12 5.73E-12 5.61E-12 5.25E-12
 1.00E-74 1.00E-74 1.31E-44 4.82E-28 7.75E-20 5.80E-15 2.56E-13 9.05E-13
 1.68E-12 3.01E-12 4.53E-12 5.54E-12 5.45E-12 5.12E-12
c-------------------------------------------------------------------------------
 
C  root partition information
C  ==========================
C
C  nuclear charge : 18
C  ion charge+1   :  9
C
C  population calculation information
C  ----------------------------------
C
C  population processing code: adas810
C
C  adf04 source file    : adf04_copmm#18_ic_40#ar8.dat
C  adf18/a17_p208 file  : NULL
C
C  meta. ion. coeff. selector  : 
 
C  options  : lnorm =T  lpsel =F  lzsel =T  liosel=F
C           : lhsel =F  lrsel =F  lisel =F  lnsel =F
 
C  energy levels
C  -------------
C
C   lv      configuration    (2S+1)L(w-1/2)      energy (cm^-1)
C  ---   ------------------- --------------      --------------
c    1   22563                  (1)0(  0.0)             0.0
c    2   22553514               (3)1(  2.0)       2024876.2
c    3   22553514               (3)1(  1.0)       2030338.7
c    4   22553514               (3)1(  0.0)       2041869.6
c    5   22553514               (1)1(  1.0)       2047145.7
c    6   22553515               (3)0(  1.0)       2154497.8
c    7   22553515               (3)2(  3.0)       2169327.3
c    8   22553515               (3)2(  2.0)       2169844.2
c    9   22553515               (1)1(  1.0)       2174691.8
c   10   22553515               (3)1(  2.0)       2178496.2
c   11   22553515               (3)2(  1.0)       2186622.7
c   12   22553515               (3)1(  0.0)       2187856.8
c   13   22553515               (1)2(  2.0)       2191564.5
c   14   22553515               (3)1(  1.0)       2191967.2
c   15   22553515               (1)0(  0.0)       2250977.3
c   16   22553516               (3)1(  0.0)       2350798.2
c   17   22553516               (3)1(  1.0)       2352617.5
c   18   22553516               (3)1(  2.0)       2356258.8
c   19   22553516               (3)3(  4.0)       2358463.1
c   20   22553516               (3)3(  3.0)       2360925.7
c   21   22553516               (3)3(  2.0)       2365103.9
c   22   22553516               (3)2(  3.0)       2367935.6
c   23   22553516               (3)2(  1.0)       2376508.0
c   24   22553516               (1)2(  2.0)       2379345.9
c   25   22553516               (3)2(  2.0)       2381376.9
c   26   22553516               (1)3(  3.0)       2381592.7
c   27   22553516               (1)1(  1.0)       2403601.4
c   28   12563514               (3)0(  1.0)       2653370.6
c   29   12563514               (1)0(  0.0)       2676925.0
c   30   22553517               (3)1(  2.0)       2701026.9
c   31   22553517               (1)1(  1.0)       2703433.0
c   32   22553517               (3)1(  0.0)       2717952.7
c   33   22553517               (3)1(  1.0)       2719547.4
c   34   22553518               (3)0(  1.0)       2754670.0
c   35   22553518               (3)2(  3.0)       2756634.4
c   36   22553518               (3)2(  2.0)       2756899.0
c   37   22553518               (1)1(  1.0)       2758863.8
c   38   22553518               (3)1(  2.0)       2759873.6
c   39   22553518               (3)1(  0.0)       2768289.6
c   40   22553518               (3)2(  1.0)       2773385.3
c   41   22553518               (3)1(  1.0)       2775343.3
c   42   22553518               (1)2(  2.0)       2775346.2
c   43   22553518               (1)0(  0.0)       2793133.2
c   44   12563515               (3)1(  0.0)       2796745.6
c   45   12563515               (3)1(  1.0)       2797445.1
c   46   12563515               (3)1(  2.0)       2799462.0
c   47   12563515               (1)1(  1.0)       2805617.9
c   48   22553519               (3)1(  0.0)       2822913.6
c   49   22553519               (3)1(  1.0)       2823897.7
c   50   22553519               (3)3(  4.0)       2824910.0
c   51   22553519               (3)1(  2.0)       2825492.4
c   52   22553519               (3)3(  3.0)       2826063.8
c   53   22553519               (1)2(  2.0)       2827737.0
c   54   22553519               (3)2(  3.0)       2828541.1
c   55   22553519               (3)2(  1.0)       2834631.2
c   56   22553519               (3)3(  2.0)       2842955.6
c   57   22553519               (3)2(  2.0)       2843519.8
c   58   22553519               (1)3(  3.0)       2844067.4
c   59   22553519               (1)1(  1.0)       2852331.7
c   60   2255351B               (3)1(  2.0)       2978748.8
c   61   2255351B               (1)1(  1.0)       2979687.2
c   62   12563516               (3)2(  1.0)       2984212.4
c   63   12563516               (3)2(  2.0)       2984250.1
c   64   12563516               (3)2(  3.0)       2984326.6
c   65   2255351B               (3)1(  0.0)       2995849.4
c   66   12563516               (1)2(  2.0)       2996111.2
c   67   2255351B               (3)1(  1.0)       2996357.6
c   68   2255351C               (3)0(  1.0)       3003838.6
c   69   2255351C               (3)2(  3.0)       3005806.9
c   70   2255351C               (3)2(  2.0)       3005911.7
c   71   2255351C               (1)1(  1.0)       3006357.1
c   72   2255351C               (3)1(  2.0)       3007011.1
c   73   2255351C               (3)1(  0.0)       3012676.3
c   74   2255351C               (3)2(  1.0)       3022360.4
c   75   2255351C               (3)1(  1.0)       3022828.1
c   76   2255351C               (1)2(  2.0)       3023338.4
c   77   2255351C               (1)0(  0.0)       3029482.4
c   78   2255351D               (3)1(  0.0)       3036623.3
c   79   2255351D               (3)1(  1.0)       3037201.6
c   80   2255351D               (3)3(  4.0)       3037806.2
c   81   2255351D               (3)1(  2.0)       3038070.2
c   82   2255351D               (3)3(  3.0)       3038403.0
c   83   2255351D               (1)2(  2.0)       3039198.3
c   84   2255351D               (3)2(  3.0)       3039559.7
c   85   2255351D               (3)2(  1.0)       3043233.3
c   86   2255351D               (3)3(  2.0)       3055320.1
c   87   2255351D               (3)2(  2.0)       3055462.1
c   88   2255351D               (1)3(  3.0)       3055882.1
c   89   2255351D               (1)1(  1.0)       3059209.1
c   90   2255351G               (3)1(  2.0)       3119317.8
c   91   2255351G               (1)1(  1.0)       3119862.4
c   92   2255351H               (3)0(  1.0)       3133360.8
c   93   2255351H               (3)2(  3.0)       3134175.5
c   94   2255351H               (3)2(  2.0)       3134231.3
c   95   2255351H               (1)1(  1.0)       3134690.9
c   96   2255351H               (3)1(  2.0)       3134942.6
c   97   2255351G               (3)1(  0.0)       3136437.3
c   98   2255351G               (3)1(  1.0)       3136713.6
c   99   2255351H               (3)1(  0.0)       3138940.1
c  100   2255351H               (3)2(  1.0)       3151141.8
c  101   2255351H               (3)1(  1.0)       3151445.2
c  102   2255351I               (3)1(  0.0)       3151607.5
c  103   2255351H               (1)2(  2.0)       3151671.0
c  104   2255351I               (3)1(  1.0)       3151954.4
c  105   2255351I               (3)3(  4.0)       3152252.7
c  106   2255351I               (3)1(  2.0)       3152439.5
c  107   2255351I               (3)3(  3.0)       3152596.1
c  108   2255351I               (1)2(  2.0)       3153035.2
c  109   2255351I               (3)2(  3.0)       3153232.4
c  110   2255351H               (1)0(  0.0)       3154749.0
c  111   2255351I               (1)1(  1.0)       3155609.9
c  112   2255351I               (3)3(  2.0)       3169587.4
c  113   2255351I               (3)2(  2.0)       3169649.8
c  114   2255351I               (1)3(  3.0)       3169906.6
c  115   2255351I               (3)2(  1.0)       3171666.3
c  116   2255351M               (3)1(  2.0)       3200505.0
c  117   2255351M               (1)1(  1.0)       3200847.8
c  118   2255351N               (3)0(  1.0)       3209132.7
c  119   2255351N               (3)2(  3.0)       3209618.8
c  120   2255351N               (3)2(  2.0)       3209653.5
c  121   2255351N               (1)1(  1.0)       3209937.7
c  122   2255351N               (3)1(  2.0)       3210090.0
c  123   2255351N               (1)0(  0.0)       3212939.9
c  124   2255351M               (3)1(  0.0)       3217622.9
c  125   2255351M               (3)1(  1.0)       3217781.2
c  126   2255351O               (3)1(  0.0)       3220356.6
c  127   2255351O               (3)1(  1.0)       3220575.3
c  128   2255351O               (3)3(  4.0)       3220732.4
c  129   2255351O               (3)1(  2.0)       3220863.4
c  130   2255351O               (3)3(  3.0)       3220946.3
c  131   2255351O               (1)2(  2.0)       3221214.6
c  132   2255351O               (3)2(  3.0)       3221334.7
c  133   2255351O               (1)1(  1.0)       3223009.2
c  134   2255351N               (3)2(  1.0)       3226649.7
c  135   2255351N               (3)1(  1.0)       3226825.5
c  136   2255351N               (1)2(  2.0)       3226975.5
c  137   2255351N               (3)1(  0.0)       3228878.6
c  138   2255351O               (3)3(  2.0)       3237988.1
c  139   2255351O               (3)2(  2.0)       3238026.6
c  140   2255351O               (1)3(  3.0)       3238185.9
c  141   2255351O               (3)2(  1.0)       3239303.8
c  142   12563517               (3)0(  1.0)       3327279.5
c  143   12563517               (1)0(  0.0)       3334635.8
c  144   12563518               (3)1(  0.0)       3381270.5
c  145   12563518               (3)1(  1.0)       3381542.2
c  146   12563518               (3)1(  2.0)       3382348.9
c  147   12563518               (1)1(  1.0)       3384605.6
c  148   12563519               (3)2(  1.0)       3449269.1
c  149   12563519               (3)2(  2.0)       3449325.7
c  150   12563519               (3)2(  3.0)       3449413.5
c  151   12563519               (1)2(  2.0)       3454265.6
c  152   1256351B               (3)0(  1.0)       3602809.6
c  153   1256351B               (1)0(  0.0)       3606256.8
c  154   1256351C               (3)1(  0.0)       3629044.0
c  155   1256351C               (3)1(  1.0)       3629175.8
c  156   1256351C               (3)1(  2.0)       3629571.1
c  157   1256351C               (1)1(  1.0)       3630633.0
c  158   1256351D               (3)2(  1.0)       3661615.0
c  159   1256351D               (3)2(  2.0)       3661644.6
c  160   1256351D               (3)2(  3.0)       3661690.5
c  161   1256351D               (1)2(  2.0)       3664100.3
c  162   1256351G               (3)0(  1.0)       3743038.7
c  163   1256351G               (1)0(  0.0)       3744939.1
c  164   1256351H               (3)1(  0.0)       3757683.5
c  165   1256351H               (3)1(  1.0)       3757757.2
c  166   1256351H               (3)1(  2.0)       3757979.2
c  167   1256351H               (1)1(  1.0)       3758567.1
c  168   1256351I               (3)2(  1.0)       3775838.6
c  169   1256351I               (3)2(  2.0)       3775855.8
c  170   1256351I               (3)2(  3.0)       3775882.5
c  171   1256351I               (1)2(  2.0)       3777257.9
 
 
 
c-------------------------------------------------------------------------------
 
C  superstage partition information
C  ================================
C
C  element symbol   : AR
C  parent template  : 
C  partition level  :  1
C  superstage label :  8
C
C  tabulation       : photon emissivity coefft (te,ne)
C  units            : ph. emis coef(cm^3 s^-1); te (ev); ne (cm^-3)
C
C  photon emissivity atomic transitions
C  ------------------------------------
C  
C   isel  wvlen(A)            transition                type  ispb nspb
C                                                             ispp nspp sz    tg pr wr
C  ----- ---------- ----------------------------------- ----- ---- ---- --    -- -- --
C      1   27.5434  157(1)1(  1.0)-  1(1)0(  0.0)       excit   1    1   8    63 42  1
C      2   29.5455  147(1)1(  1.0)-  1(1)0(  0.0)       excit   1    1   8    58 28  2
C      3   30.8708  141(3)2(  1.0)-  1(1)0(  0.0)       excit   1    1   8    55 27  3
C      4   31.0269  133(1)1(  1.0)-  1(1)0(  0.0)       excit   1    1   8    52 20  4
C      5   31.5292  115(3)2(  1.0)-  1(1)0(  0.0)       excit   1    1   8    45 18  5
C      6   31.6896  111(1)1(  1.0)-  1(1)0(  0.0)       excit   1    1   8    44 14  6
C      7   32.6882   89(1)1(  1.0)-  1(1)0(  0.0)       excit   1    1   8    35 11  7
C      8   32.8598   85(3)2(  1.0)-  1(1)0(  0.0)       excit   1    1   8    34 13  8
C      9   33.3766   66(1)2(  2.0)-  1(1)0(  0.0)       excit   1    1   8    26 41  9
C     10   35.0590   59(1)1(  1.0)-  1(1)0(  0.0)       excit   1    1   8    23  5 10
C     11   35.2780   55(3)2(  1.0)-  1(1)0(  0.0)       excit   1    1   8    22 12 11
C     12   35.6428   47(1)1(  1.0)-  1(1)0(  0.0)       excit   1    1   8    20  4 12
C     13   36.7708   33(3)1(  1.0)-  1(1)0(  0.0)       excit   1    1   8    13 37 13
C     14   36.9900   31(1)1(  1.0)-  1(1)0(  0.0)       excit   1    1   8    12 34 14
C     15   41.6042   27(1)1(  1.0)-  1(1)0(  0.0)       excit   1    1   8    10  1 15
C     16   42.0785   23(3)2(  1.0)-  1(1)0(  0.0)       excit   1    1   8     9  7 16
C     17   48.8485    5(1)1(  1.0)-  1(1)0(  0.0)       excit   1    1   8     2  2 17
C     18   49.2529    3(3)1(  1.0)-  1(1)0(  0.0)       excit   1    1   8     1  3 18
C     19   101.798   77(1)0(  0.0)-  5(1)1(  1.0)       excit   1    1   8   495 35 19
C     20   103.544   66(1)2(  2.0)-  3(3)1(  1.0)       excit   1    1   8   277 44 20
C     21   134.051   43(1)0(  0.0)-  5(1)1(  1.0)       excit   1    1   8   467 19 21
C     22   135.510   39(3)1(  0.0)-  3(3)1(  1.0)       excit   1    1   8   255 48 22
C     23   154.167  151(1)2(  2.0)- 47(1)1(  1.0)       excit   1    1   8  5007 23 23
C     24   154.658   29(1)0(  0.0)-  3(3)1(  1.0)       excit   1    1   8   247 32 24
C     25   158.786   29(1)0(  0.0)-  5(1)1(  1.0)       excit   1    1   8   455 26 25
C     26   159.775   77(1)0(  0.0)- 27(1)1(  1.0)       excit   1    1   8  3006 49 26
C     27   168.774   66(1)2(  2.0)- 27(1)1(  1.0)       excit   1    1   8  2996 46 27
C     28   189.030  143(1)0(  0.0)- 47(1)1(  1.0)       excit   1    1   8  5001 29 28
C     29   256.718   43(1)0(  0.0)- 27(1)1(  1.0)       excit   1    1   8  2978 17 29
C     30   365.867   29(1)0(  0.0)- 27(1)1(  1.0)       excit   1    1   8  2966 30 30
C     31   453.230   15(1)0(  0.0)-  3(3)1(  1.0)       excit   1    1   8   235  9 31
C     32   490.601   15(1)0(  0.0)-  5(1)1(  1.0)       excit   1    1   8   443  6 32
C     33   524.953   66(1)2(  2.0)- 47(1)1(  1.0)       excit   1    1   8  4935 10 33
C     34   527.873   22(3)2(  3.0)- 10(3)1(  2.0)       excit   1    1   8  1093 47 34
C     35   528.721   19(3)3(  4.0)-  7(3)2(  3.0)       excit   1    1   8   712 50 35
C     36   564.491   77(1)0(  0.0)- 59(1)1(  1.0)       excit   1    1   8  6000 45 36
C     37   634.848   12(3)1(  0.0)-  3(3)1(  1.0)       excit   1    1   8   232 33 37
C     38   650.957   10(3)1(  2.0)-  2(3)1(  2.0)       excit   1    1   8    78 15 38
C     39   666.233   14(3)1(  1.0)-  4(3)1(  0.0)       excit   1    1   8   369 39 39
C     40   674.957   10(3)1(  2.0)-  3(3)1(  1.0)       excit   1    1   8   230 24 40
C     41   689.807    8(3)2(  2.0)-  2(3)1(  2.0)       excit   1    1   8    76 25 41
C     42   690.505   14(3)1(  1.0)-  5(1)1(  1.0)       excit   1    1   8   442 38 42
C     43   690.831   11(3)2(  1.0)-  4(3)1(  0.0)       excit   1    1   8   368 36 43
C     44   692.276    7(3)2(  3.0)-  2(3)1(  2.0)       excit   1    1   8    75  8 44
C     45   692.431   13(1)2(  2.0)-  5(1)1(  1.0)       excit   1    1   8   441 16 45
C     46   692.746    9(1)1(  1.0)-  3(3)1(  1.0)       excit   1    1   8   229 31 46
C     47   716.818    8(3)2(  2.0)-  3(3)1(  1.0)       excit   1    1   8   228 22 47
C     48   716.964   11(3)2(  1.0)-  5(1)1(  1.0)       excit   1    1   8   439 40 48
C     49   771.476    6(3)0(  1.0)-  2(3)1(  2.0)       excit   1    1   8    74 21 49
C     50   805.418    6(3)0(  1.0)-  3(3)1(  1.0)       excit   1    1   8   227 43 50
c-------------------------------------------------------------------------------
                                                                                
C  code     : adas810
C  producer : Adam Foster
C  date     : 13/05/09
                                                                                
c-------------------------------------------------------------------------------
